_id,DATE,PHU_num,PHU_name,percent_positive_7d_avg,test_volumes_7d_avg,tests_per_1000_7d_avg,percent_complete_nextday_7d_avg,percent_complete_2days_7d_avg
1,2023-10-19,2237,City of Hamilton Health Unit,0.1904,116.0,0.2,0.9167,0.9698
2,2023-10-19,5183,Huron Perth Health Unit,0.196,28.0,0.2,0.6354,0.884
3,2023-10-19,2241,"Kingston, Frontenac and Lennox and Addington Health Unit",0.1372,54.0,0.25,0.9193,0.9878
4,2023-10-19,2266,Wellington-Dufferin-Guelph Health Unit,0.1753,42.0,0.13,0.7534,0.9281
5,2023-10-19,2270,York Regional Health Unit,0.149,164.0,0.13,0.8726,0.9645
6,2023-10-19,2233,Grey Bruce Health Unit,0.1969,28.0,0.16,0.6486,0.8919
7,2023-10-19,2235,"Haliburton, Kawartha, Pine Ridge District Health Unit",0.1695,50.0,0.26,0.9277,0.9819
8,2023-10-19,3895,City of Toronto Health Unit,0.1458,581.0,0.19,0.8893,0.9687
9,2023-10-19,2260,Simcoe Muskoka District Health Unit,0.1629,89.0,0.15,0.8561,0.9432
10,2023-10-19,2247,North Bay Parry Sound District Health Unit,0.1255,35.0,0.27,0.9595,0.9919
11,2023-10-19,2226,District of Algoma Health Unit,0.15,31.0,0.27,0.9589,0.9909
12,2023-10-19,4913,Southwestern Public Health,0.1894,38.0,0.18,0.7769,0.9482
13,2023-10-19,2262,Thunder Bay District Health Unit,0.1855,39.0,0.26,0.9117,0.9753
14,2023-10-19,2251,City of Ottawa Health Unit,0.1866,151.0,0.14,0.9286,0.9807
15,2023-10-19,2253,Peel Regional Health Unit,0.115,210.0,0.13,0.9268,0.9715
16,2023-10-19,2230,Durham Regional Health Unit,0.2236,92.0,0.13,0.7984,0.9317
17,2023-10-19,2261,Sudbury and District Health Unit,0.1576,92.0,0.46,0.9498,0.9953
18,2023-10-19,2243,"Leeds, Grenville and Lanark District Health Unit",0.1361,21.0,0.12,0.8553,0.9937
19,2023-10-19,2238,Hastings and Prince Edward Counties Health Unit,0.1985,19.0,0.11,0.5767,0.9325
20,2023-10-19,2256,Porcupine Health Unit,0.1057,18.0,0.21,0.876,0.9256
21,2023-10-19,2246,Niagara Regional Area Health Unit,0.1203,83.0,0.18,0.8156,0.9635
22,2023-10-19,2234,Haldimand-Norfolk Health Unit,0.2989,12.0,0.11,0.7647,0.9647
23,2023-10-19,2242,Lambton Health Unit,0.2,12.0,0.09,0.6548,0.9524
24,2023-10-19,2249,Northwestern Health Unit,0.2212,15.0,0.17,0.8,0.856
25,2023-10-19,2258,Eastern Ontario Health Unit,0.3169,52.0,0.25,0.933,0.9839
26,2023-10-19,2255,Peterborough County-City Health Unit,0.1134,42.0,0.28,0.9785,0.9892
27,2023-10-19,2240,Chatham-Kent Health Unit,0.2449,21.0,0.2,0.7453,0.934
28,2023-10-19,2268,Windsor-Essex County Health Unit,0.2614,47.0,0.11,0.837,0.9655
29,2023-10-19,2263,Timiskaming Health Unit,0.0,3.0,0.09,0.9524,1.0
30,2023-10-19,2257,Renfrew County and District Health Unit,0.1,16.0,0.14,0.8725,0.9706
31,2023-10-19,2227,Brant County Health Unit,0.149,30.0,0.19,0.9306,0.9907
32,2023-10-19,2236,Halton Regional Health Unit,0.1382,61.0,0.1,0.7517,0.8561
33,2023-10-19,35,Ontario,0.1651,2526.0,0.17,0.8668,0.9606
34,2023-10-19,2265,Waterloo Health Unit,0.2441,79.0,0.14,0.6435,0.8879
35,2023-10-19,2244,Middlesex-London Health Unit,0.2175,88.0,0.17,0.8128,0.9663
36,2023-10-18,2226,District of Algoma Health Unit,0.1698,30.0,0.26,0.9455,0.9851
37,2023-10-18,2234,Haldimand-Norfolk Health Unit,0.2386,13.0,0.11,0.7875,0.975
38,2023-10-18,2246,Niagara Regional Area Health Unit,0.1168,84.0,0.18,0.7964,0.956
39,2023-10-18,2258,Eastern Ontario Health Unit,0.2973,53.0,0.25,0.9365,0.9834
40,2023-10-18,2260,Simcoe Muskoka District Health Unit,0.1582,81.0,0.14,0.8244,0.9313
41,2023-10-18,2238,Hastings and Prince Edward Counties Health Unit,0.1455,24.0,0.14,0.4875,0.9438
42,2023-10-18,2242,Lambton Health Unit,0.2,11.0,0.09,0.6429,0.9524
43,2023-10-18,2256,Porcupine Health Unit,0.1261,16.0,0.19,0.8365,0.9231
44,2023-10-18,3895,City of Toronto Health Unit,0.1426,585.0,0.19,0.8734,0.9646
45,2023-10-18,2240,Chatham-Kent Health Unit,0.211,16.0,0.15,0.7333,0.9143
46,2023-10-18,2243,"Leeds, Grenville and Lanark District Health Unit",0.1467,21.0,0.12,0.8411,0.9868
47,2023-10-18,2262,Thunder Bay District Health Unit,0.1799,41.0,0.28,0.919,0.9789
48,2023-10-18,2249,Northwestern Health Unit,0.2155,17.0,0.19,0.8333,0.8917
49,2023-10-18,2241,"Kingston, Frontenac and Lennox and Addington Health Unit",0.1407,57.0,0.27,0.9116,0.9848
50,2023-10-18,2236,Halton Regional Health Unit,0.132,58.0,0.09,0.7352,0.844
51,2023-10-18,2244,Middlesex-London Health Unit,0.2114,90.0,0.18,0.8137,0.9697
52,2023-10-18,2270,York Regional Health Unit,0.1391,163.0,0.13,0.8688,0.9597
53,2023-10-18,2253,Peel Regional Health Unit,0.1133,217.0,0.14,0.9252,0.9718
54,2023-10-18,2255,Peterborough County-City Health Unit,0.0985,39.0,0.26,0.9505,0.9859
55,2023-10-18,2266,Wellington-Dufferin-Guelph Health Unit,0.1667,43.0,0.14,0.7411,0.932
56,2023-10-18,35,Ontario,0.161,2514.0,0.17,0.8535,0.9561
57,2023-10-18,2247,North Bay Parry Sound District Health Unit,0.1261,33.0,0.25,0.9559,0.9912
58,2023-10-18,2237,City of Hamilton Health Unit,0.2,119.0,0.2,0.9049,0.9651
59,2023-10-18,2268,Windsor-Essex County Health Unit,0.2516,44.0,0.1,0.828,0.9586
60,2023-10-18,2235,"Haliburton, Kawartha, Pine Ridge District Health Unit",0.1538,46.0,0.25,0.9161,0.9774
61,2023-10-18,2251,City of Ottawa Health Unit,0.1839,151.0,0.14,0.9299,0.9817
62,2023-10-18,2227,Brant County Health Unit,0.1373,33.0,0.21,0.9163,0.9874
63,2023-10-18,2257,Renfrew County and District Health Unit,0.0952,15.0,0.14,0.7949,0.9658
64,2023-10-18,4913,Southwestern Public Health,0.1693,36.0,0.17,0.7387,0.9414
65,2023-10-18,2233,Grey Bruce Health Unit,0.2188,27.0,0.16,0.6741,0.8667
66,2023-10-18,2230,Durham Regional Health Unit,0.2079,87.0,0.12,0.7516,0.9045
67,2023-10-18,2261,Sudbury and District Health Unit,0.169,80.0,0.4,0.9411,0.9931
68,2023-10-18,2265,Waterloo Health Unit,0.2504,83.0,0.14,0.6252,0.8773
69,2023-10-18,2263,Timiskaming Health Unit,0.0,3.0,0.1,0.8966,1.0
70,2023-10-18,5183,Huron Perth Health Unit,0.1946,26.0,0.19,0.6294,0.8824
71,2023-10-17,35,Ontario,0.1581,2479.0,0.17,0.855,0.9486
72,2023-10-17,2258,Eastern Ontario Health Unit,0.2839,56.0,0.27,0.9477,0.9862
73,2023-10-17,2240,Chatham-Kent Health Unit,0.1923,15.0,0.14,0.7624,0.8812
74,2023-10-17,2251,City of Ottawa Health Unit,0.1643,150.0,0.14,0.9135,0.9772
75,2023-10-17,2230,Durham Regional Health Unit,0.2133,84.0,0.12,0.7714,0.9025
76,2023-10-17,2253,Peel Regional Health Unit,0.1193,214.0,0.13,0.9344,0.9695
77,2023-10-17,2237,City of Hamilton Health Unit,0.1811,119.0,0.2,0.9115,0.9621
78,2023-10-17,2266,Wellington-Dufferin-Guelph Health Unit,0.1747,42.0,0.13,0.7476,0.9094
79,2023-10-17,2257,Renfrew County and District Health Unit,0.0971,15.0,0.14,0.7692,0.9487
80,2023-10-17,2249,Northwestern Health Unit,0.2261,16.0,0.19,0.8125,0.8594
81,2023-10-17,2263,Timiskaming Health Unit,0.1481,4.0,0.12,0.8919,1.0
82,2023-10-17,2261,Sudbury and District Health Unit,0.1595,80.0,0.4,0.9217,0.9837
83,2023-10-17,2234,Haldimand-Norfolk Health Unit,0.2235,12.0,0.11,0.7952,0.9639
84,2023-10-17,2238,Hastings and Prince Edward Counties Health Unit,0.1477,21.0,0.13,0.5583,0.9509
85,2023-10-17,2255,Peterborough County-City Health Unit,0.1056,41.0,0.27,0.9437,0.9824
86,2023-10-17,2226,District of Algoma Health Unit,0.1414,27.0,0.24,0.9418,0.9735
87,2023-10-17,2256,Porcupine Health Unit,0.1456,15.0,0.18,0.8621,0.931
88,2023-10-17,2262,Thunder Bay District Health Unit,0.1769,40.0,0.26,0.8982,0.9614
89,2023-10-17,2270,York Regional Health Unit,0.1316,162.0,0.13,0.8808,0.9684
90,2023-10-17,2244,Middlesex-London Health Unit,0.2143,88.0,0.17,0.8354,0.9573
91,2023-10-17,5183,Huron Perth Health Unit,0.1732,26.0,0.18,0.5441,0.7353
92,2023-10-17,2246,Niagara Regional Area Health Unit,0.1244,85.0,0.18,0.7974,0.9657
93,2023-10-17,2260,Simcoe Muskoka District Health Unit,0.1581,78.0,0.13,0.8125,0.918
94,2023-10-17,2265,Waterloo Health Unit,0.2338,84.0,0.14,0.6158,0.867
95,2023-10-17,2235,"Haliburton, Kawartha, Pine Ridge District Health Unit",0.1258,44.0,0.23,0.9228,0.9743
96,2023-10-17,2233,Grey Bruce Health Unit,0.2069,25.0,0.15,0.6596,0.8085
97,2023-10-17,4913,Southwestern Public Health,0.1553,31.0,0.15,0.7406,0.9387
98,2023-10-17,2236,Halton Regional Health Unit,0.1108,55.0,0.09,0.7537,0.835
99,2023-10-17,2227,Brant County Health Unit,0.1272,33.0,0.21,0.9099,0.982
100,2023-10-17,2241,"Kingston, Frontenac and Lennox and Addington Health Unit",0.1403,56.0,0.26,0.9072,0.9751
101,2023-10-17,3895,City of Toronto Health Unit,0.1482,580.0,0.19,0.8752,0.9587
102,2023-10-17,2268,Windsor-Essex County Health Unit,0.229,44.0,0.1,0.8282,0.911
103,2023-10-17,2243,"Leeds, Grenville and Lanark District Health Unit",0.1753,22.0,0.13,0.8323,0.982
104,2023-10-17,2247,North Bay Parry Sound District Health Unit,0.1212,33.0,0.25,0.9668,0.9959
105,2023-10-17,2242,Lambton Health Unit,0.2143,12.0,0.09,0.6702,0.9362
106,2023-10-16,2263,Timiskaming Health Unit,0.1111,5.0,0.16,0.8824,1.0
107,2023-10-16,2234,Haldimand-Norfolk Health Unit,0.2151,13.0,0.12,0.8235,0.9706
108,2023-10-16,2244,Middlesex-London Health Unit,0.1972,93.0,0.18,0.8344,0.9562
109,2023-10-16,2266,Wellington-Dufferin-Guelph Health Unit,0.1561,45.0,0.14,0.7543,0.9181
110,2023-10-16,2260,Simcoe Muskoka District Health Unit,0.154,79.0,0.13,0.8122,0.9262
111,2023-10-16,2237,City of Hamilton Health Unit,0.1885,121.0,0.2,0.9062,0.9593
112,2023-10-16,2258,Eastern Ontario Health Unit,0.264,51.0,0.24,0.9385,0.9846
113,2023-10-16,2256,Porcupine Health Unit,0.1481,15.0,0.18,0.8835,0.9903
114,2023-10-16,2247,North Bay Parry Sound District Health Unit,0.1121,33.0,0.26,0.9685,0.9955
115,2023-10-16,2238,Hastings and Prince Edward Counties Health Unit,0.157,25.0,0.15,0.5484,0.9613
116,2023-10-16,5183,Huron Perth Health Unit,0.1782,25.0,0.18,0.5568,0.7243
117,2023-10-16,2270,York Regional Health Unit,0.1348,161.0,0.13,0.8712,0.9694
118,2023-10-16,2242,Lambton Health Unit,0.1868,13.0,0.1,0.6889,0.9556
119,2023-10-16,2233,Grey Bruce Health Unit,0.1939,24.0,0.14,0.651,0.8188
120,2023-10-16,4913,Southwestern Public Health,0.1667,30.0,0.14,0.7418,0.939
121,2023-10-16,2240,Chatham-Kent Health Unit,0.1818,14.0,0.13,0.7647,0.9059
122,2023-10-16,2230,Durham Regional Health Unit,0.1984,88.0,0.12,0.7637,0.8904
123,2023-10-16,2262,Thunder Bay District Health Unit,0.1613,40.0,0.27,0.8834,0.947
124,2023-10-16,2235,"Haliburton, Kawartha, Pine Ridge District Health Unit",0.1208,43.0,0.23,0.9223,0.9764
125,2023-10-16,2241,"Kingston, Frontenac and Lennox and Addington Health Unit",0.1466,60.0,0.28,0.9077,0.9776
126,2023-10-16,2243,"Leeds, Grenville and Lanark District Health Unit",0.1731,22.0,0.13,0.8133,0.9699
127,2023-10-16,2227,Brant County Health Unit,0.1409,31.0,0.2,0.9274,0.9872
128,2023-10-16,2249,Northwestern Health Unit,0.2069,17.0,0.19,0.8205,0.8718
129,2023-10-16,2265,Waterloo Health Unit,0.2504,82.0,0.14,0.5769,0.8577
130,2023-10-16,2251,City of Ottawa Health Unit,0.162,153.0,0.14,0.9103,0.9797
131,2023-10-16,2255,Peterborough County-City Health Unit,0.1264,40.0,0.27,0.948,0.9851
132,2023-10-16,2246,Niagara Regional Area Health Unit,0.1311,87.0,0.18,0.7863,0.9617
133,2023-10-16,2257,Renfrew County and District Health Unit,0.1504,16.0,0.15,0.7946,0.9643
134,2023-10-16,3895,City of Toronto Health Unit,0.1481,590.0,0.19,0.8739,0.96
135,2023-10-16,2253,Peel Regional Health Unit,0.1225,218.0,0.14,0.9345,0.9704
136,2023-10-16,2236,Halton Regional Health Unit,0.1186,55.0,0.09,0.7186,0.804
137,2023-10-16,2261,Sudbury and District Health Unit,0.1506,84.0,0.42,0.9195,0.9845
138,2023-10-16,35,Ontario,0.1569,2518.0,0.17,0.8518,0.9489
139,2023-10-16,2226,District of Algoma Health Unit,0.1033,26.0,0.23,0.9399,0.9727
140,2023-10-16,2268,Windsor-Essex County Health Unit,0.2073,47.0,0.11,0.8405,0.9141
141,2023-10-15,2270,York Regional Health Unit,0.1222,152.0,0.12,0.8657,0.9748
142,2023-10-15,2235,"Haliburton, Kawartha, Pine Ridge District Health Unit",0.1111,41.0,0.22,0.921,0.9759
143,2023-10-15,2242,Lambton Health Unit,0.1932,13.0,0.1,0.7,0.95
144,2023-10-15,2253,Peel Regional Health Unit,0.1247,204.0,0.13,0.9375,0.9739
145,2023-10-15,2256,Porcupine Health Unit,0.1429,13.0,0.16,0.8675,0.988
146,2023-10-15,2244,Middlesex-London Health Unit,0.2013,86.0,0.17,0.8371,0.951
147,2023-10-15,2234,Haldimand-Norfolk Health Unit,0.1979,14.0,0.12,0.8182,0.9596
148,2023-10-15,2263,Timiskaming Health Unit,0.1212,5.0,0.14,0.871,1.0
149,2023-10-15,2247,North Bay Parry Sound District Health Unit,0.0841,31.0,0.24,0.9704,0.9951
150,2023-10-15,2266,Wellington-Dufferin-Guelph Health Unit,0.1497,42.0,0.13,0.7377,0.9049
151,2023-10-15,4913,Southwestern Public Health,0.2066,30.0,0.14,0.7346,0.9384
152,2023-10-15,2240,Chatham-Kent Health Unit,0.1765,12.0,0.11,0.7848,0.9241
153,2023-10-15,2237,City of Hamilton Health Unit,0.1914,113.0,0.19,0.9127,0.9651
154,2023-10-15,2257,Renfrew County and District Health Unit,0.1481,15.0,0.14,0.7925,0.9623
155,2023-10-15,2262,Thunder Bay District Health Unit,0.1538,39.0,0.26,0.8974,0.9487
156,2023-10-15,35,Ontario,0.1511,2383.0,0.16,0.8502,0.9495
157,2023-10-15,2230,Durham Regional Health Unit,0.1771,82.0,0.12,0.7611,0.8925
158,2023-10-15,2246,Niagara Regional Area Health Unit,0.1342,87.0,0.18,0.7569,0.9592
159,2023-10-15,2227,Brant County Health Unit,0.1434,36.0,0.23,0.9326,0.9813
160,2023-10-15,2265,Waterloo Health Unit,0.2379,74.0,0.13,0.5723,0.8555
161,2023-10-15,3895,City of Toronto Health Unit,0.1403,566.0,0.18,0.8721,0.9625
162,2023-10-15,2241,"Kingston, Frontenac and Lennox and Addington Health Unit",0.1367,56.0,0.27,0.8905,0.9726
163,2023-10-15,2249,Northwestern Health Unit,0.2091,16.0,0.18,0.7946,0.8661
164,2023-10-15,2233,Grey Bruce Health Unit,0.2073,23.0,0.14,0.6667,0.8302
165,2023-10-15,2268,Windsor-Essex County Health Unit,0.1963,47.0,0.11,0.8648,0.9277
166,2023-10-15,2258,Eastern Ontario Health Unit,0.2257,46.0,0.22,0.9319,0.9876
167,2023-10-15,2243,"Leeds, Grenville and Lanark District Health Unit",0.1883,22.0,0.13,0.7914,0.9693
168,2023-10-15,2238,Hastings and Prince Edward Counties Health Unit,0.1176,22.0,0.13,0.5455,0.961
169,2023-10-15,2260,Simcoe Muskoka District Health Unit,0.1657,71.0,0.12,0.8212,0.9231
170,2023-10-15,2251,City of Ottawa Health Unit,0.1494,138.0,0.13,0.9046,0.977
171,2023-10-15,2261,Sudbury and District Health Unit,0.1678,86.0,0.43,0.9494,0.9813
172,2023-10-15,5183,Huron Perth Health Unit,0.1709,23.0,0.16,0.5503,0.7337
173,2023-10-15,2255,Peterborough County-City Health Unit,0.124,37.0,0.25,0.9356,0.9848
174,2023-10-15,2236,Halton Regional Health Unit,0.1023,50.0,0.08,0.7188,0.8047
175,2023-10-15,2226,District of Algoma Health Unit,0.0994,24.0,0.21,0.9383,0.9691
176,2023-10-14,2265,Waterloo Health Unit,0.2572,74.0,0.13,0.6069,0.8669
177,2023-10-14,3895,City of Toronto Health Unit,0.1391,576.0,0.18,0.8862,0.9659
178,2023-10-14,2262,Thunder Bay District Health Unit,0.1593,39.0,0.26,0.9129,0.9583
179,2023-10-14,2260,Simcoe Muskoka District Health Unit,0.1517,72.0,0.12,0.8222,0.9247
180,2023-10-14,2226,District of Algoma Health Unit,0.0932,23.0,0.2,0.9461,0.9701
181,2023-10-14,2236,Halton Regional Health Unit,0.1124,50.0,0.08,0.73,0.8044
182,2023-10-14,2244,Middlesex-London Health Unit,0.1951,82.0,0.16,0.8398,0.9525
183,2023-10-14,2235,"Haliburton, Kawartha, Pine Ridge District Health Unit",0.0956,42.0,0.22,0.9443,0.9721
184,2023-10-14,4913,Southwestern Public Health,0.217,30.0,0.14,0.7664,0.9393
185,2023-10-14,2256,Porcupine Health Unit,0.1667,13.0,0.15,0.8721,0.9884
186,2023-10-14,35,Ontario,0.1507,2393.0,0.16,0.8612,0.9525
187,2023-10-14,2230,Durham Regional Health Unit,0.1698,82.0,0.12,0.7741,0.8932
188,2023-10-14,2251,City of Ottawa Health Unit,0.1551,140.0,0.13,0.9024,0.9784
189,2023-10-14,2258,Eastern Ontario Health Unit,0.213,46.0,0.22,0.9417,0.9877
190,2023-10-14,2261,Sudbury and District Health Unit,0.1658,78.0,0.39,0.9493,0.9812
191,2023-10-14,2234,Haldimand-Norfolk Health Unit,0.1959,14.0,0.12,0.7957,0.957
192,2023-10-14,2237,City of Hamilton Health Unit,0.1881,110.0,0.19,0.917,0.9671
193,2023-10-14,2227,Brant County Health Unit,0.1418,40.0,0.26,0.9429,0.9857
194,2023-10-14,2246,Niagara Regional Area Health Unit,0.1364,85.0,0.18,0.7796,0.9605
195,2023-10-14,2233,Grey Bruce Health Unit,0.2059,24.0,0.14,0.6966,0.8483
196,2023-10-14,2243,"Leeds, Grenville and Lanark District Health Unit",0.1758,24.0,0.14,0.7933,0.9665
197,2023-10-14,2255,Peterborough County-City Health Unit,0.1077,37.0,0.25,0.9425,0.9847
198,2023-10-14,2266,Wellington-Dufferin-Guelph Health Unit,0.132,43.0,0.14,0.7651,0.9143
199,2023-10-14,2268,Windsor-Essex County Health Unit,0.1911,45.0,0.11,0.8739,0.9339
200,2023-10-14,2240,Chatham-Kent Health Unit,0.1667,12.0,0.11,0.8049,0.9268
201,2023-10-14,5183,Huron Perth Health Unit,0.1656,22.0,0.15,0.5494,0.7222
202,2023-10-14,2238,Hastings and Prince Edward Counties Health Unit,0.1258,23.0,0.13,0.5526,0.9671
203,2023-10-14,2257,Renfrew County and District Health Unit,0.1504,16.0,0.15,0.7982,0.9649
204,2023-10-14,2270,York Regional Health Unit,0.1287,155.0,0.13,0.8791,0.9744
205,2023-10-14,2247,North Bay Parry Sound District Health Unit,0.0804,28.0,0.22,0.9652,0.99
206,2023-10-14,2249,Northwestern Health Unit,0.2264,15.0,0.17,0.8155,0.8932
207,2023-10-14,2263,Timiskaming Health Unit,0.129,4.0,0.14,0.8667,1.0
208,2023-10-14,2242,Lambton Health Unit,0.1786,12.0,0.09,0.6747,0.9518
209,2023-10-14,2241,"Kingston, Frontenac and Lennox and Addington Health Unit",0.1421,57.0,0.27,0.8867,0.9735
210,2023-10-14,2253,Peel Regional Health Unit,0.1237,210.0,0.13,0.94,0.9768
211,2023-10-13,2249,Northwestern Health Unit,0.2273,16.0,0.18,0.8529,0.902
212,2023-10-13,2247,North Bay Parry Sound District Health Unit,0.0609,28.0,0.22,0.9648,0.9899
213,2023-10-13,2270,York Regional Health Unit,0.1251,158.0,0.13,0.8665,0.9717
214,2023-10-13,2238,Hastings and Prince Edward Counties Health Unit,0.1316,22.0,0.13,0.7122,0.9353
215,2023-10-13,2240,Chatham-Kent Health Unit,0.1358,12.0,0.11,0.7955,0.9432
216,2023-10-13,2244,Middlesex-London Health Unit,0.1853,79.0,0.16,0.8346,0.9492
217,2023-10-13,35,Ontario,0.1505,2414.0,0.16,0.8568,0.9504
218,2023-10-13,2265,Waterloo Health Unit,0.2759,75.0,0.13,0.6023,0.8574
219,2023-10-13,2258,Eastern Ontario Health Unit,0.2263,47.0,0.22,0.9456,0.994
220,2023-10-13,2261,Sudbury and District Health Unit,0.1698,75.0,0.38,0.9362,0.9737
221,2023-10-13,2256,Porcupine Health Unit,0.1889,13.0,0.15,0.8675,0.988
222,2023-10-13,2242,Lambton Health Unit,0.1795,11.0,0.09,0.679,0.9383
223,2023-10-13,4913,Southwestern Public Health,0.2252,32.0,0.15,0.7399,0.9552
224,2023-10-13,2234,Haldimand-Norfolk Health Unit,0.1778,13.0,0.11,0.8,0.9556
225,2023-10-13,3895,City of Toronto Health Unit,0.1384,578.0,0.19,0.8838,0.969
226,2023-10-13,2243,"Leeds, Grenville and Lanark District Health Unit",0.1685,25.0,0.15,0.8128,0.9679
227,2023-10-13,2257,Renfrew County and District Health Unit,0.1638,17.0,0.15,0.748,0.9291
228,2023-10-13,2253,Peel Regional Health Unit,0.1192,219.0,0.14,0.9377,0.9779
229,2023-10-13,2226,District of Algoma Health Unit,0.0909,24.0,0.21,0.9578,0.9699
230,2023-10-13,2233,Grey Bruce Health Unit,0.212,26.0,0.15,0.7088,0.8352
231,2023-10-13,2266,Wellington-Dufferin-Guelph Health Unit,0.1317,46.0,0.15,0.7469,0.9012
232,2023-10-13,2255,Peterborough County-City Health Unit,0.1213,39.0,0.26,0.9286,0.985
233,2023-10-13,2251,City of Ottawa Health Unit,0.1574,141.0,0.13,0.8901,0.9778
234,2023-10-13,2230,Durham Regional Health Unit,0.1602,85.0,0.12,0.7597,0.8847
235,2023-10-13,2268,Windsor-Essex County Health Unit,0.1723,46.0,0.11,0.861,0.9275
236,2023-10-13,2241,"Kingston, Frontenac and Lennox and Addington Health Unit",0.1589,58.0,0.27,0.8821,0.9717
237,2023-10-13,2227,Brant County Health Unit,0.1368,41.0,0.26,0.9467,0.98
238,2023-10-13,2235,"Haliburton, Kawartha, Pine Ridge District Health Unit",0.0947,41.0,0.22,0.9559,0.9763
239,2023-10-13,2260,Simcoe Muskoka District Health Unit,0.1491,69.0,0.12,0.7988,0.9179
240,2023-10-13,2262,Thunder Bay District Health Unit,0.1588,40.0,0.26,0.9193,0.9614
241,2023-10-13,2246,Niagara Regional Area Health Unit,0.1438,88.0,0.19,0.7825,0.9578
242,2023-10-13,2236,Halton Regional Health Unit,0.1176,51.0,0.08,0.7333,0.8051
243,2023-10-13,2263,Timiskaming Health Unit,0.1333,4.0,0.13,0.9,1.0
244,2023-10-13,2237,City of Hamilton Health Unit,0.1792,108.0,0.18,0.916,0.9698
245,2023-10-13,5183,Huron Perth Health Unit,0.1757,21.0,0.15,0.5094,0.673
246,2023-10-12,2238,Hastings and Prince Edward Counties Health Unit,0.2047,24.0,0.14,0.5314,0.9486
247,2023-10-12,2240,Chatham-Kent Health Unit,0.0976,12.0,0.11,0.8072,0.9398
248,2023-10-12,2244,Middlesex-London Health Unit,0.1735,77.0,0.15,0.8238,0.9484
249,2023-10-12,2234,Haldimand-Norfolk Health Unit,0.1758,13.0,0.11,0.8352,0.956
250,2023-10-12,2249,Northwestern Health Unit,0.2323,14.0,0.16,0.8675,0.9157
251,2023-10-12,2227,Brant County Health Unit,0.1347,42.0,0.27,0.9479,0.9792
252,2023-10-12,2236,Halton Regional Health Unit,0.1287,53.0,0.09,0.8072,0.8733
253,2023-10-12,2226,District of Algoma Health Unit,0.0848,24.0,0.21,0.9503,0.9689
254,2023-10-12,5183,Huron Perth Health Unit,0.162,20.0,0.15,0.4483,0.6379
255,2023-10-12,2258,Eastern Ontario Health Unit,0.233,55.0,0.26,0.8947,0.9925
256,2023-10-12,2268,Windsor-Essex County Health Unit,0.1785,46.0,0.11,0.8452,0.9167
257,2023-10-12,2266,Wellington-Dufferin-Guelph Health Unit,0.1159,47.0,0.15,0.7679,0.9048
258,2023-10-12,35,Ontario,0.1498,2422.0,0.16,0.848,0.9515
259,2023-10-12,2261,Sudbury and District Health Unit,0.1693,73.0,0.37,0.9294,0.9628
260,2023-10-12,2255,Peterborough County-City Health Unit,0.1321,38.0,0.26,0.9104,0.9888
261,2023-10-12,2247,North Bay Parry Sound District Health Unit,0.0503,28.0,0.22,0.9692,0.9949
262,2023-10-12,2257,Renfrew County and District Health Unit,0.1667,16.0,0.15,0.7059,0.916
263,2023-10-12,2241,"Kingston, Frontenac and Lennox and Addington Health Unit",0.1675,59.0,0.28,0.8724,0.9661
264,2023-10-12,3895,City of Toronto Health Unit,0.1348,561.0,0.18,0.8728,0.9694
265,2023-10-12,2265,Waterloo Health Unit,0.2663,79.0,0.13,0.6295,0.8469
266,2023-10-12,2235,"Haliburton, Kawartha, Pine Ridge District Health Unit",0.0993,42.0,0.22,0.9456,0.9796
267,2023-10-12,4913,Southwestern Public Health,0.2279,31.0,0.15,0.7284,0.9547
268,2023-10-12,2262,Thunder Bay District Health Unit,0.1514,41.0,0.27,0.9399,0.9682
269,2023-10-12,2256,Porcupine Health Unit,0.1702,13.0,0.16,0.8864,1.0
270,2023-10-12,2230,Durham Regional Health Unit,0.155,84.0,0.12,0.7175,0.8937
271,2023-10-12,2270,York Regional Health Unit,0.1258,158.0,0.13,0.8624,0.9753
272,2023-10-12,2253,Peel Regional Health Unit,0.1228,214.0,0.13,0.9358,0.9771
273,2023-10-12,2242,Lambton Health Unit,0.1625,11.0,0.09,0.6579,0.9342
274,2023-10-12,2251,City of Ottawa Health Unit,0.1526,155.0,0.15,0.8856,0.9755
275,2023-10-12,2263,Timiskaming Health Unit,0.129,4.0,0.14,0.871,1.0
276,2023-10-12,2243,"Leeds, Grenville and Lanark District Health Unit",0.1777,28.0,0.16,0.8214,0.9643
277,2023-10-12,2233,Grey Bruce Health Unit,0.1989,26.0,0.15,0.7119,0.8475
278,2023-10-12,2260,Simcoe Muskoka District Health Unit,0.1386,67.0,0.11,0.7901,0.9218
279,2023-10-12,2246,Niagara Regional Area Health Unit,0.1504,86.0,0.18,0.7615,0.9507
280,2023-10-12,2237,City of Hamilton Health Unit,0.1769,110.0,0.19,0.9072,0.9686
281,2023-10-11,2270,York Regional Health Unit,0.1256,162.0,0.13,0.8503,0.9715
282,2023-10-11,2261,Sudbury and District Health Unit,0.1751,73.0,0.37,0.9202,0.9573
283,2023-10-11,2260,Simcoe Muskoka District Health Unit,0.1399,69.0,0.12,0.7382,0.8878
284,2023-10-11,2235,"Haliburton, Kawartha, Pine Ridge District Health Unit",0.0872,43.0,0.23,0.9375,0.977
285,2023-10-11,2257,Renfrew County and District Health Unit,0.2054,16.0,0.15,0.7348,0.8788
286,2023-10-11,2247,North Bay Parry Sound District Health Unit,0.0526,27.0,0.21,0.9746,0.9949
287,2023-10-11,2233,Grey Bruce Health Unit,0.1868,26.0,0.15,0.6579,0.8737
288,2023-10-11,2268,Windsor-Essex County Health Unit,0.1722,47.0,0.11,0.8147,0.9118
289,2023-10-11,2240,Chatham-Kent Health Unit,0.1047,12.0,0.12,0.8315,0.9438
290,2023-10-11,2253,Peel Regional Health Unit,0.1283,208.0,0.13,0.9202,0.9621
291,2023-10-11,4913,Southwestern Public Health,0.2436,33.0,0.16,0.6955,0.9361
292,2023-10-11,2244,Middlesex-London Health Unit,0.1604,76.0,0.15,0.802,0.9334
293,2023-10-11,2230,Durham Regional Health Unit,0.1487,90.0,0.13,0.6942,0.8478
294,2023-10-11,2255,Peterborough County-City Health Unit,0.1313,37.0,0.25,0.9251,0.9888
295,2023-10-11,2227,Brant County Health Unit,0.1444,41.0,0.26,0.9304,0.9715
296,2023-10-11,2251,City of Ottawa Health Unit,0.153,151.0,0.14,0.8717,0.9719
297,2023-10-11,2249,Northwestern Health Unit,0.2048,12.0,0.14,0.8375,0.8875
298,2023-10-11,2241,"Kingston, Frontenac and Lennox and Addington Health Unit",0.1751,56.0,0.26,0.8817,0.9614
299,2023-10-11,2266,Wellington-Dufferin-Guelph Health Unit,0.1171,48.0,0.15,0.7478,0.8915
300,2023-10-11,2237,City of Hamilton Health Unit,0.1641,103.0,0.17,0.9221,0.974
301,2023-10-11,2256,Porcupine Health Unit,0.1789,14.0,0.16,0.8916,0.9759
302,2023-10-11,2258,Eastern Ontario Health Unit,0.1887,53.0,0.25,0.8856,0.9903
303,2023-10-11,2243,"Leeds, Grenville and Lanark District Health Unit",0.1795,28.0,0.16,0.7843,0.9559
304,2023-10-11,2242,Lambton Health Unit,0.137,10.0,0.08,0.6145,0.9157
305,2023-10-11,35,Ontario,0.1486,2401.0,0.16,0.8338,0.9397
306,2023-10-11,2226,District of Algoma Health Unit,0.0798,23.0,0.2,0.9474,0.9649
307,2023-10-11,2238,Hastings and Prince Edward Counties Health Unit,0.2632,19.0,0.11,0.5445,0.911
308,2023-10-11,2236,Halton Regional Health Unit,0.1312,54.0,0.09,0.7813,0.8575
309,2023-10-11,2246,Niagara Regional Area Health Unit,0.1469,86.0,0.18,0.7213,0.9108
310,2023-10-11,2262,Thunder Bay District Health Unit,0.1667,42.0,0.28,0.8935,0.9419
311,2023-10-11,5183,Huron Perth Health Unit,0.1507,21.0,0.15,0.4541,0.6108
312,2023-10-11,2265,Waterloo Health Unit,0.2495,75.0,0.13,0.625,0.8423
313,2023-10-11,2263,Timiskaming Health Unit,0.1379,4.0,0.13,0.6176,1.0
314,2023-10-11,3895,City of Toronto Health Unit,0.1358,560.0,0.18,0.8725,0.9646
315,2023-10-11,2234,Haldimand-Norfolk Health Unit,0.1875,14.0,0.12,0.8404,0.9574
316,2023-10-10,5183,Huron Perth Health Unit,0.183,22.0,0.16,0.5319,0.7092
317,2023-10-10,2258,Eastern Ontario Health Unit,0.2329,56.0,0.27,0.8737,0.9871
318,2023-10-10,2270,York Regional Health Unit,0.1306,165.0,0.13,0.8503,0.9597
319,2023-10-10,2261,Sudbury and District Health Unit,0.1679,76.0,0.38,0.9479,0.971
320,2023-10-10,2241,"Kingston, Frontenac and Lennox and Addington Health Unit",0.1744,56.0,0.26,0.8483,0.9692
321,2023-10-10,2268,Windsor-Essex County Health Unit,0.1852,46.0,0.11,0.8019,0.9474
322,2023-10-10,2253,Peel Regional Health Unit,0.1303,210.0,0.13,0.9223,0.9685
323,2023-10-10,2256,Porcupine Health Unit,0.1809,13.0,0.16,0.8764,0.9775
324,2023-10-10,2227,Brant County Health Unit,0.1534,45.0,0.29,0.9407,0.9763
325,2023-10-10,2234,Haldimand-Norfolk Health Unit,0.163,13.0,0.12,0.8652,0.9663
326,2023-10-10,2226,District of Algoma Health Unit,0.092,25.0,0.22,0.9278,0.9722
327,2023-10-10,4913,Southwestern Public Health,0.2398,35.0,0.17,0.6771,0.9063
328,2023-10-10,2243,"Leeds, Grenville and Lanark District Health Unit",0.164,27.0,0.16,0.7892,0.9514
329,2023-10-10,2262,Thunder Bay District Health Unit,0.1525,42.0,0.28,0.9094,0.9564
330,2023-10-10,2265,Waterloo Health Unit,0.2782,73.0,0.13,0.6339,0.8487
331,2023-10-10,3895,City of Toronto Health Unit,0.1322,558.0,0.18,0.8747,0.9693
332,2023-10-10,2233,Grey Bruce Health Unit,0.2186,26.0,0.15,0.6684,0.9474
333,2023-10-10,2246,Niagara Regional Area Health Unit,0.1498,86.0,0.18,0.6708,0.9046
334,2023-10-10,35,Ontario,0.1515,2446.0,0.16,0.8297,0.9439
335,2023-10-10,2247,North Bay Parry Sound District Health Unit,0.0808,28.0,0.22,0.967,0.9945
336,2023-10-10,2237,City of Hamilton Health Unit,0.1799,106.0,0.18,0.9138,0.9791
337,2023-10-10,2238,Hastings and Prince Edward Counties Health Unit,0.1902,26.0,0.16,0.4813,0.861
338,2023-10-10,2260,Simcoe Muskoka District Health Unit,0.142,71.0,0.12,0.7577,0.8962
339,2023-10-10,2257,Renfrew County and District Health Unit,0.2406,19.0,0.17,0.75,0.8984
340,2023-10-10,2235,"Haliburton, Kawartha, Pine Ridge District Health Unit",0.0839,43.0,0.23,0.9238,0.9841
341,2023-10-10,2230,Durham Regional Health Unit,0.1437,95.0,0.13,0.7126,0.8681
342,2023-10-10,2236,Halton Regional Health Unit,0.1527,58.0,0.09,0.7904,0.8699
343,2023-10-10,2255,Peterborough County-City Health Unit,0.1418,40.0,0.27,0.8147,0.9712
344,2023-10-10,2266,Wellington-Dufferin-Guelph Health Unit,0.1144,49.0,0.16,0.75,0.8988
345,2023-10-10,2251,City of Ottawa Health Unit,0.1553,148.0,0.14,0.8403,0.9656
346,2023-10-10,2263,Timiskaming Health Unit,0.0,3.0,0.1,0.4783,1.0
347,2023-10-10,2242,Lambton Health Unit,0.1558,11.0,0.08,0.6903,0.9204
348,2023-10-10,2249,Northwestern Health Unit,0.1646,11.0,0.13,0.8955,0.9403
349,2023-10-10,2240,Chatham-Kent Health Unit,0.093,12.0,0.12,0.8182,0.9481
350,2023-10-10,2244,Middlesex-London Health Unit,0.1559,82.0,0.16,0.7572,0.9039
351,2023-10-09,2244,Middlesex-London Health Unit,0.1646,80.0,0.16,0.7488,0.907
352,2023-10-09,2235,"Haliburton, Kawartha, Pine Ridge District Health Unit",0.0726,45.0,0.24,0.921,0.9818
353,2023-10-09,2246,Niagara Regional Area Health Unit,0.1404,84.0,0.18,0.6712,0.9041
354,2023-10-09,2256,Porcupine Health Unit,0.1613,13.0,0.16,0.8889,0.9556
355,2023-10-09,2227,Brant County Health Unit,0.1433,50.0,0.32,0.9303,0.9697
356,2023-10-09,2236,Halton Regional Health Unit,0.1506,61.0,0.1,0.8294,0.8949
357,2023-10-09,2257,Renfrew County and District Health Unit,0.2154,19.0,0.17,0.7589,0.8794
358,2023-10-09,4913,Southwestern Public Health,0.2472,39.0,0.18,0.6577,0.8926
359,2023-10-09,2268,Windsor-Essex County Health Unit,0.1909,44.0,0.1,0.7781,0.9281
360,2023-10-09,3895,City of Toronto Health Unit,0.1316,548.0,0.18,0.8743,0.9693
361,2023-10-09,2242,Lambton Health Unit,0.1818,16.0,0.12,0.6439,0.9091
362,2023-10-09,2243,"Leeds, Grenville and Lanark District Health Unit",0.1649,28.0,0.16,0.7882,0.9606
363,2023-10-09,2258,Eastern Ontario Health Unit,0.2188,55.0,0.26,0.8618,0.9849
364,2023-10-09,2262,Thunder Bay District Health Unit,0.1565,42.0,0.28,0.9032,0.9613
365,2023-10-09,2238,Hastings and Prince Edward Counties Health Unit,0.2428,25.0,0.15,0.4874,0.8442
366,2023-10-09,2230,Durham Regional Health Unit,0.1326,96.0,0.13,0.7341,0.8837
367,2023-10-09,2251,City of Ottawa Health Unit,0.1462,152.0,0.14,0.8541,0.9635
368,2023-10-09,2247,North Bay Parry Sound District Health Unit,0.0989,26.0,0.2,0.9465,0.9947
369,2023-10-09,2249,Northwestern Health Unit,0.1519,11.0,0.13,0.8904,0.9315
370,2023-10-09,2233,Grey Bruce Health Unit,0.24,29.0,0.17,0.68,0.94
371,2023-10-09,2260,Simcoe Muskoka District Health Unit,0.1481,74.0,0.12,0.7658,0.9089
372,2023-10-09,2226,District of Algoma Health Unit,0.1053,27.0,0.24,0.9347,0.9698
373,2023-10-09,2263,Timiskaming Health Unit,0.4,4.0,0.11,0.4286,0.8929
374,2023-10-09,2265,Waterloo Health Unit,0.2529,75.0,0.13,0.662,0.8651
375,2023-10-09,2241,"Kingston, Frontenac and Lennox and Addington Health Unit",0.1835,55.0,0.26,0.8548,0.9696
376,2023-10-09,2237,City of Hamilton Health Unit,0.1721,105.0,0.18,0.9148,0.9764
377,2023-10-09,2266,Wellington-Dufferin-Guelph Health Unit,0.1364,50.0,0.16,0.7674,0.9037
378,2023-10-09,2253,Peel Regional Health Unit,0.1319,211.0,0.13,0.9266,0.9686
379,2023-10-09,2255,Peterborough County-City Health Unit,0.1391,38.0,0.26,0.8045,0.9615
380,2023-10-09,2240,Chatham-Kent Health Unit,0.1039,11.0,0.1,0.7805,0.939
381,2023-10-09,2234,Haldimand-Norfolk Health Unit,0.1412,12.0,0.11,0.8333,0.9583
382,2023-10-09,35,Ontario,0.1514,2458.0,0.17,0.8321,0.9443
383,2023-10-09,2261,Sudbury and District Health Unit,0.1563,76.0,0.38,0.9528,0.9692
384,2023-10-09,2270,York Regional Health Unit,0.1344,165.0,0.13,0.86,0.9614
385,2023-10-09,5183,Huron Perth Health Unit,0.1908,25.0,0.18,0.5425,0.719
386,2023-10-08,2265,Waterloo Health Unit,0.2589,80.0,0.14,0.6282,0.8399
387,2023-10-08,2261,Sudbury and District Health Unit,0.1484,73.0,0.37,0.957,0.9707
388,2023-10-08,2236,Halton Regional Health Unit,0.1618,64.0,0.1,0.7819,0.8678
389,2023-10-08,2268,Windsor-Essex County Health Unit,0.1877,44.0,0.1,0.7682,0.9272
390,2023-10-08,2251,City of Ottawa Health Unit,0.1589,166.0,0.16,0.8542,0.9588
391,2023-10-08,2242,Lambton Health Unit,0.2119,17.0,0.13,0.6567,0.9179
392,2023-10-08,2244,Middlesex-London Health Unit,0.1678,83.0,0.16,0.7463,0.9154
393,2023-10-08,2258,Eastern Ontario Health Unit,0.2208,56.0,0.27,0.8678,0.985
394,2023-10-08,2262,Thunder Bay District Health Unit,0.1736,44.0,0.3,0.9032,0.9613
395,2023-10-08,2266,Wellington-Dufferin-Guelph Health Unit,0.1586,53.0,0.17,0.7799,0.913
396,2023-10-08,2255,Peterborough County-City Health Unit,0.1782,43.0,0.29,0.7949,0.9583
397,2023-10-08,2270,York Regional Health Unit,0.1427,172.0,0.14,0.8624,0.953
398,2023-10-08,2237,City of Hamilton Health Unit,0.1628,111.0,0.19,0.8876,0.9634
399,2023-10-08,2263,Timiskaming Health Unit,0.4167,3.0,0.1,0.4286,0.8929
400,2023-10-08,2256,Porcupine Health Unit,0.1386,14.0,0.17,0.899,0.9596
401,2023-10-08,35,Ontario,0.1571,2572.0,0.17,0.8273,0.9405
402,2023-10-08,2260,Simcoe Muskoka District Health Unit,0.1483,79.0,0.13,0.7528,0.8951
403,2023-10-08,2230,Durham Regional Health Unit,0.1423,103.0,0.15,0.7276,0.875
404,2023-10-08,2227,Brant County Health Unit,0.1376,47.0,0.3,0.9308,0.9717
405,2023-10-08,2233,Grey Bruce Health Unit,0.1991,30.0,0.18,0.6786,0.9337
406,2023-10-08,2240,Chatham-Kent Health Unit,0.0897,11.0,0.1,0.7179,0.9359
407,2023-10-08,2247,North Bay Parry Sound District Health Unit,0.1064,27.0,0.21,0.9534,0.9948
408,2023-10-08,2234,Haldimand-Norfolk Health Unit,0.141,11.0,0.1,0.8289,0.9474
409,2023-10-08,2253,Peel Regional Health Unit,0.1397,230.0,0.14,0.9227,0.9674
410,2023-10-08,2226,District of Algoma Health Unit,0.1117,28.0,0.25,0.9265,0.9657
411,2023-10-08,2257,Renfrew County and District Health Unit,0.2517,21.0,0.19,0.76,0.88
412,2023-10-08,2241,"Kingston, Frontenac and Lennox and Addington Health Unit",0.1996,66.0,0.31,0.8708,0.9771
413,2023-10-08,2249,Northwestern Health Unit,0.1125,11.0,0.13,0.9333,0.9333
414,2023-10-08,2246,Niagara Regional Area Health Unit,0.1396,88.0,0.19,0.6646,0.8975
415,2023-10-08,3895,City of Toronto Health Unit,0.1387,556.0,0.18,0.8749,0.9677
416,2023-10-08,4913,Southwestern Public Health,0.2305,40.0,0.19,0.6611,0.906
417,2023-10-08,2235,"Haliburton, Kawartha, Pine Ridge District Health Unit",0.0695,47.0,0.25,0.9174,0.9817
418,2023-10-08,5183,Huron Perth Health Unit,0.1965,25.0,0.18,0.5274,0.7123
419,2023-10-08,2238,Hastings and Prince Edward Counties Health Unit,0.2344,27.0,0.16,0.5094,0.8491
420,2023-10-08,2243,"Leeds, Grenville and Lanark District Health Unit",0.1531,30.0,0.17,0.8057,0.9621
421,2023-10-07,2240,Chatham-Kent Health Unit,0.0933,11.0,0.1,0.7397,0.9315
422,2023-10-07,5183,Huron Perth Health Unit,0.2126,25.0,0.18,0.5361,0.747
423,2023-10-07,4913,Southwestern Public Health,0.2273,41.0,0.19,0.6544,0.9094
424,2023-10-07,2243,"Leeds, Grenville and Lanark District Health Unit",0.1845,29.0,0.17,0.8061,0.9643
425,2023-10-07,2237,City of Hamilton Health Unit,0.1646,113.0,0.19,0.8963,0.9663
426,2023-10-07,2238,Hastings and Prince Edward Counties Health Unit,0.266,29.0,0.17,0.5144,0.8462
427,2023-10-07,2265,Waterloo Health Unit,0.2409,79.0,0.13,0.6136,0.839
428,2023-10-07,2236,Halton Regional Health Unit,0.1644,64.0,0.1,0.7689,0.8655
429,2023-10-07,2234,Haldimand-Norfolk Health Unit,0.1299,11.0,0.1,0.8077,0.9487
430,2023-10-07,2246,Niagara Regional Area Health Unit,0.1438,89.0,0.19,0.6336,0.8977
431,2023-10-07,2233,Grey Bruce Health Unit,0.1845,29.0,0.17,0.6492,0.9215
432,2023-10-07,2256,Porcupine Health Unit,0.1111,14.0,0.17,0.8936,0.9574
433,2023-10-07,3895,City of Toronto Health Unit,0.1423,546.0,0.18,0.8662,0.9663
434,2023-10-07,2257,Renfrew County and District Health Unit,0.2535,20.0,0.19,0.7413,0.8741
435,2023-10-07,2247,North Bay Parry Sound District Health Unit,0.0969,28.0,0.22,0.9681,1.0
436,2023-10-07,35,Ontario,0.16,2561.0,0.17,0.8205,0.9391
437,2023-10-07,2230,Durham Regional Health Unit,0.1409,106.0,0.15,0.7209,0.8784
438,2023-10-07,2262,Thunder Bay District Health Unit,0.1842,43.0,0.29,0.9003,0.9601
439,2023-10-07,2270,York Regional Health Unit,0.147,172.0,0.14,0.852,0.9523
440,2023-10-07,2255,Peterborough County-City Health Unit,0.1895,41.0,0.28,0.7797,0.9525
441,2023-10-07,2235,"Haliburton, Kawartha, Pine Ridge District Health Unit",0.0719,46.0,0.24,0.913,0.9845
442,2023-10-07,2226,District of Algoma Health Unit,0.1196,30.0,0.26,0.9292,0.967
443,2023-10-07,2268,Windsor-Essex County Health Unit,0.2032,44.0,0.1,0.7517,0.9262
444,2023-10-07,2244,Middlesex-London Health Unit,0.185,86.0,0.17,0.7643,0.9172
445,2023-10-07,2251,City of Ottawa Health Unit,0.1612,162.0,0.15,0.8538,0.9527
446,2023-10-07,2242,Lambton Health Unit,0.1894,19.0,0.14,0.635,0.9197
447,2023-10-07,2258,Eastern Ontario Health Unit,0.2267,57.0,0.27,0.8709,0.9873
448,2023-10-07,2249,Northwestern Health Unit,0.0921,11.0,0.12,0.92,0.9333
449,2023-10-07,2241,"Kingston, Frontenac and Lennox and Addington Health Unit",0.2051,68.0,0.32,0.8753,0.9742
450,2023-10-07,2260,Simcoe Muskoka District Health Unit,0.1514,76.0,0.13,0.7477,0.8911
451,2023-10-07,2227,Brant County Health Unit,0.1299,44.0,0.28,0.9247,0.9699
452,2023-10-07,2266,Wellington-Dufferin-Guelph Health Unit,0.164,54.0,0.17,0.769,0.913
453,2023-10-07,2261,Sudbury and District Health Unit,0.1431,75.0,0.38,0.9583,0.9715
454,2023-10-07,2263,Timiskaming Health Unit,0.44,4.0,0.11,0.4242,0.9091
455,2023-10-07,2253,Peel Regional Health Unit,0.1417,228.0,0.14,0.9163,0.9636
456,2023-10-06,2244,Middlesex-London Health Unit,0.2151,91.0,0.18,0.7766,0.9219
457,2023-10-06,2240,Chatham-Kent Health Unit,0.1154,11.0,0.1,0.7681,0.9275
458,2023-10-06,2243,"Leeds, Grenville and Lanark District Health Unit",0.1891,29.0,0.17,0.8122,0.9645
459,2023-10-06,2263,Timiskaming Health Unit,0.4074,4.0,0.12,0.4286,0.9143
460,2023-10-06,2255,Peterborough County-City Health Unit,0.1891,39.0,0.27,0.7759,0.9431
461,2023-10-06,2253,Peel Regional Health Unit,0.1502,224.0,0.14,0.9014,0.9579
462,2023-10-06,2237,City of Hamilton Health Unit,0.1753,116.0,0.2,0.8958,0.9629
463,2023-10-06,2262,Thunder Bay District Health Unit,0.1839,43.0,0.28,0.8969,0.9588
464,2023-10-06,2257,Renfrew County and District Health Unit,0.2763,22.0,0.2,0.7687,0.8912
465,2023-10-06,5183,Huron Perth Health Unit,0.2174,26.0,0.19,0.561,0.811
466,2023-10-06,2266,Wellington-Dufferin-Guelph Health Unit,0.1744,52.0,0.17,0.7709,0.919
467,2023-10-06,2251,City of Ottawa Health Unit,0.1686,162.0,0.15,0.8539,0.9492
468,2023-10-06,2247,North Bay Parry Sound District Health Unit,0.1026,28.0,0.21,0.9635,0.9948
469,2023-10-06,2233,Grey Bruce Health Unit,0.1865,28.0,0.16,0.67,0.935
470,2023-10-06,2270,York Regional Health Unit,0.1575,171.0,0.14,0.858,0.951
471,2023-10-06,2258,Eastern Ontario Health Unit,0.22,57.0,0.27,0.8792,0.9871
472,2023-10-06,2238,Hastings and Prince Edward Counties Health Unit,0.2727,30.0,0.18,0.4946,0.8548
473,2023-10-06,4913,Southwestern Public Health,0.2333,43.0,0.2,0.6701,0.9028
474,2023-10-06,2235,"Haliburton, Kawartha, Pine Ridge District Health Unit",0.0843,47.0,0.25,0.8978,0.9808
475,2023-10-06,2246,Niagara Regional Area Health Unit,0.1472,89.0,0.19,0.6235,0.8956
476,2023-10-06,2234,Haldimand-Norfolk Health Unit,0.1467,11.0,0.09,0.7619,0.9405
477,2023-10-06,3895,City of Toronto Health Unit,0.1466,541.0,0.17,0.8666,0.9641
478,2023-10-06,2268,Windsor-Essex County Health Unit,0.2121,42.0,0.1,0.7331,0.9164
479,2023-10-06,2261,Sudbury and District Health Unit,0.135,73.0,0.37,0.9681,0.978
480,2023-10-06,2265,Waterloo Health Unit,0.2236,80.0,0.14,0.6343,0.8463
481,2023-10-06,2241,"Kingston, Frontenac and Lennox and Addington Health Unit",0.1971,69.0,0.32,0.8758,0.9654
482,2023-10-06,2249,Northwestern Health Unit,0.0649,11.0,0.13,0.9221,0.9351
483,2023-10-06,2242,Lambton Health Unit,0.2164,19.0,0.15,0.6378,0.9291
484,2023-10-06,2260,Simcoe Muskoka District Health Unit,0.1411,80.0,0.13,0.7695,0.9007
485,2023-10-06,2226,District of Algoma Health Unit,0.1275,29.0,0.25,0.9209,0.9674
486,2023-10-06,35,Ontario,0.1648,2570.0,0.17,0.822,0.939
487,2023-10-06,2230,Durham Regional Health Unit,0.1393,109.0,0.15,0.7276,0.882
488,2023-10-06,2227,Brant County Health Unit,0.1329,47.0,0.3,0.9323,0.9754
489,2023-10-06,2256,Porcupine Health Unit,0.0947,14.0,0.16,0.8969,0.9588
490,2023-10-06,2236,Halton Regional Health Unit,0.1681,65.0,0.1,0.7537,0.8565
491,2023-10-05,35,Ontario,0.1672,2588.0,0.17,0.833,0.9394
492,2023-10-05,2268,Windsor-Essex County Health Unit,0.2111,41.0,0.1,0.7285,0.921
493,2023-10-05,2242,Lambton Health Unit,0.2348,19.0,0.14,0.664,0.928
494,2023-10-05,2266,Wellington-Dufferin-Guelph Health Unit,0.1856,52.0,0.17,0.7715,0.9258
495,2023-10-05,2262,Thunder Bay District Health Unit,0.1704,44.0,0.3,0.8662,0.949
496,2023-10-05,2236,Halton Regional Health Unit,0.1707,64.0,0.1,0.7574,0.866
497,2023-10-05,2244,Middlesex-London Health Unit,0.2158,94.0,0.19,0.7935,0.922
498,2023-10-05,2233,Grey Bruce Health Unit,0.1972,30.0,0.18,0.6963,0.9346
499,2023-10-05,5183,Huron Perth Health Unit,0.2283,26.0,0.19,0.5808,0.8802
500,2023-10-05,2226,District of Algoma Health Unit,0.15,31.0,0.27,0.9064,0.9702
501,2023-10-05,2237,City of Hamilton Health Unit,0.1848,117.0,0.2,0.8935,0.9621
502,2023-10-05,2241,"Kingston, Frontenac and Lennox and Addington Health Unit",0.1925,72.0,0.34,0.8863,0.9692
503,2023-10-05,2249,Northwestern Health Unit,0.0482,12.0,0.14,0.908,0.9195
504,2023-10-05,2246,Niagara Regional Area Health Unit,0.1465,95.0,0.2,0.6317,0.895
505,2023-10-05,3895,City of Toronto Health Unit,0.1418,551.0,0.18,0.882,0.9643
506,2023-10-05,2260,Simcoe Muskoka District Health Unit,0.1329,84.0,0.14,0.7876,0.9044
507,2023-10-05,2261,Sudbury and District Health Unit,0.132,74.0,0.37,0.9781,0.99
508,2023-10-05,2263,Timiskaming Health Unit,0.5152,5.0,0.14,0.425,0.875
509,2023-10-05,2258,Eastern Ontario Health Unit,0.2058,49.0,0.24,0.9346,0.9869
510,2023-10-05,2255,Peterborough County-City Health Unit,0.2148,41.0,0.27,0.7758,0.9359
511,2023-10-05,2253,Peel Regional Health Unit,0.153,232.0,0.14,0.9107,0.9612
512,2023-10-05,2227,Brant County Health Unit,0.1366,46.0,0.3,0.9238,0.9726
513,2023-10-05,2256,Porcupine Health Unit,0.1111,14.0,0.17,0.9192,0.9596
514,2023-10-05,2240,Chatham-Kent Health Unit,0.2055,10.0,0.1,0.7606,0.9296
515,2023-10-05,2238,Hastings and Prince Edward Counties Health Unit,0.2381,27.0,0.16,0.6753,0.8312
516,2023-10-05,2257,Renfrew County and District Health Unit,0.2993,21.0,0.19,0.7714,0.8929
517,2023-10-05,4913,Southwestern Public Health,0.2408,43.0,0.2,0.6507,0.8973
518,2023-10-05,2243,"Leeds, Grenville and Lanark District Health Unit",0.1753,28.0,0.16,0.8438,0.974
519,2023-10-05,2235,"Haliburton, Kawartha, Pine Ridge District Health Unit",0.08,46.0,0.25,0.9143,0.9873
520,2023-10-05,2251,City of Ottawa Health Unit,0.1877,144.0,0.14,0.8507,0.9465
521,2023-10-05,2265,Waterloo Health Unit,0.2185,82.0,0.14,0.6054,0.8282
522,2023-10-05,2234,Haldimand-Norfolk Health Unit,0.1899,11.0,0.1,0.7436,0.9231
523,2023-10-05,2270,York Regional Health Unit,0.1634,175.0,0.14,0.868,0.9521
524,2023-10-05,2247,North Bay Parry Sound District Health Unit,0.1053,27.0,0.21,0.9536,0.9897
525,2023-10-05,2230,Durham Regional Health Unit,0.1525,114.0,0.16,0.7771,0.8801
526,2023-10-04,2253,Peel Regional Health Unit,0.164,233.0,0.14,0.9231,0.9726
527,2023-10-04,2255,Peterborough County-City Health Unit,0.2226,39.0,0.26,0.7409,0.9088
528,2023-10-04,5183,Huron Perth Health Unit,0.2234,27.0,0.19,0.5783,0.9217
529,2023-10-04,2265,Waterloo Health Unit,0.2172,82.0,0.14,0.5954,0.8371
530,2023-10-04,35,Ontario,0.1715,2580.0,0.17,0.8492,0.95
531,2023-10-04,2244,Middlesex-London Health Unit,0.2366,93.0,0.18,0.8118,0.9265
532,2023-10-04,2236,Halton Regional Health Unit,0.172,67.0,0.11,0.7401,0.8634
533,2023-10-04,2243,"Leeds, Grenville and Lanark District Health Unit",0.1881,29.0,0.17,0.8788,0.9848
534,2023-10-04,2226,District of Algoma Health Unit,0.1602,33.0,0.29,0.9149,0.9787
535,2023-10-04,2247,North Bay Parry Sound District Health Unit,0.0974,28.0,0.21,0.9378,0.9793
536,2023-10-04,2237,City of Hamilton Health Unit,0.173,121.0,0.2,0.886,0.96
537,2023-10-04,2230,Durham Regional Health Unit,0.1677,112.0,0.16,0.8508,0.9369
538,2023-10-04,2260,Simcoe Muskoka District Health Unit,0.157,84.0,0.14,0.8521,0.9382
539,2023-10-04,2261,Sudbury and District Health Unit,0.1409,73.0,0.37,0.9796,0.9898
540,2023-10-04,2242,Lambton Health Unit,0.2556,19.0,0.15,0.6909,0.9364
541,2023-10-04,2256,Porcupine Health Unit,0.087,13.0,0.16,0.9432,0.9773
542,2023-10-04,2240,Chatham-Kent Health Unit,0.2254,10.0,0.1,0.7313,0.9403
543,2023-10-04,2246,Niagara Regional Area Health Unit,0.1544,99.0,0.21,0.645,0.925
544,2023-10-04,2241,"Kingston, Frontenac and Lennox and Addington Health Unit",0.1882,75.0,0.35,0.8958,0.9653
545,2023-10-04,2270,York Regional Health Unit,0.1793,174.0,0.14,0.8753,0.9549
546,2023-10-04,2257,Renfrew County and District Health Unit,0.3077,20.0,0.19,0.8051,0.9237
547,2023-10-04,2234,Haldimand-Norfolk Health Unit,0.1757,11.0,0.09,0.6923,0.9103
548,2023-10-04,2235,"Haliburton, Kawartha, Pine Ridge District Health Unit",0.0804,44.0,0.24,0.922,0.9932
549,2023-10-04,3895,City of Toronto Health Unit,0.1398,536.0,0.17,0.8916,0.969
550,2023-10-04,2238,Hastings and Prince Edward Counties Health Unit,0.2344,30.0,0.18,0.8258,0.8903
551,2023-10-04,2227,Brant County Health Unit,0.1476,47.0,0.31,0.9422,0.983
552,2023-10-04,2262,Thunder Bay District Health Unit,0.159,40.0,0.27,0.9185,0.9741
553,2023-10-04,2233,Grey Bruce Health Unit,0.2029,30.0,0.17,0.7435,0.9476
554,2023-10-04,2268,Windsor-Essex County Health Unit,0.2289,41.0,0.1,0.7555,0.9307
555,2023-10-04,2251,City of Ottawa Health Unit,0.1853,150.0,0.14,0.8533,0.9505
556,2023-10-04,4913,Southwestern Public Health,0.2456,41.0,0.19,0.7025,0.9272
557,2023-10-04,2249,Northwestern Health Unit,0.0482,12.0,0.14,0.8824,0.9059
558,2023-10-04,2258,Eastern Ontario Health Unit,0.2019,46.0,0.22,0.9408,0.9861
559,2023-10-04,2266,Wellington-Dufferin-Guelph Health Unit,0.1818,50.0,0.16,0.7964,0.9311
560,2023-10-04,2263,Timiskaming Health Unit,0.5676,5.0,0.16,0.5862,0.8276
561,2023-10-03,2227,Brant County Health Unit,0.1538,43.0,0.28,0.8925,0.9713
562,2023-10-03,2262,Thunder Bay District Health Unit,0.156,40.0,0.27,0.9065,0.9712
563,2023-10-03,2268,Windsor-Essex County Health Unit,0.2362,39.0,0.09,0.7992,0.9426
564,2023-10-03,2255,Peterborough County-City Health Unit,0.2185,34.0,0.23,0.8384,0.9083
565,2023-10-03,2261,Sudbury and District Health Unit,0.1367,70.0,0.35,0.9659,0.9818
566,2023-10-03,2242,Lambton Health Unit,0.2564,17.0,0.13,0.5974,0.961
567,2023-10-03,35,Ontario,0.1708,2556.0,0.17,0.8451,0.9504
568,2023-10-03,4913,Southwestern Public Health,0.236,46.0,0.22,0.7118,0.9583
569,2023-10-03,2247,North Bay Parry Sound District Health Unit,0.0739,25.0,0.19,0.9402,0.9783
570,2023-10-03,2251,City of Ottawa Health Unit,0.1965,149.0,0.14,0.89,0.9611
571,2023-10-03,2235,"Haliburton, Kawartha, Pine Ridge District Health Unit",0.0906,43.0,0.23,0.9384,0.9891
572,2023-10-03,2236,Halton Regional Health Unit,0.1713,67.0,0.11,0.6861,0.8295
573,2023-10-03,2253,Peel Regional Health Unit,0.1587,252.0,0.16,0.9146,0.966
574,2023-10-03,5183,Huron Perth Health Unit,0.1925,27.0,0.19,0.5562,0.9467
575,2023-10-03,2258,Eastern Ontario Health Unit,0.1358,38.0,0.18,0.9167,0.9891
576,2023-10-03,2244,Middlesex-London Health Unit,0.2471,86.0,0.17,0.8411,0.9568
577,2023-10-03,2230,Durham Regional Health Unit,0.1811,107.0,0.15,0.8416,0.9335
578,2023-10-03,3895,City of Toronto Health Unit,0.1369,538.0,0.17,0.8926,0.9699
579,2023-10-03,2241,"Kingston, Frontenac and Lennox and Addington Health Unit",0.1917,79.0,0.37,0.9326,0.9653
580,2023-10-03,2234,Haldimand-Norfolk Health Unit,0.16,11.0,0.09,0.6706,0.9176
581,2023-10-03,2260,Simcoe Muskoka District Health Unit,0.1602,81.0,0.14,0.8203,0.9347
582,2023-10-03,2226,District of Algoma Health Unit,0.1772,34.0,0.3,0.9339,0.978
583,2023-10-03,2233,Grey Bruce Health Unit,0.2167,29.0,0.17,0.7459,0.9568
584,2023-10-03,2237,City of Hamilton Health Unit,0.1765,117.0,0.2,0.8743,0.9569
585,2023-10-03,2256,Porcupine Health Unit,0.0667,13.0,0.15,0.9487,0.9615
586,2023-10-03,2243,"Leeds, Grenville and Lanark District Health Unit",0.1934,30.0,0.17,0.8919,0.9865
587,2023-10-03,2249,Northwestern Health Unit,0.0263,11.0,0.12,0.875,0.9
588,2023-10-03,2265,Waterloo Health Unit,0.1968,81.0,0.14,0.5468,0.8368
589,2023-10-03,2270,York Regional Health Unit,0.1894,176.0,0.14,0.8654,0.9559
590,2023-10-03,2266,Wellington-Dufferin-Guelph Health Unit,0.189,49.0,0.16,0.7679,0.9375
591,2023-10-03,2238,Hastings and Prince Edward Counties Health Unit,0.2778,26.0,0.15,0.8323,0.9627
592,2023-10-03,2240,Chatham-Kent Health Unit,0.2174,10.0,0.09,0.5596,0.9817
593,2023-10-03,2246,Niagara Regional Area Health Unit,0.1525,99.0,0.21,0.6662,0.913
594,2023-10-03,2257,Renfrew County and District Health Unit,0.2742,18.0,0.16,0.7459,0.9016
595,2023-10-03,2263,Timiskaming Health Unit,0.5476,6.0,0.18,0.6111,0.8611
596,2023-10-02,2236,Halton Regional Health Unit,0.1803,67.0,0.11,0.6931,0.8374
597,2023-10-02,2255,Peterborough County-City Health Unit,0.2103,36.0,0.24,0.852,0.916
598,2023-10-02,2242,Lambton Health Unit,0.2892,12.0,0.09,0.6286,1.0
599,2023-10-02,2249,Northwestern Health Unit,0.0353,12.0,0.14,0.881,0.9048
600,2023-10-02,2237,City of Hamilton Health Unit,0.1691,117.0,0.2,0.8746,0.9594
601,2023-10-02,2241,"Kingston, Frontenac and Lennox and Addington Health Unit",0.1963,77.0,0.36,0.9393,0.9687
602,2023-10-02,2270,York Regional Health Unit,0.1938,176.0,0.14,0.8549,0.9462
603,2023-10-02,2240,Chatham-Kent Health Unit,0.1786,12.0,0.11,0.5877,0.9649
604,2023-10-02,2261,Sudbury and District Health Unit,0.157,62.0,0.31,0.9643,0.9769
605,2023-10-02,2235,"Haliburton, Kawartha, Pine Ridge District Health Unit",0.1142,41.0,0.22,0.9377,0.9896
606,2023-10-02,2227,Brant County Health Unit,0.1615,37.0,0.24,0.8939,0.9735
607,2023-10-02,2263,Timiskaming Health Unit,0.4545,5.0,0.14,0.697,0.9394
608,2023-10-02,2244,Middlesex-London Health Unit,0.2736,86.0,0.17,0.8389,0.9396
609,2023-10-02,2226,District of Algoma Health Unit,0.1887,30.0,0.26,0.933,0.9866
610,2023-10-02,3895,City of Toronto Health Unit,0.1369,539.0,0.17,0.8887,0.9646
611,2023-10-02,2262,Thunder Bay District Health Unit,0.1632,41.0,0.27,0.9179,0.9643
612,2023-10-02,5183,Huron Perth Health Unit,0.1879,24.0,0.17,0.5575,0.9368
613,2023-10-02,2247,North Bay Parry Sound District Health Unit,0.0532,27.0,0.21,0.9572,0.9786
614,2023-10-02,2243,"Leeds, Grenville and Lanark District Health Unit",0.1911,32.0,0.19,0.9198,0.9906
615,2023-10-02,2266,Wellington-Dufferin-Guelph Health Unit,0.1677,45.0,0.14,0.7421,0.9214
616,2023-10-02,2238,Hastings and Prince Edward Counties Health Unit,0.2456,24.0,0.14,0.8791,0.9907
617,2023-10-02,2260,Simcoe Muskoka District Health Unit,0.1627,79.0,0.13,0.8315,0.9337
618,2023-10-02,2253,Peel Regional Health Unit,0.1682,254.0,0.16,0.9061,0.9618
619,2023-10-02,2258,Eastern Ontario Health Unit,0.1306,38.0,0.18,0.9307,0.9891
620,2023-10-02,2246,Niagara Regional Area Health Unit,0.1778,103.0,0.22,0.6567,0.9016
621,2023-10-02,2265,Waterloo Health Unit,0.1959,83.0,0.14,0.5403,0.8323
622,2023-10-02,2256,Porcupine Health Unit,0.0488,12.0,0.14,0.9545,0.9886
623,2023-10-02,4913,Southwestern Public Health,0.2237,43.0,0.21,0.7519,0.9778
624,2023-10-02,2268,Windsor-Essex County Health Unit,0.2201,38.0,0.09,0.8077,0.9615
625,2023-10-02,2257,Renfrew County and District Health Unit,0.264,18.0,0.16,0.7724,0.9268
626,2023-10-02,2234,Haldimand-Norfolk Health Unit,0.1688,11.0,0.1,0.6747,0.9277
627,2023-10-02,2230,Durham Regional Health Unit,0.2014,102.0,0.14,0.8294,0.9184
628,2023-10-02,2251,City of Ottawa Health Unit,0.2084,147.0,0.14,0.8839,0.9633
629,2023-10-02,35,Ontario,0.1741,2524.0,0.17,0.8443,0.948
630,2023-10-02,2233,Grey Bruce Health Unit,0.1905,27.0,0.16,0.7696,0.9634
631,2023-10-01,2233,Grey Bruce Health Unit,0.2549,29.0,0.17,0.785,0.97
632,2023-10-01,2244,Middlesex-London Health Unit,0.2745,89.0,0.18,0.8379,0.9374
633,2023-10-01,2236,Halton Regional Health Unit,0.1744,70.0,0.11,0.7203,0.8559
634,2023-10-01,2227,Brant County Health Unit,0.1526,36.0,0.23,0.8854,0.9684
635,2023-10-01,3895,City of Toronto Health Unit,0.1383,541.0,0.17,0.8883,0.9649
636,2023-10-01,2260,Simcoe Muskoka District Health Unit,0.153,82.0,0.14,0.8356,0.9379
637,2023-10-01,2262,Thunder Bay District Health Unit,0.1644,42.0,0.28,0.907,0.9668
638,2023-10-01,35,Ontario,0.177,2553.0,0.17,0.8488,0.9487
639,2023-10-01,4913,Southwestern Public Health,0.2069,41.0,0.2,0.7453,0.9588
640,2023-10-01,2241,"Kingston, Frontenac and Lennox and Addington Health Unit",0.2087,75.0,0.35,0.9504,0.9643
641,2023-10-01,2242,Lambton Health Unit,0.2658,11.0,0.09,0.5753,0.9589
642,2023-10-01,2234,Haldimand-Norfolk Health Unit,0.1646,11.0,0.1,0.6795,0.9359
643,2023-10-01,2247,North Bay Parry Sound District Health Unit,0.0529,27.0,0.21,0.9574,0.9787
644,2023-10-01,2261,Sudbury and District Health Unit,0.1489,67.0,0.34,0.9603,0.9729
645,2023-10-01,2270,York Regional Health Unit,0.201,177.0,0.14,0.8559,0.9475
646,2023-10-01,2237,City of Hamilton Health Unit,0.1653,118.0,0.2,0.8998,0.967
647,2023-10-01,2226,District of Algoma Health Unit,0.2568,32.0,0.28,0.9352,0.9861
648,2023-10-01,2251,City of Ottawa Health Unit,0.2026,143.0,0.14,0.8943,0.9731
649,2023-10-01,2246,Niagara Regional Area Health Unit,0.1927,102.0,0.22,0.6576,0.8895
650,2023-10-01,2249,Northwestern Health Unit,0.0588,12.0,0.14,0.8675,0.8916
651,2023-10-01,2265,Waterloo Health Unit,0.1994,89.0,0.15,0.5649,0.8522
652,2023-10-01,2240,Chatham-Kent Health Unit,0.1833,17.0,0.16,0.621,0.9677
653,2023-10-01,5183,Huron Perth Health Unit,0.2043,27.0,0.19,0.5602,0.9424
654,2023-10-01,2235,"Haliburton, Kawartha, Pine Ridge District Health Unit",0.1271,42.0,0.22,0.9344,0.9869
655,2023-10-01,2230,Durham Regional Health Unit,0.2046,98.0,0.14,0.8439,0.9274
656,2023-10-01,2266,Wellington-Dufferin-Guelph Health Unit,0.1487,45.0,0.14,0.7278,0.9113
657,2023-10-01,2257,Renfrew County and District Health Unit,0.2031,18.0,0.17,0.792,0.936
658,2023-10-01,2268,Windsor-Essex County Health Unit,0.2342,38.0,0.09,0.8015,0.9522
659,2023-10-01,2253,Peel Regional Health Unit,0.1715,247.0,0.15,0.9105,0.9608
660,2023-10-01,2258,Eastern Ontario Health Unit,0.1569,39.0,0.19,0.9257,0.9814
661,2023-10-01,2256,Porcupine Health Unit,0.0625,11.0,0.14,0.9487,0.9872
662,2023-10-01,2255,Peterborough County-City Health Unit,0.2041,35.0,0.24,0.8661,0.9121
663,2023-10-01,2238,Hastings and Prince Edward Counties Health Unit,0.2719,33.0,0.19,0.8472,0.9583
664,2023-10-01,2243,"Leeds, Grenville and Lanark District Health Unit",0.1955,31.0,0.18,0.9065,0.9766
665,2023-10-01,2263,Timiskaming Health Unit,0.4324,5.0,0.16,0.697,0.9394
666,2023-09-30,2260,Simcoe Muskoka District Health Unit,0.1636,86.0,0.14,0.8384,0.9377
667,2023-09-30,2235,"Haliburton, Kawartha, Pine Ridge District Health Unit",0.1314,45.0,0.24,0.9359,0.984
668,2023-09-30,2256,Porcupine Health Unit,0.075,11.0,0.14,0.9535,0.9884
669,2023-09-30,35,Ontario,0.1771,2558.0,0.17,0.847,0.9461
670,2023-09-30,2257,Renfrew County and District Health Unit,0.197,19.0,0.17,0.8175,0.9365
671,2023-09-30,2251,City of Ottawa Health Unit,0.2032,142.0,0.13,0.8959,0.9737
672,2023-09-30,2255,Peterborough County-City Health Unit,0.2092,34.0,0.23,0.859,0.9145
673,2023-09-30,2268,Windsor-Essex County Health Unit,0.2299,39.0,0.09,0.8118,0.952
674,2023-09-30,2240,Chatham-Kent Health Unit,0.1803,17.0,0.16,0.6033,0.9669
675,2023-09-30,2233,Grey Bruce Health Unit,0.2637,29.0,0.17,0.79,0.98
676,2023-09-30,2237,City of Hamilton Health Unit,0.163,122.0,0.21,0.9,0.9679
677,2023-09-30,2236,Halton Regional Health Unit,0.1778,71.0,0.11,0.7227,0.8613
678,2023-09-30,2253,Peel Regional Health Unit,0.1698,251.0,0.16,0.9109,0.9606
679,2023-09-30,2241,"Kingston, Frontenac and Lennox and Addington Health Unit",0.2092,74.0,0.35,0.9511,0.9667
680,2023-09-30,2246,Niagara Regional Area Health Unit,0.1912,104.0,0.22,0.651,0.8765
681,2023-09-30,2234,Haldimand-Norfolk Health Unit,0.1928,12.0,0.1,0.7297,0.9324
682,2023-09-30,2226,District of Algoma Health Unit,0.2679,30.0,0.26,0.931,0.9852
683,2023-09-30,2263,Timiskaming Health Unit,0.4444,5.0,0.16,0.75,0.9286
684,2023-09-30,2247,North Bay Parry Sound District Health Unit,0.0529,27.0,0.21,0.9436,0.9744
685,2023-09-30,2227,Brant County Health Unit,0.1612,35.0,0.22,0.8756,0.9585
686,2023-09-30,2238,Hastings and Prince Edward Counties Health Unit,0.2326,31.0,0.18,0.8451,0.9577
687,2023-09-30,5183,Huron Perth Health Unit,0.2077,26.0,0.19,0.5345,0.9368
688,2023-09-30,2242,Lambton Health Unit,0.3425,10.0,0.08,0.5972,0.9583
689,2023-09-30,2244,Middlesex-London Health Unit,0.2744,88.0,0.17,0.8257,0.9375
690,2023-09-30,2230,Durham Regional Health Unit,0.2108,95.0,0.13,0.819,0.9231
691,2023-09-30,3895,City of Toronto Health Unit,0.1377,542.0,0.17,0.8833,0.959
692,2023-09-30,2270,York Regional Health Unit,0.1936,179.0,0.15,0.8635,0.947
693,2023-09-30,2249,Northwestern Health Unit,0.0455,13.0,0.14,0.8864,0.8977
694,2023-09-30,4913,Southwestern Public Health,0.2138,39.0,0.19,0.7416,0.9588
695,2023-09-30,2266,Wellington-Dufferin-Guelph Health Unit,0.1524,45.0,0.14,0.7201,0.8931
696,2023-09-30,2243,"Leeds, Grenville and Lanark District Health Unit",0.1781,31.0,0.18,0.9159,0.9779
697,2023-09-30,2262,Thunder Bay District Health Unit,0.1502,42.0,0.28,0.9064,0.9666
698,2023-09-30,2258,Eastern Ontario Health Unit,0.1479,37.0,0.18,0.9283,0.9801
699,2023-09-30,2261,Sudbury and District Health Unit,0.159,66.0,0.33,0.9514,0.9725
700,2023-09-30,2265,Waterloo Health Unit,0.2104,90.0,0.15,0.5651,0.842
701,2023-09-29,2234,Haldimand-Norfolk Health Unit,0.1951,12.0,0.1,0.7162,0.9459
702,2023-09-29,2258,Eastern Ontario Health Unit,0.1371,35.0,0.17,0.9262,0.9795
703,2023-09-29,2260,Simcoe Muskoka District Health Unit,0.1755,84.0,0.14,0.8242,0.93
704,2023-09-29,2244,Middlesex-London Health Unit,0.2771,86.0,0.17,0.8196,0.9347
705,2023-09-29,2230,Durham Regional Health Unit,0.225,93.0,0.13,0.8025,0.9201
706,2023-09-29,2249,Northwestern Health Unit,0.0465,12.0,0.14,0.8721,0.8953
707,2023-09-29,2257,Renfrew County and District Health Unit,0.1417,17.0,0.16,0.8378,0.955
708,2023-09-29,2238,Hastings and Prince Edward Counties Health Unit,0.2243,31.0,0.18,0.8552,0.9593
709,2023-09-29,2247,North Bay Parry Sound District Health Unit,0.0513,28.0,0.21,0.95,0.975
710,2023-09-29,2240,Chatham-Kent Health Unit,0.175,17.0,0.16,0.5968,0.9677
711,2023-09-29,5183,Huron Perth Health Unit,0.1897,25.0,0.18,0.5376,0.9364
712,2023-09-29,2236,Halton Regional Health Unit,0.1717,72.0,0.12,0.7288,0.8708
713,2023-09-29,2263,Timiskaming Health Unit,0.4571,5.0,0.15,0.6897,0.8966
714,2023-09-29,2270,York Regional Health Unit,0.1904,179.0,0.15,0.8694,0.9482
715,2023-09-29,2265,Waterloo Health Unit,0.2029,89.0,0.15,0.5521,0.8342
716,2023-09-29,2242,Lambton Health Unit,0.2917,10.0,0.08,0.5811,0.9595
717,2023-09-29,2243,"Leeds, Grenville and Lanark District Health Unit",0.1778,32.0,0.19,0.9144,0.9775
718,2023-09-29,2226,District of Algoma Health Unit,0.2772,29.0,0.25,0.9289,0.9848
719,2023-09-29,2256,Porcupine Health Unit,0.0889,13.0,0.15,0.9556,0.9889
720,2023-09-29,2246,Niagara Regional Area Health Unit,0.2028,103.0,0.22,0.6339,0.871
721,2023-09-29,2268,Windsor-Essex County Health Unit,0.2364,39.0,0.09,0.8656,0.9763
722,2023-09-29,4913,Southwestern Public Health,0.1931,37.0,0.17,0.7549,0.9572
723,2023-09-29,2262,Thunder Bay District Health Unit,0.1723,42.0,0.28,0.9048,0.966
724,2023-09-29,2251,City of Ottawa Health Unit,0.1955,139.0,0.13,0.9005,0.9767
725,2023-09-29,35,Ontario,0.1751,2534.0,0.17,0.8511,0.9481
726,2023-09-29,2237,City of Hamilton Health Unit,0.1544,124.0,0.21,0.9014,0.9688
727,2023-09-29,2227,Brant County Health Unit,0.1549,30.0,0.2,0.8515,0.9505
728,2023-09-29,2233,Grey Bruce Health Unit,0.265,29.0,0.17,0.7822,0.9851
729,2023-09-29,2241,"Kingston, Frontenac and Lennox and Addington Health Unit",0.2154,72.0,0.34,0.9659,0.9779
730,2023-09-29,2266,Wellington-Dufferin-Guelph Health Unit,0.1433,43.0,0.14,0.7426,0.8944
731,2023-09-29,3895,City of Toronto Health Unit,0.1371,547.0,0.18,0.8902,0.9605
732,2023-09-29,2261,Sudbury and District Health Unit,0.1642,67.0,0.34,0.9545,0.9743
733,2023-09-29,2235,"Haliburton, Kawartha, Pine Ridge District Health Unit",0.1299,44.0,0.23,0.9443,0.9869
734,2023-09-29,2255,Peterborough County-City Health Unit,0.2174,33.0,0.22,0.8591,0.9273
735,2023-09-29,2253,Peel Regional Health Unit,0.1644,244.0,0.15,0.9246,0.9668
736,2023-09-28,2236,Halton Regional Health Unit,0.1717,72.0,0.12,0.7055,0.8623
737,2023-09-28,2255,Peterborough County-City Health Unit,0.2251,33.0,0.22,0.8589,0.9336
738,2023-09-28,2247,North Bay Parry Sound District Health Unit,0.0539,29.0,0.22,0.9614,0.9807
739,2023-09-28,2253,Peel Regional Health Unit,0.1664,246.0,0.15,0.9126,0.9645
740,2023-09-28,2261,Sudbury and District Health Unit,0.1774,67.0,0.34,0.9447,0.9652
741,2023-09-28,2241,"Kingston, Frontenac and Lennox and Addington Health Unit",0.2177,71.0,0.33,0.9646,0.975
742,2023-09-28,4913,Southwestern Public Health,0.1686,37.0,0.18,0.7739,0.9478
743,2023-09-28,2238,Hastings and Prince Edward Counties Health Unit,0.2321,32.0,0.19,0.8426,0.9491
744,2023-09-28,2244,Middlesex-London Health Unit,0.3005,83.0,0.16,0.8164,0.9393
745,2023-09-28,2270,York Regional Health Unit,0.1917,175.0,0.14,0.8445,0.9404
746,2023-09-28,2242,Lambton Health Unit,0.2361,10.0,0.08,0.5658,0.9605
747,2023-09-28,2243,"Leeds, Grenville and Lanark District Health Unit",0.177,30.0,0.17,0.9163,0.9754
748,2023-09-28,2249,Northwestern Health Unit,0.0723,12.0,0.14,0.8625,0.9
749,2023-09-28,2266,Wellington-Dufferin-Guelph Health Unit,0.1282,45.0,0.14,0.7339,0.893
750,2023-09-28,2235,"Haliburton, Kawartha, Pine Ridge District Health Unit",0.1347,42.0,0.22,0.939,0.9763
751,2023-09-28,2240,Chatham-Kent Health Unit,0.12,18.0,0.17,0.6269,0.9701
752,2023-09-28,2265,Waterloo Health Unit,0.1962,82.0,0.14,0.5512,0.8516
753,2023-09-28,2256,Porcupine Health Unit,0.0778,13.0,0.15,0.9444,0.9778
754,2023-09-28,5183,Huron Perth Health Unit,0.1724,25.0,0.18,0.586,0.949
755,2023-09-28,2257,Renfrew County and District Health Unit,0.123,17.0,0.16,0.8403,0.958
756,2023-09-28,2251,City of Ottawa Health Unit,0.1813,138.0,0.13,0.9018,0.9833
757,2023-09-28,2226,District of Algoma Health Unit,0.2926,27.0,0.23,0.9441,0.9832
758,2023-09-28,2258,Eastern Ontario Health Unit,0.1271,34.0,0.16,0.9167,0.9792
759,2023-09-28,2268,Windsor-Essex County Health Unit,0.2564,39.0,0.09,0.861,0.9768
760,2023-09-28,2237,City of Hamilton Health Unit,0.1392,124.0,0.21,0.8986,0.9712
761,2023-09-28,2234,Haldimand-Norfolk Health Unit,0.1622,11.0,0.09,0.6742,0.9326
762,2023-09-28,2263,Timiskaming Health Unit,0.3704,4.0,0.12,0.8,0.96
763,2023-09-28,2246,Niagara Regional Area Health Unit,0.21,97.0,0.21,0.6081,0.8621
764,2023-09-28,2262,Thunder Bay District Health Unit,0.1805,40.0,0.26,0.887,0.9555
765,2023-09-28,2227,Brant County Health Unit,0.1527,29.0,0.19,0.8373,0.9522
766,2023-09-28,2260,Simcoe Muskoka District Health Unit,0.1837,82.0,0.14,0.7915,0.9186
767,2023-09-28,2230,Durham Regional Health Unit,0.2192,88.0,0.12,0.7821,0.9138
768,2023-09-28,35,Ontario,0.1744,2492.0,0.17,0.841,0.9468
769,2023-09-28,3895,City of Toronto Health Unit,0.1397,541.0,0.17,0.8782,0.9601
770,2023-09-28,2233,Grey Bruce Health Unit,0.2902,28.0,0.16,0.7512,0.9854
771,2023-09-27,2234,Haldimand-Norfolk Health Unit,0.1446,12.0,0.1,0.7391,0.9565
772,2023-09-27,2227,Brant County Health Unit,0.1316,27.0,0.17,0.8241,0.9347
773,2023-09-27,35,Ontario,0.174,2471.0,0.17,0.84,0.9454
774,2023-09-27,2262,Thunder Bay District Health Unit,0.1908,43.0,0.29,0.8954,0.9575
775,2023-09-27,2226,District of Algoma Health Unit,0.2948,25.0,0.22,0.9353,0.9765
776,2023-09-27,2268,Windsor-Essex County Health Unit,0.2471,38.0,0.09,0.8588,0.9695
777,2023-09-27,2261,Sudbury and District Health Unit,0.1656,68.0,0.34,0.9562,0.9729
778,2023-09-27,2257,Renfrew County and District Health Unit,0.0984,17.0,0.16,0.8417,0.9583
779,2023-09-27,2241,"Kingston, Frontenac and Lennox and Addington Health Unit",0.2232,68.0,0.32,0.979,0.9874
780,2023-09-27,2263,Timiskaming Health Unit,0.2857,4.0,0.12,0.75,0.9583
781,2023-09-27,2244,Middlesex-London Health Unit,0.2974,84.0,0.16,0.8106,0.9386
782,2023-09-27,2242,Lambton Health Unit,0.2162,11.0,0.08,0.5541,0.9595
783,2023-09-27,2230,Durham Regional Health Unit,0.211,86.0,0.12,0.7739,0.9148
784,2023-09-27,3895,City of Toronto Health Unit,0.1438,543.0,0.17,0.8709,0.9579
785,2023-09-27,2235,"Haliburton, Kawartha, Pine Ridge District Health Unit",0.1462,43.0,0.23,0.9472,0.9769
786,2023-09-27,2270,York Regional Health Unit,0.1863,171.0,0.14,0.8297,0.9277
787,2023-09-27,2236,Halton Regional Health Unit,0.1611,68.0,0.11,0.7421,0.871
788,2023-09-27,2256,Porcupine Health Unit,0.0899,13.0,0.15,0.931,0.977
789,2023-09-27,2266,Wellington-Dufferin-Guelph Health Unit,0.1509,45.0,0.15,0.7174,0.8882
790,2023-09-27,4913,Southwestern Public Health,0.1494,34.0,0.16,0.7225,0.9306
791,2023-09-27,2240,Chatham-Kent Health Unit,0.1231,19.0,0.17,0.6231,0.9769
792,2023-09-27,2237,City of Hamilton Health Unit,0.1516,122.0,0.21,0.9078,0.9752
793,2023-09-27,2251,City of Ottawa Health Unit,0.1727,138.0,0.13,0.904,0.9842
794,2023-09-27,2243,"Leeds, Grenville and Lanark District Health Unit",0.1373,29.0,0.17,0.9388,0.9796
795,2023-09-27,5183,Huron Perth Health Unit,0.1686,25.0,0.18,0.6234,0.9545
796,2023-09-27,2253,Peel Regional Health Unit,0.1572,242.0,0.15,0.9087,0.9619
797,2023-09-27,2238,Hastings and Prince Edward Counties Health Unit,0.2297,30.0,0.18,0.8498,0.9437
798,2023-09-27,2246,Niagara Regional Area Health Unit,0.2186,95.0,0.2,0.6246,0.8649
799,2023-09-27,2258,Eastern Ontario Health Unit,0.1545,33.0,0.16,0.9091,0.9827
800,2023-09-27,2247,North Bay Parry Sound District Health Unit,0.0634,29.0,0.23,0.9608,0.9902
801,2023-09-27,2255,Peterborough County-City Health Unit,0.2398,35.0,0.24,0.885,0.9646
802,2023-09-27,2249,Northwestern Health Unit,0.0854,12.0,0.13,0.9067,0.9333
803,2023-09-27,2265,Waterloo Health Unit,0.1976,82.0,0.14,0.5786,0.85
804,2023-09-27,2260,Simcoe Muskoka District Health Unit,0.1826,81.0,0.13,0.7951,0.9219
805,2023-09-27,2233,Grey Bruce Health Unit,0.3039,29.0,0.17,0.664,0.8893
806,2023-09-26,2242,Lambton Health Unit,0.2,11.0,0.08,0.5362,0.9565
807,2023-09-26,2230,Durham Regional Health Unit,0.1949,84.0,0.12,0.786,0.9245
808,2023-09-26,2263,Timiskaming Health Unit,0.2609,3.0,0.1,0.8095,0.9524
809,2023-09-26,2268,Windsor-Essex County Health Unit,0.236,38.0,0.09,0.8509,0.9673
810,2023-09-26,2243,"Leeds, Grenville and Lanark District Health Unit",0.1089,29.0,0.17,0.911,0.9686
811,2023-09-26,2266,Wellington-Dufferin-Guelph Health Unit,0.1517,46.0,0.15,0.7278,0.8711
812,2023-09-26,2258,Eastern Ontario Health Unit,0.1617,34.0,0.16,0.938,0.9835
813,2023-09-26,3895,City of Toronto Health Unit,0.1471,534.0,0.17,0.8664,0.9583
814,2023-09-26,2237,City of Hamilton Health Unit,0.1538,125.0,0.21,0.9156,0.9778
815,2023-09-26,2226,District of Algoma Health Unit,0.2924,24.0,0.21,0.9318,0.983
816,2023-09-26,2244,Middlesex-London Health Unit,0.3038,82.0,0.16,0.8188,0.9457
817,2023-09-26,2261,Sudbury and District Health Unit,0.1762,67.0,0.34,0.9565,0.9739
818,2023-09-26,2236,Halton Regional Health Unit,0.1626,70.0,0.11,0.7834,0.9015
819,2023-09-26,2255,Peterborough County-City Health Unit,0.2553,34.0,0.23,0.8973,0.9732
820,2023-09-26,4913,Southwestern Public Health,0.1469,25.0,0.12,0.6919,0.9128
821,2023-09-26,2241,"Kingston, Frontenac and Lennox and Addington Health Unit",0.2537,68.0,0.32,0.9658,0.9859
822,2023-09-26,2256,Porcupine Health Unit,0.0909,11.0,0.13,0.8929,0.9881
823,2023-09-26,2251,City of Ottawa Health Unit,0.1699,140.0,0.13,0.8956,0.9785
824,2023-09-26,2260,Simcoe Muskoka District Health Unit,0.1721,83.0,0.14,0.7907,0.9195
825,2023-09-26,2238,Hastings and Prince Edward Counties Health Unit,0.2804,31.0,0.18,0.9005,0.9457
826,2023-09-26,5183,Huron Perth Health Unit,0.1916,24.0,0.17,0.6497,0.949
827,2023-09-26,2240,Chatham-Kent Health Unit,0.1231,19.0,0.17,0.8061,0.9694
828,2023-09-26,2227,Brant County Health Unit,0.1237,28.0,0.18,0.8515,0.9307
829,2023-09-26,35,Ontario,0.175,2438.0,0.16,0.8452,0.9464
830,2023-09-26,2257,Renfrew County and District Health Unit,0.0917,17.0,0.16,0.8547,0.9658
831,2023-09-26,2234,Haldimand-Norfolk Health Unit,0.1702,13.0,0.12,0.7129,0.9307
832,2023-09-26,2233,Grey Bruce Health Unit,0.2648,31.0,0.18,0.659,0.8927
833,2023-09-26,2253,Peel Regional Health Unit,0.1683,216.0,0.13,0.9094,0.9664
834,2023-09-26,2246,Niagara Regional Area Health Unit,0.2156,99.0,0.21,0.6284,0.8553
835,2023-09-26,2235,"Haliburton, Kawartha, Pine Ridge District Health Unit",0.1258,43.0,0.23,0.9384,0.9795
836,2023-09-26,2247,North Bay Parry Sound District Health Unit,0.0664,30.0,0.23,0.9617,0.9904
837,2023-09-26,2265,Waterloo Health Unit,0.1778,84.0,0.14,0.6356,0.8441
838,2023-09-26,2270,York Regional Health Unit,0.1756,168.0,0.14,0.8376,0.9356
839,2023-09-26,2249,Northwestern Health Unit,0.0988,12.0,0.13,0.9041,0.9315
840,2023-09-26,2262,Thunder Bay District Health Unit,0.1993,43.0,0.29,0.8973,0.9589
841,2023-09-25,2270,York Regional Health Unit,0.1659,164.0,0.13,0.8462,0.9433
842,2023-09-25,3895,City of Toronto Health Unit,0.1492,519.0,0.17,0.858,0.9578
843,2023-09-25,2266,Wellington-Dufferin-Guelph Health Unit,0.1519,50.0,0.16,0.709,0.8588
844,2023-09-25,2268,Windsor-Essex County Health Unit,0.2527,39.0,0.09,0.8506,0.954
845,2023-09-25,2242,Lambton Health Unit,0.1765,10.0,0.07,0.5775,0.9155
846,2023-09-25,2260,Simcoe Muskoka District Health Unit,0.1522,79.0,0.13,0.7778,0.913
847,2023-09-25,2261,Sudbury and District Health Unit,0.1591,66.0,0.33,0.9573,0.9787
848,2023-09-25,2236,Halton Regional Health Unit,0.1467,69.0,0.11,0.777,0.9007
849,2023-09-25,2265,Waterloo Health Unit,0.1801,78.0,0.13,0.6178,0.8356
850,2023-09-25,2235,"Haliburton, Kawartha, Pine Ridge District Health Unit",0.1131,40.0,0.21,0.9375,0.9757
851,2023-09-25,2249,Northwestern Health Unit,0.1029,10.0,0.11,0.8923,0.9385
852,2023-09-25,2263,Timiskaming Health Unit,0.1481,4.0,0.12,0.8,0.92
853,2023-09-25,2237,City of Hamilton Health Unit,0.1746,129.0,0.22,0.9101,0.9775
854,2023-09-25,2234,Haldimand-Norfolk Health Unit,0.1667,15.0,0.14,0.75,0.9397
855,2023-09-25,2240,Chatham-Kent Health Unit,0.12,18.0,0.17,0.7553,0.9681
856,2023-09-25,4913,Southwestern Public Health,0.1145,24.0,0.11,0.6199,0.8889
857,2023-09-25,2251,City of Ottawa Health Unit,0.164,136.0,0.13,0.894,0.9735
858,2023-09-25,2238,Hastings and Prince Edward Counties Health Unit,0.2991,32.0,0.19,0.8728,0.9249
859,2023-09-25,2230,Durham Regional Health Unit,0.1905,81.0,0.11,0.789,0.9354
860,2023-09-25,2257,Renfrew County and District Health Unit,0.0909,16.0,0.14,0.8302,0.9623
861,2023-09-25,2241,"Kingston, Frontenac and Lennox and Addington Health Unit",0.2452,67.0,0.31,0.9634,0.9858
862,2023-09-25,2247,North Bay Parry Sound District Health Unit,0.0922,29.0,0.23,0.9659,0.9902
863,2023-09-25,2255,Peterborough County-City Health Unit,0.3,34.0,0.23,0.8811,0.9736
864,2023-09-25,2246,Niagara Regional Area Health Unit,0.1926,100.0,0.21,0.6527,0.8675
865,2023-09-25,2243,"Leeds, Grenville and Lanark District Health Unit",0.1047,27.0,0.16,0.8894,0.9648
866,2023-09-25,2226,District of Algoma Health Unit,0.3179,25.0,0.22,0.9272,0.9801
867,2023-09-25,2258,Eastern Ontario Health Unit,0.1647,36.0,0.17,0.9447,0.9881
868,2023-09-25,35,Ontario,0.1722,2400.0,0.16,0.839,0.944
869,2023-09-25,2256,Porcupine Health Unit,0.1333,11.0,0.13,0.8514,0.9595
870,2023-09-25,2253,Peel Regional Health Unit,0.1575,213.0,0.13,0.9135,0.9685
871,2023-09-25,2227,Brant County Health Unit,0.1244,29.0,0.19,0.8522,0.931
872,2023-09-25,2244,Middlesex-London Health Unit,0.2806,80.0,0.16,0.7686,0.8946
873,2023-09-25,2262,Thunder Bay District Health Unit,0.1873,43.0,0.28,0.9037,0.9734
874,2023-09-25,2233,Grey Bruce Health Unit,0.2926,33.0,0.19,0.6398,0.8774
875,2023-09-25,5183,Huron Perth Health Unit,0.1697,24.0,0.17,0.6188,0.95
876,2023-09-24,3895,City of Toronto Health Unit,0.1549,517.0,0.17,0.8504,0.9554
877,2023-09-24,2270,York Regional Health Unit,0.1665,163.0,0.13,0.8415,0.9431
878,2023-09-24,2257,Renfrew County and District Health Unit,0.0874,15.0,0.14,0.8182,0.9596
879,2023-09-24,2230,Durham Regional Health Unit,0.1844,79.0,0.11,0.7948,0.9366
880,2023-09-24,35,Ontario,0.1733,2361.0,0.16,0.8369,0.9458
881,2023-09-24,2243,"Leeds, Grenville and Lanark District Health Unit",0.1186,28.0,0.16,0.867,0.9655
882,2023-09-24,2262,Thunder Bay District Health Unit,0.1973,42.0,0.28,0.8997,0.9723
883,2023-09-24,2255,Peterborough County-City Health Unit,0.3147,33.0,0.22,0.8805,0.9779
884,2023-09-24,2235,"Haliburton, Kawartha, Pine Ridge District Health Unit",0.1199,42.0,0.22,0.9401,0.9754
885,2023-09-24,2226,District of Algoma Health Unit,0.2282,21.0,0.19,0.931,0.9862
886,2023-09-24,2240,Chatham-Kent Health Unit,0.0899,13.0,0.12,0.7674,0.9535
887,2023-09-24,2260,Simcoe Muskoka District Health Unit,0.1638,76.0,0.13,0.7776,0.9125
888,2023-09-24,2236,Halton Regional Health Unit,0.1447,67.0,0.11,0.7848,0.9058
889,2023-09-24,5183,Huron Perth Health Unit,0.1558,22.0,0.16,0.5962,0.9295
890,2023-09-24,2253,Peel Regional Health Unit,0.1617,214.0,0.13,0.9118,0.9708
891,2023-09-24,2265,Waterloo Health Unit,0.1638,67.0,0.11,0.619,0.8463
892,2023-09-24,2227,Brant County Health Unit,0.1624,28.0,0.18,0.8657,0.9403
893,2023-09-24,2246,Niagara Regional Area Health Unit,0.1784,102.0,0.22,0.6576,0.8716
894,2023-09-24,2249,Northwestern Health Unit,0.0769,9.0,0.11,0.8592,0.9155
895,2023-09-24,2251,City of Ottawa Health Unit,0.1729,142.0,0.13,0.8696,0.9775
896,2023-09-24,2268,Windsor-Essex County Health Unit,0.2558,37.0,0.09,0.8633,0.9648
897,2023-09-24,2263,Timiskaming Health Unit,0.1481,4.0,0.12,0.8276,0.931
898,2023-09-24,2266,Wellington-Dufferin-Guelph Health Unit,0.1628,49.0,0.16,0.7201,0.8688
899,2023-09-24,2237,City of Hamilton Health Unit,0.1865,129.0,0.22,0.91,0.9783
900,2023-09-24,2233,Grey Bruce Health Unit,0.3347,36.0,0.21,0.6289,0.8711
901,2023-09-24,2238,Hastings and Prince Edward Counties Health Unit,0.2816,25.0,0.15,0.8982,0.9581
902,2023-09-24,2241,"Kingston, Frontenac and Lennox and Addington Health Unit",0.2046,68.0,0.32,0.9641,0.9852
903,2023-09-24,4913,Southwestern Public Health,0.1274,22.0,0.11,0.6188,0.9
904,2023-09-24,2261,Sudbury and District Health Unit,0.1528,62.0,0.31,0.9628,0.9837
905,2023-09-24,2258,Eastern Ontario Health Unit,0.1462,36.0,0.17,0.9274,0.9798
906,2023-09-24,2242,Lambton Health Unit,0.2027,11.0,0.08,0.6081,0.9324
907,2023-09-24,2256,Porcupine Health Unit,0.1429,11.0,0.13,0.8608,0.962
908,2023-09-24,2247,North Bay Parry Sound District Health Unit,0.0861,30.0,0.23,0.9657,0.9902
909,2023-09-24,2244,Middlesex-London Health Unit,0.2804,77.0,0.15,0.7696,0.8964
910,2023-09-24,2234,Haldimand-Norfolk Health Unit,0.2018,16.0,0.14,0.7568,0.9459
911,2023-09-23,2235,"Haliburton, Kawartha, Pine Ridge District Health Unit",0.1091,39.0,0.21,0.9446,0.9779
912,2023-09-23,2227,Brant County Health Unit,0.1626,29.0,0.19,0.875,0.95
913,2023-09-23,2249,Northwestern Health Unit,0.1,10.0,0.11,0.8571,0.9143
914,2023-09-23,2266,Wellington-Dufferin-Guelph Health Unit,0.1623,49.0,0.16,0.7356,0.8793
915,2023-09-23,2226,District of Algoma Health Unit,0.223,21.0,0.18,0.932,0.9864
916,2023-09-23,2258,Eastern Ontario Health Unit,0.148,36.0,0.17,0.9216,0.9804
917,2023-09-23,2257,Renfrew County and District Health Unit,0.1277,13.0,0.12,0.7872,0.9574
918,2023-09-23,4913,Southwestern Public Health,0.1125,23.0,0.11,0.6078,0.8954
919,2023-09-23,2251,City of Ottawa Health Unit,0.1694,139.0,0.13,0.8694,0.9794
920,2023-09-23,2256,Porcupine Health Unit,0.1538,11.0,0.13,0.8472,0.9583
921,2023-09-23,2265,Waterloo Health Unit,0.1447,65.0,0.11,0.6196,0.8451
922,2023-09-23,5183,Huron Perth Health Unit,0.1438,22.0,0.16,0.5855,0.9276
923,2023-09-23,2261,Sudbury and District Health Unit,0.1409,63.0,0.32,0.9704,0.9841
924,2023-09-23,2240,Chatham-Kent Health Unit,0.0787,13.0,0.12,0.7791,0.9535
925,2023-09-23,3895,City of Toronto Health Unit,0.1535,516.0,0.17,0.857,0.9618
926,2023-09-23,2262,Thunder Bay District Health Unit,0.2184,42.0,0.28,0.8997,0.9723
927,2023-09-23,2236,Halton Regional Health Unit,0.1498,68.0,0.11,0.7991,0.9031
928,2023-09-23,2244,Middlesex-London Health Unit,0.258,76.0,0.15,0.7694,0.8922
929,2023-09-23,2270,York Regional Health Unit,0.1681,161.0,0.13,0.8426,0.9443
930,2023-09-23,2268,Windsor-Essex County Health Unit,0.2414,37.0,0.09,0.8651,0.9643
931,2023-09-23,2242,Lambton Health Unit,0.1528,10.0,0.08,0.6216,0.9189
932,2023-09-23,2253,Peel Regional Health Unit,0.1615,206.0,0.13,0.9096,0.9689
933,2023-09-23,2255,Peterborough County-City Health Unit,0.3205,33.0,0.23,0.8805,0.9735
934,2023-09-23,2246,Niagara Regional Area Health Unit,0.1915,101.0,0.21,0.6808,0.8941
935,2023-09-23,2234,Haldimand-Norfolk Health Unit,0.1963,15.0,0.13,0.7368,0.9474
936,2023-09-23,2233,Grey Bruce Health Unit,0.3294,36.0,0.21,0.6255,0.8687
937,2023-09-23,2263,Timiskaming Health Unit,0.1111,4.0,0.12,0.8214,0.9286
938,2023-09-23,35,Ontario,0.1711,2337.0,0.16,0.8421,0.9484
939,2023-09-23,2243,"Leeds, Grenville and Lanark District Health Unit",0.107,27.0,0.15,0.8595,0.9568
940,2023-09-23,2238,Hastings and Prince Edward Counties Health Unit,0.2579,27.0,0.16,0.9149,0.9628
941,2023-09-23,2247,North Bay Parry Sound District Health Unit,0.0829,29.0,0.23,0.9799,0.995
942,2023-09-23,2230,Durham Regional Health Unit,0.1698,82.0,0.12,0.8491,0.9439
943,2023-09-23,2237,City of Hamilton Health Unit,0.1962,128.0,0.22,0.9114,0.9798
944,2023-09-23,2260,Simcoe Muskoka District Health Unit,0.1552,75.0,0.12,0.7883,0.9126
945,2023-09-23,2241,"Kingston, Frontenac and Lennox and Addington Health Unit",0.1983,66.0,0.31,0.97,0.9871
946,2023-09-22,2256,Porcupine Health Unit,0.1515,9.0,0.11,0.806,0.9552
947,2023-09-22,2257,Renfrew County and District Health Unit,0.1383,13.0,0.12,0.8081,0.9596
948,2023-09-22,2227,Brant County Health Unit,0.1584,29.0,0.19,0.8394,0.945
949,2023-09-22,5183,Huron Perth Health Unit,0.1467,21.0,0.15,0.6024,0.9157
950,2023-09-22,2240,Chatham-Kent Health Unit,0.1059,12.0,0.11,0.7531,0.9506
951,2023-09-22,35,Ontario,0.1705,2309.0,0.16,0.8324,0.9463
952,2023-09-22,2263,Timiskaming Health Unit,0.1071,4.0,0.12,0.8846,0.9231
953,2023-09-22,2247,North Bay Parry Sound District Health Unit,0.0838,27.0,0.21,0.978,1.0
954,2023-09-22,2268,Windsor-Essex County Health Unit,0.2374,37.0,0.09,0.8479,0.943
955,2023-09-22,4913,Southwestern Public Health,0.1039,22.0,0.1,0.5608,0.8851
956,2023-09-22,2262,Thunder Bay District Health Unit,0.2074,43.0,0.28,0.9057,0.9731
957,2023-09-22,2241,"Kingston, Frontenac and Lennox and Addington Health Unit",0.1987,66.0,0.31,0.9654,0.9861
958,2023-09-22,2258,Eastern Ontario Health Unit,0.1486,36.0,0.17,0.9046,0.9771
959,2023-09-22,2265,Waterloo Health Unit,0.1527,66.0,0.11,0.6152,0.8456
960,2023-09-22,2237,City of Hamilton Health Unit,0.1984,122.0,0.21,0.9087,0.9829
961,2023-09-22,2253,Peel Regional Health Unit,0.1647,204.0,0.13,0.8659,0.9625
962,2023-09-22,2238,Hastings and Prince Edward Counties Health Unit,0.2487,28.0,0.16,0.9027,0.9622
963,2023-09-22,2242,Lambton Health Unit,0.1733,11.0,0.08,0.6104,0.9221
964,2023-09-22,2233,Grey Bruce Health Unit,0.3258,38.0,0.22,0.6392,0.8667
965,2023-09-22,2226,District of Algoma Health Unit,0.223,21.0,0.18,0.9429,0.9857
966,2023-09-22,2270,York Regional Health Unit,0.167,160.0,0.13,0.8381,0.9413
967,2023-09-22,2260,Simcoe Muskoka District Health Unit,0.1537,75.0,0.13,0.7875,0.9103
968,2023-09-22,2266,Wellington-Dufferin-Guelph Health Unit,0.1576,53.0,0.17,0.728,0.8791
969,2023-09-22,2234,Haldimand-Norfolk Health Unit,0.1759,15.0,0.14,0.7458,0.9322
970,2023-09-22,2243,"Leeds, Grenville and Lanark District Health Unit",0.1056,26.0,0.15,0.8263,0.9263
971,2023-09-22,2235,"Haliburton, Kawartha, Pine Ridge District Health Unit",0.0947,38.0,0.2,0.9354,0.9772
972,2023-09-22,2244,Middlesex-London Health Unit,0.2325,71.0,0.14,0.7624,0.8932
973,2023-09-22,3895,City of Toronto Health Unit,0.1524,499.0,0.16,0.8422,0.9611
974,2023-09-22,2255,Peterborough County-City Health Unit,0.3013,34.0,0.23,0.8805,0.969
975,2023-09-22,2261,Sudbury and District Health Unit,0.1375,64.0,0.32,0.9716,0.9835
976,2023-09-22,2230,Durham Regional Health Unit,0.1598,80.0,0.11,0.8552,0.9382
977,2023-09-22,2236,Halton Regional Health Unit,0.1579,65.0,0.11,0.8,0.9093
978,2023-09-22,2246,Niagara Regional Area Health Unit,0.1852,104.0,0.22,0.7027,0.9027
979,2023-09-22,2251,City of Ottawa Health Unit,0.1859,144.0,0.14,0.869,0.9774
980,2023-09-22,2249,Northwestern Health Unit,0.1194,10.0,0.11,0.8462,0.9077
981,2023-09-21,2246,Niagara Regional Area Health Unit,0.1815,111.0,0.23,0.7394,0.9153
982,2023-09-21,2263,Timiskaming Health Unit,0.1111,4.0,0.12,0.8261,0.8696
983,2023-09-21,2261,Sudbury and District Health Unit,0.1364,63.0,0.32,0.9485,0.9933
984,2023-09-21,2268,Windsor-Essex County Health Unit,0.2471,37.0,0.09,0.8715,0.9398
985,2023-09-21,2234,Haldimand-Norfolk Health Unit,0.161,17.0,0.15,0.7864,0.9515
986,2023-09-21,2256,Porcupine Health Unit,0.1613,9.0,0.11,0.803,0.9697
987,2023-09-21,2235,"Haliburton, Kawartha, Pine Ridge District Health Unit",0.0962,37.0,0.2,0.9416,0.9883
988,2023-09-21,2270,York Regional Health Unit,0.1698,158.0,0.13,0.8589,0.9474
989,2023-09-21,2266,Wellington-Dufferin-Guelph Health Unit,0.162,51.0,0.16,0.7291,0.8827
990,2023-09-21,35,Ontario,0.1702,2269.0,0.15,0.8365,0.947
991,2023-09-21,2265,Waterloo Health Unit,0.1378,64.0,0.11,0.6342,0.8575
992,2023-09-21,2240,Chatham-Kent Health Unit,0.1266,11.0,0.11,0.7361,0.9444
993,2023-09-21,2257,Renfrew County and District Health Unit,0.1368,14.0,0.12,0.8211,0.9474
994,2023-09-21,2237,City of Hamilton Health Unit,0.194,123.0,0.21,0.9047,0.9788
995,2023-09-21,2243,"Leeds, Grenville and Lanark District Health Unit",0.1277,27.0,0.16,0.8205,0.9282
996,2023-09-21,2226,District of Algoma Health Unit,0.2015,19.0,0.17,0.9545,0.9848
997,2023-09-21,2247,North Bay Parry Sound District Health Unit,0.0695,27.0,0.21,0.9667,1.0
998,2023-09-21,2251,City of Ottawa Health Unit,0.1855,150.0,0.14,0.8581,0.9692
999,2023-09-21,2242,Lambton Health Unit,0.2192,10.0,0.08,0.5897,0.9231
1000,2023-09-21,2258,Eastern Ontario Health Unit,0.1429,37.0,0.18,0.8876,0.9738
1001,2023-09-21,2233,Grey Bruce Health Unit,0.3106,38.0,0.22,0.624,0.8372
1002,2023-09-21,3895,City of Toronto Health Unit,0.158,482.0,0.15,0.845,0.9585
1003,2023-09-21,2244,Middlesex-London Health Unit,0.2222,77.0,0.15,0.7598,0.8893
1004,2023-09-21,2262,Thunder Bay District Health Unit,0.2042,41.0,0.28,0.9535,0.9961
1005,2023-09-21,2227,Brant County Health Unit,0.1667,29.0,0.19,0.8592,0.9466
1006,2023-09-21,2241,"Kingston, Frontenac and Lennox and Addington Health Unit",0.212,62.0,0.29,0.9705,0.9909
1007,2023-09-21,2249,Northwestern Health Unit,0.0938,9.0,0.1,0.9063,0.9531
1008,2023-09-21,5183,Huron Perth Health Unit,0.1447,23.0,0.16,0.5679,0.9074
1009,2023-09-21,2253,Peel Regional Health Unit,0.1665,187.0,0.12,0.8652,0.9625
1010,2023-09-21,2255,Peterborough County-City Health Unit,0.2545,32.0,0.22,0.8551,0.9626
1011,2023-09-21,2236,Halton Regional Health Unit,0.1445,61.0,0.1,0.8064,0.9044
1012,2023-09-21,2260,Simcoe Muskoka District Health Unit,0.1489,75.0,0.12,0.8248,0.9213
1013,2023-09-21,4913,Southwestern Public Health,0.1119,20.0,0.1,0.5556,0.9097
1014,2023-09-21,2230,Durham Regional Health Unit,0.1549,77.0,0.11,0.8625,0.9411
1015,2023-09-21,2238,Hastings and Prince Edward Counties Health Unit,0.2308,26.0,0.15,0.8717,0.9679
1016,2023-09-20,2227,Brant County Health Unit,0.161,29.0,0.19,0.8578,0.9559
1017,2023-09-20,2237,City of Hamilton Health Unit,0.1855,122.0,0.21,0.9041,0.9769
1018,2023-09-20,2247,North Bay Parry Sound District Health Unit,0.0552,26.0,0.2,0.9558,0.989
1019,2023-09-20,3895,City of Toronto Health Unit,0.1584,469.0,0.15,0.8502,0.9607
1020,2023-09-20,2233,Grey Bruce Health Unit,0.3016,36.0,0.21,0.7039,0.9227
1021,2023-09-20,2226,District of Algoma Health Unit,0.2121,19.0,0.16,0.9496,0.9916
1022,2023-09-20,2249,Northwestern Health Unit,0.087,10.0,0.11,0.863,0.9452
1023,2023-09-20,2241,"Kingston, Frontenac and Lennox and Addington Health Unit",0.1982,62.0,0.29,0.958,0.9877
1024,2023-09-20,2240,Chatham-Kent Health Unit,0.1096,10.0,0.1,0.7206,0.9412
1025,2023-09-20,4913,Southwestern Public Health,0.0972,21.0,0.1,0.5401,0.9051
1026,2023-09-20,2258,Eastern Ontario Health Unit,0.1269,37.0,0.18,0.8478,0.9758
1027,2023-09-20,2234,Haldimand-Norfolk Health Unit,0.1698,15.0,0.13,0.7742,0.9462
1028,2023-09-20,2268,Windsor-Essex County Health Unit,0.2369,36.0,0.08,0.8814,0.9449
1029,2023-09-20,5183,Huron Perth Health Unit,0.1429,22.0,0.16,0.5644,0.9202
1030,2023-09-20,2253,Peel Regional Health Unit,0.1644,189.0,0.12,0.8693,0.9669
1031,2023-09-20,2235,"Haliburton, Kawartha, Pine Ridge District Health Unit",0.0794,36.0,0.19,0.9309,0.9837
1032,2023-09-20,2261,Sudbury and District Health Unit,0.1335,61.0,0.31,0.9431,0.9932
1033,2023-09-20,2243,"Leeds, Grenville and Lanark District Health Unit",0.1337,27.0,0.15,0.8075,0.9198
1034,2023-09-20,2230,Durham Regional Health Unit,0.1444,77.0,0.11,0.8561,0.9262
1035,2023-09-20,2246,Niagara Regional Area Health Unit,0.1687,115.0,0.24,0.7321,0.9145
1036,2023-09-20,2255,Peterborough County-City Health Unit,0.2452,30.0,0.2,0.8611,0.9583
1037,2023-09-20,2262,Thunder Bay District Health Unit,0.2016,36.0,0.24,0.9467,0.9959
1038,2023-09-20,2263,Timiskaming Health Unit,0.0455,3.0,0.1,0.84,0.88
1039,2023-09-20,2266,Wellington-Dufferin-Guelph Health Unit,0.1385,52.0,0.17,0.7413,0.904
1040,2023-09-20,2238,Hastings and Prince Edward Counties Health Unit,0.226,25.0,0.15,0.8471,0.9682
1041,2023-09-20,35,Ontario,0.1659,2240.0,0.15,0.8373,0.949
1042,2023-09-20,2244,Middlesex-London Health Unit,0.2087,75.0,0.15,0.7603,0.89
1043,2023-09-20,2270,York Regional Health Unit,0.1711,157.0,0.13,0.8756,0.9548
1044,2023-09-20,2256,Porcupine Health Unit,0.2143,10.0,0.12,0.8082,0.9726
1045,2023-09-20,2260,Simcoe Muskoka District Health Unit,0.1447,76.0,0.13,0.8205,0.9131
1046,2023-09-20,2257,Renfrew County and District Health Unit,0.1481,15.0,0.14,0.8571,0.9592
1047,2023-09-20,2242,Lambton Health Unit,0.2703,11.0,0.08,0.5556,0.9259
1048,2023-09-20,2251,City of Ottawa Health Unit,0.1955,146.0,0.14,0.8504,0.9662
1049,2023-09-20,2265,Waterloo Health Unit,0.1116,64.0,0.11,0.6627,0.8708
1050,2023-09-20,2236,Halton Regional Health Unit,0.1571,60.0,0.1,0.7917,0.8946
1051,2023-09-19,2240,Chatham-Kent Health Unit,0.1096,10.0,0.1,0.7377,0.9344
1052,2023-09-19,2235,"Haliburton, Kawartha, Pine Ridge District Health Unit",0.0891,35.0,0.19,0.9323,0.9801
1053,2023-09-19,2255,Peterborough County-City Health Unit,0.2465,31.0,0.21,0.8333,0.9531
1054,2023-09-19,2244,Middlesex-London Health Unit,0.1946,74.0,0.15,0.7686,0.8896
1055,2023-09-19,2261,Sudbury and District Health Unit,0.1495,65.0,0.33,0.9513,0.9978
1056,2023-09-19,2251,City of Ottawa Health Unit,0.192,146.0,0.14,0.8659,0.9728
1057,2023-09-19,2227,Brant County Health Unit,0.1579,30.0,0.19,0.8861,0.9752
1058,2023-09-19,2265,Waterloo Health Unit,0.1205,63.0,0.11,0.6329,0.8682
1059,2023-09-19,35,Ontario,0.1646,2198.0,0.15,0.8386,0.9498
1060,2023-09-19,5183,Huron Perth Health Unit,0.1146,22.0,0.16,0.5989,0.9209
1061,2023-09-19,2230,Durham Regional Health Unit,0.145,76.0,0.11,0.8464,0.9064
1062,2023-09-19,2258,Eastern Ontario Health Unit,0.136,39.0,0.19,0.8459,0.9749
1063,2023-09-19,2246,Niagara Regional Area Health Unit,0.1673,111.0,0.23,0.7483,0.9245
1064,2023-09-19,2243,"Leeds, Grenville and Lanark District Health Unit",0.1389,26.0,0.15,0.7966,0.9209
1065,2023-09-19,2262,Thunder Bay District Health Unit,0.2016,35.0,0.24,0.9352,0.996
1066,2023-09-19,2263,Timiskaming Health Unit,0.125,3.0,0.1,0.8333,0.875
1067,2023-09-19,2249,Northwestern Health Unit,0.0882,10.0,0.11,0.8571,0.9429
1068,2023-09-19,2237,City of Hamilton Health Unit,0.1777,114.0,0.19,0.9094,0.9764
1069,2023-09-19,2226,District of Algoma Health Unit,0.1565,16.0,0.14,0.9439,1.0
1070,2023-09-19,2233,Grey Bruce Health Unit,0.2923,37.0,0.22,0.75,0.9113
1071,2023-09-19,2234,Haldimand-Norfolk Health Unit,0.1531,14.0,0.12,0.8068,0.9773
1072,2023-09-19,2236,Halton Regional Health Unit,0.1557,54.0,0.09,0.7669,0.8808
1073,2023-09-19,2238,Hastings and Prince Edward Counties Health Unit,0.1722,22.0,0.13,0.8,0.96
1074,2023-09-19,2247,North Bay Parry Sound District Health Unit,0.0591,27.0,0.2,0.9505,0.9835
1075,2023-09-19,3895,City of Toronto Health Unit,0.1605,458.0,0.15,0.8523,0.9603
1076,2023-09-19,2270,York Regional Health Unit,0.1816,154.0,0.13,0.8618,0.9518
1077,2023-09-19,2253,Peel Regional Health Unit,0.1542,192.0,0.12,0.8667,0.9686
1078,2023-09-19,2268,Windsor-Essex County Health Unit,0.2448,34.0,0.08,0.9009,0.9414
1079,2023-09-19,2260,Simcoe Muskoka District Health Unit,0.144,72.0,0.12,0.8262,0.9141
1080,2023-09-19,4913,Southwestern Public Health,0.1071,20.0,0.09,0.5164,0.9098
1081,2023-09-19,2256,Porcupine Health Unit,0.2405,11.0,0.14,0.8451,0.9718
1082,2023-09-19,2241,"Kingston, Frontenac and Lennox and Addington Health Unit",0.1654,58.0,0.27,0.9757,0.9919
1083,2023-09-19,2242,Lambton Health Unit,0.2727,11.0,0.08,0.5513,0.9231
1084,2023-09-19,2266,Wellington-Dufferin-Guelph Health Unit,0.136,54.0,0.17,0.7314,0.9171
1085,2023-09-19,2257,Renfrew County and District Health Unit,0.1667,15.0,0.14,0.8774,0.9717
1086,2023-09-18,2255,Peterborough County-City Health Unit,0.2011,27.0,0.18,0.8485,0.9636
1087,2023-09-18,2253,Peel Regional Health Unit,0.1439,190.0,0.12,0.8577,0.9627
1088,2023-09-18,2257,Renfrew County and District Health Unit,0.165,15.0,0.14,0.8922,0.9804
1089,2023-09-18,4913,Southwestern Public Health,0.1102,18.0,0.09,0.5727,0.9273
1090,2023-09-18,5183,Huron Perth Health Unit,0.1148,26.0,0.19,0.64,0.9314
1091,2023-09-18,2261,Sudbury and District Health Unit,0.1552,64.0,0.32,0.948,0.9955
1092,2023-09-18,2242,Lambton Health Unit,0.2625,11.0,0.09,0.5417,0.9306
1093,2023-09-18,2270,York Regional Health Unit,0.1851,154.0,0.13,0.8599,0.949
1094,2023-09-18,2244,Middlesex-London Health Unit,0.2016,70.0,0.14,0.8664,0.9777
1095,2023-09-18,2233,Grey Bruce Health Unit,0.3154,40.0,0.23,0.7449,0.919
1096,2023-09-18,2226,District of Algoma Health Unit,0.1121,15.0,0.13,0.9429,0.9905
1097,2023-09-18,2243,"Leeds, Grenville and Lanark District Health Unit",0.1214,25.0,0.14,0.8057,0.9257
1098,2023-09-18,2268,Windsor-Essex County Health Unit,0.2287,32.0,0.07,0.9108,0.9577
1099,2023-09-18,2262,Thunder Bay District Health Unit,0.2172,32.0,0.21,0.9256,1.0
1100,2023-09-18,2249,Northwestern Health Unit,0.0667,11.0,0.12,0.8767,0.9452
1101,2023-09-18,2263,Timiskaming Health Unit,0.1905,3.0,0.09,0.85,0.9
1102,2023-09-18,2235,"Haliburton, Kawartha, Pine Ridge District Health Unit",0.072,36.0,0.19,0.927,0.9828
1103,2023-09-18,2241,"Kingston, Frontenac and Lennox and Addington Health Unit",0.1861,58.0,0.27,0.9728,0.9891
1104,2023-09-18,2258,Eastern Ontario Health Unit,0.1527,39.0,0.19,0.8314,0.9732
1105,2023-09-18,2240,Chatham-Kent Health Unit,0.1194,10.0,0.09,0.8438,0.9688
1106,2023-09-18,2251,City of Ottawa Health Unit,0.2042,150.0,0.14,0.8665,0.9789
1107,2023-09-18,2237,City of Hamilton Health Unit,0.1397,109.0,0.18,0.9201,0.9781
1108,2023-09-18,2247,North Bay Parry Sound District Health Unit,0.0333,26.0,0.2,0.9524,0.9841
1109,2023-09-18,2266,Wellington-Dufferin-Guelph Health Unit,0.1347,50.0,0.16,0.7662,0.9446
1110,2023-09-18,3895,City of Toronto Health Unit,0.1581,454.0,0.15,0.8681,0.9653
1111,2023-09-18,2230,Durham Regional Health Unit,0.1169,75.0,0.1,0.8364,0.8945
1112,2023-09-18,2238,Hastings and Prince Edward Counties Health Unit,0.1069,19.0,0.11,0.792,0.976
1113,2023-09-18,35,Ontario,0.1614,2154.0,0.15,0.8448,0.9535
1114,2023-09-18,2246,Niagara Regional Area Health Unit,0.1688,110.0,0.23,0.727,0.9153
1115,2023-09-18,2236,Halton Regional Health Unit,0.1579,52.0,0.08,0.7507,0.8725
1116,2023-09-18,2234,Haldimand-Norfolk Health Unit,0.1481,12.0,0.1,0.7662,0.974
1117,2023-09-18,2260,Simcoe Muskoka District Health Unit,0.1552,71.0,0.12,0.814,0.8992
1118,2023-09-18,2265,Waterloo Health Unit,0.1122,59.0,0.1,0.6152,0.8551
1119,2023-09-18,2256,Porcupine Health Unit,0.2338,11.0,0.13,0.8929,1.0
1120,2023-09-18,2227,Brant County Health Unit,0.1517,30.0,0.19,0.8889,0.9758
1121,2023-09-17,2261,Sudbury and District Health Unit,0.1629,64.0,0.32,0.9481,0.9955
1122,2023-09-17,2241,"Kingston, Frontenac and Lennox and Addington Health Unit",0.2165,50.0,0.24,0.9767,0.9942
1123,2023-09-17,2227,Brant County Health Unit,0.1306,32.0,0.2,0.8868,0.9764
1124,2023-09-17,2230,Durham Regional Health Unit,0.1074,77.0,0.11,0.8406,0.9004
1125,2023-09-17,2240,Chatham-Kent Health Unit,0.1304,10.0,0.09,0.8462,0.9846
1126,2023-09-17,2243,"Leeds, Grenville and Lanark District Health Unit",0.1176,24.0,0.14,0.8434,0.9337
1127,2023-09-17,2257,Renfrew County and District Health Unit,0.1818,14.0,0.13,0.8614,0.9703
1128,2023-09-17,2268,Windsor-Essex County Health Unit,0.2233,31.0,0.07,0.902,0.951
1129,2023-09-17,5183,Huron Perth Health Unit,0.0939,26.0,0.19,0.6588,0.9412
1130,2023-09-17,2260,Simcoe Muskoka District Health Unit,0.1554,70.0,0.12,0.8247,0.9072
1131,2023-09-17,2236,Halton Regional Health Unit,0.161,51.0,0.08,0.7604,0.8787
1132,2023-09-17,2237,City of Hamilton Health Unit,0.13,110.0,0.19,0.9216,0.9807
1133,2023-09-17,2258,Eastern Ontario Health Unit,0.1349,36.0,0.17,0.8465,0.9882
1134,2023-09-17,2226,District of Algoma Health Unit,0.1165,15.0,0.13,0.9394,0.9899
1135,2023-09-17,2246,Niagara Regional Area Health Unit,0.1723,101.0,0.21,0.7402,0.9264
1136,2023-09-17,2262,Thunder Bay District Health Unit,0.1731,30.0,0.2,0.935,1.0
1137,2023-09-17,2270,York Regional Health Unit,0.1829,151.0,0.12,0.8687,0.9508
1138,2023-09-17,2244,Middlesex-London Health Unit,0.1854,72.0,0.14,0.891,0.9884
1139,2023-09-17,2265,Waterloo Health Unit,0.1095,59.0,0.1,0.6219,0.8507
1140,2023-09-17,2247,North Bay Parry Sound District Health Unit,0.0319,27.0,0.21,0.9531,0.9844
1141,2023-09-17,2266,Wellington-Dufferin-Guelph Health Unit,0.1337,51.0,0.16,0.7638,0.9271
1142,2023-09-17,2238,Hastings and Prince Edward Counties Health Unit,0.0948,17.0,0.1,0.8036,0.9911
1143,2023-09-17,2234,Haldimand-Norfolk Health Unit,0.0976,12.0,0.1,0.7711,0.9759
1144,2023-09-17,4913,Southwestern Public Health,0.1032,18.0,0.09,0.5636,0.9455
1145,2023-09-17,2233,Grey Bruce Health Unit,0.2375,34.0,0.2,0.7388,0.9184
1146,2023-09-17,3895,City of Toronto Health Unit,0.1461,442.0,0.14,0.8775,0.9677
1147,2023-09-17,2256,Porcupine Health Unit,0.2184,12.0,0.15,0.8736,0.977
1148,2023-09-17,2253,Peel Regional Health Unit,0.1397,182.0,0.11,0.8509,0.9566
1149,2023-09-17,2249,Northwestern Health Unit,0.0779,11.0,0.13,0.913,0.9855
1150,2023-09-17,35,Ontario,0.1523,2089.0,0.14,0.8522,0.9557
1151,2023-09-17,2251,City of Ottawa Health Unit,0.2026,142.0,0.13,0.8934,0.9779
1152,2023-09-17,2255,Peterborough County-City Health Unit,0.1412,24.0,0.16,0.8494,0.9639
1153,2023-09-17,2263,Timiskaming Health Unit,0.1667,3.0,0.08,0.8235,0.8824
1154,2023-09-17,2242,Lambton Health Unit,0.2329,10.0,0.08,0.5667,0.95
1155,2023-09-17,2235,"Haliburton, Kawartha, Pine Ridge District Health Unit",0.0359,32.0,0.17,0.9299,0.986
1156,2023-09-16,2263,Timiskaming Health Unit,0.1579,3.0,0.08,0.7895,0.8947
1157,2023-09-16,2243,"Leeds, Grenville and Lanark District Health Unit",0.1459,26.0,0.15,0.8382,0.9364
1158,2023-09-16,2253,Peel Regional Health Unit,0.1407,176.0,0.11,0.8505,0.9557
1159,2023-09-16,2262,Thunder Bay District Health Unit,0.135,29.0,0.19,0.9337,1.0
1160,2023-09-16,2257,Renfrew County and District Health Unit,0.1509,15.0,0.14,0.8839,0.9732
1161,2023-09-16,2261,Sudbury and District Health Unit,0.1591,63.0,0.32,0.9466,0.9954
1162,2023-09-16,2265,Waterloo Health Unit,0.1063,59.0,0.1,0.6329,0.8599
1163,2023-09-16,5183,Huron Perth Health Unit,0.095,26.0,0.18,0.6512,0.9419
1164,2023-09-16,2270,York Regional Health Unit,0.1943,150.0,0.12,0.8504,0.9434
1165,2023-09-16,2260,Simcoe Muskoka District Health Unit,0.152,70.0,0.12,0.8097,0.9049
1166,2023-09-16,35,Ontario,0.15,2071.0,0.14,0.8466,0.9523
1167,2023-09-16,2249,Northwestern Health Unit,0.0588,10.0,0.11,0.913,0.9855
1168,2023-09-16,2246,Niagara Regional Area Health Unit,0.165,100.0,0.21,0.7354,0.9123
1169,2023-09-16,2244,Middlesex-London Health Unit,0.1865,70.0,0.14,0.8851,0.982
1170,2023-09-16,2255,Peterborough County-City Health Unit,0.1176,24.0,0.16,0.858,0.9691
1171,2023-09-16,2236,Halton Regional Health Unit,0.158,50.0,0.08,0.7313,0.8643
1172,2023-09-16,2247,North Bay Parry Sound District Health Unit,0.0363,28.0,0.21,0.9545,0.9848
1173,2023-09-16,2266,Wellington-Dufferin-Guelph Health Unit,0.1239,50.0,0.16,0.7393,0.9169
1174,2023-09-16,2241,"Kingston, Frontenac and Lennox and Addington Health Unit",0.2128,49.0,0.23,0.9733,0.9941
1175,2023-09-16,2235,"Haliburton, Kawartha, Pine Ridge District Health Unit",0.0278,31.0,0.16,0.9309,0.9862
1176,2023-09-16,3895,City of Toronto Health Unit,0.1437,434.0,0.14,0.8734,0.9637
1177,2023-09-16,2238,Hastings and Prince Edward Counties Health Unit,0.1134,14.0,0.08,0.7416,0.9888
1178,2023-09-16,2234,Haldimand-Norfolk Health Unit,0.0805,12.0,0.11,0.7816,0.977
1179,2023-09-16,2237,City of Hamilton Health Unit,0.1167,108.0,0.18,0.9125,0.9744
1180,2023-09-16,2240,Chatham-Kent Health Unit,0.1642,10.0,0.09,0.8154,0.9846
1181,2023-09-16,2227,Brant County Health Unit,0.1136,31.0,0.2,0.8899,0.9771
1182,2023-09-16,4913,Southwestern Public Health,0.0893,16.0,0.08,0.5664,0.9469
1183,2023-09-16,2268,Windsor-Essex County Health Unit,0.23,29.0,0.07,0.8818,0.9507
1184,2023-09-16,2251,City of Ottawa Health Unit,0.1952,160.0,0.15,0.898,0.9798
1185,2023-09-16,2226,District of Algoma Health Unit,0.1122,14.0,0.12,0.9355,0.9892
1186,2023-09-16,2233,Grey Bruce Health Unit,0.2417,34.0,0.2,0.7322,0.9038
1187,2023-09-16,2258,Eastern Ontario Health Unit,0.1264,37.0,0.18,0.8555,0.9886
1188,2023-09-16,2230,Durham Regional Health Unit,0.1129,71.0,0.1,0.8297,0.9004
1189,2023-09-16,2242,Lambton Health Unit,0.2609,10.0,0.08,0.5714,0.9524
1190,2023-09-16,2256,Porcupine Health Unit,0.2247,13.0,0.15,0.8764,0.9775
1191,2023-09-15,2249,Northwestern Health Unit,0.0513,11.0,0.13,0.9359,0.9872
1192,2023-09-15,2237,City of Hamilton Health Unit,0.1164,106.0,0.18,0.914,0.9695
1193,2023-09-15,2244,Middlesex-London Health Unit,0.1805,70.0,0.14,0.8828,0.9793
1194,2023-09-15,2234,Haldimand-Norfolk Health Unit,0.086,13.0,0.12,0.8191,0.9894
1195,2023-09-15,2246,Niagara Regional Area Health Unit,0.1545,94.0,0.2,0.7367,0.9079
1196,2023-09-15,35,Ontario,0.1487,2051.0,0.14,0.8561,0.9535
1197,2023-09-15,2260,Simcoe Muskoka District Health Unit,0.1517,67.0,0.11,0.8033,0.9048
1198,2023-09-15,2270,York Regional Health Unit,0.1902,146.0,0.12,0.8431,0.9384
1199,2023-09-15,2253,Peel Regional Health Unit,0.141,175.0,0.11,0.9015,0.9597
1200,2023-09-15,2266,Wellington-Dufferin-Guelph Health Unit,0.1315,47.0,0.15,0.7462,0.9215
1201,2023-09-15,2268,Windsor-Essex County Health Unit,0.2217,29.0,0.07,0.9072,0.9691
1202,2023-09-15,2243,"Leeds, Grenville and Lanark District Health Unit",0.1445,25.0,0.14,0.8698,0.9704
1203,2023-09-15,3895,City of Toronto Health Unit,0.1408,431.0,0.14,0.8821,0.9661
1204,2023-09-15,2251,City of Ottawa Health Unit,0.1941,159.0,0.15,0.8984,0.9819
1205,2023-09-15,2258,Eastern Ontario Health Unit,0.1402,39.0,0.19,0.8684,0.9925
1206,2023-09-15,2263,Timiskaming Health Unit,0.1875,2.0,0.07,0.8,0.9333
1207,2023-09-15,2230,Durham Regional Health Unit,0.1128,75.0,0.1,0.8547,0.9162
1208,2023-09-15,2257,Renfrew County and District Health Unit,0.1756,19.0,0.17,0.9015,0.9773
1209,2023-09-15,5183,Huron Perth Health Unit,0.0941,24.0,0.17,0.64,0.9533
1210,2023-09-15,2227,Brant County Health Unit,0.1045,31.0,0.2,0.945,0.9908
1211,2023-09-15,2255,Peterborough County-City Health Unit,0.1188,23.0,0.15,0.8471,0.9682
1212,2023-09-15,2238,Hastings and Prince Edward Counties Health Unit,0.125,13.0,0.07,0.7727,0.9886
1213,2023-09-15,2262,Thunder Bay District Health Unit,0.1196,26.0,0.18,0.9222,1.0
1214,2023-09-15,2242,Lambton Health Unit,0.2576,9.0,0.07,0.5714,0.9524
1215,2023-09-15,2265,Waterloo Health Unit,0.1296,58.0,0.1,0.6348,0.8615
1216,2023-09-15,2240,Chatham-Kent Health Unit,0.1515,9.0,0.09,0.8615,0.9846
1217,2023-09-15,2236,Halton Regional Health Unit,0.1487,49.0,0.08,0.7065,0.8315
1218,2023-09-15,2261,Sudbury and District Health Unit,0.1555,62.0,0.31,0.9465,0.9953
1219,2023-09-15,4913,Southwestern Public Health,0.1121,17.0,0.08,0.6071,0.9554
1220,2023-09-15,2241,"Kingston, Frontenac and Lennox and Addington Health Unit",0.1994,49.0,0.23,0.9718,0.9944
1221,2023-09-15,2235,"Haliburton, Kawartha, Pine Ridge District Health Unit",0.0268,32.0,0.17,0.9457,0.9864
1222,2023-09-15,2233,Grey Bruce Health Unit,0.2457,33.0,0.2,0.7026,0.8922
1223,2023-09-15,2226,District of Algoma Health Unit,0.0989,13.0,0.11,0.9186,0.9884
1224,2023-09-15,2256,Porcupine Health Unit,0.2105,14.0,0.16,0.9053,0.9789
1225,2023-09-15,2247,North Bay Parry Sound District Health Unit,0.0431,30.0,0.23,0.9621,0.9858
1226,2023-09-14,2268,Windsor-Essex County Health Unit,0.1865,28.0,0.06,0.9053,0.9737
1227,2023-09-14,2263,Timiskaming Health Unit,0.1667,3.0,0.08,0.8333,1.0
1228,2023-09-14,2257,Renfrew County and District Health Unit,0.1567,19.0,0.18,0.9077,0.9846
1229,2023-09-14,2243,"Leeds, Grenville and Lanark District Health Unit",0.1236,25.0,0.15,0.8167,0.9722
1230,2023-09-14,2236,Halton Regional Health Unit,0.1463,53.0,0.09,0.7258,0.846
1231,2023-09-14,2227,Brant County Health Unit,0.0966,34.0,0.22,0.9295,0.9868
1232,2023-09-14,2240,Chatham-Kent Health Unit,0.1618,10.0,0.09,0.8358,0.9851
1233,2023-09-14,2255,Peterborough County-City Health Unit,0.1355,22.0,0.15,0.9,0.98
1234,2023-09-14,2230,Durham Regional Health Unit,0.1103,74.0,0.1,0.8477,0.9173
1235,2023-09-14,2235,"Haliburton, Kawartha, Pine Ridge District Health Unit",0.0276,31.0,0.16,0.9432,0.9869
1236,2023-09-14,5183,Huron Perth Health Unit,0.0854,23.0,0.17,0.6644,0.953
1237,2023-09-14,2253,Peel Regional Health Unit,0.1349,180.0,0.11,0.9126,0.9644
1238,2023-09-14,3895,City of Toronto Health Unit,0.1336,428.0,0.14,0.8815,0.9667
1239,2023-09-14,2247,North Bay Parry Sound District Health Unit,0.051,28.0,0.22,0.9697,0.9848
1240,2023-09-14,2244,Middlesex-London Health Unit,0.1506,61.0,0.12,0.8917,0.9773
1241,2023-09-14,2246,Niagara Regional Area Health Unit,0.145,88.0,0.19,0.6364,0.8246
1242,2023-09-14,2234,Haldimand-Norfolk Health Unit,0.1327,14.0,0.12,0.819,0.9905
1243,2023-09-14,2233,Grey Bruce Health Unit,0.2477,31.0,0.18,0.7251,0.9242
1244,2023-09-14,2242,Lambton Health Unit,0.2857,9.0,0.07,0.5273,0.9273
1245,2023-09-14,2266,Wellington-Dufferin-Guelph Health Unit,0.1552,48.0,0.15,0.7539,0.919
1246,2023-09-14,2226,District of Algoma Health Unit,0.0964,12.0,0.1,0.8941,0.9647
1247,2023-09-14,35,Ontario,0.1467,2030.0,0.14,0.8553,0.9497
1248,2023-09-14,2260,Simcoe Muskoka District Health Unit,0.1605,66.0,0.11,0.7966,0.9068
1249,2023-09-14,2256,Porcupine Health Unit,0.2198,13.0,0.16,0.9091,0.9773
1250,2023-09-14,2237,City of Hamilton Health Unit,0.1164,102.0,0.17,0.9246,0.9673
1251,2023-09-14,4913,Southwestern Public Health,0.1176,17.0,0.08,0.6466,0.9397
1252,2023-09-14,2249,Northwestern Health Unit,0.0476,12.0,0.14,0.9359,0.9872
1253,2023-09-14,2258,Eastern Ontario Health Unit,0.1523,37.0,0.18,0.8745,0.9886
1254,2023-09-14,2251,City of Ottawa Health Unit,0.2043,160.0,0.15,0.9128,0.9852
1255,2023-09-14,2265,Waterloo Health Unit,0.1425,57.0,0.1,0.5938,0.8029
1256,2023-09-14,2270,York Regional Health Unit,0.1969,147.0,0.12,0.8457,0.9417
1257,2023-09-14,2238,Hastings and Prince Edward Counties Health Unit,0.1236,13.0,0.08,0.825,1.0
1258,2023-09-14,2262,Thunder Bay District Health Unit,0.1027,26.0,0.18,0.9063,0.9948
1259,2023-09-14,2241,"Kingston, Frontenac and Lennox and Addington Health Unit",0.1831,49.0,0.23,0.9647,0.9936
1260,2023-09-14,2261,Sudbury and District Health Unit,0.1483,64.0,0.32,0.9834,0.9953
1261,2023-09-13,2257,Renfrew County and District Health Unit,0.1583,17.0,0.16,0.8889,0.9841
1262,2023-09-13,2262,Thunder Bay District Health Unit,0.0938,27.0,0.18,0.8964,0.9948
1263,2023-09-13,2247,North Bay Parry Sound District Health Unit,0.0842,29.0,0.22,0.9801,0.9801
1264,2023-09-13,2268,Windsor-Essex County Health Unit,0.1842,27.0,0.06,0.8889,0.9577
1265,2023-09-13,2261,Sudbury and District Health Unit,0.154,64.0,0.32,0.9835,0.9906
1266,2023-09-13,2270,York Regional Health Unit,0.2023,148.0,0.12,0.836,0.9469
1267,2023-09-13,2253,Peel Regional Health Unit,0.1407,182.0,0.11,0.9132,0.9664
1268,2023-09-13,2243,"Leeds, Grenville and Lanark District Health Unit",0.1235,24.0,0.14,0.8111,0.9778
1269,2023-09-13,2227,Brant County Health Unit,0.0933,32.0,0.21,0.9367,0.9819
1270,2023-09-13,2240,Chatham-Kent Health Unit,0.1515,9.0,0.09,0.7073,0.878
1271,2023-09-13,2251,City of Ottawa Health Unit,0.2073,165.0,0.16,0.924,0.9887
1272,2023-09-13,2260,Simcoe Muskoka District Health Unit,0.1373,66.0,0.11,0.8009,0.9058
1273,2023-09-13,2234,Haldimand-Norfolk Health Unit,0.1759,15.0,0.14,0.8288,0.991
1274,2023-09-13,2244,Middlesex-London Health Unit,0.1302,58.0,0.11,0.8657,0.9664
1275,2023-09-13,2256,Porcupine Health Unit,0.1505,13.0,0.16,0.9111,0.9667
1276,2023-09-13,3895,City of Toronto Health Unit,0.1274,436.0,0.14,0.8879,0.9681
1277,2023-09-13,2266,Wellington-Dufferin-Guelph Health Unit,0.1742,44.0,0.14,0.7466,0.8885
1278,2023-09-13,2258,Eastern Ontario Health Unit,0.1477,38.0,0.18,0.9059,0.9843
1279,2023-09-13,2263,Timiskaming Health Unit,0.1905,3.0,0.09,0.8421,0.9474
1280,2023-09-13,2235,"Haliburton, Kawartha, Pine Ridge District Health Unit",0.0314,32.0,0.17,0.9567,0.9913
1281,2023-09-13,2237,City of Hamilton Health Unit,0.1185,102.0,0.17,0.9317,0.9693
1282,2023-09-13,2249,Northwestern Health Unit,0.0385,11.0,0.13,0.9859,1.0
1283,2023-09-13,2233,Grey Bruce Health Unit,0.2511,31.0,0.18,0.7184,0.9223
1284,2023-09-13,5183,Huron Perth Health Unit,0.0818,23.0,0.16,0.6383,0.9504
1285,2023-09-13,4913,Southwestern Public Health,0.1157,17.0,0.08,0.622,0.9213
1286,2023-09-13,2236,Halton Regional Health Unit,0.141,54.0,0.09,0.7325,0.8494
1287,2023-09-13,2238,Hastings and Prince Edward Counties Health Unit,0.1446,12.0,0.07,0.8843,1.0
1288,2023-09-13,2242,Lambton Health Unit,0.2414,8.0,0.06,0.5278,0.9028
1289,2023-09-13,2255,Peterborough County-City Health Unit,0.0892,22.0,0.15,0.9184,0.9864
1290,2023-09-13,2265,Waterloo Health Unit,0.1504,54.0,0.09,0.5627,0.798
1291,2023-09-13,2230,Durham Regional Health Unit,0.1167,71.0,0.1,0.86,0.9369
1292,2023-09-13,2246,Niagara Regional Area Health Unit,0.14,79.0,0.17,0.6408,0.8346
1293,2023-09-13,2241,"Kingston, Frontenac and Lennox and Addington Health Unit",0.1968,44.0,0.21,0.9702,0.9901
1294,2023-09-13,35,Ontario,0.1457,2018.0,0.14,0.8563,0.9497
1295,2023-09-13,2226,District of Algoma Health Unit,0.0714,12.0,0.1,0.9101,0.9663
1296,2023-09-12,2266,Wellington-Dufferin-Guelph Health Unit,0.1973,43.0,0.14,0.788,0.8869
1297,2023-09-12,2241,"Kingston, Frontenac and Lennox and Addington Health Unit",0.2007,41.0,0.19,0.9674,0.9891
1298,2023-09-12,2234,Haldimand-Norfolk Health Unit,0.1786,16.0,0.14,0.8571,0.9911
1299,2023-09-12,2246,Niagara Regional Area Health Unit,0.1336,86.0,0.18,0.6146,0.8179
1300,2023-09-12,2263,Timiskaming Health Unit,0.1667,3.0,0.08,0.8333,0.9444
1301,2023-09-12,2258,Eastern Ontario Health Unit,0.1498,38.0,0.18,0.8984,0.9878
1302,2023-09-12,2265,Waterloo Health Unit,0.1381,52.0,0.09,0.595,0.7961
1303,2023-09-12,2236,Halton Regional Health Unit,0.1782,58.0,0.09,0.7685,0.8695
1304,2023-09-12,2251,City of Ottawa Health Unit,0.2161,179.0,0.17,0.9143,0.9848
1305,2023-09-12,2244,Middlesex-London Health Unit,0.1335,57.0,0.11,0.8727,0.9576
1306,2023-09-12,2262,Thunder Bay District Health Unit,0.0914,28.0,0.19,0.8894,0.9663
1307,2023-09-12,4913,Southwestern Public Health,0.075,17.0,0.08,0.6083,0.9
1308,2023-09-12,2256,Porcupine Health Unit,0.1264,12.0,0.15,0.8876,0.9326
1309,2023-09-12,2233,Grey Bruce Health Unit,0.367,31.0,0.18,0.733,0.9215
1310,2023-09-12,2261,Sudbury and District Health Unit,0.13,60.0,0.3,0.981,0.9882
1311,2023-09-12,2242,Lambton Health Unit,0.2581,9.0,0.07,0.4865,0.8784
1312,2023-09-12,2227,Brant County Health Unit,0.0917,31.0,0.2,0.939,0.9765
1313,2023-09-12,2235,"Haliburton, Kawartha, Pine Ridge District Health Unit",0.0306,33.0,0.17,0.9648,0.9912
1314,2023-09-12,2240,Chatham-Kent Health Unit,0.1587,9.0,0.08,0.6667,0.8519
1315,2023-09-12,2257,Renfrew County and District Health Unit,0.1368,17.0,0.15,0.9244,0.9832
1316,2023-09-12,2243,"Leeds, Grenville and Lanark District Health Unit",0.1475,26.0,0.15,0.8483,0.9888
1317,2023-09-12,2238,Hastings and Prince Edward Counties Health Unit,0.0813,18.0,0.1,0.8971,0.9926
1318,2023-09-12,35,Ontario,0.1465,2036.0,0.14,0.8626,0.9482
1319,2023-09-12,2249,Northwestern Health Unit,0.0488,12.0,0.13,0.9506,0.963
1320,2023-09-12,2260,Simcoe Muskoka District Health Unit,0.1484,66.0,0.11,0.8257,0.915
1321,2023-09-12,3895,City of Toronto Health Unit,0.1185,437.0,0.14,0.8893,0.967
1322,2023-09-12,2253,Peel Regional Health Unit,0.1454,178.0,0.11,0.9176,0.9588
1323,2023-09-12,2237,City of Hamilton Health Unit,0.1122,103.0,0.17,0.9335,0.9709
1324,2023-09-12,2247,North Bay Parry Sound District Health Unit,0.0681,27.0,0.21,0.9701,0.9851
1325,2023-09-12,2230,Durham Regional Health Unit,0.132,71.0,0.1,0.888,0.9595
1326,2023-09-12,2268,Windsor-Essex County Health Unit,0.1824,24.0,0.06,0.8798,0.9563
1327,2023-09-12,2270,York Regional Health Unit,0.2055,150.0,0.12,0.8496,0.947
1328,2023-09-12,2226,District of Algoma Health Unit,0.069,12.0,0.11,0.9121,0.9451
1329,2023-09-12,2255,Peterborough County-City Health Unit,0.0526,22.0,0.15,0.94,0.98
1330,2023-09-12,5183,Huron Perth Health Unit,0.094,21.0,0.15,0.6296,0.9333
1331,2023-09-11,2226,District of Algoma Health Unit,0.0652,13.0,0.11,0.9231,0.956
1332,2023-09-11,2270,York Regional Health Unit,0.1993,153.0,0.12,0.8381,0.9509
1333,2023-09-11,2265,Waterloo Health Unit,0.1269,56.0,0.1,0.6215,0.8249
1334,2023-09-11,2261,Sudbury and District Health Unit,0.1271,60.0,0.3,0.9835,0.9882
1335,2023-09-11,35,Ontario,0.1465,2031.0,0.14,0.8626,0.9514
1336,2023-09-11,2257,Renfrew County and District Health Unit,0.1473,18.0,0.17,0.9262,0.9836
1337,2023-09-11,2234,Haldimand-Norfolk Health Unit,0.1949,17.0,0.15,0.8636,0.9909
1338,2023-09-11,2260,Simcoe Muskoka District Health Unit,0.1508,69.0,0.12,0.8352,0.9323
1339,2023-09-11,2253,Peel Regional Health Unit,0.1531,174.0,0.11,0.9211,0.9623
1340,2023-09-11,2236,Halton Regional Health Unit,0.1887,61.0,0.1,0.7741,0.8706
1341,2023-09-11,5183,Huron Perth Health Unit,0.124,18.0,0.13,0.6116,0.9339
1342,2023-09-11,4913,Southwestern Public Health,0.0672,17.0,0.08,0.6016,0.9106
1343,2023-09-11,2251,City of Ottawa Health Unit,0.2134,181.0,0.17,0.9203,0.9837
1344,2023-09-11,2230,Durham Regional Health Unit,0.1421,76.0,0.11,0.9064,0.9861
1345,2023-09-11,2235,"Haliburton, Kawartha, Pine Ridge District Health Unit",0.0357,32.0,0.17,0.9679,0.9908
1346,2023-09-11,2244,Middlesex-London Health Unit,0.1078,53.0,0.1,0.865,0.9601
1347,2023-09-11,2258,Eastern Ontario Health Unit,0.128,36.0,0.17,0.9137,0.9882
1348,2023-09-11,2233,Grey Bruce Health Unit,0.352,28.0,0.16,0.7471,0.9294
1349,2023-09-11,2237,City of Hamilton Health Unit,0.1278,102.0,0.17,0.9322,0.9723
1350,2023-09-11,2247,North Bay Parry Sound District Health Unit,0.0825,28.0,0.21,0.9572,0.984
1351,2023-09-11,3895,City of Toronto Health Unit,0.1157,429.0,0.14,0.8834,0.9681
1352,2023-09-11,2243,"Leeds, Grenville and Lanark District Health Unit",0.1522,26.0,0.15,0.8485,0.9879
1353,2023-09-11,2256,Porcupine Health Unit,0.1395,12.0,0.15,0.8714,0.9
1354,2023-09-11,2238,Hastings and Prince Edward Counties Health Unit,0.0992,19.0,0.11,0.876,0.9587
1355,2023-09-11,2263,Timiskaming Health Unit,0.125,2.0,0.07,0.8125,0.9375
1356,2023-09-11,2268,Windsor-Essex County Health Unit,0.1944,26.0,0.06,0.8793,0.9483
1357,2023-09-11,2255,Peterborough County-City Health Unit,0.0342,21.0,0.14,0.9155,0.9789
1358,2023-09-11,2227,Brant County Health Unit,0.0849,30.0,0.2,0.9363,0.9755
1359,2023-09-11,2242,Lambton Health Unit,0.303,9.0,0.07,0.4571,0.8857
1360,2023-09-11,2262,Thunder Bay District Health Unit,0.1215,31.0,0.2,0.9087,0.9663
1361,2023-09-11,2240,Chatham-Kent Health Unit,0.1364,9.0,0.09,0.6377,0.8406
1362,2023-09-11,2249,Northwestern Health Unit,0.0988,12.0,0.13,0.9432,0.9659
1363,2023-09-11,2241,"Kingston, Frontenac and Lennox and Addington Health Unit",0.1719,37.0,0.17,0.9643,0.9921
1364,2023-09-11,2246,Niagara Regional Area Health Unit,0.1167,88.0,0.19,0.6208,0.8289
1365,2023-09-11,2266,Wellington-Dufferin-Guelph Health Unit,0.2257,41.0,0.13,0.7579,0.8737
1366,2023-09-10,2260,Simcoe Muskoka District Health Unit,0.14,65.0,0.11,0.8348,0.933
1367,2023-09-10,2263,Timiskaming Health Unit,0.125,2.0,0.07,0.8,0.9333
1368,2023-09-10,2261,Sudbury and District Health Unit,0.1108,58.0,0.29,0.9827,0.9877
1369,2023-09-10,2238,Hastings and Prince Edward Counties Health Unit,0.0984,17.0,0.1,0.8385,0.9231
1370,2023-09-10,5183,Huron Perth Health Unit,0.1417,17.0,0.12,0.632,0.936
1371,2023-09-10,2227,Brant County Health Unit,0.0785,27.0,0.18,0.934,0.9695
1372,2023-09-10,2253,Peel Regional Health Unit,0.1517,170.0,0.11,0.9279,0.9693
1373,2023-09-10,2255,Peterborough County-City Health Unit,0.0231,19.0,0.13,0.9167,0.9773
1374,2023-09-10,2226,District of Algoma Health Unit,0.0549,13.0,0.11,0.9271,0.9583
1375,2023-09-10,2241,"Kingston, Frontenac and Lennox and Addington Health Unit",0.1515,33.0,0.16,0.9615,0.9915
1376,2023-09-10,2237,City of Hamilton Health Unit,0.1234,91.0,0.15,0.9282,0.9704
1377,2023-09-10,2256,Porcupine Health Unit,0.1231,9.0,0.11,0.8906,0.9219
1378,2023-09-10,2266,Wellington-Dufferin-Guelph Health Unit,0.2085,37.0,0.12,0.7537,0.8881
1379,2023-09-10,2268,Windsor-Essex County Health Unit,0.1692,28.0,0.07,0.8969,0.9536
1380,2023-09-10,2247,North Bay Parry Sound District Health Unit,0.1,26.0,0.2,0.9508,0.9836
1381,2023-09-10,2236,Halton Regional Health Unit,0.1966,58.0,0.09,0.7711,0.8756
1382,2023-09-10,2249,Northwestern Health Unit,0.0833,12.0,0.14,0.9545,0.9659
1383,2023-09-10,2244,Middlesex-London Health Unit,0.0973,47.0,0.09,0.8589,0.958
1384,2023-09-10,2233,Grey Bruce Health Unit,0.3716,26.0,0.15,0.7572,0.9364
1385,2023-09-10,35,Ontario,0.1428,1938.0,0.13,0.8573,0.9494
1386,2023-09-10,2270,York Regional Health Unit,0.1937,145.0,0.12,0.8333,0.9494
1387,2023-09-10,2243,"Leeds, Grenville and Lanark District Health Unit",0.1257,24.0,0.14,0.8452,0.9935
1388,2023-09-10,2230,Durham Regional Health Unit,0.1475,70.0,0.1,0.8939,0.9784
1389,2023-09-10,2246,Niagara Regional Area Health Unit,0.1178,85.0,0.18,0.599,0.8242
1390,2023-09-10,2265,Waterloo Health Unit,0.1096,52.0,0.09,0.5867,0.7867
1391,2023-09-10,3895,City of Toronto Health Unit,0.1118,417.0,0.13,0.8806,0.9676
1392,2023-09-10,2234,Haldimand-Norfolk Health Unit,0.211,16.0,0.14,0.8649,0.991
1393,2023-09-10,2235,"Haliburton, Kawartha, Pine Ridge District Health Unit",0.0367,31.0,0.16,0.9595,0.982
1394,2023-09-10,2262,Thunder Bay District Health Unit,0.1304,30.0,0.2,0.9171,0.9659
1395,2023-09-10,2257,Renfrew County and District Health Unit,0.1488,17.0,0.16,0.9487,0.9915
1396,2023-09-10,2242,Lambton Health Unit,0.2687,10.0,0.07,0.443,0.8734
1397,2023-09-10,4913,Southwestern Public Health,0.0508,17.0,0.08,0.6198,0.9091
1398,2023-09-10,2251,City of Ottawa Health Unit,0.2141,175.0,0.17,0.9125,0.9843
1399,2023-09-10,2240,Chatham-Kent Health Unit,0.1029,10.0,0.09,0.6479,0.8451
1400,2023-09-10,2258,Eastern Ontario Health Unit,0.1298,37.0,0.18,0.8889,0.9667
1401,2023-09-09,3895,City of Toronto Health Unit,0.1108,410.0,0.13,0.8809,0.9703
1402,2023-09-09,2251,City of Ottawa Health Unit,0.2263,155.0,0.15,0.9078,0.9834
1403,2023-09-09,5183,Huron Perth Health Unit,0.1452,18.0,0.13,0.6462,0.9385
1404,2023-09-09,2262,Thunder Bay District Health Unit,0.1415,29.0,0.2,0.9167,0.9657
1405,2023-09-09,2263,Timiskaming Health Unit,0.1429,2.0,0.06,0.8462,0.9231
1406,2023-09-09,2227,Brant County Health Unit,0.0899,27.0,0.17,0.9231,0.9641
1407,2023-09-09,2226,District of Algoma Health Unit,0.0625,14.0,0.12,0.93,0.96
1408,2023-09-09,2261,Sudbury and District Health Unit,0.11,58.0,0.29,0.9736,0.988
1409,2023-09-09,2244,Middlesex-London Health Unit,0.0938,49.0,0.1,0.8713,0.9671
1410,2023-09-09,4913,Southwestern Public Health,0.0635,18.0,0.09,0.6457,0.8976
1411,2023-09-09,2233,Grey Bruce Health Unit,0.3667,26.0,0.15,0.7514,0.9558
1412,2023-09-09,2270,York Regional Health Unit,0.1776,146.0,0.12,0.8451,0.9511
1413,2023-09-09,2268,Windsor-Essex County Health Unit,0.1832,29.0,0.07,0.9077,0.9538
1414,2023-09-09,2253,Peel Regional Health Unit,0.153,173.0,0.11,0.9332,0.9713
1415,2023-09-09,2256,Porcupine Health Unit,0.0833,9.0,0.1,0.8906,0.9219
1416,2023-09-09,2257,Renfrew County and District Health Unit,0.1593,16.0,0.15,0.9444,0.9815
1417,2023-09-09,2242,Lambton Health Unit,0.2429,10.0,0.08,0.4658,0.8767
1418,2023-09-09,2258,Eastern Ontario Health Unit,0.1445,38.0,0.18,0.8797,0.9586
1419,2023-09-09,2230,Durham Regional Health Unit,0.1395,74.0,0.1,0.9067,0.9778
1420,2023-09-09,2238,Hastings and Prince Edward Counties Health Unit,0.0917,17.0,0.1,0.845,0.9225
1421,2023-09-09,2243,"Leeds, Grenville and Lanark District Health Unit",0.0987,22.0,0.13,0.8312,1.0
1422,2023-09-09,2240,Chatham-Kent Health Unit,0.0794,9.0,0.08,0.6447,0.8289
1423,2023-09-09,2247,North Bay Parry Sound District Health Unit,0.1156,25.0,0.19,0.9471,0.9824
1424,2023-09-09,2255,Peterborough County-City Health Unit,0.0373,19.0,0.13,0.8971,0.9559
1425,2023-09-09,2249,Northwestern Health Unit,0.0941,12.0,0.14,0.9529,0.9647
1426,2023-09-09,35,Ontario,0.1422,1911.0,0.13,0.8559,0.9492
1427,2023-09-09,2265,Waterloo Health Unit,0.1071,52.0,0.09,0.5411,0.7639
1428,2023-09-09,2236,Halton Regional Health Unit,0.192,57.0,0.09,0.7554,0.8571
1429,2023-09-09,2266,Wellington-Dufferin-Guelph Health Unit,0.2355,37.0,0.12,0.7702,0.8992
1430,2023-09-09,2234,Haldimand-Norfolk Health Unit,0.211,16.0,0.14,0.8585,0.9906
1431,2023-09-09,2235,"Haliburton, Kawartha, Pine Ridge District Health Unit",0.0357,32.0,0.17,0.9515,0.978
1432,2023-09-09,2246,Niagara Regional Area Health Unit,0.1092,81.0,0.17,0.5854,0.8188
1433,2023-09-09,2260,Simcoe Muskoka District Health Unit,0.1457,66.0,0.11,0.8359,0.9424
1434,2023-09-09,2237,City of Hamilton Health Unit,0.1216,90.0,0.15,0.9283,0.9745
1435,2023-09-09,2241,"Kingston, Frontenac and Lennox and Addington Health Unit",0.1473,32.0,0.15,0.9633,0.9908
1436,2023-09-08,2256,Porcupine Health Unit,0.1091,8.0,0.09,0.8571,0.9107
1437,2023-09-08,2261,Sudbury and District Health Unit,0.1149,58.0,0.29,0.9643,0.9833
1438,2023-09-08,2235,"Haliburton, Kawartha, Pine Ridge District Health Unit",0.0478,30.0,0.16,0.9522,0.9761
1439,2023-09-08,5183,Huron Perth Health Unit,0.1742,19.0,0.13,0.65,0.9429
1440,2023-09-08,2268,Windsor-Essex County Health Unit,0.197,28.0,0.07,0.9119,0.9585
1441,2023-09-08,2242,Lambton Health Unit,0.2394,10.0,0.08,0.4714,0.8571
1442,2023-09-08,2257,Renfrew County and District Health Unit,0.1176,12.0,0.11,0.9241,0.9747
1443,2023-09-08,2234,Haldimand-Norfolk Health Unit,0.2075,15.0,0.13,0.8763,1.0
1444,2023-09-08,2241,"Kingston, Frontenac and Lennox and Addington Health Unit",0.1535,31.0,0.14,0.9652,0.99
1445,2023-09-08,2233,Grey Bruce Health Unit,0.3851,25.0,0.15,0.7746,0.9653
1446,2023-09-08,2249,Northwestern Health Unit,0.0886,11.0,0.13,0.9375,0.95
1447,2023-09-08,2238,Hastings and Prince Edward Counties Health Unit,0.0833,17.0,0.1,0.8374,0.9187
1448,2023-09-08,2247,North Bay Parry Sound District Health Unit,0.1059,24.0,0.19,0.9467,0.9822
1449,2023-09-08,2251,City of Ottawa Health Unit,0.2181,157.0,0.15,0.9101,0.985
1450,2023-09-08,2240,Chatham-Kent Health Unit,0.0533,11.0,0.1,0.6494,0.8312
1451,2023-09-08,2244,Middlesex-London Health Unit,0.0965,49.0,0.1,0.9,0.9719
1452,2023-09-08,2246,Niagara Regional Area Health Unit,0.1139,80.0,0.17,0.5789,0.8185
1453,2023-09-08,2260,Simcoe Muskoka District Health Unit,0.153,66.0,0.11,0.8603,0.9498
1454,2023-09-08,2255,Peterborough County-City Health Unit,0.0365,20.0,0.13,0.9407,0.963
1455,2023-09-08,2227,Brant County Health Unit,0.1016,27.0,0.17,0.9213,0.9607
1456,2023-09-08,2230,Durham Regional Health Unit,0.1374,68.0,0.09,0.8919,0.9595
1457,2023-09-08,2263,Timiskaming Health Unit,0.1333,2.0,0.07,0.8667,0.9333
1458,2023-09-08,2262,Thunder Bay District Health Unit,0.1392,28.0,0.18,0.9146,0.9648
1459,2023-09-08,2226,District of Algoma Health Unit,0.0722,14.0,0.12,0.94,0.96
1460,2023-09-08,2236,Halton Regional Health Unit,0.2123,58.0,0.09,0.7839,0.8828
1461,2023-09-08,2270,York Regional Health Unit,0.1814,141.0,0.12,0.8626,0.961
1462,2023-09-08,4913,Southwestern Public Health,0.0394,18.0,0.09,0.6232,0.913
1463,2023-09-08,2253,Peel Regional Health Unit,0.1544,175.0,0.11,0.9272,0.9727
1464,2023-09-08,3895,City of Toronto Health Unit,0.1094,413.0,0.13,0.8879,0.9712
1465,2023-09-08,2266,Wellington-Dufferin-Guelph Health Unit,0.2397,38.0,0.12,0.772,0.9
1466,2023-09-08,2258,Eastern Ontario Health Unit,0.1412,36.0,0.17,0.8789,0.957
1467,2023-09-08,35,Ontario,0.1424,1899.0,0.13,0.8608,0.9519
1468,2023-09-08,2237,City of Hamilton Health Unit,0.118,92.0,0.16,0.936,0.9808
1469,2023-09-08,2243,"Leeds, Grenville and Lanark District Health Unit",0.1154,22.0,0.13,0.7987,1.0
1470,2023-09-08,2265,Waterloo Health Unit,0.0845,51.0,0.09,0.5657,0.7748
1471,2023-09-07,2256,Porcupine Health Unit,0.082,9.0,0.1,0.873,0.9206
1472,2023-09-07,2236,Halton Regional Health Unit,0.2318,55.0,0.09,0.785,0.8808
1473,2023-09-07,2257,Renfrew County and District Health Unit,0.1558,11.0,0.1,0.9114,0.9747
1474,2023-09-07,2242,Lambton Health Unit,0.2192,10.0,0.08,0.4805,0.8831
1475,2023-09-07,2255,Peterborough County-City Health Unit,0.036,20.0,0.13,0.9328,0.9552
1476,2023-09-07,2249,Northwestern Health Unit,0.1039,11.0,0.13,0.9375,0.95
1477,2023-09-07,2226,District of Algoma Health Unit,0.0606,14.0,0.12,0.957,0.9785
1478,2023-09-07,2247,North Bay Parry Sound District Health Unit,0.0983,25.0,0.19,0.9353,0.9824
1479,2023-09-07,2251,City of Ottawa Health Unit,0.2182,149.0,0.14,0.9082,0.9879
1480,2023-09-07,2234,Haldimand-Norfolk Health Unit,0.1959,14.0,0.12,0.8588,1.0
1481,2023-09-07,2235,"Haliburton, Kawartha, Pine Ridge District Health Unit",0.0465,31.0,0.16,0.9628,0.9734
1482,2023-09-07,35,Ontario,0.1414,1893.0,0.13,0.8626,0.9567
1483,2023-09-07,4913,Southwestern Public Health,0.0469,18.0,0.09,0.6324,0.9265
1484,2023-09-07,5183,Huron Perth Health Unit,0.2231,19.0,0.13,0.6364,0.951
1485,2023-09-07,2261,Sudbury and District Health Unit,0.11,57.0,0.29,0.9615,0.9821
1486,2023-09-07,2246,Niagara Regional Area Health Unit,0.1213,81.0,0.17,0.6487,0.9108
1487,2023-09-07,2270,York Regional Health Unit,0.1709,142.0,0.12,0.8614,0.9595
1488,2023-09-07,2266,Wellington-Dufferin-Guelph Health Unit,0.2169,36.0,0.11,0.7695,0.893
1489,2023-09-07,2230,Durham Regional Health Unit,0.1545,68.0,0.1,0.8814,0.9513
1490,2023-09-07,2253,Peel Regional Health Unit,0.1505,174.0,0.11,0.927,0.9715
1491,2023-09-07,3895,City of Toronto Health Unit,0.1043,422.0,0.14,0.8863,0.9706
1492,2023-09-07,2227,Brant County Health Unit,0.1047,25.0,0.16,0.9364,0.9653
1493,2023-09-07,2258,Eastern Ontario Health Unit,0.1402,38.0,0.18,0.8871,0.9637
1494,2023-09-07,2263,Timiskaming Health Unit,0.1429,2.0,0.06,0.9091,0.9091
1495,2023-09-07,2233,Grey Bruce Health Unit,0.3763,27.0,0.16,0.7841,0.9545
1496,2023-09-07,2268,Windsor-Essex County Health Unit,0.2205,28.0,0.07,0.8974,0.959
1497,2023-09-07,2243,"Leeds, Grenville and Lanark District Health Unit",0.1224,21.0,0.12,0.854,1.0
1498,2023-09-07,2260,Simcoe Muskoka District Health Unit,0.1516,70.0,0.12,0.8556,0.9427
1499,2023-09-07,2241,"Kingston, Frontenac and Lennox and Addington Health Unit",0.15,29.0,0.13,0.9692,0.9897
1500,2023-09-07,2262,Thunder Bay District Health Unit,0.1571,27.0,0.18,0.9355,0.9677
1501,2023-09-07,2244,Middlesex-London Health Unit,0.1003,47.0,0.09,0.8693,0.9757
1502,2023-09-07,2238,Hastings and Prince Edward Counties Health Unit,0.0887,18.0,0.11,0.8595,0.9174
1503,2023-09-07,2265,Waterloo Health Unit,0.074,52.0,0.09,0.5822,0.8189
1504,2023-09-07,2240,Chatham-Kent Health Unit,0.0833,10.0,0.1,0.6667,0.8646
1505,2023-09-07,2237,City of Hamilton Health Unit,0.1204,89.0,0.15,0.9379,0.9883
1506,2023-09-06,2233,Grey Bruce Health Unit,0.3918,24.0,0.14,0.7898,0.9427
1507,2023-09-06,2270,York Regional Health Unit,0.1704,140.0,0.11,0.8753,0.9625
1508,2023-09-06,2227,Brant County Health Unit,0.1167,26.0,0.17,0.9375,0.9716
1509,2023-09-06,2230,Durham Regional Health Unit,0.1578,67.0,0.09,0.8818,0.9497
1510,2023-09-06,2261,Sudbury and District Health Unit,0.1015,56.0,0.28,0.9649,0.9875
1511,2023-09-06,2226,District of Algoma Health Unit,0.044,13.0,0.11,0.9643,0.9762
1512,2023-09-06,2241,"Kingston, Frontenac and Lennox and Addington Health Unit",0.1472,28.0,0.13,0.9738,1.0
1513,2023-09-06,2262,Thunder Bay District Health Unit,0.1719,27.0,0.18,0.9171,0.9561
1514,2023-09-06,35,Ontario,0.1426,1845.0,0.12,0.8657,0.959
1515,2023-09-06,2263,Timiskaming Health Unit,0.125,1.0,0.03,1.0,1.0
1516,2023-09-06,2247,North Bay Parry Sound District Health Unit,0.0641,22.0,0.17,0.9467,1.0
1517,2023-09-06,2249,Northwestern Health Unit,0.1154,11.0,0.13,0.939,0.9512
1518,2023-09-06,2240,Chatham-Kent Health Unit,0.1183,13.0,0.12,0.7614,0.9545
1519,2023-09-06,2234,Haldimand-Norfolk Health Unit,0.1566,12.0,0.1,0.8293,0.9878
1520,2023-09-06,2242,Lambton Health Unit,0.2361,10.0,0.08,0.5,0.8889
1521,2023-09-06,2243,"Leeds, Grenville and Lanark District Health Unit",0.1361,21.0,0.12,0.8661,1.0
1522,2023-09-06,2251,City of Ottawa Health Unit,0.2219,138.0,0.13,0.9033,0.986
1523,2023-09-06,2268,Windsor-Essex County Health Unit,0.228,28.0,0.06,0.8836,0.963
1524,2023-09-06,2244,Middlesex-London Health Unit,0.1009,45.0,0.09,0.882,0.9836
1525,2023-09-06,2238,Hastings and Prince Edward Counties Health Unit,0.126,18.0,0.11,0.8522,0.913
1526,2023-09-06,2253,Peel Regional Health Unit,0.1418,168.0,0.1,0.9288,0.971
1527,2023-09-06,2237,City of Hamilton Health Unit,0.1211,83.0,0.14,0.9106,0.9857
1528,2023-09-06,2255,Peterborough County-City Health Unit,0.0455,19.0,0.13,0.92,0.944
1529,2023-09-06,2246,Niagara Regional Area Health Unit,0.1315,85.0,0.18,0.6185,0.8815
1530,2023-09-06,2265,Waterloo Health Unit,0.0681,55.0,0.09,0.6006,0.8264
1531,2023-09-06,3895,City of Toronto Health Unit,0.1017,404.0,0.13,0.8876,0.9749
1532,2023-09-06,2258,Eastern Ontario Health Unit,0.166,37.0,0.18,0.9076,0.9664
1533,2023-09-06,2236,Halton Regional Health Unit,0.236,56.0,0.09,0.7757,0.8918
1534,2023-09-06,2257,Renfrew County and District Health Unit,0.1528,10.0,0.09,0.9,0.9714
1535,2023-09-06,2266,Wellington-Dufferin-Guelph Health Unit,0.1992,36.0,0.11,0.8025,0.9244
1536,2023-09-06,2260,Simcoe Muskoka District Health Unit,0.1585,67.0,0.11,0.8634,0.9515
1537,2023-09-06,4913,Southwestern Public Health,0.0657,20.0,0.09,0.6846,0.9462
1538,2023-09-06,5183,Huron Perth Health Unit,0.2517,20.0,0.15,0.68,0.9533
1539,2023-09-06,2256,Porcupine Health Unit,0.0893,8.0,0.1,0.8154,0.8615
1540,2023-09-06,2235,"Haliburton, Kawartha, Pine Ridge District Health Unit",0.0476,27.0,0.14,0.9451,0.9615
1541,2023-09-05,2247,North Bay Parry Sound District Health Unit,0.0719,22.0,0.17,0.95,1.0
1542,2023-09-05,2270,York Regional Health Unit,0.1483,132.0,0.11,0.8712,0.9617
1543,2023-09-05,2230,Durham Regional Health Unit,0.1423,69.0,0.1,0.8413,0.9413
1544,2023-09-05,2226,District of Algoma Health Unit,0.0471,12.0,0.11,0.9625,0.9875
1545,2023-09-05,2236,Halton Regional Health Unit,0.2005,53.0,0.09,0.7579,0.879
1546,2023-09-05,4913,Southwestern Public Health,0.0643,20.0,0.09,0.695,0.9574
1547,2023-09-05,2258,Eastern Ontario Health Unit,0.1411,34.0,0.16,0.9087,0.9652
1548,2023-09-05,2251,City of Ottawa Health Unit,0.2139,121.0,0.11,0.913,0.9901
1549,2023-09-05,2256,Porcupine Health Unit,0.0645,9.0,0.11,0.7941,0.8529
1550,2023-09-05,5183,Huron Perth Health Unit,0.2635,21.0,0.15,0.6767,0.9774
1551,2023-09-05,2265,Waterloo Health Unit,0.0711,54.0,0.09,0.5692,0.8256
1552,2023-09-05,2266,Wellington-Dufferin-Guelph Health Unit,0.1736,35.0,0.11,0.7957,0.9277
1553,2023-09-05,2268,Windsor-Essex County Health Unit,0.2268,28.0,0.07,0.867,0.9628
1554,2023-09-05,2257,Renfrew County and District Health Unit,0.1507,10.0,0.1,0.9091,0.9848
1555,2023-09-05,2235,"Haliburton, Kawartha, Pine Ridge District Health Unit",0.0447,26.0,0.14,0.9422,0.9653
1556,2023-09-05,2263,Timiskaming Health Unit,0.0,1.0,0.03,1.0,1.0
1557,2023-09-05,3895,City of Toronto Health Unit,0.0986,391.0,0.13,0.8796,0.9738
1558,2023-09-05,2253,Peel Regional Health Unit,0.1289,171.0,0.11,0.9349,0.9753
1559,2023-09-05,2246,Niagara Regional Area Health Unit,0.1474,76.0,0.16,0.64,0.8884
1560,2023-09-05,2249,Northwestern Health Unit,0.0933,11.0,0.12,0.9,0.95
1561,2023-09-05,2241,"Kingston, Frontenac and Lennox and Addington Health Unit",0.1497,27.0,0.13,0.9677,1.0
1562,2023-09-05,2240,Chatham-Kent Health Unit,0.1111,14.0,0.13,0.7706,0.9817
1563,2023-09-05,2255,Peterborough County-City Health Unit,0.0432,20.0,0.13,0.9097,0.9514
1564,2023-09-05,2242,Lambton Health Unit,0.2609,10.0,0.08,0.537,0.9259
1565,2023-09-05,2243,"Leeds, Grenville and Lanark District Health Unit",0.1048,18.0,0.1,0.8522,1.0
1566,2023-09-05,2260,Simcoe Muskoka District Health Unit,0.1542,67.0,0.11,0.8377,0.9394
1567,2023-09-05,2237,City of Hamilton Health Unit,0.1105,79.0,0.13,0.912,0.982
1568,2023-09-05,35,Ontario,0.1347,1777.0,0.12,0.8572,0.9581
1569,2023-09-05,2238,Hastings and Prince Edward Counties Health Unit,0.2917,17.0,0.1,0.8729,0.9237
1570,2023-09-05,2227,Brant County Health Unit,0.113,25.0,0.16,0.8684,0.9263
1571,2023-09-05,2234,Haldimand-Norfolk Health Unit,0.1538,11.0,0.1,0.7838,0.9865
1572,2023-09-05,2233,Grey Bruce Health Unit,0.2759,21.0,0.12,0.7538,0.9462
1573,2023-09-05,2261,Sudbury and District Health Unit,0.0982,55.0,0.28,0.9658,0.9895
1574,2023-09-05,2244,Middlesex-London Health Unit,0.0924,45.0,0.09,0.8734,0.9905
1575,2023-09-05,2262,Thunder Bay District Health Unit,0.1774,27.0,0.18,0.8789,0.9579
1576,2023-09-04,2244,Middlesex-London Health Unit,0.0889,45.0,0.09,0.8701,0.9838
1577,2023-09-04,2257,Renfrew County and District Health Unit,0.127,9.0,0.08,0.9,0.9833
1578,2023-09-04,4913,Southwestern Public Health,0.0634,20.0,0.1,0.7181,0.953
1579,2023-09-04,2236,Halton Regional Health Unit,0.1834,50.0,0.08,0.7312,0.8593
1580,2023-09-04,2230,Durham Regional Health Unit,0.1512,63.0,0.09,0.8475,0.9455
1581,2023-09-04,2258,Eastern Ontario Health Unit,0.1513,34.0,0.16,0.8983,0.9534
1582,2023-09-04,2238,Hastings and Prince Edward Counties Health Unit,0.3,17.0,0.1,0.9147,0.9535
1583,2023-09-04,2247,North Bay Parry Sound District Health Unit,0.0647,20.0,0.15,0.9618,1.0
1584,2023-09-04,2237,City of Hamilton Health Unit,0.1097,77.0,0.13,0.9035,0.9727
1585,2023-09-04,2270,York Regional Health Unit,0.1532,127.0,0.1,0.8861,0.9563
1586,2023-09-04,2226,District of Algoma Health Unit,0.039,11.0,0.1,0.9481,0.974
1587,2023-09-04,2255,Peterborough County-City Health Unit,0.0567,20.0,0.14,0.9156,0.9545
1588,2023-09-04,2261,Sudbury and District Health Unit,0.0853,55.0,0.28,0.9683,0.9921
1589,2023-09-04,2241,"Kingston, Frontenac and Lennox and Addington Health Unit",0.1211,27.0,0.13,0.9745,1.0
1590,2023-09-04,2268,Windsor-Essex County Health Unit,0.2158,27.0,0.06,0.8634,0.9512
1591,2023-09-04,2242,Lambton Health Unit,0.2203,8.0,0.06,0.5893,0.9286
1592,2023-09-04,2265,Waterloo Health Unit,0.0656,52.0,0.09,0.5648,0.8117
1593,2023-09-04,2234,Haldimand-Norfolk Health Unit,0.125,10.0,0.09,0.8144,0.9794
1594,2023-09-04,5183,Huron Perth Health Unit,0.2847,20.0,0.14,0.6316,0.9699
1595,2023-09-04,2235,"Haliburton, Kawartha, Pine Ridge District Health Unit",0.0452,25.0,0.13,0.9503,0.9669
1596,2023-09-04,2260,Simcoe Muskoka District Health Unit,0.1419,64.0,0.11,0.8444,0.94
1597,2023-09-04,2262,Thunder Bay District Health Unit,0.1437,24.0,0.16,0.8701,0.9548
1598,2023-09-04,2233,Grey Bruce Health Unit,0.2222,19.0,0.11,0.7292,0.9375
1599,2023-09-04,2256,Porcupine Health Unit,0.0339,8.0,0.1,0.7826,0.8406
1600,2023-09-04,3895,City of Toronto Health Unit,0.0934,389.0,0.12,0.8857,0.9738
1601,2023-09-04,2266,Wellington-Dufferin-Guelph Health Unit,0.1358,35.0,0.11,0.8377,0.9518
1602,2023-09-04,2243,"Leeds, Grenville and Lanark District Health Unit",0.0982,16.0,0.09,0.8492,1.0
1603,2023-09-04,2263,Timiskaming Health Unit,0.0,1.0,0.02,1.0,1.0
1604,2023-09-04,35,Ontario,0.1284,1728.0,0.12,0.8558,0.9544
1605,2023-09-04,2253,Peel Regional Health Unit,0.1207,170.0,0.11,0.9389,0.9816
1606,2023-09-04,2246,Niagara Regional Area Health Unit,0.1958,68.0,0.14,0.6113,0.8774
1607,2023-09-04,2251,City of Ottawa Health Unit,0.1898,115.0,0.11,0.9173,0.9916
1608,2023-09-04,2227,Brant County Health Unit,0.1198,27.0,0.18,0.8228,0.8734
1609,2023-09-04,2249,Northwestern Health Unit,0.0571,10.0,0.11,0.9,0.9429
1610,2023-09-04,2240,Chatham-Kent Health Unit,0.114,16.0,0.15,0.7414,0.9483
1611,2023-09-03,2270,York Regional Health Unit,0.1526,127.0,0.1,0.8911,0.9633
1612,2023-09-03,5183,Huron Perth Health Unit,0.2901,19.0,0.13,0.6202,0.969
1613,2023-09-03,2236,Halton Regional Health Unit,0.1799,54.0,0.09,0.7298,0.8561
1614,2023-09-03,2235,"Haliburton, Kawartha, Pine Ridge District Health Unit",0.0535,27.0,0.14,0.9622,0.9784
1615,2023-09-03,2226,District of Algoma Health Unit,0.0417,10.0,0.09,0.9429,0.9714
1616,2023-09-03,2243,"Leeds, Grenville and Lanark District Health Unit",0.0968,18.0,0.1,0.8525,1.0
1617,2023-09-03,2241,"Kingston, Frontenac and Lennox and Addington Health Unit",0.12,29.0,0.13,0.9688,0.9948
1618,2023-09-03,2242,Lambton Health Unit,0.2787,9.0,0.07,0.6346,0.9615
1619,2023-09-03,2233,Grey Bruce Health Unit,0.229,19.0,0.11,0.6934,0.9197
1620,2023-09-03,2237,City of Hamilton Health Unit,0.1143,80.0,0.14,0.9111,0.9739
1621,2023-09-03,3895,City of Toronto Health Unit,0.0928,394.0,0.13,0.8885,0.9753
1622,2023-09-03,2238,Hastings and Prince Edward Counties Health Unit,0.3309,20.0,0.12,0.9531,0.9844
1623,2023-09-03,2251,City of Ottawa Health Unit,0.1865,121.0,0.11,0.9258,0.9892
1624,2023-09-03,2240,Chatham-Kent Health Unit,0.1565,16.0,0.15,0.7321,0.9464
1625,2023-09-03,2258,Eastern Ontario Health Unit,0.1558,33.0,0.16,0.9256,0.9767
1626,2023-09-03,2262,Thunder Bay District Health Unit,0.1534,25.0,0.17,0.8701,0.9548
1627,2023-09-03,2230,Durham Regional Health Unit,0.1534,68.0,0.1,0.8388,0.9327
1628,2023-09-03,2265,Waterloo Health Unit,0.0668,58.0,0.1,0.5711,0.8329
1629,2023-09-03,2255,Peterborough County-City Health Unit,0.0701,22.0,0.15,0.9108,0.949
1630,2023-09-03,2249,Northwestern Health Unit,0.0735,10.0,0.11,0.9,0.9429
1631,2023-09-03,2253,Peel Regional Health Unit,0.1179,174.0,0.11,0.9307,0.9814
1632,2023-09-03,2260,Simcoe Muskoka District Health Unit,0.148,64.0,0.11,0.8396,0.9376
1633,2023-09-03,2266,Wellington-Dufferin-Guelph Health Unit,0.1345,34.0,0.11,0.8447,0.9498
1634,2023-09-03,4913,Southwestern Public Health,0.0649,22.0,0.1,0.7208,0.9545
1635,2023-09-03,2234,Haldimand-Norfolk Health Unit,0.1667,14.0,0.12,0.8081,0.9596
1636,2023-09-03,2244,Middlesex-London Health Unit,0.0918,44.0,0.09,0.835,0.9697
1637,2023-09-03,2257,Renfrew County and District Health Unit,0.1,10.0,0.09,0.9167,0.9861
1638,2023-09-03,2247,North Bay Parry Sound District Health Unit,0.0455,19.0,0.15,0.9609,1.0
1639,2023-09-03,35,Ontario,0.1316,1778.0,0.12,0.857,0.955
1640,2023-09-03,2227,Brant County Health Unit,0.1215,31.0,0.2,0.8075,0.8619
1641,2023-09-03,2263,Timiskaming Health Unit,0.0,1.0,0.02,0.8889,0.8889
1642,2023-09-03,2246,Niagara Regional Area Health Unit,0.2063,72.0,0.15,0.6627,0.8898
1643,2023-09-03,2268,Windsor-Essex County Health Unit,0.2841,25.0,0.06,0.8352,0.9451
1644,2023-09-03,2261,Sudbury and District Health Unit,0.0888,56.0,0.28,0.9542,0.9873
1645,2023-09-03,2256,Porcupine Health Unit,0.0303,9.0,0.11,0.7838,0.8378
1646,2023-09-02,2263,Timiskaming Health Unit,0.0,1.0,0.03,0.8889,0.8889
1647,2023-09-02,2233,Grey Bruce Health Unit,0.2214,19.0,0.11,0.7355,0.9256
1648,2023-09-02,2270,York Regional Health Unit,0.1475,124.0,0.1,0.889,0.9665
1649,2023-09-02,2240,Chatham-Kent Health Unit,0.1538,17.0,0.16,0.7524,0.9619
1650,2023-09-02,2261,Sudbury and District Health Unit,0.0879,55.0,0.28,0.9627,0.9867
1651,2023-09-02,2226,District of Algoma Health Unit,0.0441,10.0,0.08,0.9403,0.9701
1652,2023-09-02,2258,Eastern Ontario Health Unit,0.1429,31.0,0.15,0.9336,0.981
1653,2023-09-02,2235,"Haliburton, Kawartha, Pine Ridge District Health Unit",0.0549,26.0,0.14,0.9432,0.9773
1654,2023-09-02,2227,Brant County Health Unit,0.1161,32.0,0.21,0.7934,0.8554
1655,2023-09-02,2230,Durham Regional Health Unit,0.1537,66.0,0.09,0.8137,0.9213
1656,2023-09-02,2243,"Leeds, Grenville and Lanark District Health Unit",0.0894,18.0,0.1,0.8824,1.0
1657,2023-09-02,2237,City of Hamilton Health Unit,0.119,78.0,0.13,0.9159,0.9762
1658,2023-09-02,2242,Lambton Health Unit,0.2881,8.0,0.06,0.6078,0.9608
1659,2023-09-02,2265,Waterloo Health Unit,0.0713,58.0,0.1,0.5844,0.846
1660,2023-09-02,2238,Hastings and Prince Edward Counties Health Unit,0.3286,20.0,0.12,0.9149,0.9858
1661,2023-09-02,2257,Renfrew County and District Health Unit,0.0972,10.0,0.09,0.9275,1.0
1662,2023-09-02,2268,Windsor-Essex County Health Unit,0.2644,25.0,0.06,0.8409,0.9432
1663,2023-09-02,2266,Wellington-Dufferin-Guelph Health Unit,0.1021,34.0,0.11,0.8565,0.9552
1664,2023-09-02,4913,Southwestern Public Health,0.0584,22.0,0.1,0.6993,0.965
1665,2023-09-02,2244,Middlesex-London Health Unit,0.0899,40.0,0.08,0.8225,0.9693
1666,2023-09-02,2251,City of Ottawa Health Unit,0.1822,124.0,0.12,0.9311,0.9897
1667,2023-09-02,2236,Halton Regional Health Unit,0.1794,54.0,0.09,0.7558,0.8817
1668,2023-09-02,2241,"Kingston, Frontenac and Lennox and Addington Health Unit",0.1212,28.0,0.13,0.9645,0.9949
1669,2023-09-02,5183,Huron Perth Health Unit,0.3023,18.0,0.13,0.6134,0.9412
1670,2023-09-02,2260,Simcoe Muskoka District Health Unit,0.135,65.0,0.11,0.8542,0.9306
1671,2023-09-02,2255,Peterborough County-City Health Unit,0.071,22.0,0.15,0.925,0.9688
1672,2023-09-02,2256,Porcupine Health Unit,0.029,10.0,0.12,0.7895,0.8421
1673,2023-09-02,2262,Thunder Bay District Health Unit,0.1497,24.0,0.16,0.8623,0.9521
1674,2023-09-02,2247,North Bay Parry Sound District Health Unit,0.0234,18.0,0.14,0.9612,1.0
1675,2023-09-02,2246,Niagara Regional Area Health Unit,0.1823,85.0,0.18,0.6561,0.9045
1676,2023-09-02,2234,Haldimand-Norfolk Health Unit,0.1771,14.0,0.12,0.8021,0.9583
1677,2023-09-02,35,Ontario,0.1275,1777.0,0.12,0.8581,0.9569
1678,2023-09-02,3895,City of Toronto Health Unit,0.09,394.0,0.13,0.8899,0.9758
1679,2023-09-02,2249,Northwestern Health Unit,0.0588,10.0,0.11,0.8971,0.9412
1680,2023-09-02,2253,Peel Regional Health Unit,0.114,170.0,0.11,0.9283,0.9805
1681,2023-09-01,2238,Hastings and Prince Edward Counties Health Unit,0.331,21.0,0.12,0.9231,0.989
1682,2023-09-01,2226,District of Algoma Health Unit,0.0411,10.0,0.09,0.9178,0.9589
1683,2023-09-01,4913,Southwestern Public Health,0.0694,21.0,0.1,0.726,0.9589
1684,2023-09-01,2255,Peterborough County-City Health Unit,0.0692,23.0,0.15,0.9202,0.9632
1685,2023-09-01,2241,"Kingston, Frontenac and Lennox and Addington Health Unit",0.1094,27.0,0.13,0.9591,0.9955
1686,2023-09-01,2227,Brant County Health Unit,0.1166,32.0,0.21,0.7886,0.8537
1687,2023-09-01,2246,Niagara Regional Area Health Unit,0.1846,87.0,0.19,0.6556,0.9036
1688,2023-09-01,2260,Simcoe Muskoka District Health Unit,0.1186,61.0,0.1,0.8479,0.9304
1689,2023-09-01,2251,City of Ottawa Health Unit,0.18,120.0,0.11,0.924,0.9869
1690,2023-09-01,2236,Halton Regional Health Unit,0.1789,58.0,0.09,0.7556,0.8803
1691,2023-09-01,2242,Lambton Health Unit,0.3091,8.0,0.06,0.6042,0.9792
1692,2023-09-01,2256,Porcupine Health Unit,0.0133,11.0,0.13,0.8072,0.8554
1693,2023-09-01,2235,"Haliburton, Kawartha, Pine Ridge District Health Unit",0.0486,26.0,0.14,0.9476,0.9791
1694,2023-09-01,2268,Windsor-Essex County Health Unit,0.2442,25.0,0.06,0.8187,0.9415
1695,2023-09-01,2230,Durham Regional Health Unit,0.166,67.0,0.09,0.8197,0.9335
1696,2023-09-01,2258,Eastern Ontario Health Unit,0.1674,32.0,0.15,0.9283,0.9731
1697,2023-09-01,2253,Peel Regional Health Unit,0.1078,171.0,0.11,0.9322,0.9805
1698,2023-09-01,2243,"Leeds, Grenville and Lanark District Health Unit",0.0714,18.0,0.1,0.9369,1.0
1699,2023-09-01,2257,Renfrew County and District Health Unit,0.0972,10.0,0.09,0.9306,0.9861
1700,2023-09-01,2266,Wellington-Dufferin-Guelph Health Unit,0.0789,33.0,0.1,0.8636,0.9591
1701,2023-09-01,2240,Chatham-Kent Health Unit,0.1619,15.0,0.14,0.72,0.96
1702,2023-09-01,5183,Huron Perth Health Unit,0.2833,17.0,0.12,0.6121,0.9397
1703,2023-09-01,2261,Sudbury and District Health Unit,0.0931,54.0,0.27,0.9633,0.9921
1704,2023-09-01,35,Ontario,0.1249,1766.0,0.12,0.8584,0.9557
1705,2023-09-01,2247,North Bay Parry Sound District Health Unit,0.0413,17.0,0.13,0.9531,1.0
1706,2023-09-01,2244,Middlesex-London Health Unit,0.0833,39.0,0.08,0.8191,0.9659
1707,2023-09-01,2262,Thunder Bay District Health Unit,0.1412,24.0,0.16,0.8497,0.948
1708,2023-09-01,2233,Grey Bruce Health Unit,0.1953,18.0,0.11,0.7373,0.9153
1709,2023-09-01,2270,York Regional Health Unit,0.1384,125.0,0.1,0.8868,0.9642
1710,2023-09-01,3895,City of Toronto Health Unit,0.0886,389.0,0.12,0.8966,0.9741
1711,2023-09-01,2237,City of Hamilton Health Unit,0.1234,76.0,0.13,0.9089,0.9727
1712,2023-09-01,2263,Timiskaming Health Unit,0.0,1.0,0.04,0.9091,0.9091
1713,2023-09-01,2265,Waterloo Health Unit,0.0663,58.0,0.1,0.5725,0.8403
1714,2023-09-01,2249,Northwestern Health Unit,0.058,10.0,0.11,0.9014,0.9577
1715,2023-09-01,2234,Haldimand-Norfolk Health Unit,0.1828,13.0,0.12,0.8022,0.956
1716,2023-08-31,3895,City of Toronto Health Unit,0.089,367.0,0.12,0.9057,0.9774
1717,2023-08-31,2234,Haldimand-Norfolk Health Unit,0.1868,13.0,0.11,0.8,0.9444
1718,2023-08-31,2263,Timiskaming Health Unit,0.0,1.0,0.04,0.9,0.9
1719,2023-08-31,2237,City of Hamilton Health Unit,0.123,79.0,0.13,0.915,0.9699
1720,2023-08-31,2243,"Leeds, Grenville and Lanark District Health Unit",0.0579,17.0,0.1,0.9483,1.0
1721,2023-08-31,2251,City of Ottawa Health Unit,0.1695,120.0,0.11,0.9309,0.9895
1722,2023-08-31,2244,Middlesex-London Health Unit,0.0743,42.0,0.08,0.8556,0.9648
1723,2023-08-31,35,Ontario,0.1227,1737.0,0.12,0.859,0.9541
1724,2023-08-31,2236,Halton Regional Health Unit,0.1671,58.0,0.09,0.7263,0.867
1725,2023-08-31,2235,"Haliburton, Kawartha, Pine Ridge District Health Unit",0.0585,27.0,0.14,0.9375,0.9792
1726,2023-08-31,2268,Windsor-Essex County Health Unit,0.2195,23.0,0.06,0.8246,0.924
1727,2023-08-31,2249,Northwestern Health Unit,0.0469,9.0,0.1,0.8955,0.9552
1728,2023-08-31,2241,"Kingston, Frontenac and Lennox and Addington Health Unit",0.1137,30.0,0.14,0.9626,0.9953
1729,2023-08-31,2265,Waterloo Health Unit,0.058,59.0,0.1,0.6142,0.8477
1730,2023-08-31,2256,Porcupine Health Unit,0.0274,10.0,0.12,0.7792,0.8182
1731,2023-08-31,2253,Peel Regional Health Unit,0.1145,170.0,0.11,0.8953,0.9728
1732,2023-08-31,2238,Hastings and Prince Edward Counties Health Unit,0.3371,25.0,0.15,0.8947,0.9737
1733,2023-08-31,2262,Thunder Bay District Health Unit,0.1437,25.0,0.17,0.8531,0.9492
1734,2023-08-31,2242,Lambton Health Unit,0.2857,7.0,0.05,0.6591,0.9773
1735,2023-08-31,2226,District of Algoma Health Unit,0.0541,11.0,0.09,0.9178,0.9589
1736,2023-08-31,2261,Sudbury and District Health Unit,0.0946,53.0,0.27,0.948,0.9901
1737,2023-08-31,2260,Simcoe Muskoka District Health Unit,0.106,53.0,0.09,0.8387,0.9328
1738,2023-08-31,2255,Peterborough County-City Health Unit,0.071,24.0,0.16,0.9281,0.9701
1739,2023-08-31,2230,Durham Regional Health Unit,0.1547,64.0,0.09,0.8129,0.9307
1740,2023-08-31,2270,York Regional Health Unit,0.1315,118.0,0.1,0.8701,0.9535
1741,2023-08-31,2233,Grey Bruce Health Unit,0.1875,16.0,0.09,0.7059,0.9216
1742,2023-08-31,2257,Renfrew County and District Health Unit,0.0649,11.0,0.1,0.9577,0.9859
1743,2023-08-31,2266,Wellington-Dufferin-Guelph Health Unit,0.0823,33.0,0.11,0.8826,0.9696
1744,2023-08-31,2240,Chatham-Kent Health Unit,0.1414,14.0,0.13,0.7042,0.9437
1745,2023-08-31,4913,Southwestern Public Health,0.053,22.0,0.1,0.7185,0.9556
1746,2023-08-31,2227,Brant County Health Unit,0.1126,32.0,0.2,0.7472,0.8302
1747,2023-08-31,5183,Huron Perth Health Unit,0.2655,16.0,0.12,0.6036,0.9279
1748,2023-08-31,2247,North Bay Parry Sound District Health Unit,0.0534,19.0,0.14,0.9606,1.0
1749,2023-08-31,2246,Niagara Regional Area Health Unit,0.1867,88.0,0.19,0.6741,0.9017
1750,2023-08-31,2258,Eastern Ontario Health Unit,0.179,33.0,0.16,0.9259,0.9753
1751,2023-08-30,2226,District of Algoma Health Unit,0.0575,12.0,0.11,0.9318,0.9659
1752,2023-08-30,2235,"Haliburton, Kawartha, Pine Ridge District Health Unit",0.0583,29.0,0.16,0.9384,0.9905
1753,2023-08-30,2241,"Kingston, Frontenac and Lennox and Addington Health Unit",0.1306,32.0,0.15,0.9693,0.9956
1754,2023-08-30,2249,Northwestern Health Unit,0.0492,9.0,0.1,0.8413,0.9524
1755,2023-08-30,2237,City of Hamilton Health Unit,0.1182,81.0,0.14,0.9423,0.9745
1756,2023-08-30,2230,Durham Regional Health Unit,0.164,63.0,0.09,0.8053,0.9231
1757,2023-08-30,4913,Southwestern Public Health,0.0576,20.0,0.09,0.6934,0.9489
1758,2023-08-30,2253,Peel Regional Health Unit,0.1169,171.0,0.11,0.8966,0.9726
1759,2023-08-30,2263,Timiskaming Health Unit,0.0,2.0,0.06,0.9333,0.9333
1760,2023-08-30,2243,"Leeds, Grenville and Lanark District Health Unit",0.0574,17.0,0.1,0.95,1.0
1761,2023-08-30,2268,Windsor-Essex County Health Unit,0.1965,25.0,0.06,0.8382,0.9364
1762,2023-08-30,2233,Grey Bruce Health Unit,0.1887,15.0,0.09,0.732,0.9381
1763,2023-08-30,2240,Chatham-Kent Health Unit,0.12,11.0,0.1,0.7273,0.9394
1764,2023-08-30,5183,Huron Perth Health Unit,0.25,15.0,0.11,0.58,0.92
1765,2023-08-30,3895,City of Toronto Health Unit,0.087,373.0,0.12,0.9028,0.9732
1766,2023-08-30,2227,Brant County Health Unit,0.107,35.0,0.22,0.7695,0.844
1767,2023-08-30,2246,Niagara Regional Area Health Unit,0.1987,87.0,0.18,0.7116,0.9275
1768,2023-08-30,2255,Peterborough County-City Health Unit,0.0659,24.0,0.16,0.9212,0.9697
1769,2023-08-30,2244,Middlesex-London Health Unit,0.1023,43.0,0.09,0.8686,0.9712
1770,2023-08-30,2256,Porcupine Health Unit,0.0526,11.0,0.13,0.8462,0.8718
1771,2023-08-30,2257,Renfrew County and District Health Unit,0.0519,11.0,0.1,0.9859,0.9859
1772,2023-08-30,2260,Simcoe Muskoka District Health Unit,0.1099,55.0,0.09,0.8405,0.9367
1773,2023-08-30,2261,Sudbury and District Health Unit,0.0858,67.0,0.33,0.951,0.9872
1774,2023-08-30,35,Ontario,0.1209,1776.0,0.12,0.8654,0.9567
1775,2023-08-30,2234,Haldimand-Norfolk Health Unit,0.191,13.0,0.11,0.814,0.9535
1776,2023-08-30,2258,Eastern Ontario Health Unit,0.1471,34.0,0.16,0.931,0.9741
1777,2023-08-30,2242,Lambton Health Unit,0.2549,7.0,0.06,0.62,0.98
1778,2023-08-30,2251,City of Ottawa Health Unit,0.1567,139.0,0.13,0.936,0.9907
1779,2023-08-30,2247,North Bay Parry Sound District Health Unit,0.0588,19.0,0.15,0.9565,1.0
1780,2023-08-30,2238,Hastings and Prince Edward Counties Health Unit,0.3152,26.0,0.16,0.8122,0.9724
1781,2023-08-30,2236,Halton Regional Health Unit,0.1676,54.0,0.09,0.7447,0.8697
1782,2023-08-30,2262,Thunder Bay District Health Unit,0.1265,24.0,0.16,0.8533,0.9533
1783,2023-08-30,2270,York Regional Health Unit,0.12,114.0,0.09,0.8795,0.9533
1784,2023-08-30,2265,Waterloo Health Unit,0.0624,60.0,0.1,0.6022,0.8441
1785,2023-08-30,2266,Wellington-Dufferin-Guelph Health Unit,0.1229,34.0,0.11,0.8826,0.9696
1786,2023-08-29,2249,Northwestern Health Unit,0.0517,8.0,0.09,0.9286,1.0
1787,2023-08-29,2244,Middlesex-London Health Unit,0.1032,44.0,0.09,0.8544,0.9684
1788,2023-08-29,35,Ontario,0.1233,1771.0,0.12,0.8555,0.9496
1789,2023-08-29,2226,District of Algoma Health Unit,0.0568,13.0,0.11,0.9655,0.977
1790,2023-08-29,5183,Huron Perth Health Unit,0.2449,14.0,0.1,0.5376,0.9032
1791,2023-08-29,2233,Grey Bruce Health Unit,0.198,14.0,0.08,0.7356,0.9425
1792,2023-08-29,2258,Eastern Ontario Health Unit,0.181,33.0,0.16,0.9372,0.9749
1793,2023-08-29,2247,North Bay Parry Sound District Health Unit,0.0519,19.0,0.15,0.9697,1.0
1794,2023-08-29,2227,Brant County Health Unit,0.1369,38.0,0.24,0.7951,0.8799
1795,2023-08-29,2262,Thunder Bay District Health Unit,0.106,22.0,0.14,0.9444,0.9861
1796,2023-08-29,2238,Hastings and Prince Edward Counties Health Unit,0.2927,23.0,0.14,0.8108,0.973
1797,2023-08-29,2255,Peterborough County-City Health Unit,0.0867,21.0,0.14,0.9306,0.9792
1798,2023-08-29,3895,City of Toronto Health Unit,0.0865,375.0,0.12,0.8851,0.9627
1799,2023-08-29,2241,"Kingston, Frontenac and Lennox and Addington Health Unit",0.1364,35.0,0.16,0.9714,0.9959
1800,2023-08-29,2234,Haldimand-Norfolk Health Unit,0.1744,12.0,0.11,0.825,0.95
1801,2023-08-29,2230,Durham Regional Health Unit,0.1825,59.0,0.08,0.8021,0.9229
1802,2023-08-29,2240,Chatham-Kent Health Unit,0.1324,10.0,0.09,0.7368,0.8947
1803,2023-08-29,4913,Southwestern Public Health,0.0741,19.0,0.09,0.6953,0.9609
1804,2023-08-29,2253,Peel Regional Health Unit,0.128,172.0,0.11,0.7974,0.8946
1805,2023-08-29,2242,Lambton Health Unit,0.2174,7.0,0.05,0.6444,0.9333
1806,2023-08-29,2270,York Regional Health Unit,0.1242,116.0,0.09,0.8773,0.9543
1807,2023-08-29,2235,"Haliburton, Kawartha, Pine Ridge District Health Unit",0.0529,30.0,0.16,0.9209,0.9907
1808,2023-08-29,2266,Wellington-Dufferin-Guelph Health Unit,0.1159,33.0,0.11,0.8865,0.9607
1809,2023-08-29,2251,City of Ottawa Health Unit,0.1576,139.0,0.13,0.9404,0.9932
1810,2023-08-29,2263,Timiskaming Health Unit,0.0,2.0,0.07,0.9412,0.9412
1811,2023-08-29,2260,Simcoe Muskoka District Health Unit,0.1198,55.0,0.09,0.8453,0.9467
1812,2023-08-29,2257,Renfrew County and District Health Unit,0.0462,9.0,0.09,0.9545,0.9848
1813,2023-08-29,2268,Windsor-Essex County Health Unit,0.1919,25.0,0.06,0.8728,0.9364
1814,2023-08-29,2261,Sudbury and District Health Unit,0.0797,66.0,0.33,0.9522,0.9854
1815,2023-08-29,2243,"Leeds, Grenville and Lanark District Health Unit",0.075,17.0,0.1,0.9389,1.0
1816,2023-08-29,2256,Porcupine Health Unit,0.0864,12.0,0.14,0.8734,0.8861
1817,2023-08-29,2265,Waterloo Health Unit,0.0599,55.0,0.09,0.6307,0.8466
1818,2023-08-29,2236,Halton Regional Health Unit,0.1662,54.0,0.09,0.7289,0.8842
1819,2023-08-29,2237,City of Hamilton Health Unit,0.1271,85.0,0.14,0.9238,0.973
1820,2023-08-29,2246,Niagara Regional Area Health Unit,0.1968,89.0,0.19,0.7191,0.9499
1821,2023-08-28,3895,City of Toronto Health Unit,0.0825,379.0,0.12,0.8808,0.9572
1822,2023-08-28,2266,Wellington-Dufferin-Guelph Health Unit,0.1184,33.0,0.1,0.8602,0.9449
1823,2023-08-28,2255,Peterborough County-City Health Unit,0.0861,22.0,0.15,0.95,0.9786
1824,2023-08-28,2268,Windsor-Essex County Health Unit,0.226,25.0,0.06,0.8743,0.9543
1825,2023-08-28,2260,Simcoe Muskoka District Health Unit,0.1194,54.0,0.09,0.83,0.95
1826,2023-08-28,2270,York Regional Health Unit,0.1092,115.0,0.09,0.8578,0.9455
1827,2023-08-28,2236,Halton Regional Health Unit,0.1716,53.0,0.09,0.7601,0.9104
1828,2023-08-28,2237,City of Hamilton Health Unit,0.1217,86.0,0.14,0.9313,0.9787
1829,2023-08-28,2227,Brant County Health Unit,0.1634,37.0,0.24,0.8223,0.9215
1830,2023-08-28,2258,Eastern Ontario Health Unit,0.1681,32.0,0.15,0.9397,0.9871
1831,2023-08-28,2238,Hastings and Prince Edward Counties Health Unit,0.2747,26.0,0.15,0.8481,0.9704
1832,2023-08-28,2246,Niagara Regional Area Health Unit,0.1797,84.0,0.18,0.7443,0.9599
1833,2023-08-28,2241,"Kingston, Frontenac and Lennox and Addington Health Unit",0.1322,35.0,0.16,0.9563,0.9921
1834,2023-08-28,2263,Timiskaming Health Unit,0.0,3.0,0.08,0.913,0.913
1835,2023-08-28,2256,Porcupine Health Unit,0.0875,11.0,0.14,0.85,0.875
1836,2023-08-28,2235,"Haliburton, Kawartha, Pine Ridge District Health Unit",0.0542,29.0,0.15,0.9116,0.9907
1837,2023-08-28,2233,Grey Bruce Health Unit,0.1954,12.0,0.07,0.7222,0.9667
1838,2023-08-28,2240,Chatham-Kent Health Unit,0.1702,7.0,0.06,0.7297,1.0
1839,2023-08-28,2257,Renfrew County and District Health Unit,0.0469,9.0,0.08,0.942,0.971
1840,2023-08-28,2262,Thunder Bay District Health Unit,0.1,24.0,0.16,0.9167,0.9821
1841,2023-08-28,2253,Peel Regional Health Unit,0.1314,173.0,0.11,0.7996,0.8942
1842,2023-08-28,2226,District of Algoma Health Unit,0.0619,14.0,0.12,0.9592,0.9898
1843,2023-08-28,4913,Southwestern Public Health,0.0758,19.0,0.09,0.6942,0.9752
1844,2023-08-28,2242,Lambton Health Unit,0.18,7.0,0.05,0.6585,0.9268
1845,2023-08-28,2234,Haldimand-Norfolk Health Unit,0.1688,11.0,0.1,0.8,0.9455
1846,2023-08-28,2249,Northwestern Health Unit,0.0484,9.0,0.1,0.873,1.0
1847,2023-08-28,2265,Waterloo Health Unit,0.0789,54.0,0.09,0.6242,0.8455
1848,2023-08-28,35,Ontario,0.1209,1779.0,0.12,0.8558,0.9509
1849,2023-08-28,5183,Huron Perth Health Unit,0.22,14.0,0.1,0.6792,0.934
1850,2023-08-28,2230,Durham Regional Health Unit,0.1629,57.0,0.08,0.7902,0.9093
1851,2023-08-28,2244,Middlesex-London Health Unit,0.0886,45.0,0.09,0.8494,0.9669
1852,2023-08-28,2243,"Leeds, Grenville and Lanark District Health Unit",0.0853,18.0,0.11,0.9483,1.0
1853,2023-08-28,2251,City of Ottawa Health Unit,0.1588,148.0,0.14,0.9335,0.9935
1854,2023-08-28,2247,North Bay Parry Sound District Health Unit,0.0448,19.0,0.15,0.9699,1.0
1855,2023-08-28,2261,Sudbury and District Health Unit,0.0845,69.0,0.35,0.9297,0.9766
1856,2023-08-27,2226,District of Algoma Health Unit,0.0769,15.0,0.13,0.955,0.982
1857,2023-08-27,2268,Windsor-Essex County Health Unit,0.1714,25.0,0.06,0.8889,0.9591
1858,2023-08-27,2238,Hastings and Prince Edward Counties Health Unit,0.2891,37.0,0.22,0.8485,0.9735
1859,2023-08-27,2244,Middlesex-London Health Unit,0.0875,49.0,0.1,0.8794,0.9706
1860,2023-08-27,2242,Lambton Health Unit,0.122,6.0,0.04,0.641,0.8974
1861,2023-08-27,2265,Waterloo Health Unit,0.0792,49.0,0.08,0.6677,0.8734
1862,2023-08-27,3895,City of Toronto Health Unit,0.0792,377.0,0.12,0.8837,0.9556
1863,2023-08-27,2253,Peel Regional Health Unit,0.1188,173.0,0.11,0.7971,0.8873
1864,2023-08-27,2234,Haldimand-Norfolk Health Unit,0.0714,8.0,0.07,0.7917,0.9792
1865,2023-08-27,2257,Renfrew County and District Health Unit,0.1148,9.0,0.08,0.9167,0.9667
1866,2023-08-27,2235,"Haliburton, Kawartha, Pine Ridge District Health Unit",0.0512,31.0,0.16,0.9078,0.9908
1867,2023-08-27,4913,Southwestern Public Health,0.064,18.0,0.08,0.6864,0.9661
1868,2023-08-27,2261,Sudbury and District Health Unit,0.0845,69.0,0.35,0.9433,0.9823
1869,2023-08-27,2255,Peterborough County-City Health Unit,0.08,21.0,0.14,0.9595,0.9865
1870,2023-08-27,2249,Northwestern Health Unit,0.0317,9.0,0.1,0.871,1.0
1871,2023-08-27,2241,"Kingston, Frontenac and Lennox and Addington Health Unit",0.1411,34.0,0.16,0.9562,0.996
1872,2023-08-27,35,Ontario,0.1189,1793.0,0.12,0.8594,0.9512
1873,2023-08-27,2266,Wellington-Dufferin-Guelph Health Unit,0.1029,35.0,0.11,0.8656,0.9486
1874,2023-08-27,2243,"Leeds, Grenville and Lanark District Health Unit",0.0968,18.0,0.1,0.9268,0.9919
1875,2023-08-27,2230,Durham Regional Health Unit,0.1769,56.0,0.08,0.7804,0.8941
1876,2023-08-27,2262,Thunder Bay District Health Unit,0.0904,24.0,0.16,0.9162,0.982
1877,2023-08-27,2256,Porcupine Health Unit,0.1013,11.0,0.14,0.8642,0.8889
1878,2023-08-27,2237,City of Hamilton Health Unit,0.1137,85.0,0.14,0.9209,0.9789
1879,2023-08-27,2240,Chatham-Kent Health Unit,0.0857,5.0,0.05,0.697,1.0
1880,2023-08-27,2251,City of Ottawa Health Unit,0.1594,158.0,0.15,0.9251,0.9946
1881,2023-08-27,2260,Simcoe Muskoka District Health Unit,0.1276,56.0,0.09,0.8229,0.9453
1882,2023-08-27,2236,Halton Regional Health Unit,0.1593,52.0,0.08,0.7632,0.9094
1883,2023-08-27,2263,Timiskaming Health Unit,0.0,3.0,0.09,0.9474,0.9474
1884,2023-08-27,2270,York Regional Health Unit,0.1094,118.0,0.1,0.8663,0.9429
1885,2023-08-27,2227,Brant County Health Unit,0.1883,34.0,0.22,0.839,0.9364
1886,2023-08-27,2247,North Bay Parry Sound District Health Unit,0.037,19.0,0.15,0.9776,1.0
1887,2023-08-27,5183,Huron Perth Health Unit,0.2821,17.0,0.12,0.6964,0.9464
1888,2023-08-27,2246,Niagara Regional Area Health Unit,0.1634,81.0,0.17,0.7632,0.9563
1889,2023-08-27,2258,Eastern Ontario Health Unit,0.1918,35.0,0.17,0.9357,0.988
1890,2023-08-27,2233,Grey Bruce Health Unit,0.1739,13.0,0.08,0.7444,0.9889
1891,2023-08-26,2237,City of Hamilton Health Unit,0.1048,83.0,0.14,0.9119,0.9689
1892,2023-08-26,2247,North Bay Parry Sound District Health Unit,0.036,20.0,0.15,0.9778,1.0
1893,2023-08-26,2227,Brant County Health Unit,0.1861,33.0,0.21,0.8491,0.9397
1894,2023-08-26,2234,Haldimand-Norfolk Health Unit,0.0588,7.0,0.06,0.7544,0.9298
1895,2023-08-26,2265,Waterloo Health Unit,0.0813,47.0,0.08,0.6837,0.8673
1896,2023-08-26,2261,Sudbury and District Health Unit,0.083,81.0,0.41,0.9436,0.9824
1897,2023-08-26,5183,Huron Perth Health Unit,0.2655,16.0,0.12,0.7091,0.9636
1898,2023-08-26,2226,District of Algoma Health Unit,0.0636,16.0,0.14,0.9541,0.9817
1899,2023-08-26,2253,Peel Regional Health Unit,0.1243,171.0,0.11,0.7902,0.8831
1900,2023-08-26,2240,Chatham-Kent Health Unit,0.0833,5.0,0.05,0.6667,1.0
1901,2023-08-26,2266,Wellington-Dufferin-Guelph Health Unit,0.1116,33.0,0.11,0.8395,0.93
1902,2023-08-26,2255,Peterborough County-City Health Unit,0.0728,22.0,0.15,0.9608,0.9804
1903,2023-08-26,35,Ontario,0.1212,1801.0,0.12,0.8578,0.9493
1904,2023-08-26,2246,Niagara Regional Area Health Unit,0.1727,79.0,0.17,0.7824,0.9461
1905,2023-08-26,2244,Middlesex-London Health Unit,0.092,50.0,0.1,0.8776,0.9701
1906,2023-08-26,2258,Eastern Ontario Health Unit,0.1984,36.0,0.17,0.9365,0.9921
1907,2023-08-26,2238,Hastings and Prince Edward Counties Health Unit,0.2902,36.0,0.22,0.8378,0.973
1908,2023-08-26,2230,Durham Regional Health Unit,0.1947,54.0,0.08,0.794,0.8997
1909,2023-08-26,2242,Lambton Health Unit,0.1579,5.0,0.04,0.561,0.9024
1910,2023-08-26,2256,Porcupine Health Unit,0.1084,12.0,0.14,0.8519,0.8765
1911,2023-08-26,2241,"Kingston, Frontenac and Lennox and Addington Health Unit",0.157,35.0,0.16,0.9388,0.9918
1912,2023-08-26,2268,Windsor-Essex County Health Unit,0.1609,25.0,0.06,0.8652,0.9607
1913,2023-08-26,2263,Timiskaming Health Unit,0.0,3.0,0.09,0.95,0.95
1914,2023-08-26,2257,Renfrew County and District Health Unit,0.1077,9.0,0.09,0.9231,0.9692
1915,2023-08-26,4913,Southwestern Public Health,0.0661,17.0,0.08,0.6587,0.9603
1916,2023-08-26,2236,Halton Regional Health Unit,0.153,52.0,0.08,0.7508,0.8979
1917,2023-08-26,2233,Grey Bruce Health Unit,0.1649,14.0,0.08,0.7174,0.9783
1918,2023-08-26,3895,City of Toronto Health Unit,0.0816,375.0,0.12,0.8835,0.9523
1919,2023-08-26,2251,City of Ottawa Health Unit,0.1574,168.0,0.16,0.9229,0.9941
1920,2023-08-26,2260,Simcoe Muskoka District Health Unit,0.1286,54.0,0.09,0.8138,0.9515
1921,2023-08-26,2235,"Haliburton, Kawartha, Pine Ridge District Health Unit",0.0558,31.0,0.16,0.9087,0.9909
1922,2023-08-26,2243,"Leeds, Grenville and Lanark District Health Unit",0.1102,17.0,0.1,0.9316,0.9915
1923,2023-08-26,2270,York Regional Health Unit,0.1149,118.0,0.1,0.8583,0.9433
1924,2023-08-26,2249,Northwestern Health Unit,0.0455,9.0,0.11,0.873,1.0
1925,2023-08-26,2262,Thunder Bay District Health Unit,0.1086,25.0,0.17,0.9205,0.983
1926,2023-08-25,3895,City of Toronto Health Unit,0.0826,375.0,0.12,0.8785,0.9503
1927,2023-08-25,2235,"Haliburton, Kawartha, Pine Ridge District Health Unit",0.0548,31.0,0.17,0.9023,0.9907
1928,2023-08-25,2270,York Regional Health Unit,0.1169,119.0,0.1,0.8563,0.9418
1929,2023-08-25,2243,"Leeds, Grenville and Lanark District Health Unit",0.1293,17.0,0.1,0.9113,0.9919
1930,2023-08-25,2263,Timiskaming Health Unit,0.0,3.0,0.08,0.9444,0.9444
1931,2023-08-25,35,Ontario,0.1201,1786.0,0.12,0.8548,0.9473
1932,2023-08-25,2247,North Bay Parry Sound District Health Unit,0.0221,19.0,0.15,0.9766,1.0
1933,2023-08-25,2258,Eastern Ontario Health Unit,0.168,35.0,0.17,0.9412,0.9958
1934,2023-08-25,2255,Peterborough County-City Health Unit,0.0738,21.0,0.14,0.9551,0.9872
1935,2023-08-25,2236,Halton Regional Health Unit,0.1235,46.0,0.07,0.7532,0.8924
1936,2023-08-25,2266,Wellington-Dufferin-Guelph Health Unit,0.1272,33.0,0.1,0.8291,0.9188
1937,2023-08-25,5183,Huron Perth Health Unit,0.2906,17.0,0.12,0.713,0.9537
1938,2023-08-25,2265,Waterloo Health Unit,0.0794,45.0,0.08,0.6862,0.8724
1939,2023-08-25,2253,Peel Regional Health Unit,0.1239,164.0,0.1,0.7811,0.8772
1940,2023-08-25,2238,Hastings and Prince Edward Counties Health Unit,0.2874,36.0,0.22,0.7965,0.969
1941,2023-08-25,2244,Middlesex-London Health Unit,0.0979,48.0,0.09,0.8559,0.9735
1942,2023-08-25,2233,Grey Bruce Health Unit,0.1596,13.0,0.08,0.6635,0.9904
1943,2023-08-25,2237,City of Hamilton Health Unit,0.1015,83.0,0.14,0.9254,0.9734
1944,2023-08-25,2227,Brant County Health Unit,0.1757,34.0,0.22,0.8455,0.9399
1945,2023-08-25,2268,Windsor-Essex County Health Unit,0.1525,25.0,0.06,0.8743,0.9617
1946,2023-08-25,2240,Chatham-Kent Health Unit,0.0789,5.0,0.05,0.7111,0.9556
1947,2023-08-25,2246,Niagara Regional Area Health Unit,0.1742,75.0,0.16,0.7885,0.9487
1948,2023-08-25,2226,District of Algoma Health Unit,0.0536,16.0,0.14,0.9636,0.9909
1949,2023-08-25,2260,Simcoe Muskoka District Health Unit,0.1291,56.0,0.09,0.7981,0.9351
1950,2023-08-25,2249,Northwestern Health Unit,0.0492,9.0,0.1,0.8727,1.0
1951,2023-08-25,2261,Sudbury and District Health Unit,0.0823,82.0,0.41,0.9424,0.9766
1952,2023-08-25,2251,City of Ottawa Health Unit,0.1582,172.0,0.16,0.9287,0.996
1953,2023-08-25,2230,Durham Regional Health Unit,0.1813,54.0,0.08,0.7665,0.8655
1954,2023-08-25,2234,Haldimand-Norfolk Health Unit,0.0588,7.0,0.06,0.717,0.9245
1955,2023-08-25,4913,Southwestern Public Health,0.0574,17.0,0.08,0.6325,0.9658
1956,2023-08-25,2256,Porcupine Health Unit,0.1205,12.0,0.14,0.8533,0.8667
1957,2023-08-25,2262,Thunder Bay District Health Unit,0.1167,26.0,0.17,0.9425,0.9885
1958,2023-08-25,2242,Lambton Health Unit,0.1429,5.0,0.04,0.5952,0.9048
1959,2023-08-25,2257,Renfrew County and District Health Unit,0.0909,9.0,0.09,0.9375,0.9844
1960,2023-08-25,2241,"Kingston, Frontenac and Lennox and Addington Health Unit",0.1646,34.0,0.16,0.9383,0.9868
1961,2023-08-24,2268,Windsor-Essex County Health Unit,0.1693,27.0,0.06,0.8656,0.9677
1962,2023-08-24,3895,City of Toronto Health Unit,0.0808,383.0,0.12,0.8752,0.9476
1963,2023-08-24,5183,Huron Perth Health Unit,0.3036,16.0,0.11,0.7525,0.9604
1964,2023-08-24,2242,Lambton Health Unit,0.122,6.0,0.04,0.6,0.9
1965,2023-08-24,2236,Halton Regional Health Unit,0.1169,46.0,0.07,0.7687,0.9055
1966,2023-08-24,2237,City of Hamilton Health Unit,0.0912,81.0,0.14,0.9263,0.9766
1967,2023-08-24,2233,Grey Bruce Health Unit,0.1224,14.0,0.08,0.6604,0.9811
1968,2023-08-24,2270,York Regional Health Unit,0.111,122.0,0.1,0.8663,0.9511
1969,2023-08-24,2246,Niagara Regional Area Health Unit,0.1796,72.0,0.15,0.7902,0.9423
1970,2023-08-24,4913,Southwestern Public Health,0.0513,17.0,0.08,0.6016,0.9675
1971,2023-08-24,2263,Timiskaming Health Unit,0.0,3.0,0.09,0.9545,0.9545
1972,2023-08-24,2247,North Bay Parry Sound District Health Unit,0.0242,18.0,0.14,0.976,0.992
1973,2023-08-24,2255,Peterborough County-City Health Unit,0.1565,21.0,0.14,0.9517,0.9862
1974,2023-08-24,2230,Durham Regional Health Unit,0.1771,55.0,0.08,0.7944,0.8756
1975,2023-08-24,2243,"Leeds, Grenville and Lanark District Health Unit",0.1345,17.0,0.1,0.9032,0.9919
1976,2023-08-24,2240,Chatham-Kent Health Unit,0.0435,7.0,0.06,0.6327,0.9592
1977,2023-08-24,2249,Northwestern Health Unit,0.05,9.0,0.1,0.8421,1.0
1978,2023-08-24,2238,Hastings and Prince Edward Counties Health Unit,0.2955,31.0,0.19,0.7944,0.9766
1979,2023-08-24,2257,Renfrew County and District Health Unit,0.1,9.0,0.08,0.9206,0.9683
1980,2023-08-24,2234,Haldimand-Norfolk Health Unit,0.0,7.0,0.06,0.6667,0.9259
1981,2023-08-24,2244,Middlesex-London Health Unit,0.1049,46.0,0.09,0.8498,0.973
1982,2023-08-24,2241,"Kingston, Frontenac and Lennox and Addington Health Unit",0.1637,32.0,0.15,0.9228,0.9878
1983,2023-08-24,2235,"Haliburton, Kawartha, Pine Ridge District Health Unit",0.0423,30.0,0.16,0.9078,0.9908
1984,2023-08-24,2260,Simcoe Muskoka District Health Unit,0.1198,58.0,0.1,0.8055,0.9302
1985,2023-08-24,2253,Peel Regional Health Unit,0.1127,158.0,0.1,0.8081,0.874
1986,2023-08-24,2262,Thunder Bay District Health Unit,0.096,25.0,0.17,0.9429,0.9886
1987,2023-08-24,2226,District of Algoma Health Unit,0.055,16.0,0.14,0.9636,0.9909
1988,2023-08-24,2261,Sudbury and District Health Unit,0.0723,81.0,0.41,0.9505,0.978
1989,2023-08-24,2256,Porcupine Health Unit,0.12,11.0,0.13,0.8636,0.8977
1990,2023-08-24,35,Ontario,0.1184,1781.0,0.12,0.8577,0.9484
1991,2023-08-24,2251,City of Ottawa Health Unit,0.1693,180.0,0.17,0.9258,0.9951
1992,2023-08-24,2258,Eastern Ontario Health Unit,0.1645,33.0,0.16,0.9539,0.9954
1993,2023-08-24,2265,Waterloo Health Unit,0.0962,42.0,0.07,0.637,0.8527
1994,2023-08-24,2266,Wellington-Dufferin-Guelph Health Unit,0.1327,32.0,0.1,0.8186,0.9204
1995,2023-08-24,2227,Brant County Health Unit,0.1723,34.0,0.22,0.9103,0.9776
1996,2023-08-23,2249,Northwestern Health Unit,0.0323,9.0,0.1,0.873,0.9841
1997,2023-08-23,2251,City of Ottawa Health Unit,0.1773,160.0,0.15,0.9167,0.9946
1998,2023-08-23,4913,Southwestern Public Health,0.0417,17.0,0.08,0.6098,0.9756
1999,2023-08-23,35,Ontario,0.1143,1730.0,0.12,0.857,0.9484
2000,2023-08-23,2230,Durham Regional Health Unit,0.172,53.0,0.07,0.7979,0.8766
2001,2023-08-23,2256,Porcupine Health Unit,0.1034,12.0,0.15,0.8585,0.8962
2002,2023-08-23,2226,District of Algoma Health Unit,0.051,14.0,0.12,0.9515,0.9903
2003,2023-08-23,2260,Simcoe Muskoka District Health Unit,0.1157,56.0,0.09,0.8,0.9288
2004,2023-08-23,2227,Brant County Health Unit,0.1918,31.0,0.2,0.9016,0.9741
2005,2023-08-23,2268,Windsor-Essex County Health Unit,0.1788,26.0,0.06,0.8693,0.9659
2006,2023-08-23,2270,York Regional Health Unit,0.1012,123.0,0.1,0.8652,0.9511
2007,2023-08-23,2266,Wellington-Dufferin-Guelph Health Unit,0.0848,32.0,0.1,0.808,0.9152
2008,2023-08-23,2246,Niagara Regional Area Health Unit,0.1658,80.0,0.17,0.7712,0.9411
2009,2023-08-23,2244,Middlesex-London Health Unit,0.0755,47.0,0.09,0.8589,0.9749
2010,2023-08-23,2255,Peterborough County-City Health Unit,0.1622,21.0,0.14,0.9416,0.9935
2011,2023-08-23,2241,"Kingston, Frontenac and Lennox and Addington Health Unit",0.1454,32.0,0.15,0.9064,0.9872
2012,2023-08-23,2236,Halton Regional Health Unit,0.1077,46.0,0.07,0.771,0.9125
2013,2023-08-23,2258,Eastern Ontario Health Unit,0.184,30.0,0.15,0.9522,0.9952
2014,2023-08-23,2242,Lambton Health Unit,0.1026,6.0,0.04,0.6389,0.8889
2015,2023-08-23,2233,Grey Bruce Health Unit,0.09,14.0,0.08,0.6289,0.9794
2016,2023-08-23,2237,City of Hamilton Health Unit,0.0921,79.0,0.13,0.9205,0.9735
2017,2023-08-23,2240,Chatham-Kent Health Unit,0.0476,6.0,0.06,0.625,0.9583
2018,2023-08-23,2234,Haldimand-Norfolk Health Unit,0.037,8.0,0.07,0.7031,0.9375
2019,2023-08-23,2238,Hastings and Prince Edward Counties Health Unit,0.2778,31.0,0.18,0.8378,0.973
2020,2023-08-23,2265,Waterloo Health Unit,0.0993,39.0,0.07,0.6414,0.8483
2021,2023-08-23,5183,Huron Perth Health Unit,0.2871,14.0,0.1,0.7234,0.9574
2022,2023-08-23,2247,North Bay Parry Sound District Health Unit,0.0259,17.0,0.13,0.9732,0.9911
2023,2023-08-23,2257,Renfrew County and District Health Unit,0.1071,8.0,0.07,0.9123,0.9649
2024,2023-08-23,2253,Peel Regional Health Unit,0.1082,154.0,0.1,0.8068,0.8742
2025,2023-08-23,2261,Sudbury and District Health Unit,0.0737,68.0,0.34,0.9513,0.9809
2026,2023-08-23,2263,Timiskaming Health Unit,0.05,3.0,0.09,0.913,0.9565
2027,2023-08-23,2235,"Haliburton, Kawartha, Pine Ridge District Health Unit",0.0329,30.0,0.16,0.9034,0.9807
2028,2023-08-23,2262,Thunder Bay District Health Unit,0.0884,26.0,0.17,0.9609,0.9944
2029,2023-08-23,3895,City of Toronto Health Unit,0.0797,378.0,0.12,0.8858,0.953
2030,2023-08-23,2243,"Leeds, Grenville and Lanark District Health Unit",0.1074,17.0,0.1,0.9016,0.9918
2031,2023-08-22,2236,Halton Regional Health Unit,0.1086,43.0,0.07,0.7655,0.8931
2032,2023-08-22,2234,Haldimand-Norfolk Health Unit,0.0635,9.0,0.08,0.6935,0.9355
2033,2023-08-22,3895,City of Toronto Health Unit,0.0844,379.0,0.12,0.8981,0.9641
2034,2023-08-22,2226,District of Algoma Health Unit,0.068,15.0,0.13,0.9266,0.9908
2035,2023-08-22,2243,"Leeds, Grenville and Lanark District Health Unit",0.0902,17.0,0.1,0.8889,0.9915
2036,2023-08-22,2258,Eastern Ontario Health Unit,0.1557,30.0,0.15,0.9463,0.9951
2037,2023-08-22,2256,Porcupine Health Unit,0.0556,15.0,0.18,0.8679,0.9057
2038,2023-08-22,2237,City of Hamilton Health Unit,0.0887,76.0,0.13,0.9418,0.9759
2039,2023-08-22,2233,Grey Bruce Health Unit,0.0612,14.0,0.08,0.6505,0.9806
2040,2023-08-22,2238,Hastings and Prince Edward Counties Health Unit,0.2525,28.0,0.17,0.7797,0.9661
2041,2023-08-22,4913,Southwestern Public Health,0.0325,18.0,0.08,0.6179,0.9512
2042,2023-08-22,2268,Windsor-Essex County Health Unit,0.1751,25.0,0.06,0.8614,0.9699
2043,2023-08-22,2253,Peel Regional Health Unit,0.1076,145.0,0.09,0.9242,0.9767
2044,2023-08-22,2235,"Haliburton, Kawartha, Pine Ridge District Health Unit",0.0335,30.0,0.16,0.8977,0.9814
2045,2023-08-22,2230,Durham Regional Health Unit,0.1444,52.0,0.07,0.7781,0.869
2046,2023-08-22,2241,"Kingston, Frontenac and Lennox and Addington Health Unit",0.1502,30.0,0.14,0.8829,0.982
2047,2023-08-22,5183,Huron Perth Health Unit,0.2813,14.0,0.1,0.6633,0.9592
2048,2023-08-22,2266,Wellington-Dufferin-Guelph Health Unit,0.0868,31.0,0.1,0.8036,0.9286
2049,2023-08-22,2246,Niagara Regional Area Health Unit,0.1609,79.0,0.17,0.794,0.9432
2050,2023-08-22,2249,Northwestern Health Unit,0.0313,9.0,0.1,0.8571,0.9841
2051,2023-08-22,2247,North Bay Parry Sound District Health Unit,0.0273,16.0,0.12,0.9655,0.9914
2052,2023-08-22,2260,Simcoe Muskoka District Health Unit,0.0938,53.0,0.09,0.7959,0.9173
2053,2023-08-22,2257,Renfrew County and District Health Unit,0.1,9.0,0.08,0.9153,0.9661
2054,2023-08-22,2244,Middlesex-London Health Unit,0.0701,47.0,0.09,0.8483,0.9628
2055,2023-08-22,2240,Chatham-Kent Health Unit,0.0408,7.0,0.07,0.6154,0.9423
2056,2023-08-22,2270,York Regional Health Unit,0.0982,119.0,0.1,0.8556,0.9463
2057,2023-08-22,2262,Thunder Bay District Health Unit,0.0815,26.0,0.18,0.9586,0.9941
2058,2023-08-22,2242,Lambton Health Unit,0.0789,5.0,0.04,0.6,0.9
2059,2023-08-22,2251,City of Ottawa Health Unit,0.1749,159.0,0.15,0.9149,0.9934
2060,2023-08-22,35,Ontario,0.1103,1706.0,0.12,0.8651,0.9576
2061,2023-08-22,2261,Sudbury and District Health Unit,0.0747,71.0,0.36,0.9332,0.9737
2062,2023-08-22,2255,Peterborough County-City Health Unit,0.1611,21.0,0.14,0.9276,0.9868
2063,2023-08-22,2265,Waterloo Health Unit,0.1065,42.0,0.07,0.6307,0.8502
2064,2023-08-22,2263,Timiskaming Health Unit,0.0417,3.0,0.1,0.875,0.9583
2065,2023-08-22,2227,Brant County Health Unit,0.1587,27.0,0.17,0.9387,0.9693
2066,2023-08-21,2255,Peterborough County-City Health Unit,0.1678,21.0,0.14,0.929,0.9871
2067,2023-08-21,2253,Peel Regional Health Unit,0.1058,138.0,0.09,0.925,0.9758
2068,2023-08-21,2237,City of Hamilton Health Unit,0.0941,70.0,0.12,0.9281,0.9662
2069,2023-08-21,2227,Brant County Health Unit,0.1379,25.0,0.16,0.9554,0.9809
2070,2023-08-21,2251,City of Ottawa Health Unit,0.1831,151.0,0.14,0.9106,0.9898
2071,2023-08-21,2258,Eastern Ontario Health Unit,0.1571,30.0,0.14,0.9543,0.9949
2072,2023-08-21,2226,District of Algoma Health Unit,0.0612,14.0,0.12,0.9158,0.9684
2073,2023-08-21,2234,Haldimand-Norfolk Health Unit,0.0615,9.0,0.08,0.6774,0.9355
2074,2023-08-21,2244,Middlesex-London Health Unit,0.0735,45.0,0.09,0.8323,0.9451
2075,2023-08-21,2249,Northwestern Health Unit,0.0333,9.0,0.1,0.8636,0.9545
2076,2023-08-21,5183,Huron Perth Health Unit,0.253,12.0,0.08,0.519,0.9114
2077,2023-08-21,2246,Niagara Regional Area Health Unit,0.1558,101.0,0.21,0.8097,0.9444
2078,2023-08-21,2262,Thunder Bay District Health Unit,0.0679,23.0,0.15,0.9814,0.9876
2079,2023-08-21,2265,Waterloo Health Unit,0.0916,39.0,0.07,0.6439,0.8705
2080,2023-08-21,35,Ontario,0.1102,1684.0,0.11,0.8641,0.9565
2081,2023-08-21,2256,Porcupine Health Unit,0.0467,15.0,0.18,0.8952,0.9238
2082,2023-08-21,2241,"Kingston, Frontenac and Lennox and Addington Health Unit",0.1469,30.0,0.14,0.8878,0.9805
2083,2023-08-21,2243,"Leeds, Grenville and Lanark District Health Unit",0.0756,17.0,0.1,0.88,0.992
2084,2023-08-21,2240,Chatham-Kent Health Unit,0.0213,7.0,0.06,0.6458,0.9167
2085,2023-08-21,2261,Sudbury and District Health Unit,0.0642,73.0,0.37,0.958,0.982
2086,2023-08-21,3895,City of Toronto Health Unit,0.0883,370.0,0.12,0.897,0.9687
2087,2023-08-21,2235,"Haliburton, Kawartha, Pine Ridge District Health Unit",0.0321,31.0,0.16,0.91,0.9858
2088,2023-08-21,2233,Grey Bruce Health Unit,0.0495,14.0,0.08,0.6404,0.9775
2089,2023-08-21,2268,Windsor-Essex County Health Unit,0.1338,22.0,0.05,0.8247,0.9351
2090,2023-08-21,2247,North Bay Parry Sound District Health Unit,0.0248,17.0,0.13,0.9672,0.9918
2091,2023-08-21,2266,Wellington-Dufferin-Guelph Health Unit,0.0981,31.0,0.1,0.7921,0.9356
2092,2023-08-21,2260,Simcoe Muskoka District Health Unit,0.0909,55.0,0.09,0.794,0.9121
2093,2023-08-21,2230,Durham Regional Health Unit,0.1657,52.0,0.07,0.7684,0.8605
2094,2023-08-21,2236,Halton Regional Health Unit,0.1093,43.0,0.07,0.7483,0.8725
2095,2023-08-21,4913,Southwestern Public Health,0.04,18.0,0.08,0.6,0.9391
2096,2023-08-21,2257,Renfrew County and District Health Unit,0.0923,9.0,0.09,0.8852,0.9836
2097,2023-08-21,2238,Hastings and Prince Edward Counties Health Unit,0.25,24.0,0.14,0.5556,0.9259
2098,2023-08-21,2263,Timiskaming Health Unit,0.0455,3.0,0.1,0.8947,1.0
2099,2023-08-21,2270,York Regional Health Unit,0.1051,120.0,0.1,0.8649,0.9558
2100,2023-08-21,2242,Lambton Health Unit,0.0857,5.0,0.04,0.5854,0.9268
2101,2023-08-20,2256,Porcupine Health Unit,0.0357,16.0,0.19,0.8835,0.9126
2102,2023-08-20,2230,Durham Regional Health Unit,0.1457,50.0,0.07,0.7588,0.878
2103,2023-08-20,2233,Grey Bruce Health Unit,0.0217,13.0,0.08,0.6333,0.9444
2104,2023-08-20,2236,Halton Regional Health Unit,0.0982,41.0,0.07,0.7326,0.8611
2105,2023-08-20,2258,Eastern Ontario Health Unit,0.1222,26.0,0.12,0.9543,0.9886
2106,2023-08-20,2251,City of Ottawa Health Unit,0.1862,133.0,0.13,0.9186,0.9868
2107,2023-08-20,2263,Timiskaming Health Unit,0.0476,3.0,0.09,0.8947,1.0
2108,2023-08-20,3895,City of Toronto Health Unit,0.0899,369.0,0.12,0.8822,0.9614
2109,2023-08-20,2226,District of Algoma Health Unit,0.0349,12.0,0.11,0.8989,0.9663
2110,2023-08-20,2227,Brant County Health Unit,0.0814,25.0,0.16,0.9172,0.9448
2111,2023-08-20,2262,Thunder Bay District Health Unit,0.0578,25.0,0.16,0.9489,0.9602
2112,2023-08-20,2243,"Leeds, Grenville and Lanark District Health Unit",0.0619,16.0,0.09,0.885,1.0
2113,2023-08-20,2270,York Regional Health Unit,0.098,117.0,0.1,0.8369,0.9472
2114,2023-08-20,2265,Waterloo Health Unit,0.101,41.0,0.07,0.6336,0.863
2115,2023-08-20,2249,Northwestern Health Unit,0.0323,9.0,0.1,0.8571,0.9524
2116,2023-08-20,2268,Windsor-Essex County Health Unit,0.1274,22.0,0.05,0.8199,0.9379
2117,2023-08-20,2260,Simcoe Muskoka District Health Unit,0.0763,52.0,0.09,0.7808,0.9068
2118,2023-08-20,2244,Middlesex-London Health Unit,0.0726,43.0,0.09,0.8265,0.9527
2119,2023-08-20,2241,"Kingston, Frontenac and Lennox and Addington Health Unit",0.1456,29.0,0.14,0.8829,0.9707
2120,2023-08-20,2238,Hastings and Prince Edward Counties Health Unit,0.1034,12.0,0.07,0.5795,0.9205
2121,2023-08-20,5183,Huron Perth Health Unit,0.1127,10.0,0.07,0.4615,0.859
2122,2023-08-20,35,Ontario,0.1038,1626.0,0.11,0.8461,0.9456
2123,2023-08-20,2235,"Haliburton, Kawartha, Pine Ridge District Health Unit",0.028,31.0,0.16,0.9038,0.9808
2124,2023-08-20,2253,Peel Regional Health Unit,0.1177,135.0,0.08,0.9128,0.9732
2125,2023-08-20,4913,Southwestern Public Health,0.045,16.0,0.07,0.5664,0.9204
2126,2023-08-20,2257,Renfrew County and District Health Unit,0.0333,9.0,0.08,0.9,0.9833
2127,2023-08-20,2261,Sudbury and District Health Unit,0.0541,74.0,0.37,0.9567,0.9795
2128,2023-08-20,2247,North Bay Parry Sound District Health Unit,0.0238,18.0,0.14,0.9609,0.9844
2129,2023-08-20,2237,City of Hamilton Health Unit,0.1045,67.0,0.11,0.9283,0.9662
2130,2023-08-20,2234,Haldimand-Norfolk Health Unit,0.0667,9.0,0.08,0.6615,0.9077
2131,2023-08-20,2246,Niagara Regional Area Health Unit,0.1551,99.0,0.21,0.6919,0.8583
2132,2023-08-20,2255,Peterborough County-City Health Unit,0.1722,22.0,0.15,0.9178,0.9795
2133,2023-08-20,2242,Lambton Health Unit,0.0732,6.0,0.04,0.6154,0.9487
2134,2023-08-20,2266,Wellington-Dufferin-Guelph Health Unit,0.1225,29.0,0.09,0.7789,0.9246
2135,2023-08-20,2240,Chatham-Kent Health Unit,0.02,7.0,0.07,0.68,0.92
2136,2023-08-19,2266,Wellington-Dufferin-Guelph Health Unit,0.125,29.0,0.09,0.8053,0.9421
2137,2023-08-19,2270,York Regional Health Unit,0.0998,115.0,0.09,0.85,0.95
2138,2023-08-19,2262,Thunder Bay District Health Unit,0.0419,24.0,0.16,0.9483,0.9598
2139,2023-08-19,2247,North Bay Parry Sound District Health Unit,0.0394,18.0,0.14,0.9606,0.9843
2140,2023-08-19,2240,Chatham-Kent Health Unit,0.02,7.0,0.07,0.7045,0.9091
2141,2023-08-19,2263,Timiskaming Health Unit,0.0526,3.0,0.08,0.8889,1.0
2142,2023-08-19,2226,District of Algoma Health Unit,0.0723,12.0,0.1,0.8941,0.9647
2143,2023-08-19,2230,Durham Regional Health Unit,0.1556,51.0,0.07,0.7614,0.8847
2144,2023-08-19,4913,Southwestern Public Health,0.037,15.0,0.07,0.5962,0.9231
2145,2023-08-19,2234,Haldimand-Norfolk Health Unit,0.0597,10.0,0.08,0.7302,0.9524
2146,2023-08-19,2249,Northwestern Health Unit,0.0159,9.0,0.1,0.8657,0.9552
2147,2023-08-19,2258,Eastern Ontario Health Unit,0.1105,25.0,0.12,0.9515,0.9879
2148,2023-08-19,2236,Halton Regional Health Unit,0.0985,39.0,0.06,0.7601,0.8819
2149,2023-08-19,2246,Niagara Regional Area Health Unit,0.1571,90.0,0.19,0.6956,0.8592
2150,2023-08-19,2261,Sudbury and District Health Unit,0.0577,62.0,0.31,0.9524,0.9796
2151,2023-08-19,2260,Simcoe Muskoka District Health Unit,0.0843,49.0,0.08,0.7887,0.9018
2152,2023-08-19,2255,Peterborough County-City Health Unit,0.1888,20.0,0.14,0.9185,0.9852
2153,2023-08-19,3895,City of Toronto Health Unit,0.092,368.0,0.12,0.8859,0.963
2154,2023-08-19,2268,Windsor-Essex County Health Unit,0.125,22.0,0.05,0.8389,0.9329
2155,2023-08-19,2238,Hastings and Prince Edward Counties Health Unit,0.1023,13.0,0.07,0.6386,0.9157
2156,2023-08-19,2235,"Haliburton, Kawartha, Pine Ridge District Health Unit",0.0237,30.0,0.16,0.9206,0.9813
2157,2023-08-19,2227,Brant County Health Unit,0.0823,23.0,0.15,0.9348,0.9565
2158,2023-08-19,2251,City of Ottawa Health Unit,0.2078,120.0,0.11,0.9208,0.9876
2159,2023-08-19,2244,Middlesex-London Health Unit,0.074,44.0,0.09,0.8252,0.9482
2160,2023-08-19,2265,Waterloo Health Unit,0.0903,41.0,0.07,0.6494,0.8745
2161,2023-08-19,35,Ontario,0.1057,1583.0,0.11,0.8545,0.9489
2162,2023-08-19,2253,Peel Regional Health Unit,0.1082,139.0,0.09,0.914,0.9746
2163,2023-08-19,2256,Porcupine Health Unit,0.0381,15.0,0.18,0.89,0.92
2164,2023-08-19,2233,Grey Bruce Health Unit,0.0238,12.0,0.07,0.6548,0.9524
2165,2023-08-19,5183,Huron Perth Health Unit,0.1127,10.0,0.07,0.4459,0.8649
2166,2023-08-19,2241,"Kingston, Frontenac and Lennox and Addington Health Unit",0.1401,30.0,0.14,0.8883,0.9709
2167,2023-08-19,2242,Lambton Health Unit,0.0476,6.0,0.05,0.6667,0.9487
2168,2023-08-19,2237,City of Hamilton Health Unit,0.1095,69.0,0.12,0.9414,0.9758
2169,2023-08-19,2257,Renfrew County and District Health Unit,0.0556,8.0,0.07,0.8909,0.9818
2170,2023-08-19,2243,"Leeds, Grenville and Lanark District Health Unit",0.0603,17.0,0.1,0.8814,1.0
2171,2023-08-18,2227,Brant County Health Unit,0.0839,20.0,0.13,0.937,0.9528
2172,2023-08-18,2263,Timiskaming Health Unit,0.0556,3.0,0.08,0.875,1.0
2173,2023-08-18,2234,Haldimand-Norfolk Health Unit,0.0746,10.0,0.08,0.7377,0.9508
2174,2023-08-18,2236,Halton Regional Health Unit,0.0975,40.0,0.06,0.7246,0.8696
2175,2023-08-18,2261,Sudbury and District Health Unit,0.0599,64.0,0.32,0.9577,0.9879
2176,2023-08-18,4913,Southwestern Public Health,0.0455,16.0,0.07,0.6275,0.9216
2177,2023-08-18,2270,York Regional Health Unit,0.0975,114.0,0.09,0.8393,0.9499
2178,2023-08-18,2230,Durham Regional Health Unit,0.157,52.0,0.07,0.7806,0.9139
2179,2023-08-18,2237,City of Hamilton Health Unit,0.1097,69.0,0.12,0.9212,0.9677
2180,2023-08-18,2238,Hastings and Prince Edward Counties Health Unit,0.093,12.0,0.07,0.6329,0.9114
2181,2023-08-18,2235,"Haliburton, Kawartha, Pine Ridge District Health Unit",0.0283,30.0,0.16,0.9256,0.9814
2182,2023-08-18,2242,Lambton Health Unit,0.0682,6.0,0.05,0.6341,0.9512
2183,2023-08-18,2226,District of Algoma Health Unit,0.0897,11.0,0.1,0.9024,0.9634
2184,2023-08-18,2247,North Bay Parry Sound District Health Unit,0.0458,19.0,0.14,0.9701,0.9851
2185,2023-08-18,2241,"Kingston, Frontenac and Lennox and Addington Health Unit",0.1429,30.0,0.14,0.8732,0.9756
2186,2023-08-18,2255,Peterborough County-City Health Unit,0.1986,20.0,0.14,0.8968,0.9762
2187,2023-08-18,2246,Niagara Regional Area Health Unit,0.146,92.0,0.19,0.6955,0.8589
2188,2023-08-18,2268,Windsor-Essex County Health Unit,0.1214,20.0,0.05,0.8273,0.9281
2189,2023-08-18,2265,Waterloo Health Unit,0.0868,41.0,0.07,0.6204,0.8431
2190,2023-08-18,35,Ontario,0.1029,1575.0,0.11,0.8507,0.9485
2191,2023-08-18,2243,"Leeds, Grenville and Lanark District Health Unit",0.0522,16.0,0.09,0.8716,1.0
2192,2023-08-18,2251,City of Ottawa Health Unit,0.2033,112.0,0.11,0.9245,0.9858
2193,2023-08-18,2266,Wellington-Dufferin-Guelph Health Unit,0.1084,29.0,0.09,0.7804,0.9252
2194,2023-08-18,2249,Northwestern Health Unit,0.029,10.0,0.11,0.8732,0.9577
2195,2023-08-18,2253,Peel Regional Health Unit,0.1018,140.0,0.09,0.9096,0.9734
2196,2023-08-18,2256,Porcupine Health Unit,0.0297,14.0,0.17,0.8911,0.9208
2197,2023-08-18,2258,Eastern Ontario Health Unit,0.1043,23.0,0.11,0.9542,0.9935
2198,2023-08-18,5183,Huron Perth Health Unit,0.0455,9.0,0.07,0.4324,0.8649
2199,2023-08-18,2260,Simcoe Muskoka District Health Unit,0.0893,48.0,0.08,0.8062,0.9138
2200,2023-08-18,2262,Thunder Bay District Health Unit,0.0353,24.0,0.16,0.9429,0.9543
2201,2023-08-18,2233,Grey Bruce Health Unit,0.0244,12.0,0.07,0.6901,0.9437
2202,2023-08-18,2240,Chatham-Kent Health Unit,0.0417,7.0,0.06,0.7073,0.9512
2203,2023-08-18,2257,Renfrew County and District Health Unit,0.0893,8.0,0.07,0.8868,0.9811
2204,2023-08-18,3895,City of Toronto Health Unit,0.0909,366.0,0.12,0.8804,0.9649
2205,2023-08-18,2244,Middlesex-London Health Unit,0.0665,45.0,0.09,0.8457,0.9453
2206,2023-08-17,2237,City of Hamilton Health Unit,0.1125,69.0,0.12,0.9125,0.9503
2207,2023-08-17,2240,Chatham-Kent Health Unit,0.0465,6.0,0.06,0.825,0.95
2208,2023-08-17,5183,Huron Perth Health Unit,0.0141,10.0,0.07,0.4235,0.8824
2209,2023-08-17,2266,Wellington-Dufferin-Guelph Health Unit,0.1019,29.0,0.09,0.7789,0.9146
2210,2023-08-17,2244,Middlesex-London Health Unit,0.0708,46.0,0.09,0.8466,0.9425
2211,2023-08-17,2270,York Regional Health Unit,0.1014,111.0,0.09,0.8592,0.9548
2212,2023-08-17,2256,Porcupine Health Unit,0.0291,15.0,0.18,0.8941,0.9059
2213,2023-08-17,2265,Waterloo Health Unit,0.0761,39.0,0.07,0.6601,0.8696
2214,2023-08-17,2260,Simcoe Muskoka District Health Unit,0.0871,48.0,0.08,0.8058,0.9223
2215,2023-08-17,2246,Niagara Regional Area Health Unit,0.1426,92.0,0.2,0.665,0.84
2216,2023-08-17,2226,District of Algoma Health Unit,0.0843,12.0,0.1,0.881,0.9524
2217,2023-08-17,2268,Windsor-Essex County Health Unit,0.0741,19.0,0.05,0.848,0.928
2218,2023-08-17,35,Ontario,0.0985,1554.0,0.1,0.8534,0.9473
2219,2023-08-17,2236,Halton Regional Health Unit,0.0974,38.0,0.06,0.7191,0.8614
2220,2023-08-17,2230,Durham Regional Health Unit,0.1662,52.0,0.07,0.7742,0.9091
2221,2023-08-17,2251,City of Ottawa Health Unit,0.1884,101.0,0.1,0.9326,0.985
2222,2023-08-17,3895,City of Toronto Health Unit,0.0887,364.0,0.12,0.882,0.9651
2223,2023-08-17,2241,"Kingston, Frontenac and Lennox and Addington Health Unit",0.1476,30.0,0.14,0.8912,0.9741
2224,2023-08-17,2253,Peel Regional Health Unit,0.1052,139.0,0.09,0.9037,0.9679
2225,2023-08-17,2238,Hastings and Prince Edward Counties Health Unit,0.0385,11.0,0.07,0.6486,0.9054
2226,2023-08-17,2247,North Bay Parry Sound District Health Unit,0.0296,19.0,0.15,0.9701,0.9851
2227,2023-08-17,2243,"Leeds, Grenville and Lanark District Health Unit",0.0354,16.0,0.09,0.8611,1.0
2228,2023-08-17,2242,Lambton Health Unit,0.0714,6.0,0.05,0.6136,0.9545
2229,2023-08-17,2249,Northwestern Health Unit,0.0417,10.0,0.12,0.8873,0.9577
2230,2023-08-17,2261,Sudbury and District Health Unit,0.0688,71.0,0.35,0.9565,0.9855
2231,2023-08-17,2255,Peterborough County-City Health Unit,0.1129,18.0,0.12,0.8943,0.9756
2232,2023-08-17,2233,Grey Bruce Health Unit,0.023,12.0,0.07,0.7143,0.9643
2233,2023-08-17,4913,Southwestern Public Health,0.0566,15.0,0.07,0.6442,0.8942
2234,2023-08-17,2258,Eastern Ontario Health Unit,0.0705,22.0,0.11,0.9595,0.9932
2235,2023-08-17,2262,Thunder Bay District Health Unit,0.0357,24.0,0.16,0.9302,0.9535
2236,2023-08-17,2257,Renfrew County and District Health Unit,0.0943,8.0,0.07,0.8958,1.0
2237,2023-08-17,2263,Timiskaming Health Unit,0.0667,2.0,0.07,0.8333,1.0
2238,2023-08-17,2234,Haldimand-Norfolk Health Unit,0.0896,10.0,0.08,0.807,0.9649
2239,2023-08-17,2235,"Haliburton, Kawartha, Pine Ridge District Health Unit",0.0278,31.0,0.16,0.9241,0.9821
2240,2023-08-17,2227,Brant County Health Unit,0.0896,19.0,0.12,0.932,0.9417
2241,2023-08-16,2235,"Haliburton, Kawartha, Pine Ridge District Health Unit",0.0234,31.0,0.16,0.9028,0.9537
2242,2023-08-16,2256,Porcupine Health Unit,0.0115,12.0,0.15,0.8361,0.8525
2243,2023-08-16,2247,North Bay Parry Sound District Health Unit,0.0288,20.0,0.15,0.9726,0.9795
2244,2023-08-16,2240,Chatham-Kent Health Unit,0.0426,7.0,0.06,0.7568,0.8919
2245,2023-08-16,2227,Brant County Health Unit,0.0583,17.0,0.11,0.932,0.9417
2246,2023-08-16,2258,Eastern Ontario Health Unit,0.0608,21.0,0.1,0.9655,0.9931
2247,2023-08-16,2237,City of Hamilton Health Unit,0.1094,73.0,0.12,0.9072,0.9508
2248,2023-08-16,2241,"Kingston, Frontenac and Lennox and Addington Health Unit",0.1667,28.0,0.13,0.8763,0.9677
2249,2023-08-16,2233,Grey Bruce Health Unit,0.0225,13.0,0.07,0.68,0.92
2250,2023-08-16,5183,Huron Perth Health Unit,0.0127,11.0,0.08,0.427,0.8876
2251,2023-08-16,2253,Peel Regional Health Unit,0.0965,135.0,0.08,0.8845,0.9571
2252,2023-08-16,2260,Simcoe Muskoka District Health Unit,0.0767,47.0,0.08,0.7764,0.8852
2253,2023-08-16,2261,Sudbury and District Health Unit,0.0735,68.0,0.34,0.9494,0.9831
2254,2023-08-16,35,Ontario,0.0952,1529.0,0.1,0.8302,0.9278
2255,2023-08-16,2265,Waterloo Health Unit,0.0781,38.0,0.07,0.6402,0.8371
2256,2023-08-16,2263,Timiskaming Health Unit,0.0,2.0,0.05,0.875,1.0
2257,2023-08-16,2257,Renfrew County and District Health Unit,0.098,7.0,0.07,0.8654,1.0
2258,2023-08-16,2238,Hastings and Prince Edward Counties Health Unit,0.0482,12.0,0.07,0.6905,0.9048
2259,2023-08-16,2244,Middlesex-London Health Unit,0.0844,46.0,0.09,0.8207,0.9422
2260,2023-08-16,2246,Niagara Regional Area Health Unit,0.1306,86.0,0.18,0.6638,0.8259
2261,2023-08-16,2242,Lambton Health Unit,0.0714,6.0,0.05,0.5094,0.9245
2262,2023-08-16,2226,District of Algoma Health Unit,0.0952,12.0,0.1,0.8765,0.9506
2263,2023-08-16,2255,Peterborough County-City Health Unit,0.1111,17.0,0.11,0.8478,0.913
2264,2023-08-16,2230,Durham Regional Health Unit,0.1752,53.0,0.07,0.7278,0.8611
2265,2023-08-16,4913,Southwestern Public Health,0.0476,15.0,0.07,0.6389,0.8796
2266,2023-08-16,2236,Halton Regional Health Unit,0.0861,38.0,0.06,0.6721,0.8131
2267,2023-08-16,2251,City of Ottawa Health Unit,0.1786,96.0,0.09,0.9275,0.9815
2268,2023-08-16,3895,City of Toronto Health Unit,0.0865,365.0,0.12,0.849,0.9341
2269,2023-08-16,2243,"Leeds, Grenville and Lanark District Health Unit",0.0374,15.0,0.09,0.8407,1.0
2270,2023-08-16,2234,Haldimand-Norfolk Health Unit,0.0833,9.0,0.08,0.7273,0.9636
2271,2023-08-16,2266,Wellington-Dufferin-Guelph Health Unit,0.1156,28.0,0.09,0.7969,0.9115
2272,2023-08-16,2262,Thunder Bay District Health Unit,0.0357,24.0,0.16,0.887,0.9153
2273,2023-08-16,2270,York Regional Health Unit,0.1003,110.0,0.09,0.8272,0.9339
2274,2023-08-16,2268,Windsor-Essex County Health Unit,0.062,18.0,0.04,0.8268,0.9291
2275,2023-08-16,2249,Northwestern Health Unit,0.0417,10.0,0.12,0.8841,0.971
2276,2023-08-15,2261,Sudbury and District Health Unit,0.0677,68.0,0.34,0.9666,0.9889
2277,2023-08-15,2236,Halton Regional Health Unit,0.0816,40.0,0.07,0.7222,0.8229
2278,2023-08-15,2244,Middlesex-London Health Unit,0.0791,45.0,0.09,0.8438,0.9469
2279,2023-08-15,2262,Thunder Bay District Health Unit,0.0353,24.0,0.16,0.8889,0.9206
2280,2023-08-15,2246,Niagara Regional Area Health Unit,0.1366,85.0,0.18,0.6335,0.7966
2281,2023-08-15,2249,Northwestern Health Unit,0.0676,11.0,0.12,0.8889,0.9583
2282,2023-08-15,2243,"Leeds, Grenville and Lanark District Health Unit",0.0265,16.0,0.09,0.8696,0.9913
2283,2023-08-15,2237,City of Hamilton Health Unit,0.1093,72.0,0.12,0.8979,0.9441
2284,2023-08-15,3895,City of Toronto Health Unit,0.079,358.0,0.11,0.8662,0.9361
2285,2023-08-15,2234,Haldimand-Norfolk Health Unit,0.0784,7.0,0.06,0.7119,0.9492
2286,2023-08-15,2230,Durham Regional Health Unit,0.1818,52.0,0.07,0.7768,0.8672
2287,2023-08-15,2233,Grey Bruce Health Unit,0.0426,13.0,0.08,0.6881,0.9174
2288,2023-08-15,2226,District of Algoma Health Unit,0.0959,10.0,0.09,0.9,0.9429
2289,2023-08-15,2253,Peel Regional Health Unit,0.0819,138.0,0.09,0.9015,0.9623
2290,2023-08-15,2240,Chatham-Kent Health Unit,0.0294,5.0,0.05,0.6944,0.8611
2291,2023-08-15,2251,City of Ottawa Health Unit,0.1648,88.0,0.08,0.9142,0.979
2292,2023-08-15,2266,Wellington-Dufferin-Guelph Health Unit,0.1105,27.0,0.09,0.8011,0.9034
2293,2023-08-15,2258,Eastern Ontario Health Unit,0.0493,20.0,0.1,0.9778,0.9926
2294,2023-08-15,2247,North Bay Parry Sound District Health Unit,0.0329,22.0,0.17,0.9808,0.9808
2295,2023-08-15,35,Ontario,0.0902,1506.0,0.1,0.8438,0.9279
2296,2023-08-15,2256,Porcupine Health Unit,0.0179,8.0,0.1,0.8413,0.8889
2297,2023-08-15,2268,Windsor-Essex County Health Unit,0.0803,20.0,0.05,0.8143,0.9
2298,2023-08-15,2255,Peterborough County-City Health Unit,0.0827,19.0,0.13,0.8828,0.9241
2299,2023-08-15,2260,Simcoe Muskoka District Health Unit,0.0828,45.0,0.07,0.7911,0.8904
2300,2023-08-15,4913,Southwestern Public Health,0.0377,15.0,0.07,0.6827,0.9038
2301,2023-08-15,2235,"Haliburton, Kawartha, Pine Ridge District Health Unit",0.0321,31.0,0.16,0.9189,0.9369
2302,2023-08-15,2257,Renfrew County and District Health Unit,0.098,7.0,0.07,0.902,1.0
2303,2023-08-15,2238,Hastings and Prince Edward Counties Health Unit,0.0513,11.0,0.07,0.7778,0.8889
2304,2023-08-15,5183,Huron Perth Health Unit,0.0119,12.0,0.09,0.481,0.8861
2305,2023-08-15,2241,"Kingston, Frontenac and Lennox and Addington Health Unit",0.1381,26.0,0.12,0.8956,0.967
2306,2023-08-15,2265,Waterloo Health Unit,0.076,38.0,0.06,0.6145,0.8168
2307,2023-08-15,2242,Lambton Health Unit,0.0444,6.0,0.05,0.54,0.96
2308,2023-08-15,2270,York Regional Health Unit,0.0965,111.0,0.09,0.8406,0.942
2309,2023-08-15,2227,Brant County Health Unit,0.0504,17.0,0.11,0.9293,0.9394
2310,2023-08-15,2263,Timiskaming Health Unit,0.0,1.0,0.03,1.0,1.0
2311,2023-08-14,2255,Peterborough County-City Health Unit,0.0786,20.0,0.14,0.8613,0.9124
2312,2023-08-14,2246,Niagara Regional Area Health Unit,0.1229,69.0,0.15,0.623,0.8074
2313,2023-08-14,2243,"Leeds, Grenville and Lanark District Health Unit",0.0463,15.0,0.09,0.8812,0.9901
2314,2023-08-14,2261,Sudbury and District Health Unit,0.0752,59.0,0.3,0.96,0.99
2315,2023-08-14,2266,Wellington-Dufferin-Guelph Health Unit,0.0909,27.0,0.09,0.8182,0.9091
2316,2023-08-14,2226,District of Algoma Health Unit,0.1029,10.0,0.08,0.9275,0.971
2317,2023-08-14,2251,City of Ottawa Health Unit,0.1446,80.0,0.08,0.9259,0.9829
2318,2023-08-14,2233,Grey Bruce Health Unit,0.0481,15.0,0.09,0.713,0.9074
2319,2023-08-14,2257,Renfrew County and District Health Unit,0.0889,6.0,0.06,0.9556,1.0
2320,2023-08-14,2270,York Regional Health Unit,0.0868,109.0,0.09,0.8449,0.9425
2321,2023-08-14,4913,Southwestern Public Health,0.0283,15.0,0.07,0.67,0.91
2322,2023-08-14,2237,City of Hamilton Health Unit,0.1051,76.0,0.13,0.9116,0.954
2323,2023-08-14,2263,Timiskaming Health Unit,0.0,1.0,0.03,1.0,1.0
2324,2023-08-14,2256,Porcupine Health Unit,0.0154,9.0,0.11,0.8209,0.8657
2325,2023-08-14,2240,Chatham-Kent Health Unit,0.0294,5.0,0.05,0.6875,0.875
2326,2023-08-14,2241,"Kingston, Frontenac and Lennox and Addington Health Unit",0.1406,27.0,0.13,0.9037,0.9733
2327,2023-08-14,5183,Huron Perth Health Unit,0.0112,13.0,0.09,0.4789,0.9155
2328,2023-08-14,2268,Windsor-Essex County Health Unit,0.0657,20.0,0.05,0.8374,0.9268
2329,2023-08-14,2262,Thunder Bay District Health Unit,0.0508,25.0,0.17,0.8844,0.9191
2330,2023-08-14,2260,Simcoe Muskoka District Health Unit,0.0909,41.0,0.07,0.7978,0.8934
2331,2023-08-14,2253,Peel Regional Health Unit,0.0762,139.0,0.09,0.8978,0.9574
2332,2023-08-14,2249,Northwestern Health Unit,0.0548,10.0,0.12,0.9333,0.9833
2333,2023-08-14,2238,Hastings and Prince Edward Counties Health Unit,0.0465,12.0,0.07,0.8472,0.9444
2334,2023-08-14,2265,Waterloo Health Unit,0.0891,37.0,0.06,0.5985,0.8031
2335,2023-08-14,2258,Eastern Ontario Health Unit,0.0451,19.0,0.09,0.9672,0.9918
2336,2023-08-14,2242,Lambton Health Unit,0.0392,7.0,0.06,0.5111,0.9556
2337,2023-08-14,2234,Haldimand-Norfolk Health Unit,0.0702,8.0,0.07,0.6964,0.9286
2338,2023-08-14,2247,North Bay Parry Sound District Health Unit,0.0563,23.0,0.18,0.9817,0.9817
2339,2023-08-14,3895,City of Toronto Health Unit,0.0714,354.0,0.11,0.8692,0.9342
2340,2023-08-14,2244,Middlesex-London Health Unit,0.0798,47.0,0.09,0.8721,0.9738
2341,2023-08-14,2236,Halton Regional Health Unit,0.0709,40.0,0.07,0.7269,0.8346
2342,2023-08-14,2227,Brant County Health Unit,0.0263,16.0,0.1,0.898,0.9184
2343,2023-08-14,2235,"Haliburton, Kawartha, Pine Ridge District Health Unit",0.0427,30.0,0.16,0.9014,0.9296
2344,2023-08-14,2230,Durham Regional Health Unit,0.1597,51.0,0.07,0.7807,0.8655
2345,2023-08-14,35,Ontario,0.0843,1472.0,0.1,0.8456,0.9293
2346,2023-08-13,2237,City of Hamilton Health Unit,0.1033,77.0,0.13,0.9145,0.9535
2347,2023-08-13,2230,Durham Regional Health Unit,0.1638,50.0,0.07,0.8117,0.8765
2348,2023-08-13,2244,Middlesex-London Health Unit,0.0752,46.0,0.09,0.8758,0.9745
2349,2023-08-13,2241,"Kingston, Frontenac and Lennox and Addington Health Unit",0.1211,27.0,0.13,0.9126,0.9836
2350,2023-08-13,2256,Porcupine Health Unit,0.0169,8.0,0.1,0.8125,0.8594
2351,2023-08-13,4913,Southwestern Public Health,0.0396,14.0,0.07,0.6923,0.9519
2352,2023-08-13,2261,Sudbury and District Health Unit,0.0835,56.0,0.28,0.9594,0.9898
2353,2023-08-13,35,Ontario,0.0817,1399.0,0.09,0.8631,0.9428
2354,2023-08-13,2262,Thunder Bay District Health Unit,0.085,22.0,0.15,0.9048,0.9388
2355,2023-08-13,2238,Hastings and Prince Edward Counties Health Unit,0.0429,10.0,0.06,0.8438,0.9531
2356,2023-08-13,2247,North Bay Parry Sound District Health Unit,0.0549,23.0,0.18,0.9876,0.9876
2357,2023-08-13,2249,Northwestern Health Unit,0.0625,9.0,0.1,0.9322,0.9831
2358,2023-08-13,3895,City of Toronto Health Unit,0.0698,336.0,0.11,0.884,0.9422
2359,2023-08-13,2266,Wellington-Dufferin-Guelph Health Unit,0.0751,25.0,0.08,0.8344,0.9202
2360,2023-08-13,2265,Waterloo Health Unit,0.0954,34.0,0.06,0.6,0.8085
2361,2023-08-13,2257,Renfrew County and District Health Unit,0.0909,6.0,0.06,0.9302,1.0
2362,2023-08-13,2234,Haldimand-Norfolk Health Unit,0.0893,8.0,0.07,0.7586,0.9655
2363,2023-08-13,2268,Windsor-Essex County Health Unit,0.0602,19.0,0.04,0.8647,0.9323
2364,2023-08-13,2227,Brant County Health Unit,0.028,15.0,0.1,0.9545,0.9727
2365,2023-08-13,2246,Niagara Regional Area Health Unit,0.1191,67.0,0.14,0.7437,0.9296
2366,2023-08-13,2240,Chatham-Kent Health Unit,0.0313,5.0,0.04,0.6364,0.8788
2367,2023-08-13,2233,Grey Bruce Health Unit,0.0459,16.0,0.09,0.7064,0.9174
2368,2023-08-13,2253,Peel Regional Health Unit,0.0665,129.0,0.08,0.9019,0.9601
2369,2023-08-13,2270,York Regional Health Unit,0.0833,105.0,0.09,0.8727,0.9524
2370,2023-08-13,2251,City of Ottawa Health Unit,0.1152,74.0,0.07,0.9027,0.9825
2371,2023-08-13,2258,Eastern Ontario Health Unit,0.0403,18.0,0.08,0.9837,1.0
2372,2023-08-13,2260,Simcoe Muskoka District Health Unit,0.0803,39.0,0.07,0.8212,0.9088
2373,2023-08-13,2236,Halton Regional Health Unit,0.0781,37.0,0.06,0.7336,0.8443
2374,2023-08-13,2243,"Leeds, Grenville and Lanark District Health Unit",0.0485,15.0,0.08,0.8713,0.9901
2375,2023-08-13,2255,Peterborough County-City Health Unit,0.0635,18.0,0.12,0.8686,0.9197
2376,2023-08-13,2235,"Haliburton, Kawartha, Pine Ridge District Health Unit",0.0498,29.0,0.15,0.9091,0.933
2377,2023-08-13,2242,Lambton Health Unit,0.0435,7.0,0.05,0.5,0.9583
2378,2023-08-13,2226,District of Algoma Health Unit,0.1159,10.0,0.09,0.9322,0.9661
2379,2023-08-13,2263,Timiskaming Health Unit,0.0,1.0,0.02,1.0,1.0
2380,2023-08-13,5183,Huron Perth Health Unit,0.013,11.0,0.08,0.5538,0.9692
2381,2023-08-12,2247,North Bay Parry Sound District Health Unit,0.0519,22.0,0.17,0.9872,0.9872
2382,2023-08-12,2257,Renfrew County and District Health Unit,0.0426,7.0,0.06,0.9149,0.9787
2383,2023-08-12,2263,Timiskaming Health Unit,0.0,1.0,0.03,1.0,1.0
2384,2023-08-12,2253,Peel Regional Health Unit,0.0641,127.0,0.08,0.9044,0.9622
2385,2023-08-12,2255,Peterborough County-City Health Unit,0.0769,19.0,0.13,0.8643,0.9214
2386,2023-08-12,2270,York Regional Health Unit,0.0786,104.0,0.08,0.8694,0.9524
2387,2023-08-12,2256,Porcupine Health Unit,0.0,8.0,0.09,0.7869,0.8361
2388,2023-08-12,2249,Northwestern Health Unit,0.0877,8.0,0.09,0.9245,0.9811
2389,2023-08-12,2246,Niagara Regional Area Health Unit,0.114,65.0,0.14,0.7606,0.9296
2390,2023-08-12,5183,Huron Perth Health Unit,0.0132,11.0,0.08,0.5692,0.9692
2391,2023-08-12,2262,Thunder Bay District Health Unit,0.0816,21.0,0.14,0.9034,0.9379
2392,2023-08-12,2265,Waterloo Health Unit,0.1046,34.0,0.06,0.5857,0.8008
2393,2023-08-12,2242,Lambton Health Unit,0.0444,6.0,0.05,0.5333,0.9556
2394,2023-08-12,2258,Eastern Ontario Health Unit,0.0413,17.0,0.08,0.9832,1.0
2395,2023-08-12,35,Ontario,0.0767,1381.0,0.09,0.8609,0.9416
2396,2023-08-12,2268,Windsor-Essex County Health Unit,0.0643,20.0,0.05,0.8529,0.9265
2397,2023-08-12,2241,"Kingston, Frontenac and Lennox and Addington Health Unit",0.1189,26.0,0.12,0.9309,0.984
2398,2023-08-12,2234,Haldimand-Norfolk Health Unit,0.1228,8.0,0.07,0.7321,0.9643
2399,2023-08-12,2227,Brant County Health Unit,0.0268,16.0,0.1,0.945,0.9633
2400,2023-08-12,2240,Chatham-Kent Health Unit,0.0667,4.0,0.04,0.6129,0.871
2401,2023-08-12,2251,City of Ottawa Health Unit,0.0806,71.0,0.07,0.9032,0.9802
2402,2023-08-12,3895,City of Toronto Health Unit,0.0658,330.0,0.11,0.8846,0.9442
2403,2023-08-12,2230,Durham Regional Health Unit,0.1459,47.0,0.07,0.7812,0.8602
2404,2023-08-12,2235,"Haliburton, Kawartha, Pine Ridge District Health Unit",0.05,29.0,0.15,0.9038,0.9375
2405,2023-08-12,2236,Halton Regional Health Unit,0.0675,36.0,0.06,0.7262,0.8452
2406,2023-08-12,2226,District of Algoma Health Unit,0.0806,9.0,0.08,0.9231,0.9538
2407,2023-08-12,2238,Hastings and Prince Edward Counties Health Unit,0.0694,10.0,0.06,0.8571,0.9571
2408,2023-08-12,2261,Sudbury and District Health Unit,0.0835,56.0,0.28,0.9656,0.9894
2409,2023-08-12,4913,Southwestern Public Health,0.0481,15.0,0.07,0.7083,0.9375
2410,2023-08-12,2266,Wellington-Dufferin-Guelph Health Unit,0.0667,26.0,0.08,0.8295,0.9205
2411,2023-08-12,2244,Middlesex-London Health Unit,0.0795,47.0,0.09,0.8731,0.9789
2412,2023-08-12,2260,Simcoe Muskoka District Health Unit,0.0674,40.0,0.07,0.8191,0.9078
2413,2023-08-12,2243,"Leeds, Grenville and Lanark District Health Unit",0.0421,14.0,0.08,0.8632,0.9895
2414,2023-08-12,2233,Grey Bruce Health Unit,0.0377,15.0,0.09,0.6783,0.9217
2415,2023-08-12,2237,City of Hamilton Health Unit,0.1024,77.0,0.13,0.9168,0.9555
2416,2023-08-11,2257,Renfrew County and District Health Unit,0.0233,6.0,0.06,0.8696,0.9783
2417,2023-08-11,2234,Haldimand-Norfolk Health Unit,0.1017,8.0,0.07,0.7344,0.9688
2418,2023-08-11,2255,Peterborough County-City Health Unit,0.0687,19.0,0.13,0.8881,0.9301
2419,2023-08-11,2235,"Haliburton, Kawartha, Pine Ridge District Health Unit",0.0462,28.0,0.15,0.899,0.9343
2420,2023-08-11,2243,"Leeds, Grenville and Lanark District Health Unit",0.0211,14.0,0.08,0.8817,0.9785
2421,2023-08-11,2260,Simcoe Muskoka District Health Unit,0.0538,40.0,0.07,0.8145,0.9091
2422,2023-08-11,2251,City of Ottawa Health Unit,0.0788,69.0,0.07,0.8942,0.9772
2423,2023-08-11,2227,Brant County Health Unit,0.0342,17.0,0.11,0.9623,0.9717
2424,2023-08-11,2258,Eastern Ontario Health Unit,0.0588,17.0,0.08,0.9748,1.0
2425,2023-08-11,2233,Grey Bruce Health Unit,0.0364,16.0,0.09,0.6434,0.9147
2426,2023-08-11,3895,City of Toronto Health Unit,0.0597,330.0,0.11,0.8853,0.9442
2427,2023-08-11,2246,Niagara Regional Area Health Unit,0.1142,63.0,0.13,0.801,0.9442
2428,2023-08-11,2249,Northwestern Health Unit,0.0784,7.0,0.08,0.92,0.98
2429,2023-08-11,2263,Timiskaming Health Unit,0.0,1.0,0.03,0.8889,1.0
2430,2023-08-11,2270,York Regional Health Unit,0.077,106.0,0.09,0.873,0.9545
2431,2023-08-11,2265,Waterloo Health Unit,0.1089,35.0,0.06,0.5802,0.8168
2432,2023-08-11,2262,Thunder Bay District Health Unit,0.0797,20.0,0.13,0.8414,0.9448
2433,2023-08-11,2261,Sudbury and District Health Unit,0.0683,52.0,0.26,0.9679,0.984
2434,2023-08-11,35,Ontario,0.0743,1373.0,0.09,0.8623,0.9429
2435,2023-08-11,2253,Peel Regional Health Unit,0.0702,128.0,0.08,0.9079,0.964
2436,2023-08-11,2244,Middlesex-London Health Unit,0.0765,47.0,0.09,0.8671,0.974
2437,2023-08-11,2238,Hastings and Prince Edward Counties Health Unit,0.0933,11.0,0.06,0.9091,0.9545
2438,2023-08-11,5183,Huron Perth Health Unit,0.0141,10.0,0.07,0.5397,0.9524
2439,2023-08-11,2230,Durham Regional Health Unit,0.1411,47.0,0.07,0.7833,0.8669
2440,2023-08-11,2226,District of Algoma Health Unit,0.1176,10.0,0.08,0.8986,0.9275
2441,2023-08-11,2237,City of Hamilton Health Unit,0.1034,76.0,0.13,0.9287,0.9606
2442,2023-08-11,2247,North Bay Parry Sound District Health Unit,0.0467,21.0,0.17,0.98,0.9867
2443,2023-08-11,2256,Porcupine Health Unit,0.0172,8.0,0.1,0.7969,0.8438
2444,2023-08-11,2242,Lambton Health Unit,0.0213,7.0,0.05,0.5682,0.9545
2445,2023-08-11,4913,Southwestern Public Health,0.0385,15.0,0.07,0.72,0.94
2446,2023-08-11,2241,"Kingston, Frontenac and Lennox and Addington Health Unit",0.1168,28.0,0.13,0.9385,0.9846
2447,2023-08-11,2240,Chatham-Kent Health Unit,0.0345,4.0,0.04,0.6,0.8667
2448,2023-08-11,2268,Windsor-Essex County Health Unit,0.0544,21.0,0.05,0.8633,0.9281
2449,2023-08-11,2266,Wellington-Dufferin-Guelph Health Unit,0.0651,24.0,0.08,0.8609,0.9205
2450,2023-08-11,2236,Halton Regional Health Unit,0.0863,36.0,0.06,0.7633,0.8612
2451,2023-08-10,2257,Renfrew County and District Health Unit,0.0222,6.0,0.06,0.8302,0.9623
2452,2023-08-10,2266,Wellington-Dufferin-Guelph Health Unit,0.0596,22.0,0.07,0.8636,0.9221
2453,2023-08-10,2235,"Haliburton, Kawartha, Pine Ridge District Health Unit",0.0484,27.0,0.14,0.8865,0.9297
2454,2023-08-10,2230,Durham Regional Health Unit,0.1414,43.0,0.06,0.7825,0.8636
2455,2023-08-10,2238,Hastings and Prince Edward Counties Health Unit,0.0833,10.0,0.06,0.7922,0.961
2456,2023-08-10,2258,Eastern Ontario Health Unit,0.069,17.0,0.08,0.9744,1.0
2457,2023-08-10,2243,"Leeds, Grenville and Lanark District Health Unit",0.0341,13.0,0.07,0.8734,0.9747
2458,2023-08-10,2236,Halton Regional Health Unit,0.0909,36.0,0.06,0.7787,0.8696
2459,2023-08-10,4913,Southwestern Public Health,0.0412,14.0,0.07,0.7292,0.9688
2460,2023-08-10,2233,Grey Bruce Health Unit,0.0364,16.0,0.09,0.6371,0.9113
2461,2023-08-10,2240,Chatham-Kent Health Unit,0.0333,4.0,0.04,0.6071,0.8571
2462,2023-08-10,2227,Brant County Health Unit,0.0177,16.0,0.1,0.9623,0.9717
2463,2023-08-10,2246,Niagara Regional Area Health Unit,0.104,69.0,0.15,0.8073,0.9541
2464,2023-08-10,2249,Northwestern Health Unit,0.06,7.0,0.08,0.9434,0.9811
2465,2023-08-10,2247,North Bay Parry Sound District Health Unit,0.0544,21.0,0.16,0.9732,0.9799
2466,2023-08-10,2226,District of Algoma Health Unit,0.1111,9.0,0.08,0.9242,0.9394
2467,2023-08-10,3895,City of Toronto Health Unit,0.0581,320.0,0.1,0.8817,0.9452
2468,2023-08-10,2260,Simcoe Muskoka District Health Unit,0.0538,37.0,0.06,0.8095,0.9121
2469,2023-08-10,2237,City of Hamilton Health Unit,0.108,75.0,0.13,0.9343,0.9761
2470,2023-08-10,5183,Huron Perth Health Unit,0.0159,9.0,0.06,0.5,0.9074
2471,2023-08-10,2253,Peel Regional Health Unit,0.0713,128.0,0.08,0.9138,0.9683
2472,2023-08-10,2263,Timiskaming Health Unit,0.0,1.0,0.04,0.8667,1.0
2473,2023-08-10,2270,York Regional Health Unit,0.0781,106.0,0.09,0.8571,0.9463
2474,2023-08-10,2268,Windsor-Essex County Health Unit,0.0593,19.0,0.05,0.8451,0.9296
2475,2023-08-10,2265,Waterloo Health Unit,0.1211,37.0,0.06,0.5871,0.8144
2476,2023-08-10,2241,"Kingston, Frontenac and Lennox and Addington Health Unit",0.1105,27.0,0.13,0.9297,0.9838
2477,2023-08-10,35,Ontario,0.0755,1344.0,0.09,0.8599,0.9446
2478,2023-08-10,2234,Haldimand-Norfolk Health Unit,0.0769,9.0,0.08,0.7222,0.9722
2479,2023-08-10,2251,City of Ottawa Health Unit,0.0874,67.0,0.06,0.8882,0.9768
2480,2023-08-10,2242,Lambton Health Unit,0.0455,6.0,0.05,0.5526,0.9474
2481,2023-08-10,2244,Middlesex-London Health Unit,0.0565,48.0,0.09,0.8772,0.9766
2482,2023-08-10,2261,Sudbury and District Health Unit,0.0886,45.0,0.23,0.9681,0.984
2483,2023-08-10,2262,Thunder Bay District Health Unit,0.0956,19.0,0.13,0.8252,0.9441
2484,2023-08-10,2255,Peterborough County-City Health Unit,0.0677,19.0,0.13,0.8705,0.9209
2485,2023-08-10,2256,Porcupine Health Unit,0.0317,9.0,0.11,0.8235,0.8676
2486,2023-08-09,2268,Windsor-Essex County Health Unit,0.0652,20.0,0.05,0.8582,0.9291
2487,2023-08-09,2238,Hastings and Prince Edward Counties Health Unit,0.0862,8.0,0.05,0.7656,0.9688
2488,2023-08-09,2260,Simcoe Muskoka District Health Unit,0.0675,36.0,0.06,0.8275,0.9569
2489,2023-08-09,2262,Thunder Bay District Health Unit,0.1679,20.0,0.13,0.8647,0.9774
2490,2023-08-09,2258,Eastern Ontario Health Unit,0.0484,18.0,0.08,0.9756,1.0
2491,2023-08-09,2230,Durham Regional Health Unit,0.1336,42.0,0.06,0.8092,0.9243
2492,2023-08-09,2263,Timiskaming Health Unit,0.0,2.0,0.06,0.8125,1.0
2493,2023-08-09,2253,Peel Regional Health Unit,0.0725,128.0,0.08,0.9373,0.9787
2494,2023-08-09,3895,City of Toronto Health Unit,0.0554,317.0,0.1,0.9141,0.9764
2495,2023-08-09,2251,City of Ottawa Health Unit,0.0848,66.0,0.06,0.8891,0.9717
2496,2023-08-09,2226,District of Algoma Health Unit,0.0968,9.0,0.08,0.9365,0.9365
2497,2023-08-09,2246,Niagara Regional Area Health Unit,0.0973,63.0,0.13,0.8107,0.9636
2498,2023-08-09,2249,Northwestern Health Unit,0.06,7.0,0.08,0.8545,0.9636
2499,2023-08-09,2255,Peterborough County-City Health Unit,0.0746,19.0,0.13,0.9244,0.9832
2500,2023-08-09,2236,Halton Regional Health Unit,0.1024,36.0,0.06,0.8357,0.9249
2501,2023-08-09,2244,Middlesex-London Health Unit,0.0533,48.0,0.1,0.8886,0.9759
2502,2023-08-09,2234,Haldimand-Norfolk Health Unit,0.0588,10.0,0.09,0.7541,0.9672
2503,2023-08-09,2227,Brant County Health Unit,0.0088,16.0,0.1,0.9537,0.9722
2504,2023-08-09,2247,North Bay Parry Sound District Health Unit,0.0523,22.0,0.17,0.9673,0.9739
2505,2023-08-09,2256,Porcupine Health Unit,0.0441,10.0,0.12,0.8676,0.9265
2506,2023-08-09,35,Ontario,0.0746,1327.0,0.09,0.8833,0.9643
2507,2023-08-09,5183,Huron Perth Health Unit,0.0385,7.0,0.05,0.4821,0.875
2508,2023-08-09,2242,Lambton Health Unit,0.0256,6.0,0.04,0.75,1.0
2509,2023-08-09,2270,York Regional Health Unit,0.078,108.0,0.09,0.8935,0.968
2510,2023-08-09,4913,Southwestern Public Health,0.0316,14.0,0.06,0.7738,0.9881
2511,2023-08-09,2235,"Haliburton, Kawartha, Pine Ridge District Health Unit",0.0511,25.0,0.13,0.913,0.9728
2512,2023-08-09,2237,City of Hamilton Health Unit,0.1073,71.0,0.12,0.9443,0.9786
2513,2023-08-09,2266,Wellington-Dufferin-Guelph Health Unit,0.0387,22.0,0.07,0.86,0.9267
2514,2023-08-09,2240,Chatham-Kent Health Unit,0.0345,4.0,0.04,0.68,0.92
2515,2023-08-09,2257,Renfrew County and District Health Unit,0.0588,7.0,0.07,0.8704,0.963
2516,2023-08-09,2243,"Leeds, Grenville and Lanark District Health Unit",0.0548,10.0,0.06,0.8732,0.9437
2517,2023-08-09,2233,Grey Bruce Health Unit,0.0252,17.0,0.1,0.641,0.9402
2518,2023-08-09,2261,Sudbury and District Health Unit,0.0915,45.0,0.23,0.9744,0.984
2519,2023-08-09,2241,"Kingston, Frontenac and Lennox and Addington Health Unit",0.0989,26.0,0.12,0.9568,0.9892
2520,2023-08-09,2265,Waterloo Health Unit,0.1149,37.0,0.06,0.6301,0.8455
2521,2023-08-08,2241,"Kingston, Frontenac and Lennox and Addington Health Unit",0.0955,28.0,0.13,0.9568,0.9946
2522,2023-08-08,2257,Renfrew County and District Health Unit,0.0556,8.0,0.07,0.8491,0.9623
2523,2023-08-08,2260,Simcoe Muskoka District Health Unit,0.0549,36.0,0.06,0.8526,0.9681
2524,2023-08-08,2262,Thunder Bay District Health Unit,0.1875,21.0,0.14,0.8527,0.969
2525,2023-08-08,2226,District of Algoma Health Unit,0.0725,10.0,0.09,0.9286,0.9429
2526,2023-08-08,2251,City of Ottawa Health Unit,0.0839,66.0,0.06,0.9136,0.975
2527,2023-08-08,35,Ontario,0.074,1325.0,0.09,0.8857,0.9681
2528,2023-08-08,2253,Peel Regional Health Unit,0.0685,127.0,0.08,0.9333,0.9742
2529,2023-08-08,2256,Porcupine Health Unit,0.0435,10.0,0.12,0.8438,0.8906
2530,2023-08-08,2243,"Leeds, Grenville and Lanark District Health Unit",0.1094,9.0,0.05,0.8361,0.9344
2531,2023-08-08,4913,Southwestern Public Health,0.0341,13.0,0.06,0.7215,0.962
2532,2023-08-08,2261,Sudbury and District Health Unit,0.107,43.0,0.21,0.9799,0.99
2533,2023-08-08,2238,Hastings and Prince Edward Counties Health Unit,0.0735,10.0,0.06,0.7714,0.9857
2534,2023-08-08,2255,Peterborough County-City Health Unit,0.0902,17.0,0.12,0.9138,0.9828
2535,2023-08-08,2234,Haldimand-Norfolk Health Unit,0.0455,9.0,0.08,0.7895,0.9825
2536,2023-08-08,2265,Waterloo Health Unit,0.1321,38.0,0.06,0.6761,0.8664
2537,2023-08-08,2233,Grey Bruce Health Unit,0.0169,17.0,0.1,0.5982,0.9464
2538,2023-08-08,2230,Durham Regional Health Unit,0.1354,41.0,0.06,0.8131,0.9239
2539,2023-08-08,2258,Eastern Ontario Health Unit,0.0645,18.0,0.08,0.9603,1.0
2540,2023-08-08,2268,Windsor-Essex County Health Unit,0.0803,20.0,0.05,0.8403,0.9583
2541,2023-08-08,2240,Chatham-Kent Health Unit,0.0323,4.0,0.04,0.8125,0.9375
2542,2023-08-08,2227,Brant County Health Unit,0.0089,16.0,0.1,0.9541,0.9725
2543,2023-08-08,2236,Halton Regional Health Unit,0.0938,32.0,0.05,0.7798,0.8991
2544,2023-08-08,2244,Middlesex-London Health Unit,0.0564,48.0,0.09,0.8812,0.9797
2545,2023-08-08,3895,City of Toronto Health Unit,0.0582,319.0,0.1,0.9163,0.9792
2546,2023-08-08,5183,Huron Perth Health Unit,0.0169,8.0,0.06,0.5079,0.8889
2547,2023-08-08,2270,York Regional Health Unit,0.084,109.0,0.09,0.9075,0.9732
2548,2023-08-08,2246,Niagara Regional Area Health Unit,0.0808,60.0,0.13,0.7885,0.967
2549,2023-08-08,2266,Wellington-Dufferin-Guelph Health Unit,0.0248,23.0,0.07,0.8471,0.9363
2550,2023-08-08,2237,City of Hamilton Health Unit,0.0951,71.0,0.12,0.9569,0.9871
2551,2023-08-08,2247,North Bay Parry Sound District Health Unit,0.0458,22.0,0.17,0.9671,0.9737
2552,2023-08-08,2249,Northwestern Health Unit,0.04,7.0,0.08,0.875,0.9821
2553,2023-08-08,2242,Lambton Health Unit,0.0278,5.0,0.04,0.7692,1.0
2554,2023-08-08,2263,Timiskaming Health Unit,0.0,2.0,0.07,0.8125,1.0
2555,2023-08-08,2235,"Haliburton, Kawartha, Pine Ridge District Health Unit",0.0495,26.0,0.14,0.9266,0.9944
2556,2023-08-07,2261,Sudbury and District Health Unit,0.1051,42.0,0.21,0.9828,0.9897
2557,2023-08-07,2253,Peel Regional Health Unit,0.0667,128.0,0.08,0.9319,0.9769
2558,2023-08-07,2270,York Regional Health Unit,0.0794,112.0,0.09,0.9092,0.9748
2559,2023-08-07,2249,Northwestern Health Unit,0.0484,9.0,0.1,0.8906,0.9844
2560,2023-08-07,2247,North Bay Parry Sound District Health Unit,0.0352,20.0,0.16,0.9577,0.9648
2561,2023-08-07,2265,Waterloo Health Unit,0.1172,37.0,0.06,0.695,0.8803
2562,2023-08-07,2255,Peterborough County-City Health Unit,0.0656,17.0,0.12,0.9355,0.9919
2563,2023-08-07,2263,Timiskaming Health Unit,0.0,2.0,0.07,0.8421,1.0
2564,2023-08-07,4913,Southwestern Public Health,0.0395,11.0,0.05,0.7363,0.967
2565,2023-08-07,2256,Porcupine Health Unit,0.0492,9.0,0.1,0.8621,0.931
2566,2023-08-07,2243,"Leeds, Grenville and Lanark District Health Unit",0.0794,9.0,0.05,0.8451,0.9437
2567,2023-08-07,2238,Hastings and Prince Edward Counties Health Unit,0.0714,10.0,0.06,0.7671,0.9726
2568,2023-08-07,3895,City of Toronto Health Unit,0.0616,315.0,0.1,0.9181,0.9819
2569,2023-08-07,2237,City of Hamilton Health Unit,0.0873,65.0,0.11,0.9503,0.9865
2570,2023-08-07,2251,City of Ottawa Health Unit,0.0963,65.0,0.06,0.902,0.9695
2571,2023-08-07,2235,"Haliburton, Kawartha, Pine Ridge District Health Unit",0.038,26.0,0.14,0.9388,0.9898
2572,2023-08-07,2234,Haldimand-Norfolk Health Unit,0.0656,9.0,0.08,0.8125,1.0
2573,2023-08-07,2260,Simcoe Muskoka District Health Unit,0.0491,38.0,0.06,0.8704,0.9704
2574,2023-08-07,2244,Middlesex-London Health Unit,0.0636,49.0,0.1,0.8774,0.9721
2575,2023-08-07,2246,Niagara Regional Area Health Unit,0.0836,53.0,0.11,0.8192,0.9621
2576,2023-08-07,35,Ontario,0.0742,1304.0,0.09,0.8869,0.969
2577,2023-08-07,2240,Chatham-Kent Health Unit,0.0278,5.0,0.05,0.8571,0.9429
2578,2023-08-07,2236,Halton Regional Health Unit,0.1031,32.0,0.05,0.7572,0.8807
2579,2023-08-07,2258,Eastern Ontario Health Unit,0.072,18.0,0.09,0.9683,1.0
2580,2023-08-07,2257,Renfrew County and District Health Unit,0.0588,7.0,0.07,0.8,0.96
2581,2023-08-07,2242,Lambton Health Unit,0.037,4.0,0.03,0.8182,0.9697
2582,2023-08-07,2226,District of Algoma Health Unit,0.0946,11.0,0.09,0.9012,0.9136
2583,2023-08-07,2230,Durham Regional Health Unit,0.1424,41.0,0.06,0.8084,0.9477
2584,2023-08-07,2262,Thunder Bay District Health Unit,0.1739,20.0,0.13,0.8593,0.9778
2585,2023-08-07,2268,Windsor-Essex County Health Unit,0.0952,21.0,0.05,0.8466,0.9632
2586,2023-08-07,2266,Wellington-Dufferin-Guelph Health Unit,0.0133,21.0,0.07,0.8193,0.9277
2587,2023-08-07,5183,Huron Perth Health Unit,0.0308,9.0,0.07,0.5405,0.9189
2588,2023-08-07,2241,"Kingston, Frontenac and Lennox and Addington Health Unit",0.1,26.0,0.12,0.9592,0.9898
2589,2023-08-07,2233,Grey Bruce Health Unit,0.0089,16.0,0.09,0.5882,0.9412
2590,2023-08-07,2227,Brant County Health Unit,0.018,16.0,0.1,0.9636,0.9818
2591,2023-08-06,2234,Haldimand-Norfolk Health Unit,0.0455,9.0,0.08,0.7966,1.0
2592,2023-08-06,2256,Porcupine Health Unit,0.069,8.0,0.1,0.8571,0.9286
2593,2023-08-06,2255,Peterborough County-City Health Unit,0.0645,18.0,0.12,0.9328,0.9916
2594,2023-08-06,2240,Chatham-Kent Health Unit,0.0263,5.0,0.05,0.9091,0.9394
2595,2023-08-06,2265,Waterloo Health Unit,0.0923,39.0,0.07,0.707,0.8906
2596,2023-08-06,2246,Niagara Regional Area Health Unit,0.0765,54.0,0.11,0.8182,0.9572
2597,2023-08-06,2243,"Leeds, Grenville and Lanark District Health Unit",0.0986,10.0,0.06,0.8592,0.9437
2598,2023-08-06,2238,Hastings and Prince Edward Counties Health Unit,0.05,11.0,0.07,0.7821,0.9744
2599,2023-08-06,2266,Wellington-Dufferin-Guelph Health Unit,0.026,22.0,0.07,0.7987,0.9245
2600,2023-08-06,2242,Lambton Health Unit,0.0303,5.0,0.04,0.8333,0.9667
2601,2023-08-06,2251,City of Ottawa Health Unit,0.0989,66.0,0.06,0.9188,0.9744
2602,2023-08-06,2262,Thunder Bay District Health Unit,0.1338,20.0,0.14,0.8649,0.973
2603,2023-08-06,2260,Simcoe Muskoka District Health Unit,0.0441,39.0,0.06,0.8755,0.9728
2604,2023-08-06,2233,Grey Bruce Health Unit,0.0087,16.0,0.1,0.5868,0.9339
2605,2023-08-06,2263,Timiskaming Health Unit,0.0,3.0,0.09,0.8571,1.0
2606,2023-08-06,2270,York Regional Health Unit,0.0833,117.0,0.1,0.9013,0.9663
2607,2023-08-06,2268,Windsor-Essex County Health Unit,0.1484,22.0,0.05,0.8333,0.96
2608,2023-08-06,2253,Peel Regional Health Unit,0.0665,133.0,0.08,0.9403,0.9805
2609,2023-08-06,2226,District of Algoma Health Unit,0.0814,12.0,0.11,0.9213,0.9326
2610,2023-08-06,2230,Durham Regional Health Unit,0.1321,40.0,0.06,0.7904,0.9588
2611,2023-08-06,5183,Huron Perth Health Unit,0.0435,10.0,0.07,0.527,0.9189
2612,2023-08-06,3895,City of Toronto Health Unit,0.0614,328.0,0.11,0.9116,0.9816
2613,2023-08-06,2235,"Haliburton, Kawartha, Pine Ridge District Health Unit",0.0313,27.0,0.15,0.9296,0.9899
2614,2023-08-06,35,Ontario,0.072,1351.0,0.09,0.886,0.9692
2615,2023-08-06,2247,North Bay Parry Sound District Health Unit,0.0373,19.0,0.15,0.9556,0.963
2616,2023-08-06,2236,Halton Regional Health Unit,0.0847,34.0,0.05,0.7615,0.8828
2617,2023-08-06,2249,Northwestern Health Unit,0.0725,10.0,0.11,0.9,0.9857
2618,2023-08-06,2258,Eastern Ontario Health Unit,0.0703,18.0,0.09,0.9457,1.0
2619,2023-08-06,2241,"Kingston, Frontenac and Lennox and Addington Health Unit",0.095,29.0,0.13,0.9608,0.9902
2620,2023-08-06,2227,Brant County Health Unit,0.0179,16.0,0.1,0.9612,0.9806
2621,2023-08-06,2244,Middlesex-London Health Unit,0.0641,51.0,0.1,0.8757,0.9746
2622,2023-08-06,2237,City of Hamilton Health Unit,0.0703,65.0,0.11,0.9553,0.9866
2623,2023-08-06,4913,Southwestern Public Health,0.0341,13.0,0.06,0.7471,0.9425
2624,2023-08-06,2261,Sudbury and District Health Unit,0.1049,41.0,0.21,0.9821,0.9892
2625,2023-08-06,2257,Renfrew County and District Health Unit,0.0612,7.0,0.06,0.8113,0.9623
2626,2023-08-05,2236,Halton Regional Health Unit,0.0948,33.0,0.05,0.7414,0.8491
2627,2023-08-05,4913,Southwestern Public Health,0.0333,13.0,0.06,0.6931,0.9604
2628,2023-08-05,2256,Porcupine Health Unit,0.0806,9.0,0.11,0.8793,0.9483
2629,2023-08-05,2268,Windsor-Essex County Health Unit,0.1558,22.0,0.05,0.8477,0.9669
2630,2023-08-05,2262,Thunder Bay District Health Unit,0.1438,22.0,0.15,0.8658,0.9732
2631,2023-08-05,2253,Peel Regional Health Unit,0.0644,133.0,0.08,0.94,0.9771
2632,2023-08-05,2257,Renfrew County and District Health Unit,0.1,7.0,0.07,0.8039,0.9608
2633,2023-08-05,2243,"Leeds, Grenville and Lanark District Health Unit",0.1067,11.0,0.06,0.8767,0.9452
2634,2023-08-05,2233,Grey Bruce Health Unit,0.0084,17.0,0.1,0.5917,0.925
2635,2023-08-05,2237,City of Hamilton Health Unit,0.0618,62.0,0.11,0.9577,0.9859
2636,2023-08-05,2263,Timiskaming Health Unit,0.05,3.0,0.09,0.85,1.0
2637,2023-08-05,2241,"Kingston, Frontenac and Lennox and Addington Health Unit",0.0817,30.0,0.14,0.9497,0.9899
2638,2023-08-05,2227,Brant County Health Unit,0.0194,15.0,0.09,0.9495,0.9798
2639,2023-08-05,2240,Chatham-Kent Health Unit,0.0,5.0,0.05,0.9211,0.9474
2640,2023-08-05,2258,Eastern Ontario Health Unit,0.0625,18.0,0.09,0.9453,1.0
2641,2023-08-05,2242,Lambton Health Unit,0.0323,4.0,0.03,0.8333,0.9667
2642,2023-08-05,5183,Huron Perth Health Unit,0.0417,10.0,0.07,0.5135,0.9189
2643,2023-08-05,2255,Peterborough County-City Health Unit,0.0328,17.0,0.12,0.9435,0.9919
2644,2023-08-05,2230,Durham Regional Health Unit,0.1224,42.0,0.06,0.7965,0.9684
2645,2023-08-05,2249,Northwestern Health Unit,0.0556,10.0,0.12,0.9,0.9857
2646,2023-08-05,2244,Middlesex-London Health Unit,0.0655,50.0,0.1,0.8789,0.9662
2647,2023-08-05,2265,Waterloo Health Unit,0.0878,37.0,0.06,0.7143,0.9008
2648,2023-08-05,2261,Sudbury and District Health Unit,0.0942,39.0,0.2,0.982,0.9892
2649,2023-08-05,2246,Niagara Regional Area Health Unit,0.0767,52.0,0.11,0.8443,0.9631
2650,2023-08-05,2260,Simcoe Muskoka District Health Unit,0.0455,38.0,0.06,0.875,0.9758
2651,2023-08-05,35,Ontario,0.0704,1340.0,0.09,0.8875,0.9689
2652,2023-08-05,2238,Hastings and Prince Edward Counties Health Unit,0.027,11.0,0.06,0.75,0.9706
2653,2023-08-05,2226,District of Algoma Health Unit,0.0795,13.0,0.11,0.9318,0.9432
2654,2023-08-05,2251,City of Ottawa Health Unit,0.109,67.0,0.06,0.9181,0.9763
2655,2023-08-05,2235,"Haliburton, Kawartha, Pine Ridge District Health Unit",0.0412,28.0,0.15,0.9418,0.9894
2656,2023-08-05,2266,Wellington-Dufferin-Guelph Health Unit,0.0208,21.0,0.07,0.7748,0.9205
2657,2023-08-05,2270,York Regional Health Unit,0.0809,117.0,0.1,0.9059,0.9631
2658,2023-08-05,2247,North Bay Parry Sound District Health Unit,0.0286,20.0,0.15,0.9568,0.964
2659,2023-08-05,3895,City of Toronto Health Unit,0.0591,326.0,0.1,0.9138,0.9823
2660,2023-08-05,2234,Haldimand-Norfolk Health Unit,0.0172,8.0,0.07,0.8,1.0
2661,2023-08-04,2260,Simcoe Muskoka District Health Unit,0.0512,36.0,0.06,0.8902,0.9756
2662,2023-08-04,2249,Northwestern Health Unit,0.058,10.0,0.11,0.8986,0.9855
2663,2023-08-04,5183,Huron Perth Health Unit,0.0417,10.0,0.07,0.527,0.9324
2664,2023-08-04,35,Ontario,0.0701,1331.0,0.09,0.8927,0.9714
2665,2023-08-04,2268,Windsor-Essex County Health Unit,0.1745,21.0,0.05,0.8258,0.9677
2666,2023-08-04,2236,Halton Regional Health Unit,0.0773,33.0,0.05,0.7399,0.8475
2667,2023-08-04,2226,District of Algoma Health Unit,0.0581,12.0,0.11,0.9524,0.9643
2668,2023-08-04,3895,City of Toronto Health Unit,0.0627,326.0,0.1,0.9224,0.9834
2669,2023-08-04,2240,Chatham-Kent Health Unit,0.0,6.0,0.05,0.9048,0.9524
2670,2023-08-04,2251,City of Ottawa Health Unit,0.1043,70.0,0.07,0.929,0.9791
2671,2023-08-04,2233,Grey Bruce Health Unit,0.0163,18.0,0.1,0.6316,0.9386
2672,2023-08-04,2257,Renfrew County and District Health Unit,0.0816,7.0,0.06,0.7963,0.963
2673,2023-08-04,2230,Durham Regional Health Unit,0.1182,42.0,0.06,0.8078,0.9751
2674,2023-08-04,2227,Brant County Health Unit,0.01,14.0,0.09,0.94,0.98
2675,2023-08-04,2234,Haldimand-Norfolk Health Unit,0.0364,8.0,0.07,0.7872,1.0
2676,2023-08-04,4913,Southwestern Public Health,0.0345,12.0,0.06,0.6452,0.957
2677,2023-08-04,2246,Niagara Regional Area Health Unit,0.0733,55.0,0.12,0.8179,0.9582
2678,2023-08-04,2253,Peel Regional Health Unit,0.0557,131.0,0.08,0.9452,0.977
2679,2023-08-04,2242,Lambton Health Unit,0.0345,4.0,0.03,0.7838,0.973
2680,2023-08-04,2247,North Bay Parry Sound District Health Unit,0.0292,20.0,0.15,0.9559,0.9632
2681,2023-08-04,2243,"Leeds, Grenville and Lanark District Health Unit",0.1127,10.0,0.06,0.8971,0.9559
2682,2023-08-04,2241,"Kingston, Frontenac and Lennox and Addington Health Unit",0.0746,29.0,0.13,0.9602,0.9851
2683,2023-08-04,2262,Thunder Bay District Health Unit,0.1622,21.0,0.14,0.9259,0.9704
2684,2023-08-04,2244,Middlesex-London Health Unit,0.0676,51.0,0.1,0.8431,0.9748
2685,2023-08-04,2238,Hastings and Prince Edward Counties Health Unit,0.0,10.0,0.06,0.7714,0.9714
2686,2023-08-04,2258,Eastern Ontario Health Unit,0.0815,19.0,0.09,0.9535,1.0
2687,2023-08-04,2270,York Regional Health Unit,0.0871,112.0,0.09,0.9113,0.9622
2688,2023-08-04,2265,Waterloo Health Unit,0.0885,37.0,0.06,0.7549,0.9209
2689,2023-08-04,2235,"Haliburton, Kawartha, Pine Ridge District Health Unit",0.0412,28.0,0.15,0.9375,0.9896
2690,2023-08-04,2237,City of Hamilton Health Unit,0.057,60.0,0.1,0.9655,0.9901
2691,2023-08-04,2255,Peterborough County-City Health Unit,0.0323,18.0,0.12,0.9322,0.9915
2692,2023-08-04,2261,Sudbury and District Health Unit,0.0906,39.0,0.2,0.9856,0.9928
2693,2023-08-04,2256,Porcupine Health Unit,0.0678,8.0,0.1,0.875,0.9464
2694,2023-08-04,2263,Timiskaming Health Unit,0.05,3.0,0.09,0.8889,1.0
2695,2023-08-04,2266,Wellington-Dufferin-Guelph Health Unit,0.0197,22.0,0.07,0.8026,0.9539
2696,2023-08-03,2233,Grey Bruce Health Unit,0.0325,18.0,0.1,0.595,0.9421
2697,2023-08-03,2236,Halton Regional Health Unit,0.0925,32.0,0.05,0.673,0.8251
2698,2023-08-03,2234,Haldimand-Norfolk Health Unit,0.0455,6.0,0.06,0.8049,1.0
2699,2023-08-03,2243,"Leeds, Grenville and Lanark District Health Unit",0.1014,10.0,0.06,0.9014,0.9437
2700,2023-08-03,2242,Lambton Health Unit,0.0286,5.0,0.04,0.8049,0.9756
2701,2023-08-03,2266,Wellington-Dufferin-Guelph Health Unit,0.0181,24.0,0.08,0.7931,0.954
2702,2023-08-03,2246,Niagara Regional Area Health Unit,0.0674,49.0,0.1,0.8108,0.952
2703,2023-08-03,2257,Renfrew County and District Health Unit,0.0784,7.0,0.07,0.8302,0.9623
2704,2023-08-03,2237,City of Hamilton Health Unit,0.0439,59.0,0.1,0.9306,0.9699
2705,2023-08-03,2260,Simcoe Muskoka District Health Unit,0.056,38.0,0.06,0.8935,0.962
2706,2023-08-03,2253,Peel Regional Health Unit,0.0509,138.0,0.09,0.9413,0.9746
2707,2023-08-03,2235,"Haliburton, Kawartha, Pine Ridge District Health Unit",0.0361,28.0,0.15,0.9543,0.9898
2708,2023-08-03,2226,District of Algoma Health Unit,0.0645,13.0,0.12,0.9167,0.9375
2709,2023-08-03,2258,Eastern Ontario Health Unit,0.1094,18.0,0.09,0.9531,1.0
2710,2023-08-03,2255,Peterborough County-City Health Unit,0.0248,17.0,0.12,0.9508,1.0
2711,2023-08-03,2230,Durham Regional Health Unit,0.0983,42.0,0.06,0.7857,0.974
2712,2023-08-03,2238,Hastings and Prince Edward Counties Health Unit,0.0,11.0,0.06,0.9091,0.9848
2713,2023-08-03,5183,Huron Perth Health Unit,0.0395,11.0,0.08,0.5333,0.96
2714,2023-08-03,3895,City of Toronto Health Unit,0.0651,322.0,0.1,0.9255,0.9818
2715,2023-08-03,4913,Southwestern Public Health,0.0323,13.0,0.06,0.6327,0.949
2716,2023-08-03,2261,Sudbury and District Health Unit,0.0556,41.0,0.21,0.9797,0.9831
2717,2023-08-03,2262,Thunder Bay District Health Unit,0.1409,21.0,0.14,0.9556,0.9704
2718,2023-08-03,2247,North Bay Parry Sound District Health Unit,0.0213,20.0,0.16,0.951,0.972
2719,2023-08-03,2249,Northwestern Health Unit,0.0714,10.0,0.11,0.8788,0.9848
2720,2023-08-03,2265,Waterloo Health Unit,0.0827,38.0,0.07,0.7046,0.9217
2721,2023-08-03,35,Ontario,0.0667,1330.0,0.09,0.8849,0.9674
2722,2023-08-03,2244,Middlesex-London Health Unit,0.0819,49.0,0.1,0.8226,0.9731
2723,2023-08-03,2256,Porcupine Health Unit,0.069,8.0,0.1,0.8302,0.9245
2724,2023-08-03,2270,York Regional Health Unit,0.0765,108.0,0.09,0.9126,0.9713
2725,2023-08-03,2227,Brant County Health Unit,0.0097,15.0,0.09,0.9109,0.9703
2726,2023-08-03,2268,Windsor-Essex County Health Unit,0.183,22.0,0.05,0.8365,0.9748
2727,2023-08-03,2251,City of Ottawa Health Unit,0.0899,67.0,0.06,0.9242,0.9768
2728,2023-08-03,2240,Chatham-Kent Health Unit,0.025,6.0,0.05,0.7551,0.9184
2729,2023-08-03,2241,"Kingston, Frontenac and Lennox and Addington Health Unit",0.0865,30.0,0.14,0.9668,0.9858
2730,2023-08-03,2263,Timiskaming Health Unit,0.0556,3.0,0.08,0.8235,0.8824
2731,2023-08-02,2255,Peterborough County-City Health Unit,0.0163,18.0,0.12,0.9583,0.9917
2732,2023-08-02,2226,District of Algoma Health Unit,0.0918,14.0,0.12,0.9184,0.9388
2733,2023-08-02,2244,Middlesex-London Health Unit,0.084,51.0,0.1,0.8136,0.9685
2734,2023-08-02,2265,Waterloo Health Unit,0.0906,38.0,0.06,0.6831,0.912
2735,2023-08-02,2241,"Kingston, Frontenac and Lennox and Addington Health Unit",0.0884,31.0,0.14,0.9624,0.9859
2736,2023-08-02,2260,Simcoe Muskoka District Health Unit,0.0421,37.0,0.06,0.9073,0.9597
2737,2023-08-02,2236,Halton Regional Health Unit,0.087,33.0,0.05,0.678,0.822
2738,2023-08-02,5183,Huron Perth Health Unit,0.039,11.0,0.08,0.6104,0.9481
2739,2023-08-02,2240,Chatham-Kent Health Unit,0.0488,6.0,0.06,0.7736,0.9245
2740,2023-08-02,2235,"Haliburton, Kawartha, Pine Ridge District Health Unit",0.0345,29.0,0.15,0.9502,0.99
2741,2023-08-02,2234,Haldimand-Norfolk Health Unit,0.0698,6.0,0.05,0.7273,0.9773
2742,2023-08-02,2263,Timiskaming Health Unit,0.0625,2.0,0.07,0.7368,0.8947
2743,2023-08-02,2256,Porcupine Health Unit,0.0638,7.0,0.08,0.7917,0.875
2744,2023-08-02,2257,Renfrew County and District Health Unit,0.05,9.0,0.08,0.8103,0.9655
2745,2023-08-02,2230,Durham Regional Health Unit,0.0687,42.0,0.06,0.7966,0.9793
2746,2023-08-02,2266,Wellington-Dufferin-Guelph Health Unit,0.0234,24.0,0.08,0.8045,0.9553
2747,2023-08-02,2246,Niagara Regional Area Health Unit,0.0663,47.0,0.1,0.8118,0.9382
2748,2023-08-02,2243,"Leeds, Grenville and Lanark District Health Unit",0.0789,11.0,0.06,0.9315,0.9726
2749,2023-08-02,2261,Sudbury and District Health Unit,0.0436,43.0,0.21,0.9836,0.9868
2750,2023-08-02,2242,Lambton Health Unit,0.0244,6.0,0.04,0.7234,0.9362
2751,2023-08-02,2268,Windsor-Essex County Health Unit,0.2105,24.0,0.06,0.8418,0.9718
2752,2023-08-02,2249,Northwestern Health Unit,0.0758,9.0,0.11,0.9839,1.0
2753,2023-08-02,2247,North Bay Parry Sound District Health Unit,0.0147,19.0,0.15,0.9489,0.9854
2754,2023-08-02,4913,Southwestern Public Health,0.0729,14.0,0.06,0.6168,0.9439
2755,2023-08-02,2251,City of Ottawa Health Unit,0.0977,69.0,0.07,0.9247,0.9812
2756,2023-08-02,2253,Peel Regional Health Unit,0.0465,148.0,0.09,0.9422,0.9754
2757,2023-08-02,3895,City of Toronto Health Unit,0.0705,322.0,0.1,0.9139,0.9783
2758,2023-08-02,2258,Eastern Ontario Health Unit,0.119,18.0,0.09,0.9407,1.0
2759,2023-08-02,2270,York Regional Health Unit,0.0853,111.0,0.09,0.9059,0.9752
2760,2023-08-02,2262,Thunder Bay District Health Unit,0.08,21.0,0.14,0.9645,0.9858
2761,2023-08-02,2238,Hastings and Prince Edward Counties Health Unit,0.0,13.0,0.08,0.9231,0.9872
2762,2023-08-02,2233,Grey Bruce Health Unit,0.0328,17.0,0.1,0.6504,0.9431
2763,2023-08-02,2227,Brant County Health Unit,0.0204,14.0,0.09,0.9,0.96
2764,2023-08-02,35,Ontario,0.0675,1351.0,0.09,0.8827,0.9661
2765,2023-08-02,2237,City of Hamilton Health Unit,0.0435,59.0,0.1,0.9256,0.9651
2766,2023-08-01,4913,Southwestern Public Health,0.0865,15.0,0.07,0.6182,0.9636
2767,2023-08-01,2235,"Haliburton, Kawartha, Pine Ridge District Health Unit",0.0317,27.0,0.14,0.9128,0.9487
2768,2023-08-01,2244,Middlesex-London Health Unit,0.0904,54.0,0.11,0.7938,0.9588
2769,2023-08-01,2241,"Kingston, Frontenac and Lennox and Addington Health Unit",0.098,29.0,0.14,0.9614,0.9855
2770,2023-08-01,2266,Wellington-Dufferin-Guelph Health Unit,0.0225,25.0,0.08,0.8146,0.9438
2771,2023-08-01,2268,Windsor-Essex County Health Unit,0.2339,24.0,0.06,0.8742,0.9748
2772,2023-08-01,2253,Peel Regional Health Unit,0.0526,147.0,0.09,0.9495,0.9796
2773,2023-08-01,2243,"Leeds, Grenville and Lanark District Health Unit",0.0411,10.0,0.06,0.9221,0.961
2774,2023-08-01,2226,District of Algoma Health Unit,0.1224,14.0,0.12,0.92,0.93
2775,2023-08-01,2240,Chatham-Kent Health Unit,0.0625,7.0,0.06,0.8,0.96
2776,2023-08-01,2258,Eastern Ontario Health Unit,0.1407,19.0,0.09,0.9416,1.0
2777,2023-08-01,2236,Halton Regional Health Unit,0.0875,38.0,0.06,0.7121,0.8366
2778,2023-08-01,2246,Niagara Regional Area Health Unit,0.0651,48.0,0.1,0.8118,0.9382
2779,2023-08-01,2233,Grey Bruce Health Unit,0.0355,20.0,0.12,0.6934,0.9416
2780,2023-08-01,2261,Sudbury and District Health Unit,0.0339,42.0,0.21,0.9805,0.9837
2781,2023-08-01,2260,Simcoe Muskoka District Health Unit,0.0383,37.0,0.06,0.8996,0.9575
2782,2023-08-01,2265,Waterloo Health Unit,0.1037,39.0,0.07,0.6525,0.9148
2783,2023-08-01,2256,Porcupine Health Unit,0.0638,7.0,0.08,0.8261,0.913
2784,2023-08-01,2257,Renfrew County and District Health Unit,0.0877,8.0,0.07,0.7667,0.9667
2785,2023-08-01,2242,Lambton Health Unit,0.0238,6.0,0.05,0.7333,0.9333
2786,2023-08-01,2255,Peterborough County-City Health Unit,0.0,16.0,0.11,0.9636,0.9909
2787,2023-08-01,2234,Haldimand-Norfolk Health Unit,0.0714,6.0,0.05,0.6957,0.9783
2788,2023-08-01,2247,North Bay Parry Sound District Health Unit,0.0288,20.0,0.15,0.9493,0.9855
2789,2023-08-01,2237,City of Hamilton Health Unit,0.0504,60.0,0.1,0.9281,0.9652
2790,2023-08-01,2227,Brant County Health Unit,0.0309,14.0,0.09,0.8868,0.9623
2791,2023-08-01,2230,Durham Regional Health Unit,0.0653,42.0,0.06,0.7322,0.9559
2792,2023-08-01,3895,City of Toronto Health Unit,0.072,318.0,0.1,0.904,0.9766
2793,2023-08-01,2263,Timiskaming Health Unit,0.0667,2.0,0.07,0.7368,0.8947
2794,2023-08-01,2262,Thunder Bay District Health Unit,0.0699,20.0,0.14,0.979,0.993
2795,2023-08-01,35,Ontario,0.0707,1351.0,0.09,0.8763,0.9642
2796,2023-08-01,5183,Huron Perth Health Unit,0.0625,11.0,0.08,0.5714,0.9481
2797,2023-08-01,2251,City of Ottawa Health Unit,0.0989,68.0,0.06,0.9214,0.9809
2798,2023-08-01,2270,York Regional Health Unit,0.0831,108.0,0.09,0.8971,0.9693
2799,2023-08-01,2238,Hastings and Prince Edward Counties Health Unit,0.025,11.0,0.07,0.9333,0.9867
2800,2023-08-01,2249,Northwestern Health Unit,0.0563,10.0,0.12,0.9844,1.0
2801,2023-07-31,2240,Chatham-Kent Health Unit,0.0755,8.0,0.07,0.8039,0.9608
2802,2023-07-31,2261,Sudbury and District Health Unit,0.0333,43.0,0.22,0.98,0.98
2803,2023-07-31,2256,Porcupine Health Unit,0.098,7.0,0.09,0.8039,0.9216
2804,2023-07-31,3895,City of Toronto Health Unit,0.0725,323.0,0.1,0.909,0.9787
2805,2023-07-31,2234,Haldimand-Norfolk Health Unit,0.0909,6.0,0.06,0.6667,0.9762
2806,2023-07-31,2268,Windsor-Essex County Health Unit,0.239,23.0,0.05,0.8387,0.9355
2807,2023-07-31,2233,Grey Bruce Health Unit,0.05,20.0,0.12,0.7185,0.9556
2808,2023-07-31,2258,Eastern Ontario Health Unit,0.1667,20.0,0.09,0.9348,1.0
2809,2023-07-31,2226,District of Algoma Health Unit,0.1359,15.0,0.13,0.9417,0.9612
2810,2023-07-31,2235,"Haliburton, Kawartha, Pine Ridge District Health Unit",0.0267,27.0,0.14,0.9185,0.9565
2811,2023-07-31,2242,Lambton Health Unit,0.0455,6.0,0.05,0.7143,0.9388
2812,2023-07-31,2247,North Bay Parry Sound District Health Unit,0.021,20.0,0.16,0.9577,0.993
2813,2023-07-31,2244,Middlesex-London Health Unit,0.095,54.0,0.11,0.7969,0.9563
2814,2023-07-31,2243,"Leeds, Grenville and Lanark District Health Unit",0.05,11.0,0.07,0.9221,0.9481
2815,2023-07-31,35,Ontario,0.0738,1354.0,0.09,0.8796,0.9662
2816,2023-07-31,2236,Halton Regional Health Unit,0.0884,36.0,0.06,0.7347,0.8612
2817,2023-07-31,2249,Northwestern Health Unit,0.0492,9.0,0.1,0.9667,0.9833
2818,2023-07-31,2260,Simcoe Muskoka District Health Unit,0.0307,37.0,0.06,0.8933,0.9565
2819,2023-07-31,4913,Southwestern Public Health,0.0991,16.0,0.07,0.5701,0.9252
2820,2023-07-31,2265,Waterloo Health Unit,0.1607,44.0,0.07,0.6911,0.9266
2821,2023-07-31,2270,York Regional Health Unit,0.0831,105.0,0.09,0.8931,0.9722
2822,2023-07-31,5183,Huron Perth Health Unit,0.0725,10.0,0.07,0.5676,0.9189
2823,2023-07-31,2241,"Kingston, Frontenac and Lennox and Addington Health Unit",0.1182,29.0,0.14,0.9351,0.9784
2824,2023-07-31,2246,Niagara Regional Area Health Unit,0.0559,49.0,0.1,0.8071,0.9484
2825,2023-07-31,2266,Wellington-Dufferin-Guelph Health Unit,0.0333,26.0,0.08,0.8453,0.9558
2826,2023-07-31,2237,City of Hamilton Health Unit,0.0519,61.0,0.1,0.9209,0.9628
2827,2023-07-31,2230,Durham Regional Health Unit,0.0532,40.0,0.06,0.7591,0.9571
2828,2023-07-31,2263,Timiskaming Health Unit,0.1176,2.0,0.07,0.6875,0.875
2829,2023-07-31,2227,Brant County Health Unit,0.0192,15.0,0.1,0.8981,0.9722
2830,2023-07-31,2262,Thunder Bay District Health Unit,0.0884,21.0,0.14,0.9662,0.9932
2831,2023-07-31,2257,Renfrew County and District Health Unit,0.0862,8.0,0.08,0.8065,0.9677
2832,2023-07-31,2255,Peterborough County-City Health Unit,0.0097,15.0,0.1,0.9615,0.9904
2833,2023-07-31,2251,City of Ottawa Health Unit,0.0943,68.0,0.06,0.9351,0.9848
2834,2023-07-31,2253,Peel Regional Health Unit,0.0538,143.0,0.09,0.9559,0.9829
2835,2023-07-31,2238,Hastings and Prince Edward Counties Health Unit,0.027,11.0,0.06,0.92,0.9867
2836,2023-07-30,2243,"Leeds, Grenville and Lanark District Health Unit",0.0533,11.0,0.06,0.9125,0.95
2837,2023-07-30,2255,Peterborough County-City Health Unit,0.0177,16.0,0.11,0.9649,0.9912
2838,2023-07-30,2261,Sudbury and District Health Unit,0.0284,45.0,0.23,0.975,0.9813
2839,2023-07-30,3895,City of Toronto Health Unit,0.0714,330.0,0.11,0.9119,0.9782
2840,2023-07-30,2227,Brant County Health Unit,0.0177,16.0,0.1,0.887,0.9652
2841,2023-07-30,2251,City of Ottawa Health Unit,0.0868,69.0,0.07,0.9504,0.9871
2842,2023-07-30,2237,City of Hamilton Health Unit,0.0613,61.0,0.1,0.9229,0.965
2843,2023-07-30,2246,Niagara Regional Area Health Unit,0.0548,52.0,0.11,0.8237,0.9559
2844,2023-07-30,2235,"Haliburton, Kawartha, Pine Ridge District Health Unit",0.0282,25.0,0.13,0.9235,0.9508
2845,2023-07-30,2265,Waterloo Health Unit,0.1733,47.0,0.08,0.645,0.8808
2846,2023-07-30,2253,Peel Regional Health Unit,0.0513,142.0,0.09,0.9544,0.9792
2847,2023-07-30,4913,Southwestern Public Health,0.1019,15.0,0.07,0.5741,0.9352
2848,2023-07-30,2241,"Kingston, Frontenac and Lennox and Addington Health Unit",0.1809,27.0,0.13,0.9368,0.9789
2849,2023-07-30,2270,York Regional Health Unit,0.0808,104.0,0.09,0.8995,0.9796
2850,2023-07-30,2266,Wellington-Dufferin-Guelph Health Unit,0.0306,28.0,0.09,0.8557,0.9485
2851,2023-07-30,2262,Thunder Bay District Health Unit,0.1032,22.0,0.15,0.962,0.9937
2852,2023-07-30,2268,Windsor-Essex County Health Unit,0.1813,23.0,0.05,0.8286,0.9429
2853,2023-07-30,2260,Simcoe Muskoka District Health Unit,0.0307,37.0,0.06,0.8848,0.9517
2854,2023-07-30,2257,Renfrew County and District Health Unit,0.1094,9.0,0.08,0.8136,0.9661
2855,2023-07-30,2247,North Bay Parry Sound District Health Unit,0.0216,20.0,0.15,0.958,0.993
2856,2023-07-30,2244,Middlesex-London Health Unit,0.1021,55.0,0.11,0.7908,0.949
2857,2023-07-30,2242,Lambton Health Unit,0.0426,7.0,0.05,0.7143,0.9388
2858,2023-07-30,2234,Haldimand-Norfolk Health Unit,0.093,6.0,0.05,0.6875,0.9583
2859,2023-07-30,2226,District of Algoma Health Unit,0.1443,14.0,0.12,0.9355,0.957
2860,2023-07-30,2238,Hastings and Prince Edward Counties Health Unit,0.04,11.0,0.06,0.9221,0.987
2861,2023-07-30,2249,Northwestern Health Unit,0.0169,8.0,0.1,0.9649,0.9825
2862,2023-07-30,35,Ontario,0.0747,1377.0,0.09,0.8793,0.964
2863,2023-07-30,2258,Eastern Ontario Health Unit,0.1643,20.0,0.1,0.9568,1.0
2864,2023-07-30,2230,Durham Regional Health Unit,0.0452,44.0,0.06,0.7781,0.957
2865,2023-07-30,2233,Grey Bruce Health Unit,0.049,20.0,0.12,0.7305,0.9716
2866,2023-07-30,5183,Huron Perth Health Unit,0.0759,11.0,0.08,0.5556,0.9012
2867,2023-07-30,2263,Timiskaming Health Unit,0.1538,2.0,0.06,0.6429,0.8571
2868,2023-07-30,2256,Porcupine Health Unit,0.0962,7.0,0.09,0.8333,0.9444
2869,2023-07-30,2236,Halton Regional Health Unit,0.1137,36.0,0.06,0.7294,0.8588
2870,2023-07-30,2240,Chatham-Kent Health Unit,0.0769,7.0,0.07,0.7778,0.963
2871,2023-07-29,2265,Waterloo Health Unit,0.1706,49.0,0.08,0.6535,0.8873
2872,2023-07-29,2237,City of Hamilton Health Unit,0.0651,61.0,0.1,0.9241,0.9655
2873,2023-07-29,2257,Renfrew County and District Health Unit,0.0833,9.0,0.08,0.8276,0.9828
2874,2023-07-29,4913,Southwestern Public Health,0.1346,15.0,0.07,0.5536,0.9375
2875,2023-07-29,2258,Eastern Ontario Health Unit,0.1631,20.0,0.1,0.9562,1.0
2876,2023-07-29,2270,York Regional Health Unit,0.0801,103.0,0.08,0.886,0.9833
2877,2023-07-29,2233,Grey Bruce Health Unit,0.0479,21.0,0.12,0.7343,0.979
2878,2023-07-29,3895,City of Toronto Health Unit,0.0704,333.0,0.11,0.9044,0.9778
2879,2023-07-29,2226,District of Algoma Health Unit,0.1458,14.0,0.12,0.9362,0.9574
2880,2023-07-29,2230,Durham Regional Health Unit,0.0464,43.0,0.06,0.8041,0.9696
2881,2023-07-29,2241,"Kingston, Frontenac and Lennox and Addington Health Unit",0.2105,27.0,0.13,0.9495,0.9848
2882,2023-07-29,2253,Peel Regional Health Unit,0.0543,147.0,0.09,0.9596,0.9823
2883,2023-07-29,2240,Chatham-Kent Health Unit,0.0926,8.0,0.07,0.7692,0.9615
2884,2023-07-29,2246,Niagara Regional Area Health Unit,0.0561,53.0,0.11,0.8064,0.9566
2885,2023-07-29,2249,Northwestern Health Unit,0.0175,8.0,0.09,0.9655,0.9828
2886,2023-07-29,2247,North Bay Parry Sound District Health Unit,0.0214,20.0,0.15,0.9571,0.9929
2887,2023-07-29,2227,Brant County Health Unit,0.0163,18.0,0.11,0.9098,0.9754
2888,2023-07-29,2263,Timiskaming Health Unit,0.0714,2.0,0.06,0.6667,0.8667
2889,2023-07-29,2262,Thunder Bay District Health Unit,0.0875,23.0,0.15,0.9625,0.9938
2890,2023-07-29,2260,Simcoe Muskoka District Health Unit,0.0307,37.0,0.06,0.8856,0.9557
2891,2023-07-29,2255,Peterborough County-City Health Unit,0.0275,16.0,0.11,0.9478,0.9913
2892,2023-07-29,2266,Wellington-Dufferin-Guelph Health Unit,0.0296,29.0,0.09,0.8808,0.9534
2893,2023-07-29,2244,Middlesex-London Health Unit,0.0959,55.0,0.11,0.8005,0.9565
2894,2023-07-29,2256,Porcupine Health Unit,0.0926,8.0,0.09,0.8333,0.9444
2895,2023-07-29,2243,"Leeds, Grenville and Lanark District Health Unit",0.0385,11.0,0.06,0.9157,0.9518
2896,2023-07-29,2236,Halton Regional Health Unit,0.1203,38.0,0.06,0.7704,0.8949
2897,2023-07-29,2235,"Haliburton, Kawartha, Pine Ridge District Health Unit",0.0163,26.0,0.14,0.9271,0.9531
2898,2023-07-29,2238,Hastings and Prince Edward Counties Health Unit,0.0375,11.0,0.07,0.9367,0.9873
2899,2023-07-29,2251,City of Ottawa Health Unit,0.0792,69.0,0.07,0.9436,0.987
2900,2023-07-29,5183,Huron Perth Health Unit,0.0779,11.0,0.08,0.5814,0.8953
2901,2023-07-29,2234,Haldimand-Norfolk Health Unit,0.1042,7.0,0.06,0.6735,0.9592
2902,2023-07-29,2268,Windsor-Essex County Health Unit,0.1656,23.0,0.05,0.8324,0.9441
2903,2023-07-29,2242,Lambton Health Unit,0.0417,7.0,0.05,0.6667,0.9375
2904,2023-07-29,2261,Sudbury and District Health Unit,0.0279,46.0,0.23,0.9749,0.9812
2905,2023-07-29,35,Ontario,0.0748,1397.0,0.09,0.88,0.9672
2906,2023-07-28,2268,Windsor-Essex County Health Unit,0.1676,26.0,0.06,0.8478,0.9457
2907,2023-07-28,2241,"Kingston, Frontenac and Lennox and Addington Health Unit",0.2199,27.0,0.13,0.9514,0.9892
2908,2023-07-28,2233,Grey Bruce Health Unit,0.0476,21.0,0.12,0.7394,0.9789
2909,2023-07-28,4913,Southwestern Public Health,0.1481,15.0,0.07,0.5417,0.9417
2910,2023-07-28,2235,"Haliburton, Kawartha, Pine Ridge District Health Unit",0.0105,27.0,0.14,0.936,0.9557
2911,2023-07-28,2227,Brant County Health Unit,0.0155,18.0,0.12,0.9098,0.9774
2912,2023-07-28,2226,District of Algoma Health Unit,0.1313,14.0,0.12,0.9375,0.9583
2913,2023-07-28,2258,Eastern Ontario Health Unit,0.145,19.0,0.09,0.9559,1.0
2914,2023-07-28,2247,North Bay Parry Sound District Health Unit,0.0211,20.0,0.16,0.9658,0.9932
2915,2023-07-28,2257,Renfrew County and District Health Unit,0.0833,9.0,0.08,0.8793,0.9828
2916,2023-07-28,3895,City of Toronto Health Unit,0.0685,336.0,0.11,0.8936,0.9767
2917,2023-07-28,5183,Huron Perth Health Unit,0.0698,12.0,0.09,0.5862,0.8966
2918,2023-07-28,2266,Wellington-Dufferin-Guelph Health Unit,0.0306,28.0,0.09,0.8776,0.9541
2919,2023-07-28,2263,Timiskaming Health Unit,0.0714,2.0,0.06,0.6667,0.8667
2920,2023-07-28,2251,City of Ottawa Health Unit,0.0844,64.0,0.06,0.9379,0.9867
2921,2023-07-28,2240,Chatham-Kent Health Unit,0.0943,8.0,0.07,0.76,0.96
2922,2023-07-28,2262,Thunder Bay District Health Unit,0.0798,23.0,0.16,0.9581,0.994
2923,2023-07-28,35,Ontario,0.0741,1405.0,0.09,0.8772,0.9663
2924,2023-07-28,2265,Waterloo Health Unit,0.1662,48.0,0.08,0.6617,0.8813
2925,2023-07-28,2253,Peel Regional Health Unit,0.0584,149.0,0.09,0.9556,0.9792
2926,2023-07-28,2249,Northwestern Health Unit,0.0175,8.0,0.09,0.9655,0.9828
2927,2023-07-28,2244,Middlesex-London Health Unit,0.1018,56.0,0.11,0.8191,0.9457
2928,2023-07-28,2242,Lambton Health Unit,0.0435,7.0,0.05,0.6842,0.9211
2929,2023-07-28,2243,"Leeds, Grenville and Lanark District Health Unit",0.0617,12.0,0.07,0.9125,0.95
2930,2023-07-28,2238,Hastings and Prince Edward Counties Health Unit,0.0349,12.0,0.07,0.9359,0.9872
2931,2023-07-28,2255,Peterborough County-City Health Unit,0.0265,16.0,0.11,0.9322,0.9661
2932,2023-07-28,2260,Simcoe Muskoka District Health Unit,0.0284,40.0,0.07,0.8785,0.9549
2933,2023-07-28,2246,Niagara Regional Area Health Unit,0.0487,50.0,0.11,0.8006,0.956
2934,2023-07-28,2261,Sudbury and District Health Unit,0.0307,47.0,0.23,0.9752,0.9814
2935,2023-07-28,2237,City of Hamilton Health Unit,0.0638,63.0,0.11,0.9161,0.966
2936,2023-07-28,2270,York Regional Health Unit,0.0713,104.0,0.08,0.883,0.985
2937,2023-07-28,2234,Haldimand-Norfolk Health Unit,0.0851,7.0,0.06,0.6964,0.9643
2938,2023-07-28,2230,Durham Regional Health Unit,0.0445,42.0,0.06,0.7988,0.9721
2939,2023-07-28,2236,Halton Regional Health Unit,0.1203,38.0,0.06,0.7582,0.8974
2940,2023-07-28,2256,Porcupine Health Unit,0.0893,8.0,0.1,0.8,0.9273
2941,2023-07-27,2241,"Kingston, Frontenac and Lennox and Addington Health Unit",0.2222,26.0,0.12,0.9333,0.9889
2942,2023-07-27,2240,Chatham-Kent Health Unit,0.1,7.0,0.07,0.8571,1.0
2943,2023-07-27,2234,Haldimand-Norfolk Health Unit,0.0702,8.0,0.07,0.746,0.9683
2944,2023-07-27,2256,Porcupine Health Unit,0.0755,8.0,0.09,0.8148,0.9259
2945,2023-07-27,2244,Middlesex-London Health Unit,0.1111,58.0,0.11,0.8237,0.9447
2946,2023-07-27,2253,Peel Regional Health Unit,0.0639,145.0,0.09,0.9586,0.9793
2947,2023-07-27,2260,Simcoe Muskoka District Health Unit,0.0247,40.0,0.07,0.8925,0.9677
2948,2023-07-27,2238,Hastings and Prince Edward Counties Health Unit,0.039,11.0,0.07,0.9067,0.9733
2949,2023-07-27,2266,Wellington-Dufferin-Guelph Health Unit,0.0263,27.0,0.09,0.8846,0.956
2950,2023-07-27,2242,Lambton Health Unit,0.0233,6.0,0.05,0.675,0.925
2951,2023-07-27,2246,Niagara Regional Area Health Unit,0.0446,48.0,0.1,0.7982,0.9608
2952,2023-07-27,2262,Thunder Bay District Health Unit,0.0909,22.0,0.15,0.9448,0.9939
2953,2023-07-27,2255,Peterborough County-City Health Unit,0.0242,18.0,0.12,0.928,0.968
2954,2023-07-27,2230,Durham Regional Health Unit,0.0381,45.0,0.06,0.8262,0.9738
2955,2023-07-27,2268,Windsor-Essex County Health Unit,0.1793,26.0,0.06,0.8391,0.9368
2956,2023-07-27,2257,Renfrew County and District Health Unit,0.1333,9.0,0.08,0.8868,1.0
2957,2023-07-27,2270,York Regional Health Unit,0.0742,106.0,0.09,0.8972,0.9845
2958,2023-07-27,35,Ontario,0.0747,1416.0,0.1,0.89,0.9716
2959,2023-07-27,2249,Northwestern Health Unit,0.0137,10.0,0.12,0.9863,0.9863
2960,2023-07-27,2233,Grey Bruce Health Unit,0.0347,21.0,0.12,0.7574,0.9632
2961,2023-07-27,2247,North Bay Parry Sound District Health Unit,0.0214,20.0,0.15,0.9857,1.0
2962,2023-07-27,2226,District of Algoma Health Unit,0.1319,13.0,0.11,0.9639,0.988
2963,2023-07-27,2237,City of Hamilton Health Unit,0.0759,62.0,0.1,0.9567,0.9856
2964,2023-07-27,3895,City of Toronto Health Unit,0.0683,339.0,0.11,0.902,0.9805
2965,2023-07-27,2236,Halton Regional Health Unit,0.1183,40.0,0.06,0.8312,0.9494
2966,2023-07-27,2227,Brant County Health Unit,0.0152,19.0,0.12,0.9191,0.9706
2967,2023-07-27,2251,City of Ottawa Health Unit,0.0766,67.0,0.06,0.9364,0.9915
2968,2023-07-27,2235,"Haliburton, Kawartha, Pine Ridge District Health Unit",0.0152,28.0,0.15,0.9343,0.9545
2969,2023-07-27,2265,Waterloo Health Unit,0.1587,48.0,0.08,0.7003,0.8762
2970,2023-07-27,5183,Huron Perth Health Unit,0.0698,12.0,0.09,0.6279,0.8837
2971,2023-07-27,2261,Sudbury and District Health Unit,0.0248,46.0,0.23,0.9842,0.9905
2972,2023-07-27,2243,"Leeds, Grenville and Lanark District Health Unit",0.0575,12.0,0.07,0.9222,0.9667
2973,2023-07-27,2258,Eastern Ontario Health Unit,0.1269,19.0,0.09,0.95,1.0
2974,2023-07-27,2263,Timiskaming Health Unit,0.0588,2.0,0.07,0.7692,1.0
2975,2023-07-27,4913,Southwestern Public Health,0.1652,16.0,0.08,0.6447,0.9539
2976,2023-07-26,2249,Northwestern Health Unit,0.0465,12.0,0.14,0.9326,0.9326
2977,2023-07-26,35,Ontario,0.0733,1401.0,0.09,0.898,0.9741
2978,2023-07-26,2247,North Bay Parry Sound District Health Unit,0.0329,22.0,0.17,1.0,1.0
2979,2023-07-26,2246,Niagara Regional Area Health Unit,0.0431,46.0,0.1,0.7988,0.9704
2980,2023-07-26,2257,Renfrew County and District Health Unit,0.1607,8.0,0.07,0.9245,1.0
2981,2023-07-26,2242,Lambton Health Unit,0.025,6.0,0.04,0.7576,0.9697
2982,2023-07-26,2234,Haldimand-Norfolk Health Unit,0.0769,9.0,0.08,0.7969,0.9844
2983,2023-07-26,2233,Grey Bruce Health Unit,0.0362,20.0,0.12,0.7634,0.9695
2984,2023-07-26,2236,Halton Regional Health Unit,0.1161,38.0,0.06,0.8529,0.9706
2985,2023-07-26,2256,Porcupine Health Unit,0.0893,8.0,0.1,0.8491,0.9434
2986,2023-07-26,2258,Eastern Ontario Health Unit,0.1231,19.0,0.09,0.9609,1.0
2987,2023-07-26,2237,City of Hamilton Health Unit,0.0773,63.0,0.11,0.9537,0.9861
2988,2023-07-26,3895,City of Toronto Health Unit,0.0626,340.0,0.11,0.9153,0.9837
2989,2023-07-26,2262,Thunder Bay District Health Unit,0.1049,23.0,0.15,0.9532,0.9942
2990,2023-07-26,2244,Middlesex-London Health Unit,0.1214,55.0,0.11,0.8399,0.9501
2991,2023-07-26,2268,Windsor-Essex County Health Unit,0.1548,24.0,0.06,0.8303,0.9394
2992,2023-07-26,2265,Waterloo Health Unit,0.1446,46.0,0.08,0.7157,0.893
2993,2023-07-26,2238,Hastings and Prince Edward Counties Health Unit,0.0476,9.0,0.05,0.8824,0.9412
2994,2023-07-26,2260,Simcoe Muskoka District Health Unit,0.0325,40.0,0.07,0.9029,0.9748
2995,2023-07-26,4913,Southwestern Public Health,0.1842,22.0,0.1,0.66,0.96
2996,2023-07-26,2243,"Leeds, Grenville and Lanark District Health Unit",0.0674,13.0,0.07,0.9231,0.967
2997,2023-07-26,2270,York Regional Health Unit,0.064,100.0,0.08,0.8985,0.9824
2998,2023-07-26,2230,Durham Regional Health Unit,0.0372,46.0,0.06,0.8567,0.9688
2999,2023-07-26,2251,City of Ottawa Health Unit,0.0794,67.0,0.06,0.9449,0.9934
3000,2023-07-26,2253,Peel Regional Health Unit,0.0685,138.0,0.09,0.9633,0.9801
3001,2023-07-26,5183,Huron Perth Health Unit,0.0549,13.0,0.09,0.5679,0.9012
3002,2023-07-26,2241,"Kingston, Frontenac and Lennox and Addington Health Unit",0.2057,25.0,0.12,0.9341,0.989
3003,2023-07-26,2261,Sudbury and District Health Unit,0.0222,45.0,0.23,0.9773,0.987
3004,2023-07-26,2226,District of Algoma Health Unit,0.1136,13.0,0.11,0.9556,0.9889
3005,2023-07-26,2227,Brant County Health Unit,0.0213,20.0,0.13,0.9343,0.9781
3006,2023-07-26,2266,Wellington-Dufferin-Guelph Health Unit,0.0324,26.0,0.08,0.8908,0.9655
3007,2023-07-26,2255,Peterborough County-City Health Unit,0.0238,18.0,0.12,0.9398,0.9699
3008,2023-07-26,2263,Timiskaming Health Unit,0.0625,2.0,0.07,0.8182,1.0
3009,2023-07-26,2235,"Haliburton, Kawartha, Pine Ridge District Health Unit",0.0155,28.0,0.15,0.9388,0.9541
3010,2023-07-26,2240,Chatham-Kent Health Unit,0.0833,7.0,0.06,0.8,0.95
3011,2023-07-25,2268,Windsor-Essex County Health Unit,0.0983,25.0,0.06,0.8152,0.9402
3012,2023-07-25,2243,"Leeds, Grenville and Lanark District Health Unit",0.0714,14.0,0.08,0.9412,0.9882
3013,2023-07-25,2233,Grey Bruce Health Unit,0.0231,19.0,0.11,0.763,0.9778
3014,2023-07-25,2227,Brant County Health Unit,0.0146,20.0,0.13,0.9449,0.9764
3015,2023-07-25,2265,Waterloo Health Unit,0.1133,44.0,0.08,0.7464,0.8893
3016,2023-07-25,2226,District of Algoma Health Unit,0.0795,13.0,0.11,0.9419,0.9767
3017,2023-07-25,2235,"Haliburton, Kawartha, Pine Ridge District Health Unit",0.0104,28.0,0.15,0.9588,0.9948
3018,2023-07-25,2247,North Bay Parry Sound District Health Unit,0.0208,21.0,0.16,1.0,1.0
3019,2023-07-25,3895,City of Toronto Health Unit,0.0549,343.0,0.11,0.9164,0.9818
3020,2023-07-25,2262,Thunder Bay District Health Unit,0.1333,24.0,0.16,0.9412,0.9882
3021,2023-07-25,2260,Simcoe Muskoka District Health Unit,0.0325,40.0,0.07,0.8917,0.9747
3022,2023-07-25,2237,City of Hamilton Health Unit,0.0708,63.0,0.11,0.9424,0.9839
3023,2023-07-25,2234,Haldimand-Norfolk Health Unit,0.0781,9.0,0.08,0.8462,0.9846
3024,2023-07-25,2249,Northwestern Health Unit,0.0482,12.0,0.14,0.9333,0.9333
3025,2023-07-25,2241,"Kingston, Frontenac and Lennox and Addington Health Unit",0.1739,26.0,0.12,0.929,0.9891
3026,2023-07-25,2263,Timiskaming Health Unit,0.0769,2.0,0.06,0.6154,0.8462
3027,2023-07-25,2255,Peterborough County-City Health Unit,0.0229,19.0,0.13,0.9034,0.9724
3028,2023-07-25,2253,Peel Regional Health Unit,0.0665,138.0,0.09,0.9561,0.9775
3029,2023-07-25,5183,Huron Perth Health Unit,0.0385,11.0,0.08,0.573,0.9101
3030,2023-07-25,2238,Hastings and Prince Edward Counties Health Unit,0.0152,9.0,0.06,0.8889,0.9365
3031,2023-07-25,4913,Southwestern Public Health,0.1854,22.0,0.1,0.6333,0.9533
3032,2023-07-25,2236,Halton Regional Health Unit,0.125,37.0,0.06,0.7953,0.9252
3033,2023-07-25,2270,York Regional Health Unit,0.0611,98.0,0.08,0.9011,0.9814
3034,2023-07-25,2256,Porcupine Health Unit,0.0877,8.0,0.1,0.8727,0.9455
3035,2023-07-25,2266,Wellington-Dufferin-Guelph Health Unit,0.0468,24.0,0.08,0.892,0.9773
3036,2023-07-25,2244,Middlesex-London Health Unit,0.1088,55.0,0.11,0.8642,0.958
3037,2023-07-25,2257,Renfrew County and District Health Unit,0.1296,8.0,0.07,0.96,1.0
3038,2023-07-25,2246,Niagara Regional Area Health Unit,0.0307,47.0,0.1,0.7971,0.9768
3039,2023-07-25,2251,City of Ottawa Health Unit,0.0844,64.0,0.06,0.9403,0.9915
3040,2023-07-25,2258,Eastern Ontario Health Unit,0.0923,19.0,0.09,0.9769,1.0
3041,2023-07-25,2240,Chatham-Kent Health Unit,0.0952,6.0,0.06,0.7561,0.9268
3042,2023-07-25,2230,Durham Regional Health Unit,0.0269,48.0,0.07,0.8486,0.9914
3043,2023-07-25,35,Ontario,0.0663,1395.0,0.09,0.8954,0.9735
3044,2023-07-25,2261,Sudbury and District Health Unit,0.0189,45.0,0.23,0.9646,0.9807
3045,2023-07-25,2242,Lambton Health Unit,0.0256,6.0,0.04,0.7222,0.9444
3046,2023-07-24,2263,Timiskaming Health Unit,0.0,2.0,0.05,0.5833,0.8333
3047,2023-07-24,2242,Lambton Health Unit,0.027,5.0,0.04,0.6774,0.9355
3048,2023-07-24,2257,Renfrew County and District Health Unit,0.1321,8.0,0.07,0.9375,1.0
3049,2023-07-24,2240,Chatham-Kent Health Unit,0.0789,5.0,0.05,0.7368,0.9211
3050,2023-07-24,2237,City of Hamilton Health Unit,0.0671,62.0,0.1,0.9448,0.9808
3051,2023-07-24,2238,Hastings and Prince Edward Counties Health Unit,0.0164,9.0,0.05,0.8197,0.918
3052,2023-07-24,2255,Peterborough County-City Health Unit,0.0137,21.0,0.14,0.7811,0.8462
3053,2023-07-24,2236,Halton Regional Health Unit,0.1107,37.0,0.06,0.7968,0.9084
3054,2023-07-24,2244,Middlesex-London Health Unit,0.1168,59.0,0.12,0.8492,0.9573
3055,2023-07-24,2268,Windsor-Essex County Health Unit,0.0798,27.0,0.06,0.8404,0.9681
3056,2023-07-24,2251,City of Ottawa Health Unit,0.0794,67.0,0.06,0.9378,0.9876
3057,2023-07-24,2230,Durham Regional Health Unit,0.0262,49.0,0.07,0.7541,0.9054
3058,2023-07-24,2226,District of Algoma Health Unit,0.0375,11.0,0.1,0.92,0.96
3059,2023-07-24,2262,Thunder Bay District Health Unit,0.1361,24.0,0.16,0.9489,0.9773
3060,2023-07-24,4913,Southwestern Public Health,0.1892,21.0,0.1,0.649,0.9735
3061,2023-07-24,2247,North Bay Parry Sound District Health Unit,0.0148,19.0,0.15,0.9858,0.9858
3062,2023-07-24,2265,Waterloo Health Unit,0.049,41.0,0.07,0.6953,0.8594
3063,2023-07-24,2243,"Leeds, Grenville and Lanark District Health Unit",0.1059,12.0,0.07,0.939,1.0
3064,2023-07-24,2256,Porcupine Health Unit,0.0714,8.0,0.1,0.9231,0.9423
3065,2023-07-24,2253,Peel Regional Health Unit,0.0638,146.0,0.09,0.9564,0.9777
3066,2023-07-24,2246,Niagara Regional Area Health Unit,0.0293,49.0,0.1,0.7848,0.9758
3067,2023-07-24,5183,Huron Perth Health Unit,0.0227,13.0,0.09,0.5765,0.9176
3068,2023-07-24,2266,Wellington-Dufferin-Guelph Health Unit,0.038,26.0,0.08,0.896,0.9653
3069,2023-07-24,35,Ontario,0.0621,1417.0,0.1,0.8862,0.9648
3070,2023-07-24,2261,Sudbury and District Health Unit,0.0159,45.0,0.23,0.9686,0.9843
3071,2023-07-24,2260,Simcoe Muskoka District Health Unit,0.0478,39.0,0.06,0.8897,0.9743
3072,2023-07-24,3895,City of Toronto Health Unit,0.0559,348.0,0.11,0.9137,0.9795
3073,2023-07-24,2233,Grey Bruce Health Unit,0.0073,20.0,0.12,0.7465,0.9648
3074,2023-07-24,2241,"Kingston, Frontenac and Lennox and Addington Health Unit",0.1337,27.0,0.13,0.9451,1.0
3075,2023-07-24,2227,Brant County Health Unit,0.0156,18.0,0.12,0.9431,0.9675
3076,2023-07-24,2249,Northwestern Health Unit,0.0476,12.0,0.14,0.9432,0.9432
3077,2023-07-24,2258,Eastern Ontario Health Unit,0.0677,19.0,0.09,0.9854,1.0
3078,2023-07-24,2270,York Regional Health Unit,0.063,100.0,0.08,0.898,0.9773
3079,2023-07-24,2234,Haldimand-Norfolk Health Unit,0.0588,10.0,0.09,0.8462,0.9692
3080,2023-07-24,2235,"Haliburton, Kawartha, Pine Ridge District Health Unit",0.0104,27.0,0.15,0.8952,0.9333
3081,2023-07-23,2234,Haldimand-Norfolk Health Unit,0.0615,9.0,0.08,0.8387,0.9839
3082,2023-07-23,2226,District of Algoma Health Unit,0.025,11.0,0.1,0.9176,0.9529
3083,2023-07-23,2263,Timiskaming Health Unit,0.0,2.0,0.05,0.5833,0.8333
3084,2023-07-23,2260,Simcoe Muskoka District Health Unit,0.0597,38.0,0.06,0.8909,0.9745
3085,2023-07-23,2270,York Regional Health Unit,0.0619,99.0,0.08,0.8986,0.9761
3086,2023-07-23,2230,Durham Regional Health Unit,0.027,48.0,0.07,0.7527,0.894
3087,2023-07-23,2261,Sudbury and District Health Unit,0.0163,44.0,0.22,0.9734,0.9834
3088,2023-07-23,2258,Eastern Ontario Health Unit,0.0845,20.0,0.1,0.9789,1.0
3089,2023-07-23,2237,City of Hamilton Health Unit,0.0646,60.0,0.1,0.914,0.9593
3090,2023-07-23,2233,Grey Bruce Health Unit,0.0074,19.0,0.11,0.7574,0.9632
3091,2023-07-23,2246,Niagara Regional Area Health Unit,0.0256,45.0,0.09,0.7774,0.9774
3092,2023-07-23,2262,Thunder Bay District Health Unit,0.1437,24.0,0.16,0.9586,0.9822
3093,2023-07-23,2255,Peterborough County-City Health Unit,0.007,20.0,0.14,0.7811,0.8462
3094,2023-07-23,5183,Huron Perth Health Unit,0.0,12.0,0.09,0.5802,0.9012
3095,2023-07-23,2266,Wellington-Dufferin-Guelph Health Unit,0.0349,25.0,0.08,0.8988,0.9762
3096,2023-07-23,35,Ontario,0.0615,1399.0,0.09,0.8884,0.9659
3097,2023-07-23,2247,North Bay Parry Sound District Health Unit,0.0139,21.0,0.16,0.9792,0.9792
3098,2023-07-23,2253,Peel Regional Health Unit,0.066,149.0,0.09,0.9579,0.9785
3099,2023-07-23,2268,Windsor-Essex County Health Unit,0.0811,26.0,0.06,0.8529,0.9647
3100,2023-07-23,2265,Waterloo Health Unit,0.0305,37.0,0.06,0.792,0.9336
3101,2023-07-23,2256,Porcupine Health Unit,0.0526,8.0,0.1,0.92,0.94
3102,2023-07-23,2249,Northwestern Health Unit,0.0488,12.0,0.13,0.939,0.939
3103,2023-07-23,2242,Lambton Health Unit,0.0333,4.0,0.03,0.6875,0.9375
3104,2023-07-23,4913,Southwestern Public Health,0.1867,21.0,0.1,0.6688,0.9745
3105,2023-07-23,2235,"Haliburton, Kawartha, Pine Ridge District Health Unit",0.0104,28.0,0.15,0.8986,0.9372
3106,2023-07-23,2238,Hastings and Prince Edward Counties Health Unit,0.0,8.0,0.05,0.8197,0.918
3107,2023-07-23,3895,City of Toronto Health Unit,0.0563,347.0,0.11,0.9146,0.9815
3108,2023-07-23,2227,Brant County Health Unit,0.0177,16.0,0.1,0.9483,0.9655
3109,2023-07-23,2240,Chatham-Kent Health Unit,0.0811,5.0,0.05,0.7778,0.9167
3110,2023-07-23,2241,"Kingston, Frontenac and Lennox and Addington Health Unit",0.0739,25.0,0.12,0.9353,0.9941
3111,2023-07-23,2251,City of Ottawa Health Unit,0.0964,67.0,0.06,0.9148,0.9858
3112,2023-07-23,2244,Middlesex-London Health Unit,0.1256,57.0,0.11,0.8603,0.9601
3113,2023-07-23,2243,"Leeds, Grenville and Lanark District Health Unit",0.0824,12.0,0.07,0.9625,1.0
3114,2023-07-23,2236,Halton Regional Health Unit,0.1042,37.0,0.06,0.7977,0.9008
3115,2023-07-23,2257,Renfrew County and District Health Unit,0.1042,7.0,0.06,0.902,0.9804
3116,2023-07-22,3895,City of Toronto Health Unit,0.0594,351.0,0.11,0.9223,0.9809
3117,2023-07-22,2268,Windsor-Essex County Health Unit,0.0847,25.0,0.06,0.8485,0.9636
3118,2023-07-22,2262,Thunder Bay District Health Unit,0.1941,24.0,0.16,0.9538,0.9827
3119,2023-07-22,2260,Simcoe Muskoka District Health Unit,0.0578,40.0,0.07,0.903,0.9739
3120,2023-07-22,2258,Eastern Ontario Health Unit,0.0828,21.0,0.1,0.9801,1.0
3121,2023-07-22,2230,Durham Regional Health Unit,0.0294,49.0,0.07,0.7528,0.8889
3122,2023-07-22,2242,Lambton Health Unit,0.0323,4.0,0.03,0.6857,0.9429
3123,2023-07-22,4913,Southwestern Public Health,0.1543,23.0,0.11,0.6986,0.9589
3124,2023-07-22,2236,Halton Regional Health Unit,0.0939,35.0,0.06,0.7443,0.8473
3125,2023-07-22,2240,Chatham-Kent Health Unit,0.0541,5.0,0.05,0.775,0.925
3126,2023-07-22,2266,Wellington-Dufferin-Guelph Health Unit,0.0355,24.0,0.08,0.8953,0.9767
3127,2023-07-22,2226,District of Algoma Health Unit,0.0235,12.0,0.11,0.9186,0.9535
3128,2023-07-22,2241,"Kingston, Frontenac and Lennox and Addington Health Unit",0.0424,24.0,0.11,0.9346,0.9935
3129,2023-07-22,5183,Huron Perth Health Unit,0.0,12.0,0.09,0.5889,0.9111
3130,2023-07-22,2257,Renfrew County and District Health Unit,0.12,7.0,0.07,0.902,0.9804
3131,2023-07-22,2255,Peterborough County-City Health Unit,0.0,21.0,0.14,0.7785,0.8354
3132,2023-07-22,35,Ontario,0.0637,1392.0,0.09,0.8884,0.9625
3133,2023-07-22,2256,Porcupine Health Unit,0.0392,7.0,0.09,0.9167,0.9375
3134,2023-07-22,2249,Northwestern Health Unit,0.0488,12.0,0.13,0.9398,0.9398
3135,2023-07-22,2261,Sudbury and District Health Unit,0.023,44.0,0.22,0.9708,0.9838
3136,2023-07-22,2265,Waterloo Health Unit,0.0323,35.0,0.06,0.7928,0.9324
3137,2023-07-22,2270,York Regional Health Unit,0.0622,101.0,0.08,0.9143,0.9761
3138,2023-07-22,2263,Timiskaming Health Unit,0.0,2.0,0.06,0.6429,0.8571
3139,2023-07-22,2253,Peel Regional Health Unit,0.0686,139.0,0.09,0.9495,0.9707
3140,2023-07-22,2246,Niagara Regional Area Health Unit,0.0194,44.0,0.09,0.8084,0.9805
3141,2023-07-22,2251,City of Ottawa Health Unit,0.1034,68.0,0.06,0.9131,0.9838
3142,2023-07-22,2238,Hastings and Prince Edward Counties Health Unit,0.069,8.0,0.05,0.8125,0.9219
3143,2023-07-22,2234,Haldimand-Norfolk Health Unit,0.05,9.0,0.08,0.8475,0.9492
3144,2023-07-22,2227,Brant County Health Unit,0.0189,15.0,0.1,0.934,0.9623
3145,2023-07-22,2247,North Bay Parry Sound District Health Unit,0.014,20.0,0.16,0.9799,0.9799
3146,2023-07-22,2237,City of Hamilton Health Unit,0.0704,61.0,0.1,0.912,0.9571
3147,2023-07-22,2243,"Leeds, Grenville and Lanark District Health Unit",0.0864,12.0,0.07,0.9351,1.0
3148,2023-07-22,2233,Grey Bruce Health Unit,0.0074,19.0,0.11,0.7481,0.9618
3149,2023-07-22,2244,Middlesex-London Health Unit,0.1468,57.0,0.11,0.8399,0.9532
3150,2023-07-22,2235,"Haliburton, Kawartha, Pine Ridge District Health Unit",0.0104,27.0,0.15,0.8626,0.9384
3151,2023-07-21,2237,City of Hamilton Health Unit,0.0847,61.0,0.1,0.9163,0.9558
3152,2023-07-21,2270,York Regional Health Unit,0.07,102.0,0.08,0.9183,0.9746
3153,2023-07-21,2268,Windsor-Essex County Health Unit,0.0663,26.0,0.06,0.8222,0.95
3154,2023-07-21,2235,"Haliburton, Kawartha, Pine Ridge District Health Unit",0.0107,27.0,0.14,0.8392,0.9347
3155,2023-07-21,2236,Halton Regional Health Unit,0.0917,34.0,0.06,0.7559,0.8465
3156,2023-07-21,2242,Lambton Health Unit,0.0294,5.0,0.04,0.625,0.95
3157,2023-07-21,2238,Hastings and Prince Edward Counties Health Unit,0.0702,8.0,0.05,0.8,0.9077
3158,2023-07-21,2227,Brant County Health Unit,0.0202,14.0,0.09,0.9457,0.9565
3159,2023-07-21,2233,Grey Bruce Health Unit,0.0,19.0,0.11,0.7463,0.9627
3160,2023-07-21,2230,Durham Regional Health Unit,0.0455,50.0,0.07,0.7159,0.8886
3161,2023-07-21,2246,Niagara Regional Area Health Unit,0.0225,44.0,0.09,0.7937,0.9714
3162,2023-07-21,2226,District of Algoma Health Unit,0.0128,11.0,0.1,0.9146,0.9512
3163,2023-07-21,2251,City of Ottawa Health Unit,0.11,71.0,0.07,0.9058,0.9788
3164,2023-07-21,5183,Huron Perth Health Unit,0.0,13.0,0.09,0.6279,0.9186
3165,2023-07-21,2243,"Leeds, Grenville and Lanark District Health Unit",0.0633,11.0,0.07,0.9186,0.9884
3166,2023-07-21,2249,Northwestern Health Unit,0.0455,13.0,0.14,0.9432,0.9432
3167,2023-07-21,4913,Southwestern Public Health,0.1484,22.0,0.1,0.7164,0.9552
3168,2023-07-21,2261,Sudbury and District Health Unit,0.0205,42.0,0.21,0.9666,0.9833
3169,2023-07-21,2257,Renfrew County and District Health Unit,0.1176,7.0,0.07,0.8936,0.9787
3170,2023-07-21,2255,Peterborough County-City Health Unit,0.0,20.0,0.13,0.7875,0.85
3171,2023-07-21,2265,Waterloo Health Unit,0.0433,36.0,0.06,0.7975,0.9367
3172,2023-07-21,2260,Simcoe Muskoka District Health Unit,0.0602,38.0,0.06,0.9042,0.9732
3173,2023-07-21,2256,Porcupine Health Unit,0.0426,7.0,0.08,0.9318,0.9318
3174,2023-07-21,2247,North Bay Parry Sound District Health Unit,0.0138,21.0,0.16,0.9796,0.9796
3175,2023-07-21,2263,Timiskaming Health Unit,0.0,2.0,0.06,0.6429,0.8571
3176,2023-07-21,2266,Wellington-Dufferin-Guelph Health Unit,0.0353,24.0,0.08,0.8671,0.9711
3177,2023-07-21,2253,Peel Regional Health Unit,0.0651,138.0,0.09,0.9501,0.9751
3178,2023-07-21,2241,"Kingston, Frontenac and Lennox and Addington Health Unit",0.0313,23.0,0.11,0.9346,0.9935
3179,2023-07-21,2234,Haldimand-Norfolk Health Unit,0.05,9.0,0.08,0.8679,0.9434
3180,2023-07-21,2244,Middlesex-London Health Unit,0.1509,56.0,0.11,0.8488,0.9602
3181,2023-07-21,2240,Chatham-Kent Health Unit,0.1081,5.0,0.05,0.7568,0.9189
3182,2023-07-21,35,Ontario,0.0648,1389.0,0.09,0.89,0.9622
3183,2023-07-21,2262,Thunder Bay District Health Unit,0.1954,25.0,0.17,0.9602,0.983
3184,2023-07-21,3895,City of Toronto Health Unit,0.0591,351.0,0.11,0.9356,0.9807
3185,2023-07-21,2258,Eastern Ontario Health Unit,0.0805,21.0,0.1,0.9803,1.0
3186,2023-07-20,2257,Renfrew County and District Health Unit,0.0638,7.0,0.06,0.8723,0.9787
3187,2023-07-20,2268,Windsor-Essex County Health Unit,0.038,26.0,0.06,0.8241,0.9548
3188,2023-07-20,2265,Waterloo Health Unit,0.056,36.0,0.06,0.7441,0.9331
3189,2023-07-20,2241,"Kingston, Frontenac and Lennox and Addington Health Unit",0.0192,22.0,0.1,0.9351,0.9935
3190,2023-07-20,2242,Lambton Health Unit,0.0588,5.0,0.04,0.5278,0.9167
3191,2023-07-20,2258,Eastern Ontario Health Unit,0.0676,21.0,0.1,0.972,0.993
3192,2023-07-20,2244,Middlesex-London Health Unit,0.1458,55.0,0.11,0.8638,0.964
3193,2023-07-20,2234,Haldimand-Norfolk Health Unit,0.08,7.0,0.06,0.8,0.8889
3194,2023-07-20,2270,York Regional Health Unit,0.0775,101.0,0.08,0.9168,0.9768
3195,2023-07-20,35,Ontario,0.0625,1379.0,0.09,0.8824,0.9607
3196,2023-07-20,2251,City of Ottawa Health Unit,0.1073,71.0,0.07,0.8972,0.9758
3197,2023-07-20,2240,Chatham-Kent Health Unit,0.0789,5.0,0.05,0.75,0.925
3198,2023-07-20,2243,"Leeds, Grenville and Lanark District Health Unit",0.0625,11.0,0.07,0.9125,0.975
3199,2023-07-20,2226,District of Algoma Health Unit,0.0241,12.0,0.1,0.9186,0.9419
3200,2023-07-20,2247,North Bay Parry Sound District Health Unit,0.0276,21.0,0.16,0.9795,0.9795
3201,2023-07-20,5183,Huron Perth Health Unit,0.0111,13.0,0.09,0.5914,0.9355
3202,2023-07-20,2255,Peterborough County-City Health Unit,0.0,19.0,0.13,0.7742,0.8452
3203,2023-07-20,2266,Wellington-Dufferin-Guelph Health Unit,0.0488,23.0,0.08,0.8598,0.9695
3204,2023-07-20,2256,Porcupine Health Unit,0.0417,7.0,0.08,0.9583,0.9583
3205,2023-07-20,2238,Hastings and Prince Edward Counties Health Unit,0.0625,9.0,0.05,0.7808,0.9178
3206,2023-07-20,2260,Simcoe Muskoka District Health Unit,0.0538,37.0,0.06,0.8981,0.966
3207,2023-07-20,2237,City of Hamilton Health Unit,0.08,61.0,0.1,0.8839,0.9464
3208,2023-07-20,2235,"Haliburton, Kawartha, Pine Ridge District Health Unit",0.0054,27.0,0.14,0.8406,0.9372
3209,2023-07-20,2261,Sudbury and District Health Unit,0.0205,42.0,0.21,0.9656,0.9828
3210,2023-07-20,2262,Thunder Bay District Health Unit,0.1872,27.0,0.18,0.9737,0.9842
3211,2023-07-20,2236,Halton Regional Health Unit,0.0733,33.0,0.05,0.7377,0.8197
3212,2023-07-20,2246,Niagara Regional Area Health Unit,0.0196,44.0,0.09,0.7515,0.9615
3213,2023-07-20,2249,Northwestern Health Unit,0.058,10.0,0.11,0.9286,0.9286
3214,2023-07-20,2233,Grey Bruce Health Unit,0.0,20.0,0.12,0.7786,0.9786
3215,2023-07-20,2253,Peel Regional Health Unit,0.0613,135.0,0.08,0.9523,0.9793
3216,2023-07-20,3895,City of Toronto Health Unit,0.0559,358.0,0.11,0.9328,0.9793
3217,2023-07-20,2227,Brant County Health Unit,0.0222,13.0,0.08,0.954,0.977
3218,2023-07-20,2230,Durham Regional Health Unit,0.0503,48.0,0.07,0.7112,0.8856
3219,2023-07-20,4913,Southwestern Public Health,0.1367,20.0,0.09,0.625,0.9479
3220,2023-07-20,2263,Timiskaming Health Unit,0.0,2.0,0.06,0.6429,0.8571
3221,2023-07-19,2243,"Leeds, Grenville and Lanark District Health Unit",0.0519,11.0,0.06,0.9125,0.975
3222,2023-07-19,2227,Brant County Health Unit,0.0,12.0,0.08,0.9412,0.9765
3223,2023-07-19,2230,Durham Regional Health Unit,0.0513,50.0,0.07,0.7019,0.8889
3224,2023-07-19,2258,Eastern Ontario Health Unit,0.0743,21.0,0.1,0.9658,0.9932
3225,2023-07-19,2260,Simcoe Muskoka District Health Unit,0.0433,40.0,0.07,0.8968,0.9609
3226,2023-07-19,2261,Sudbury and District Health Unit,0.0173,41.0,0.21,0.9694,0.983
3227,2023-07-19,2234,Haldimand-Norfolk Health Unit,0.0488,6.0,0.05,0.7872,0.8723
3228,2023-07-19,2256,Porcupine Health Unit,0.02,7.0,0.09,0.9792,0.9792
3229,2023-07-19,2265,Waterloo Health Unit,0.0635,36.0,0.06,0.7426,0.9191
3230,2023-07-19,2237,City of Hamilton Health Unit,0.0771,61.0,0.1,0.8861,0.9476
3231,2023-07-19,2251,City of Ottawa Health Unit,0.1045,70.0,0.07,0.8949,0.9775
3232,2023-07-19,2253,Peel Regional Health Unit,0.0642,136.0,0.08,0.9369,0.9727
3233,2023-07-19,2247,North Bay Parry Sound District Health Unit,0.0147,19.0,0.15,0.9783,0.9783
3234,2023-07-19,2241,"Kingston, Frontenac and Lennox and Addington Health Unit",0.0323,22.0,0.1,0.9355,0.9935
3235,2023-07-19,2249,Northwestern Health Unit,0.0313,9.0,0.1,0.9825,0.9825
3236,2023-07-19,2244,Middlesex-London Health Unit,0.1513,56.0,0.11,0.863,0.9644
3237,2023-07-19,2255,Peterborough County-City Health Unit,0.0078,18.0,0.12,0.7517,0.8276
3238,2023-07-19,2233,Grey Bruce Health Unit,0.0,21.0,0.12,0.7483,0.9801
3239,2023-07-19,2257,Renfrew County and District Health Unit,0.0256,6.0,0.05,0.8125,0.9375
3240,2023-07-19,2242,Lambton Health Unit,0.0606,5.0,0.04,0.5,0.9167
3241,2023-07-19,2266,Wellington-Dufferin-Guelph Health Unit,0.046,25.0,0.08,0.8596,0.9719
3242,2023-07-19,2263,Timiskaming Health Unit,0.0,2.0,0.05,0.6111,0.7222
3243,2023-07-19,2262,Thunder Bay District Health Unit,0.1958,27.0,0.18,0.9526,0.9842
3244,2023-07-19,5183,Huron Perth Health Unit,0.0114,13.0,0.09,0.6044,0.9451
3245,2023-07-19,2240,Chatham-Kent Health Unit,0.1,6.0,0.05,0.7857,0.9762
3246,2023-07-19,35,Ontario,0.0601,1379.0,0.09,0.8769,0.9595
3247,2023-07-19,2226,District of Algoma Health Unit,0.025,11.0,0.1,0.9259,0.9383
3248,2023-07-19,4913,Southwestern Public Health,0.0619,14.0,0.07,0.6196,0.9457
3249,2023-07-19,2246,Niagara Regional Area Health Unit,0.0189,45.0,0.1,0.7669,0.9693
3250,2023-07-19,2235,"Haliburton, Kawartha, Pine Ridge District Health Unit",0.0105,27.0,0.14,0.8451,0.939
3251,2023-07-19,3895,City of Toronto Health Unit,0.0532,357.0,0.11,0.9255,0.9795
3252,2023-07-19,2236,Halton Regional Health Unit,0.0763,34.0,0.05,0.7171,0.8048
3253,2023-07-19,2238,Hastings and Prince Edward Counties Health Unit,0.0548,10.0,0.06,0.7973,0.9459
3254,2023-07-19,2270,York Regional Health Unit,0.0742,102.0,0.08,0.9133,0.978
3255,2023-07-19,2268,Windsor-Essex County Health Unit,0.0417,27.0,0.06,0.802,0.9239
3256,2023-07-18,2247,North Bay Parry Sound District Health Unit,0.0147,19.0,0.15,0.9677,0.9677
3257,2023-07-18,2270,York Regional Health Unit,0.0676,101.0,0.08,0.9075,0.9758
3258,2023-07-18,2249,Northwestern Health Unit,0.0313,9.0,0.1,0.9661,0.9661
3259,2023-07-18,2258,Eastern Ontario Health Unit,0.0652,20.0,0.09,0.9493,0.9928
3260,2023-07-18,2226,District of Algoma Health Unit,0.0263,11.0,0.09,0.92,0.96
3261,2023-07-18,3895,City of Toronto Health Unit,0.056,357.0,0.11,0.9111,0.9622
3262,2023-07-18,5183,Huron Perth Health Unit,0.0108,13.0,0.1,0.59,0.92
3263,2023-07-18,2230,Durham Regional Health Unit,0.0588,51.0,0.07,0.643,0.7589
3264,2023-07-18,2242,Lambton Health Unit,0.0909,5.0,0.04,0.4857,0.9429
3265,2023-07-18,2227,Brant County Health Unit,0.0,12.0,0.08,0.931,0.977
3266,2023-07-18,2261,Sudbury and District Health Unit,0.0177,40.0,0.2,0.9821,0.9929
3267,2023-07-18,2234,Haldimand-Norfolk Health Unit,0.0465,6.0,0.05,0.6591,0.8636
3268,2023-07-18,2257,Renfrew County and District Health Unit,0.0233,6.0,0.06,0.8,0.94
3269,2023-07-18,35,Ontario,0.0615,1391.0,0.09,0.8436,0.9211
3270,2023-07-18,2238,Hastings and Prince Edward Counties Health Unit,0.0506,11.0,0.07,0.7363,0.8681
3271,2023-07-18,2244,Middlesex-London Health Unit,0.163,53.0,0.1,0.8537,0.9634
3272,2023-07-18,2256,Porcupine Health Unit,0.0208,7.0,0.08,0.9556,0.9556
3273,2023-07-18,2265,Waterloo Health Unit,0.0637,38.0,0.07,0.7585,0.9245
3274,2023-07-18,2246,Niagara Regional Area Health Unit,0.0234,49.0,0.1,0.791,0.9672
3275,2023-07-18,2240,Chatham-Kent Health Unit,0.0732,6.0,0.06,0.7273,0.9773
3276,2023-07-18,4913,Southwestern Public Health,0.0612,14.0,0.07,0.6354,0.9583
3277,2023-07-18,2268,Windsor-Essex County Health Unit,0.0469,27.0,0.06,0.7969,0.9167
3278,2023-07-18,2243,"Leeds, Grenville and Lanark District Health Unit",0.0526,11.0,0.06,0.9259,0.9753
3279,2023-07-18,2266,Wellington-Dufferin-Guelph Health Unit,0.0343,25.0,0.08,0.8453,0.9724
3280,2023-07-18,2233,Grey Bruce Health Unit,0.0,20.0,0.12,0.7465,0.9789
3281,2023-07-18,2253,Peel Regional Health Unit,0.0674,136.0,0.08,0.9298,0.9708
3282,2023-07-18,2262,Thunder Bay District Health Unit,0.1711,27.0,0.18,0.9577,0.9894
3283,2023-07-18,2260,Simcoe Muskoka District Health Unit,0.05,40.0,0.07,0.9049,0.9577
3284,2023-07-18,2237,City of Hamilton Health Unit,0.0989,64.0,0.11,0.8932,0.9466
3285,2023-07-18,2263,Timiskaming Health Unit,0.0625,2.0,0.07,0.75,0.8125
3286,2023-07-18,2236,Halton Regional Health Unit,0.0702,35.0,0.06,0.7375,0.8292
3287,2023-07-18,2251,City of Ottawa Health Unit,0.0923,77.0,0.07,0.886,0.9761
3288,2023-07-18,2235,"Haliburton, Kawartha, Pine Ridge District Health Unit",0.0099,29.0,0.15,0.5535,0.6055
3289,2023-07-18,2241,"Kingston, Frontenac and Lennox and Addington Health Unit",0.0455,22.0,0.1,0.9359,0.9936
3290,2023-07-18,2255,Peterborough County-City Health Unit,0.0081,18.0,0.12,0.3246,0.341
3291,2023-07-17,2240,Chatham-Kent Health Unit,0.0698,6.0,0.06,0.6939,0.9796
3292,2023-07-17,2237,City of Hamilton Health Unit,0.1134,68.0,0.11,0.9002,0.9481
3293,2023-07-17,2265,Waterloo Health Unit,0.058,39.0,0.07,0.7762,0.9422
3294,2023-07-17,2238,Hastings and Prince Edward Counties Health Unit,0.0482,12.0,0.07,0.7778,0.8778
3295,2023-07-17,2268,Windsor-Essex County Health Unit,0.0479,27.0,0.06,0.8167,0.9278
3296,2023-07-17,2257,Renfrew County and District Health Unit,0.0217,7.0,0.06,0.8103,0.931
3297,2023-07-17,2233,Grey Bruce Health Unit,0.0,19.0,0.11,0.7407,0.9852
3298,2023-07-17,2243,"Leeds, Grenville and Lanark District Health Unit",0.0132,11.0,0.06,0.9359,0.9744
3299,2023-07-17,2235,"Haliburton, Kawartha, Pine Ridge District Health Unit",0.0097,30.0,0.16,0.5828,0.6411
3300,2023-07-17,2227,Brant County Health Unit,0.0111,13.0,0.08,0.9318,0.9886
3301,2023-07-17,2241,"Kingston, Frontenac and Lennox and Addington Health Unit",0.0494,23.0,0.11,0.8947,0.9942
3302,2023-07-17,2246,Niagara Regional Area Health Unit,0.0205,49.0,0.1,0.8025,0.963
3303,2023-07-17,2249,Northwestern Health Unit,0.0455,9.0,0.11,0.9688,0.9688
3304,2023-07-17,2256,Porcupine Health Unit,0.0,7.0,0.08,0.9574,0.9574
3305,2023-07-17,35,Ontario,0.0624,1381.0,0.09,0.85,0.9253
3306,2023-07-17,2266,Wellington-Dufferin-Guelph Health Unit,0.0517,25.0,0.08,0.8415,0.9781
3307,2023-07-17,2270,York Regional Health Unit,0.0718,99.0,0.08,0.9061,0.9644
3308,2023-07-17,2263,Timiskaming Health Unit,0.0667,2.0,0.07,0.7895,0.8421
3309,2023-07-17,2260,Simcoe Muskoka District Health Unit,0.0448,41.0,0.07,0.9064,0.9565
3310,2023-07-17,2255,Peterborough County-City Health Unit,0.0088,16.0,0.11,0.3633,0.3772
3311,2023-07-17,2251,City of Ottawa Health Unit,0.1057,76.0,0.07,0.8841,0.9738
3312,2023-07-17,2258,Eastern Ontario Health Unit,0.0519,19.0,0.09,0.9466,0.9924
3313,2023-07-17,2236,Halton Regional Health Unit,0.0708,34.0,0.06,0.6996,0.7905
3314,2023-07-17,2247,North Bay Parry Sound District Health Unit,0.0199,22.0,0.17,0.9805,0.9805
3315,2023-07-17,3895,City of Toronto Health Unit,0.0519,352.0,0.11,0.9102,0.9588
3316,2023-07-17,2234,Haldimand-Norfolk Health Unit,0.025,6.0,0.05,0.7255,0.902
3317,2023-07-17,2262,Thunder Bay District Health Unit,0.1649,27.0,0.18,0.9609,0.9944
3318,2023-07-17,2226,District of Algoma Health Unit,0.026,11.0,0.1,0.8916,0.9398
3319,2023-07-17,2230,Durham Regional Health Unit,0.0628,52.0,0.07,0.7005,0.8125
3320,2023-07-17,2242,Lambton Health Unit,0.0882,5.0,0.04,0.4848,0.9394
3321,2023-07-17,2261,Sudbury and District Health Unit,0.0239,42.0,0.21,0.9797,0.9932
3322,2023-07-17,5183,Huron Perth Health Unit,0.0319,13.0,0.1,0.6283,0.9381
3323,2023-07-17,2244,Middlesex-London Health Unit,0.1672,48.0,0.09,0.8802,0.9701
3324,2023-07-17,2253,Peel Regional Health Unit,0.0756,129.0,0.08,0.9265,0.9693
3325,2023-07-17,4913,Southwestern Public Health,0.0532,13.0,0.06,0.6768,0.9697
3326,2023-07-16,2261,Sudbury and District Health Unit,0.027,42.0,0.21,0.9798,0.9933
3327,2023-07-16,2258,Eastern Ontario Health Unit,0.0325,18.0,0.08,0.938,0.9922
3328,2023-07-16,2268,Windsor-Essex County Health Unit,0.0474,27.0,0.06,0.799,0.9072
3329,2023-07-16,2244,Middlesex-London Health Unit,0.1609,50.0,0.1,0.8283,0.9224
3330,2023-07-16,2255,Peterborough County-City Health Unit,0.0083,17.0,0.12,0.3633,0.3772
3331,2023-07-16,35,Ontario,0.0606,1394.0,0.09,0.8499,0.9251
3332,2023-07-16,2243,"Leeds, Grenville and Lanark District Health Unit",0.0247,12.0,0.07,0.9286,0.9762
3333,2023-07-16,2256,Porcupine Health Unit,0.0,8.0,0.09,0.9649,0.9649
3334,2023-07-16,2265,Waterloo Health Unit,0.0686,40.0,0.07,0.7664,0.938
3335,2023-07-16,2227,Brant County Health Unit,0.0108,13.0,0.09,0.9425,1.0
3336,2023-07-16,2240,Chatham-Kent Health Unit,0.0652,7.0,0.06,0.6596,0.9574
3337,2023-07-16,2236,Halton Regional Health Unit,0.0581,34.0,0.06,0.7114,0.8049
3338,2023-07-16,2237,City of Hamilton Health Unit,0.1185,69.0,0.12,0.9167,0.9637
3339,2023-07-16,2234,Haldimand-Norfolk Health Unit,0.0408,7.0,0.06,0.7234,0.8936
3340,2023-07-16,2262,Thunder Bay District Health Unit,0.1359,26.0,0.18,0.96,0.9943
3341,2023-07-16,2257,Renfrew County and District Health Unit,0.0172,8.0,0.08,0.85,0.95
3342,2023-07-16,2270,York Regional Health Unit,0.0705,101.0,0.08,0.9044,0.9654
3343,2023-07-16,2266,Wellington-Dufferin-Guelph Health Unit,0.0535,27.0,0.09,0.8466,0.9788
3344,2023-07-16,2233,Grey Bruce Health Unit,0.0075,19.0,0.11,0.7287,0.9922
3345,2023-07-16,2260,Simcoe Muskoka District Health Unit,0.0508,42.0,0.07,0.8982,0.9474
3346,2023-07-16,2241,"Kingston, Frontenac and Lennox and Addington Health Unit",0.0503,23.0,0.11,0.8837,0.9942
3347,2023-07-16,2263,Timiskaming Health Unit,0.0952,3.0,0.09,0.8182,0.8636
3348,2023-07-16,2230,Durham Regional Health Unit,0.058,52.0,0.07,0.7066,0.8265
3349,2023-07-16,2253,Peel Regional Health Unit,0.069,128.0,0.08,0.9278,0.9716
3350,2023-07-16,2226,District of Algoma Health Unit,0.0267,11.0,0.09,0.8933,0.9467
3351,2023-07-16,2251,City of Ottawa Health Unit,0.1004,77.0,0.07,0.9021,0.975
3352,2023-07-16,3895,City of Toronto Health Unit,0.0483,346.0,0.11,0.9139,0.9598
3353,2023-07-16,2242,Lambton Health Unit,0.0882,5.0,0.04,0.4242,0.9394
3354,2023-07-16,4913,Southwestern Public Health,0.0583,15.0,0.07,0.6517,0.9775
3355,2023-07-16,2249,Northwestern Health Unit,0.0411,10.0,0.12,0.9595,0.9595
3356,2023-07-16,2247,North Bay Parry Sound District Health Unit,0.0188,23.0,0.18,0.9811,0.9874
3357,2023-07-16,2246,Niagara Regional Area Health Unit,0.0232,49.0,0.1,0.8045,0.9547
3358,2023-07-16,2238,Hastings and Prince Edward Counties Health Unit,0.0625,11.0,0.07,0.7529,0.8588
3359,2023-07-16,5183,Huron Perth Health Unit,0.0374,15.0,0.11,0.6154,0.9615
3360,2023-07-16,2235,"Haliburton, Kawartha, Pine Ridge District Health Unit",0.0094,30.0,0.16,0.5815,0.64
3361,2023-07-15,5183,Huron Perth Health Unit,0.0385,15.0,0.11,0.5225,0.973
3362,2023-07-15,2253,Peel Regional Health Unit,0.0639,132.0,0.08,0.9269,0.9705
3363,2023-07-15,2270,York Regional Health Unit,0.0702,104.0,0.08,0.8964,0.9637
3364,2023-07-15,2256,Porcupine Health Unit,0.0,8.0,0.1,0.9672,0.9672
3365,2023-07-15,2260,Simcoe Muskoka District Health Unit,0.0481,42.0,0.07,0.8973,0.9486
3366,2023-07-15,2226,District of Algoma Health Unit,0.0278,10.0,0.09,0.8904,0.9452
3367,2023-07-15,2230,Durham Regional Health Unit,0.0551,52.0,0.07,0.7074,0.8393
3368,2023-07-15,2258,Eastern Ontario Health Unit,0.0403,18.0,0.08,0.9355,0.9919
3369,2023-07-15,2241,"Kingston, Frontenac and Lennox and Addington Health Unit",0.0506,25.0,0.12,0.8919,0.9946
3370,2023-07-15,2227,Brant County Health Unit,0.0108,13.0,0.09,0.9588,1.0
3371,2023-07-15,35,Ontario,0.0572,1404.0,0.09,0.8472,0.9266
3372,2023-07-15,2233,Grey Bruce Health Unit,0.0076,19.0,0.11,0.7537,0.9925
3373,2023-07-15,2243,"Leeds, Grenville and Lanark District Health Unit",0.0357,12.0,0.07,0.9412,0.9765
3374,2023-07-15,2242,Lambton Health Unit,0.0968,4.0,0.03,0.4333,0.9333
3375,2023-07-15,2261,Sudbury and District Health Unit,0.0168,42.0,0.21,0.9828,0.9931
3376,2023-07-15,4913,Southwestern Public Health,0.0769,13.0,0.06,0.617,0.9787
3377,2023-07-15,2263,Timiskaming Health Unit,0.1111,3.0,0.08,0.7778,0.8333
3378,2023-07-15,2251,City of Ottawa Health Unit,0.0923,76.0,0.07,0.9079,0.977
3379,2023-07-15,2234,Haldimand-Norfolk Health Unit,0.0417,7.0,0.06,0.7708,0.9375
3380,2023-07-15,2268,Windsor-Essex County Health Unit,0.0615,28.0,0.07,0.804,0.9095
3381,2023-07-15,2244,Middlesex-London Health Unit,0.1399,49.0,0.1,0.8446,0.9267
3382,2023-07-15,2257,Renfrew County and District Health Unit,0.0,8.0,0.08,0.8448,0.9483
3383,2023-07-15,2262,Thunder Bay District Health Unit,0.0934,26.0,0.17,0.9667,0.9944
3384,2023-07-15,2236,Halton Regional Health Unit,0.0635,36.0,0.06,0.751,0.8514
3385,2023-07-15,2237,City of Hamilton Health Unit,0.1164,69.0,0.12,0.9196,0.9649
3386,2023-07-15,2238,Hastings and Prince Edward Counties Health Unit,0.0132,11.0,0.06,0.7375,0.85
3387,2023-07-15,2249,Northwestern Health Unit,0.0417,10.0,0.12,0.9452,0.9452
3388,2023-07-15,2255,Peterborough County-City Health Unit,0.0086,17.0,0.11,0.3677,0.3814
3389,2023-07-15,2240,Chatham-Kent Health Unit,0.0638,7.0,0.06,0.6591,0.9545
3390,2023-07-15,2247,North Bay Parry Sound District Health Unit,0.0181,24.0,0.18,0.9699,0.988
3391,2023-07-15,3895,City of Toronto Health Unit,0.0465,347.0,0.11,0.9058,0.9617
3392,2023-07-15,2235,"Haliburton, Kawartha, Pine Ridge District Health Unit",0.0094,30.0,0.16,0.5994,0.6366
3393,2023-07-15,2266,Wellington-Dufferin-Guelph Health Unit,0.0573,27.0,0.09,0.8316,0.9592
3394,2023-07-15,2265,Waterloo Health Unit,0.0651,42.0,0.07,0.732,0.9085
3395,2023-07-15,2246,Niagara Regional Area Health Unit,0.0228,50.0,0.11,0.7793,0.9482
3396,2023-07-14,2241,"Kingston, Frontenac and Lennox and Addington Health Unit",0.0455,25.0,0.12,0.8964,0.9948
3397,2023-07-14,2262,Thunder Bay District Health Unit,0.0874,26.0,0.17,0.9609,0.9944
3398,2023-07-14,2253,Peel Regional Health Unit,0.0688,129.0,0.08,0.9243,0.966
3399,2023-07-14,2244,Middlesex-London Health Unit,0.1395,48.0,0.09,0.8439,0.9277
3400,2023-07-14,2246,Niagara Regional Area Health Unit,0.0201,50.0,0.11,0.7899,0.9527
3401,2023-07-14,2258,Eastern Ontario Health Unit,0.0394,18.0,0.09,0.9147,0.9922
3402,2023-07-14,2226,District of Algoma Health Unit,0.0423,10.0,0.09,0.8873,0.9437
3403,2023-07-14,2263,Timiskaming Health Unit,0.1053,3.0,0.08,0.7778,0.8333
3404,2023-07-14,2230,Durham Regional Health Unit,0.0387,52.0,0.07,0.7146,0.8341
3405,2023-07-14,3895,City of Toronto Health Unit,0.0502,347.0,0.11,0.9005,0.9624
3406,2023-07-14,2237,City of Hamilton Health Unit,0.1014,70.0,0.12,0.9106,0.9634
3407,2023-07-14,2247,North Bay Parry Sound District Health Unit,0.0281,25.0,0.2,0.9719,0.9888
3408,2023-07-14,4913,Southwestern Public Health,0.0989,13.0,0.06,0.6311,0.9709
3409,2023-07-14,2260,Simcoe Muskoka District Health Unit,0.0479,42.0,0.07,0.887,0.9502
3410,2023-07-14,35,Ontario,0.0562,1406.0,0.09,0.844,0.9269
3411,2023-07-14,2251,City of Ottawa Health Unit,0.0806,74.0,0.07,0.9143,0.9821
3412,2023-07-14,2234,Haldimand-Norfolk Health Unit,0.0377,8.0,0.07,0.76,0.94
3413,2023-07-14,2256,Porcupine Health Unit,0.0,9.0,0.1,0.9836,0.9836
3414,2023-07-14,2268,Windsor-Essex County Health Unit,0.0714,26.0,0.06,0.8412,0.9176
3415,2023-07-14,5183,Huron Perth Health Unit,0.0495,14.0,0.1,0.4186,0.9767
3416,2023-07-14,2261,Sudbury and District Health Unit,0.0162,44.0,0.22,0.9836,0.9934
3417,2023-07-14,2270,York Regional Health Unit,0.0671,104.0,0.09,0.8874,0.9634
3418,2023-07-14,2240,Chatham-Kent Health Unit,0.0213,7.0,0.06,0.6182,0.9455
3419,2023-07-14,2249,Northwestern Health Unit,0.0429,10.0,0.11,0.9437,0.9437
3420,2023-07-14,2255,Peterborough County-City Health Unit,0.0086,17.0,0.11,0.3542,0.3681
3421,2023-07-14,2238,Hastings and Prince Edward Counties Health Unit,0.0139,10.0,0.06,0.7317,0.8537
3422,2023-07-14,2266,Wellington-Dufferin-Guelph Health Unit,0.0558,28.0,0.09,0.8622,0.9643
3423,2023-07-14,2235,"Haliburton, Kawartha, Pine Ridge District Health Unit",0.0089,32.0,0.17,0.6231,0.6528
3424,2023-07-14,2227,Brant County Health Unit,0.01,14.0,0.09,0.9439,1.0
3425,2023-07-14,2257,Renfrew County and District Health Unit,0.0,8.0,0.08,0.8448,0.9483
3426,2023-07-14,2233,Grey Bruce Health Unit,0.0074,19.0,0.11,0.7348,0.9924
3427,2023-07-14,2236,Halton Regional Health Unit,0.07,37.0,0.06,0.7398,0.8455
3428,2023-07-14,2265,Waterloo Health Unit,0.0565,40.0,0.07,0.7075,0.9048
3429,2023-07-14,2242,Lambton Health Unit,0.0882,5.0,0.04,0.4583,0.9167
3430,2023-07-14,2243,"Leeds, Grenville and Lanark District Health Unit",0.0341,13.0,0.07,0.963,0.9877
3431,2023-07-13,2265,Waterloo Health Unit,0.0496,40.0,0.07,0.7581,0.9134
3432,2023-07-13,2255,Peterborough County-City Health Unit,0.0182,16.0,0.11,0.3581,0.3716
3433,2023-07-13,2244,Middlesex-London Health Unit,0.1627,47.0,0.09,0.8344,0.9233
3434,2023-07-13,2266,Wellington-Dufferin-Guelph Health Unit,0.0459,28.0,0.09,0.8667,0.959
3435,2023-07-13,2251,City of Ottawa Health Unit,0.0845,74.0,0.07,0.9101,0.9813
3436,2023-07-13,2234,Haldimand-Norfolk Health Unit,0.0192,7.0,0.07,0.7736,0.9623
3437,2023-07-13,2235,"Haliburton, Kawartha, Pine Ridge District Health Unit",0.0092,31.0,0.16,0.608,0.6389
3438,2023-07-13,2233,Grey Bruce Health Unit,0.0079,18.0,0.11,0.7244,0.9843
3439,2023-07-13,2249,Northwestern Health Unit,0.0278,10.0,0.12,0.9487,0.9487
3440,2023-07-13,3895,City of Toronto Health Unit,0.0532,346.0,0.11,0.9004,0.9623
3441,2023-07-13,2240,Chatham-Kent Health Unit,0.0204,7.0,0.07,0.6667,0.9474
3442,2023-07-13,2226,District of Algoma Health Unit,0.0411,10.0,0.09,0.8961,0.961
3443,2023-07-13,5183,Huron Perth Health Unit,0.0364,16.0,0.11,0.4224,0.9741
3444,2023-07-13,2237,City of Hamilton Health Unit,0.0931,71.0,0.12,0.9422,0.97
3445,2023-07-13,2258,Eastern Ontario Health Unit,0.0504,20.0,0.1,0.9145,0.9868
3446,2023-07-13,2230,Durham Regional Health Unit,0.0387,52.0,0.07,0.6986,0.8397
3447,2023-07-13,2257,Renfrew County and District Health Unit,0.0172,8.0,0.08,0.8644,0.9492
3448,2023-07-13,2256,Porcupine Health Unit,0.0,9.0,0.1,0.9825,0.9825
3449,2023-07-13,2263,Timiskaming Health Unit,0.1111,3.0,0.08,0.7778,0.8333
3450,2023-07-13,2260,Simcoe Muskoka District Health Unit,0.0517,41.0,0.07,0.8822,0.9495
3451,2023-07-13,4913,Southwestern Public Health,0.1386,14.0,0.07,0.6436,0.9703
3452,2023-07-13,2270,York Regional Health Unit,0.059,104.0,0.08,0.8837,0.9572
3453,2023-07-13,2268,Windsor-Essex County Health Unit,0.0769,26.0,0.06,0.8712,0.9202
3454,2023-07-13,2243,"Leeds, Grenville and Lanark District Health Unit",0.0494,12.0,0.07,0.975,1.0
3455,2023-07-13,2241,"Kingston, Frontenac and Lennox and Addington Health Unit",0.0412,28.0,0.13,0.9082,0.9949
3456,2023-07-13,2242,Lambton Health Unit,0.0714,4.0,0.03,0.5714,0.9524
3457,2023-07-13,35,Ontario,0.0577,1406.0,0.09,0.8481,0.9263
3458,2023-07-13,2247,North Bay Parry Sound District Health Unit,0.0225,25.0,0.2,0.9724,0.989
3459,2023-07-13,2246,Niagara Regional Area Health Unit,0.0261,49.0,0.1,0.8529,0.9673
3460,2023-07-13,2236,Halton Regional Health Unit,0.0731,37.0,0.06,0.7341,0.8413
3461,2023-07-13,2227,Brant County Health Unit,0.0093,15.0,0.1,0.9537,1.0
3462,2023-07-13,2262,Thunder Bay District Health Unit,0.0843,25.0,0.17,0.9474,0.9942
3463,2023-07-13,2261,Sudbury and District Health Unit,0.0198,43.0,0.22,0.9833,0.9967
3464,2023-07-13,2253,Peel Regional Health Unit,0.0709,129.0,0.08,0.917,0.963
3465,2023-07-13,2238,Hastings and Prince Edward Counties Health Unit,0.0141,10.0,0.06,0.7714,0.8429
3466,2023-07-12,2236,Halton Regional Health Unit,0.0763,36.0,0.06,0.75,0.8571
3467,2023-07-12,2234,Haldimand-Norfolk Health Unit,0.0185,8.0,0.07,0.7959,0.9796
3468,2023-07-12,2227,Brant County Health Unit,0.0091,16.0,0.1,0.9655,1.0
3469,2023-07-12,2240,Chatham-Kent Health Unit,0.0,9.0,0.08,0.6719,0.9219
3470,2023-07-12,2266,Wellington-Dufferin-Guelph Health Unit,0.0366,27.0,0.09,0.8474,0.9421
3471,2023-07-12,2263,Timiskaming Health Unit,0.1,3.0,0.09,0.9375,0.9375
3472,2023-07-12,3895,City of Toronto Health Unit,0.0545,346.0,0.11,0.9042,0.9612
3473,2023-07-12,2233,Grey Bruce Health Unit,0.0079,18.0,0.11,0.7355,0.9835
3474,2023-07-12,2258,Eastern Ontario Health Unit,0.0993,22.0,0.1,0.9026,0.987
3475,2023-07-12,2226,District of Algoma Health Unit,0.0385,11.0,0.1,0.8701,0.961
3476,2023-07-12,2257,Renfrew County and District Health Unit,0.0154,9.0,0.09,0.8947,0.9825
3477,2023-07-12,5183,Huron Perth Health Unit,0.04,18.0,0.13,0.4417,0.975
3478,2023-07-12,2243,"Leeds, Grenville and Lanark District Health Unit",0.046,12.0,0.07,0.9647,1.0
3479,2023-07-12,2255,Peterborough County-City Health Unit,0.0177,16.0,0.11,0.3564,0.3729
3480,2023-07-12,2230,Durham Regional Health Unit,0.0389,51.0,0.07,0.5341,0.6647
3481,2023-07-12,2242,Lambton Health Unit,0.0769,4.0,0.03,0.5,0.9375
3482,2023-07-12,2244,Middlesex-London Health Unit,0.1411,47.0,0.09,0.8427,0.9169
3483,2023-07-12,2268,Windsor-Essex County Health Unit,0.0598,26.0,0.06,0.8556,0.9167
3484,2023-07-12,2262,Thunder Bay District Health Unit,0.0581,25.0,0.16,0.9583,0.9881
3485,2023-07-12,2256,Porcupine Health Unit,0.0,8.0,0.1,0.9833,0.9833
3486,2023-07-12,2253,Peel Regional Health Unit,0.0724,126.0,0.08,0.9243,0.9677
3487,2023-07-12,2241,"Kingston, Frontenac and Lennox and Addington Health Unit",0.0357,28.0,0.13,0.9058,0.9948
3488,2023-07-12,2270,York Regional Health Unit,0.0696,109.0,0.09,0.8898,0.9541
3489,2023-07-12,2235,"Haliburton, Kawartha, Pine Ridge District Health Unit",0.0097,30.0,0.16,0.5913,0.6161
3490,2023-07-12,2247,North Bay Parry Sound District Health Unit,0.0219,26.0,0.2,0.9669,0.989
3491,2023-07-12,2237,City of Hamilton Health Unit,0.0975,69.0,0.12,0.9343,0.9703
3492,2023-07-12,2246,Niagara Regional Area Health Unit,0.0265,48.0,0.1,0.827,0.9497
3493,2023-07-12,2265,Waterloo Health Unit,0.0448,41.0,0.07,0.7729,0.9304
3494,2023-07-12,2260,Simcoe Muskoka District Health Unit,0.0678,42.0,0.07,0.8855,0.9596
3495,2023-07-12,2249,Northwestern Health Unit,0.0267,11.0,0.12,0.96,0.96
3496,2023-07-12,35,Ontario,0.0577,1416.0,0.1,0.839,0.9159
3497,2023-07-12,2261,Sudbury and District Health Unit,0.0194,44.0,0.22,0.9836,0.9967
3498,2023-07-12,2251,City of Ottawa Health Unit,0.07,78.0,0.07,0.911,0.9811
3499,2023-07-12,4913,Southwestern Public Health,0.1569,15.0,0.07,0.6139,0.9604
3500,2023-07-12,2238,Hastings and Prince Edward Counties Health Unit,0.0145,10.0,0.06,0.7973,0.8514
3501,2023-07-11,2263,Timiskaming Health Unit,0.05,3.0,0.09,0.9412,0.9412
3502,2023-07-11,4913,Southwestern Public Health,0.1563,14.0,0.06,0.6373,0.9216
3503,2023-07-11,2243,"Leeds, Grenville and Lanark District Health Unit",0.0333,13.0,0.07,0.9362,1.0
3504,2023-07-11,2247,North Bay Parry Sound District Health Unit,0.027,26.0,0.2,0.9713,0.9943
3505,2023-07-11,2244,Middlesex-London Health Unit,0.1298,48.0,0.1,0.8475,0.915
3506,2023-07-11,2246,Niagara Regional Area Health Unit,0.0228,44.0,0.09,0.7841,0.927
3507,2023-07-11,2230,Durham Regional Health Unit,0.0287,50.0,0.07,0.5746,0.735
3508,2023-07-11,2233,Grey Bruce Health Unit,0.0078,18.0,0.11,0.7265,0.9658
3509,2023-07-11,2227,Brant County Health Unit,0.0156,18.0,0.12,0.9692,1.0
3510,2023-07-11,2235,"Haliburton, Kawartha, Pine Ridge District Health Unit",0.0149,29.0,0.15,0.9187,0.9522
3511,2023-07-11,2249,Northwestern Health Unit,0.0448,10.0,0.11,0.9683,0.9683
3512,2023-07-11,5183,Huron Perth Health Unit,0.0417,17.0,0.12,0.4673,0.9907
3513,2023-07-11,2260,Simcoe Muskoka District Health Unit,0.0936,43.0,0.07,0.8804,0.9502
3514,2023-07-11,2255,Peterborough County-City Health Unit,0.0159,18.0,0.12,0.8652,0.9007
3515,2023-07-11,2265,Waterloo Health Unit,0.0424,40.0,0.07,0.779,0.9348
3516,2023-07-11,2258,Eastern Ontario Health Unit,0.0955,22.0,0.11,0.9198,0.9877
3517,2023-07-11,2256,Porcupine Health Unit,0.0345,8.0,0.1,0.9672,0.9672
3518,2023-07-11,2242,Lambton Health Unit,0.0357,4.0,0.03,0.4722,0.9444
3519,2023-07-11,2240,Chatham-Kent Health Unit,0.0,9.0,0.09,0.6061,0.8939
3520,2023-07-11,2238,Hastings and Prince Edward Counties Health Unit,0.0154,9.0,0.06,0.8551,0.9275
3521,2023-07-11,2251,City of Ottawa Health Unit,0.0683,75.0,0.07,0.917,0.9792
3522,2023-07-11,2237,City of Hamilton Health Unit,0.0858,67.0,0.11,0.9375,0.9769
3523,2023-07-11,2241,"Kingston, Frontenac and Lennox and Addington Health Unit",0.026,27.0,0.13,0.9115,0.9948
3524,2023-07-11,3895,City of Toronto Health Unit,0.0561,347.0,0.11,0.9245,0.9767
3525,2023-07-11,2236,Halton Regional Health Unit,0.0726,35.0,0.06,0.7326,0.8411
3526,2023-07-11,2270,York Regional Health Unit,0.072,113.0,0.09,0.9056,0.9596
3527,2023-07-11,2266,Wellington-Dufferin-Guelph Health Unit,0.0365,27.0,0.09,0.875,0.9402
3528,2023-07-11,2234,Haldimand-Norfolk Health Unit,0.0175,8.0,0.07,0.8909,0.9818
3529,2023-07-11,35,Ontario,0.0563,1418.0,0.1,0.8757,0.9501
3530,2023-07-11,2226,District of Algoma Health Unit,0.0375,11.0,0.1,0.8795,0.9398
3531,2023-07-11,2257,Renfrew County and District Health Unit,0.0156,9.0,0.08,0.9455,0.9818
3532,2023-07-11,2253,Peel Regional Health Unit,0.063,129.0,0.08,0.9291,0.9663
3533,2023-07-11,2261,Sudbury and District Health Unit,0.025,46.0,0.23,0.9844,0.9938
3534,2023-07-11,2268,Windsor-Essex County Health Unit,0.0629,25.0,0.06,0.8649,0.9027
3535,2023-07-11,2262,Thunder Bay District Health Unit,0.0455,25.0,0.17,0.948,0.9827
3536,2023-07-10,2227,Brant County Health Unit,0.0242,18.0,0.11,0.9535,0.9922
3537,2023-07-10,2256,Porcupine Health Unit,0.05,9.0,0.1,0.9661,0.9661
3538,2023-07-10,2260,Simcoe Muskoka District Health Unit,0.0922,42.0,0.07,0.8789,0.955
3539,2023-07-10,35,Ontario,0.0532,1418.0,0.1,0.8756,0.9543
3540,2023-07-10,4913,Southwestern Public Health,0.1442,15.0,0.07,0.5843,0.9101
3541,2023-07-10,2236,Halton Regional Health Unit,0.0675,36.0,0.06,0.7783,0.9
3542,2023-07-10,2235,"Haliburton, Kawartha, Pine Ridge District Health Unit",0.0198,29.0,0.15,0.9319,0.9529
3543,2023-07-10,2246,Niagara Regional Area Health Unit,0.0222,45.0,0.1,0.7906,0.9381
3544,2023-07-10,2243,"Leeds, Grenville and Lanark District Health Unit",0.0306,14.0,0.08,0.9271,0.9896
3545,2023-07-10,2241,"Kingston, Frontenac and Lennox and Addington Health Unit",0.0313,27.0,0.13,0.9602,0.9943
3546,2023-07-10,2258,Eastern Ontario Health Unit,0.0926,23.0,0.11,0.9136,0.9877
3547,2023-07-10,2237,City of Hamilton Health Unit,0.0773,61.0,0.1,0.9345,0.9849
3548,2023-07-10,3895,City of Toronto Health Unit,0.0536,352.0,0.11,0.9223,0.9809
3549,2023-07-10,2230,Durham Regional Health Unit,0.0266,48.0,0.07,0.5618,0.7296
3550,2023-07-10,2249,Northwestern Health Unit,0.0345,8.0,0.09,0.9474,0.9474
3551,2023-07-10,5183,Huron Perth Health Unit,0.0504,17.0,0.12,0.3789,0.9895
3552,2023-07-10,2238,Hastings and Prince Edward Counties Health Unit,0.0159,9.0,0.05,0.8621,0.931
3553,2023-07-10,2226,District of Algoma Health Unit,0.0476,12.0,0.1,0.9231,0.9615
3554,2023-07-10,2265,Waterloo Health Unit,0.043,40.0,0.07,0.7708,0.9368
3555,2023-07-10,2251,City of Ottawa Health Unit,0.0543,76.0,0.07,0.9012,0.9748
3556,2023-07-10,2234,Haldimand-Norfolk Health Unit,0.0508,8.0,0.07,0.8667,0.9778
3557,2023-07-10,2255,Peterborough County-City Health Unit,0.015,19.0,0.13,0.8636,0.9015
3558,2023-07-10,2242,Lambton Health Unit,0.0,5.0,0.04,0.4857,0.9429
3559,2023-07-10,2244,Middlesex-London Health Unit,0.1224,48.0,0.09,0.8299,0.9164
3560,2023-07-10,2247,North Bay Parry Sound District Health Unit,0.0284,25.0,0.19,0.9643,0.994
3561,2023-07-10,2262,Thunder Bay District Health Unit,0.0468,24.0,0.16,0.9429,0.9829
3562,2023-07-10,2270,York Regional Health Unit,0.0649,117.0,0.1,0.9186,0.9716
3563,2023-07-10,2263,Timiskaming Health Unit,0.05,3.0,0.09,0.9333,0.9333
3564,2023-07-10,2268,Windsor-Essex County Health Unit,0.0899,25.0,0.06,0.8641,0.9022
3565,2023-07-10,2253,Peel Regional Health Unit,0.0508,127.0,0.08,0.9299,0.9673
3566,2023-07-10,2257,Renfrew County and District Health Unit,0.0159,9.0,0.08,0.9808,1.0
3567,2023-07-10,2233,Grey Bruce Health Unit,0.008,18.0,0.11,0.7177,0.9516
3568,2023-07-10,2266,Wellington-Dufferin-Guelph Health Unit,0.0209,27.0,0.09,0.8814,0.9435
3569,2023-07-10,2240,Chatham-Kent Health Unit,0.0,8.0,0.08,0.6,0.8833
3570,2023-07-10,2261,Sudbury and District Health Unit,0.0222,45.0,0.23,0.9838,0.9935
3571,2023-07-09,5183,Huron Perth Health Unit,0.0521,14.0,0.1,0.375,0.9792
3572,2023-07-09,2242,Lambton Health Unit,0.0,5.0,0.04,0.5152,0.9394
3573,2023-07-09,2244,Middlesex-London Health Unit,0.1069,45.0,0.09,0.8653,0.9596
3574,2023-07-09,2246,Niagara Regional Area Health Unit,0.0194,44.0,0.09,0.774,0.9381
3575,2023-07-09,2233,Grey Bruce Health Unit,0.0082,17.0,0.1,0.7287,0.9457
3576,2023-07-09,2240,Chatham-Kent Health Unit,0.0164,9.0,0.08,0.6129,0.9032
3577,2023-07-09,2260,Simcoe Muskoka District Health Unit,0.0836,41.0,0.07,0.8927,0.9689
3578,2023-07-09,2255,Peterborough County-City Health Unit,0.0172,17.0,0.11,0.8538,0.9
3579,2023-07-09,2263,Timiskaming Health Unit,0.0,2.0,0.07,0.9286,0.9286
3580,2023-07-09,2268,Windsor-Essex County Health Unit,0.0971,25.0,0.06,0.8827,0.9218
3581,2023-07-09,2243,"Leeds, Grenville and Lanark District Health Unit",0.02,14.0,0.08,0.9381,0.9897
3582,2023-07-09,2237,City of Hamilton Health Unit,0.0714,58.0,0.1,0.9447,0.9874
3583,2023-07-09,2241,"Kingston, Frontenac and Lennox and Addington Health Unit",0.0302,28.0,0.13,0.9733,1.0
3584,2023-07-09,3895,City of Toronto Health Unit,0.0564,339.0,0.11,0.9211,0.9801
3585,2023-07-09,35,Ontario,0.0529,1350.0,0.09,0.8771,0.9565
3586,2023-07-09,2230,Durham Regional Health Unit,0.0308,46.0,0.07,0.5632,0.7264
3587,2023-07-09,2253,Peel Regional Health Unit,0.0532,121.0,0.08,0.9323,0.9701
3588,2023-07-09,2266,Wellington-Dufferin-Guelph Health Unit,0.0171,25.0,0.08,0.8678,0.9368
3589,2023-07-09,2249,Northwestern Health Unit,0.0625,7.0,0.08,0.9583,0.9583
3590,2023-07-09,2258,Eastern Ontario Health Unit,0.1037,23.0,0.11,0.9231,0.9872
3591,2023-07-09,2247,North Bay Parry Sound District Health Unit,0.0323,22.0,0.17,0.9682,0.9936
3592,2023-07-09,2227,Brant County Health Unit,0.0231,19.0,0.12,0.9549,0.9925
3593,2023-07-09,2262,Thunder Bay District Health Unit,0.0617,23.0,0.15,0.9398,0.9819
3594,2023-07-09,2251,City of Ottawa Health Unit,0.049,70.0,0.07,0.8961,0.9695
3595,2023-07-09,2234,Haldimand-Norfolk Health Unit,0.0455,6.0,0.06,0.8372,0.9767
3596,2023-07-09,2235,"Haliburton, Kawartha, Pine Ridge District Health Unit",0.0273,26.0,0.14,0.9309,0.9521
3597,2023-07-09,2226,District of Algoma Health Unit,0.0513,11.0,0.1,0.9211,0.9605
3598,2023-07-09,2270,York Regional Health Unit,0.0658,115.0,0.09,0.9212,0.9737
3599,2023-07-09,2261,Sudbury and District Health Unit,0.0237,42.0,0.21,0.9829,0.9932
3600,2023-07-09,2236,Halton Regional Health Unit,0.0586,34.0,0.06,0.7689,0.8933
3601,2023-07-09,2256,Porcupine Health Unit,0.0566,8.0,0.09,0.9615,0.9615
3602,2023-07-09,4913,Southwestern Public Health,0.1548,12.0,0.06,0.5843,0.9101
3603,2023-07-09,2257,Renfrew County and District Health Unit,0.0185,8.0,0.07,0.98,1.0
3604,2023-07-09,2265,Waterloo Health Unit,0.035,37.0,0.06,0.7711,0.9398
3605,2023-07-09,2238,Hastings and Prince Edward Counties Health Unit,0.0,8.0,0.05,0.8621,0.9483
3606,2023-07-08,2257,Renfrew County and District Health Unit,0.0192,7.0,0.07,0.9808,1.0
3607,2023-07-08,2249,Northwestern Health Unit,0.06,7.0,0.08,0.9796,0.9796
3608,2023-07-08,4913,Southwestern Public Health,0.1264,12.0,0.06,0.6296,0.9136
3609,2023-07-08,2247,North Bay Parry Sound District Health Unit,0.0342,21.0,0.16,0.9662,0.9932
3610,2023-07-08,2242,Lambton Health Unit,0.0,5.0,0.04,0.4857,0.9429
3611,2023-07-08,2236,Halton Regional Health Unit,0.0545,31.0,0.05,0.7583,0.8863
3612,2023-07-08,2238,Hastings and Prince Edward Counties Health Unit,0.0,8.0,0.05,0.8793,0.9483
3613,2023-07-08,2244,Middlesex-London Health Unit,0.1022,45.0,0.09,0.8671,0.9601
3614,2023-07-08,2240,Chatham-Kent Health Unit,0.0167,9.0,0.08,0.5806,0.9032
3615,2023-07-08,2233,Grey Bruce Health Unit,0.0081,18.0,0.1,0.7273,0.9394
3616,2023-07-08,2251,City of Ottawa Health Unit,0.0489,70.0,0.07,0.8931,0.9698
3617,2023-07-08,2255,Peterborough County-City Health Unit,0.0163,18.0,0.12,0.8438,0.8984
3618,2023-07-08,2265,Waterloo Health Unit,0.0324,35.0,0.06,0.8356,0.9778
3619,2023-07-08,2256,Porcupine Health Unit,0.0784,7.0,0.09,0.96,0.96
3620,2023-07-08,2260,Simcoe Muskoka District Health Unit,0.0931,41.0,0.07,0.8828,0.969
3621,2023-07-08,2243,"Leeds, Grenville and Lanark District Health Unit",0.0206,14.0,0.08,0.9468,0.9894
3622,2023-07-08,2258,Eastern Ontario Health Unit,0.0988,23.0,0.11,0.9236,0.9873
3623,2023-07-08,2261,Sudbury and District Health Unit,0.0234,43.0,0.21,0.9833,0.9933
3624,2023-07-08,2226,District of Algoma Health Unit,0.0617,12.0,0.1,0.9146,0.9634
3625,2023-07-08,3895,City of Toronto Health Unit,0.0551,340.0,0.11,0.9265,0.9797
3626,2023-07-08,5183,Huron Perth Health Unit,0.0526,14.0,0.1,0.4524,0.9762
3627,2023-07-08,2262,Thunder Bay District Health Unit,0.0513,22.0,0.15,0.9359,0.9808
3628,2023-07-08,2235,"Haliburton, Kawartha, Pine Ridge District Health Unit",0.0333,26.0,0.14,0.9365,0.9524
3629,2023-07-08,2234,Haldimand-Norfolk Health Unit,0.0465,6.0,0.05,0.8409,0.9773
3630,2023-07-08,35,Ontario,0.0527,1348.0,0.09,0.8817,0.9583
3631,2023-07-08,2270,York Regional Health Unit,0.0702,114.0,0.09,0.9271,0.9761
3632,2023-07-08,2227,Brant County Health Unit,0.0226,19.0,0.12,0.9535,0.9922
3633,2023-07-08,2266,Wellington-Dufferin-Guelph Health Unit,0.0121,24.0,0.08,0.8889,0.9568
3634,2023-07-08,2237,City of Hamilton Health Unit,0.0663,58.0,0.1,0.9416,0.9898
3635,2023-07-08,2268,Windsor-Essex County Health Unit,0.0889,26.0,0.06,0.8667,0.9222
3636,2023-07-08,2263,Timiskaming Health Unit,0.0714,2.0,0.06,0.9333,0.9333
3637,2023-07-08,2253,Peel Regional Health Unit,0.0529,124.0,0.08,0.9394,0.9771
3638,2023-07-08,2230,Durham Regional Health Unit,0.0361,47.0,0.07,0.5612,0.7146
3639,2023-07-08,2241,"Kingston, Frontenac and Lennox and Addington Health Unit",0.0217,26.0,0.12,0.9725,1.0
3640,2023-07-08,2246,Niagara Regional Area Health Unit,0.0224,45.0,0.09,0.7632,0.9377
3641,2023-07-07,2270,York Regional Health Unit,0.0655,116.0,0.09,0.9369,0.9768
3642,2023-07-07,2261,Sudbury and District Health Unit,0.0236,42.0,0.21,0.9768,0.9901
3643,2023-07-07,2266,Wellington-Dufferin-Guelph Health Unit,0.012,24.0,0.08,0.8122,0.8729
3644,2023-07-07,4913,Southwestern Public Health,0.1011,13.0,0.06,0.6438,0.9178
3645,2023-07-07,2256,Porcupine Health Unit,0.0769,7.0,0.09,0.9608,0.9608
3646,2023-07-07,35,Ontario,0.0517,1340.0,0.09,0.8894,0.957
3647,2023-07-07,2235,"Haliburton, Kawartha, Pine Ridge District Health Unit",0.0407,25.0,0.13,0.9353,0.9471
3648,2023-07-07,2262,Thunder Bay District Health Unit,0.0577,22.0,0.15,0.9438,0.9813
3649,2023-07-07,2226,District of Algoma Health Unit,0.0595,12.0,0.1,0.9157,0.9639
3650,2023-07-07,2238,Hastings and Prince Edward Counties Health Unit,0.0,9.0,0.05,0.9038,0.9615
3651,2023-07-07,2265,Waterloo Health Unit,0.0316,36.0,0.06,0.8279,0.9836
3652,2023-07-07,5183,Huron Perth Health Unit,0.0421,14.0,0.1,0.5833,0.9722
3653,2023-07-07,2241,"Kingston, Frontenac and Lennox and Addington Health Unit",0.0321,27.0,0.13,0.9777,1.0
3654,2023-07-07,2258,Eastern Ontario Health Unit,0.1013,23.0,0.11,0.9416,0.987
3655,2023-07-07,2251,City of Ottawa Health Unit,0.0487,70.0,0.07,0.8969,0.9691
3656,2023-07-07,2237,City of Hamilton Health Unit,0.0723,57.0,0.1,0.9566,0.9898
3657,2023-07-07,2257,Renfrew County and District Health Unit,0.0196,7.0,0.07,0.9825,1.0
3658,2023-07-07,2233,Grey Bruce Health Unit,0.0078,18.0,0.11,0.7364,0.938
3659,2023-07-07,2230,Durham Regional Health Unit,0.0405,46.0,0.06,0.5835,0.7057
3660,2023-07-07,2255,Peterborough County-City Health Unit,0.0168,17.0,0.11,0.879,0.9194
3661,2023-07-07,2236,Halton Regional Health Unit,0.0463,31.0,0.05,0.7634,0.8795
3662,2023-07-07,2263,Timiskaming Health Unit,0.0714,2.0,0.06,0.9333,0.9333
3663,2023-07-07,2260,Simcoe Muskoka District Health Unit,0.0906,41.0,0.07,0.9078,0.9752
3664,2023-07-07,2249,Northwestern Health Unit,0.0588,7.0,0.08,0.9804,0.9804
3665,2023-07-07,2247,North Bay Parry Sound District Health Unit,0.0222,19.0,0.15,0.9618,0.9924
3666,2023-07-07,2246,Niagara Regional Area Health Unit,0.0252,45.0,0.1,0.7688,0.9399
3667,2023-07-07,2242,Lambton Health Unit,0.0,5.0,0.04,0.5128,0.9487
3668,2023-07-07,2244,Middlesex-London Health Unit,0.0981,45.0,0.09,0.869,0.9586
3669,2023-07-07,2268,Windsor-Essex County Health Unit,0.0805,25.0,0.06,0.8619,0.9171
3670,2023-07-07,2240,Chatham-Kent Health Unit,0.0172,8.0,0.08,0.6604,0.9057
3671,2023-07-07,2234,Haldimand-Norfolk Health Unit,0.0488,6.0,0.05,0.8636,0.9773
3672,2023-07-07,2243,"Leeds, Grenville and Lanark District Health Unit",0.0222,13.0,0.07,0.9425,0.9885
3673,2023-07-07,2253,Peel Regional Health Unit,0.0538,127.0,0.08,0.9416,0.9809
3674,2023-07-07,2227,Brant County Health Unit,0.0227,19.0,0.12,0.9695,0.9924
3675,2023-07-07,3895,City of Toronto Health Unit,0.0533,332.0,0.11,0.9345,0.98
3676,2023-07-06,2227,Brant County Health Unit,0.0231,19.0,0.12,0.9485,0.9779
3677,2023-07-06,2251,City of Ottawa Health Unit,0.05,71.0,0.07,0.9139,0.9693
3678,2023-07-06,2235,"Haliburton, Kawartha, Pine Ridge District Health Unit",0.0407,25.0,0.13,0.6374,0.6447
3679,2023-07-06,2236,Halton Regional Health Unit,0.037,31.0,0.05,0.7923,0.8986
3680,2023-07-06,5183,Huron Perth Health Unit,0.0682,13.0,0.09,0.5422,0.9759
3681,2023-07-06,2262,Thunder Bay District Health Unit,0.0577,22.0,0.15,0.9545,0.9805
3682,2023-07-06,2240,Chatham-Kent Health Unit,0.0328,9.0,0.08,0.625,0.875
3683,2023-07-06,2253,Peel Regional Health Unit,0.056,128.0,0.08,0.9476,0.9808
3684,2023-07-06,2256,Porcupine Health Unit,0.0893,8.0,0.1,0.9649,0.9649
3685,2023-07-06,2270,York Regional Health Unit,0.0668,118.0,0.1,0.9354,0.9772
3686,2023-07-06,2243,"Leeds, Grenville and Lanark District Health Unit",0.0115,12.0,0.07,0.913,0.9891
3687,2023-07-06,2226,District of Algoma Health Unit,0.0488,12.0,0.1,0.9231,0.9615
3688,2023-07-06,2247,North Bay Parry Sound District Health Unit,0.0152,19.0,0.15,0.9615,0.9923
3689,2023-07-06,2260,Simcoe Muskoka District Health Unit,0.101,42.0,0.07,0.9164,0.9791
3690,2023-07-06,2257,Renfrew County and District Health Unit,0.0,8.0,0.07,0.9623,1.0
3691,2023-07-06,2265,Waterloo Health Unit,0.0394,36.0,0.06,0.8252,0.9837
3692,2023-07-06,2255,Peterborough County-City Health Unit,0.0083,17.0,0.12,0.8203,0.8984
3693,2023-07-06,2263,Timiskaming Health Unit,0.0833,2.0,0.05,0.9231,0.9231
3694,2023-07-06,2261,Sudbury and District Health Unit,0.023,44.0,0.22,0.981,0.9905
3695,2023-07-06,2258,Eastern Ontario Health Unit,0.0903,22.0,0.11,0.9645,1.0
3696,2023-07-06,4913,Southwestern Public Health,0.0625,11.0,0.05,0.662,0.9155
3697,2023-07-06,2234,Haldimand-Norfolk Health Unit,0.0417,7.0,0.06,0.907,1.0
3698,2023-07-06,2244,Middlesex-London Health Unit,0.0561,43.0,0.09,0.8426,0.9508
3699,2023-07-06,2246,Niagara Regional Area Health Unit,0.0237,48.0,0.1,0.771,0.9391
3700,2023-07-06,2268,Windsor-Essex County Health Unit,0.0806,27.0,0.06,0.8595,0.9189
3701,2023-07-06,35,Ontario,0.0497,1347.0,0.09,0.8774,0.9444
3702,2023-07-06,2241,"Kingston, Frontenac and Lennox and Addington Health Unit",0.0506,25.0,0.12,0.9667,0.9944
3703,2023-07-06,2266,Wellington-Dufferin-Guelph Health Unit,0.0114,25.0,0.08,0.8182,0.8824
3704,2023-07-06,2230,Durham Regional Health Unit,0.0353,45.0,0.06,0.5591,0.6675
3705,2023-07-06,2242,Lambton Health Unit,0.0,6.0,0.04,0.4762,0.9524
3706,2023-07-06,2237,City of Hamilton Health Unit,0.0788,58.0,0.1,0.9478,0.9851
3707,2023-07-06,2233,Grey Bruce Health Unit,0.0074,19.0,0.11,0.7015,0.9403
3708,2023-07-06,2238,Hastings and Prince Edward Counties Health Unit,0.0,7.0,0.04,0.875,0.9375
3709,2023-07-06,2249,Northwestern Health Unit,0.0577,7.0,0.08,0.9792,0.9792
3710,2023-07-06,3895,City of Toronto Health Unit,0.0497,331.0,0.11,0.9241,0.9703
3711,2023-07-05,2226,District of Algoma Health Unit,0.05,11.0,0.1,0.9512,0.9634
3712,2023-07-05,2240,Chatham-Kent Health Unit,0.0444,6.0,0.06,0.5909,0.8864
3713,2023-07-05,2230,Durham Regional Health Unit,0.041,42.0,0.06,0.7763,0.8814
3714,2023-07-05,2251,City of Ottawa Health Unit,0.0481,71.0,0.07,0.9258,0.9711
3715,2023-07-05,2241,"Kingston, Frontenac and Lennox and Addington Health Unit",0.0608,26.0,0.12,0.95,0.9833
3716,2023-07-05,2235,"Haliburton, Kawartha, Pine Ridge District Health Unit",0.0497,26.0,0.14,0.6554,0.6629
3717,2023-07-05,2247,North Bay Parry Sound District Health Unit,0.0147,19.0,0.15,0.9704,0.9926
3718,2023-07-05,2265,Waterloo Health Unit,0.041,35.0,0.06,0.8043,0.9783
3719,2023-07-05,2257,Renfrew County and District Health Unit,0.0,6.0,0.06,0.9778,1.0
3720,2023-07-05,2270,York Regional Health Unit,0.062,113.0,0.09,0.9333,0.9774
3721,2023-07-05,2238,Hastings and Prince Edward Counties Health Unit,0.0,6.0,0.04,0.8182,0.9318
3722,2023-07-05,2243,"Leeds, Grenville and Lanark District Health Unit",0.0114,13.0,0.07,0.9239,0.9891
3723,2023-07-05,2236,Halton Regional Health Unit,0.0413,31.0,0.05,0.7837,0.9038
3724,2023-07-05,35,Ontario,0.0484,1331.0,0.09,0.8873,0.9541
3725,2023-07-05,2256,Porcupine Health Unit,0.0909,8.0,0.09,0.9455,0.9455
3726,2023-07-05,2261,Sudbury and District Health Unit,0.0261,44.0,0.22,0.9803,0.9901
3727,2023-07-05,2268,Windsor-Essex County Health Unit,0.0838,26.0,0.06,0.8851,0.954
3728,2023-07-05,2233,Grey Bruce Health Unit,0.0075,19.0,0.11,0.7163,0.9362
3729,2023-07-05,2234,Haldimand-Norfolk Health Unit,0.0435,7.0,0.06,0.913,1.0
3730,2023-07-05,2263,Timiskaming Health Unit,0.0833,2.0,0.05,1.0,1.0
3731,2023-07-05,2260,Simcoe Muskoka District Health Unit,0.0973,43.0,0.07,0.8997,0.9599
3732,2023-07-05,4913,Southwestern Public Health,0.0519,11.0,0.05,0.6438,0.9178
3733,2023-07-05,2262,Thunder Bay District Health Unit,0.0662,22.0,0.14,0.966,0.9864
3734,2023-07-05,2246,Niagara Regional Area Health Unit,0.0232,49.0,0.1,0.7851,0.957
3735,2023-07-05,2249,Northwestern Health Unit,0.0476,6.0,0.07,0.9773,0.9773
3736,2023-07-05,2244,Middlesex-London Health Unit,0.0535,43.0,0.08,0.8033,0.95
3737,2023-07-05,5183,Huron Perth Health Unit,0.0959,10.0,0.07,0.5301,0.9759
3738,2023-07-05,2237,City of Hamilton Health Unit,0.0762,58.0,0.1,0.9484,0.9853
3739,2023-07-05,2227,Brant County Health Unit,0.0305,19.0,0.12,0.9474,0.9774
3740,2023-07-05,2255,Peterborough County-City Health Unit,0.0,18.0,0.12,0.8731,0.9478
3741,2023-07-05,2242,Lambton Health Unit,0.0,5.0,0.04,0.5143,0.9714
3742,2023-07-05,2253,Peel Regional Health Unit,0.0491,131.0,0.08,0.944,0.9769
3743,2023-07-05,2258,Eastern Ontario Health Unit,0.0272,21.0,0.1,0.9542,1.0
3744,2023-07-05,3895,City of Toronto Health Unit,0.0485,330.0,0.11,0.9212,0.9629
3745,2023-07-05,2266,Wellington-Dufferin-Guelph Health Unit,0.0119,24.0,0.08,0.8226,0.8871
3746,2023-07-04,2240,Chatham-Kent Health Unit,0.0488,6.0,0.06,0.675,0.875
3747,2023-07-04,2226,District of Algoma Health Unit,0.0595,12.0,0.1,0.9634,0.9878
3748,2023-07-04,2270,York Regional Health Unit,0.0634,110.0,0.09,0.9105,0.9693
3749,2023-07-04,2243,"Leeds, Grenville and Lanark District Health Unit",0.023,12.0,0.07,0.9529,0.9882
3750,2023-07-04,2244,Middlesex-London Health Unit,0.0565,40.0,0.08,0.7575,0.9402
3751,2023-07-04,2253,Peel Regional Health Unit,0.0496,130.0,0.08,0.9361,0.9762
3752,2023-07-04,4913,Southwestern Public Health,0.0435,10.0,0.05,0.6462,0.9692
3753,2023-07-04,2266,Wellington-Dufferin-Guelph Health Unit,0.0176,24.0,0.08,0.7835,0.8866
3754,2023-07-04,2236,Halton Regional Health Unit,0.0282,30.0,0.05,0.7743,0.9425
3755,2023-07-04,2261,Sudbury and District Health Unit,0.0239,42.0,0.21,0.9793,0.9897
3756,2023-07-04,2255,Peterborough County-City Health Unit,0.0074,19.0,0.13,0.8613,0.9489
3757,2023-07-04,2237,City of Hamilton Health Unit,0.0732,57.0,0.1,0.945,0.9862
3758,2023-07-04,2251,City of Ottawa Health Unit,0.0434,69.0,0.07,0.9266,0.9727
3759,2023-07-04,2233,Grey Bruce Health Unit,0.0138,21.0,0.12,0.7233,0.9371
3760,2023-07-04,2242,Lambton Health Unit,0.0,6.0,0.04,0.5588,0.9412
3761,2023-07-04,2249,Northwestern Health Unit,0.0213,7.0,0.08,0.9796,0.9796
3762,2023-07-04,2257,Renfrew County and District Health Unit,0.0,7.0,0.06,0.9608,1.0
3763,2023-07-04,35,Ontario,0.0478,1329.0,0.09,0.882,0.9575
3764,2023-07-04,2262,Thunder Bay District Health Unit,0.0822,21.0,0.14,0.9857,0.9929
3765,2023-07-04,2268,Windsor-Essex County Health Unit,0.0843,25.0,0.06,0.8957,0.9816
3766,2023-07-04,2263,Timiskaming Health Unit,0.1111,1.0,0.04,1.0,1.0
3767,2023-07-04,2230,Durham Regional Health Unit,0.0442,42.0,0.06,0.8091,0.9029
3768,2023-07-04,2234,Haldimand-Norfolk Health Unit,0.119,6.0,0.05,0.8537,1.0
3769,2023-07-04,2265,Waterloo Health Unit,0.0661,35.0,0.06,0.805,0.971
3770,2023-07-04,2238,Hastings and Prince Edward Counties Health Unit,0.0,6.0,0.04,0.814,0.9767
3771,2023-07-04,2256,Porcupine Health Unit,0.0508,8.0,0.1,0.9833,0.9833
3772,2023-07-04,2247,North Bay Parry Sound District Health Unit,0.0076,19.0,0.15,0.9714,0.9929
3773,2023-07-04,2258,Eastern Ontario Health Unit,0.0325,22.0,0.11,0.9477,0.9935
3774,2023-07-04,3895,City of Toronto Health Unit,0.0423,338.0,0.11,0.9221,0.9674
3775,2023-07-04,2227,Brant County Health Unit,0.0313,18.0,0.12,0.9449,0.9764
3776,2023-07-04,2260,Simcoe Muskoka District Health Unit,0.0787,44.0,0.07,0.901,0.9712
3777,2023-07-04,2241,"Kingston, Frontenac and Lennox and Addington Health Unit",0.0743,25.0,0.12,0.8953,0.9738
3778,2023-07-04,2235,"Haliburton, Kawartha, Pine Ridge District Health Unit",0.0435,26.0,0.14,0.6594,0.6775
3779,2023-07-04,2246,Niagara Regional Area Health Unit,0.0229,50.0,0.11,0.7849,0.9704
3780,2023-07-04,5183,Huron Perth Health Unit,0.1235,12.0,0.08,0.4756,0.9878
3781,2023-07-03,2242,Lambton Health Unit,0.0,5.0,0.04,0.4848,0.9394
3782,2023-07-03,2266,Wellington-Dufferin-Guelph Health Unit,0.0341,25.0,0.08,0.7814,0.893
3783,2023-07-03,2241,"Kingston, Frontenac and Lennox and Addington Health Unit",0.0756,25.0,0.12,0.8923,0.9692
3784,2023-07-03,2251,City of Ottawa Health Unit,0.0402,68.0,0.06,0.9487,0.9872
3785,2023-07-03,2230,Durham Regional Health Unit,0.0435,43.0,0.06,0.7965,0.9041
3786,2023-07-03,2235,"Haliburton, Kawartha, Pine Ridge District Health Unit",0.0437,26.0,0.14,0.6608,0.6855
3787,2023-07-03,2236,Halton Regional Health Unit,0.0372,31.0,0.05,0.7333,0.9
3788,2023-07-03,2237,City of Hamilton Health Unit,0.0645,62.0,0.1,0.9484,0.9828
3789,2023-07-03,2249,Northwestern Health Unit,0.0204,7.0,0.08,1.0,1.0
3790,2023-07-03,2263,Timiskaming Health Unit,0.1111,1.0,0.04,1.0,1.0
3791,2023-07-03,2256,Porcupine Health Unit,0.0357,8.0,0.1,0.9643,0.9821
3792,2023-07-03,4913,Southwestern Public Health,0.0455,9.0,0.04,0.6575,0.9726
3793,2023-07-03,2270,York Regional Health Unit,0.0708,109.0,0.09,0.8876,0.971
3794,2023-07-03,2243,"Leeds, Grenville and Lanark District Health Unit",0.023,12.0,0.07,0.9381,0.9897
3795,2023-07-03,2246,Niagara Regional Area Health Unit,0.0249,52.0,0.11,0.7553,0.9526
3796,2023-07-03,2238,Hastings and Prince Edward Counties Health Unit,0.0,7.0,0.04,0.7736,0.9623
3797,2023-07-03,2265,Waterloo Health Unit,0.0795,34.0,0.06,0.8165,0.9663
3798,2023-07-03,2268,Windsor-Essex County Health Unit,0.0621,25.0,0.06,0.8721,0.9535
3799,2023-07-03,2261,Sudbury and District Health Unit,0.0205,42.0,0.21,0.9829,0.9898
3800,2023-07-03,2233,Grey Bruce Health Unit,0.0126,23.0,0.13,0.7333,0.9394
3801,2023-07-03,2253,Peel Regional Health Unit,0.0655,135.0,0.08,0.9347,0.9719
3802,2023-07-03,2247,North Bay Parry Sound District Health Unit,0.0072,20.0,0.15,0.9804,0.9935
3803,2023-07-03,2234,Haldimand-Norfolk Health Unit,0.1463,6.0,0.05,0.88,1.0
3804,2023-07-03,2227,Brant County Health Unit,0.015,19.0,0.12,0.9701,0.9851
3805,2023-07-03,3895,City of Toronto Health Unit,0.0499,332.0,0.11,0.9232,0.9655
3806,2023-07-03,2258,Eastern Ontario Health Unit,0.0253,23.0,0.11,0.9568,0.9938
3807,2023-07-03,2226,District of Algoma Health Unit,0.0641,11.0,0.1,0.9733,1.0
3808,2023-07-03,2244,Middlesex-London Health Unit,0.0463,40.0,0.08,0.7458,0.922
3809,2023-07-03,2262,Thunder Bay District Health Unit,0.0634,20.0,0.14,1.0,1.0
3810,2023-07-03,35,Ontario,0.0508,1337.0,0.09,0.8796,0.9545
3811,2023-07-03,2257,Renfrew County and District Health Unit,0.0,7.0,0.06,0.96,1.0
3812,2023-07-03,5183,Huron Perth Health Unit,0.1026,11.0,0.08,0.4767,0.9186
3813,2023-07-03,2240,Chatham-Kent Health Unit,0.0435,7.0,0.06,0.7209,0.8837
3814,2023-07-03,2255,Peterborough County-City Health Unit,0.0079,18.0,0.12,0.8623,0.9493
3815,2023-07-03,2260,Simcoe Muskoka District Health Unit,0.0757,45.0,0.08,0.9133,0.9721
3816,2023-07-02,2256,Porcupine Health Unit,0.0545,8.0,0.09,0.9298,0.9474
3817,2023-07-02,2258,Eastern Ontario Health Unit,0.0181,24.0,0.11,0.9527,0.9941
3818,2023-07-02,2236,Halton Regional Health Unit,0.0556,33.0,0.05,0.7243,0.8971
3819,2023-07-02,2268,Windsor-Essex County Health Unit,0.0675,23.0,0.05,0.8645,0.9484
3820,2023-07-02,2270,York Regional Health Unit,0.0682,109.0,0.09,0.8812,0.9659
3821,2023-07-02,2242,Lambton Health Unit,0.0,4.0,0.03,0.45,0.85
3822,2023-07-02,2261,Sudbury and District Health Unit,0.0195,44.0,0.22,0.9744,0.9872
3823,2023-07-02,2257,Renfrew County and District Health Unit,0.0,7.0,0.07,0.9615,1.0
3824,2023-07-02,4913,Southwestern Public Health,0.0395,11.0,0.05,0.6282,0.9744
3825,2023-07-02,2251,City of Ottawa Health Unit,0.0436,72.0,0.07,0.9597,0.9919
3826,2023-07-02,2235,"Haliburton, Kawartha, Pine Ridge District Health Unit",0.0305,28.0,0.15,0.6608,0.6855
3827,2023-07-02,2241,"Kingston, Frontenac and Lennox and Addington Health Unit",0.0934,26.0,0.12,0.8936,0.9681
3828,2023-07-02,2262,Thunder Bay District Health Unit,0.0592,22.0,0.14,1.0,1.0
3829,2023-07-02,2247,North Bay Parry Sound District Health Unit,0.0061,23.0,0.18,0.9752,0.9876
3830,2023-07-02,2237,City of Hamilton Health Unit,0.0708,67.0,0.11,0.948,0.9834
3831,2023-07-02,2253,Peel Regional Health Unit,0.0653,142.0,0.09,0.935,0.9705
3832,2023-07-02,2238,Hastings and Prince Edward Counties Health Unit,0.0196,7.0,0.04,0.75,0.9615
3833,2023-07-02,2234,Haldimand-Norfolk Health Unit,0.1509,8.0,0.07,0.8772,1.0
3834,2023-07-02,2230,Durham Regional Health Unit,0.0425,44.0,0.06,0.7975,0.9051
3835,2023-07-02,2226,District of Algoma Health Unit,0.0714,12.0,0.1,0.9773,1.0
3836,2023-07-02,2243,"Leeds, Grenville and Lanark District Health Unit",0.0222,13.0,0.07,0.8447,0.9903
3837,2023-07-02,2266,Wellington-Dufferin-Guelph Health Unit,0.0359,28.0,0.09,0.7945,0.8995
3838,2023-07-02,2255,Peterborough County-City Health Unit,0.0072,20.0,0.13,0.8732,0.9507
3839,2023-07-02,2249,Northwestern Health Unit,0.0,7.0,0.08,1.0,1.0
3840,2023-07-02,35,Ontario,0.0504,1405.0,0.09,0.8771,0.9532
3841,2023-07-02,3895,City of Toronto Health Unit,0.0469,347.0,0.11,0.9201,0.9643
3842,2023-07-02,2240,Chatham-Kent Health Unit,0.0233,6.0,0.06,0.6818,0.8864
3843,2023-07-02,2263,Timiskaming Health Unit,0.1,1.0,0.04,1.0,1.0
3844,2023-07-02,2227,Brant County Health Unit,0.0301,19.0,0.12,0.963,0.9778
3845,2023-07-02,2233,Grey Bruce Health Unit,0.0172,25.0,0.15,0.7586,0.9483
3846,2023-07-02,5183,Huron Perth Health Unit,0.0952,12.0,0.09,0.5,0.9333
3847,2023-07-02,2260,Simcoe Muskoka District Health Unit,0.0633,47.0,0.08,0.9091,0.9667
3848,2023-07-02,2265,Waterloo Health Unit,0.0654,37.0,0.06,0.7964,0.9571
3849,2023-07-02,2246,Niagara Regional Area Health Unit,0.0311,55.0,0.12,0.7595,0.9544
3850,2023-07-02,2244,Middlesex-London Health Unit,0.0476,42.0,0.08,0.7524,0.9186
3851,2023-07-01,2230,Durham Regional Health Unit,0.0445,42.0,0.06,0.8013,0.9038
3852,2023-07-01,2241,"Kingston, Frontenac and Lennox and Addington Health Unit",0.0924,26.0,0.12,0.886,0.9689
3853,2023-07-01,2268,Windsor-Essex County Health Unit,0.0719,20.0,0.05,0.8582,0.9403
3854,2023-07-01,35,Ontario,0.0505,1416.0,0.1,0.8768,0.9549
3855,2023-07-01,2265,Waterloo Health Unit,0.0618,39.0,0.07,0.7705,0.9639
3856,2023-07-01,2270,York Regional Health Unit,0.0737,112.0,0.09,0.882,0.9665
3857,2023-07-01,2262,Thunder Bay District Health Unit,0.0685,21.0,0.14,1.0,1.0
3858,2023-07-01,2249,Northwestern Health Unit,0.037,8.0,0.09,1.0,1.0
3859,2023-07-01,2263,Timiskaming Health Unit,0.0,2.0,0.05,1.0,1.0
3860,2023-07-01,2266,Wellington-Dufferin-Guelph Health Unit,0.0396,29.0,0.09,0.7883,0.9009
3861,2023-07-01,2261,Sudbury and District Health Unit,0.0255,45.0,0.23,0.9688,0.9844
3862,2023-07-01,2257,Renfrew County and District Health Unit,0.0,8.0,0.07,0.963,1.0
3863,2023-07-01,2256,Porcupine Health Unit,0.0357,8.0,0.1,0.931,0.9483
3864,2023-07-01,2244,Middlesex-London Health Unit,0.0436,43.0,0.08,0.7384,0.9172
3865,2023-07-01,2242,Lambton Health Unit,0.0294,5.0,0.04,0.4865,0.8378
3866,2023-07-01,2233,Grey Bruce Health Unit,0.0169,25.0,0.15,0.7283,0.9538
3867,2023-07-01,2234,Haldimand-Norfolk Health Unit,0.1429,8.0,0.07,0.8548,1.0
3868,2023-07-01,3895,City of Toronto Health Unit,0.0465,347.0,0.11,0.9248,0.9656
3869,2023-07-01,2227,Brant County Health Unit,0.0299,19.0,0.12,0.9638,0.9783
3870,2023-07-01,2240,Chatham-Kent Health Unit,0.0238,6.0,0.06,0.7273,0.8864
3871,2023-07-01,4913,Southwestern Public Health,0.0395,11.0,0.05,0.5732,0.9878
3872,2023-07-01,2236,Halton Regional Health Unit,0.0482,36.0,0.06,0.7449,0.9109
3873,2023-07-01,2258,Eastern Ontario Health Unit,0.0174,25.0,0.12,0.9593,0.9942
3874,2023-07-01,2251,City of Ottawa Health Unit,0.0393,73.0,0.07,0.9625,0.9921
3875,2023-07-01,2260,Simcoe Muskoka District Health Unit,0.0593,48.0,0.08,0.9171,0.9657
3876,2023-07-01,2253,Peel Regional Health Unit,0.0663,142.0,0.09,0.9355,0.9722
3877,2023-07-01,5183,Huron Perth Health Unit,0.093,12.0,0.09,0.5222,0.9333
3878,2023-07-01,2235,"Haliburton, Kawartha, Pine Ridge District Health Unit",0.0251,28.0,0.15,0.6479,0.6866
3879,2023-07-01,2255,Peterborough County-City Health Unit,0.0148,19.0,0.13,0.8803,0.9507
3880,2023-07-01,2246,Niagara Regional Area Health Unit,0.0381,56.0,0.12,0.7544,0.9624
3881,2023-07-01,2238,Hastings and Prince Edward Counties Health Unit,0.0182,8.0,0.05,0.6935,0.9516
3882,2023-07-01,2243,"Leeds, Grenville and Lanark District Health Unit",0.0103,14.0,0.08,0.7881,0.9915
3883,2023-07-01,2226,District of Algoma Health Unit,0.069,12.0,0.11,0.9877,1.0
3884,2023-07-01,2237,City of Hamilton Health Unit,0.0694,66.0,0.11,0.9473,0.9831
3885,2023-07-01,2247,North Bay Parry Sound District Health Unit,0.006,24.0,0.18,0.9879,0.9879
3886,2023-06-30,2256,Porcupine Health Unit,0.037,8.0,0.09,0.9123,0.9474
3887,2023-06-30,2226,District of Algoma Health Unit,0.0723,12.0,0.1,0.9639,0.988
3888,2023-06-30,2258,Eastern Ontario Health Unit,0.0172,25.0,0.12,0.9532,0.9942
3889,2023-06-30,2240,Chatham-Kent Health Unit,0.0208,7.0,0.06,0.7347,0.8776
3890,2023-06-30,2236,Halton Regional Health Unit,0.0496,35.0,0.06,0.7468,0.9227
3891,2023-06-30,2246,Niagara Regional Area Health Unit,0.043,56.0,0.12,0.7488,0.945
3892,2023-06-30,2247,North Bay Parry Sound District Health Unit,0.0113,25.0,0.19,0.9786,0.9893
3893,2023-06-30,2266,Wellington-Dufferin-Guelph Health Unit,0.0474,30.0,0.1,0.8372,0.9628
3894,2023-06-30,2255,Peterborough County-City Health Unit,0.0214,20.0,0.14,0.8767,0.9521
3895,2023-06-30,2257,Renfrew County and District Health Unit,0.0,8.0,0.07,0.9623,1.0
3896,2023-06-30,35,Ontario,0.0517,1435.0,0.1,0.8729,0.9552
3897,2023-06-30,2249,Northwestern Health Unit,0.04,7.0,0.08,1.0,1.0
3898,2023-06-30,2227,Brant County Health Unit,0.0292,20.0,0.13,0.9538,0.9692
3899,2023-06-30,2238,Hastings and Prince Edward Counties Health Unit,0.0175,8.0,0.05,0.6761,0.9577
3900,2023-06-30,2237,City of Hamilton Health Unit,0.0728,67.0,0.11,0.9443,0.9856
3901,2023-06-30,2233,Grey Bruce Health Unit,0.0178,24.0,0.14,0.7191,0.9551
3902,2023-06-30,2268,Windsor-Essex County Health Unit,0.0813,18.0,0.04,0.8455,0.9431
3903,2023-06-30,2261,Sudbury and District Health Unit,0.0254,45.0,0.23,0.9783,0.9876
3904,2023-06-30,2262,Thunder Bay District Health Unit,0.0541,21.0,0.14,1.0,1.0
3905,2023-06-30,2244,Middlesex-London Health Unit,0.0436,43.0,0.08,0.7373,0.9114
3906,2023-06-30,2242,Lambton Health Unit,0.0286,5.0,0.04,0.4545,0.8182
3907,2023-06-30,2243,"Leeds, Grenville and Lanark District Health Unit",0.0183,16.0,0.09,0.7969,0.9844
3908,2023-06-30,2241,"Kingston, Frontenac and Lennox and Addington Health Unit",0.0802,27.0,0.13,0.868,0.9695
3909,2023-06-30,2251,City of Ottawa Health Unit,0.0368,74.0,0.07,0.9639,0.9924
3910,2023-06-30,3895,City of Toronto Health Unit,0.0452,354.0,0.11,0.9196,0.9643
3911,2023-06-30,2230,Durham Regional Health Unit,0.0507,42.0,0.06,0.7745,0.908
3912,2023-06-30,2260,Simcoe Muskoka District Health Unit,0.0606,52.0,0.09,0.9088,0.9544
3913,2023-06-30,2253,Peel Regional Health Unit,0.0675,144.0,0.09,0.9314,0.9706
3914,2023-06-30,2270,York Regional Health Unit,0.083,114.0,0.09,0.8822,0.9663
3915,2023-06-30,2234,Haldimand-Norfolk Health Unit,0.129,9.0,0.08,0.8615,1.0
3916,2023-06-30,2235,"Haliburton, Kawartha, Pine Ridge District Health Unit",0.0255,28.0,0.15,0.6485,0.6962
3917,2023-06-30,4913,Southwestern Public Health,0.0526,11.0,0.05,0.5862,0.9885
3918,2023-06-30,5183,Huron Perth Health Unit,0.087,13.0,0.09,0.5444,0.9333
3919,2023-06-30,2265,Waterloo Health Unit,0.0607,40.0,0.07,0.7477,0.9574
3920,2023-06-30,2263,Timiskaming Health Unit,0.0,1.0,0.04,1.0,1.0
3921,2023-06-29,2234,Haldimand-Norfolk Health Unit,0.1231,9.0,0.08,0.8438,1.0
3922,2023-06-29,2258,Eastern Ontario Health Unit,0.0179,24.0,0.11,0.781,0.8286
3923,2023-06-29,2226,District of Algoma Health Unit,0.0706,12.0,0.11,0.9655,0.9885
3924,2023-06-29,2235,"Haliburton, Kawartha, Pine Ridge District Health Unit",0.0255,28.0,0.15,0.9104,0.9751
3925,2023-06-29,2242,Lambton Health Unit,0.0588,5.0,0.04,0.5278,0.8333
3926,2023-06-29,2265,Waterloo Health Unit,0.0609,45.0,0.08,0.7464,0.9621
3927,2023-06-29,2227,Brant County Health Unit,0.0362,20.0,0.13,0.9774,0.985
3928,2023-06-29,2251,City of Ottawa Health Unit,0.0283,76.0,0.07,0.6715,0.6927
3929,2023-06-29,2261,Sudbury and District Health Unit,0.0257,44.0,0.22,0.9619,0.9714
3930,2023-06-29,2270,York Regional Health Unit,0.0852,116.0,0.09,0.8865,0.9698
3931,2023-06-29,2266,Wellington-Dufferin-Guelph Health Unit,0.0455,31.0,0.1,0.8438,0.9598
3932,2023-06-29,2249,Northwestern Health Unit,0.0392,7.0,0.08,1.0,1.0
3933,2023-06-29,2255,Peterborough County-City Health Unit,0.0286,20.0,0.14,0.9653,1.0
3934,2023-06-29,2262,Thunder Bay District Health Unit,0.0612,21.0,0.14,0.993,0.993
3935,2023-06-29,5183,Huron Perth Health Unit,0.0652,13.0,0.09,0.5667,0.9333
3936,2023-06-29,2253,Peel Regional Health Unit,0.0621,145.0,0.09,0.9311,0.9696
3937,2023-06-29,2247,North Bay Parry Sound District Health Unit,0.0263,27.0,0.21,0.9643,0.9745
3938,2023-06-29,2246,Niagara Regional Area Health Unit,0.0576,60.0,0.13,0.753,0.9454
3939,2023-06-29,2244,Middlesex-London Health Unit,0.0465,43.0,0.08,0.7377,0.918
3940,2023-06-29,2238,Hastings and Prince Edward Counties Health Unit,0.0145,10.0,0.06,0.6753,0.961
3941,2023-06-29,2237,City of Hamilton Health Unit,0.0731,68.0,0.12,0.9518,0.9916
3942,2023-06-29,2257,Renfrew County and District Health Unit,0.0179,8.0,0.07,0.7778,0.8056
3943,2023-06-29,2240,Chatham-Kent Health Unit,0.0213,7.0,0.06,0.7288,0.8983
3944,2023-06-29,2233,Grey Bruce Health Unit,0.0217,26.0,0.15,0.7619,0.9524
3945,2023-06-29,2230,Durham Regional Health Unit,0.059,44.0,0.06,0.8185,0.949
3946,2023-06-29,3895,City of Toronto Health Unit,0.0473,356.0,0.11,0.9292,0.9705
3947,2023-06-29,2241,"Kingston, Frontenac and Lennox and Addington Health Unit",0.0625,27.0,0.13,0.8505,0.9536
3948,2023-06-29,2243,"Leeds, Grenville and Lanark District Health Unit",0.0155,18.0,0.11,0.6974,0.8421
3949,2023-06-29,2236,Halton Regional Health Unit,0.0447,35.0,0.06,0.7854,0.9272
3950,2023-06-29,2256,Porcupine Health Unit,0.0196,7.0,0.09,0.85,0.9
3951,2023-06-29,35,Ontario,0.0518,1461.0,0.1,0.8552,0.9338
3952,2023-06-29,4913,Southwestern Public Health,0.0349,12.0,0.06,0.5604,0.978
3953,2023-06-29,2260,Simcoe Muskoka District Health Unit,0.0523,52.0,0.09,0.8866,0.9459
3954,2023-06-29,2263,Timiskaming Health Unit,0.0,2.0,0.06,0.9412,1.0
3955,2023-06-29,2268,Windsor-Essex County Health Unit,0.0792,14.0,0.03,0.82,0.93
3956,2023-06-28,2236,Halton Regional Health Unit,0.0335,38.0,0.06,0.7391,0.8949
3957,2023-06-28,2247,North Bay Parry Sound District Health Unit,0.0263,27.0,0.21,0.9643,0.9745
3958,2023-06-28,2258,Eastern Ontario Health Unit,0.0176,24.0,0.12,0.795,0.82
3959,2023-06-28,2243,"Leeds, Grenville and Lanark District Health Unit",0.0155,18.0,0.11,0.7099,0.8519
3960,2023-06-28,2255,Peterborough County-City Health Unit,0.034,21.0,0.14,0.9716,1.0
3961,2023-06-28,2268,Windsor-Essex County Health Unit,0.1011,13.0,0.03,0.8434,0.9277
3962,2023-06-28,2270,York Regional Health Unit,0.0774,120.0,0.1,0.8824,0.9666
3963,2023-06-28,2261,Sudbury and District Health Unit,0.0263,43.0,0.22,0.9646,0.9743
3964,2023-06-28,4913,Southwestern Public Health,0.023,12.0,0.06,0.5978,0.9891
3965,2023-06-28,2260,Simcoe Muskoka District Health Unit,0.0463,52.0,0.09,0.8727,0.9558
3966,2023-06-28,2246,Niagara Regional Area Health Unit,0.0604,59.0,0.13,0.7321,0.94
3967,2023-06-28,2234,Haldimand-Norfolk Health Unit,0.125,9.0,0.08,0.8529,1.0
3968,2023-06-28,2230,Durham Regional Health Unit,0.0466,46.0,0.06,0.8235,0.9588
3969,2023-06-28,3895,City of Toronto Health Unit,0.0496,357.0,0.11,0.9329,0.979
3970,2023-06-28,2266,Wellington-Dufferin-Guelph Health Unit,0.0491,32.0,0.1,0.8397,0.9578
3971,2023-06-28,2238,Hastings and Prince Edward Counties Health Unit,0.0132,11.0,0.06,0.6543,0.963
3972,2023-06-28,2237,City of Hamilton Health Unit,0.0877,68.0,0.12,0.9502,0.9896
3973,2023-06-28,2251,City of Ottawa Health Unit,0.0439,75.0,0.07,0.6724,0.6923
3974,2023-06-28,2233,Grey Bruce Health Unit,0.026,27.0,0.16,0.7398,0.9541
3975,2023-06-28,2235,"Haliburton, Kawartha, Pine Ridge District Health Unit",0.0149,29.0,0.15,0.8976,0.9756
3976,2023-06-28,2226,District of Algoma Health Unit,0.0805,12.0,0.11,0.9518,0.9759
3977,2023-06-28,2249,Northwestern Health Unit,0.0392,7.0,0.08,0.98,1.0
3978,2023-06-28,2242,Lambton Health Unit,0.0789,5.0,0.04,0.5588,0.8235
3979,2023-06-28,35,Ontario,0.0532,1488.0,0.1,0.8528,0.9362
3980,2023-06-28,2253,Peel Regional Health Unit,0.068,147.0,0.09,0.9319,0.9702
3981,2023-06-28,2241,"Kingston, Frontenac and Lennox and Addington Health Unit",0.067,28.0,0.13,0.8673,0.9643
3982,2023-06-28,2244,Middlesex-London Health Unit,0.0492,44.0,0.09,0.7574,0.929
3983,2023-06-28,2227,Brant County Health Unit,0.0355,20.0,0.13,0.9485,0.9779
3984,2023-06-28,2263,Timiskaming Health Unit,0.0,2.0,0.07,0.9412,1.0
3985,2023-06-28,2262,Thunder Bay District Health Unit,0.0616,21.0,0.14,0.9799,0.9933
3986,2023-06-28,2240,Chatham-Kent Health Unit,0.0536,8.0,0.08,0.7612,0.9254
3987,2023-06-28,5183,Huron Perth Health Unit,0.0526,14.0,0.1,0.5833,0.9286
3988,2023-06-28,2257,Renfrew County and District Health Unit,0.0159,9.0,0.08,0.8025,0.8272
3989,2023-06-28,2265,Waterloo Health Unit,0.0598,50.0,0.09,0.7322,0.9607
3990,2023-06-28,2256,Porcupine Health Unit,0.0189,8.0,0.09,0.8621,0.9138
3991,2023-06-27,2230,Durham Regional Health Unit,0.0506,45.0,0.06,0.8431,0.9662
3992,2023-06-27,2226,District of Algoma Health Unit,0.0682,13.0,0.11,0.9412,0.9765
3993,2023-06-27,2255,Peterborough County-City Health Unit,0.0282,20.0,0.14,0.9504,0.9858
3994,2023-06-27,2249,Northwestern Health Unit,0.0426,7.0,0.08,0.9787,1.0
3995,2023-06-27,2242,Lambton Health Unit,0.0833,5.0,0.04,0.5625,0.8125
3996,2023-06-27,2258,Eastern Ontario Health Unit,0.04,25.0,0.12,0.7923,0.8261
3997,2023-06-27,2233,Grey Bruce Health Unit,0.0319,27.0,0.16,0.7306,0.9637
3998,2023-06-27,3895,City of Toronto Health Unit,0.0542,348.0,0.11,0.9321,0.9786
3999,2023-06-27,4913,Southwestern Public Health,0.0208,14.0,0.06,0.5851,0.9894
4000,2023-06-27,2260,Simcoe Muskoka District Health Unit,0.0461,53.0,0.09,0.863,0.9612
4001,2023-06-27,2262,Thunder Bay District Health Unit,0.0548,21.0,0.14,0.9671,0.9868
4002,2023-06-27,2263,Timiskaming Health Unit,0.0625,2.0,0.07,0.9375,1.0
4003,2023-06-27,2257,Renfrew County and District Health Unit,0.0152,9.0,0.09,0.8052,0.8182
4004,2023-06-27,2256,Porcupine Health Unit,0.0357,8.0,0.1,0.8364,0.8909
4005,2023-06-27,2253,Peel Regional Health Unit,0.0806,147.0,0.09,0.936,0.9708
4006,2023-06-27,2238,Hastings and Prince Edward Counties Health Unit,0.0256,11.0,0.07,0.6282,0.9359
4007,2023-06-27,35,Ontario,0.0559,1492.0,0.1,0.8543,0.9367
4008,2023-06-27,2237,City of Hamilton Health Unit,0.0936,69.0,0.12,0.9478,0.987
4009,2023-06-27,2234,Haldimand-Norfolk Health Unit,0.1324,10.0,0.09,0.8904,1.0
4010,2023-06-27,2265,Waterloo Health Unit,0.043,53.0,0.09,0.7105,0.9562
4011,2023-06-27,2251,City of Ottawa Health Unit,0.0497,78.0,0.07,0.6693,0.6921
4012,2023-06-27,5183,Huron Perth Health Unit,0.0337,13.0,0.09,0.5765,0.9176
4013,2023-06-27,2241,"Kingston, Frontenac and Lennox and Addington Health Unit",0.0612,28.0,0.13,0.9171,0.9689
4014,2023-06-27,2240,Chatham-Kent Health Unit,0.0462,9.0,0.09,0.7627,0.9492
4015,2023-06-27,2261,Sudbury and District Health Unit,0.0187,46.0,0.23,0.9693,0.9785
4016,2023-06-27,2227,Brant County Health Unit,0.0388,18.0,0.12,0.9394,0.9773
4017,2023-06-27,2246,Niagara Regional Area Health Unit,0.0647,60.0,0.13,0.7284,0.9309
4018,2023-06-27,2270,York Regional Health Unit,0.0771,122.0,0.1,0.8839,0.9662
4019,2023-06-27,2268,Windsor-Essex County Health Unit,0.12,11.0,0.03,0.7568,0.9054
4020,2023-06-27,2266,Wellington-Dufferin-Guelph Health Unit,0.0478,33.0,0.11,0.8326,0.9571
4021,2023-06-27,2235,"Haliburton, Kawartha, Pine Ridge District Health Unit",0.0204,28.0,0.15,0.8981,0.9806
4022,2023-06-27,2244,Middlesex-London Health Unit,0.0503,48.0,0.1,0.7945,0.9479
4023,2023-06-27,2236,Halton Regional Health Unit,0.0426,37.0,0.06,0.7656,0.8789
4024,2023-06-27,2247,North Bay Parry Sound District Health Unit,0.0256,28.0,0.21,0.9643,0.9796
4025,2023-06-27,2243,"Leeds, Grenville and Lanark District Health Unit",0.0072,20.0,0.11,0.7446,0.8696
4026,2023-06-26,2243,"Leeds, Grenville and Lanark District Health Unit",0.0188,23.0,0.13,0.7554,0.875
4027,2023-06-26,2244,Middlesex-London Health Unit,0.0627,50.0,0.1,0.7942,0.9536
4028,2023-06-26,2241,"Kingston, Frontenac and Lennox and Addington Health Unit",0.0534,29.0,0.14,0.9256,0.9721
4029,2023-06-26,2270,York Regional Health Unit,0.0738,130.0,0.11,0.8963,0.961
4030,2023-06-26,2237,City of Hamilton Health Unit,0.0961,65.0,0.11,0.941,0.9782
4031,2023-06-26,2246,Niagara Regional Area Health Unit,0.0831,57.0,0.12,0.7377,0.9377
4032,2023-06-26,2265,Waterloo Health Unit,0.0526,57.0,0.1,0.7044,0.9557
4033,2023-06-26,35,Ontario,0.0571,1518.0,0.1,0.8556,0.9373
4034,2023-06-26,2255,Peterborough County-City Health Unit,0.027,21.0,0.14,0.9536,0.9868
4035,2023-06-26,2253,Peel Regional Health Unit,0.0712,149.0,0.09,0.9358,0.9712
4036,2023-06-26,2260,Simcoe Muskoka District Health Unit,0.0512,53.0,0.09,0.8497,0.956
4037,2023-06-26,5183,Huron Perth Health Unit,0.0238,12.0,0.09,0.6098,0.9756
4038,2023-06-26,2242,Lambton Health Unit,0.0857,5.0,0.04,0.6579,0.8158
4039,2023-06-26,2226,District of Algoma Health Unit,0.0575,12.0,0.11,0.9231,0.967
4040,2023-06-26,2258,Eastern Ontario Health Unit,0.0549,23.0,0.11,0.7711,0.8159
4041,2023-06-26,2233,Grey Bruce Health Unit,0.0317,27.0,0.16,0.7487,0.9626
4042,2023-06-26,2236,Halton Regional Health Unit,0.0573,37.0,0.06,0.8023,0.9109
4043,2023-06-26,2238,Hastings and Prince Edward Counties Health Unit,0.025,11.0,0.07,0.6667,0.9405
4044,2023-06-26,2235,"Haliburton, Kawartha, Pine Ridge District Health Unit",0.0202,28.0,0.15,0.8974,0.9795
4045,2023-06-26,3895,City of Toronto Health Unit,0.0547,360.0,0.12,0.9275,0.9795
4046,2023-06-26,4913,Southwestern Public Health,0.0108,13.0,0.06,0.5977,0.9885
4047,2023-06-26,2256,Porcupine Health Unit,0.0333,9.0,0.1,0.8525,0.8852
4048,2023-06-26,2257,Renfrew County and District Health Unit,0.0145,10.0,0.09,0.8049,0.8171
4049,2023-06-26,2266,Wellington-Dufferin-Guelph Health Unit,0.0442,32.0,0.1,0.8349,0.9541
4050,2023-06-26,2268,Windsor-Essex County Health Unit,0.1525,8.0,0.02,0.75,0.9375
4051,2023-06-26,2249,Northwestern Health Unit,0.0612,7.0,0.08,0.9804,1.0
4052,2023-06-26,2262,Thunder Bay District Health Unit,0.0503,23.0,0.15,0.9686,0.9874
4053,2023-06-26,2263,Timiskaming Health Unit,0.0588,2.0,0.07,0.9375,1.0
4054,2023-06-26,2247,North Bay Parry Sound District Health Unit,0.0199,29.0,0.22,0.9563,0.9806
4055,2023-06-26,2227,Brant County Health Unit,0.0569,18.0,0.11,0.9262,0.9672
4056,2023-06-26,2251,City of Ottawa Health Unit,0.0554,75.0,0.07,0.6776,0.6974
4057,2023-06-26,2261,Sudbury and District Health Unit,0.024,48.0,0.24,0.9714,0.98
4058,2023-06-26,2234,Haldimand-Norfolk Health Unit,0.0972,10.0,0.09,0.8788,1.0
4059,2023-06-26,2240,Chatham-Kent Health Unit,0.0492,9.0,0.08,0.7612,0.9552
4060,2023-06-26,2230,Durham Regional Health Unit,0.0559,46.0,0.06,0.8061,0.9455
4061,2023-06-25,2261,Sudbury and District Health Unit,0.0233,49.0,0.25,0.9768,0.9826
4062,2023-06-25,2237,City of Hamilton Health Unit,0.0854,64.0,0.11,0.9269,0.968
4063,2023-06-25,2251,City of Ottawa Health Unit,0.0668,77.0,0.07,0.6715,0.6927
4064,2023-06-25,2240,Chatham-Kent Health Unit,0.0769,9.0,0.09,0.7941,0.9559
4065,2023-06-25,2268,Windsor-Essex County Health Unit,0.1406,9.0,0.02,0.7656,0.9531
4066,2023-06-25,2266,Wellington-Dufferin-Guelph Health Unit,0.0524,33.0,0.1,0.8435,0.9565
4067,2023-06-25,2256,Porcupine Health Unit,0.0345,8.0,0.1,0.8033,0.8361
4068,2023-06-25,2257,Renfrew County and District Health Unit,0.0294,10.0,0.09,0.8118,0.8235
4069,2023-06-25,2262,Thunder Bay District Health Unit,0.0397,22.0,0.14,0.9605,0.9803
4070,2023-06-25,2260,Simcoe Muskoka District Health Unit,0.0508,53.0,0.09,0.8534,0.9607
4071,2023-06-25,2243,"Leeds, Grenville and Lanark District Health Unit",0.0189,23.0,0.13,0.7647,0.8717
4072,2023-06-25,2253,Peel Regional Health Unit,0.074,149.0,0.09,0.9303,0.9695
4073,2023-06-25,2233,Grey Bruce Health Unit,0.0273,26.0,0.15,0.7207,0.9609
4074,2023-06-25,2235,"Haliburton, Kawartha, Pine Ridge District Health Unit",0.0245,29.0,0.15,0.8947,0.9713
4075,2023-06-25,2236,Halton Regional Health Unit,0.0538,37.0,0.06,0.8147,0.9189
4076,2023-06-25,2241,"Kingston, Frontenac and Lennox and Addington Health Unit",0.0413,31.0,0.15,0.9269,0.9726
4077,2023-06-25,2242,Lambton Health Unit,0.0732,6.0,0.04,0.7879,0.9091
4078,2023-06-25,2247,North Bay Parry Sound District Health Unit,0.0299,29.0,0.22,0.9434,0.9858
4079,2023-06-25,2246,Niagara Regional Area Health Unit,0.0807,55.0,0.12,0.7418,0.9396
4080,2023-06-25,2249,Northwestern Health Unit,0.0909,8.0,0.09,0.9821,1.0
4081,2023-06-25,2244,Middlesex-London Health Unit,0.0831,50.0,0.1,0.784,0.9527
4082,2023-06-25,2258,Eastern Ontario Health Unit,0.0802,23.0,0.11,0.775,0.815
4083,2023-06-25,4913,Southwestern Public Health,0.0217,13.0,0.06,0.6265,0.9759
4084,2023-06-25,2265,Waterloo Health Unit,0.0654,61.0,0.1,0.7309,0.9629
4085,2023-06-25,2255,Peterborough County-City Health Unit,0.0268,21.0,0.14,0.9536,0.9868
4086,2023-06-25,35,Ontario,0.0599,1535.0,0.1,0.8572,0.9378
4087,2023-06-25,2234,Haldimand-Norfolk Health Unit,0.0909,9.0,0.08,0.8261,0.9565
4088,2023-06-25,5183,Huron Perth Health Unit,0.0455,13.0,0.09,0.6235,0.9765
4089,2023-06-25,2270,York Regional Health Unit,0.079,132.0,0.11,0.9052,0.9666
4090,2023-06-25,3895,City of Toronto Health Unit,0.0565,367.0,0.12,0.9296,0.9802
4091,2023-06-25,2263,Timiskaming Health Unit,0.0625,2.0,0.07,0.9375,1.0
4092,2023-06-25,2226,District of Algoma Health Unit,0.0449,13.0,0.11,0.9167,0.9643
4093,2023-06-25,2230,Durham Regional Health Unit,0.064,47.0,0.07,0.8136,0.9492
4094,2023-06-25,2238,Hastings and Prince Edward Counties Health Unit,0.0119,12.0,0.07,0.6941,0.9412
4095,2023-06-25,2227,Brant County Health Unit,0.04,18.0,0.12,0.9333,0.975
4096,2023-06-24,2227,Brant County Health Unit,0.0417,17.0,0.11,0.9231,0.9658
4097,2023-06-24,2235,"Haliburton, Kawartha, Pine Ridge District Health Unit",0.0244,29.0,0.16,0.91,0.97
4098,2023-06-24,2270,York Regional Health Unit,0.069,128.0,0.1,0.8929,0.9614
4099,2023-06-24,2256,Porcupine Health Unit,0.0377,8.0,0.09,0.7903,0.8226
4100,2023-06-24,35,Ontario,0.061,1536.0,0.1,0.8517,0.9336
4101,2023-06-24,2266,Wellington-Dufferin-Guelph Health Unit,0.0513,33.0,0.11,0.8445,0.9496
4102,2023-06-24,2263,Timiskaming Health Unit,0.0667,2.0,0.07,0.9286,1.0
4103,2023-06-24,2268,Windsor-Essex County Health Unit,0.1471,10.0,0.02,0.7778,0.9524
4104,2023-06-24,2249,Northwestern Health Unit,0.06,7.0,0.08,0.9623,1.0
4105,2023-06-24,2238,Hastings and Prince Edward Counties Health Unit,0.0235,12.0,0.07,0.6824,0.9412
4106,2023-06-24,2246,Niagara Regional Area Health Unit,0.0802,53.0,0.11,0.7354,0.9286
4107,2023-06-24,2241,"Kingston, Frontenac and Lennox and Addington Health Unit",0.0457,31.0,0.15,0.9238,0.9731
4108,2023-06-24,2237,City of Hamilton Health Unit,0.0899,62.0,0.1,0.9231,0.9683
4109,2023-06-24,2240,Chatham-Kent Health Unit,0.0845,10.0,0.1,0.7971,0.9565
4110,2023-06-24,2258,Eastern Ontario Health Unit,0.0897,22.0,0.11,0.7594,0.8021
4111,2023-06-24,2251,City of Ottawa Health Unit,0.0758,75.0,0.07,0.6676,0.6852
4112,2023-06-24,2230,Durham Regional Health Unit,0.0609,49.0,0.07,0.8026,0.9526
4113,2023-06-24,3895,City of Toronto Health Unit,0.0602,370.0,0.12,0.9255,0.9775
4114,2023-06-24,2242,Lambton Health Unit,0.0526,5.0,0.04,0.7692,0.9231
4115,2023-06-24,2226,District of Algoma Health Unit,0.0482,12.0,0.1,0.9157,0.9639
4116,2023-06-24,2247,North Bay Parry Sound District Health Unit,0.0326,31.0,0.24,0.9361,0.9863
4117,2023-06-24,5183,Huron Perth Health Unit,0.0562,13.0,0.09,0.6067,0.9775
4118,2023-06-24,2255,Peterborough County-City Health Unit,0.0255,22.0,0.15,0.9512,0.9878
4119,2023-06-24,2236,Halton Regional Health Unit,0.0659,37.0,0.06,0.7964,0.9236
4120,2023-06-24,2261,Sudbury and District Health Unit,0.021,48.0,0.24,0.982,0.985
4121,2023-06-24,4913,Southwestern Public Health,0.0341,13.0,0.06,0.6353,0.9294
4122,2023-06-24,2243,"Leeds, Grenville and Lanark District Health Unit",0.0181,24.0,0.14,0.7692,0.8681
4123,2023-06-24,2233,Grey Bruce Health Unit,0.0333,26.0,0.15,0.75,0.9602
4124,2023-06-24,2262,Thunder Bay District Health Unit,0.0452,22.0,0.15,0.9625,0.9813
4125,2023-06-24,2265,Waterloo Health Unit,0.0708,63.0,0.11,0.7043,0.9196
4126,2023-06-24,2260,Simcoe Muskoka District Health Unit,0.0488,53.0,0.09,0.8482,0.9621
4127,2023-06-24,2257,Renfrew County and District Health Unit,0.0294,10.0,0.09,0.8072,0.8193
4128,2023-06-24,2253,Peel Regional Health Unit,0.0698,151.0,0.09,0.9282,0.9674
4129,2023-06-24,2244,Middlesex-London Health Unit,0.0826,50.0,0.1,0.7855,0.9387
4130,2023-06-24,2234,Haldimand-Norfolk Health Unit,0.0923,9.0,0.08,0.7846,0.9385
4131,2023-06-23,2235,"Haliburton, Kawartha, Pine Ridge District Health Unit",0.0191,30.0,0.16,0.9132,0.9726
4132,2023-06-23,2236,Halton Regional Health Unit,0.0595,38.0,0.06,0.79,0.9146
4133,2023-06-23,2265,Waterloo Health Unit,0.0726,63.0,0.11,0.7031,0.9174
4134,2023-06-23,2247,North Bay Parry Sound District Health Unit,0.0364,31.0,0.24,0.9401,0.9862
4135,2023-06-23,2242,Lambton Health Unit,0.0526,5.0,0.04,0.6939,0.898
4136,2023-06-23,4913,Southwestern Public Health,0.0366,12.0,0.06,0.619,0.9167
4137,2023-06-23,2227,Brant County Health Unit,0.0531,16.0,0.1,0.9333,0.975
4138,2023-06-23,2255,Peterborough County-City Health Unit,0.0242,24.0,0.16,0.9464,0.9821
4139,2023-06-23,2262,Thunder Bay District Health Unit,0.0473,21.0,0.14,0.9597,0.9799
4140,2023-06-23,2256,Porcupine Health Unit,0.0351,8.0,0.1,0.8065,0.8226
4141,2023-06-23,2261,Sudbury and District Health Unit,0.0235,49.0,0.24,0.9738,0.9855
4142,2023-06-23,2257,Renfrew County and District Health Unit,0.029,10.0,0.09,0.7821,0.8077
4143,2023-06-23,35,Ontario,0.0589,1548.0,0.1,0.8499,0.9329
4144,2023-06-23,2243,"Leeds, Grenville and Lanark District Health Unit",0.012,24.0,0.14,0.7637,0.8736
4145,2023-06-23,2244,Middlesex-London Health Unit,0.0798,50.0,0.1,0.7898,0.946
4146,2023-06-23,2246,Niagara Regional Area Health Unit,0.0765,54.0,0.11,0.7318,0.9441
4147,2023-06-23,2249,Northwestern Health Unit,0.0566,8.0,0.09,0.9636,1.0
4148,2023-06-23,2233,Grey Bruce Health Unit,0.0317,27.0,0.16,0.7684,0.9605
4149,2023-06-23,2258,Eastern Ontario Health Unit,0.0875,23.0,0.11,0.7656,0.8073
4150,2023-06-23,2234,Haldimand-Norfolk Health Unit,0.1034,8.0,0.07,0.75,0.9375
4151,2023-06-23,2237,City of Hamilton Health Unit,0.0841,63.0,0.11,0.9137,0.9668
4152,2023-06-23,2241,"Kingston, Frontenac and Lennox and Addington Health Unit",0.045,32.0,0.15,0.9361,0.9726
4153,2023-06-23,2226,District of Algoma Health Unit,0.0349,12.0,0.11,0.9302,0.9651
4154,2023-06-23,2230,Durham Regional Health Unit,0.0587,51.0,0.07,0.8101,0.9469
4155,2023-06-23,2251,City of Ottawa Health Unit,0.0803,75.0,0.07,0.6662,0.6826
4156,2023-06-23,2268,Windsor-Essex County Health Unit,0.137,10.0,0.02,0.7692,0.9538
4157,2023-06-23,2263,Timiskaming Health Unit,0.0625,2.0,0.07,0.9333,1.0
4158,2023-06-23,5183,Huron Perth Health Unit,0.0588,12.0,0.09,0.5632,0.9655
4159,2023-06-23,2238,Hastings and Prince Edward Counties Health Unit,0.0238,12.0,0.07,0.679,0.9136
4160,2023-06-23,2270,York Regional Health Unit,0.0628,130.0,0.11,0.892,0.9614
4161,2023-06-23,3895,City of Toronto Health Unit,0.0588,372.0,0.12,0.924,0.9794
4162,2023-06-23,2240,Chatham-Kent Health Unit,0.1029,10.0,0.09,0.6,0.7222
4163,2023-06-23,2260,Simcoe Muskoka District Health Unit,0.0483,50.0,0.08,0.8446,0.9718
4164,2023-06-23,2253,Peel Regional Health Unit,0.0615,156.0,0.1,0.9299,0.9709
4165,2023-06-23,2266,Wellington-Dufferin-Guelph Health Unit,0.048,33.0,0.1,0.8421,0.9474
4166,2023-06-22,5183,Huron Perth Health Unit,0.0595,12.0,0.09,0.5595,0.9643
4167,2023-06-22,2258,Eastern Ontario Health Unit,0.097,24.0,0.11,0.9543,0.9886
4168,2023-06-22,2263,Timiskaming Health Unit,0.0667,2.0,0.07,1.0,1.0
4169,2023-06-22,2226,District of Algoma Health Unit,0.0357,12.0,0.1,0.9059,0.9647
4170,2023-06-22,2234,Haldimand-Norfolk Health Unit,0.1186,8.0,0.07,0.7612,0.9403
4171,2023-06-22,2242,Lambton Health Unit,0.0476,6.0,0.05,0.64,0.9
4172,2023-06-22,2238,Hastings and Prince Edward Counties Health Unit,0.0241,12.0,0.07,0.6824,0.9176
4173,2023-06-22,2240,Chatham-Kent Health Unit,0.1045,10.0,0.09,0.5765,0.7176
4174,2023-06-22,2257,Renfrew County and District Health Unit,0.0164,9.0,0.08,0.9524,0.9841
4175,2023-06-22,2265,Waterloo Health Unit,0.069,62.0,0.11,0.6815,0.913
4176,2023-06-22,2262,Thunder Bay District Health Unit,0.0333,21.0,0.14,0.9673,0.9869
4177,2023-06-22,2236,Halton Regional Health Unit,0.0712,38.0,0.06,0.782,0.9173
4178,2023-06-22,2244,Middlesex-London Health Unit,0.0922,51.0,0.1,0.8056,0.9408
4179,2023-06-22,2268,Windsor-Essex County Health Unit,0.1333,11.0,0.03,0.7692,0.9615
4180,2023-06-22,2243,"Leeds, Grenville and Lanark District Health Unit",0.0188,23.0,0.13,0.872,0.9939
4181,2023-06-22,2270,York Regional Health Unit,0.0659,130.0,0.11,0.8941,0.9607
4182,2023-06-22,2260,Simcoe Muskoka District Health Unit,0.0489,50.0,0.08,0.8661,0.9821
4183,2023-06-22,4913,Southwestern Public Health,0.0385,11.0,0.05,0.5978,0.9348
4184,2023-06-22,2249,Northwestern Health Unit,0.0638,7.0,0.08,0.9565,1.0
4185,2023-06-22,2247,North Bay Parry Sound District Health Unit,0.027,32.0,0.24,0.9495,1.0
4186,2023-06-22,35,Ontario,0.0606,1546.0,0.1,0.8762,0.9667
4187,2023-06-22,2237,City of Hamilton Health Unit,0.0866,63.0,0.11,0.9095,0.9647
4188,2023-06-22,3895,City of Toronto Health Unit,0.0598,371.0,0.12,0.9192,0.9821
4189,2023-06-22,2233,Grey Bruce Health Unit,0.0294,24.0,0.14,0.7514,0.9711
4190,2023-06-22,2251,City of Ottawa Health Unit,0.0988,74.0,0.07,0.9563,0.996
4191,2023-06-22,2227,Brant County Health Unit,0.0769,17.0,0.11,0.8992,0.958
4192,2023-06-22,2241,"Kingston, Frontenac and Lennox and Addington Health Unit",0.0617,32.0,0.15,0.9552,0.991
4193,2023-06-22,2253,Peel Regional Health Unit,0.0632,160.0,0.1,0.9341,0.9757
4194,2023-06-22,2230,Durham Regional Health Unit,0.0525,52.0,0.07,0.8111,0.95
4195,2023-06-22,2255,Peterborough County-City Health Unit,0.0178,24.0,0.16,0.9524,0.9821
4196,2023-06-22,2235,"Haliburton, Kawartha, Pine Ridge District Health Unit",0.0179,32.0,0.17,0.9289,0.9911
4197,2023-06-22,2256,Porcupine Health Unit,0.0364,8.0,0.09,0.8519,0.8519
4198,2023-06-22,2246,Niagara Regional Area Health Unit,0.0576,50.0,0.1,0.7193,0.9412
4199,2023-06-22,2266,Wellington-Dufferin-Guelph Health Unit,0.0633,32.0,0.1,0.8235,0.9457
4200,2023-06-22,2261,Sudbury and District Health Unit,0.0231,50.0,0.25,0.9795,0.9942
4201,2023-06-21,2258,Eastern Ontario Health Unit,0.1959,28.0,0.13,0.9568,0.9892
4202,2023-06-21,2238,Hastings and Prince Edward Counties Health Unit,0.038,11.0,0.07,0.6628,0.907
4203,2023-06-21,2244,Middlesex-London Health Unit,0.0919,51.0,0.1,0.8318,0.9408
4204,2023-06-21,2268,Windsor-Essex County Health Unit,0.137,10.0,0.02,0.7683,0.9634
4205,2023-06-21,2237,City of Hamilton Health Unit,0.0642,62.0,0.11,0.9167,0.9653
4206,2023-06-21,2227,Brant County Health Unit,0.0714,16.0,0.1,0.916,0.9664
4207,2023-06-21,2251,City of Ottawa Health Unit,0.1031,75.0,0.07,0.9528,0.9961
4208,2023-06-21,2242,Lambton Health Unit,0.0465,6.0,0.05,0.5455,0.8909
4209,2023-06-21,2243,"Leeds, Grenville and Lanark District Health Unit",0.0238,24.0,0.14,0.8667,0.9879
4210,2023-06-21,2261,Sudbury and District Health Unit,0.0202,49.0,0.25,0.9718,0.9887
4211,2023-06-21,2265,Waterloo Health Unit,0.0808,62.0,0.11,0.686,0.8931
4212,2023-06-21,2256,Porcupine Health Unit,0.0517,8.0,0.1,0.8571,0.8571
4213,2023-06-21,2249,Northwestern Health Unit,0.0833,7.0,0.08,0.9792,1.0
4214,2023-06-21,2246,Niagara Regional Area Health Unit,0.0616,51.0,0.11,0.7434,0.9417
4215,2023-06-21,2247,North Bay Parry Sound District Health Unit,0.0315,32.0,0.24,0.9524,1.0
4216,2023-06-21,2262,Thunder Bay District Health Unit,0.0196,22.0,0.15,0.9671,0.9803
4217,2023-06-21,2263,Timiskaming Health Unit,0.0833,2.0,0.05,1.0,1.0
4218,2023-06-21,2266,Wellington-Dufferin-Guelph Health Unit,0.0649,33.0,0.11,0.8502,0.9604
4219,2023-06-21,2253,Peel Regional Health Unit,0.0686,160.0,0.1,0.9349,0.9789
4220,2023-06-21,3895,City of Toronto Health Unit,0.0655,373.0,0.12,0.919,0.9824
4221,2023-06-21,5183,Huron Perth Health Unit,0.0465,12.0,0.09,0.5556,0.9495
4222,2023-06-21,2241,"Kingston, Frontenac and Lennox and Addington Health Unit",0.0529,32.0,0.15,0.9492,0.9915
4223,2023-06-21,2230,Durham Regional Health Unit,0.063,50.0,0.07,0.8182,0.9574
4224,2023-06-21,2236,Halton Regional Health Unit,0.069,37.0,0.06,0.8086,0.9492
4225,2023-06-21,2234,Haldimand-Norfolk Health Unit,0.1094,9.0,0.08,0.75,0.9375
4226,2023-06-21,2235,"Haliburton, Kawartha, Pine Ridge District Health Unit",0.0224,32.0,0.17,0.9397,0.9914
4227,2023-06-21,35,Ontario,0.0647,1553.0,0.1,0.8829,0.9686
4228,2023-06-21,2257,Renfrew County and District Health Unit,0.0156,9.0,0.08,0.9206,0.9841
4229,2023-06-21,2270,York Regional Health Unit,0.067,130.0,0.11,0.909,0.9689
4230,2023-06-21,2240,Chatham-Kent Health Unit,0.1,9.0,0.08,0.5,0.6622
4231,2023-06-21,2233,Grey Bruce Health Unit,0.0238,24.0,0.14,0.7657,0.9714
4232,2023-06-21,2226,District of Algoma Health Unit,0.0244,12.0,0.1,0.9231,0.978
4233,2023-06-21,4913,Southwestern Public Health,0.0366,12.0,0.06,0.6092,0.931
4234,2023-06-21,2260,Simcoe Muskoka District Health Unit,0.06,50.0,0.08,0.8982,0.985
4235,2023-06-21,2255,Peterborough County-City Health Unit,0.0234,24.0,0.17,0.9486,0.9829
4236,2023-06-20,2241,"Kingston, Frontenac and Lennox and Addington Health Unit",0.0656,35.0,0.16,0.9542,0.9917
4237,2023-06-20,2238,Hastings and Prince Edward Counties Health Unit,0.0375,11.0,0.07,0.68,0.92
4238,2023-06-20,2256,Porcupine Health Unit,0.04,7.0,0.09,0.8571,0.8571
4239,2023-06-20,3895,City of Toronto Health Unit,0.0661,383.0,0.12,0.9155,0.9836
4240,2023-06-20,2251,City of Ottawa Health Unit,0.1044,71.0,0.07,0.9602,0.9958
4241,2023-06-20,2240,Chatham-Kent Health Unit,0.1096,10.0,0.1,0.5455,0.6883
4242,2023-06-20,2236,Halton Regional Health Unit,0.0725,37.0,0.06,0.7985,0.9254
4243,2023-06-20,2247,North Bay Parry Sound District Health Unit,0.04,36.0,0.28,0.96,1.0
4244,2023-06-20,2258,Eastern Ontario Health Unit,0.1925,27.0,0.13,0.967,0.9945
4245,2023-06-20,4913,Southwestern Public Health,0.044,13.0,0.06,0.6526,0.9158
4246,2023-06-20,2265,Waterloo Health Unit,0.0797,63.0,0.11,0.6737,0.9011
4247,2023-06-20,2268,Windsor-Essex County Health Unit,0.1889,13.0,0.03,0.8556,0.9778
4248,2023-06-20,2253,Peel Regional Health Unit,0.0664,163.0,0.1,0.933,0.9756
4249,2023-06-20,2270,York Regional Health Unit,0.0663,134.0,0.11,0.9264,0.9788
4250,2023-06-20,2263,Timiskaming Health Unit,0.0,2.0,0.06,1.0,1.0
4251,2023-06-20,2257,Renfrew County and District Health Unit,0.0164,9.0,0.08,0.9153,0.9831
4252,2023-06-20,2262,Thunder Bay District Health Unit,0.0197,22.0,0.14,0.9797,0.9865
4253,2023-06-20,2260,Simcoe Muskoka District Health Unit,0.0531,48.0,0.08,0.9132,0.9807
4254,2023-06-20,2244,Middlesex-London Health Unit,0.1021,48.0,0.09,0.8438,0.9375
4255,2023-06-20,2233,Grey Bruce Health Unit,0.0169,25.0,0.15,0.7805,0.9756
4256,2023-06-20,35,Ontario,0.0645,1586.0,0.11,0.8877,0.9697
4257,2023-06-20,2243,"Leeds, Grenville and Lanark District Health Unit",0.0298,24.0,0.14,0.8514,0.9865
4258,2023-06-20,2242,Lambton Health Unit,0.0652,7.0,0.05,0.5385,0.9038
4259,2023-06-20,2234,Haldimand-Norfolk Health Unit,0.0462,9.0,0.08,0.75,0.9375
4260,2023-06-20,2227,Brant County Health Unit,0.072,18.0,0.12,0.92,0.968
4261,2023-06-20,2261,Sudbury and District Health Unit,0.0257,50.0,0.25,0.9715,0.9886
4262,2023-06-20,2249,Northwestern Health Unit,0.1071,8.0,0.09,0.9464,0.9821
4263,2023-06-20,2226,District of Algoma Health Unit,0.0227,13.0,0.11,0.9419,0.9767
4264,2023-06-20,2237,City of Hamilton Health Unit,0.0502,63.0,0.11,0.9236,0.9663
4265,2023-06-20,2230,Durham Regional Health Unit,0.0588,51.0,0.07,0.8171,0.9571
4266,2023-06-20,2246,Niagara Regional Area Health Unit,0.0628,52.0,0.11,0.7605,0.9581
4267,2023-06-20,5183,Huron Perth Health Unit,0.043,13.0,0.1,0.5784,0.9608
4268,2023-06-20,2235,"Haliburton, Kawartha, Pine Ridge District Health Unit",0.0171,33.0,0.18,0.9526,0.9905
4269,2023-06-20,2266,Wellington-Dufferin-Guelph Health Unit,0.0723,34.0,0.11,0.8841,0.9657
4270,2023-06-20,2255,Peterborough County-City Health Unit,0.0229,25.0,0.17,0.9665,0.9832
4271,2023-06-19,35,Ontario,0.0629,1575.0,0.11,0.8876,0.968
4272,2023-06-19,2251,City of Ottawa Health Unit,0.1039,73.0,0.07,0.9474,0.9874
4273,2023-06-19,2226,District of Algoma Health Unit,0.0225,13.0,0.11,0.956,0.978
4274,2023-06-19,2240,Chatham-Kent Health Unit,0.1098,12.0,0.11,0.5556,0.679
4275,2023-06-19,2237,City of Hamilton Health Unit,0.0448,64.0,0.11,0.9292,0.9795
4276,2023-06-19,2234,Haldimand-Norfolk Health Unit,0.0484,9.0,0.08,0.7377,0.9344
4277,2023-06-19,2258,Eastern Ontario Health Unit,0.1741,29.0,0.14,0.9846,1.0
4278,2023-06-19,2227,Brant County Health Unit,0.0534,19.0,0.12,0.9328,0.9776
4279,2023-06-19,2238,Hastings and Prince Edward Counties Health Unit,0.0526,11.0,0.06,0.6506,0.8795
4280,2023-06-19,2244,Middlesex-London Health Unit,0.0839,46.0,0.09,0.8486,0.9243
4281,2023-06-19,2242,Lambton Health Unit,0.1091,8.0,0.06,0.5517,0.931
4282,2023-06-19,2235,"Haliburton, Kawartha, Pine Ridge District Health Unit",0.0135,32.0,0.17,0.9595,0.991
4283,2023-06-19,2247,North Bay Parry Sound District Health Unit,0.0553,36.0,0.28,0.9542,0.9917
4284,2023-06-19,2263,Timiskaming Health Unit,0.0,2.0,0.06,1.0,1.0
4285,2023-06-19,2249,Northwestern Health Unit,0.0926,8.0,0.09,0.9434,0.9811
4286,2023-06-19,2256,Porcupine Health Unit,0.0444,6.0,0.08,0.8214,0.875
4287,2023-06-19,2257,Renfrew County and District Health Unit,0.0167,9.0,0.08,0.9286,1.0
4288,2023-06-19,2260,Simcoe Muskoka District Health Unit,0.0424,47.0,0.08,0.9241,0.9873
4289,2023-06-19,2270,York Regional Health Unit,0.0705,128.0,0.1,0.9338,0.9809
4290,2023-06-19,2266,Wellington-Dufferin-Guelph Health Unit,0.0576,35.0,0.11,0.86,0.96
4291,2023-06-19,2246,Niagara Regional Area Health Unit,0.0456,50.0,0.11,0.7644,0.954
4292,2023-06-19,2255,Peterborough County-City Health Unit,0.0235,24.0,0.16,0.96,0.9771
4293,2023-06-19,5183,Huron Perth Health Unit,0.0481,15.0,0.11,0.5702,0.9474
4294,2023-06-19,2241,"Kingston, Frontenac and Lennox and Addington Health Unit",0.0672,34.0,0.16,0.9464,0.9955
4295,2023-06-19,2230,Durham Regional Health Unit,0.0554,52.0,0.07,0.8564,0.9751
4296,2023-06-19,4913,Southwestern Public Health,0.0412,14.0,0.07,0.6055,0.8716
4297,2023-06-19,2233,Grey Bruce Health Unit,0.0174,25.0,0.14,0.7818,0.9879
4298,2023-06-19,2253,Peel Regional Health Unit,0.0634,167.0,0.1,0.9339,0.9769
4299,2023-06-19,2243,"Leeds, Grenville and Lanark District Health Unit",0.0195,22.0,0.13,0.8467,0.98
4300,2023-06-19,2261,Sudbury and District Health Unit,0.0237,48.0,0.24,0.9632,0.9816
4301,2023-06-19,3895,City of Toronto Health Unit,0.0684,374.0,0.12,0.9244,0.9851
4302,2023-06-19,2236,Halton Regional Health Unit,0.0588,39.0,0.06,0.7491,0.8746
4303,2023-06-19,2265,Waterloo Health Unit,0.0705,63.0,0.11,0.666,0.8994
4304,2023-06-19,2268,Windsor-Essex County Health Unit,0.1939,14.0,0.03,0.8614,0.9802
4305,2023-06-19,2262,Thunder Bay District Health Unit,0.0258,22.0,0.15,0.9808,0.9872
4306,2023-06-18,2249,Northwestern Health Unit,0.0755,8.0,0.09,0.9298,0.9825
4307,2023-06-18,4913,Southwestern Public Health,0.0313,14.0,0.06,0.5963,0.8624
4308,2023-06-18,2247,North Bay Parry Sound District Health Unit,0.0528,35.0,0.27,0.9669,0.9917
4309,2023-06-18,35,Ontario,0.063,1590.0,0.11,0.8862,0.9669
4310,2023-06-18,2233,Grey Bruce Health Unit,0.0115,25.0,0.15,0.7882,0.9882
4311,2023-06-18,2236,Halton Regional Health Unit,0.0543,37.0,0.06,0.7491,0.8674
4312,2023-06-18,3895,City of Toronto Health Unit,0.0735,375.0,0.12,0.923,0.9835
4313,2023-06-18,2235,"Haliburton, Kawartha, Pine Ridge District Health Unit",0.0183,31.0,0.16,0.9437,1.0
4314,2023-06-18,2256,Porcupine Health Unit,0.0545,8.0,0.09,0.9057,0.9623
4315,2023-06-18,2227,Brant County Health Unit,0.0593,19.0,0.12,0.927,0.9781
4316,2023-06-18,2240,Chatham-Kent Health Unit,0.0864,12.0,0.11,0.5595,0.6786
4317,2023-06-18,2262,Thunder Bay District Health Unit,0.0359,24.0,0.16,0.9825,0.9942
4318,2023-06-18,2255,Peterborough County-City Health Unit,0.0287,25.0,0.17,0.9511,0.9783
4319,2023-06-18,2234,Haldimand-Norfolk Health Unit,0.0345,8.0,0.07,0.7818,0.9636
4320,2023-06-18,2243,"Leeds, Grenville and Lanark District Health Unit",0.0196,22.0,0.13,0.8716,0.9865
4321,2023-06-18,2242,Lambton Health Unit,0.1455,8.0,0.06,0.5,0.8966
4322,2023-06-18,2238,Hastings and Prince Edward Counties Health Unit,0.0741,12.0,0.07,0.6512,0.8837
4323,2023-06-18,5183,Huron Perth Health Unit,0.0275,16.0,0.11,0.521,0.916
4324,2023-06-18,2268,Windsor-Essex County Health Unit,0.2059,15.0,0.03,0.8447,0.9806
4325,2023-06-18,2265,Waterloo Health Unit,0.0611,63.0,0.11,0.6376,0.8859
4326,2023-06-18,2260,Simcoe Muskoka District Health Unit,0.0424,47.0,0.08,0.9056,0.9676
4327,2023-06-18,2237,City of Hamilton Health Unit,0.0502,65.0,0.11,0.9431,0.9869
4328,2023-06-18,2266,Wellington-Dufferin-Guelph Health Unit,0.0576,35.0,0.11,0.8537,0.9593
4329,2023-06-18,2261,Sudbury and District Health Unit,0.0217,46.0,0.23,0.9628,0.9783
4330,2023-06-18,2258,Eastern Ontario Health Unit,0.1626,29.0,0.14,0.9793,1.0
4331,2023-06-18,2257,Renfrew County and District Health Unit,0.0164,9.0,0.08,0.9107,1.0
4332,2023-06-18,2244,Middlesex-London Health Unit,0.0619,46.0,0.09,0.875,0.939
4333,2023-06-18,2246,Niagara Regional Area Health Unit,0.0567,50.0,0.11,0.7633,0.9441
4334,2023-06-18,2241,"Kingston, Frontenac and Lennox and Addington Health Unit",0.078,31.0,0.15,0.9364,0.9864
4335,2023-06-18,2253,Peel Regional Health Unit,0.061,178.0,0.11,0.9374,0.9786
4336,2023-06-18,2226,District of Algoma Health Unit,0.0213,13.0,0.12,0.9565,0.9783
4337,2023-06-18,2251,City of Ottawa Health Unit,0.0947,69.0,0.07,0.9436,0.9913
4338,2023-06-18,2263,Timiskaming Health Unit,0.0667,2.0,0.07,1.0,1.0
4339,2023-06-18,2230,Durham Regional Health Unit,0.0598,53.0,0.07,0.8451,0.9718
4340,2023-06-18,2270,York Regional Health Unit,0.0657,130.0,0.11,0.9302,0.9767
4341,2023-06-17,2226,District of Algoma Health Unit,0.0208,14.0,0.12,0.9608,0.9804
4342,2023-06-17,2235,"Haliburton, Kawartha, Pine Ridge District Health Unit",0.019,30.0,0.16,0.9276,1.0
4343,2023-06-17,2238,Hastings and Prince Edward Counties Health Unit,0.061,12.0,0.07,0.6786,0.881
4344,2023-06-17,3895,City of Toronto Health Unit,0.0699,376.0,0.12,0.9172,0.9833
4345,2023-06-17,2256,Porcupine Health Unit,0.0508,8.0,0.1,0.902,0.9608
4346,2023-06-17,2244,Middlesex-London Health Unit,0.0752,46.0,0.09,0.8899,0.956
4347,2023-06-17,2233,Grey Bruce Health Unit,0.0058,25.0,0.15,0.7889,0.9889
4348,2023-06-17,2251,City of Ottawa Health Unit,0.0928,69.0,0.07,0.9417,0.9892
4349,2023-06-17,2237,City of Hamilton Health Unit,0.0493,67.0,0.11,0.9426,0.9868
4350,2023-06-17,2241,"Kingston, Frontenac and Lennox and Addington Health Unit",0.0818,31.0,0.15,0.9395,0.986
4351,2023-06-17,2247,North Bay Parry Sound District Health Unit,0.0571,35.0,0.27,0.975,0.9917
4352,2023-06-17,2258,Eastern Ontario Health Unit,0.1594,30.0,0.14,0.9655,1.0
4353,2023-06-17,2227,Brant County Health Unit,0.0597,19.0,0.12,0.9248,0.985
4354,2023-06-17,2249,Northwestern Health Unit,0.0702,8.0,0.09,0.9455,0.9818
4355,2023-06-17,35,Ontario,0.0638,1597.0,0.11,0.888,0.9697
4356,2023-06-17,2246,Niagara Regional Area Health Unit,0.0518,52.0,0.11,0.7637,0.9451
4357,2023-06-17,2255,Peterborough County-City Health Unit,0.0229,25.0,0.17,0.948,0.9711
4358,2023-06-17,2230,Durham Regional Health Unit,0.0592,51.0,0.07,0.843,0.968
4359,2023-06-17,2260,Simcoe Muskoka District Health Unit,0.0444,48.0,0.08,0.9104,0.9682
4360,2023-06-17,4913,Southwestern Public Health,0.0198,14.0,0.07,0.6415,0.8962
4361,2023-06-17,2265,Waterloo Health Unit,0.0636,63.0,0.11,0.6706,0.926
4362,2023-06-17,2262,Thunder Bay District Health Unit,0.0429,23.0,0.16,0.9762,0.994
4363,2023-06-17,2261,Sudbury and District Health Unit,0.0178,48.0,0.24,0.9642,0.9791
4364,2023-06-17,2263,Timiskaming Health Unit,0.0667,2.0,0.07,1.0,1.0
4365,2023-06-17,5183,Huron Perth Health Unit,0.0364,16.0,0.11,0.4867,0.9115
4366,2023-06-17,2240,Chatham-Kent Health Unit,0.0875,11.0,0.11,0.5542,0.6747
4367,2023-06-17,2242,Lambton Health Unit,0.1404,8.0,0.06,0.4815,0.8889
4368,2023-06-17,2257,Renfrew County and District Health Unit,0.0351,8.0,0.07,0.9123,1.0
4369,2023-06-17,2243,"Leeds, Grenville and Lanark District Health Unit",0.0387,22.0,0.13,0.8344,0.9873
4370,2023-06-17,2270,York Regional Health Unit,0.0748,128.0,0.1,0.9376,0.9788
4371,2023-06-17,2236,Halton Regional Health Unit,0.0462,37.0,0.06,0.7576,0.8561
4372,2023-06-17,2234,Haldimand-Norfolk Health Unit,0.0339,8.0,0.07,0.8364,0.9818
4373,2023-06-17,2253,Peel Regional Health Unit,0.0654,179.0,0.11,0.9384,0.9792
4374,2023-06-17,2266,Wellington-Dufferin-Guelph Health Unit,0.0653,35.0,0.11,0.8252,0.9634
4375,2023-06-17,2268,Windsor-Essex County Health Unit,0.2136,15.0,0.03,0.8318,0.9813
4376,2023-06-16,2262,Thunder Bay District Health Unit,0.0383,26.0,0.17,0.9516,0.9839
4377,2023-06-16,2263,Timiskaming Health Unit,0.0625,2.0,0.07,0.9333,1.0
4378,2023-06-16,2253,Peel Regional Health Unit,0.0731,180.0,0.11,0.9457,0.9784
4379,2023-06-16,2246,Niagara Regional Area Health Unit,0.05,51.0,0.11,0.7874,0.9501
4380,2023-06-16,2258,Eastern Ontario Health Unit,0.1633,28.0,0.13,0.9606,1.0
4381,2023-06-16,2243,"Leeds, Grenville and Lanark District Health Unit",0.0392,22.0,0.13,0.85,0.9875
4382,2023-06-16,2234,Haldimand-Norfolk Health Unit,0.0333,9.0,0.08,0.8545,0.9818
4383,2023-06-16,2230,Durham Regional Health Unit,0.0704,51.0,0.07,0.8421,0.9684
4384,2023-06-16,2241,"Kingston, Frontenac and Lennox and Addington Health Unit",0.0849,30.0,0.14,0.9381,0.9857
4385,2023-06-16,5183,Huron Perth Health Unit,0.0455,16.0,0.11,0.4786,0.9231
4386,2023-06-16,2235,"Haliburton, Kawartha, Pine Ridge District Health Unit",0.0187,31.0,0.16,0.945,1.0
4387,2023-06-16,2255,Peterborough County-City Health Unit,0.0176,24.0,0.16,0.9535,0.9767
4388,2023-06-16,2251,City of Ottawa Health Unit,0.0934,67.0,0.06,0.927,0.9893
4389,2023-06-16,2238,Hastings and Prince Edward Counties Health Unit,0.0805,12.0,0.07,0.6867,0.8795
4390,2023-06-16,2257,Renfrew County and District Health Unit,0.0333,9.0,0.08,0.9206,1.0
4391,2023-06-16,4913,Southwestern Public Health,0.009,16.0,0.07,0.6552,0.9052
4392,2023-06-16,2244,Middlesex-London Health Unit,0.0808,48.0,0.09,0.8779,0.9506
4393,2023-06-16,35,Ontario,0.0674,1599.0,0.11,0.8877,0.9707
4394,2023-06-16,2265,Waterloo Health Unit,0.0703,63.0,0.11,0.673,0.9242
4395,2023-06-16,2247,North Bay Parry Sound District Health Unit,0.0494,35.0,0.27,0.9712,0.9918
4396,2023-06-16,2240,Chatham-Kent Health Unit,0.0875,11.0,0.11,0.7368,0.9298
4397,2023-06-16,2268,Windsor-Essex County Health Unit,0.243,15.0,0.04,0.7712,0.9322
4398,2023-06-16,2256,Porcupine Health Unit,0.0526,8.0,0.1,0.8393,0.9286
4399,2023-06-16,2233,Grey Bruce Health Unit,0.0112,25.0,0.15,0.7937,0.9894
4400,2023-06-16,2249,Northwestern Health Unit,0.0702,8.0,0.09,0.9474,0.9825
4401,2023-06-16,2237,City of Hamilton Health Unit,0.0524,65.0,0.11,0.9541,0.9869
4402,2023-06-16,3895,City of Toronto Health Unit,0.0752,378.0,0.12,0.9078,0.9816
4403,2023-06-16,2227,Brant County Health Unit,0.0534,19.0,0.12,0.916,0.9771
4404,2023-06-16,2266,Wellington-Dufferin-Guelph Health Unit,0.0678,34.0,0.11,0.8264,0.9628
4405,2023-06-16,2242,Lambton Health Unit,0.1455,8.0,0.06,0.5319,0.9149
4406,2023-06-16,2260,Simcoe Muskoka District Health Unit,0.0494,49.0,0.08,0.9132,0.9636
4407,2023-06-16,2226,District of Algoma Health Unit,0.0204,14.0,0.12,0.9694,0.9898
4408,2023-06-16,2236,Halton Regional Health Unit,0.0549,36.0,0.06,0.749,0.8627
4409,2023-06-16,2261,Sudbury and District Health Unit,0.0148,48.0,0.24,0.9725,0.9786
4410,2023-06-16,2270,York Regional Health Unit,0.0761,128.0,0.1,0.9348,0.9775
4411,2023-06-15,2226,District of Algoma Health Unit,0.0194,15.0,0.13,0.9802,0.9901
4412,2023-06-15,2260,Simcoe Muskoka District Health Unit,0.0401,53.0,0.09,0.9152,0.9692
4413,2023-06-15,35,Ontario,0.0674,1623.0,0.11,0.8823,0.9711
4414,2023-06-15,2261,Sudbury and District Health Unit,0.0154,46.0,0.23,0.9814,0.9845
4415,2023-06-15,2247,North Bay Parry Sound District Health Unit,0.0466,34.0,0.26,0.9715,0.9919
4416,2023-06-15,2236,Halton Regional Health Unit,0.0612,35.0,0.06,0.7383,0.8633
4417,2023-06-15,2270,York Regional Health Unit,0.0701,126.0,0.1,0.9195,0.9754
4418,2023-06-15,2230,Durham Regional Health Unit,0.0703,53.0,0.07,0.8177,0.9696
4419,2023-06-15,2263,Timiskaming Health Unit,0.1538,2.0,0.06,0.9286,1.0
4420,2023-06-15,4913,Southwestern Public Health,0.0085,17.0,0.08,0.6792,0.8868
4421,2023-06-15,2243,"Leeds, Grenville and Lanark District Health Unit",0.0351,24.0,0.14,0.8488,0.9884
4422,2023-06-15,2257,Renfrew County and District Health Unit,0.0303,9.0,0.09,0.9333,1.0
4423,2023-06-15,2256,Porcupine Health Unit,0.0678,8.0,0.1,0.8387,0.9194
4424,2023-06-15,2262,Thunder Bay District Health Unit,0.0428,27.0,0.18,0.9526,0.9842
4425,2023-06-15,2268,Windsor-Essex County Health Unit,0.2524,15.0,0.03,0.7436,0.906
4426,2023-06-15,2246,Niagara Regional Area Health Unit,0.0801,55.0,0.12,0.7801,0.9503
4427,2023-06-15,2244,Middlesex-London Health Unit,0.0655,48.0,0.09,0.8726,0.9557
4428,2023-06-15,2265,Waterloo Health Unit,0.0709,62.0,0.11,0.6881,0.9307
4429,2023-06-15,2258,Eastern Ontario Health Unit,0.1493,29.0,0.14,0.9483,1.0
4430,2023-06-15,5183,Huron Perth Health Unit,0.0439,16.0,0.12,0.5214,0.9357
4431,2023-06-15,2238,Hastings and Prince Edward Counties Health Unit,0.0889,13.0,0.08,0.6526,0.9053
4432,2023-06-15,2234,Haldimand-Norfolk Health Unit,0.0364,8.0,0.07,0.8431,0.9804
4433,2023-06-15,2227,Brant County Health Unit,0.0303,19.0,0.12,0.9449,0.9921
4434,2023-06-15,2237,City of Hamilton Health Unit,0.0515,67.0,0.11,0.9574,0.9894
4435,2023-06-15,2266,Wellington-Dufferin-Guelph Health Unit,0.0757,36.0,0.11,0.8455,0.9715
4436,2023-06-15,2240,Chatham-Kent Health Unit,0.0769,11.0,0.1,0.7636,0.9273
4437,2023-06-15,2251,City of Ottawa Health Unit,0.0837,68.0,0.06,0.9333,0.9862
4438,2023-06-15,3895,City of Toronto Health Unit,0.0781,386.0,0.12,0.8943,0.9817
4439,2023-06-15,2255,Peterborough County-City Health Unit,0.0171,25.0,0.17,0.9209,0.9661
4440,2023-06-15,2235,"Haliburton, Kawartha, Pine Ridge District Health Unit",0.022,32.0,0.17,0.9361,0.9954
4441,2023-06-15,2233,Grey Bruce Health Unit,0.016,27.0,0.16,0.7947,0.9895
4442,2023-06-15,2241,"Kingston, Frontenac and Lennox and Addington Health Unit",0.0676,30.0,0.14,0.9269,0.9863
4443,2023-06-15,2253,Peel Regional Health Unit,0.075,179.0,0.11,0.9443,0.9782
4444,2023-06-15,2249,Northwestern Health Unit,0.069,8.0,0.09,0.9492,0.9831
4445,2023-06-15,2242,Lambton Health Unit,0.1509,8.0,0.06,0.6122,0.9184
4446,2023-06-14,2226,District of Algoma Health Unit,0.0283,15.0,0.13,0.9266,0.9908
4447,2023-06-14,2244,Middlesex-London Health Unit,0.068,50.0,0.1,0.852,0.9441
4448,2023-06-14,2246,Niagara Regional Area Health Unit,0.0736,56.0,0.12,0.7773,0.949
4449,2023-06-14,2262,Thunder Bay District Health Unit,0.0421,27.0,0.18,0.955,0.99
4450,2023-06-14,2268,Windsor-Essex County Health Unit,0.2336,15.0,0.04,0.708,0.8938
4451,2023-06-14,2258,Eastern Ontario Health Unit,0.0526,24.0,0.12,0.939,1.0
4452,2023-06-14,2265,Waterloo Health Unit,0.0629,61.0,0.1,0.6353,0.877
4453,2023-06-14,2233,Grey Bruce Health Unit,0.0211,27.0,0.16,0.7874,0.9943
4454,2023-06-14,2270,York Regional Health Unit,0.0779,125.0,0.1,0.9004,0.9676
4455,2023-06-14,2260,Simcoe Muskoka District Health Unit,0.026,55.0,0.09,0.9049,0.964
4456,2023-06-14,2266,Wellington-Dufferin-Guelph Health Unit,0.0843,36.0,0.11,0.8235,0.9622
4457,2023-06-14,2263,Timiskaming Health Unit,0.125,2.0,0.07,0.8421,1.0
4458,2023-06-14,2261,Sudbury and District Health Unit,0.0154,46.0,0.23,0.9829,0.9829
4459,2023-06-14,2230,Durham Regional Health Unit,0.0826,52.0,0.07,0.8094,0.9629
4460,2023-06-14,2253,Peel Regional Health Unit,0.0679,183.0,0.11,0.9408,0.9735
4461,2023-06-14,35,Ontario,0.0649,1637.0,0.11,0.8692,0.9619
4462,2023-06-14,2255,Peterborough County-City Health Unit,0.0058,25.0,0.17,0.92,0.9657
4463,2023-06-14,2236,Halton Regional Health Unit,0.0813,35.0,0.06,0.7233,0.8379
4464,2023-06-14,2237,City of Hamilton Health Unit,0.0553,70.0,0.12,0.94,0.9884
4465,2023-06-14,2240,Chatham-Kent Health Unit,0.0741,12.0,0.11,0.7333,0.9
4466,2023-06-14,3895,City of Toronto Health Unit,0.0782,395.0,0.13,0.8832,0.9684
4467,2023-06-14,2251,City of Ottawa Health Unit,0.0691,66.0,0.06,0.9206,0.9841
4468,2023-06-14,2238,Hastings and Prince Edward Counties Health Unit,0.0787,13.0,0.08,0.6484,0.8791
4469,2023-06-14,2242,Lambton Health Unit,0.1455,8.0,0.06,0.6522,0.8913
4470,2023-06-14,2243,"Leeds, Grenville and Lanark District Health Unit",0.0282,25.0,0.15,0.8492,0.9888
4471,2023-06-14,2241,"Kingston, Frontenac and Lennox and Addington Health Unit",0.0585,29.0,0.14,0.9179,0.9758
4472,2023-06-14,4913,Southwestern Public Health,0.0345,17.0,0.08,0.6486,0.8739
4473,2023-06-14,2257,Renfrew County and District Health Unit,0.0317,9.0,0.08,0.9138,1.0
4474,2023-06-14,2234,Haldimand-Norfolk Health Unit,0.04,7.0,0.06,0.8298,0.9787
4475,2023-06-14,2256,Porcupine Health Unit,0.0469,9.0,0.11,0.7794,0.8971
4476,2023-06-14,2235,"Haliburton, Kawartha, Pine Ridge District Health Unit",0.0186,31.0,0.16,0.9343,0.9953
4477,2023-06-14,2249,Northwestern Health Unit,0.0469,9.0,0.1,0.9231,0.9538
4478,2023-06-14,2247,North Bay Parry Sound District Health Unit,0.0544,34.0,0.26,0.9569,0.9914
4479,2023-06-14,5183,Huron Perth Health Unit,0.0376,19.0,0.14,0.5,0.9403
4480,2023-06-14,2227,Brant County Health Unit,0.0317,18.0,0.12,0.95,0.9917
4481,2023-06-13,2234,Haldimand-Norfolk Health Unit,0.0408,7.0,0.06,0.8095,0.9762
4482,2023-06-13,2227,Brant County Health Unit,0.0164,17.0,0.11,0.9431,0.9837
4483,2023-06-13,3895,City of Toronto Health Unit,0.0827,404.0,0.13,0.882,0.9653
4484,2023-06-13,2262,Thunder Bay District Health Unit,0.0427,30.0,0.2,0.939,0.9906
4485,2023-06-13,2233,Grey Bruce Health Unit,0.0222,26.0,0.15,0.7966,0.9944
4486,2023-06-13,35,Ontario,0.0662,1657.0,0.11,0.8626,0.9614
4487,2023-06-13,2238,Hastings and Prince Edward Counties Health Unit,0.0638,13.0,0.08,0.6465,0.8788
4488,2023-06-13,2253,Peel Regional Health Unit,0.0631,188.0,0.12,0.9383,0.9787
4489,2023-06-13,2266,Wellington-Dufferin-Guelph Health Unit,0.0864,35.0,0.11,0.8156,0.959
4490,2023-06-13,2256,Porcupine Health Unit,0.0476,9.0,0.11,0.7917,0.9028
4491,2023-06-13,5183,Huron Perth Health Unit,0.0373,19.0,0.14,0.5072,0.9348
4492,2023-06-13,2241,"Kingston, Frontenac and Lennox and Addington Health Unit",0.0446,29.0,0.14,0.912,0.9815
4493,2023-06-13,4913,Southwestern Public Health,0.0485,15.0,0.07,0.6275,0.8824
4494,2023-06-13,2243,"Leeds, Grenville and Lanark District Health Unit",0.0337,25.0,0.15,0.8457,0.984
4495,2023-06-13,2242,Lambton Health Unit,0.1373,7.0,0.06,0.6346,0.8846
4496,2023-06-13,2226,District of Algoma Health Unit,0.0275,16.0,0.14,0.9174,0.9835
4497,2023-06-13,2230,Durham Regional Health Unit,0.1094,56.0,0.08,0.7924,0.957
4498,2023-06-13,2263,Timiskaming Health Unit,0.1111,3.0,0.08,0.7308,1.0
4499,2023-06-13,2258,Eastern Ontario Health Unit,0.0407,25.0,0.12,0.9438,1.0
4500,2023-06-13,2270,York Regional Health Unit,0.0887,121.0,0.1,0.8814,0.9593
4501,2023-06-13,2261,Sudbury and District Health Unit,0.0172,50.0,0.25,0.9731,0.9804
4502,2023-06-13,2236,Halton Regional Health Unit,0.0887,35.0,0.06,0.7171,0.8645
4503,2023-06-13,2244,Middlesex-London Health Unit,0.0658,52.0,0.1,0.8333,0.952
4504,2023-06-13,2240,Chatham-Kent Health Unit,0.0678,8.0,0.08,0.6885,0.8852
4505,2023-06-13,2257,Renfrew County and District Health Unit,0.0339,8.0,0.08,0.9032,0.9839
4506,2023-06-13,2251,City of Ottawa Health Unit,0.0738,68.0,0.06,0.8991,0.9753
4507,2023-06-13,2237,City of Hamilton Health Unit,0.0524,74.0,0.12,0.9324,0.9884
4508,2023-06-13,2235,"Haliburton, Kawartha, Pine Ridge District Health Unit",0.0239,30.0,0.16,0.9306,0.9954
4509,2023-06-13,2268,Windsor-Essex County Health Unit,0.18,14.0,0.03,0.6111,0.8796
4510,2023-06-13,2265,Waterloo Health Unit,0.0679,61.0,0.1,0.6446,0.877
4511,2023-06-13,2246,Niagara Regional Area Health Unit,0.0662,60.0,0.13,0.7697,0.9496
4512,2023-06-13,2247,North Bay Parry Sound District Health Unit,0.0448,32.0,0.25,0.9422,0.9911
4513,2023-06-13,2260,Simcoe Muskoka District Health Unit,0.0308,56.0,0.09,0.9089,0.9655
4514,2023-06-13,2255,Peterborough County-City Health Unit,0.0059,24.0,0.16,0.9086,0.9771
4515,2023-06-13,2249,Northwestern Health Unit,0.0164,9.0,0.1,0.9231,0.9385
4516,2023-06-12,2257,Renfrew County and District Health Unit,0.0597,10.0,0.09,0.8955,0.9851
4517,2023-06-12,2268,Windsor-Essex County Health Unit,0.1837,14.0,0.03,0.5545,0.8218
4518,2023-06-12,2240,Chatham-Kent Health Unit,0.0577,7.0,0.07,0.6481,0.8889
4519,2023-06-12,2234,Haldimand-Norfolk Health Unit,0.0244,6.0,0.05,0.7727,0.9545
4520,2023-06-12,2244,Middlesex-London Health Unit,0.072,54.0,0.11,0.8473,0.9704
4521,2023-06-12,2251,City of Ottawa Health Unit,0.0642,69.0,0.07,0.9047,0.9778
4522,2023-06-12,2258,Eastern Ontario Health Unit,0.0429,23.0,0.11,0.9355,1.0
4523,2023-06-12,2247,North Bay Parry Sound District Health Unit,0.0306,33.0,0.25,0.9563,0.996
4524,2023-06-12,2261,Sudbury and District Health Unit,0.0244,59.0,0.29,0.9721,0.9785
4525,2023-06-12,4913,Southwestern Public Health,0.0485,15.0,0.07,0.6907,0.9278
4526,2023-06-12,5183,Huron Perth Health Unit,0.0368,19.0,0.14,0.4658,0.8973
4527,2023-06-12,2241,"Kingston, Frontenac and Lennox and Addington Health Unit",0.0372,31.0,0.14,0.8957,0.9668
4528,2023-06-12,2270,York Regional Health Unit,0.0819,122.0,0.1,0.8798,0.9618
4529,2023-06-12,2242,Lambton Health Unit,0.093,6.0,0.05,0.6,0.8667
4530,2023-06-12,2262,Thunder Bay District Health Unit,0.0462,28.0,0.19,0.9303,0.99
4531,2023-06-12,2253,Peel Regional Health Unit,0.0664,185.0,0.12,0.932,0.9781
4532,2023-06-12,2249,Northwestern Health Unit,0.0156,9.0,0.1,0.9242,0.9394
4533,2023-06-12,2243,"Leeds, Grenville and Lanark District Health Unit",0.0366,27.0,0.16,0.8385,0.974
4534,2023-06-12,2238,Hastings and Prince Edward Counties Health Unit,0.0532,13.0,0.08,0.6702,0.8936
4535,2023-06-12,35,Ontario,0.0676,1693.0,0.11,0.8399,0.9389
4536,2023-06-12,2235,"Haliburton, Kawartha, Pine Ridge District Health Unit",0.0231,31.0,0.16,0.9279,0.991
4537,2023-06-12,2255,Peterborough County-City Health Unit,0.0159,27.0,0.18,0.925,0.985
4538,2023-06-12,2230,Durham Regional Health Unit,0.1057,58.0,0.08,0.7954,0.9655
4539,2023-06-12,2236,Halton Regional Health Unit,0.0968,35.0,0.06,0.692,0.8478
4540,2023-06-12,2237,City of Hamilton Health Unit,0.0586,76.0,0.13,0.9111,0.9673
4541,2023-06-12,2233,Grey Bruce Health Unit,0.0215,27.0,0.16,0.7865,0.9844
4542,2023-06-12,2226,District of Algoma Health Unit,0.04,18.0,0.16,0.9187,0.9837
4543,2023-06-12,3895,City of Toronto Health Unit,0.0861,415.0,0.13,0.8767,0.9641
4544,2023-06-12,2227,Brant County Health Unit,0.0236,18.0,0.12,0.9225,0.969
4545,2023-06-12,2246,Niagara Regional Area Health Unit,0.0705,63.0,0.13,0.4832,0.6094
4546,2023-06-12,2260,Simcoe Muskoka District Health Unit,0.0416,58.0,0.1,0.9012,0.9639
4547,2023-06-12,2263,Timiskaming Health Unit,0.2857,3.0,0.09,0.72,1.0
4548,2023-06-12,2256,Porcupine Health Unit,0.0435,10.0,0.12,0.8,0.8714
4549,2023-06-12,2266,Wellington-Dufferin-Guelph Health Unit,0.1033,35.0,0.11,0.8319,0.9622
4550,2023-06-12,2265,Waterloo Health Unit,0.064,60.0,0.1,0.6438,0.8767
4551,2023-06-11,2227,Brant County Health Unit,0.0154,19.0,0.12,0.9328,0.9701
4552,2023-06-11,2261,Sudbury and District Health Unit,0.0255,67.0,0.34,0.9723,0.9802
4553,2023-06-11,2263,Timiskaming Health Unit,0.2308,4.0,0.11,0.75,1.0
4554,2023-06-11,35,Ontario,0.0668,1741.0,0.12,0.8416,0.939
4555,2023-06-11,2238,Hastings and Prince Edward Counties Health Unit,0.0515,14.0,0.08,0.69,0.9
4556,2023-06-11,2233,Grey Bruce Health Unit,0.0324,26.0,0.16,0.7795,0.9795
4557,2023-06-11,3895,City of Toronto Health Unit,0.0875,423.0,0.14,0.8788,0.966
4558,2023-06-11,2241,"Kingston, Frontenac and Lennox and Addington Health Unit",0.0282,30.0,0.14,0.9014,0.9765
4559,2023-06-11,2249,Northwestern Health Unit,0.0,9.0,0.11,0.9265,0.9265
4560,2023-06-11,2260,Simcoe Muskoka District Health Unit,0.0438,59.0,0.1,0.9169,0.978
4561,2023-06-11,2226,District of Algoma Health Unit,0.0417,17.0,0.15,0.912,0.976
4562,2023-06-11,2230,Durham Regional Health Unit,0.1066,60.0,0.08,0.806,0.9677
4563,2023-06-11,2240,Chatham-Kent Health Unit,0.0577,7.0,0.07,0.64,0.9
4564,2023-06-11,2255,Peterborough County-City Health Unit,0.0096,30.0,0.2,0.9324,0.9807
4565,2023-06-11,2235,"Haliburton, Kawartha, Pine Ridge District Health Unit",0.0177,32.0,0.17,0.9399,0.9785
4566,2023-06-11,2251,City of Ottawa Health Unit,0.0527,70.0,0.07,0.913,0.9761
4567,2023-06-11,5183,Huron Perth Health Unit,0.0368,19.0,0.14,0.4932,0.9189
4568,2023-06-11,2243,"Leeds, Grenville and Lanark District Health Unit",0.0402,28.0,0.16,0.8137,0.951
4569,2023-06-11,2236,Halton Regional Health Unit,0.0982,39.0,0.06,0.7014,0.8561
4570,2023-06-11,2237,City of Hamilton Health Unit,0.0651,77.0,0.13,0.9134,0.97
4571,2023-06-11,2247,North Bay Parry Sound District Health Unit,0.0349,37.0,0.28,0.9533,0.9883
4572,2023-06-11,2253,Peel Regional Health Unit,0.0697,185.0,0.11,0.929,0.9753
4573,2023-06-11,2256,Porcupine Health Unit,0.0133,11.0,0.13,0.8205,0.8846
4574,2023-06-11,2262,Thunder Bay District Health Unit,0.0534,29.0,0.2,0.9078,0.9757
4575,2023-06-11,2257,Renfrew County and District Health Unit,0.0435,10.0,0.09,0.9091,0.9848
4576,2023-06-11,2268,Windsor-Essex County Health Unit,0.1809,13.0,0.03,0.551,0.8163
4577,2023-06-11,2270,York Regional Health Unit,0.0909,119.0,0.1,0.8801,0.9639
4578,2023-06-11,2242,Lambton Health Unit,0.0851,7.0,0.05,0.6111,0.8889
4579,2023-06-11,2265,Waterloo Health Unit,0.0613,61.0,0.1,0.6422,0.8761
4580,2023-06-11,2234,Haldimand-Norfolk Health Unit,0.0222,6.0,0.06,0.7708,0.9167
4581,2023-06-11,2244,Middlesex-London Health Unit,0.0639,58.0,0.11,0.8023,0.9455
4582,2023-06-11,2258,Eastern Ontario Health Unit,0.0296,24.0,0.12,0.9434,1.0
4583,2023-06-11,2246,Niagara Regional Area Health Unit,0.0603,66.0,0.14,0.4974,0.619
4584,2023-06-11,4913,Southwestern Public Health,0.055,16.0,0.07,0.71,0.95
4585,2023-06-11,2266,Wellington-Dufferin-Guelph Health Unit,0.1046,34.0,0.11,0.8362,0.9612
4586,2023-06-10,2262,Thunder Bay District Health Unit,0.0421,31.0,0.2,0.9147,0.9763
4587,2023-06-10,2257,Renfrew County and District Health Unit,0.0282,10.0,0.09,0.9091,0.9848
4588,2023-06-10,2226,District of Algoma Health Unit,0.0469,18.0,0.16,0.8968,0.9683
4589,2023-06-10,2241,"Kingston, Frontenac and Lennox and Addington Health Unit",0.0187,31.0,0.14,0.9037,0.9771
4590,2023-06-10,2261,Sudbury and District Health Unit,0.0263,71.0,0.35,0.9738,0.9813
4591,2023-06-10,4913,Southwestern Public Health,0.0654,15.0,0.07,0.697,0.9495
4592,2023-06-10,5183,Huron Perth Health Unit,0.0276,21.0,0.15,0.5188,0.9125
4593,2023-06-10,2230,Durham Regional Health Unit,0.0991,66.0,0.09,0.8148,0.9717
4594,2023-06-10,2240,Chatham-Kent Health Unit,0.0588,7.0,0.07,0.6327,0.898
4595,2023-06-10,2242,Lambton Health Unit,0.098,7.0,0.06,0.6296,0.8889
4596,2023-06-10,2233,Grey Bruce Health Unit,0.0366,27.0,0.16,0.7917,0.9792
4597,2023-06-10,2234,Haldimand-Norfolk Health Unit,0.0217,7.0,0.06,0.7778,0.9111
4598,2023-06-10,2235,"Haliburton, Kawartha, Pine Ridge District Health Unit",0.0219,33.0,0.17,0.9507,0.9776
4599,2023-06-10,2238,Hastings and Prince Edward Counties Health Unit,0.06,14.0,0.08,0.6931,0.901
4600,2023-06-10,2255,Peterborough County-City Health Unit,0.0137,31.0,0.21,0.9417,0.9865
4601,2023-06-10,2236,Halton Regional Health Unit,0.0912,41.0,0.07,0.7034,0.8552
4602,2023-06-10,2251,City of Ottawa Health Unit,0.0532,75.0,0.07,0.9146,0.9797
4603,2023-06-10,2258,Eastern Ontario Health Unit,0.0245,23.0,0.11,0.956,1.0
4604,2023-06-10,3895,City of Toronto Health Unit,0.088,427.0,0.14,0.887,0.9687
4605,2023-06-10,2265,Waterloo Health Unit,0.054,61.0,0.1,0.6582,0.8776
4606,2023-06-10,2227,Brant County Health Unit,0.0221,19.0,0.13,0.9441,0.972
4607,2023-06-10,2256,Porcupine Health Unit,0.0133,11.0,0.13,0.8333,0.8974
4608,2023-06-10,2266,Wellington-Dufferin-Guelph Health Unit,0.094,33.0,0.11,0.8643,0.9638
4609,2023-06-10,2268,Windsor-Essex County Health Unit,0.1739,13.0,0.03,0.5714,0.8163
4610,2023-06-10,2263,Timiskaming Health Unit,0.2143,4.0,0.12,0.7241,1.0
4611,2023-06-10,35,Ontario,0.0656,1782.0,0.12,0.849,0.9407
4612,2023-06-10,2243,"Leeds, Grenville and Lanark District Health Unit",0.0355,28.0,0.16,0.8529,0.951
4613,2023-06-10,2249,Northwestern Health Unit,0.0,10.0,0.11,0.9286,0.9286
4614,2023-06-10,2247,North Bay Parry Sound District Health Unit,0.0308,37.0,0.29,0.9526,0.9891
4615,2023-06-10,2244,Middlesex-London Health Unit,0.0519,61.0,0.12,0.7963,0.9438
4616,2023-06-10,2270,York Regional Health Unit,0.0884,123.0,0.1,0.8873,0.966
4617,2023-06-10,2246,Niagara Regional Area Health Unit,0.0653,70.0,0.15,0.5095,0.6117
4618,2023-06-10,2237,City of Hamilton Health Unit,0.0626,80.0,0.13,0.9174,0.9707
4619,2023-06-10,2260,Simcoe Muskoka District Health Unit,0.0428,60.0,0.1,0.914,0.9754
4620,2023-06-10,2253,Peel Regional Health Unit,0.0725,185.0,0.12,0.9264,0.9762
4621,2023-06-09,2227,Brant County Health Unit,0.0199,22.0,0.14,0.9392,0.9797
4622,2023-06-09,2230,Durham Regional Health Unit,0.0961,65.0,0.09,0.8248,0.9743
4623,2023-06-09,2247,North Bay Parry Sound District Health Unit,0.0377,38.0,0.29,0.8145,0.9906
4624,2023-06-09,2258,Eastern Ontario Health Unit,0.0286,25.0,0.12,0.9615,1.0
4625,2023-06-09,2238,Hastings and Prince Edward Counties Health Unit,0.0594,14.0,0.09,0.6789,0.9174
4626,2023-06-09,2236,Halton Regional Health Unit,0.1038,41.0,0.07,0.7113,0.8522
4627,2023-06-09,2244,Middlesex-London Health Unit,0.0408,60.0,0.12,0.7908,0.944
4628,2023-06-09,2233,Grey Bruce Health Unit,0.0359,28.0,0.16,0.7842,0.9789
4629,2023-06-09,2265,Waterloo Health Unit,0.0469,61.0,0.1,0.643,0.878
4630,2023-06-09,2255,Peterborough County-City Health Unit,0.0131,33.0,0.22,0.9414,0.9874
4631,2023-06-09,2256,Porcupine Health Unit,0.0135,11.0,0.13,0.8481,0.9241
4632,2023-06-09,2268,Windsor-Essex County Health Unit,0.1667,13.0,0.03,0.6023,0.8409
4633,2023-06-09,2270,York Regional Health Unit,0.0921,123.0,0.1,0.8908,0.9686
4634,2023-06-09,2257,Renfrew County and District Health Unit,0.0274,10.0,0.1,0.9219,0.9844
4635,2023-06-09,2266,Wellington-Dufferin-Guelph Health Unit,0.0962,34.0,0.11,0.8445,0.9664
4636,2023-06-09,2263,Timiskaming Health Unit,0.2,4.0,0.13,0.7647,1.0
4637,2023-06-09,2261,Sudbury and District Health Unit,0.0264,76.0,0.38,0.9747,0.9819
4638,2023-06-09,4913,Southwestern Public Health,0.0686,15.0,0.07,0.6875,0.9479
4639,2023-06-09,2260,Simcoe Muskoka District Health Unit,0.0415,59.0,0.1,0.8986,0.9831
4640,2023-06-09,2253,Peel Regional Health Unit,0.0671,185.0,0.12,0.9242,0.9752
4641,2023-06-09,2249,Northwestern Health Unit,0.0,10.0,0.11,0.9167,0.9167
4642,2023-06-09,2246,Niagara Regional Area Health Unit,0.066,71.0,0.15,0.4903,0.6028
4643,2023-06-09,2243,"Leeds, Grenville and Lanark District Health Unit",0.0433,30.0,0.17,0.8492,0.9497
4644,2023-06-09,2242,Lambton Health Unit,0.1091,8.0,0.06,0.6032,0.8889
4645,2023-06-09,2241,"Kingston, Frontenac and Lennox and Addington Health Unit",0.0175,33.0,0.15,0.9091,0.9784
4646,2023-06-09,2235,"Haliburton, Kawartha, Pine Ridge District Health Unit",0.0271,32.0,0.17,0.9395,0.9767
4647,2023-06-09,2240,Chatham-Kent Health Unit,0.0392,7.0,0.07,0.6296,0.9074
4648,2023-06-09,3895,City of Toronto Health Unit,0.0881,438.0,0.14,0.9009,0.9712
4649,2023-06-09,2251,City of Ottawa Health Unit,0.0496,78.0,0.07,0.9192,0.9798
4650,2023-06-09,2237,City of Hamilton Health Unit,0.0639,80.0,0.14,0.9078,0.9699
4651,2023-06-09,5183,Huron Perth Health Unit,0.025,23.0,0.16,0.5537,0.9209
4652,2023-06-09,2234,Haldimand-Norfolk Health Unit,0.0233,6.0,0.05,0.7674,0.8837
4653,2023-06-09,2226,District of Algoma Health Unit,0.0472,18.0,0.16,0.9023,0.9699
4654,2023-06-09,2262,Thunder Bay District Health Unit,0.0452,28.0,0.19,0.9337,0.9847
4655,2023-06-09,35,Ontario,0.0648,1809.0,0.12,0.848,0.9427
4656,2023-06-08,2263,Timiskaming Health Unit,0.1471,5.0,0.15,0.7297,1.0
4657,2023-06-08,2265,Waterloo Health Unit,0.0431,63.0,0.11,0.6201,0.8501
4658,2023-06-08,2257,Renfrew County and District Health Unit,0.026,11.0,0.1,0.8875,0.9625
4659,2023-06-08,2237,City of Hamilton Health Unit,0.0637,81.0,0.14,0.8971,0.9657
4660,2023-06-08,2230,Durham Regional Health Unit,0.104,65.0,0.09,0.7604,0.8755
4661,2023-06-08,2236,Halton Regional Health Unit,0.1104,43.0,0.07,0.6733,0.8433
4662,2023-06-08,4913,Southwestern Public Health,0.08,14.0,0.07,0.7143,0.9619
4663,2023-06-08,3895,City of Toronto Health Unit,0.0886,460.0,0.15,0.9026,0.9613
4664,2023-06-08,2235,"Haliburton, Kawartha, Pine Ridge District Health Unit",0.0287,30.0,0.16,0.8127,0.8446
4665,2023-06-08,2251,City of Ottawa Health Unit,0.0505,76.0,0.07,0.9245,0.9821
4666,2023-06-08,2260,Simcoe Muskoka District Health Unit,0.0448,57.0,0.1,0.8978,0.9781
4667,2023-06-08,2268,Windsor-Essex County Health Unit,0.1875,14.0,0.03,0.6556,0.8778
4668,2023-06-08,2262,Thunder Bay District Health Unit,0.0455,28.0,0.19,0.9333,0.9846
4669,2023-06-08,2253,Peel Regional Health Unit,0.06,193.0,0.12,0.9172,0.9688
4670,2023-06-08,2249,Northwestern Health Unit,0.0,10.0,0.12,0.9103,0.9103
4671,2023-06-08,2270,York Regional Health Unit,0.0992,122.0,0.1,0.8883,0.9681
4672,2023-06-08,35,Ontario,0.0653,1843.0,0.12,0.8398,0.9308
4673,2023-06-08,2247,North Bay Parry Sound District Health Unit,0.0519,39.0,0.3,0.8,0.9877
4674,2023-06-08,2244,Middlesex-London Health Unit,0.0451,60.0,0.12,0.7826,0.9396
4675,2023-06-08,2246,Niagara Regional Area Health Unit,0.0498,69.0,0.15,0.4809,0.585
4676,2023-06-08,5183,Huron Perth Health Unit,0.0234,24.0,0.17,0.5511,0.9205
4677,2023-06-08,2234,Haldimand-Norfolk Health Unit,0.0227,6.0,0.06,0.6727,0.9091
4678,2023-06-08,2258,Eastern Ontario Health Unit,0.0419,24.0,0.11,0.9682,0.9936
4679,2023-06-08,2226,District of Algoma Health Unit,0.0522,19.0,0.17,0.8978,0.9708
4680,2023-06-08,2227,Brant County Health Unit,0.0134,21.0,0.14,0.9313,0.975
4681,2023-06-08,2240,Chatham-Kent Health Unit,0.0566,8.0,0.07,0.6226,0.9057
4682,2023-06-08,2242,Lambton Health Unit,0.0862,8.0,0.06,0.5517,0.8621
4683,2023-06-08,2233,Grey Bruce Health Unit,0.0423,27.0,0.16,0.7711,0.9751
4684,2023-06-08,2261,Sudbury and District Health Unit,0.0236,79.0,0.39,0.9736,0.9824
4685,2023-06-08,2266,Wellington-Dufferin-Guelph Health Unit,0.0936,34.0,0.11,0.8379,0.9605
4686,2023-06-08,2256,Porcupine Health Unit,0.0123,12.0,0.14,0.8171,0.9268
4687,2023-06-08,2241,"Kingston, Frontenac and Lennox and Addington Health Unit",0.0211,34.0,0.16,0.9196,0.9777
4688,2023-06-08,2243,"Leeds, Grenville and Lanark District Health Unit",0.0558,28.0,0.16,0.8453,0.9448
4689,2023-06-08,2255,Peterborough County-City Health Unit,0.0122,35.0,0.24,0.8935,0.9316
4690,2023-06-08,2238,Hastings and Prince Edward Counties Health Unit,0.051,14.0,0.08,0.7172,0.8687
4691,2023-06-07,2237,City of Hamilton Health Unit,0.0741,81.0,0.14,0.8993,0.9594
4692,2023-06-07,35,Ontario,0.0689,1898.0,0.13,0.8371,0.9329
4693,2023-06-07,2270,York Regional Health Unit,0.1,123.0,0.1,0.8924,0.9664
4694,2023-06-07,2255,Peterborough County-City Health Unit,0.0233,37.0,0.25,0.8964,0.9357
4695,2023-06-07,3895,City of Toronto Health Unit,0.0906,473.0,0.15,0.8977,0.9669
4696,2023-06-07,2263,Timiskaming Health Unit,0.1389,5.0,0.16,0.6667,0.9333
4697,2023-06-07,2265,Waterloo Health Unit,0.0437,65.0,0.11,0.645,0.9199
4698,2023-06-07,2266,Wellington-Dufferin-Guelph Health Unit,0.1016,35.0,0.11,0.8151,0.9509
4699,2023-06-07,2262,Thunder Bay District Health Unit,0.0625,30.0,0.2,0.9409,0.9852
4700,2023-06-07,2257,Renfrew County and District Health Unit,0.0263,11.0,0.1,0.9091,0.961
4701,2023-06-07,2256,Porcupine Health Unit,0.025,11.0,0.14,0.8452,0.9524
4702,2023-06-07,2242,Lambton Health Unit,0.0877,8.0,0.06,0.6066,0.9016
4703,2023-06-07,2247,North Bay Parry Sound District Health Unit,0.0769,46.0,0.36,0.8118,0.9824
4704,2023-06-07,2244,Middlesex-London Health Unit,0.0384,60.0,0.12,0.7981,0.9484
4705,2023-06-07,2246,Niagara Regional Area Health Unit,0.0533,70.0,0.15,0.4604,0.5695
4706,2023-06-07,2243,"Leeds, Grenville and Lanark District Health Unit",0.0707,26.0,0.15,0.8436,0.9497
4707,2023-06-07,2258,Eastern Ontario Health Unit,0.0419,24.0,0.11,0.9686,0.9937
4708,2023-06-07,5183,Huron Perth Health Unit,0.0282,25.0,0.18,0.5722,0.9278
4709,2023-06-07,2238,Hastings and Prince Edward Counties Health Unit,0.0625,16.0,0.09,0.7411,0.8839
4710,2023-06-07,2235,"Haliburton, Kawartha, Pine Ridge District Health Unit",0.0228,31.0,0.17,0.8097,0.847
4711,2023-06-07,2233,Grey Bruce Health Unit,0.0455,28.0,0.17,0.7667,0.9762
4712,2023-06-07,2230,Durham Regional Health Unit,0.093,69.0,0.1,0.7523,0.8761
4713,2023-06-07,2227,Brant County Health Unit,0.0182,24.0,0.15,0.929,0.9704
4714,2023-06-07,2236,Halton Regional Health Unit,0.1038,41.0,0.07,0.672,0.8408
4715,2023-06-07,4913,Southwestern Public Health,0.0654,15.0,0.07,0.7232,0.9821
4716,2023-06-07,2251,City of Ottawa Health Unit,0.0521,80.0,0.08,0.9322,0.9826
4717,2023-06-07,2261,Sudbury and District Health Unit,0.0437,82.0,0.41,0.9757,0.9878
4718,2023-06-07,2226,District of Algoma Health Unit,0.036,20.0,0.17,0.9242,0.9545
4719,2023-06-07,2234,Haldimand-Norfolk Health Unit,0.0196,7.0,0.06,0.6667,0.9167
4720,2023-06-07,2249,Northwestern Health Unit,0.0141,10.0,0.12,0.9342,0.9342
4721,2023-06-07,2260,Simcoe Muskoka District Health Unit,0.061,61.0,0.1,0.8894,0.97
4722,2023-06-07,2253,Peel Regional Health Unit,0.063,193.0,0.12,0.8745,0.9435
4723,2023-06-07,2240,Chatham-Kent Health Unit,0.0714,8.0,0.08,0.7069,0.9655
4724,2023-06-07,2268,Windsor-Essex County Health Unit,0.1748,15.0,0.03,0.6771,0.8854
4725,2023-06-07,2241,"Kingston, Frontenac and Lennox and Addington Health Unit",0.0281,36.0,0.17,0.9261,0.9844
4726,2023-06-06,2226,District of Algoma Health Unit,0.0606,19.0,0.16,0.9286,0.9603
4727,2023-06-06,2242,Lambton Health Unit,0.0806,9.0,0.07,0.6494,0.9351
4728,2023-06-06,2265,Waterloo Health Unit,0.0467,67.0,0.12,0.6223,0.882
4729,2023-06-06,2266,Wellington-Dufferin-Guelph Health Unit,0.1128,37.0,0.12,0.8,0.9385
4730,2023-06-06,2268,Windsor-Essex County Health Unit,0.1635,15.0,0.03,0.7184,0.8932
4731,2023-06-06,2244,Middlesex-London Health Unit,0.0467,61.0,0.12,0.8245,0.9471
4732,2023-06-06,2260,Simcoe Muskoka District Health Unit,0.0551,65.0,0.11,0.893,0.9629
4733,2023-06-06,2261,Sudbury and District Health Unit,0.0426,81.0,0.4,0.9751,0.9893
4734,2023-06-06,2262,Thunder Bay District Health Unit,0.0676,30.0,0.2,0.9302,0.9814
4735,2023-06-06,4913,Southwestern Public Health,0.0598,17.0,0.08,0.7213,0.959
4736,2023-06-06,2246,Niagara Regional Area Health Unit,0.0742,73.0,0.15,0.4753,0.5741
4737,2023-06-06,2257,Renfrew County and District Health Unit,0.0375,11.0,0.11,0.9079,0.9737
4738,2023-06-06,2256,Porcupine Health Unit,0.0222,13.0,0.15,0.8247,0.9485
4739,2023-06-06,2255,Peterborough County-City Health Unit,0.0223,38.0,0.26,0.8776,0.9116
4740,2023-06-06,2253,Peel Regional Health Unit,0.0597,191.0,0.12,0.8745,0.9347
4741,2023-06-06,35,Ontario,0.0713,1952.0,0.13,0.8379,0.9292
4742,2023-06-06,2247,North Bay Parry Sound District Health Unit,0.0944,48.0,0.37,0.8195,0.9822
4743,2023-06-06,2258,Eastern Ontario Health Unit,0.0595,24.0,0.11,0.9578,0.994
4744,2023-06-06,2235,"Haliburton, Kawartha, Pine Ridge District Health Unit",0.0258,33.0,0.18,0.7937,0.8287
4745,2023-06-06,2263,Timiskaming Health Unit,0.2105,5.0,0.17,0.7027,0.9189
4746,2023-06-06,2236,Halton Regional Health Unit,0.1029,44.0,0.07,0.6789,0.8379
4747,2023-06-06,2234,Haldimand-Norfolk Health Unit,0.0175,8.0,0.07,0.6119,0.9254
4748,2023-06-06,2241,"Kingston, Frontenac and Lennox and Addington Health Unit",0.0233,37.0,0.17,0.9203,0.9761
4749,2023-06-06,2230,Durham Regional Health Unit,0.0891,71.0,0.1,0.7391,0.8591
4750,2023-06-06,2251,City of Ottawa Health Unit,0.0516,80.0,0.08,0.9442,0.9907
4751,2023-06-06,2237,City of Hamilton Health Unit,0.0944,85.0,0.14,0.9051,0.9607
4752,2023-06-06,2233,Grey Bruce Health Unit,0.0439,29.0,0.17,0.758,0.9726
4753,2023-06-06,2238,Hastings and Prince Edward Counties Health Unit,0.0648,15.0,0.09,0.6777,0.8843
4754,2023-06-06,3895,City of Toronto Health Unit,0.0907,483.0,0.15,0.9007,0.9677
4755,2023-06-06,2240,Chatham-Kent Health Unit,0.082,9.0,0.08,0.7193,0.9649
4756,2023-06-06,5183,Huron Perth Health Unit,0.0214,27.0,0.19,0.5911,0.936
4757,2023-06-06,2249,Northwestern Health Unit,0.0256,11.0,0.13,0.9615,0.9615
4758,2023-06-06,2227,Brant County Health Unit,0.0233,25.0,0.16,0.9429,0.9714
4759,2023-06-06,2243,"Leeds, Grenville and Lanark District Health Unit",0.0688,27.0,0.16,0.8272,0.9476
4760,2023-06-06,2270,York Regional Health Unit,0.0951,131.0,0.11,0.9007,0.9651
4761,2023-06-05,2265,Waterloo Health Unit,0.0561,71.0,0.12,0.6365,0.8675
4762,2023-06-05,2237,City of Hamilton Health Unit,0.1086,87.0,0.15,0.922,0.9724
4763,2023-06-05,2249,Northwestern Health Unit,0.0361,12.0,0.14,0.8966,0.9655
4764,2023-06-05,2270,York Regional Health Unit,0.11,132.0,0.11,0.8876,0.9625
4765,2023-06-05,2266,Wellington-Dufferin-Guelph Health Unit,0.127,36.0,0.12,0.8024,0.9368
4766,2023-06-05,2263,Timiskaming Health Unit,0.1579,5.0,0.17,0.725,0.925
4767,2023-06-05,2257,Renfrew County and District Health Unit,0.0366,12.0,0.11,0.9241,0.9747
4768,2023-06-05,2268,Windsor-Essex County Health Unit,0.1359,15.0,0.03,0.7658,0.9279
4769,2023-06-05,2234,Haldimand-Norfolk Health Unit,0.0308,9.0,0.08,0.6711,0.9342
4770,2023-06-05,35,Ontario,0.0737,1991.0,0.13,0.8529,0.9432
4771,2023-06-05,4913,Southwestern Public Health,0.075,17.0,0.08,0.7209,0.9612
4772,2023-06-05,2255,Peterborough County-City Health Unit,0.015,38.0,0.26,0.8052,0.8401
4773,2023-06-05,2253,Peel Regional Health Unit,0.0625,190.0,0.12,0.8695,0.9277
4774,2023-06-05,3895,City of Toronto Health Unit,0.0847,504.0,0.16,0.9009,0.9629
4775,2023-06-05,2246,Niagara Regional Area Health Unit,0.0752,78.0,0.16,0.7822,0.9449
4776,2023-06-05,2242,Lambton Health Unit,0.0641,11.0,0.09,0.6667,0.9259
4777,2023-06-05,2241,"Kingston, Frontenac and Lennox and Addington Health Unit",0.0407,35.0,0.17,0.9333,0.9843
4778,2023-06-05,2236,Halton Regional Health Unit,0.1,44.0,0.07,0.6961,0.8399
4779,2023-06-05,2258,Eastern Ontario Health Unit,0.0621,23.0,0.11,0.9551,0.9936
4780,2023-06-05,2230,Durham Regional Health Unit,0.0951,71.0,0.1,0.7269,0.8432
4781,2023-06-05,2227,Brant County Health Unit,0.0294,24.0,0.16,0.9524,0.9762
4782,2023-06-05,2233,Grey Bruce Health Unit,0.05,29.0,0.17,0.7573,0.9757
4783,2023-06-05,2235,"Haliburton, Kawartha, Pine Ridge District Health Unit",0.0289,35.0,0.18,0.7234,0.7751
4784,2023-06-05,2243,"Leeds, Grenville and Lanark District Health Unit",0.0699,27.0,0.15,0.8351,0.9521
4785,2023-06-05,2256,Porcupine Health Unit,0.0208,14.0,0.16,0.835,0.9709
4786,2023-06-05,2260,Simcoe Muskoka District Health Unit,0.0633,65.0,0.11,0.8981,0.9597
4787,2023-06-05,2251,City of Ottawa Health Unit,0.063,84.0,0.08,0.9436,0.9894
4788,2023-06-05,2244,Middlesex-London Health Unit,0.0476,63.0,0.12,0.8153,0.9433
4789,2023-06-05,2226,District of Algoma Health Unit,0.0635,18.0,0.16,0.9323,0.9624
4790,2023-06-05,2240,Chatham-Kent Health Unit,0.0984,9.0,0.08,0.7091,0.9636
4791,2023-06-05,5183,Huron Perth Health Unit,0.0198,29.0,0.21,0.6485,0.9752
4792,2023-06-05,2238,Hastings and Prince Edward Counties Health Unit,0.0667,15.0,0.09,0.6514,0.8716
4793,2023-06-05,2261,Sudbury and District Health Unit,0.0463,80.0,0.4,0.9781,0.9964
4794,2023-06-05,2262,Thunder Bay District Health Unit,0.0602,31.0,0.21,0.9309,0.9816
4795,2023-06-05,2247,North Bay Parry Sound District Health Unit,0.1053,46.0,0.36,0.822,0.9852
4796,2023-06-04,2270,York Regional Health Unit,0.1106,134.0,0.11,0.8863,0.9621
4797,2023-06-04,2226,District of Algoma Health Unit,0.0647,20.0,0.17,0.9412,0.9706
4798,2023-06-04,3895,City of Toronto Health Unit,0.0828,523.0,0.17,0.9022,0.9634
4799,2023-06-04,2249,Northwestern Health Unit,0.0366,12.0,0.13,0.9012,0.9753
4800,2023-06-04,2255,Peterborough County-City Health Unit,0.017,42.0,0.28,0.807,0.8421
4801,2023-06-04,2266,Wellington-Dufferin-Guelph Health Unit,0.1589,37.0,0.12,0.797,0.9398
4802,2023-06-04,2268,Windsor-Essex County Health Unit,0.1102,17.0,0.04,0.7759,0.931
4803,2023-06-04,2256,Porcupine Health Unit,0.0303,14.0,0.17,0.8061,0.9694
4804,2023-06-04,2263,Timiskaming Health Unit,0.1282,6.0,0.17,0.7,0.9
4805,2023-06-04,2257,Renfrew County and District Health Unit,0.061,12.0,0.11,0.9079,0.9605
4806,2023-06-04,2261,Sudbury and District Health Unit,0.0525,79.0,0.4,0.977,0.9965
4807,2023-06-04,2260,Simcoe Muskoka District Health Unit,0.0679,67.0,0.11,0.8884,0.9579
4808,2023-06-04,2262,Thunder Bay District Health Unit,0.055,29.0,0.19,0.9505,0.995
4809,2023-06-04,2258,Eastern Ontario Health Unit,0.0688,23.0,0.11,0.9509,0.9877
4810,2023-06-04,2253,Peel Regional Health Unit,0.067,181.0,0.11,0.8696,0.9298
4811,2023-06-04,35,Ontario,0.0779,2017.0,0.14,0.8533,0.9442
4812,2023-06-04,2244,Middlesex-London Health Unit,0.052,58.0,0.11,0.8504,0.9633
4813,2023-06-04,2233,Grey Bruce Health Unit,0.0423,30.0,0.18,0.7773,0.981
4814,2023-06-04,2241,"Kingston, Frontenac and Lennox and Addington Health Unit",0.035,37.0,0.17,0.9312,0.9838
4815,2023-06-04,5183,Huron Perth Health Unit,0.0188,30.0,0.22,0.657,0.9807
4816,2023-06-04,2234,Haldimand-Norfolk Health Unit,0.0256,11.0,0.1,0.68,0.9467
4817,2023-06-04,2227,Brant County Health Unit,0.0345,25.0,0.16,0.9538,0.9769
4818,2023-06-04,2237,City of Hamilton Health Unit,0.1209,87.0,0.15,0.922,0.9707
4819,2023-06-04,2240,Chatham-Kent Health Unit,0.1207,8.0,0.08,0.7222,0.963
4820,2023-06-04,2251,City of Ottawa Health Unit,0.0909,93.0,0.09,0.9481,0.9903
4821,2023-06-04,2236,Halton Regional Health Unit,0.102,43.0,0.07,0.6854,0.8287
4822,2023-06-04,2242,Lambton Health Unit,0.037,12.0,0.09,0.6711,0.9474
4823,2023-06-04,4913,Southwestern Public Health,0.072,18.0,0.08,0.7109,0.9531
4824,2023-06-04,2265,Waterloo Health Unit,0.0548,70.0,0.12,0.6236,0.8764
4825,2023-06-04,2238,Hastings and Prince Edward Counties Health Unit,0.0472,15.0,0.09,0.6337,0.8614
4826,2023-06-04,2243,"Leeds, Grenville and Lanark District Health Unit",0.0821,28.0,0.16,0.8541,0.973
4827,2023-06-04,2230,Durham Regional Health Unit,0.0886,68.0,0.1,0.7103,0.8259
4828,2023-06-04,2247,North Bay Parry Sound District Health Unit,0.1506,47.0,0.37,0.8258,0.991
4829,2023-06-04,2235,"Haliburton, Kawartha, Pine Ridge District Health Unit",0.0369,35.0,0.18,0.72,0.7754
4830,2023-06-04,2246,Niagara Regional Area Health Unit,0.0874,77.0,0.16,0.783,0.9478
4831,2023-06-03,2230,Durham Regional Health Unit,0.1009,65.0,0.09,0.7073,0.8164
4832,2023-06-03,35,Ontario,0.0788,2026.0,0.14,0.8522,0.9437
4833,2023-06-03,2237,City of Hamilton Health Unit,0.1242,87.0,0.15,0.9191,0.9628
4834,2023-06-03,2236,Halton Regional Health Unit,0.107,43.0,0.07,0.693,0.8354
4835,2023-06-03,2258,Eastern Ontario Health Unit,0.0674,25.0,0.12,0.9382,0.9888
4836,2023-06-03,2255,Peterborough County-City Health Unit,0.0172,41.0,0.28,0.8029,0.8412
4837,2023-06-03,2233,Grey Bruce Health Unit,0.0372,31.0,0.18,0.7604,0.9816
4838,2023-06-03,2240,Chatham-Kent Health Unit,0.1053,8.0,0.08,0.7119,0.9492
4839,2023-06-03,5183,Huron Perth Health Unit,0.014,31.0,0.22,0.6636,0.9908
4840,2023-06-03,4913,Southwestern Public Health,0.0732,18.0,0.08,0.7045,0.947
4841,2023-06-03,2243,"Leeds, Grenville and Lanark District Health Unit",0.0881,28.0,0.16,0.8683,0.9641
4842,2023-06-03,2244,Middlesex-London Health Unit,0.0602,57.0,0.11,0.8568,0.9648
4843,2023-06-03,2262,Thunder Bay District Health Unit,0.0485,29.0,0.2,0.9403,0.995
4844,2023-06-03,2261,Sudbury and District Health Unit,0.0565,81.0,0.41,0.9771,0.9965
4845,2023-06-03,2235,"Haliburton, Kawartha, Pine Ridge District Health Unit",0.0345,37.0,0.2,0.7331,0.7859
4846,2023-06-03,2247,North Bay Parry Sound District Health Unit,0.1557,48.0,0.37,0.8207,0.9878
4847,2023-06-03,2256,Porcupine Health Unit,0.0408,14.0,0.17,0.8061,0.9694
4848,2023-06-03,2249,Northwestern Health Unit,0.0337,13.0,0.15,0.8889,0.9556
4849,2023-06-03,2246,Niagara Regional Area Health Unit,0.0922,81.0,0.17,0.782,0.951
4850,2023-06-03,2253,Peel Regional Health Unit,0.0591,184.0,0.11,0.8787,0.9321
4851,2023-06-03,2265,Waterloo Health Unit,0.0563,69.0,0.12,0.5855,0.8644
4852,2023-06-03,2238,Hastings and Prince Edward Counties Health Unit,0.0408,14.0,0.08,0.6316,0.8632
4853,2023-06-03,2251,City of Ottawa Health Unit,0.0902,89.0,0.08,0.9452,0.9897
4854,2023-06-03,3895,City of Toronto Health Unit,0.0827,527.0,0.17,0.9042,0.9639
4855,2023-06-03,2227,Brant County Health Unit,0.0286,25.0,0.16,0.9527,0.9763
4856,2023-06-03,2226,District of Algoma Health Unit,0.0593,19.0,0.17,0.9254,0.9701
4857,2023-06-03,2242,Lambton Health Unit,0.026,11.0,0.08,0.6329,0.9494
4858,2023-06-03,2260,Simcoe Muskoka District Health Unit,0.0668,66.0,0.11,0.8926,0.96
4859,2023-06-03,2241,"Kingston, Frontenac and Lennox and Addington Health Unit",0.0354,36.0,0.17,0.9402,0.9841
4860,2023-06-03,2234,Haldimand-Norfolk Health Unit,0.0263,11.0,0.1,0.631,0.9524
4861,2023-06-03,2270,York Regional Health Unit,0.1156,138.0,0.11,0.8845,0.9611
4862,2023-06-03,2268,Windsor-Essex County Health Unit,0.1017,17.0,0.04,0.7699,0.9292
4863,2023-06-03,2263,Timiskaming Health Unit,0.125,6.0,0.17,0.7179,0.8974
4864,2023-06-03,2266,Wellington-Dufferin-Guelph Health Unit,0.1692,37.0,0.12,0.7844,0.9331
4865,2023-06-03,2257,Renfrew County and District Health Unit,0.0769,11.0,0.1,0.9054,0.9595
4866,2023-06-02,2247,North Bay Parry Sound District Health Unit,0.162,46.0,0.35,0.9496,0.982
4867,2023-06-02,2241,"Kingston, Frontenac and Lennox and Addington Health Unit",0.036,36.0,0.17,0.9373,0.9826
4868,2023-06-02,2260,Simcoe Muskoka District Health Unit,0.072,69.0,0.12,0.9062,0.9552
4869,2023-06-02,2237,City of Hamilton Health Unit,0.1166,89.0,0.15,0.9243,0.9622
4870,2023-06-02,2236,Halton Regional Health Unit,0.0924,43.0,0.07,0.6776,0.8388
4871,2023-06-02,4913,Southwestern Public Health,0.08,18.0,0.08,0.7031,0.9453
4872,2023-06-02,5183,Huron Perth Health Unit,0.0092,31.0,0.22,0.6544,0.9908
4873,2023-06-02,2266,Wellington-Dufferin-Guelph Health Unit,0.1579,38.0,0.12,0.782,0.9398
4874,2023-06-02,2262,Thunder Bay District Health Unit,0.0526,30.0,0.2,0.9417,0.9951
4875,2023-06-02,2238,Hastings and Prince Edward Counties Health Unit,0.023,12.0,0.07,0.6,0.8421
4876,2023-06-02,2263,Timiskaming Health Unit,0.1351,5.0,0.16,0.725,0.9
4877,2023-06-02,2270,York Regional Health Unit,0.1146,137.0,0.11,0.8745,0.9575
4878,2023-06-02,2265,Waterloo Health Unit,0.0609,70.0,0.12,0.6139,0.865
4879,2023-06-02,2268,Windsor-Essex County Health Unit,0.0763,17.0,0.04,0.7798,0.945
4880,2023-06-02,2261,Sudbury and District Health Unit,0.0589,80.0,0.4,0.9695,0.9964
4881,2023-06-02,2257,Renfrew County and District Health Unit,0.08,11.0,0.1,0.9041,0.9589
4882,2023-06-02,2256,Porcupine Health Unit,0.04,14.0,0.17,0.8298,0.9681
4883,2023-06-02,2249,Northwestern Health Unit,0.0341,13.0,0.14,0.8953,0.9651
4884,2023-06-02,2243,"Leeds, Grenville and Lanark District Health Unit",0.082,26.0,0.15,0.8634,0.9617
4885,2023-06-02,2242,Lambton Health Unit,0.013,11.0,0.08,0.6053,0.9342
4886,2023-06-02,2230,Durham Regional Health Unit,0.1011,65.0,0.09,0.6877,0.8175
4887,2023-06-02,2258,Eastern Ontario Health Unit,0.0811,26.0,0.13,0.9347,0.9899
4888,2023-06-02,2226,District of Algoma Health Unit,0.0735,19.0,0.17,0.8913,0.9638
4889,2023-06-02,3895,City of Toronto Health Unit,0.0795,523.0,0.17,0.89,0.959
4890,2023-06-02,2251,City of Ottawa Health Unit,0.0932,89.0,0.08,0.9406,0.9851
4891,2023-06-02,2240,Chatham-Kent Health Unit,0.125,8.0,0.08,0.6852,0.9444
4892,2023-06-02,2227,Brant County Health Unit,0.0368,23.0,0.15,0.936,0.9651
4893,2023-06-02,2235,"Haliburton, Kawartha, Pine Ridge District Health Unit",0.0289,40.0,0.21,0.7331,0.7859
4894,2023-06-02,2246,Niagara Regional Area Health Unit,0.0911,80.0,0.17,0.7436,0.9359
4895,2023-06-02,2234,Haldimand-Norfolk Health Unit,0.0256,11.0,0.1,0.6235,0.9529
4896,2023-06-02,2233,Grey Bruce Health Unit,0.0367,31.0,0.18,0.7788,0.9823
4897,2023-06-02,2244,Middlesex-London Health Unit,0.0668,58.0,0.11,0.8557,0.9584
4898,2023-06-02,35,Ontario,0.078,2026.0,0.14,0.8485,0.9408
4899,2023-06-02,2255,Peterborough County-City Health Unit,0.0172,41.0,0.28,0.7988,0.8354
4900,2023-06-02,2253,Peel Regional Health Unit,0.0618,183.0,0.11,0.8751,0.9312
4901,2023-06-01,2249,Northwestern Health Unit,0.0444,13.0,0.15,0.907,0.9767
4902,2023-06-01,2242,Lambton Health Unit,0.0132,11.0,0.08,0.5476,0.9405
4903,2023-06-01,2268,Windsor-Essex County Health Unit,0.0631,16.0,0.04,0.7658,0.9369
4904,2023-06-01,2227,Brant County Health Unit,0.0357,24.0,0.15,0.9451,0.9695
4905,2023-06-01,2247,North Bay Parry Sound District Health Unit,0.1524,47.0,0.36,0.9714,0.9857
4906,2023-06-01,2258,Eastern Ontario Health Unit,0.1244,29.0,0.14,0.9245,0.9953
4907,2023-06-01,2266,Wellington-Dufferin-Guelph Health Unit,0.1423,38.0,0.12,0.7678,0.9438
4908,2023-06-01,2241,"Kingston, Frontenac and Lennox and Addington Health Unit",0.0324,40.0,0.19,0.9368,0.9825
4909,2023-06-01,2251,City of Ottawa Health Unit,0.1043,90.0,0.09,0.9402,0.9843
4910,2023-06-01,2243,"Leeds, Grenville and Lanark District Health Unit",0.0749,27.0,0.15,0.8713,0.9653
4911,2023-06-01,2270,York Regional Health Unit,0.1151,139.0,0.11,0.8777,0.9551
4912,2023-06-01,2257,Renfrew County and District Health Unit,0.0811,11.0,0.1,0.9545,0.9848
4913,2023-06-01,2265,Waterloo Health Unit,0.0658,69.0,0.12,0.6106,0.8851
4914,2023-06-01,2263,Timiskaming Health Unit,0.1707,6.0,0.18,0.775,0.9
4915,2023-06-01,4913,Southwestern Public Health,0.0738,17.0,0.08,0.6767,0.9248
4916,2023-06-01,2260,Simcoe Muskoka District Health Unit,0.0798,68.0,0.11,0.8913,0.9565
4917,2023-06-01,2253,Peel Regional Health Unit,0.0677,181.0,0.11,0.8749,0.9327
4918,2023-06-01,2226,District of Algoma Health Unit,0.0794,18.0,0.16,0.8712,0.9394
4919,2023-06-01,2255,Peterborough County-City Health Unit,0.0218,39.0,0.27,0.8512,0.8869
4920,2023-06-01,3895,City of Toronto Health Unit,0.0782,520.0,0.17,0.8885,0.9625
4921,2023-06-01,2237,City of Hamilton Health Unit,0.1189,88.0,0.15,0.937,0.9668
4922,2023-06-01,2240,Chatham-Kent Health Unit,0.1132,8.0,0.07,0.7167,0.9333
4923,2023-06-01,2230,Durham Regional Health Unit,0.1111,64.0,0.09,0.7295,0.8798
4924,2023-06-01,2233,Grey Bruce Health Unit,0.0418,34.0,0.2,0.8042,0.9875
4925,2023-06-01,2235,"Haliburton, Kawartha, Pine Ridge District Health Unit",0.0336,38.0,0.2,0.8072,0.866
4926,2023-06-01,2236,Halton Regional Health Unit,0.0744,44.0,0.07,0.695,0.8358
4927,2023-06-01,35,Ontario,0.0794,2032.0,0.14,0.8515,0.9487
4928,2023-06-01,5183,Huron Perth Health Unit,0.0092,31.0,0.22,0.6197,0.9765
4929,2023-06-01,2246,Niagara Regional Area Health Unit,0.0898,83.0,0.18,0.6788,0.9203
4930,2023-06-01,2238,Hastings and Prince Edward Counties Health Unit,0.0345,12.0,0.07,0.5977,0.8736
4931,2023-06-01,2244,Middlesex-London Health Unit,0.062,58.0,0.11,0.8341,0.9668
4932,2023-06-01,2234,Haldimand-Norfolk Health Unit,0.0238,12.0,0.11,0.6944,0.9444
4933,2023-06-01,2256,Porcupine Health Unit,0.0316,14.0,0.16,0.8495,0.9785
4934,2023-06-01,2261,Sudbury and District Health Unit,0.0637,81.0,0.41,0.9643,0.9947
4935,2023-06-01,2262,Thunder Bay District Health Unit,0.0485,29.0,0.2,0.9372,0.9952
4936,2023-05-31,2246,Niagara Regional Area Health Unit,0.0986,83.0,0.17,0.6972,0.9281
4937,2023-05-31,3895,City of Toronto Health Unit,0.0757,523.0,0.17,0.8841,0.9646
4938,2023-05-31,2243,"Leeds, Grenville and Lanark District Health Unit",0.0644,29.0,0.17,0.8863,0.9668
4939,2023-05-31,2233,Grey Bruce Health Unit,0.0328,35.0,0.21,0.8122,0.9837
4940,2023-05-31,2266,Wellington-Dufferin-Guelph Health Unit,0.1385,37.0,0.12,0.7597,0.9419
4941,2023-05-31,2270,York Regional Health Unit,0.115,138.0,0.11,0.8675,0.9521
4942,2023-05-31,2263,Timiskaming Health Unit,0.1707,6.0,0.18,0.9333,0.9667
4943,2023-05-31,2265,Waterloo Health Unit,0.0622,67.0,0.11,0.6194,0.886
4944,2023-05-31,2260,Simcoe Muskoka District Health Unit,0.0774,65.0,0.11,0.8964,0.9683
4945,2023-05-31,4913,Southwestern Public Health,0.0744,17.0,0.08,0.6715,0.927
4946,2023-05-31,2255,Peterborough County-City Health Unit,0.0099,43.0,0.29,0.8489,0.8852
4947,2023-05-31,5183,Huron Perth Health Unit,0.0147,29.0,0.21,0.5945,0.9724
4948,2023-05-31,2241,"Kingston, Frontenac and Lennox and Addington Health Unit",0.0397,40.0,0.19,0.9294,0.9777
4949,2023-05-31,2242,Lambton Health Unit,0.0132,11.0,0.08,0.5556,0.9333
4950,2023-05-31,2236,Halton Regional Health Unit,0.0765,47.0,0.08,0.7072,0.8609
4951,2023-05-31,2230,Durham Regional Health Unit,0.1048,65.0,0.09,0.7293,0.8808
4952,2023-05-31,2240,Chatham-Kent Health Unit,0.0714,8.0,0.08,0.6786,0.875
4953,2023-05-31,2226,District of Algoma Health Unit,0.0853,18.0,0.16,0.8667,0.9407
4954,2023-05-31,2234,Haldimand-Norfolk Health Unit,0.0253,11.0,0.1,0.7013,0.9351
4955,2023-05-31,2238,Hastings and Prince Edward Counties Health Unit,0.0127,11.0,0.07,0.5974,0.8701
4956,2023-05-31,2253,Peel Regional Health Unit,0.0683,180.0,0.11,0.9235,0.9642
4957,2023-05-31,2258,Eastern Ontario Health Unit,0.1415,30.0,0.15,0.9224,0.9954
4958,2023-05-31,2251,City of Ottawa Health Unit,0.1356,93.0,0.09,0.936,0.9866
4959,2023-05-31,2235,"Haliburton, Kawartha, Pine Ridge District Health Unit",0.0404,39.0,0.21,0.8079,0.8709
4960,2023-05-31,2244,Middlesex-London Health Unit,0.0685,58.0,0.12,0.8348,0.9706
4961,2023-05-31,35,Ontario,0.0789,2026.0,0.14,0.8545,0.9531
4962,2023-05-31,2257,Renfrew County and District Health Unit,0.0933,11.0,0.1,0.9394,0.9697
4963,2023-05-31,2237,City of Hamilton Health Unit,0.1102,87.0,0.15,0.942,0.9758
4964,2023-05-31,2261,Sudbury and District Health Unit,0.046,81.0,0.41,0.9583,0.9861
4965,2023-05-31,2247,North Bay Parry Sound District Health Unit,0.1367,40.0,0.31,0.9703,0.9926
4966,2023-05-31,2268,Windsor-Essex County Health Unit,0.0952,15.0,0.04,0.7727,0.9273
4967,2023-05-31,2256,Porcupine Health Unit,0.0316,14.0,0.16,0.8229,0.9688
4968,2023-05-31,2249,Northwestern Health Unit,0.0538,13.0,0.15,0.914,0.9785
4969,2023-05-31,2227,Brant County Health Unit,0.0296,24.0,0.16,0.9385,0.9609
4970,2023-05-31,2262,Thunder Bay District Health Unit,0.0426,27.0,0.18,0.9297,0.9946
4971,2023-05-30,2236,Halton Regional Health Unit,0.0818,47.0,0.08,0.6621,0.8324
4972,2023-05-30,2258,Eastern Ontario Health Unit,0.137,31.0,0.15,0.9263,0.9954
4973,2023-05-30,2247,North Bay Parry Sound District Health Unit,0.1358,38.0,0.29,0.9631,0.9889
4974,2023-05-30,2251,City of Ottawa Health Unit,0.1457,99.0,0.09,0.9422,0.9852
4975,2023-05-30,35,Ontario,0.0797,2057.0,0.14,0.8581,0.9541
4976,2023-05-30,2268,Windsor-Essex County Health Unit,0.1161,16.0,0.04,0.8028,0.8732
4977,2023-05-30,2270,York Regional Health Unit,0.1146,137.0,0.11,0.8742,0.9595
4978,2023-05-30,2263,Timiskaming Health Unit,0.1081,5.0,0.16,0.9091,0.9394
4979,2023-05-30,2262,Thunder Bay District Health Unit,0.0333,26.0,0.17,0.9419,0.9884
4980,2023-05-30,2257,Renfrew County and District Health Unit,0.0845,10.0,0.09,0.9394,0.9545
4981,2023-05-30,2260,Simcoe Muskoka District Health Unit,0.0921,67.0,0.11,0.9006,0.9762
4982,2023-05-30,2244,Middlesex-London Health Unit,0.0651,61.0,0.12,0.8213,0.9615
4983,2023-05-30,2246,Niagara Regional Area Health Unit,0.0902,87.0,0.18,0.6881,0.9358
4984,2023-05-30,5183,Huron Perth Health Unit,0.0144,30.0,0.21,0.5689,0.9244
4985,2023-05-30,2241,"Kingston, Frontenac and Lennox and Addington Health Unit",0.0699,39.0,0.18,0.9437,0.9859
4986,2023-05-30,2234,Haldimand-Norfolk Health Unit,0.026,11.0,0.1,0.7922,0.9351
4987,2023-05-30,2235,"Haliburton, Kawartha, Pine Ridge District Health Unit",0.0326,39.0,0.21,0.8255,0.9034
4988,2023-05-30,2226,District of Algoma Health Unit,0.0584,20.0,0.17,0.8467,0.92
4989,2023-05-30,2240,Chatham-Kent Health Unit,0.0536,8.0,0.08,0.7288,0.8814
4990,2023-05-30,2237,City of Hamilton Health Unit,0.0985,86.0,0.14,0.9378,0.9724
4991,2023-05-30,2227,Brant County Health Unit,0.0503,26.0,0.16,0.9435,0.9661
4992,2023-05-30,3895,City of Toronto Health Unit,0.0743,527.0,0.17,0.8861,0.966
4993,2023-05-30,2238,Hastings and Prince Edward Counties Health Unit,0.069,12.0,0.07,0.7216,0.866
4994,2023-05-30,2243,"Leeds, Grenville and Lanark District Health Unit",0.0642,31.0,0.18,0.9005,0.9683
4995,2023-05-30,2242,Lambton Health Unit,0.0116,12.0,0.09,0.5278,0.9028
4996,2023-05-30,2230,Durham Regional Health Unit,0.102,63.0,0.09,0.7293,0.8781
4997,2023-05-30,2256,Porcupine Health Unit,0.0421,14.0,0.16,0.8529,0.9706
4998,2023-05-30,2261,Sudbury and District Health Unit,0.0439,85.0,0.42,0.964,0.988
4999,2023-05-30,2266,Wellington-Dufferin-Guelph Health Unit,0.1385,37.0,0.12,0.776,0.952
5000,2023-05-30,2253,Peel Regional Health Unit,0.0773,179.0,0.11,0.9257,0.9665
5001,2023-05-30,2249,Northwestern Health Unit,0.044,13.0,0.15,0.8778,0.9667
5002,2023-05-30,4913,Southwestern Public Health,0.0709,18.0,0.09,0.6569,0.9343
5003,2023-05-30,2255,Peterborough County-City Health Unit,0.0128,45.0,0.3,0.8827,0.912
5004,2023-05-30,2265,Waterloo Health Unit,0.0643,69.0,0.12,0.6539,0.9213
5005,2023-05-30,2233,Grey Bruce Health Unit,0.04,36.0,0.21,0.814,0.9845
5006,2023-05-29,2260,Simcoe Muskoka District Health Unit,0.083,65.0,0.11,0.8989,0.9793
5007,2023-05-29,2256,Porcupine Health Unit,0.0952,15.0,0.18,0.8586,0.9596
5008,2023-05-29,2241,"Kingston, Frontenac and Lennox and Addington Health Unit",0.088,41.0,0.19,0.9442,0.9888
5009,2023-05-29,2266,Wellington-Dufferin-Guelph Health Unit,0.126,37.0,0.12,0.7631,0.9478
5010,2023-05-29,2249,Northwestern Health Unit,0.0435,13.0,0.15,0.9333,0.9556
5011,2023-05-29,2268,Windsor-Essex County Health Unit,0.146,20.0,0.05,0.7951,0.877
5012,2023-05-29,2243,"Leeds, Grenville and Lanark District Health Unit",0.0752,32.0,0.19,0.8468,0.9775
5013,2023-05-29,2244,Middlesex-London Health Unit,0.0798,61.0,0.12,0.8257,0.9661
5014,2023-05-29,2238,Hastings and Prince Edward Counties Health Unit,0.0971,15.0,0.09,0.7474,0.8947
5015,2023-05-29,2233,Grey Bruce Health Unit,0.0383,37.0,0.22,0.821,0.9922
5016,2023-05-29,3895,City of Toronto Health Unit,0.0759,516.0,0.17,0.8884,0.9714
5017,2023-05-29,2226,District of Algoma Health Unit,0.0426,20.0,0.18,0.844,0.922
5018,2023-05-29,2240,Chatham-Kent Health Unit,0.0351,8.0,0.08,0.7742,0.9032
5019,2023-05-29,2258,Eastern Ontario Health Unit,0.136,33.0,0.16,0.9259,0.9954
5020,2023-05-29,2242,Lambton Health Unit,0.0267,11.0,0.08,0.4769,0.9231
5021,2023-05-29,2251,City of Ottawa Health Unit,0.1453,98.0,0.09,0.9446,0.9873
5022,2023-05-29,2247,North Bay Parry Sound District Health Unit,0.1349,41.0,0.32,0.9574,0.9845
5023,2023-05-29,2234,Haldimand-Norfolk Health Unit,0.037,12.0,0.1,0.7534,0.9452
5024,2023-05-29,2255,Peterborough County-City Health Unit,0.0158,45.0,0.31,0.9688,0.9965
5025,2023-05-29,4913,Southwestern Public Health,0.0519,19.0,0.09,0.6378,0.937
5026,2023-05-29,2265,Waterloo Health Unit,0.0618,67.0,0.11,0.6374,0.9455
5027,2023-05-29,2246,Niagara Regional Area Health Unit,0.0917,84.0,0.18,0.686,0.9269
5028,2023-05-29,2262,Thunder Bay District Health Unit,0.0518,28.0,0.18,0.9511,0.9891
5029,2023-05-29,2270,York Regional Health Unit,0.1038,136.0,0.11,0.8798,0.9552
5030,2023-05-29,2257,Renfrew County and District Health Unit,0.0781,9.0,0.08,0.8947,0.9123
5031,2023-05-29,2263,Timiskaming Health Unit,0.0526,5.0,0.17,0.9063,0.9375
5032,2023-05-29,2253,Peel Regional Health Unit,0.0728,184.0,0.11,0.9323,0.972
5033,2023-05-29,2235,"Haliburton, Kawartha, Pine Ridge District Health Unit",0.0523,41.0,0.22,0.9124,0.9818
5034,2023-05-29,2230,Durham Regional Health Unit,0.1022,64.0,0.09,0.7355,0.8817
5035,2023-05-29,2237,City of Hamilton Health Unit,0.0879,83.0,0.14,0.9433,0.9734
5036,2023-05-29,2227,Brant County Health Unit,0.0471,24.0,0.16,0.9477,0.9709
5037,2023-05-29,2261,Sudbury and District Health Unit,0.0397,83.0,0.42,0.9637,0.9862
5038,2023-05-29,35,Ontario,0.0808,2066.0,0.14,0.8641,0.9622
5039,2023-05-29,5183,Huron Perth Health Unit,0.0093,31.0,0.22,0.5622,0.9171
5040,2023-05-29,2236,Halton Regional Health Unit,0.1173,51.0,0.08,0.7155,0.8873
5041,2023-05-28,2230,Durham Regional Health Unit,0.105,63.0,0.09,0.7461,0.9087
5042,2023-05-28,5183,Huron Perth Health Unit,0.0146,29.0,0.21,0.5689,0.9156
5043,2023-05-28,2263,Timiskaming Health Unit,0.0606,5.0,0.14,0.9355,0.9677
5044,2023-05-28,2265,Waterloo Health Unit,0.0697,64.0,0.11,0.6667,0.9513
5045,2023-05-28,2266,Wellington-Dufferin-Guelph Health Unit,0.0979,34.0,0.11,0.7511,0.9399
5046,2023-05-28,2247,North Bay Parry Sound District Health Unit,0.0846,37.0,0.29,0.958,0.9847
5047,2023-05-28,2253,Peel Regional Health Unit,0.0667,186.0,0.12,0.9381,0.9724
5048,2023-05-28,2255,Peterborough County-City Health Unit,0.017,42.0,0.28,0.9685,0.9965
5049,2023-05-28,2256,Porcupine Health Unit,0.1111,14.0,0.17,0.85,0.94
5050,2023-05-28,2249,Northwestern Health Unit,0.0495,14.0,0.16,0.9327,0.9615
5051,2023-05-28,2236,Halton Regional Health Unit,0.1566,52.0,0.08,0.6885,0.8579
5052,2023-05-28,2242,Lambton Health Unit,0.0313,9.0,0.07,0.4848,0.9242
5053,2023-05-28,2258,Eastern Ontario Health Unit,0.1402,31.0,0.15,0.9265,1.0
5054,2023-05-28,2233,Grey Bruce Health Unit,0.0469,37.0,0.22,0.8039,0.9804
5055,2023-05-28,2251,City of Ottawa Health Unit,0.1408,87.0,0.08,0.9414,0.9879
5056,2023-05-28,2227,Brant County Health Unit,0.0446,22.0,0.14,0.9412,0.9706
5057,2023-05-28,2237,City of Hamilton Health Unit,0.0696,84.0,0.14,0.9347,0.9735
5058,2023-05-28,2235,"Haliburton, Kawartha, Pine Ridge District Health Unit",0.0473,42.0,0.22,0.9223,0.9894
5059,2023-05-28,2241,"Kingston, Frontenac and Lennox and Addington Health Unit",0.0929,38.0,0.18,0.9481,0.9889
5060,2023-05-28,2246,Niagara Regional Area Health Unit,0.0912,81.0,0.17,0.6605,0.9215
5061,2023-05-28,2238,Hastings and Prince Edward Counties Health Unit,0.1146,14.0,0.08,0.7353,0.8824
5062,2023-05-28,2270,York Regional Health Unit,0.0935,131.0,0.11,0.8744,0.9548
5063,2023-05-28,2261,Sudbury and District Health Unit,0.0333,81.0,0.41,0.9674,0.9873
5064,2023-05-28,2226,District of Algoma Health Unit,0.0538,19.0,0.16,0.8333,0.913
5065,2023-05-28,2260,Simcoe Muskoka District Health Unit,0.0794,61.0,0.1,0.8938,0.9677
5066,2023-05-28,2234,Haldimand-Norfolk Health Unit,0.0429,10.0,0.09,0.7534,0.9726
5067,2023-05-28,2268,Windsor-Essex County Health Unit,0.2069,17.0,0.04,0.7937,0.881
5068,2023-05-28,4913,Southwestern Public Health,0.0794,18.0,0.09,0.6194,0.9328
5069,2023-05-28,2257,Renfrew County and District Health Unit,0.0556,8.0,0.07,0.9091,0.9273
5070,2023-05-28,2244,Middlesex-London Health Unit,0.0981,60.0,0.12,0.8203,0.9598
5071,2023-05-28,2240,Chatham-Kent Health Unit,0.0328,9.0,0.08,0.7581,0.9032
5072,2023-05-28,2262,Thunder Bay District Health Unit,0.0383,30.0,0.2,0.961,0.9902
5073,2023-05-28,35,Ontario,0.0791,1980.0,0.13,0.8636,0.9615
5074,2023-05-28,2243,"Leeds, Grenville and Lanark District Health Unit",0.0631,29.0,0.17,0.8634,0.9805
5075,2023-05-28,3895,City of Toronto Health Unit,0.075,486.0,0.16,0.889,0.9708
5076,2023-05-27,2263,Timiskaming Health Unit,0.0667,4.0,0.13,0.9375,0.9688
5077,2023-05-27,2253,Peel Regional Health Unit,0.0684,198.0,0.12,0.9277,0.9685
5078,2023-05-27,2243,"Leeds, Grenville and Lanark District Health Unit",0.0512,31.0,0.18,0.8303,0.9862
5079,2023-05-27,2249,Northwestern Health Unit,0.051,14.0,0.16,0.9485,0.9794
5080,2023-05-27,2270,York Regional Health Unit,0.0866,132.0,0.11,0.8703,0.9536
5081,2023-05-27,2260,Simcoe Muskoka District Health Unit,0.0909,63.0,0.1,0.8753,0.9628
5082,2023-05-27,4913,Southwestern Public Health,0.0746,19.0,0.09,0.6619,0.9424
5083,2023-05-27,2235,"Haliburton, Kawartha, Pine Ridge District Health Unit",0.0548,42.0,0.22,0.9039,0.9893
5084,2023-05-27,2237,City of Hamilton Health Unit,0.0788,82.0,0.14,0.9329,0.977
5085,2023-05-27,2255,Peterborough County-City Health Unit,0.0135,42.0,0.29,0.9631,0.9963
5086,2023-05-27,2246,Niagara Regional Area Health Unit,0.0922,73.0,0.15,0.6208,0.9153
5087,2023-05-27,2241,"Kingston, Frontenac and Lennox and Addington Health Unit",0.0947,38.0,0.18,0.9438,0.9888
5088,2023-05-27,2236,Halton Regional Health Unit,0.1645,54.0,0.09,0.6675,0.8582
5089,2023-05-27,2226,District of Algoma Health Unit,0.062,18.0,0.16,0.8593,0.9185
5090,2023-05-27,2230,Durham Regional Health Unit,0.0964,64.0,0.09,0.714,0.9123
5091,2023-05-27,2240,Chatham-Kent Health Unit,0.0339,8.0,0.08,0.7333,0.9167
5092,2023-05-27,2258,Eastern Ontario Health Unit,0.1472,28.0,0.13,0.9405,1.0
5093,2023-05-27,5183,Huron Perth Health Unit,0.0138,31.0,0.22,0.5551,0.9119
5094,2023-05-27,2247,North Bay Parry Sound District Health Unit,0.0754,36.0,0.28,0.9637,0.9879
5095,2023-05-27,2251,City of Ottawa Health Unit,0.1503,90.0,0.09,0.9391,0.9885
5096,2023-05-27,2244,Middlesex-London Health Unit,0.1048,60.0,0.12,0.8034,0.9496
5097,2023-05-27,35,Ontario,0.08,1999.0,0.13,0.8543,0.9603
5098,2023-05-27,2242,Lambton Health Unit,0.0299,10.0,0.07,0.5079,0.9206
5099,2023-05-27,2262,Thunder Bay District Health Unit,0.0474,30.0,0.2,0.939,0.9906
5100,2023-05-27,2268,Windsor-Essex County Health Unit,0.2185,17.0,0.04,0.8045,0.8872
5101,2023-05-27,2265,Waterloo Health Unit,0.0654,66.0,0.11,0.6712,0.9592
5102,2023-05-27,2238,Hastings and Prince Edward Counties Health Unit,0.1224,14.0,0.08,0.7455,0.8909
5103,2023-05-27,2266,Wellington-Dufferin-Guelph Health Unit,0.0905,35.0,0.11,0.7661,0.9395
5104,2023-05-27,2233,Grey Bruce Health Unit,0.0512,36.0,0.21,0.7984,0.9763
5105,2023-05-27,2261,Sudbury and District Health Unit,0.0268,80.0,0.4,0.9641,0.9868
5106,2023-05-27,3895,City of Toronto Health Unit,0.0768,491.0,0.16,0.8812,0.9682
5107,2023-05-27,2227,Brant County Health Unit,0.0407,25.0,0.16,0.929,0.9672
5108,2023-05-27,2256,Porcupine Health Unit,0.1134,14.0,0.17,0.8485,0.9394
5109,2023-05-27,2257,Renfrew County and District Health Unit,0.0357,8.0,0.07,0.8909,0.9273
5110,2023-05-27,2234,Haldimand-Norfolk Health Unit,0.0541,11.0,0.09,0.8289,0.9737
5111,2023-05-26,2262,Thunder Bay District Health Unit,0.0469,30.0,0.2,0.9361,0.9909
5112,2023-05-26,2242,Lambton Health Unit,0.0597,10.0,0.07,0.5517,0.9483
5113,2023-05-26,2268,Windsor-Essex County Health Unit,0.2177,18.0,0.04,0.8058,0.8849
5114,2023-05-26,2257,Renfrew County and District Health Unit,0.0364,8.0,0.07,0.873,0.9206
5115,2023-05-26,2260,Simcoe Muskoka District Health Unit,0.0856,63.0,0.11,0.8692,0.9599
5116,2023-05-26,2253,Peel Regional Health Unit,0.067,200.0,0.12,0.9253,0.9658
5117,2023-05-26,35,Ontario,0.0805,2017.0,0.14,0.8628,0.962
5118,2023-05-26,2244,Middlesex-London Health Unit,0.1037,58.0,0.11,0.8195,0.9561
5119,2023-05-26,5183,Huron Perth Health Unit,0.0136,31.0,0.22,0.5561,0.9103
5120,2023-05-26,2241,"Kingston, Frontenac and Lennox and Addington Health Unit",0.1015,38.0,0.18,0.9478,0.987
5121,2023-05-26,2235,"Haliburton, Kawartha, Pine Ridge District Health Unit",0.0662,41.0,0.22,0.9066,0.9896
5122,2023-05-26,2234,Haldimand-Norfolk Health Unit,0.0588,12.0,0.11,0.8354,0.962
5123,2023-05-26,2261,Sudbury and District Health Unit,0.0238,78.0,0.39,0.9701,0.9869
5124,2023-05-26,2263,Timiskaming Health Unit,0.0625,5.0,0.14,0.9677,0.9677
5125,2023-05-26,2230,Durham Regional Health Unit,0.1046,66.0,0.09,0.744,0.9147
5126,2023-05-26,2227,Brant County Health Unit,0.0374,27.0,0.17,0.9514,0.9784
5127,2023-05-26,2226,District of Algoma Health Unit,0.0522,19.0,0.17,0.8769,0.9154
5128,2023-05-26,3895,City of Toronto Health Unit,0.078,497.0,0.16,0.8962,0.9737
5129,2023-05-26,2233,Grey Bruce Health Unit,0.0494,35.0,0.2,0.7746,0.9631
5130,2023-05-26,2236,Halton Regional Health Unit,0.1702,54.0,0.09,0.6894,0.8583
5131,2023-05-26,2237,City of Hamilton Health Unit,0.0801,84.0,0.14,0.9366,0.9783
5132,2023-05-26,2243,"Leeds, Grenville and Lanark District Health Unit",0.0526,30.0,0.17,0.8238,0.9905
5133,2023-05-26,2249,Northwestern Health Unit,0.051,14.0,0.16,0.9505,0.9802
5134,2023-05-26,2256,Porcupine Health Unit,0.1068,15.0,0.18,0.8609,0.9391
5135,2023-05-26,2246,Niagara Regional Area Health Unit,0.096,71.0,0.15,0.6424,0.9227
5136,2023-05-26,2270,York Regional Health Unit,0.0841,136.0,0.11,0.8848,0.9588
5137,2023-05-26,2265,Waterloo Health Unit,0.0635,65.0,0.11,0.6606,0.9431
5138,2023-05-26,2247,North Bay Parry Sound District Health Unit,0.0659,37.0,0.28,0.9753,0.9918
5139,2023-05-26,2255,Peterborough County-City Health Unit,0.0139,41.0,0.28,0.9638,0.9964
5140,2023-05-26,2258,Eastern Ontario Health Unit,0.1323,27.0,0.13,0.9422,1.0
5141,2023-05-26,2240,Chatham-Kent Health Unit,0.0172,8.0,0.08,0.7049,0.9016
5142,2023-05-26,2251,City of Ottawa Health Unit,0.1544,92.0,0.09,0.9421,0.992
5143,2023-05-26,2266,Wellington-Dufferin-Guelph Health Unit,0.0902,36.0,0.12,0.7747,0.9328
5144,2023-05-26,4913,Southwestern Public Health,0.0694,21.0,0.1,0.6619,0.9424
5145,2023-05-26,2238,Hastings and Prince Edward Counties Health Unit,0.1441,16.0,0.09,0.7895,0.9211
5146,2023-05-25,2253,Peel Regional Health Unit,0.0742,198.0,0.12,0.9195,0.9657
5147,2023-05-25,3895,City of Toronto Health Unit,0.0792,493.0,0.16,0.9062,0.9766
5148,2023-05-25,2265,Waterloo Health Unit,0.0685,69.0,0.12,0.677,0.9465
5149,2023-05-25,2266,Wellington-Dufferin-Guelph Health Unit,0.1012,35.0,0.11,0.751,0.9195
5150,2023-05-25,2268,Windsor-Essex County Health Unit,0.2044,20.0,0.05,0.8199,0.882
5151,2023-05-25,2256,Porcupine Health Unit,0.1081,16.0,0.19,0.864,0.928
5152,2023-05-25,2243,"Leeds, Grenville and Lanark District Health Unit",0.0467,31.0,0.18,0.8244,0.9902
5153,2023-05-25,2244,Middlesex-London Health Unit,0.1226,61.0,0.12,0.8507,0.9428
5154,2023-05-25,5183,Huron Perth Health Unit,0.0223,32.0,0.23,0.5294,0.8571
5155,2023-05-25,2233,Grey Bruce Health Unit,0.0593,34.0,0.2,0.7636,0.9455
5156,2023-05-25,2234,Haldimand-Norfolk Health Unit,0.05,11.0,0.1,0.7857,0.9286
5157,2023-05-25,2240,Chatham-Kent Health Unit,0.05,9.0,0.08,0.6852,0.9074
5158,2023-05-25,2227,Brant County Health Unit,0.0526,27.0,0.17,0.9378,0.9741
5159,2023-05-25,2258,Eastern Ontario Health Unit,0.0778,26.0,0.12,0.9249,0.9942
5160,2023-05-25,2236,Halton Regional Health Unit,0.1766,55.0,0.09,0.6667,0.8346
5161,2023-05-25,2242,Lambton Health Unit,0.0625,9.0,0.07,0.7018,0.9649
5162,2023-05-25,2249,Northwestern Health Unit,0.0636,16.0,0.18,0.9386,0.9649
5163,2023-05-25,2226,District of Algoma Health Unit,0.0432,20.0,0.17,0.8864,0.9242
5164,2023-05-25,2247,North Bay Parry Sound District Health Unit,0.0795,34.0,0.26,0.9738,0.9869
5165,2023-05-25,2263,Timiskaming Health Unit,0.0,4.0,0.13,0.9688,0.9688
5166,2023-05-25,4913,Southwestern Public Health,0.1049,20.0,0.1,0.6358,0.9404
5167,2023-05-25,35,Ontario,0.0826,2039.0,0.14,0.8646,0.9588
5168,2023-05-25,2262,Thunder Bay District Health Unit,0.0546,34.0,0.23,0.9417,0.9917
5169,2023-05-25,2257,Renfrew County and District Health Unit,0.0635,9.0,0.08,0.8615,0.9077
5170,2023-05-25,2246,Niagara Regional Area Health Unit,0.0967,69.0,0.15,0.6775,0.9304
5171,2023-05-25,2235,"Haliburton, Kawartha, Pine Ridge District Health Unit",0.0575,45.0,0.24,0.9057,0.9969
5172,2023-05-25,2251,City of Ottawa Health Unit,0.1485,94.0,0.09,0.9388,0.9898
5173,2023-05-25,2237,City of Hamilton Health Unit,0.0797,88.0,0.15,0.9324,0.9775
5174,2023-05-25,2260,Simcoe Muskoka District Health Unit,0.0809,67.0,0.11,0.8827,0.9602
5175,2023-05-25,2255,Peterborough County-City Health Unit,0.0124,46.0,0.31,0.9647,1.0
5176,2023-05-25,2241,"Kingston, Frontenac and Lennox and Addington Health Unit",0.1181,34.0,0.16,0.9435,0.9839
5177,2023-05-25,2270,York Regional Health Unit,0.0838,138.0,0.11,0.8694,0.9426
5178,2023-05-25,2238,Hastings and Prince Edward Counties Health Unit,0.1513,17.0,0.1,0.7619,0.9127
5179,2023-05-25,2230,Durham Regional Health Unit,0.0958,69.0,0.1,0.756,0.9303
5180,2023-05-25,2261,Sudbury and District Health Unit,0.0209,75.0,0.38,0.9749,0.9884
5181,2023-05-24,2261,Sudbury and District Health Unit,0.0177,73.0,0.36,0.9771,0.9938
5182,2023-05-24,2265,Waterloo Health Unit,0.0772,70.0,0.12,0.6804,0.9402
5183,2023-05-24,2266,Wellington-Dufferin-Guelph Health Unit,0.0865,38.0,0.12,0.7572,0.9239
5184,2023-05-24,4913,Southwestern Public Health,0.1034,21.0,0.1,0.6449,0.9348
5185,2023-05-24,2255,Peterborough County-City Health Unit,0.0269,42.0,0.29,0.9715,1.0
5186,2023-05-24,2238,Hastings and Prince Edward Counties Health Unit,0.1626,18.0,0.1,0.7551,0.9116
5187,2023-05-24,2242,Lambton Health Unit,0.0455,9.0,0.07,0.7234,0.9574
5188,2023-05-24,3895,City of Toronto Health Unit,0.0785,486.0,0.16,0.9184,0.9791
5189,2023-05-24,2243,"Leeds, Grenville and Lanark District Health Unit",0.0478,30.0,0.17,0.8071,0.9898
5190,2023-05-24,2237,City of Hamilton Health Unit,0.0803,89.0,0.15,0.9294,0.9672
5191,2023-05-24,2251,City of Ottawa Health Unit,0.1289,91.0,0.09,0.9379,0.984
5192,2023-05-24,2227,Brant County Health Unit,0.0604,26.0,0.17,0.9231,0.9725
5193,2023-05-24,2240,Chatham-Kent Health Unit,0.0545,8.0,0.07,0.72,0.94
5194,2023-05-24,2230,Durham Regional Health Unit,0.1,66.0,0.09,0.7495,0.9347
5195,2023-05-24,2235,"Haliburton, Kawartha, Pine Ridge District Health Unit",0.052,47.0,0.25,0.9051,0.9968
5196,2023-05-24,2241,"Kingston, Frontenac and Lennox and Addington Health Unit",0.1125,34.0,0.16,0.9555,0.9879
5197,2023-05-24,2268,Windsor-Essex County Health Unit,0.179,23.0,0.05,0.85,0.9056
5198,2023-05-24,2246,Niagara Regional Area Health Unit,0.0874,67.0,0.14,0.6765,0.9407
5199,2023-05-24,2233,Grey Bruce Health Unit,0.0724,32.0,0.19,0.7477,0.9404
5200,2023-05-24,2253,Peel Regional Health Unit,0.0702,203.0,0.13,0.9241,0.9662
5201,2023-05-24,2249,Northwestern Health Unit,0.0982,16.0,0.18,0.9386,0.9649
5202,2023-05-24,2270,York Regional Health Unit,0.083,146.0,0.12,0.8496,0.9545
5203,2023-05-24,2263,Timiskaming Health Unit,0.0,4.0,0.13,0.9688,0.9688
5204,2023-05-24,2244,Middlesex-London Health Unit,0.1265,59.0,0.12,0.8428,0.9322
5205,2023-05-24,2256,Porcupine Health Unit,0.1613,18.0,0.21,0.8345,0.9209
5206,2023-05-24,2247,North Bay Parry Sound District Health Unit,0.0897,33.0,0.26,0.9821,0.9866
5207,2023-05-24,2258,Eastern Ontario Health Unit,0.1568,26.0,0.13,0.9231,0.9835
5208,2023-05-24,2234,Haldimand-Norfolk Health Unit,0.0519,11.0,0.1,0.75,0.925
5209,2023-05-24,5183,Huron Perth Health Unit,0.0135,32.0,0.23,0.5284,0.8559
5210,2023-05-24,2226,District of Algoma Health Unit,0.0469,18.0,0.16,0.8951,0.9371
5211,2023-05-24,35,Ontario,0.0834,2043.0,0.14,0.8643,0.9582
5212,2023-05-24,2262,Thunder Bay District Health Unit,0.0502,37.0,0.25,0.9421,0.9884
5213,2023-05-24,2257,Renfrew County and District Health Unit,0.0615,9.0,0.09,0.8696,0.9275
5214,2023-05-24,2236,Halton Regional Health Unit,0.1859,55.0,0.09,0.6418,0.7935
5215,2023-05-24,2260,Simcoe Muskoka District Health Unit,0.0799,70.0,0.12,0.8661,0.9554
5216,2023-05-23,2246,Niagara Regional Area Health Unit,0.0852,57.0,0.12,0.6341,0.9323
5217,2023-05-23,2247,North Bay Parry Sound District Health Unit,0.0711,32.0,0.25,0.977,0.9862
5218,2023-05-23,2256,Porcupine Health Unit,0.1908,19.0,0.22,0.8385,0.9231
5219,2023-05-23,2266,Wellington-Dufferin-Guelph Health Unit,0.0662,39.0,0.12,0.7331,0.9291
5220,2023-05-23,2261,Sudbury and District Health Unit,0.0192,67.0,0.34,0.9654,0.9913
5221,2023-05-23,2270,York Regional Health Unit,0.0796,145.0,0.12,0.8522,0.9554
5222,2023-05-23,2263,Timiskaming Health Unit,0.0,5.0,0.14,1.0,1.0
5223,2023-05-23,35,Ontario,0.0812,2029.0,0.14,0.8597,0.9615
5224,2023-05-23,2253,Peel Regional Health Unit,0.0721,216.0,0.13,0.9298,0.9728
5225,2023-05-23,2255,Peterborough County-City Health Unit,0.0246,41.0,0.28,0.9623,1.0
5226,2023-05-23,5183,Huron Perth Health Unit,0.0323,31.0,0.22,0.5129,0.8966
5227,2023-05-23,2241,"Kingston, Frontenac and Lennox and Addington Health Unit",0.1216,36.0,0.17,0.9398,0.988
5228,2023-05-23,2242,Lambton Health Unit,0.0545,8.0,0.06,0.7049,0.9836
5229,2023-05-23,2226,District of Algoma Health Unit,0.0615,19.0,0.16,0.9055,0.9606
5230,2023-05-23,2230,Durham Regional Health Unit,0.082,70.0,0.1,0.7365,0.9581
5231,2023-05-23,2258,Eastern Ontario Health Unit,0.1429,27.0,0.13,0.9124,0.9845
5232,2023-05-23,2260,Simcoe Muskoka District Health Unit,0.0748,67.0,0.11,0.8407,0.9375
5233,2023-05-23,2240,Chatham-Kent Health Unit,0.1111,8.0,0.07,0.7091,0.9455
5234,2023-05-23,2237,City of Hamilton Health Unit,0.0842,85.0,0.14,0.9251,0.9667
5235,2023-05-23,2244,Middlesex-London Health Unit,0.1311,56.0,0.11,0.8384,0.9304
5236,2023-05-23,2236,Halton Regional Health Unit,0.1792,55.0,0.09,0.6508,0.8015
5237,2023-05-23,2257,Renfrew County and District Health Unit,0.0833,10.0,0.09,0.8289,0.9079
5238,2023-05-23,2268,Windsor-Essex County Health Unit,0.1494,25.0,0.06,0.8412,0.9588
5239,2023-05-23,4913,Southwestern Public Health,0.0921,22.0,0.1,0.6987,0.9423
5240,2023-05-23,2234,Haldimand-Norfolk Health Unit,0.0519,11.0,0.1,0.7407,0.9259
5241,2023-05-23,2235,"Haliburton, Kawartha, Pine Ridge District Health Unit",0.0517,47.0,0.25,0.9097,0.99
5242,2023-05-23,2249,Northwestern Health Unit,0.1092,17.0,0.19,0.9593,0.9756
5243,2023-05-23,2243,"Leeds, Grenville and Lanark District Health Unit",0.0361,28.0,0.16,0.799,0.9948
5244,2023-05-23,2238,Hastings and Prince Edward Counties Health Unit,0.1642,19.0,0.11,0.6691,0.9281
5245,2023-05-23,2233,Grey Bruce Health Unit,0.0688,31.0,0.18,0.7792,0.9437
5246,2023-05-23,2227,Brant County Health Unit,0.0319,27.0,0.17,0.92,0.975
5247,2023-05-23,3895,City of Toronto Health Unit,0.0764,481.0,0.15,0.9211,0.9801
5248,2023-05-23,2262,Thunder Bay District Health Unit,0.0532,38.0,0.25,0.9544,0.9962
5249,2023-05-23,2265,Waterloo Health Unit,0.0682,69.0,0.12,0.6571,0.9387
5250,2023-05-23,2251,City of Ottawa Health Unit,0.1204,89.0,0.08,0.924,0.9841
5251,2023-05-22,2227,Brant County Health Unit,0.0348,29.0,0.19,0.9212,0.9754
5252,2023-05-22,2253,Peel Regional Health Unit,0.0804,228.0,0.14,0.9282,0.9707
5253,2023-05-22,2260,Simcoe Muskoka District Health Unit,0.0794,70.0,0.12,0.8365,0.9327
5254,2023-05-22,2236,Halton Regional Health Unit,0.1486,53.0,0.09,0.6292,0.7895
5255,2023-05-22,2251,City of Ottawa Health Unit,0.1156,85.0,0.08,0.918,0.9808
5256,2023-05-22,5183,Huron Perth Health Unit,0.0381,30.0,0.21,0.4855,0.8921
5257,2023-05-22,2242,Lambton Health Unit,0.0333,9.0,0.07,0.7576,0.9848
5258,2023-05-22,4913,Southwestern Public Health,0.1026,22.0,0.11,0.7205,0.9379
5259,2023-05-22,2265,Waterloo Health Unit,0.0609,70.0,0.12,0.6574,0.9236
5260,2023-05-22,2268,Windsor-Essex County Health Unit,0.1099,26.0,0.06,0.7992,0.937
5261,2023-05-22,2270,York Regional Health Unit,0.0778,154.0,0.13,0.8562,0.9602
5262,2023-05-22,2262,Thunder Bay District Health Unit,0.0593,36.0,0.24,0.9496,0.9961
5263,2023-05-22,2257,Renfrew County and District Health Unit,0.0625,11.0,0.11,0.869,0.9405
5264,2023-05-22,35,Ontario,0.0784,2069.0,0.14,0.8594,0.9592
5265,2023-05-22,2244,Middlesex-London Health Unit,0.1231,56.0,0.11,0.826,0.9216
5266,2023-05-22,2246,Niagara Regional Area Health Unit,0.0809,58.0,0.12,0.6691,0.9343
5267,2023-05-22,2235,"Haliburton, Kawartha, Pine Ridge District Health Unit",0.0368,47.0,0.25,0.9164,0.9876
5268,2023-05-22,2234,Haldimand-Norfolk Health Unit,0.0488,12.0,0.1,0.7738,0.9286
5269,2023-05-22,2226,District of Algoma Health Unit,0.0746,19.0,0.17,0.8733,0.9467
5270,2023-05-22,2230,Durham Regional Health Unit,0.0818,72.0,0.1,0.7571,0.9602
5271,2023-05-22,2237,City of Hamilton Health Unit,0.0796,83.0,0.14,0.9218,0.9667
5272,2023-05-22,3895,City of Toronto Health Unit,0.0747,493.0,0.16,0.9225,0.9804
5273,2023-05-22,2240,Chatham-Kent Health Unit,0.1404,8.0,0.08,0.6481,0.9074
5274,2023-05-22,2238,Hastings and Prince Edward Counties Health Unit,0.1667,18.0,0.11,0.6619,0.9281
5275,2023-05-22,2243,"Leeds, Grenville and Lanark District Health Unit",0.0205,28.0,0.16,0.8492,0.995
5276,2023-05-22,2249,Northwestern Health Unit,0.1092,17.0,0.19,0.9675,0.9837
5277,2023-05-22,2241,"Kingston, Frontenac and Lennox and Addington Health Unit",0.1128,37.0,0.17,0.9489,0.9891
5278,2023-05-22,2261,Sudbury and District Health Unit,0.0148,67.0,0.34,0.9602,0.9821
5279,2023-05-22,2266,Wellington-Dufferin-Guelph Health Unit,0.0574,42.0,0.14,0.7373,0.9399
5280,2023-05-22,2263,Timiskaming Health Unit,0.0,4.0,0.13,1.0,1.0
5281,2023-05-22,2247,North Bay Parry Sound District Health Unit,0.0583,29.0,0.23,0.9673,0.9813
5282,2023-05-22,2255,Peterborough County-City Health Unit,0.0246,41.0,0.27,0.938,0.9767
5283,2023-05-22,2256,Porcupine Health Unit,0.1746,18.0,0.22,0.8074,0.9259
5284,2023-05-22,2258,Eastern Ontario Health Unit,0.1458,27.0,0.13,0.9087,0.9856
5285,2023-05-22,2233,Grey Bruce Health Unit,0.0826,35.0,0.2,0.7821,0.9416
5286,2023-05-21,2255,Peterborough County-City Health Unit,0.0254,39.0,0.27,0.9377,0.9767
5287,2023-05-21,2270,York Regional Health Unit,0.079,163.0,0.13,0.8661,0.9604
5288,2023-05-21,2237,City of Hamilton Health Unit,0.0797,86.0,0.15,0.9272,0.9676
5289,2023-05-21,2230,Durham Regional Health Unit,0.0935,79.0,0.11,0.7666,0.9639
5290,2023-05-21,2263,Timiskaming Health Unit,0.0,4.0,0.12,1.0,1.0
5291,2023-05-21,2262,Thunder Bay District Health Unit,0.0667,36.0,0.24,0.9459,0.9961
5292,2023-05-21,2266,Wellington-Dufferin-Guelph Health Unit,0.059,46.0,0.15,0.7461,0.9436
5293,2023-05-21,2247,North Bay Parry Sound District Health Unit,0.0502,31.0,0.24,0.9643,0.9777
5294,2023-05-21,2257,Renfrew County and District Health Unit,0.0575,12.0,0.11,0.8444,0.9222
5295,2023-05-21,5183,Huron Perth Health Unit,0.0313,32.0,0.23,0.4768,0.8861
5296,2023-05-21,2238,Hastings and Prince Edward Counties Health Unit,0.1522,20.0,0.12,0.6642,0.9328
5297,2023-05-21,2233,Grey Bruce Health Unit,0.0791,36.0,0.21,0.7915,0.9537
5298,2023-05-21,2234,Haldimand-Norfolk Health Unit,0.0575,12.0,0.11,0.7528,0.8989
5299,2023-05-21,3895,City of Toronto Health Unit,0.0766,515.0,0.17,0.9225,0.9796
5300,2023-05-21,2227,Brant County Health Unit,0.0381,30.0,0.19,0.922,0.9756
5301,2023-05-21,2226,District of Algoma Health Unit,0.0795,22.0,0.19,0.8792,0.953
5302,2023-05-21,2251,City of Ottawa Health Unit,0.1123,92.0,0.09,0.9091,0.9764
5303,2023-05-21,2235,"Haliburton, Kawartha, Pine Ridge District Health Unit",0.0428,47.0,0.25,0.9167,0.9877
5304,2023-05-21,2240,Chatham-Kent Health Unit,0.1333,9.0,0.08,0.697,0.9242
5305,2023-05-21,35,Ontario,0.0795,2188.0,0.15,0.8611,0.9604
5306,2023-05-21,2244,Middlesex-London Health Unit,0.1017,58.0,0.11,0.861,0.9404
5307,2023-05-21,2265,Waterloo Health Unit,0.0657,76.0,0.13,0.6483,0.9208
5308,2023-05-21,2268,Windsor-Essex County Health Unit,0.0826,35.0,0.08,0.8094,0.9465
5309,2023-05-21,2261,Sudbury and District Health Unit,0.0193,74.0,0.37,0.9582,0.9829
5310,2023-05-21,2253,Peel Regional Health Unit,0.0843,237.0,0.15,0.9266,0.9704
5311,2023-05-21,2243,"Leeds, Grenville and Lanark District Health Unit",0.0274,31.0,0.18,0.8093,0.9907
5312,2023-05-21,2241,"Kingston, Frontenac and Lennox and Addington Health Unit",0.1119,40.0,0.19,0.9437,0.9859
5313,2023-05-21,2260,Simcoe Muskoka District Health Unit,0.0775,74.0,0.12,0.8498,0.943
5314,2023-05-21,2258,Eastern Ontario Health Unit,0.128,30.0,0.14,0.9041,0.9772
5315,2023-05-21,2246,Niagara Regional Area Health Unit,0.0881,60.0,0.13,0.6682,0.9273
5316,2023-05-21,2256,Porcupine Health Unit,0.1603,19.0,0.22,0.8195,0.9323
5317,2023-05-21,2242,Lambton Health Unit,0.0704,10.0,0.08,0.7123,0.9863
5318,2023-05-21,4913,Southwestern Public Health,0.0882,24.0,0.11,0.7683,0.9512
5319,2023-05-21,2236,Halton Regional Health Unit,0.1658,57.0,0.09,0.6478,0.8175
5320,2023-05-21,2249,Northwestern Health Unit,0.1129,18.0,0.2,0.958,0.9664
5321,2023-05-20,2230,Durham Regional Health Unit,0.0926,77.0,0.11,0.8012,0.9653
5322,2023-05-20,2238,Hastings and Prince Edward Counties Health Unit,0.15,20.0,0.12,0.609,0.9323
5323,2023-05-20,2234,Haldimand-Norfolk Health Unit,0.046,12.0,0.11,0.7284,0.8889
5324,2023-05-20,2247,North Bay Parry Sound District Health Unit,0.05,31.0,0.24,0.9585,0.977
5325,2023-05-20,2268,Windsor-Essex County Health Unit,0.0616,42.0,0.1,0.81,0.9467
5326,2023-05-20,2263,Timiskaming Health Unit,0.0,4.0,0.12,1.0,1.0
5327,2023-05-20,2265,Waterloo Health Unit,0.0744,75.0,0.13,0.661,0.9238
5328,2023-05-20,2266,Wellington-Dufferin-Guelph Health Unit,0.0769,46.0,0.15,0.7557,0.9511
5329,2023-05-20,4913,Southwestern Public Health,0.1065,24.0,0.11,0.7516,0.9503
5330,2023-05-20,2261,Sudbury and District Health Unit,0.0249,75.0,0.37,0.9377,0.981
5331,2023-05-20,2256,Porcupine Health Unit,0.1739,20.0,0.24,0.8235,0.9338
5332,2023-05-20,2241,"Kingston, Frontenac and Lennox and Addington Health Unit",0.1099,40.0,0.19,0.9495,0.9865
5333,2023-05-20,2242,Lambton Health Unit,0.087,10.0,0.08,0.6944,0.9861
5334,2023-05-20,2243,"Leeds, Grenville and Lanark District Health Unit",0.0238,30.0,0.17,0.7982,0.991
5335,2023-05-20,2258,Eastern Ontario Health Unit,0.1179,33.0,0.16,0.8945,0.9747
5336,2023-05-20,2251,City of Ottawa Health Unit,0.101,88.0,0.08,0.9097,0.9757
5337,2023-05-20,2227,Brant County Health Unit,0.0388,29.0,0.19,0.9372,0.9807
5338,2023-05-20,2237,City of Hamilton Health Unit,0.0719,89.0,0.15,0.9361,0.9721
5339,2023-05-20,5183,Huron Perth Health Unit,0.0314,32.0,0.23,0.4688,0.8795
5340,2023-05-20,2235,"Haliburton, Kawartha, Pine Ridge District Health Unit",0.0452,47.0,0.25,0.9273,0.9879
5341,2023-05-20,3895,City of Toronto Health Unit,0.0747,511.0,0.16,0.9261,0.9807
5342,2023-05-20,2246,Niagara Regional Area Health Unit,0.0952,60.0,0.13,0.6637,0.9233
5343,2023-05-20,2253,Peel Regional Health Unit,0.0917,226.0,0.14,0.9316,0.973
5344,2023-05-20,2260,Simcoe Muskoka District Health Unit,0.0687,75.0,0.12,0.8563,0.9476
5345,2023-05-20,2262,Thunder Bay District Health Unit,0.0731,37.0,0.25,0.9692,0.9962
5346,2023-05-20,2249,Northwestern Health Unit,0.1138,18.0,0.2,0.944,0.968
5347,2023-05-20,2270,York Regional Health Unit,0.0805,162.0,0.13,0.8693,0.963
5348,2023-05-20,2255,Peterborough County-City Health Unit,0.0259,39.0,0.26,0.9455,0.9745
5349,2023-05-20,2226,District of Algoma Health Unit,0.0844,22.0,0.19,0.8808,0.9536
5350,2023-05-20,35,Ontario,0.0794,2185.0,0.15,0.8666,0.9622
5351,2023-05-20,2244,Middlesex-London Health Unit,0.0974,60.0,0.12,0.8817,0.9536
5352,2023-05-20,2257,Renfrew County and District Health Unit,0.0568,13.0,0.12,0.8526,0.9263
5353,2023-05-20,2240,Chatham-Kent Health Unit,0.1212,9.0,0.09,0.7097,0.9194
5354,2023-05-20,2236,Halton Regional Health Unit,0.1583,57.0,0.09,0.6702,0.8177
5355,2023-05-20,2233,Grey Bruce Health Unit,0.0802,37.0,0.22,0.7857,0.9474
5356,2023-05-19,2237,City of Hamilton Health Unit,0.0735,86.0,0.14,0.9261,0.9731
5357,2023-05-19,2233,Grey Bruce Health Unit,0.0949,39.0,0.23,0.7703,0.9576
5358,2023-05-19,2238,Hastings and Prince Edward Counties Health Unit,0.1328,18.0,0.11,0.6,0.925
5359,2023-05-19,2253,Peel Regional Health Unit,0.1012,230.0,0.14,0.935,0.9745
5360,2023-05-19,2270,York Regional Health Unit,0.0784,158.0,0.13,0.8684,0.962
5361,2023-05-19,2263,Timiskaming Health Unit,0.0,4.0,0.11,0.9545,1.0
5362,2023-05-19,2265,Waterloo Health Unit,0.0753,76.0,0.13,0.6531,0.9443
5363,2023-05-19,4913,Southwestern Public Health,0.1063,23.0,0.11,0.7301,0.9571
5364,2023-05-19,2246,Niagara Regional Area Health Unit,0.0963,62.0,0.13,0.6644,0.9244
5365,2023-05-19,2235,"Haliburton, Kawartha, Pine Ridge District Health Unit",0.0359,48.0,0.25,0.9297,0.9878
5366,2023-05-19,2241,"Kingston, Frontenac and Lennox and Addington Health Unit",0.1186,42.0,0.2,0.9431,0.99
5367,2023-05-19,2234,Haldimand-Norfolk Health Unit,0.038,11.0,0.1,0.747,0.9157
5368,2023-05-19,2242,Lambton Health Unit,0.0676,11.0,0.08,0.7195,0.9756
5369,2023-05-19,2236,Halton Regional Health Unit,0.163,58.0,0.09,0.6607,0.8226
5370,2023-05-19,2230,Durham Regional Health Unit,0.0758,79.0,0.11,0.7953,0.9638
5371,2023-05-19,2251,City of Ottawa Health Unit,0.095,89.0,0.08,0.9177,0.975
5372,2023-05-19,2240,Chatham-Kent Health Unit,0.1212,9.0,0.09,0.7761,0.9254
5373,2023-05-19,2226,District of Algoma Health Unit,0.0855,22.0,0.19,0.875,0.9563
5374,2023-05-19,5183,Huron Perth Health Unit,0.0415,31.0,0.22,0.475,0.8875
5375,2023-05-19,2244,Middlesex-London Health Unit,0.0966,64.0,0.13,0.8805,0.9539
5376,2023-05-19,2243,"Leeds, Grenville and Lanark District Health Unit",0.0224,32.0,0.18,0.8073,0.9908
5377,2023-05-19,2258,Eastern Ontario Health Unit,0.1189,35.0,0.17,0.9046,0.9751
5378,2023-05-19,2257,Renfrew County and District Health Unit,0.0526,14.0,0.12,0.8652,0.9326
5379,2023-05-19,2262,Thunder Bay District Health Unit,0.0873,39.0,0.26,0.9742,0.9963
5380,2023-05-19,2260,Simcoe Muskoka District Health Unit,0.0627,73.0,0.12,0.864,0.952
5381,2023-05-19,2268,Windsor-Essex County Health Unit,0.059,44.0,0.1,0.8066,0.941
5382,2023-05-19,2227,Brant County Health Unit,0.0326,31.0,0.2,0.9339,0.978
5383,2023-05-19,2255,Peterborough County-City Health Unit,0.0246,41.0,0.28,0.9548,0.9774
5384,2023-05-19,2266,Wellington-Dufferin-Guelph Health Unit,0.0807,46.0,0.15,0.7453,0.9534
5385,2023-05-19,2261,Sudbury and District Health Unit,0.0273,78.0,0.39,0.9325,0.9792
5386,2023-05-19,2256,Porcupine Health Unit,0.1832,19.0,0.22,0.8235,0.9412
5387,2023-05-19,2249,Northwestern Health Unit,0.122,18.0,0.2,0.9431,0.9675
5388,2023-05-19,3895,City of Toronto Health Unit,0.0724,515.0,0.17,0.928,0.98
5389,2023-05-19,2247,North Bay Parry Sound District Health Unit,0.0566,30.0,0.23,0.9589,0.9772
5390,2023-05-19,35,Ontario,0.0795,2209.0,0.15,0.8657,0.9633
5391,2023-05-18,2240,Chatham-Kent Health Unit,0.0972,10.0,0.1,0.7432,0.8919
5392,2023-05-18,2244,Middlesex-London Health Unit,0.0888,68.0,0.13,0.8808,0.9558
5393,2023-05-18,2234,Haldimand-Norfolk Health Unit,0.0476,12.0,0.11,0.7821,0.9359
5394,2023-05-18,2257,Renfrew County and District Health Unit,0.0549,13.0,0.12,0.8438,0.9271
5395,2023-05-18,2268,Windsor-Essex County Health Unit,0.0566,45.0,0.11,0.8386,0.963
5396,2023-05-18,2270,York Regional Health Unit,0.0767,156.0,0.13,0.8963,0.9835
5397,2023-05-18,2249,Northwestern Health Unit,0.1197,17.0,0.19,0.9469,0.9823
5398,2023-05-18,2253,Peel Regional Health Unit,0.0977,238.0,0.15,0.9428,0.9775
5399,2023-05-18,35,Ontario,0.0783,2231.0,0.15,0.8689,0.9669
5400,2023-05-18,2246,Niagara Regional Area Health Unit,0.0993,63.0,0.13,0.6749,0.9278
5401,2023-05-18,5183,Huron Perth Health Unit,0.0439,33.0,0.23,0.5322,0.9442
5402,2023-05-18,3895,City of Toronto Health Unit,0.0702,515.0,0.17,0.9296,0.9823
5403,2023-05-18,2226,District of Algoma Health Unit,0.1014,21.0,0.18,0.8758,0.9673
5404,2023-05-18,2230,Durham Regional Health Unit,0.0757,79.0,0.11,0.7715,0.9622
5405,2023-05-18,2237,City of Hamilton Health Unit,0.0702,83.0,0.14,0.917,0.9637
5406,2023-05-18,2227,Brant County Health Unit,0.0262,33.0,0.21,0.9386,0.9825
5407,2023-05-18,2233,Grey Bruce Health Unit,0.0784,38.0,0.23,0.7614,0.9544
5408,2023-05-18,2243,"Leeds, Grenville and Lanark District Health Unit",0.0269,32.0,0.18,0.7758,0.991
5409,2023-05-18,2235,"Haliburton, Kawartha, Pine Ridge District Health Unit",0.0375,46.0,0.24,0.9283,0.9837
5410,2023-05-18,2256,Porcupine Health Unit,0.2057,20.0,0.24,0.811,0.937
5411,2023-05-18,2261,Sudbury and District Health Unit,0.0269,85.0,0.43,0.9279,0.9738
5412,2023-05-18,2266,Wellington-Dufferin-Guelph Health Unit,0.0785,47.0,0.15,0.7438,0.9475
5413,2023-05-18,2260,Simcoe Muskoka District Health Unit,0.0626,71.0,0.12,0.8592,0.9462
5414,2023-05-18,2263,Timiskaming Health Unit,0.0,3.0,0.1,0.9524,1.0
5415,2023-05-18,4913,Southwestern Public Health,0.0807,23.0,0.11,0.7125,0.9
5416,2023-05-18,2265,Waterloo Health Unit,0.0774,74.0,0.13,0.6388,0.9449
5417,2023-05-18,2255,Peterborough County-City Health Unit,0.0414,41.0,0.28,0.941,0.9722
5418,2023-05-18,2258,Eastern Ontario Health Unit,0.1216,36.0,0.17,0.9249,0.9802
5419,2023-05-18,2247,North Bay Parry Sound District Health Unit,0.0478,33.0,0.25,0.9612,0.9784
5420,2023-05-18,2236,Halton Regional Health Unit,0.1775,57.0,0.09,0.6974,0.8579
5421,2023-05-18,2242,Lambton Health Unit,0.0617,12.0,0.09,0.6974,0.9605
5422,2023-05-18,2251,City of Ottawa Health Unit,0.089,88.0,0.08,0.9291,0.9797
5423,2023-05-18,2262,Thunder Bay District Health Unit,0.1045,38.0,0.26,0.9669,0.9963
5424,2023-05-18,2238,Hastings and Prince Edward Counties Health Unit,0.1077,19.0,0.11,0.5541,0.9257
5425,2023-05-18,2241,"Kingston, Frontenac and Lennox and Addington Health Unit",0.1156,42.0,0.2,0.9497,0.9899
5426,2023-05-17,2261,Sudbury and District Health Unit,0.0326,88.0,0.44,0.9274,0.9768
5427,2023-05-17,2241,"Kingston, Frontenac and Lennox and Addington Health Unit",0.1184,43.0,0.2,0.949,0.9932
5428,2023-05-17,2246,Niagara Regional Area Health Unit,0.1079,64.0,0.13,0.6162,0.9104
5429,2023-05-17,2265,Waterloo Health Unit,0.0698,74.0,0.13,0.6591,0.9384
5430,2023-05-17,2266,Wellington-Dufferin-Guelph Health Unit,0.0878,46.0,0.15,0.7547,0.9528
5431,2023-05-17,2268,Windsor-Essex County Health Unit,0.0468,55.0,0.13,0.8522,0.963
5432,2023-05-17,2255,Peterborough County-City Health Unit,0.0341,42.0,0.28,0.9317,0.9659
5433,2023-05-17,2256,Porcupine Health Unit,0.1729,19.0,0.23,0.8992,0.958
5434,2023-05-17,2257,Renfrew County and District Health Unit,0.043,13.0,0.12,0.8511,0.9149
5435,2023-05-17,2243,"Leeds, Grenville and Lanark District Health Unit",0.0225,32.0,0.18,0.7593,0.9861
5436,2023-05-17,2238,Hastings and Prince Edward Counties Health Unit,0.1016,18.0,0.11,0.4809,0.916
5437,2023-05-17,2233,Grey Bruce Health Unit,0.0966,41.0,0.24,0.7452,0.9395
5438,2023-05-17,2234,Haldimand-Norfolk Health Unit,0.0465,12.0,0.11,0.8333,0.9524
5439,2023-05-17,3895,City of Toronto Health Unit,0.0685,515.0,0.17,0.939,0.9815
5440,2023-05-17,2226,District of Algoma Health Unit,0.0915,22.0,0.19,0.8732,0.9718
5441,2023-05-17,2240,Chatham-Kent Health Unit,0.1096,10.0,0.1,0.7436,0.8846
5442,2023-05-17,2227,Brant County Health Unit,0.026,33.0,0.21,0.9485,0.9871
5443,2023-05-17,2251,City of Ottawa Health Unit,0.0746,90.0,0.09,0.9372,0.9838
5444,2023-05-17,2242,Lambton Health Unit,0.0633,11.0,0.09,0.7381,0.9762
5445,2023-05-17,2230,Durham Regional Health Unit,0.0726,81.0,0.11,0.7705,0.9599
5446,2023-05-17,2236,Halton Regional Health Unit,0.1858,58.0,0.09,0.7373,0.9011
5447,2023-05-17,35,Ontario,0.0765,2249.0,0.15,0.8755,0.9672
5448,2023-05-17,2249,Northwestern Health Unit,0.0982,16.0,0.18,0.945,0.9817
5449,2023-05-17,2247,North Bay Parry Sound District Health Unit,0.0422,34.0,0.26,0.9563,0.9802
5450,2023-05-17,2253,Peel Regional Health Unit,0.1028,238.0,0.15,0.9377,0.9746
5451,2023-05-17,5183,Huron Perth Health Unit,0.0558,36.0,0.26,0.5766,0.9476
5452,2023-05-17,2262,Thunder Bay District Health Unit,0.1107,39.0,0.26,0.9714,1.0
5453,2023-05-17,2270,York Regional Health Unit,0.0801,153.0,0.13,0.9334,0.9813
5454,2023-05-17,4913,Southwestern Public Health,0.0769,24.0,0.11,0.7312,0.9086
5455,2023-05-17,2260,Simcoe Muskoka District Health Unit,0.0593,70.0,0.12,0.8779,0.9443
5456,2023-05-17,2235,"Haliburton, Kawartha, Pine Ridge District Health Unit",0.041,45.0,0.24,0.9425,0.984
5457,2023-05-17,2237,City of Hamilton Health Unit,0.0749,82.0,0.14,0.9198,0.9697
5458,2023-05-17,2263,Timiskaming Health Unit,0.0,3.0,0.1,0.9524,1.0
5459,2023-05-17,2244,Middlesex-London Health Unit,0.0816,68.0,0.13,0.8859,0.9585
5460,2023-05-17,2258,Eastern Ontario Health Unit,0.048,36.0,0.17,0.9323,0.988
5461,2023-05-16,5183,Huron Perth Health Unit,0.046,37.0,0.27,0.5926,0.9547
5462,2023-05-16,2262,Thunder Bay District Health Unit,0.1107,41.0,0.28,0.9686,1.0
5463,2023-05-16,2265,Waterloo Health Unit,0.075,72.0,0.12,0.6782,0.9441
5464,2023-05-16,4913,Southwestern Public Health,0.0833,24.0,0.11,0.6839,0.908
5465,2023-05-16,2261,Sudbury and District Health Unit,0.0353,93.0,0.47,0.9205,0.9779
5466,2023-05-16,2247,North Bay Parry Sound District Health Unit,0.0506,37.0,0.28,0.9696,0.9848
5467,2023-05-16,2253,Peel Regional Health Unit,0.1002,235.0,0.15,0.9324,0.9732
5468,2023-05-16,2255,Peterborough County-City Health Unit,0.0465,43.0,0.29,0.9379,0.9655
5469,2023-05-16,2256,Porcupine Health Unit,0.1439,19.0,0.23,0.871,0.9435
5470,2023-05-16,2242,Lambton Health Unit,0.0941,12.0,0.09,0.7534,0.9726
5471,2023-05-16,2236,Halton Regional Health Unit,0.1779,59.0,0.1,0.7771,0.9171
5472,2023-05-16,2233,Grey Bruce Health Unit,0.1013,44.0,0.26,0.7094,0.9438
5473,2023-05-16,2237,City of Hamilton Health Unit,0.0699,82.0,0.14,0.9293,0.9753
5474,2023-05-16,3895,City of Toronto Health Unit,0.0697,525.0,0.17,0.9319,0.9793
5475,2023-05-16,2251,City of Ottawa Health Unit,0.0667,88.0,0.08,0.948,0.9844
5476,2023-05-16,2230,Durham Regional Health Unit,0.0786,80.0,0.11,0.7887,0.9526
5477,2023-05-16,2227,Brant County Health Unit,0.04,32.0,0.21,0.9486,0.9813
5478,2023-05-16,2241,"Kingston, Frontenac and Lennox and Addington Health Unit",0.0951,41.0,0.19,0.942,0.9891
5479,2023-05-16,2258,Eastern Ontario Health Unit,0.0648,35.0,0.17,0.9127,0.9881
5480,2023-05-16,2238,Hastings and Prince Edward Counties Health Unit,0.0625,18.0,0.11,0.5074,0.9338
5481,2023-05-16,2246,Niagara Regional Area Health Unit,0.1124,62.0,0.13,0.6317,0.9174
5482,2023-05-16,2243,"Leeds, Grenville and Lanark District Health Unit",0.0405,32.0,0.18,0.744,0.9855
5483,2023-05-16,2263,Timiskaming Health Unit,0.0,3.0,0.09,0.9,1.0
5484,2023-05-16,2270,York Regional Health Unit,0.0794,149.0,0.12,0.9231,0.9764
5485,2023-05-16,2266,Wellington-Dufferin-Guelph Health Unit,0.1159,47.0,0.15,0.7644,0.9577
5486,2023-05-16,2240,Chatham-Kent Health Unit,0.0779,11.0,0.1,0.7241,0.8506
5487,2023-05-16,2226,District of Algoma Health Unit,0.1074,21.0,0.19,0.8897,0.9724
5488,2023-05-16,2234,Haldimand-Norfolk Health Unit,0.046,12.0,0.11,0.7717,0.9457
5489,2023-05-16,2244,Middlesex-London Health Unit,0.0744,69.0,0.14,0.8904,0.9687
5490,2023-05-16,2268,Windsor-Essex County Health Unit,0.0487,67.0,0.16,0.8793,0.9671
5491,2023-05-16,35,Ontario,0.0769,2274.0,0.15,0.876,0.9681
5492,2023-05-16,2249,Northwestern Health Unit,0.0982,16.0,0.18,0.9346,0.9626
5493,2023-05-16,2257,Renfrew County and District Health Unit,0.0323,13.0,0.12,0.8526,0.9263
5494,2023-05-16,2260,Simcoe Muskoka District Health Unit,0.0606,71.0,0.12,0.8998,0.9624
5495,2023-05-16,2235,"Haliburton, Kawartha, Pine Ridge District Health Unit",0.0442,45.0,0.24,0.9438,0.9844
5496,2023-05-15,2256,Porcupine Health Unit,0.1496,18.0,0.22,0.8788,0.9318
5497,2023-05-15,2270,York Regional Health Unit,0.079,139.0,0.11,0.9215,0.9742
5498,2023-05-15,2237,City of Hamilton Health Unit,0.0797,90.0,0.15,0.9297,0.9797
5499,2023-05-15,2243,"Leeds, Grenville and Lanark District Health Unit",0.0383,30.0,0.17,0.7576,0.9848
5500,2023-05-15,2249,Northwestern Health Unit,0.0982,16.0,0.18,0.9068,0.9492
5501,2023-05-15,3895,City of Toronto Health Unit,0.0699,513.0,0.16,0.9311,0.9792
5502,2023-05-15,2262,Thunder Bay District Health Unit,0.1027,42.0,0.28,0.9696,1.0
5503,2023-05-15,2263,Timiskaming Health Unit,0.0556,3.0,0.08,0.9091,1.0
5504,2023-05-15,2265,Waterloo Health Unit,0.0784,75.0,0.13,0.6891,0.9582
5505,2023-05-15,4913,Southwestern Public Health,0.1034,25.0,0.12,0.6477,0.8756
5506,2023-05-15,35,Ontario,0.0797,2285.0,0.15,0.8756,0.9694
5507,2023-05-15,2253,Peel Regional Health Unit,0.0976,239.0,0.15,0.9366,0.9748
5508,2023-05-15,2255,Peterborough County-City Health Unit,0.0495,43.0,0.29,0.9565,0.9833
5509,2023-05-15,2241,"Kingston, Frontenac and Lennox and Addington Health Unit",0.0712,40.0,0.19,0.9272,0.9834
5510,2023-05-15,2258,Eastern Ontario Health Unit,0.07,37.0,0.18,0.9142,0.9888
5511,2023-05-15,2240,Chatham-Kent Health Unit,0.1839,12.0,0.12,0.7525,0.8713
5512,2023-05-15,2226,District of Algoma Health Unit,0.1135,20.0,0.18,0.9291,0.9921
5513,2023-05-15,2236,Halton Regional Health Unit,0.1901,58.0,0.09,0.7598,0.8966
5514,2023-05-15,2238,Hastings and Prince Edward Counties Health Unit,0.0432,20.0,0.12,0.5329,0.9408
5515,2023-05-15,2234,Haldimand-Norfolk Health Unit,0.0471,12.0,0.11,0.7526,0.9485
5516,2023-05-15,5183,Huron Perth Health Unit,0.0487,38.0,0.27,0.6305,0.9679
5517,2023-05-15,2260,Simcoe Muskoka District Health Unit,0.061,73.0,0.12,0.9064,0.9641
5518,2023-05-15,2251,City of Ottawa Health Unit,0.0774,94.0,0.09,0.9555,0.9889
5519,2023-05-15,2246,Niagara Regional Area Health Unit,0.1111,62.0,0.13,0.5991,0.9171
5520,2023-05-15,2244,Middlesex-London Health Unit,0.0699,72.0,0.14,0.9015,0.9768
5521,2023-05-15,2235,"Haliburton, Kawartha, Pine Ridge District Health Unit",0.0446,45.0,0.24,0.9293,0.9871
5522,2023-05-15,2230,Durham Regional Health Unit,0.0984,80.0,0.11,0.7622,0.9528
5523,2023-05-15,2261,Sudbury and District Health Unit,0.0345,95.0,0.48,0.9146,0.9855
5524,2023-05-15,2247,North Bay Parry Sound District Health Unit,0.0608,38.0,0.29,0.9632,0.9926
5525,2023-05-15,2227,Brant County Health Unit,0.0391,33.0,0.21,0.9532,0.983
5526,2023-05-15,2266,Wellington-Dufferin-Guelph Health Unit,0.1402,46.0,0.15,0.7619,0.9492
5527,2023-05-15,2233,Grey Bruce Health Unit,0.1254,42.0,0.25,0.6928,0.9379
5528,2023-05-15,2268,Windsor-Essex County Health Unit,0.0487,79.0,0.19,0.9129,0.9855
5529,2023-05-15,2257,Renfrew County and District Health Unit,0.0353,12.0,0.11,0.7938,0.8866
5530,2023-05-15,2242,Lambton Health Unit,0.1154,11.0,0.09,0.6957,0.9565
5531,2023-05-14,5183,Huron Perth Health Unit,0.0551,39.0,0.28,0.5992,0.9595
5532,2023-05-14,2258,Eastern Ontario Health Unit,0.0971,40.0,0.19,0.9036,0.9786
5533,2023-05-14,2255,Peterborough County-City Health Unit,0.055,42.0,0.28,0.9433,0.9767
5534,2023-05-14,4913,Southwestern Public Health,0.0899,25.0,0.12,0.6188,0.8663
5535,2023-05-14,2240,Chatham-Kent Health Unit,0.1978,13.0,0.12,0.7379,0.8641
5536,2023-05-14,2227,Brant County Health Unit,0.0338,34.0,0.22,0.9437,0.974
5537,2023-05-14,2266,Wellington-Dufferin-Guelph Health Unit,0.1463,47.0,0.15,0.7523,0.9419
5538,2023-05-14,2249,Northwestern Health Unit,0.0965,16.0,0.19,0.9231,0.9658
5539,2023-05-14,2268,Windsor-Essex County Health Unit,0.0547,89.0,0.21,0.9084,0.981
5540,2023-05-14,2270,York Regional Health Unit,0.0817,136.0,0.11,0.9092,0.9694
5541,2023-05-14,2263,Timiskaming Health Unit,0.0476,3.0,0.09,0.9048,1.0
5542,2023-05-14,2256,Porcupine Health Unit,0.188,19.0,0.23,0.8392,0.8881
5543,2023-05-14,2257,Renfrew County and District Health Unit,0.0306,14.0,0.13,0.8283,0.9091
5544,2023-05-14,2260,Simcoe Muskoka District Health Unit,0.0625,73.0,0.12,0.9028,0.9663
5545,2023-05-14,2265,Waterloo Health Unit,0.0806,78.0,0.13,0.6978,0.956
5546,2023-05-14,2253,Peel Regional Health Unit,0.1012,241.0,0.15,0.9356,0.9762
5547,2023-05-14,35,Ontario,0.0795,2310.0,0.16,0.8704,0.967
5548,2023-05-14,2243,"Leeds, Grenville and Lanark District Health Unit",0.0448,29.0,0.17,0.7512,0.9904
5549,2023-05-14,2230,Durham Regional Health Unit,0.0816,77.0,0.11,0.7342,0.9267
5550,2023-05-14,2238,Hastings and Prince Edward Counties Health Unit,0.0461,22.0,0.13,0.5449,0.9487
5551,2023-05-14,2244,Middlesex-London Health Unit,0.0699,76.0,0.15,0.8939,0.9745
5552,2023-05-14,2241,"Kingston, Frontenac and Lennox and Addington Health Unit",0.0728,43.0,0.2,0.932,0.9871
5553,2023-05-14,2233,Grey Bruce Health Unit,0.1498,44.0,0.26,0.6928,0.9342
5554,2023-05-14,2234,Haldimand-Norfolk Health Unit,0.0444,13.0,0.11,0.7802,0.978
5555,2023-05-14,2235,"Haliburton, Kawartha, Pine Ridge District Health Unit",0.0391,44.0,0.23,0.9253,0.9805
5556,2023-05-14,2237,City of Hamilton Health Unit,0.0836,87.0,0.15,0.925,0.98
5557,2023-05-14,3895,City of Toronto Health Unit,0.0683,517.0,0.17,0.9279,0.98
5558,2023-05-14,2236,Halton Regional Health Unit,0.128,54.0,0.09,0.7461,0.8743
5559,2023-05-14,2226,District of Algoma Health Unit,0.1212,19.0,0.16,0.9242,0.9924
5560,2023-05-14,2251,City of Ottawa Health Unit,0.0669,96.0,0.09,0.9638,0.9937
5561,2023-05-14,2247,North Bay Parry Sound District Health Unit,0.0778,37.0,0.28,0.9572,0.9883
5562,2023-05-14,2242,Lambton Health Unit,0.0759,11.0,0.09,0.7412,0.9529
5563,2023-05-14,2262,Thunder Bay District Health Unit,0.1138,41.0,0.28,0.9653,1.0
5564,2023-05-14,2246,Niagara Regional Area Health Unit,0.0991,61.0,0.13,0.5948,0.9274
5565,2023-05-14,2261,Sudbury and District Health Unit,0.0461,96.0,0.48,0.8999,0.9817
5566,2023-05-13,2260,Simcoe Muskoka District Health Unit,0.0637,72.0,0.12,0.9012,0.9585
5567,2023-05-13,2240,Chatham-Kent Health Unit,0.1818,14.0,0.13,0.75,0.8793
5568,2023-05-13,2227,Brant County Health Unit,0.0393,33.0,0.21,0.9409,0.9727
5569,2023-05-13,2233,Grey Bruce Health Unit,0.1543,44.0,0.26,0.688,0.9446
5570,2023-05-13,2253,Peel Regional Health Unit,0.1003,246.0,0.15,0.9293,0.9707
5571,2023-05-13,2251,City of Ottawa Health Unit,0.0703,102.0,0.1,0.9711,0.9939
5572,2023-05-13,2258,Eastern Ontario Health Unit,0.1092,41.0,0.19,0.8997,0.9827
5573,2023-05-13,2236,Halton Regional Health Unit,0.1223,54.0,0.09,0.715,0.8397
5574,2023-05-13,2249,Northwestern Health Unit,0.1062,16.0,0.18,0.9369,0.964
5575,2023-05-13,2255,Peterborough County-City Health Unit,0.0584,44.0,0.3,0.9419,0.9806
5576,2023-05-13,2261,Sudbury and District Health Unit,0.0578,99.0,0.5,0.9182,0.9839
5577,2023-05-13,2257,Renfrew County and District Health Unit,0.0374,15.0,0.14,0.8131,0.9159
5578,2023-05-13,2265,Waterloo Health Unit,0.0799,80.0,0.14,0.6993,0.9565
5579,2023-05-13,2268,Windsor-Essex County Health Unit,0.0577,92.0,0.22,0.9079,0.9822
5580,2023-05-13,4913,Southwestern Public Health,0.0699,27.0,0.13,0.5933,0.8708
5581,2023-05-13,2262,Thunder Bay District Health Unit,0.1103,40.0,0.27,0.965,1.0
5582,2023-05-13,2270,York Regional Health Unit,0.0737,136.0,0.11,0.9083,0.9667
5583,2023-05-13,2256,Porcupine Health Unit,0.1825,20.0,0.23,0.8435,0.8912
5584,2023-05-13,2246,Niagara Regional Area Health Unit,0.0814,61.0,0.13,0.5981,0.9314
5585,2023-05-13,2247,North Bay Parry Sound District Health Unit,0.0781,38.0,0.3,0.9617,0.9895
5586,2023-05-13,2234,Haldimand-Norfolk Health Unit,0.0549,13.0,0.11,0.7419,0.9785
5587,2023-05-13,2242,Lambton Health Unit,0.0889,13.0,0.1,0.7143,0.956
5588,2023-05-13,5183,Huron Perth Health Unit,0.0577,37.0,0.27,0.5889,0.9565
5589,2023-05-13,2237,City of Hamilton Health Unit,0.0806,87.0,0.15,0.9193,0.9786
5590,2023-05-13,35,Ontario,0.0795,2351.0,0.16,0.8666,0.965
5591,2023-05-13,3895,City of Toronto Health Unit,0.0695,528.0,0.17,0.928,0.9803
5592,2023-05-13,2226,District of Algoma Health Unit,0.0977,19.0,0.17,0.8864,0.9848
5593,2023-05-13,2230,Durham Regional Health Unit,0.0874,82.0,0.11,0.7218,0.9165
5594,2023-05-13,2235,"Haliburton, Kawartha, Pine Ridge District Health Unit",0.0393,44.0,0.23,0.9203,0.9767
5595,2023-05-13,2263,Timiskaming Health Unit,0.0435,3.0,0.1,0.913,1.0
5596,2023-05-13,2241,"Kingston, Frontenac and Lennox and Addington Health Unit",0.0863,45.0,0.21,0.9269,0.9834
5597,2023-05-13,2238,Hastings and Prince Edward Counties Health Unit,0.0377,23.0,0.13,0.5732,0.939
5598,2023-05-13,2243,"Leeds, Grenville and Lanark District Health Unit",0.0421,31.0,0.18,0.7477,0.9908
5599,2023-05-13,2244,Middlesex-London Health Unit,0.0669,73.0,0.14,0.8865,0.9721
5600,2023-05-13,2266,Wellington-Dufferin-Guelph Health Unit,0.1385,46.0,0.15,0.7349,0.9452
5601,2023-05-12,2240,Chatham-Kent Health Unit,0.1897,17.0,0.16,0.7321,0.875
5602,2023-05-12,2236,Halton Regional Health Unit,0.109,54.0,0.09,0.7164,0.8408
5603,2023-05-12,2257,Renfrew County and District Health Unit,0.0385,15.0,0.14,0.7838,0.9009
5604,2023-05-12,2268,Windsor-Essex County Health Unit,0.0564,96.0,0.23,0.9114,0.9881
5605,2023-05-12,2233,Grey Bruce Health Unit,0.1625,46.0,0.27,0.6484,0.9341
5606,2023-05-12,2230,Durham Regional Health Unit,0.0963,82.0,0.11,0.7098,0.9189
5607,2023-05-12,2255,Peterborough County-City Health Unit,0.0598,43.0,0.29,0.9331,0.9766
5608,2023-05-12,2260,Simcoe Muskoka District Health Unit,0.0664,73.0,0.12,0.8915,0.9586
5609,2023-05-12,2261,Sudbury and District Health Unit,0.0605,102.0,0.51,0.917,0.9857
5610,2023-05-12,2235,"Haliburton, Kawartha, Pine Ridge District Health Unit",0.0436,43.0,0.23,0.9148,0.977
5611,2023-05-12,3895,City of Toronto Health Unit,0.0725,532.0,0.17,0.9175,0.9791
5612,2023-05-12,2270,York Regional Health Unit,0.0821,139.0,0.11,0.8965,0.9632
5613,2023-05-12,2263,Timiskaming Health Unit,0.0385,4.0,0.11,0.9615,1.0
5614,2023-05-12,2265,Waterloo Health Unit,0.0901,79.0,0.14,0.6884,0.9328
5615,2023-05-12,2266,Wellington-Dufferin-Guelph Health Unit,0.156,47.0,0.15,0.7265,0.9373
5616,2023-05-12,4913,Southwestern Public Health,0.0876,28.0,0.13,0.6296,0.8704
5617,2023-05-12,2253,Peel Regional Health Unit,0.0956,245.0,0.15,0.9227,0.9694
5618,2023-05-12,2238,Hastings and Prince Edward Counties Health Unit,0.0361,24.0,0.14,0.5814,0.9419
5619,2023-05-12,2256,Porcupine Health Unit,0.1799,20.0,0.24,0.844,0.8865
5620,2023-05-12,2246,Niagara Regional Area Health Unit,0.0742,62.0,0.13,0.5843,0.9335
5621,2023-05-12,2249,Northwestern Health Unit,0.0917,17.0,0.2,0.9316,0.9658
5622,2023-05-12,2241,"Kingston, Frontenac and Lennox and Addington Health Unit",0.0759,43.0,0.2,0.93,0.9833
5623,2023-05-12,2243,"Leeds, Grenville and Lanark District Health Unit",0.045,32.0,0.18,0.7522,0.9912
5624,2023-05-12,2247,North Bay Parry Sound District Health Unit,0.079,42.0,0.32,0.9588,0.9863
5625,2023-05-12,2237,City of Hamilton Health Unit,0.0828,90.0,0.15,0.9263,0.976
5626,2023-05-12,2258,Eastern Ontario Health Unit,0.1036,40.0,0.19,0.8837,0.9801
5627,2023-05-12,2262,Thunder Bay District Health Unit,0.1099,39.0,0.26,0.9593,1.0
5628,2023-05-12,35,Ontario,0.081,2368.0,0.16,0.8594,0.9633
5629,2023-05-12,2244,Middlesex-London Health Unit,0.0713,72.0,0.14,0.8679,0.9727
5630,2023-05-12,2234,Haldimand-Norfolk Health Unit,0.0543,13.0,0.12,0.7273,0.9773
5631,2023-05-12,5183,Huron Perth Health Unit,0.0502,37.0,0.26,0.5749,0.9514
5632,2023-05-12,2251,City of Ottawa Health Unit,0.0665,101.0,0.1,0.9641,0.991
5633,2023-05-12,2227,Brant County Health Unit,0.0514,31.0,0.2,0.9286,0.9714
5634,2023-05-12,2226,District of Algoma Health Unit,0.093,18.0,0.16,0.8984,0.9844
5635,2023-05-12,2242,Lambton Health Unit,0.0854,12.0,0.09,0.6264,0.967
5636,2023-05-11,2266,Wellington-Dufferin-Guelph Health Unit,0.1701,48.0,0.15,0.7302,0.9472
5637,2023-05-11,2261,Sudbury and District Health Unit,0.0598,100.0,0.5,0.8934,0.9904
5638,2023-05-11,2227,Brant County Health Unit,0.0644,29.0,0.19,0.933,0.9713
5639,2023-05-11,2241,"Kingston, Frontenac and Lennox and Addington Health Unit",0.0882,44.0,0.21,0.9126,0.9741
5640,2023-05-11,3895,City of Toronto Health Unit,0.0735,530.0,0.17,0.916,0.9766
5641,2023-05-11,2235,"Haliburton, Kawartha, Pine Ridge District Health Unit",0.049,44.0,0.23,0.9293,0.9832
5642,2023-05-11,5183,Huron Perth Health Unit,0.043,37.0,0.26,0.6,0.9608
5643,2023-05-11,2244,Middlesex-London Health Unit,0.0588,68.0,0.13,0.868,0.972
5644,2023-05-11,35,Ontario,0.0822,2375.0,0.16,0.8581,0.9621
5645,2023-05-11,2262,Thunder Bay District Health Unit,0.1047,40.0,0.26,0.9613,0.993
5646,2023-05-11,2265,Waterloo Health Unit,0.0873,79.0,0.13,0.6939,0.9182
5647,2023-05-11,2268,Windsor-Essex County Health Unit,0.0592,106.0,0.25,0.9131,0.9866
5648,2023-05-11,2270,York Regional Health Unit,0.0865,137.0,0.11,0.8837,0.9559
5649,2023-05-11,2253,Peel Regional Health Unit,0.092,241.0,0.15,0.9232,0.9676
5650,2023-05-11,2257,Renfrew County and District Health Unit,0.0351,16.0,0.15,0.7909,0.9182
5651,2023-05-11,2242,Lambton Health Unit,0.1098,12.0,0.09,0.5938,0.9688
5652,2023-05-11,2260,Simcoe Muskoka District Health Unit,0.0714,72.0,0.12,0.872,0.958
5653,2023-05-11,4913,Southwestern Public Health,0.1019,31.0,0.15,0.6652,0.9304
5654,2023-05-11,2255,Peterborough County-City Health Unit,0.0642,42.0,0.29,0.9347,0.9759
5655,2023-05-11,2246,Niagara Regional Area Health Unit,0.0791,61.0,0.13,0.6065,0.9375
5656,2023-05-11,2247,North Bay Parry Sound District Health Unit,0.0845,41.0,0.31,0.9532,0.982
5657,2023-05-11,2234,Haldimand-Norfolk Health Unit,0.0444,13.0,0.11,0.7576,0.9899
5658,2023-05-11,2236,Halton Regional Health Unit,0.0895,54.0,0.09,0.6834,0.8116
5659,2023-05-11,2226,District of Algoma Health Unit,0.0833,19.0,0.16,0.8797,0.9549
5660,2023-05-11,2230,Durham Regional Health Unit,0.0946,85.0,0.12,0.7299,0.9116
5661,2023-05-11,2258,Eastern Ontario Health Unit,0.116,42.0,0.2,0.8837,0.9801
5662,2023-05-11,2240,Chatham-Kent Health Unit,0.2054,16.0,0.15,0.8,0.9241
5663,2023-05-11,2237,City of Hamilton Health Unit,0.09,89.0,0.15,0.9247,0.9792
5664,2023-05-11,2251,City of Ottawa Health Unit,0.0678,101.0,0.1,0.9515,0.9897
5665,2023-05-11,2243,"Leeds, Grenville and Lanark District Health Unit",0.0391,33.0,0.19,0.7851,0.9912
5666,2023-05-11,2249,Northwestern Health Unit,0.0787,18.0,0.21,0.8741,0.9259
5667,2023-05-11,2238,Hastings and Prince Edward Counties Health Unit,0.0361,24.0,0.14,0.6582,0.9557
5668,2023-05-11,2233,Grey Bruce Health Unit,0.1834,48.0,0.28,0.6486,0.9432
5669,2023-05-11,2263,Timiskaming Health Unit,0.0357,4.0,0.12,0.9615,1.0
5670,2023-05-11,2256,Porcupine Health Unit,0.1618,19.0,0.23,0.8621,0.9034
5671,2023-05-10,2258,Eastern Ontario Health Unit,0.1205,44.0,0.21,0.8774,0.9806
5672,2023-05-10,2244,Middlesex-London Health Unit,0.0616,70.0,0.14,0.8549,0.9725
5673,2023-05-10,2238,Hastings and Prince Edward Counties Health Unit,0.0376,27.0,0.16,0.7212,0.9818
5674,2023-05-10,2240,Chatham-Kent Health Unit,0.1837,21.0,0.2,0.7862,0.9308
5675,2023-05-10,2227,Brant County Health Unit,0.0633,32.0,0.2,0.9393,0.9813
5676,2023-05-10,2237,City of Hamilton Health Unit,0.0889,92.0,0.15,0.9208,0.9795
5677,2023-05-10,2262,Thunder Bay District Health Unit,0.0922,40.0,0.27,0.9529,0.9891
5678,2023-05-10,2266,Wellington-Dufferin-Guelph Health Unit,0.1748,50.0,0.16,0.727,0.9436
5679,2023-05-10,2270,York Regional Health Unit,0.0791,139.0,0.11,0.8587,0.9433
5680,2023-05-10,2268,Windsor-Essex County Health Unit,0.0603,109.0,0.26,0.8242,0.9897
5681,2023-05-10,2261,Sudbury and District Health Unit,0.0595,103.0,0.52,0.9003,0.9906
5682,2023-05-10,2246,Niagara Regional Area Health Unit,0.071,64.0,0.14,0.6887,0.9599
5683,2023-05-10,2256,Porcupine Health Unit,0.1338,20.0,0.24,0.7823,0.8299
5684,2023-05-10,2260,Simcoe Muskoka District Health Unit,0.0749,74.0,0.12,0.8757,0.9629
5685,2023-05-10,2249,Northwestern Health Unit,0.0672,19.0,0.22,0.8803,0.9296
5686,2023-05-10,35,Ontario,0.0839,2445.0,0.16,0.8511,0.9624
5687,2023-05-10,2253,Peel Regional Health Unit,0.0959,247.0,0.15,0.9206,0.968
5688,2023-05-10,2233,Grey Bruce Health Unit,0.2017,51.0,0.3,0.6772,0.9625
5689,2023-05-10,2234,Haldimand-Norfolk Health Unit,0.0606,14.0,0.12,0.7396,0.9792
5690,2023-05-10,2235,"Haliburton, Kawartha, Pine Ridge District Health Unit",0.0439,42.0,0.22,0.9241,0.9835
5691,2023-05-10,3895,City of Toronto Health Unit,0.0735,548.0,0.18,0.9072,0.9774
5692,2023-05-10,2226,District of Algoma Health Unit,0.0833,19.0,0.16,0.8527,0.9225
5693,2023-05-10,2230,Durham Regional Health Unit,0.0949,89.0,0.12,0.7425,0.9192
5694,2023-05-10,2265,Waterloo Health Unit,0.106,84.0,0.14,0.6783,0.922
5695,2023-05-10,2255,Peterborough County-City Health Unit,0.0707,40.0,0.27,0.941,0.9792
5696,2023-05-10,2243,"Leeds, Grenville and Lanark District Health Unit",0.0427,33.0,0.19,0.7878,0.9837
5697,2023-05-10,2242,Lambton Health Unit,0.1348,13.0,0.1,0.551,0.9694
5698,2023-05-10,2257,Renfrew County and District Health Unit,0.0417,17.0,0.16,0.7969,0.9375
5699,2023-05-10,4913,Southwestern Public Health,0.1239,32.0,0.15,0.6479,0.9296
5700,2023-05-10,2251,City of Ottawa Health Unit,0.0766,103.0,0.1,0.9414,0.9864
5701,2023-05-10,2247,North Bay Parry Sound District Health Unit,0.0806,39.0,0.3,0.9577,0.9808
5702,2023-05-10,5183,Huron Perth Health Unit,0.0386,37.0,0.26,0.5591,0.9567
5703,2023-05-10,2241,"Kingston, Frontenac and Lennox and Addington Health Unit",0.0993,42.0,0.2,0.9052,0.9673
5704,2023-05-10,2236,Halton Regional Health Unit,0.0792,54.0,0.09,0.67,0.8079
5705,2023-05-10,2263,Timiskaming Health Unit,0.0417,3.0,0.1,0.913,0.9565
5706,2023-05-09,35,Ontario,0.0845,2471.0,0.17,0.8466,0.96
5707,2023-05-09,2227,Brant County Health Unit,0.0631,32.0,0.2,0.9372,0.9833
5708,2023-05-09,2230,Durham Regional Health Unit,0.0939,91.0,0.13,0.7466,0.9272
5709,2023-05-09,2249,Northwestern Health Unit,0.0563,20.0,0.23,0.8973,0.9452
5710,2023-05-09,2235,"Haliburton, Kawartha, Pine Ridge District Health Unit",0.0467,43.0,0.23,0.9241,0.9868
5711,2023-05-09,2244,Middlesex-London Health Unit,0.06,69.0,0.14,0.8372,0.9666
5712,2023-05-09,2240,Chatham-Kent Health Unit,0.2188,23.0,0.21,0.7879,0.9515
5713,2023-05-09,2251,City of Ottawa Health Unit,0.0767,108.0,0.1,0.9441,0.9867
5714,2023-05-09,2242,Lambton Health Unit,0.1304,13.0,0.1,0.53,0.96
5715,2023-05-09,2226,District of Algoma Health Unit,0.0565,18.0,0.15,0.8189,0.9134
5716,2023-05-09,2247,North Bay Parry Sound District Health Unit,0.084,37.0,0.29,0.9509,0.9774
5717,2023-05-09,2255,Peterborough County-City Health Unit,0.078,40.0,0.27,0.9394,0.9798
5718,2023-05-09,4913,Southwestern Public Health,0.1278,32.0,0.15,0.6729,0.9346
5719,2023-05-09,2265,Waterloo Health Unit,0.1149,83.0,0.14,0.6661,0.9165
5720,2023-05-09,2268,Windsor-Essex County Health Unit,0.0543,110.0,0.26,0.709,0.9787
5721,2023-05-09,2262,Thunder Bay District Health Unit,0.0899,38.0,0.25,0.9552,0.9888
5722,2023-05-09,2256,Porcupine Health Unit,0.1471,19.0,0.23,0.7868,0.8309
5723,2023-05-09,2257,Renfrew County and District Health Unit,0.0547,18.0,0.17,0.8226,0.9435
5724,2023-05-09,2236,Halton Regional Health Unit,0.086,53.0,0.09,0.6566,0.7854
5725,2023-05-09,2238,Hastings and Prince Edward Counties Health Unit,0.0273,26.0,0.16,0.7888,0.9689
5726,2023-05-09,5183,Huron Perth Health Unit,0.0476,36.0,0.26,0.5635,0.9563
5727,2023-05-09,2258,Eastern Ontario Health Unit,0.1104,47.0,0.22,0.9042,0.982
5728,2023-05-09,2233,Grey Bruce Health Unit,0.2081,49.0,0.29,0.6803,0.9592
5729,2023-05-09,2234,Haldimand-Norfolk Health Unit,0.0625,14.0,0.12,0.7805,0.9878
5730,2023-05-09,3895,City of Toronto Health Unit,0.0747,550.0,0.18,0.9085,0.9771
5731,2023-05-09,2246,Niagara Regional Area Health Unit,0.06,67.0,0.14,0.7203,0.9555
5732,2023-05-09,2260,Simcoe Muskoka District Health Unit,0.0776,77.0,0.13,0.8711,0.9637
5733,2023-05-09,2253,Peel Regional Health Unit,0.097,244.0,0.15,0.911,0.9619
5734,2023-05-09,2270,York Regional Health Unit,0.0823,142.0,0.12,0.8408,0.9223
5735,2023-05-09,2237,City of Hamilton Health Unit,0.0916,98.0,0.17,0.9207,0.9802
5736,2023-05-09,2241,"Kingston, Frontenac and Lennox and Addington Health Unit",0.1003,43.0,0.2,0.9097,0.972
5737,2023-05-09,2261,Sudbury and District Health Unit,0.0631,106.0,0.53,0.9093,0.9916
5738,2023-05-09,2243,"Leeds, Grenville and Lanark District Health Unit",0.0249,34.0,0.2,0.8099,0.9876
5739,2023-05-09,2266,Wellington-Dufferin-Guelph Health Unit,0.1618,49.0,0.16,0.7357,0.9459
5740,2023-05-09,2263,Timiskaming Health Unit,0.0417,3.0,0.1,0.9565,0.9565
5741,2023-05-08,2253,Peel Regional Health Unit,0.0927,234.0,0.15,0.9107,0.9646
5742,2023-05-08,2257,Renfrew County and District Health Unit,0.058,20.0,0.18,0.8712,0.9773
5743,2023-05-08,5183,Huron Perth Health Unit,0.0389,37.0,0.26,0.5534,0.9407
5744,2023-05-08,2234,Haldimand-Norfolk Health Unit,0.0682,13.0,0.11,0.825,0.9875
5745,2023-05-08,2255,Peterborough County-City Health Unit,0.0734,41.0,0.28,0.9322,0.9763
5746,2023-05-08,2226,District of Algoma Health Unit,0.0476,18.0,0.16,0.8115,0.9098
5747,2023-05-08,2237,City of Hamilton Health Unit,0.0788,96.0,0.16,0.9278,0.9831
5748,2023-05-08,2230,Durham Regional Health Unit,0.0682,94.0,0.13,0.7939,0.9375
5749,2023-05-08,2247,North Bay Parry Sound District Health Unit,0.0789,38.0,0.29,0.9656,0.9771
5750,2023-05-08,2246,Niagara Regional Area Health Unit,0.0688,71.0,0.15,0.6998,0.9522
5751,2023-05-08,2233,Grey Bruce Health Unit,0.191,48.0,0.28,0.6825,0.9619
5752,2023-05-08,2260,Simcoe Muskoka District Health Unit,0.071,76.0,0.13,0.881,0.9725
5753,2023-05-08,2270,York Regional Health Unit,0.0837,148.0,0.12,0.8462,0.9249
5754,2023-05-08,2256,Porcupine Health Unit,0.1298,19.0,0.22,0.8077,0.8462
5755,2023-05-08,2263,Timiskaming Health Unit,0.0,4.0,0.12,0.9565,0.9565
5756,2023-05-08,4913,Southwestern Public Health,0.1086,32.0,0.15,0.7176,0.9676
5757,2023-05-08,2261,Sudbury and District Health Unit,0.07,104.0,0.52,0.9187,0.9898
5758,2023-05-08,2244,Middlesex-London Health Unit,0.0455,69.0,0.14,0.8479,0.9688
5759,2023-05-08,2241,"Kingston, Frontenac and Lennox and Addington Health Unit",0.1188,43.0,0.2,0.9253,0.9773
5760,2023-05-08,2251,City of Ottawa Health Unit,0.0828,112.0,0.11,0.9429,0.9864
5761,2023-05-08,2235,"Haliburton, Kawartha, Pine Ridge District Health Unit",0.0436,43.0,0.23,0.9167,0.984
5762,2023-05-08,2258,Eastern Ontario Health Unit,0.1161,50.0,0.24,0.9006,0.9744
5763,2023-05-08,2236,Halton Regional Health Unit,0.0635,54.0,0.09,0.678,0.8037
5764,2023-05-08,2240,Chatham-Kent Health Unit,0.1784,26.0,0.25,0.8419,0.9628
5765,2023-05-08,3895,City of Toronto Health Unit,0.0768,564.0,0.18,0.9143,0.9796
5766,2023-05-08,2249,Northwestern Health Unit,0.0493,20.0,0.23,0.9063,0.9531
5767,2023-05-08,2262,Thunder Bay District Health Unit,0.0902,38.0,0.25,0.9506,0.981
5768,2023-05-08,35,Ontario,0.0823,2500.0,0.17,0.8533,0.9621
5769,2023-05-08,2268,Windsor-Essex County Health Unit,0.0627,112.0,0.26,0.671,0.9676
5770,2023-05-08,2242,Lambton Health Unit,0.13,14.0,0.11,0.6044,0.978
5771,2023-05-08,2227,Brant County Health Unit,0.057,33.0,0.21,0.9313,0.9785
5772,2023-05-08,2243,"Leeds, Grenville and Lanark District Health Unit",0.0314,36.0,0.21,0.7931,0.9808
5773,2023-05-08,2238,Hastings and Prince Edward Counties Health Unit,0.022,26.0,0.15,0.8343,0.9714
5774,2023-05-08,2266,Wellington-Dufferin-Guelph Health Unit,0.1554,51.0,0.16,0.7601,0.9538
5775,2023-05-08,2265,Waterloo Health Unit,0.1295,84.0,0.14,0.6672,0.9113
5776,2023-05-07,2230,Durham Regional Health Unit,0.075,109.0,0.15,0.815,0.9556
5777,2023-05-07,2247,North Bay Parry Sound District Health Unit,0.0674,38.0,0.29,0.9736,0.9849
5778,2023-05-07,2251,City of Ottawa Health Unit,0.0883,118.0,0.11,0.9405,0.9821
5779,2023-05-07,2261,Sudbury and District Health Unit,0.0612,100.0,0.5,0.9285,0.9912
5780,2023-05-07,2238,Hastings and Prince Edward Counties Health Unit,0.0164,26.0,0.16,0.827,0.9622
5781,2023-05-07,2243,"Leeds, Grenville and Lanark District Health Unit",0.0228,38.0,0.22,0.79,0.9395
5782,2023-05-07,2240,Chatham-Kent Health Unit,0.1909,31.0,0.3,0.8551,0.9662
5783,2023-05-07,2258,Eastern Ontario Health Unit,0.0983,51.0,0.24,0.9038,0.9753
5784,2023-05-07,2234,Haldimand-Norfolk Health Unit,0.1034,12.0,0.11,0.8125,0.9875
5785,2023-05-07,2244,Middlesex-London Health Unit,0.047,70.0,0.14,0.8509,0.9669
5786,2023-05-07,2255,Peterborough County-City Health Unit,0.0782,44.0,0.3,0.9484,0.9839
5787,2023-05-07,2236,Halton Regional Health Unit,0.0838,56.0,0.09,0.7,0.8237
5788,2023-05-07,2257,Renfrew County and District Health Unit,0.0667,19.0,0.18,0.8615,0.9769
5789,2023-05-07,2262,Thunder Bay District Health Unit,0.0858,38.0,0.26,0.9552,0.9813
5790,2023-05-07,2268,Windsor-Essex County Health Unit,0.053,110.0,0.26,0.6747,0.9709
5791,2023-05-07,4913,Southwestern Public Health,0.1184,33.0,0.15,0.7217,0.9764
5792,2023-05-07,2263,Timiskaming Health Unit,0.0,4.0,0.11,0.96,0.96
5793,2023-05-07,2265,Waterloo Health Unit,0.1384,83.0,0.14,0.6828,0.9165
5794,2023-05-07,2249,Northwestern Health Unit,0.036,20.0,0.23,0.9078,0.9504
5795,2023-05-07,35,Ontario,0.0822,2558.0,0.17,0.8589,0.9639
5796,2023-05-07,2253,Peel Regional Health Unit,0.0916,231.0,0.14,0.9087,0.9614
5797,2023-05-07,5183,Huron Perth Health Unit,0.0433,36.0,0.26,0.6074,0.9593
5798,2023-05-07,2241,"Kingston, Frontenac and Lennox and Addington Health Unit",0.1333,45.0,0.21,0.9148,0.9653
5799,2023-05-07,2242,Lambton Health Unit,0.1619,15.0,0.11,0.6413,0.9783
5800,2023-05-07,2235,"Haliburton, Kawartha, Pine Ridge District Health Unit",0.0447,45.0,0.24,0.9206,0.9905
5801,2023-05-07,2226,District of Algoma Health Unit,0.0388,18.0,0.16,0.8211,0.9106
5802,2023-05-07,3895,City of Toronto Health Unit,0.0749,586.0,0.19,0.9166,0.9787
5803,2023-05-07,2266,Wellington-Dufferin-Guelph Health Unit,0.1504,51.0,0.16,0.7859,0.9634
5804,2023-05-07,2260,Simcoe Muskoka District Health Unit,0.0753,80.0,0.13,0.8774,0.9716
5805,2023-05-07,2256,Porcupine Health Unit,0.0945,18.0,0.22,0.8595,0.9008
5806,2023-05-07,2233,Grey Bruce Health Unit,0.1765,46.0,0.27,0.6834,0.9655
5807,2023-05-07,2227,Brant County Health Unit,0.0586,34.0,0.22,0.9442,0.9871
5808,2023-05-07,2237,City of Hamilton Health Unit,0.0745,96.0,0.16,0.9277,0.9819
5809,2023-05-07,2270,York Regional Health Unit,0.0863,154.0,0.13,0.8556,0.9296
5810,2023-05-07,2246,Niagara Regional Area Health Unit,0.0771,72.0,0.15,0.7039,0.949
5811,2023-05-06,2242,Lambton Health Unit,0.1546,14.0,0.11,0.6598,0.9794
5812,2023-05-06,2236,Halton Regional Health Unit,0.0867,56.0,0.09,0.7218,0.853
5813,2023-05-06,2237,City of Hamilton Health Unit,0.0791,96.0,0.16,0.9338,0.9827
5814,2023-05-06,2227,Brant County Health Unit,0.0553,34.0,0.22,0.9402,0.9872
5815,2023-05-06,3895,City of Toronto Health Unit,0.0744,590.0,0.19,0.9183,0.9778
5816,2023-05-06,2235,"Haliburton, Kawartha, Pine Ridge District Health Unit",0.0538,45.0,0.24,0.9175,0.9937
5817,2023-05-06,2234,Haldimand-Norfolk Health Unit,0.1071,12.0,0.11,0.8659,0.9878
5818,2023-05-06,2238,Hastings and Prince Edward Counties Health Unit,0.0212,27.0,0.16,0.8482,0.9738
5819,2023-05-06,2249,Northwestern Health Unit,0.0347,21.0,0.23,0.8933,0.9533
5820,2023-05-06,2256,Porcupine Health Unit,0.0726,18.0,0.21,0.8583,0.9
5821,2023-05-06,2241,"Kingston, Frontenac and Lennox and Addington Health Unit",0.1262,44.0,0.21,0.8964,0.9612
5822,2023-05-06,2261,Sudbury and District Health Unit,0.0527,100.0,0.5,0.913,0.9826
5823,2023-05-06,2263,Timiskaming Health Unit,0.0,3.0,0.1,0.9231,0.9615
5824,2023-05-06,2266,Wellington-Dufferin-Guelph Health Unit,0.1538,52.0,0.17,0.7942,0.9565
5825,2023-05-06,2268,Windsor-Essex County Health Unit,0.0526,111.0,0.26,0.6845,0.9714
5826,2023-05-06,2270,York Regional Health Unit,0.1021,157.0,0.13,0.8515,0.9299
5827,2023-05-06,2257,Renfrew County and District Health Unit,0.0625,18.0,0.17,0.8699,0.9756
5828,2023-05-06,2253,Peel Regional Health Unit,0.0923,221.0,0.14,0.916,0.9671
5829,2023-05-06,2243,"Leeds, Grenville and Lanark District Health Unit",0.0299,38.0,0.22,0.8206,0.9313
5830,2023-05-06,2226,District of Algoma Health Unit,0.0551,18.0,0.16,0.8492,0.9127
5831,2023-05-06,2244,Middlesex-London Health Unit,0.0444,71.0,0.14,0.8545,0.9667
5832,2023-05-06,2260,Simcoe Muskoka District Health Unit,0.0765,82.0,0.14,0.8688,0.9796
5833,2023-05-06,35,Ontario,0.083,2571.0,0.17,0.8626,0.9648
5834,2023-05-06,2233,Grey Bruce Health Unit,0.1735,45.0,0.27,0.7061,0.9595
5835,2023-05-06,2230,Durham Regional Health Unit,0.066,110.0,0.16,0.8133,0.9629
5836,2023-05-06,2246,Niagara Regional Area Health Unit,0.0819,73.0,0.16,0.6931,0.9421
5837,2023-05-06,2262,Thunder Bay District Health Unit,0.0791,40.0,0.26,0.9601,0.9819
5838,2023-05-06,4913,Southwestern Public Health,0.1422,32.0,0.15,0.765,0.977
5839,2023-05-06,2265,Waterloo Health Unit,0.1387,84.0,0.14,0.6867,0.9117
5840,2023-05-06,2247,North Bay Parry Sound District Health Unit,0.0755,38.0,0.29,0.9608,0.9843
5841,2023-05-06,2251,City of Ottawa Health Unit,0.0907,123.0,0.12,0.939,0.9827
5842,2023-05-06,2240,Chatham-Kent Health Unit,0.2009,31.0,0.29,0.8592,0.9612
5843,2023-05-06,5183,Huron Perth Health Unit,0.0476,39.0,0.28,0.6436,0.9636
5844,2023-05-06,2258,Eastern Ontario Health Unit,0.0914,52.0,0.25,0.9144,0.9751
5845,2023-05-06,2255,Peterborough County-City Health Unit,0.0752,44.0,0.3,0.9545,0.9838
5846,2023-05-05,2227,Brant County Health Unit,0.0458,34.0,0.22,0.9585,0.9917
5847,2023-05-05,2241,"Kingston, Frontenac and Lennox and Addington Health Unit",0.1237,43.0,0.2,0.8952,0.9619
5848,2023-05-05,2246,Niagara Regional Area Health Unit,0.0897,73.0,0.16,0.7134,0.9447
5849,2023-05-05,2253,Peel Regional Health Unit,0.0933,227.0,0.14,0.9222,0.9707
5850,2023-05-05,2258,Eastern Ontario Health Unit,0.0954,52.0,0.25,0.9284,0.9771
5851,2023-05-05,5183,Huron Perth Health Unit,0.0563,41.0,0.29,0.6894,0.9621
5852,2023-05-05,2242,Lambton Health Unit,0.1485,14.0,0.11,0.7097,0.9785
5853,2023-05-05,2255,Peterborough County-City Health Unit,0.0779,44.0,0.3,0.9534,0.9857
5854,2023-05-05,2261,Sudbury and District Health Unit,0.0517,97.0,0.49,0.9136,0.9824
5855,2023-05-05,4913,Southwestern Public Health,0.1379,33.0,0.16,0.7588,0.9737
5856,2023-05-05,2244,Middlesex-London Health Unit,0.0402,71.0,0.14,0.8665,0.9682
5857,2023-05-05,2265,Waterloo Health Unit,0.1322,86.0,0.15,0.7136,0.9313
5858,2023-05-05,2268,Windsor-Essex County Health Unit,0.0556,116.0,0.27,0.626,0.9703
5859,2023-05-05,2262,Thunder Bay District Health Unit,0.0719,40.0,0.26,0.9505,0.9788
5860,2023-05-05,2256,Porcupine Health Unit,0.0806,18.0,0.21,0.8462,0.8889
5861,2023-05-05,2257,Renfrew County and District Health Unit,0.063,18.0,0.17,0.8908,0.9916
5862,2023-05-05,2247,North Bay Parry Sound District Health Unit,0.0659,37.0,0.28,0.9651,0.9884
5863,2023-05-05,2249,Northwestern Health Unit,0.04,21.0,0.24,0.8981,0.949
5864,2023-05-05,35,Ontario,0.0825,2597.0,0.18,0.8698,0.9678
5865,2023-05-05,2236,Halton Regional Health Unit,0.0995,56.0,0.09,0.7196,0.8439
5866,2023-05-05,2240,Chatham-Kent Health Unit,0.2126,30.0,0.28,0.8527,0.9688
5867,2023-05-05,2233,Grey Bruce Health Unit,0.1629,44.0,0.26,0.7953,0.9764
5868,2023-05-05,2234,Haldimand-Norfolk Health Unit,0.1163,12.0,0.11,0.8621,0.9885
5869,2023-05-05,2251,City of Ottawa Health Unit,0.0925,128.0,0.12,0.9436,0.9867
5870,2023-05-05,3895,City of Toronto Health Unit,0.0708,591.0,0.19,0.9302,0.98
5871,2023-05-05,2226,District of Algoma Health Unit,0.0588,19.0,0.17,0.8504,0.9213
5872,2023-05-05,2230,Durham Regional Health Unit,0.0658,115.0,0.16,0.8403,0.9678
5873,2023-05-05,2237,City of Hamilton Health Unit,0.0799,98.0,0.17,0.9348,0.9841
5874,2023-05-05,2235,"Haliburton, Kawartha, Pine Ridge District Health Unit",0.05,46.0,0.24,0.9221,0.9938
5875,2023-05-05,2270,York Regional Health Unit,0.1005,155.0,0.13,0.8644,0.9336
5876,2023-05-05,2263,Timiskaming Health Unit,0.0,3.0,0.1,0.875,0.9583
5877,2023-05-05,2266,Wellington-Dufferin-Guelph Health Unit,0.1448,52.0,0.17,0.8323,0.9701
5878,2023-05-05,2238,Hastings and Prince Edward Counties Health Unit,0.0297,29.0,0.17,0.8646,0.974
5879,2023-05-05,2243,"Leeds, Grenville and Lanark District Health Unit",0.0409,38.0,0.22,0.7935,0.9348
5880,2023-05-05,2260,Simcoe Muskoka District Health Unit,0.0822,83.0,0.14,0.8812,0.9813
5881,2023-05-04,2251,City of Ottawa Health Unit,0.085,136.0,0.13,0.9387,0.9871
5882,2023-05-04,2257,Renfrew County and District Health Unit,0.0513,17.0,0.15,0.8966,0.9914
5883,2023-05-04,2244,Middlesex-London Health Unit,0.0407,70.0,0.14,0.8726,0.9703
5884,2023-05-04,2237,City of Hamilton Health Unit,0.0808,99.0,0.17,0.9353,0.9856
5885,2023-05-04,2230,Durham Regional Health Unit,0.0633,122.0,0.17,0.5968,0.6851
5886,2023-05-04,2235,"Haliburton, Kawartha, Pine Ridge District Health Unit",0.0552,47.0,0.25,0.7277,0.7817
5887,2023-05-04,2243,"Leeds, Grenville and Lanark District Health Unit",0.0418,38.0,0.22,0.7985,0.9341
5888,2023-05-04,2247,North Bay Parry Sound District Health Unit,0.0487,38.0,0.29,0.9634,0.9853
5889,2023-05-04,2246,Niagara Regional Area Health Unit,0.0825,73.0,0.15,0.6935,0.9291
5890,2023-05-04,2260,Simcoe Muskoka District Health Unit,0.08,89.0,0.15,0.8656,0.9453
5891,2023-05-04,2249,Northwestern Health Unit,0.0333,21.0,0.24,0.9216,0.9804
5892,2023-05-04,2266,Wellington-Dufferin-Guelph Health Unit,0.1453,51.0,0.16,0.8357,0.9518
5893,2023-05-04,2263,Timiskaming Health Unit,0.0476,3.0,0.09,0.8261,0.9565
5894,2023-05-04,4913,Southwestern Public Health,0.1466,33.0,0.16,0.7854,0.9726
5895,2023-05-04,2261,Sudbury and District Health Unit,0.0529,97.0,0.49,0.9414,0.98
5896,2023-05-04,2253,Peel Regional Health Unit,0.0951,228.0,0.14,0.9133,0.9639
5897,2023-05-04,2255,Peterborough County-City Health Unit,0.0594,41.0,0.28,0.759,0.7784
5898,2023-05-04,2256,Porcupine Health Unit,0.075,17.0,0.21,0.8618,0.8943
5899,2023-05-04,2241,"Kingston, Frontenac and Lennox and Addington Health Unit",0.1286,44.0,0.21,0.9057,0.9623
5900,2023-05-04,5183,Huron Perth Health Unit,0.0758,40.0,0.28,0.6965,0.9611
5901,2023-05-04,2258,Eastern Ontario Health Unit,0.0836,51.0,0.25,0.9382,0.9775
5902,2023-05-04,2233,Grey Bruce Health Unit,0.135,44.0,0.26,0.8394,0.9818
5903,2023-05-04,2238,Hastings and Prince Edward Counties Health Unit,0.0474,30.0,0.18,0.8558,0.9349
5904,2023-05-04,2226,District of Algoma Health Unit,0.0526,19.0,0.17,0.8881,0.9552
5905,2023-05-04,2268,Windsor-Essex County Health Unit,0.0536,117.0,0.28,0.5442,0.9564
5906,2023-05-04,2234,Haldimand-Norfolk Health Unit,0.1379,12.0,0.11,0.8556,0.9889
5907,2023-05-04,2240,Chatham-Kent Health Unit,0.2064,31.0,0.29,0.8325,0.9645
5908,2023-05-04,35,Ontario,0.0809,2645.0,0.18,0.8339,0.9269
5909,2023-05-04,2242,Lambton Health Unit,0.1485,14.0,0.11,0.7692,0.989
5910,2023-05-04,2227,Brant County Health Unit,0.0478,36.0,0.23,0.9484,0.9921
5911,2023-05-04,2236,Halton Regional Health Unit,0.0977,56.0,0.09,0.7442,0.863
5912,2023-05-04,3895,City of Toronto Health Unit,0.0685,609.0,0.2,0.8858,0.933
5913,2023-05-04,2265,Waterloo Health Unit,0.1422,90.0,0.15,0.7435,0.9497
5914,2023-05-04,2262,Thunder Bay District Health Unit,0.0558,38.0,0.26,0.947,0.9811
5915,2023-05-04,2270,York Regional Health Unit,0.0992,161.0,0.13,0.8507,0.92
5916,2023-05-03,2256,Porcupine Health Unit,0.0924,17.0,0.2,0.9344,0.9836
5917,2023-05-03,2241,"Kingston, Frontenac and Lennox and Addington Health Unit",0.1287,48.0,0.22,0.9141,0.9693
5918,2023-05-03,2253,Peel Regional Health Unit,0.0881,225.0,0.14,0.9223,0.9665
5919,2023-05-03,2230,Durham Regional Health Unit,0.0588,131.0,0.18,0.5992,0.6823
5920,2023-05-03,2251,City of Ottawa Health Unit,0.0841,148.0,0.14,0.9434,0.9866
5921,2023-05-03,2240,Chatham-Kent Health Unit,0.2124,28.0,0.26,0.8587,0.9674
5922,2023-05-03,5183,Huron Perth Health Unit,0.0885,37.0,0.27,0.754,0.9677
5923,2023-05-03,2247,North Bay Parry Sound District Health Unit,0.0652,39.0,0.3,0.9636,0.9855
5924,2023-05-03,2246,Niagara Regional Area Health Unit,0.0777,72.0,0.15,0.67,0.9235
5925,2023-05-03,35,Ontario,0.0792,2656.0,0.18,0.8357,0.919
5926,2023-05-03,2257,Renfrew County and District Health Unit,0.0598,17.0,0.15,0.9252,0.9907
5927,2023-05-03,2262,Thunder Bay District Health Unit,0.0717,38.0,0.25,0.9266,0.986
5928,2023-05-03,2255,Peterborough County-City Health Unit,0.0521,41.0,0.28,0.7124,0.7339
5929,2023-05-03,2268,Windsor-Essex County Health Unit,0.0595,118.0,0.28,0.5705,0.9473
5930,2023-05-03,2265,Waterloo Health Unit,0.1471,92.0,0.16,0.7563,0.9525
5931,2023-05-03,2266,Wellington-Dufferin-Guelph Health Unit,0.1445,50.0,0.16,0.8444,0.9583
5932,2023-05-03,2260,Simcoe Muskoka District Health Unit,0.0806,89.0,0.15,0.8614,0.9377
5933,2023-05-03,4913,Southwestern Public Health,0.1228,33.0,0.15,0.7917,0.9583
5934,2023-05-03,2244,Middlesex-London Health Unit,0.0366,70.0,0.14,0.8845,0.9649
5935,2023-05-03,2258,Eastern Ontario Health Unit,0.0824,52.0,0.25,0.9264,0.9591
5936,2023-05-03,2234,Haldimand-Norfolk Health Unit,0.1348,13.0,0.11,0.8817,0.9892
5937,2023-05-03,2235,"Haliburton, Kawartha, Pine Ridge District Health Unit",0.0576,47.0,0.25,0.6882,0.739
5938,2023-05-03,2236,Halton Regional Health Unit,0.096,57.0,0.09,0.7474,0.8505
5939,2023-05-03,2227,Brant County Health Unit,0.0602,36.0,0.23,0.9556,0.9919
5940,2023-05-03,2237,City of Hamilton Health Unit,0.0747,98.0,0.16,0.9276,0.9834
5941,2023-05-03,2243,"Leeds, Grenville and Lanark District Health Unit",0.0424,40.0,0.23,0.8,0.9474
5942,2023-05-03,2233,Grey Bruce Health Unit,0.088,41.0,0.24,0.8352,0.9707
5943,2023-05-03,2249,Northwestern Health Unit,0.0316,23.0,0.26,0.9125,0.975
5944,2023-05-03,2238,Hastings and Prince Edward Counties Health Unit,0.0425,30.0,0.18,0.8571,0.9355
5945,2023-05-03,2226,District of Algoma Health Unit,0.0567,20.0,0.18,0.9037,0.9852
5946,2023-05-03,3895,City of Toronto Health Unit,0.068,609.0,0.2,0.8821,0.9203
5947,2023-05-03,2261,Sudbury and District Health Unit,0.0496,92.0,0.46,0.9362,0.9793
5948,2023-05-03,2242,Lambton Health Unit,0.1515,14.0,0.11,0.7979,0.9787
5949,2023-05-03,2263,Timiskaming Health Unit,0.0417,3.0,0.1,0.875,1.0
5950,2023-05-03,2270,York Regional Health Unit,0.0959,159.0,0.13,0.863,0.9199
5951,2023-05-02,4913,Southwestern Public Health,0.1218,34.0,0.16,0.7519,0.9618
5952,2023-05-02,2244,Middlesex-London Health Unit,0.0428,70.0,0.14,0.8817,0.9667
5953,2023-05-02,2236,Halton Regional Health Unit,0.0962,56.0,0.09,0.7798,0.8964
5954,2023-05-02,2242,Lambton Health Unit,0.1531,14.0,0.11,0.7767,0.9515
5955,2023-05-02,2234,Haldimand-Norfolk Health Unit,0.1522,13.0,0.12,0.83,0.98
5956,2023-05-02,2265,Waterloo Health Unit,0.1495,96.0,0.16,0.7618,0.9575
5957,2023-05-02,2227,Brant County Health Unit,0.0522,36.0,0.23,0.9467,0.9836
5958,2023-05-02,2230,Durham Regional Health Unit,0.0578,153.0,0.21,0.6428,0.7132
5959,2023-05-02,2233,Grey Bruce Health Unit,0.0791,40.0,0.23,0.8169,0.9542
5960,2023-05-02,2238,Hastings and Prince Edward Counties Health Unit,0.067,30.0,0.18,0.8898,0.9469
5961,2023-05-02,2243,"Leeds, Grenville and Lanark District Health Unit",0.0418,41.0,0.24,0.8081,0.9495
5962,2023-05-02,2253,Peel Regional Health Unit,0.0844,227.0,0.14,0.9358,0.9728
5963,2023-05-02,2256,Porcupine Health Unit,0.0813,18.0,0.21,0.9147,0.9767
5964,2023-05-02,2266,Wellington-Dufferin-Guelph Health Unit,0.151,50.0,0.16,0.8179,0.9446
5965,2023-05-02,2260,Simcoe Muskoka District Health Unit,0.0772,89.0,0.15,0.8597,0.9397
5966,2023-05-02,2268,Windsor-Essex County Health Unit,0.0676,120.0,0.28,0.6992,0.9621
5967,2023-05-02,2270,York Regional Health Unit,0.0933,164.0,0.13,0.879,0.9356
5968,2023-05-02,2261,Sudbury and District Health Unit,0.0448,89.0,0.45,0.9353,0.9753
5969,2023-05-02,2262,Thunder Bay District Health Unit,0.0772,39.0,0.26,0.9276,0.9862
5970,2023-05-02,2263,Timiskaming Health Unit,0.04,4.0,0.11,0.8333,1.0
5971,2023-05-02,2247,North Bay Parry Sound District Health Unit,0.0558,38.0,0.3,0.9583,0.9811
5972,2023-05-02,2249,Northwestern Health Unit,0.0452,22.0,0.25,0.913,0.9752
5973,2023-05-02,2235,"Haliburton, Kawartha, Pine Ridge District Health Unit",0.0681,46.0,0.24,0.6798,0.7259
5974,2023-05-02,35,Ontario,0.0776,2694.0,0.18,0.8378,0.9165
5975,2023-05-02,2251,City of Ottawa Health Unit,0.0868,156.0,0.15,0.946,0.9883
5976,2023-05-02,2241,"Kingston, Frontenac and Lennox and Addington Health Unit",0.1262,46.0,0.22,0.9156,0.961
5977,2023-05-02,2257,Renfrew County and District Health Unit,0.0504,17.0,0.16,0.931,0.9914
5978,2023-05-02,2226,District of Algoma Health Unit,0.0556,21.0,0.18,0.927,0.9854
5979,2023-05-02,2237,City of Hamilton Health Unit,0.0677,93.0,0.16,0.924,0.9783
5980,2023-05-02,3895,City of Toronto Health Unit,0.0638,615.0,0.2,0.8742,0.9152
5981,2023-05-02,2258,Eastern Ontario Health Unit,0.0792,52.0,0.25,0.8898,0.914
5982,2023-05-02,2255,Peterborough County-City Health Unit,0.0353,40.0,0.27,0.6355,0.6659
5983,2023-05-02,2240,Chatham-Kent Health Unit,0.1899,26.0,0.24,0.8587,0.9783
5984,2023-05-02,5183,Huron Perth Health Unit,0.0789,38.0,0.27,0.7509,0.9547
5985,2023-05-02,2246,Niagara Regional Area Health Unit,0.0849,69.0,0.15,0.6368,0.9038
5986,2023-05-01,2270,York Regional Health Unit,0.0957,169.0,0.14,0.882,0.9334
5987,2023-05-01,2263,Timiskaming Health Unit,0.04,4.0,0.11,0.8519,1.0
5988,2023-05-01,2260,Simcoe Muskoka District Health Unit,0.0852,96.0,0.16,0.8513,0.9405
5989,2023-05-01,2237,City of Hamilton Health Unit,0.0721,91.0,0.15,0.9167,0.9748
5990,2023-05-01,2238,Hastings and Prince Edward Counties Health Unit,0.1315,36.0,0.21,0.8378,0.8996
5991,2023-05-01,2251,City of Ottawa Health Unit,0.0766,160.0,0.15,0.9429,0.9857
5992,2023-05-01,2258,Eastern Ontario Health Unit,0.0678,51.0,0.24,0.9041,0.9178
5993,2023-05-01,2247,North Bay Parry Sound District Health Unit,0.0441,39.0,0.3,0.9571,0.975
5994,2023-05-01,4913,Southwestern Public Health,0.1381,34.0,0.16,0.7634,0.9695
5995,2023-05-01,2262,Thunder Bay District Health Unit,0.0828,43.0,0.29,0.9218,0.987
5996,2023-05-01,2236,Halton Regional Health Unit,0.1117,58.0,0.09,0.7624,0.8837
5997,2023-05-01,2265,Waterloo Health Unit,0.1363,93.0,0.16,0.7642,0.961
5998,2023-05-01,2266,Wellington-Dufferin-Guelph Health Unit,0.1487,49.0,0.16,0.7929,0.9346
5999,2023-05-01,2268,Windsor-Essex County Health Unit,0.061,122.0,0.29,0.7214,0.9646
6000,2023-05-01,5183,Huron Perth Health Unit,0.0923,37.0,0.27,0.7366,0.9656
6001,2023-05-01,2255,Peterborough County-City Health Unit,0.0364,39.0,0.27,0.6055,0.6311
6002,2023-05-01,2256,Porcupine Health Unit,0.0781,18.0,0.22,0.9084,0.9618
6003,2023-05-01,2242,Lambton Health Unit,0.1648,13.0,0.1,0.6947,0.9368
6004,2023-05-01,3895,City of Toronto Health Unit,0.0596,628.0,0.2,0.8615,0.9028
6005,2023-05-01,2244,Middlesex-London Health Unit,0.0519,72.0,0.14,0.8662,0.9656
6006,2023-05-01,2257,Renfrew County and District Health Unit,0.0565,18.0,0.16,0.9417,0.9917
6007,2023-05-01,2233,Grey Bruce Health Unit,0.0749,38.0,0.22,0.8264,0.9514
6008,2023-05-01,2249,Northwestern Health Unit,0.0485,24.0,0.27,0.9172,0.9763
6009,2023-05-01,2226,District of Algoma Health Unit,0.0496,20.0,0.18,0.9259,0.9852
6010,2023-05-01,2227,Brant County Health Unit,0.0623,37.0,0.24,0.9455,0.9891
6011,2023-05-01,2240,Chatham-Kent Health Unit,0.175,23.0,0.21,0.8211,0.9837
6012,2023-05-01,2234,Haldimand-Norfolk Health Unit,0.1359,15.0,0.13,0.8559,0.9831
6013,2023-05-01,2246,Niagara Regional Area Health Unit,0.0881,65.0,0.14,0.6682,0.9124
6014,2023-05-01,2235,"Haliburton, Kawartha, Pine Ridge District Health Unit",0.0756,49.0,0.26,0.6532,0.6835
6015,2023-05-01,2241,"Kingston, Frontenac and Lennox and Addington Health Unit",0.1182,47.0,0.22,0.9149,0.9635
6016,2023-05-01,2253,Peel Regional Health Unit,0.0889,225.0,0.14,0.9329,0.9691
6017,2023-05-01,2230,Durham Regional Health Unit,0.0525,180.0,0.25,0.6532,0.7157
6018,2023-05-01,2243,"Leeds, Grenville and Lanark District Health Unit",0.0368,43.0,0.25,0.8111,0.9414
6019,2023-05-01,35,Ontario,0.0768,2759.0,0.19,0.832,0.9091
6020,2023-05-01,2261,Sudbury and District Health Unit,0.0442,94.0,0.47,0.9357,0.977
6021,2023-04-30,2242,Lambton Health Unit,0.1707,12.0,0.09,0.6667,0.9333
6022,2023-04-30,2226,District of Algoma Health Unit,0.0551,18.0,0.16,0.9219,0.9844
6023,2023-04-30,2244,Middlesex-London Health Unit,0.0568,73.0,0.14,0.8643,0.9703
6024,2023-04-30,2262,Thunder Bay District Health Unit,0.0858,43.0,0.29,0.9201,0.984
6025,2023-04-30,2268,Windsor-Essex County Health Unit,0.0713,122.0,0.29,0.7241,0.9658
6026,2023-04-30,2230,Durham Regional Health Unit,0.0444,203.0,0.28,0.6684,0.7263
6027,2023-04-30,2238,Hastings and Prince Edward Counties Health Unit,0.1452,34.0,0.2,0.8555,0.9087
6028,2023-04-30,2227,Brant County Health Unit,0.0849,39.0,0.25,0.9412,0.9896
6029,2023-04-30,2241,"Kingston, Frontenac and Lennox and Addington Health Unit",0.1136,45.0,0.21,0.9195,0.9721
6030,2023-04-30,2246,Niagara Regional Area Health Unit,0.0811,63.0,0.13,0.6471,0.915
6031,2023-04-30,2253,Peel Regional Health Unit,0.0818,218.0,0.14,0.9363,0.9703
6032,2023-04-30,2261,Sudbury and District Health Unit,0.0436,92.0,0.46,0.9323,0.9764
6033,2023-04-30,2263,Timiskaming Health Unit,0.1071,4.0,0.12,0.8621,1.0
6034,2023-04-30,2266,Wellington-Dufferin-Guelph Health Unit,0.1329,49.0,0.16,0.7756,0.9318
6035,2023-04-30,2270,York Regional Health Unit,0.0965,173.0,0.14,0.886,0.9354
6036,2023-04-30,2260,Simcoe Muskoka District Health Unit,0.0879,99.0,0.17,0.8573,0.9383
6037,2023-04-30,2243,"Leeds, Grenville and Lanark District Health Unit",0.0428,43.0,0.25,0.8294,0.9795
6038,2023-04-30,4913,Southwestern Public Health,0.1635,38.0,0.18,0.7936,0.9751
6039,2023-04-30,2255,Peterborough County-City Health Unit,0.0305,42.0,0.28,0.5899,0.6162
6040,2023-04-30,2256,Porcupine Health Unit,0.084,19.0,0.22,0.8837,0.938
6041,2023-04-30,2249,Northwestern Health Unit,0.0536,24.0,0.27,0.8941,0.9706
6042,2023-04-30,2235,"Haliburton, Kawartha, Pine Ridge District Health Unit",0.0749,50.0,0.26,0.6452,0.6835
6043,2023-04-30,2258,Eastern Ontario Health Unit,0.0712,50.0,0.24,0.8919,0.9054
6044,2023-04-30,2233,Grey Bruce Health Unit,0.0642,38.0,0.22,0.8327,0.9506
6045,2023-04-30,2237,City of Hamilton Health Unit,0.0763,90.0,0.15,0.9181,0.9737
6046,2023-04-30,2251,City of Ottawa Health Unit,0.0829,162.0,0.15,0.9445,0.9859
6047,2023-04-30,3895,City of Toronto Health Unit,0.0601,618.0,0.2,0.8594,0.9035
6048,2023-04-30,5183,Huron Perth Health Unit,0.0906,36.0,0.26,0.7393,0.9615
6049,2023-04-30,35,Ontario,0.0762,2774.0,0.19,0.832,0.9101
6050,2023-04-30,2240,Chatham-Kent Health Unit,0.1339,18.0,0.17,0.8167,0.9833
6051,2023-04-30,2236,Halton Regional Health Unit,0.0965,58.0,0.09,0.7469,0.8685
6052,2023-04-30,2234,Haldimand-Norfolk Health Unit,0.1043,16.0,0.14,0.8268,0.9843
6053,2023-04-30,2257,Renfrew County and District Health Unit,0.0667,17.0,0.16,0.9339,0.9917
6054,2023-04-30,2247,North Bay Parry Sound District Health Unit,0.0393,40.0,0.31,0.9574,0.9752
6055,2023-04-30,2265,Waterloo Health Unit,0.1325,91.0,0.15,0.7508,0.9623
6056,2023-04-29,2238,Hastings and Prince Edward Counties Health Unit,0.1382,35.0,0.21,0.8633,0.9063
6057,2023-04-29,2227,Brant County Health Unit,0.1018,41.0,0.26,0.9281,0.9829
6058,2023-04-29,3895,City of Toronto Health Unit,0.0606,617.0,0.2,0.8528,0.9037
6059,2023-04-29,2237,City of Hamilton Health Unit,0.0726,91.0,0.15,0.9152,0.9728
6060,2023-04-29,2240,Chatham-Kent Health Unit,0.1301,18.0,0.17,0.8142,0.9823
6061,2023-04-29,2234,Haldimand-Norfolk Health Unit,0.0909,17.0,0.15,0.7687,0.9627
6062,2023-04-29,2242,Lambton Health Unit,0.1566,12.0,0.09,0.6786,0.9167
6063,2023-04-29,2251,City of Ottawa Health Unit,0.086,163.0,0.15,0.9445,0.985
6064,2023-04-29,5183,Huron Perth Health Unit,0.0905,35.0,0.25,0.7468,0.9614
6065,2023-04-29,2257,Renfrew County and District Health Unit,0.0732,18.0,0.16,0.944,0.992
6066,2023-04-29,2265,Waterloo Health Unit,0.1331,88.0,0.15,0.7414,0.9655
6067,2023-04-29,2268,Windsor-Essex County Health Unit,0.0774,122.0,0.29,0.7205,0.9646
6068,2023-04-29,2262,Thunder Bay District Health Unit,0.0839,44.0,0.3,0.9103,0.984
6069,2023-04-29,2247,North Bay Parry Sound District Health Unit,0.0361,40.0,0.3,0.9644,0.9751
6070,2023-04-29,2263,Timiskaming Health Unit,0.0968,4.0,0.14,0.8667,1.0
6071,2023-04-29,4913,Southwestern Public Health,0.1394,41.0,0.19,0.7946,0.9764
6072,2023-04-29,35,Ontario,0.0762,2793.0,0.19,0.8327,0.9111
6073,2023-04-29,2253,Peel Regional Health Unit,0.0797,228.0,0.14,0.9345,0.9704
6074,2023-04-29,2255,Peterborough County-City Health Unit,0.0282,41.0,0.27,0.5787,0.6098
6075,2023-04-29,2236,Halton Regional Health Unit,0.1029,58.0,0.09,0.7481,0.8741
6076,2023-04-29,2226,District of Algoma Health Unit,0.0413,17.0,0.15,0.9187,0.9919
6077,2023-04-29,2230,Durham Regional Health Unit,0.0483,204.0,0.29,0.6809,0.7312
6078,2023-04-29,2258,Eastern Ontario Health Unit,0.0812,49.0,0.24,0.8788,0.9008
6079,2023-04-29,2261,Sudbury and District Health Unit,0.0459,90.0,0.45,0.9456,0.986
6080,2023-04-29,2260,Simcoe Muskoka District Health Unit,0.0953,103.0,0.17,0.8772,0.9386
6081,2023-04-29,2249,Northwestern Health Unit,0.0476,24.0,0.27,0.9128,0.9709
6082,2023-04-29,2266,Wellington-Dufferin-Guelph Health Unit,0.1268,48.0,0.16,0.767,0.929
6083,2023-04-29,2256,Porcupine Health Unit,0.0806,18.0,0.21,0.88,0.936
6084,2023-04-29,2246,Niagara Regional Area Health Unit,0.0797,63.0,0.13,0.6925,0.9272
6085,2023-04-29,2243,"Leeds, Grenville and Lanark District Health Unit",0.04,43.0,0.25,0.806,0.9833
6086,2023-04-29,2233,Grey Bruce Health Unit,0.0618,37.0,0.22,0.836,0.952
6087,2023-04-29,2235,"Haliburton, Kawartha, Pine Ridge District Health Unit",0.0686,50.0,0.26,0.6542,0.6876
6088,2023-04-29,2241,"Kingston, Frontenac and Lennox and Addington Health Unit",0.1191,46.0,0.21,0.9343,0.9761
6089,2023-04-29,2270,York Regional Health Unit,0.0905,178.0,0.15,0.886,0.9387
6090,2023-04-29,2244,Middlesex-London Health Unit,0.0516,78.0,0.15,0.8689,0.9713
6091,2023-04-28,2244,Middlesex-London Health Unit,0.0465,80.0,0.16,0.8736,0.9737
6092,2023-04-28,2240,Chatham-Kent Health Unit,0.0965,16.0,0.15,0.8558,0.9808
6093,2023-04-28,2237,City of Hamilton Health Unit,0.069,87.0,0.15,0.9132,0.9727
6094,2023-04-28,2255,Peterborough County-City Health Unit,0.0321,40.0,0.27,0.5887,0.619
6095,2023-04-28,2236,Halton Regional Health Unit,0.099,59.0,0.1,0.7623,0.8848
6096,2023-04-28,2251,City of Ottawa Health Unit,0.0903,161.0,0.15,0.9451,0.9841
6097,2023-04-28,35,Ontario,0.0762,2810.0,0.19,0.8338,0.9106
6098,2023-04-28,2258,Eastern Ontario Health Unit,0.0758,49.0,0.23,0.872,0.9013
6099,2023-04-28,3895,City of Toronto Health Unit,0.0633,623.0,0.2,0.8497,0.9034
6100,2023-04-28,2238,Hastings and Prince Edward Counties Health Unit,0.1369,34.0,0.2,0.8544,0.908
6101,2023-04-28,2246,Niagara Regional Area Health Unit,0.0728,65.0,0.14,0.6993,0.9172
6102,2023-04-28,2243,"Leeds, Grenville and Lanark District Health Unit",0.0305,42.0,0.24,0.8227,0.9833
6103,2023-04-28,2230,Durham Regional Health Unit,0.0424,205.0,0.29,0.6832,0.7347
6104,2023-04-28,2249,Northwestern Health Unit,0.0529,24.0,0.28,0.9017,0.9769
6105,2023-04-28,2256,Porcupine Health Unit,0.072,18.0,0.21,0.8906,0.9453
6106,2023-04-28,2261,Sudbury and District Health Unit,0.0477,93.0,0.47,0.9484,0.9844
6107,2023-04-28,2266,Wellington-Dufferin-Guelph Health Unit,0.1195,49.0,0.16,0.759,0.9224
6108,2023-04-28,2257,Renfrew County and District Health Unit,0.0752,19.0,0.17,0.9485,0.9926
6109,2023-04-28,2265,Waterloo Health Unit,0.1248,90.0,0.15,0.7301,0.9577
6110,2023-04-28,2253,Peel Regional Health Unit,0.0859,226.0,0.14,0.9185,0.968
6111,2023-04-28,2260,Simcoe Muskoka District Health Unit,0.1034,105.0,0.18,0.8737,0.942
6112,2023-04-28,2270,York Regional Health Unit,0.0898,181.0,0.15,0.8824,0.9385
6113,2023-04-28,2241,"Kingston, Frontenac and Lennox and Addington Health Unit",0.1287,48.0,0.22,0.9323,0.9754
6114,2023-04-28,2233,Grey Bruce Health Unit,0.0471,36.0,0.21,0.8214,0.9444
6115,2023-04-28,2234,Haldimand-Norfolk Health Unit,0.0787,18.0,0.16,0.7609,0.9493
6116,2023-04-28,2235,"Haliburton, Kawartha, Pine Ridge District Health Unit",0.0696,51.0,0.27,0.6514,0.6833
6117,2023-04-28,2226,District of Algoma Health Unit,0.0619,16.0,0.14,0.9204,0.9912
6118,2023-04-28,2227,Brant County Health Unit,0.1103,40.0,0.26,0.922,0.9787
6119,2023-04-28,2242,Lambton Health Unit,0.1839,12.0,0.09,0.6774,0.9032
6120,2023-04-28,2247,North Bay Parry Sound District Health Unit,0.0403,39.0,0.3,0.9636,0.9745
6121,2023-04-28,4913,Southwestern Public Health,0.1309,43.0,0.2,0.805,0.9843
6122,2023-04-28,5183,Huron Perth Health Unit,0.0844,34.0,0.24,0.7184,0.9673
6123,2023-04-28,2262,Thunder Bay District Health Unit,0.0737,45.0,0.3,0.9214,0.9843
6124,2023-04-28,2268,Windsor-Essex County Health Unit,0.077,121.0,0.28,0.806,0.9659
6125,2023-04-28,2263,Timiskaming Health Unit,0.0938,5.0,0.14,0.875,0.9688
6126,2023-04-27,35,Ontario,0.0774,2824.0,0.19,0.8392,0.9369
6127,2023-04-27,2255,Peterborough County-City Health Unit,0.0372,42.0,0.29,0.6603,0.7679
6128,2023-04-27,2227,Brant County Health Unit,0.1115,40.0,0.26,0.9288,0.9715
6129,2023-04-27,2240,Chatham-Kent Health Unit,0.0901,16.0,0.15,0.8571,0.981
6130,2023-04-27,2235,"Haliburton, Kawartha, Pine Ridge District Health Unit",0.0598,50.0,0.27,0.6928,0.8063
6131,2023-04-27,2241,"Kingston, Frontenac and Lennox and Addington Health Unit",0.1171,45.0,0.21,0.9295,0.9808
6132,2023-04-27,2256,Porcupine Health Unit,0.0551,18.0,0.22,0.8595,0.9421
6133,2023-04-27,2226,District of Algoma Health Unit,0.0789,16.0,0.14,0.9266,0.9908
6134,2023-04-27,2258,Eastern Ontario Health Unit,0.072,50.0,0.24,0.856,0.8975
6135,2023-04-27,2242,Lambton Health Unit,0.1724,12.0,0.09,0.6848,0.9022
6136,2023-04-27,2234,Haldimand-Norfolk Health Unit,0.0985,19.0,0.17,0.7286,0.95
6137,2023-04-27,2265,Waterloo Health Unit,0.1172,87.0,0.15,0.7246,0.9557
6138,2023-04-27,2249,Northwestern Health Unit,0.0511,25.0,0.29,0.9121,0.9835
6139,2023-04-27,2246,Niagara Regional Area Health Unit,0.0837,67.0,0.14,0.7269,0.9376
6140,2023-04-27,2247,North Bay Parry Sound District Health Unit,0.0489,38.0,0.29,0.9699,0.9812
6141,2023-04-27,2257,Renfrew County and District Health Unit,0.0876,20.0,0.18,0.9496,0.9856
6142,2023-04-27,4913,Southwestern Public Health,0.119,44.0,0.21,0.7896,0.9848
6143,2023-04-27,2261,Sudbury and District Health Unit,0.0513,92.0,0.46,0.953,0.9858
6144,2023-04-27,2262,Thunder Bay District Health Unit,0.0845,49.0,0.33,0.9343,0.9886
6145,2023-04-27,2233,Grey Bruce Health Unit,0.0478,33.0,0.19,0.7645,0.9421
6146,2023-04-27,2236,Halton Regional Health Unit,0.1059,58.0,0.09,0.7635,0.8867
6147,2023-04-27,2238,Hastings and Prince Edward Counties Health Unit,0.1434,35.0,0.21,0.8629,0.9274
6148,2023-04-27,5183,Huron Perth Health Unit,0.0763,34.0,0.24,0.6795,0.9691
6149,2023-04-27,2237,City of Hamilton Health Unit,0.0672,87.0,0.15,0.8954,0.9572
6150,2023-04-27,2251,City of Ottawa Health Unit,0.0974,160.0,0.15,0.9548,0.9828
6151,2023-04-27,3895,City of Toronto Health Unit,0.066,632.0,0.2,0.8623,0.9373
6152,2023-04-27,2263,Timiskaming Health Unit,0.0606,5.0,0.14,0.9118,0.9706
6153,2023-04-27,2253,Peel Regional Health Unit,0.0851,220.0,0.14,0.9234,0.9725
6154,2023-04-27,2270,York Regional Health Unit,0.0903,183.0,0.15,0.876,0.9402
6155,2023-04-27,2230,Durham Regional Health Unit,0.0427,211.0,0.3,0.675,0.8482
6156,2023-04-27,2260,Simcoe Muskoka District Health Unit,0.1158,105.0,0.17,0.8858,0.9672
6157,2023-04-27,2244,Middlesex-London Health Unit,0.0439,81.0,0.16,0.8571,0.9721
6158,2023-04-27,2243,"Leeds, Grenville and Lanark District Health Unit",0.0329,43.0,0.25,0.7595,0.981
6159,2023-04-27,2268,Windsor-Essex County Health Unit,0.082,124.0,0.29,0.9048,0.982
6160,2023-04-27,2266,Wellington-Dufferin-Guelph Health Unit,0.1092,50.0,0.16,0.7567,0.9258
6161,2023-04-26,5183,Huron Perth Health Unit,0.0729,35.0,0.25,0.677,0.965
6162,2023-04-26,4913,Southwestern Public Health,0.1142,46.0,0.22,0.7963,0.9969
6163,2023-04-26,2257,Renfrew County and District Health Unit,0.0903,21.0,0.19,0.9211,0.9868
6164,2023-04-26,2237,City of Hamilton Health Unit,0.0705,87.0,0.15,0.9022,0.9631
6165,2023-04-26,2236,Halton Regional Health Unit,0.0905,60.0,0.1,0.7786,0.9071
6166,2023-04-26,2235,"Haliburton, Kawartha, Pine Ridge District Health Unit",0.0568,53.0,0.28,0.7046,0.827
6167,2023-04-26,2241,"Kingston, Frontenac and Lennox and Addington Health Unit",0.0997,46.0,0.22,0.9313,0.9791
6168,2023-04-26,2246,Niagara Regional Area Health Unit,0.0931,66.0,0.14,0.7389,0.9453
6169,2023-04-26,2255,Peterborough County-City Health Unit,0.0377,45.0,0.31,0.6847,0.7973
6170,2023-04-26,2256,Porcupine Health Unit,0.0565,18.0,0.21,0.8793,0.9397
6171,2023-04-26,2238,Hastings and Prince Edward Counties Health Unit,0.1483,34.0,0.2,0.828,0.928
6172,2023-04-26,2260,Simcoe Muskoka District Health Unit,0.1074,106.0,0.18,0.8873,0.9715
6173,2023-04-26,2263,Timiskaming Health Unit,0.0909,5.0,0.14,0.9091,0.9697
6174,2023-04-26,2270,York Regional Health Unit,0.0944,192.0,0.16,0.8865,0.9492
6175,2023-04-26,2261,Sudbury and District Health Unit,0.0521,104.0,0.52,0.9426,0.9809
6176,2023-04-26,2265,Waterloo Health Unit,0.0903,84.0,0.14,0.7158,0.9561
6177,2023-04-26,2266,Wellington-Dufferin-Guelph Health Unit,0.1012,48.0,0.15,0.7638,0.9271
6178,2023-04-26,35,Ontario,0.0769,2871.0,0.19,0.8479,0.9463
6179,2023-04-26,2253,Peel Regional Health Unit,0.0881,225.0,0.14,0.927,0.975
6180,2023-04-26,2249,Northwestern Health Unit,0.0486,26.0,0.3,0.9227,0.989
6181,2023-04-26,2242,Lambton Health Unit,0.1477,13.0,0.1,0.6512,0.907
6182,2023-04-26,2243,"Leeds, Grenville and Lanark District Health Unit",0.0404,42.0,0.25,0.7774,0.9806
6183,2023-04-26,2247,North Bay Parry Sound District Health Unit,0.0269,37.0,0.29,0.9552,0.9701
6184,2023-04-26,2230,Durham Regional Health Unit,0.049,213.0,0.3,0.6808,0.8624
6185,2023-04-26,2258,Eastern Ontario Health Unit,0.0904,49.0,0.23,0.8671,0.9133
6186,2023-04-26,2233,Grey Bruce Health Unit,0.0531,32.0,0.19,0.7725,0.9485
6187,2023-04-26,2251,City of Ottawa Health Unit,0.1011,157.0,0.15,0.9536,0.9839
6188,2023-04-26,2226,District of Algoma Health Unit,0.0965,16.0,0.14,0.9068,0.9746
6189,2023-04-26,2234,Haldimand-Norfolk Health Unit,0.1159,20.0,0.17,0.7299,0.9562
6190,2023-04-26,2240,Chatham-Kent Health Unit,0.0926,15.0,0.15,0.8468,0.991
6191,2023-04-26,2244,Middlesex-London Health Unit,0.0434,82.0,0.16,0.8571,0.9798
6192,2023-04-26,2262,Thunder Bay District Health Unit,0.0847,54.0,0.36,0.9541,0.9892
6193,2023-04-26,2268,Windsor-Essex County Health Unit,0.0769,123.0,0.29,0.9106,0.9855
6194,2023-04-26,2227,Brant County Health Unit,0.1187,40.0,0.26,0.9291,0.9716
6195,2023-04-26,3895,City of Toronto Health Unit,0.0663,642.0,0.21,0.8743,0.9505
6196,2023-04-25,2263,Timiskaming Health Unit,0.0938,5.0,0.14,0.9412,0.9706
6197,2023-04-25,2249,Northwestern Health Unit,0.0372,27.0,0.31,0.9198,0.984
6198,2023-04-25,2240,Chatham-Kent Health Unit,0.0702,16.0,0.15,0.8411,0.9907
6199,2023-04-25,2226,District of Algoma Health Unit,0.0984,17.0,0.15,0.8915,0.9767
6200,2023-04-25,5183,Huron Perth Health Unit,0.092,37.0,0.27,0.712,0.976
6201,2023-04-25,35,Ontario,0.0751,2935.0,0.2,0.8436,0.9505
6202,2023-04-25,4913,Southwestern Public Health,0.1037,47.0,0.22,0.8459,0.9937
6203,2023-04-25,2257,Renfrew County and District Health Unit,0.0851,20.0,0.19,0.9161,0.9871
6204,2023-04-25,2242,Lambton Health Unit,0.1463,12.0,0.09,0.625,0.925
6205,2023-04-25,2268,Windsor-Essex County Health Unit,0.0784,122.0,0.29,0.8153,0.9727
6206,2023-04-25,2237,City of Hamilton Health Unit,0.0728,88.0,0.15,0.9084,0.9674
6207,2023-04-25,2270,York Regional Health Unit,0.0939,201.0,0.16,0.8811,0.9504
6208,2023-04-25,2253,Peel Regional Health Unit,0.0881,225.0,0.14,0.9148,0.9688
6209,2023-04-25,2260,Simcoe Muskoka District Health Unit,0.1037,109.0,0.18,0.8726,0.9596
6210,2023-04-25,2255,Peterborough County-City Health Unit,0.0381,49.0,0.33,0.769,0.8832
6211,2023-04-25,2244,Middlesex-London Health Unit,0.0381,86.0,0.17,0.8707,0.9845
6212,2023-04-25,2246,Niagara Regional Area Health Unit,0.0986,71.0,0.15,0.7529,0.9672
6213,2023-04-25,2247,North Bay Parry Sound District Health Unit,0.0267,37.0,0.29,0.9511,0.9737
6214,2023-04-25,2234,Haldimand-Norfolk Health Unit,0.1164,21.0,0.18,0.7448,0.9586
6215,2023-04-25,2236,Halton Regional Health Unit,0.078,60.0,0.1,0.758,0.8881
6216,2023-04-25,2230,Durham Regional Health Unit,0.0465,224.0,0.31,0.6337,0.8568
6217,2023-04-25,2258,Eastern Ontario Health Unit,0.0917,50.0,0.24,0.8917,0.9601
6218,2023-04-25,2251,City of Ottawa Health Unit,0.1062,160.0,0.15,0.947,0.9823
6219,2023-04-25,2243,"Leeds, Grenville and Lanark District Health Unit",0.0433,46.0,0.27,0.7864,0.9783
6220,2023-04-25,2266,Wellington-Dufferin-Guelph Health Unit,0.076,49.0,0.16,0.7604,0.9053
6221,2023-04-25,2227,Brant County Health Unit,0.1142,41.0,0.27,0.9228,0.9719
6222,2023-04-25,3895,City of Toronto Health Unit,0.0661,648.0,0.21,0.8796,0.9588
6223,2023-04-25,2262,Thunder Bay District Health Unit,0.0773,59.0,0.39,0.9554,0.9906
6224,2023-04-25,2261,Sudbury and District Health Unit,0.0521,104.0,0.52,0.9119,0.9858
6225,2023-04-25,2238,Hastings and Prince Edward Counties Health Unit,0.1342,33.0,0.2,0.7456,0.9079
6226,2023-04-25,2235,"Haliburton, Kawartha, Pine Ridge District Health Unit",0.049,55.0,0.29,0.6767,0.8256
6227,2023-04-25,2241,"Kingston, Frontenac and Lennox and Addington Health Unit",0.0961,48.0,0.22,0.9261,0.9744
6228,2023-04-25,2233,Grey Bruce Health Unit,0.0537,35.0,0.2,0.7949,0.9701
6229,2023-04-25,2256,Porcupine Health Unit,0.05,17.0,0.21,0.8534,0.8879
6230,2023-04-25,2265,Waterloo Health Unit,0.081,81.0,0.14,0.7151,0.9552
6231,2023-04-24,2244,Middlesex-London Health Unit,0.0377,87.0,0.17,0.8703,0.9787
6232,2023-04-24,2255,Peterborough County-City Health Unit,0.0382,56.0,0.38,0.8333,0.9583
6233,2023-04-24,2242,Lambton Health Unit,0.1481,12.0,0.09,0.6486,0.9324
6234,2023-04-24,2268,Windsor-Essex County Health Unit,0.0834,120.0,0.28,0.8131,0.9755
6235,2023-04-24,2233,Grey Bruce Health Unit,0.0535,35.0,0.2,0.7878,0.9592
6236,2023-04-24,2241,"Kingston, Frontenac and Lennox and Addington Health Unit",0.0967,47.0,0.22,0.9288,0.9744
6237,2023-04-24,2243,"Leeds, Grenville and Lanark District Health Unit",0.0497,46.0,0.27,0.7929,0.9941
6238,2023-04-24,2256,Porcupine Health Unit,0.0522,16.0,0.2,0.8611,0.8981
6239,2023-04-24,2263,Timiskaming Health Unit,0.1212,5.0,0.14,0.9167,0.9722
6240,2023-04-24,2261,Sudbury and District Health Unit,0.0546,105.0,0.53,0.9108,0.9847
6241,2023-04-24,2246,Niagara Regional Area Health Unit,0.0881,75.0,0.16,0.7697,0.9653
6242,2023-04-24,2266,Wellington-Dufferin-Guelph Health Unit,0.0576,50.0,0.16,0.7806,0.9174
6243,2023-04-24,2270,York Regional Health Unit,0.0939,205.0,0.17,0.883,0.9539
6244,2023-04-24,2257,Renfrew County and District Health Unit,0.0959,21.0,0.19,0.8535,0.9873
6245,2023-04-24,2260,Simcoe Muskoka District Health Unit,0.0971,109.0,0.18,0.8821,0.9573
6246,2023-04-24,2249,Northwestern Health Unit,0.0363,28.0,0.31,0.9023,0.9767
6247,2023-04-24,35,Ontario,0.0753,2962.0,0.2,0.8492,0.9554
6248,2023-04-24,2253,Peel Regional Health Unit,0.0883,230.0,0.14,0.9163,0.9682
6249,2023-04-24,2238,Hastings and Prince Edward Counties Health Unit,0.0732,29.0,0.17,0.7593,0.9491
6250,2023-04-24,2237,City of Hamilton Health Unit,0.0818,91.0,0.15,0.9156,0.9663
6251,2023-04-24,2234,Haldimand-Norfolk Health Unit,0.1103,19.0,0.17,0.7292,0.9583
6252,2023-04-24,2235,"Haliburton, Kawartha, Pine Ridge District Health Unit",0.0477,54.0,0.29,0.7179,0.8923
6253,2023-04-24,3895,City of Toronto Health Unit,0.0693,651.0,0.21,0.8835,0.9619
6254,2023-04-24,2226,District of Algoma Health Unit,0.0976,18.0,0.15,0.8672,0.9531
6255,2023-04-24,2230,Durham Regional Health Unit,0.0516,224.0,0.31,0.6587,0.8771
6256,2023-04-24,2265,Waterloo Health Unit,0.0918,84.0,0.14,0.7228,0.9519
6257,2023-04-24,2258,Eastern Ontario Health Unit,0.0952,51.0,0.24,0.843,0.9229
6258,2023-04-24,2240,Chatham-Kent Health Unit,0.0364,16.0,0.15,0.824,0.992
6259,2023-04-24,2247,North Bay Parry Sound District Health Unit,0.031,37.0,0.28,0.9547,0.9794
6260,2023-04-24,2236,Halton Regional Health Unit,0.0841,61.0,0.1,0.7671,0.8858
6261,2023-04-24,2251,City of Ottawa Health Unit,0.1124,159.0,0.15,0.95,0.9848
6262,2023-04-24,5183,Huron Perth Health Unit,0.0856,37.0,0.26,0.7481,0.9806
6263,2023-04-24,2262,Thunder Bay District Health Unit,0.0658,63.0,0.42,0.9617,0.9887
6264,2023-04-24,4913,Southwestern Public Health,0.0893,50.0,0.23,0.8459,0.9855
6265,2023-04-24,2227,Brant County Health Unit,0.1099,39.0,0.25,0.9209,0.9644
6266,2023-04-23,2227,Brant County Health Unit,0.1016,35.0,0.23,0.9149,0.9617
6267,2023-04-23,3895,City of Toronto Health Unit,0.0717,673.0,0.22,0.8783,0.9546
6268,2023-04-23,2246,Niagara Regional Area Health Unit,0.0893,80.0,0.17,0.7774,0.9587
6269,2023-04-23,2253,Peel Regional Health Unit,0.0901,252.0,0.16,0.9096,0.9638
6270,2023-04-23,2240,Chatham-Kent Health Unit,0.0417,17.0,0.16,0.8029,0.9927
6271,2023-04-23,2251,City of Ottawa Health Unit,0.1233,165.0,0.16,0.9518,0.986
6272,2023-04-23,2258,Eastern Ontario Health Unit,0.109,52.0,0.25,0.8478,0.9321
6273,2023-04-23,2236,Halton Regional Health Unit,0.0917,62.0,0.1,0.7854,0.9064
6274,2023-04-23,2249,Northwestern Health Unit,0.035,29.0,0.33,0.9196,0.9849
6275,2023-04-23,2247,North Bay Parry Sound District Health Unit,0.0353,36.0,0.28,0.9484,0.9722
6276,2023-04-23,4913,Southwestern Public Health,0.063,50.0,0.24,0.7454,0.9738
6277,2023-04-23,2268,Windsor-Essex County Health Unit,0.0825,121.0,0.29,0.8021,0.9696
6278,2023-04-23,35,Ontario,0.0777,3064.0,0.21,0.8424,0.9521
6279,2023-04-23,2265,Waterloo Health Unit,0.0867,89.0,0.15,0.7222,0.9444
6280,2023-04-23,2262,Thunder Bay District Health Unit,0.0547,68.0,0.45,0.9637,0.9893
6281,2023-04-23,2255,Peterborough County-City Health Unit,0.0416,55.0,0.37,0.838,0.962
6282,2023-04-23,2256,Porcupine Health Unit,0.0455,16.0,0.19,0.886,0.9211
6283,2023-04-23,2257,Renfrew County and District Health Unit,0.1032,22.0,0.2,0.869,0.9821
6284,2023-04-23,2242,Lambton Health Unit,0.125,11.0,0.09,0.5714,0.9048
6285,2023-04-23,2241,"Kingston, Frontenac and Lennox and Addington Health Unit",0.1076,49.0,0.23,0.9226,0.9713
6286,2023-04-23,2226,District of Algoma Health Unit,0.0859,18.0,0.16,0.8741,0.9556
6287,2023-04-23,2233,Grey Bruce Health Unit,0.0512,36.0,0.21,0.786,0.9533
6288,2023-04-23,2234,Haldimand-Norfolk Health Unit,0.1351,21.0,0.19,0.7569,0.9444
6289,2023-04-23,2270,York Regional Health Unit,0.0984,209.0,0.17,0.8736,0.9508
6290,2023-04-23,2230,Durham Regional Health Unit,0.0544,231.0,0.32,0.646,0.8749
6291,2023-04-23,2235,"Haliburton, Kawartha, Pine Ridge District Health Unit",0.062,55.0,0.29,0.7301,0.892
6292,2023-04-23,2237,City of Hamilton Health Unit,0.0774,94.0,0.16,0.9156,0.9663
6293,2023-04-23,2260,Simcoe Muskoka District Health Unit,0.1023,110.0,0.18,0.8686,0.9529
6294,2023-04-23,5183,Huron Perth Health Unit,0.0936,38.0,0.27,0.6456,0.9652
6295,2023-04-23,2238,Hastings and Prince Edward Counties Health Unit,0.09,30.0,0.18,0.7402,0.9461
6296,2023-04-23,2244,Middlesex-London Health Unit,0.0397,86.0,0.17,0.8381,0.976
6297,2023-04-23,2243,"Leeds, Grenville and Lanark District Health Unit",0.042,48.0,0.27,0.8164,0.9934
6298,2023-04-23,2261,Sudbury and District Health Unit,0.0551,114.0,0.57,0.9186,0.9877
6299,2023-04-23,2266,Wellington-Dufferin-Guelph Health Unit,0.0597,50.0,0.16,0.765,0.8934
6300,2023-04-23,2263,Timiskaming Health Unit,0.0606,5.0,0.14,0.9143,0.9714
6301,2023-04-22,2247,North Bay Parry Sound District Health Unit,0.0305,37.0,0.29,0.9494,0.9689
6302,2023-04-22,2227,Brant County Health Unit,0.0809,34.0,0.22,0.9362,0.9702
6303,2023-04-22,2240,Chatham-Kent Health Unit,0.0451,19.0,0.18,0.7973,1.0
6304,2023-04-22,3895,City of Toronto Health Unit,0.0754,686.0,0.22,0.8867,0.9573
6305,2023-04-22,2251,City of Ottawa Health Unit,0.1194,166.0,0.16,0.948,0.9872
6306,2023-04-22,2237,City of Hamilton Health Unit,0.0758,94.0,0.16,0.907,0.968
6307,2023-04-22,2238,Hastings and Prince Edward Counties Health Unit,0.105,29.0,0.17,0.7255,0.9363
6308,2023-04-22,2236,Halton Regional Health Unit,0.0929,60.0,0.1,0.7882,0.8988
6309,2023-04-22,2241,"Kingston, Frontenac and Lennox and Addington Health Unit",0.1045,51.0,0.24,0.9188,0.972
6310,2023-04-22,2253,Peel Regional Health Unit,0.087,251.0,0.16,0.909,0.9639
6311,2023-04-22,2263,Timiskaming Health Unit,0.0571,5.0,0.15,0.8571,0.9429
6312,2023-04-22,2256,Porcupine Health Unit,0.0427,17.0,0.2,0.8803,0.9145
6313,2023-04-22,2255,Peterborough County-City Health Unit,0.0528,57.0,0.38,0.8396,0.9649
6314,2023-04-22,2270,York Regional Health Unit,0.1036,208.0,0.17,0.8707,0.9496
6315,2023-04-22,2266,Wellington-Dufferin-Guelph Health Unit,0.0501,51.0,0.16,0.7802,0.9011
6316,2023-04-22,2260,Simcoe Muskoka District Health Unit,0.1027,111.0,0.19,0.8477,0.9528
6317,2023-04-22,2268,Windsor-Essex County Health Unit,0.0804,121.0,0.28,0.8028,0.9697
6318,2023-04-22,4913,Southwestern Public Health,0.0633,47.0,0.22,0.7265,0.9696
6319,2023-04-22,2261,Sudbury and District Health Unit,0.0526,117.0,0.59,0.8927,0.9619
6320,2023-04-22,2246,Niagara Regional Area Health Unit,0.0903,81.0,0.17,0.7419,0.9597
6321,2023-04-22,2233,Grey Bruce Health Unit,0.0547,37.0,0.22,0.7897,0.9563
6322,2023-04-22,2234,Haldimand-Norfolk Health Unit,0.1351,21.0,0.19,0.8092,0.9618
6323,2023-04-22,2242,Lambton Health Unit,0.141,11.0,0.09,0.5476,0.9167
6324,2023-04-22,2235,"Haliburton, Kawartha, Pine Ridge District Health Unit",0.0643,56.0,0.29,0.7246,0.901
6325,2023-04-22,2244,Middlesex-London Health Unit,0.0377,83.0,0.16,0.823,0.9683
6326,2023-04-22,2262,Thunder Bay District Health Unit,0.0526,68.0,0.45,0.9684,0.9873
6327,2023-04-22,35,Ontario,0.0782,3087.0,0.21,0.8405,0.9519
6328,2023-04-22,5183,Huron Perth Health Unit,0.0926,39.0,0.28,0.6267,0.9658
6329,2023-04-22,2258,Eastern Ontario Health Unit,0.1082,54.0,0.26,0.866,0.9357
6330,2023-04-22,2226,District of Algoma Health Unit,0.0851,20.0,0.18,0.8966,0.9586
6331,2023-04-22,2249,Northwestern Health Unit,0.0345,29.0,0.33,0.9005,0.9851
6332,2023-04-22,2243,"Leeds, Grenville and Lanark District Health Unit",0.0422,47.0,0.27,0.8284,0.9941
6333,2023-04-22,2257,Renfrew County and District Health Unit,0.1163,25.0,0.23,0.8276,0.9828
6334,2023-04-22,2230,Durham Regional Health Unit,0.0554,232.0,0.33,0.6397,0.8762
6335,2023-04-22,2265,Waterloo Health Unit,0.0859,88.0,0.15,0.7282,0.9413
6336,2023-04-21,2237,City of Hamilton Health Unit,0.0749,93.0,0.16,0.8951,0.966
6337,2023-04-21,2230,Durham Regional Health Unit,0.064,239.0,0.34,0.6401,0.8755
6338,2023-04-21,2251,City of Ottawa Health Unit,0.1151,169.0,0.16,0.947,0.9867
6339,2023-04-21,2240,Chatham-Kent Health Unit,0.0411,21.0,0.2,0.7938,0.9938
6340,2023-04-21,2258,Eastern Ontario Health Unit,0.1119,57.0,0.28,0.8727,0.9403
6341,2023-04-21,3895,City of Toronto Health Unit,0.0758,703.0,0.23,0.8837,0.9578
6342,2023-04-21,2226,District of Algoma Health Unit,0.0616,21.0,0.18,0.9085,0.9608
6343,2023-04-21,5183,Huron Perth Health Unit,0.0931,41.0,0.3,0.6632,0.9649
6344,2023-04-21,2242,Lambton Health Unit,0.1282,11.0,0.09,0.5422,0.9398
6345,2023-04-21,2247,North Bay Parry Sound District Health Unit,0.0349,37.0,0.28,0.9386,0.9711
6346,2023-04-21,2246,Niagara Regional Area Health Unit,0.0966,83.0,0.18,0.7372,0.964
6347,2023-04-21,2244,Middlesex-London Health Unit,0.0444,84.0,0.16,0.8282,0.966
6348,2023-04-21,2255,Peterborough County-City Health Unit,0.0473,57.0,0.39,0.8479,0.9654
6349,2023-04-21,2253,Peel Regional Health Unit,0.0873,255.0,0.16,0.9248,0.9651
6350,2023-04-21,2236,Halton Regional Health Unit,0.0935,61.0,0.1,0.7747,0.892
6351,2023-04-21,2249,Northwestern Health Unit,0.026,27.0,0.31,0.9053,0.9842
6352,2023-04-21,2260,Simcoe Muskoka District Health Unit,0.0956,120.0,0.2,0.8519,0.9514
6353,2023-04-21,2257,Renfrew County and District Health Unit,0.122,23.0,0.22,0.765,0.9836
6354,2023-04-21,2265,Waterloo Health Unit,0.0833,86.0,0.15,0.7315,0.9522
6355,2023-04-21,2263,Timiskaming Health Unit,0.0645,4.0,0.14,0.8889,0.9722
6356,2023-04-21,2270,York Regional Health Unit,0.1126,220.0,0.18,0.8763,0.9508
6357,2023-04-21,2266,Wellington-Dufferin-Guelph Health Unit,0.0504,51.0,0.16,0.7855,0.9035
6358,2023-04-21,2268,Windsor-Essex County Health Unit,0.0779,123.0,0.29,0.7306,0.9681
6359,2023-04-21,2235,"Haliburton, Kawartha, Pine Ridge District Health Unit",0.0754,57.0,0.3,0.7245,0.9051
6360,2023-04-21,2256,Porcupine Health Unit,0.0427,17.0,0.2,0.8618,0.9187
6361,2023-04-21,4913,Southwestern Public Health,0.0595,50.0,0.24,0.7205,0.9683
6362,2023-04-21,2261,Sudbury and District Health Unit,0.058,118.0,0.59,0.88,0.9619
6363,2023-04-21,2243,"Leeds, Grenville and Lanark District Health Unit",0.0468,49.0,0.28,0.8369,0.9909
6364,2023-04-21,2241,"Kingston, Frontenac and Lennox and Addington Health Unit",0.1073,51.0,0.24,0.9227,0.9696
6365,2023-04-21,2233,Grey Bruce Health Unit,0.0635,36.0,0.21,0.7961,0.9647
6366,2023-04-21,35,Ontario,0.0795,3155.0,0.21,0.8388,0.953
6367,2023-04-21,2227,Brant County Health Unit,0.0694,35.0,0.23,0.9405,0.9762
6368,2023-04-21,2238,Hastings and Prince Edward Counties Health Unit,0.0991,30.0,0.18,0.7674,0.9457
6369,2023-04-21,2234,Haldimand-Norfolk Health Unit,0.146,20.0,0.17,0.8154,0.9692
6370,2023-04-21,2262,Thunder Bay District Health Unit,0.0576,69.0,0.46,0.9679,0.99
6371,2023-04-20,2226,District of Algoma Health Unit,0.0552,23.0,0.2,0.903,0.9515
6372,2023-04-20,2242,Lambton Health Unit,0.1279,12.0,0.09,0.5327,0.9533
6373,2023-04-20,2237,City of Hamilton Health Unit,0.0773,98.0,0.17,0.9241,0.9851
6374,2023-04-20,2240,Chatham-Kent Health Unit,0.038,23.0,0.21,0.8133,0.994
6375,2023-04-20,2260,Simcoe Muskoka District Health Unit,0.085,128.0,0.21,0.8687,0.9569
6376,2023-04-20,3895,City of Toronto Health Unit,0.0795,708.0,0.23,0.9146,0.9717
6377,2023-04-20,2230,Durham Regional Health Unit,0.0685,240.0,0.34,0.8667,0.9749
6378,2023-04-20,2234,Haldimand-Norfolk Health Unit,0.1159,20.0,0.17,0.8561,0.9621
6379,2023-04-20,2233,Grey Bruce Health Unit,0.0738,39.0,0.23,0.8429,0.9655
6380,2023-04-20,2246,Niagara Regional Area Health Unit,0.0919,92.0,0.19,0.7411,0.9673
6381,2023-04-20,2244,Middlesex-London Health Unit,0.0526,92.0,0.18,0.838,0.9733
6382,2023-04-20,2253,Peel Regional Health Unit,0.0911,270.0,0.17,0.9297,0.9693
6383,2023-04-20,35,Ontario,0.0806,3265.0,0.22,0.8684,0.9678
6384,2023-04-20,2268,Windsor-Essex County Health Unit,0.0782,121.0,0.28,0.65,0.966
6385,2023-04-20,2249,Northwestern Health Unit,0.0326,26.0,0.3,0.9091,0.983
6386,2023-04-20,2257,Renfrew County and District Health Unit,0.1479,24.0,0.22,0.7129,0.9904
6387,2023-04-20,2241,"Kingston, Frontenac and Lennox and Addington Health Unit",0.1096,52.0,0.25,0.9158,0.9728
6388,2023-04-20,2262,Thunder Bay District Health Unit,0.0601,71.0,0.48,0.9598,0.9899
6389,2023-04-20,2261,Sudbury and District Health Unit,0.056,122.0,0.62,0.8754,0.9593
6390,2023-04-20,2263,Timiskaming Health Unit,0.0571,5.0,0.15,0.8788,0.9697
6391,2023-04-20,5183,Huron Perth Health Unit,0.0833,43.0,0.31,0.6961,0.9682
6392,2023-04-20,4913,Southwestern Public Health,0.0513,50.0,0.24,0.7443,0.9688
6393,2023-04-20,2265,Waterloo Health Unit,0.0813,90.0,0.15,0.7063,0.9571
6394,2023-04-20,2235,"Haliburton, Kawartha, Pine Ridge District Health Unit",0.0778,62.0,0.33,0.8563,0.9684
6395,2023-04-20,2238,Hastings and Prince Edward Counties Health Unit,0.08,36.0,0.21,0.7568,0.9498
6396,2023-04-20,2247,North Bay Parry Sound District Health Unit,0.0292,39.0,0.3,0.9424,0.9748
6397,2023-04-20,2236,Halton Regional Health Unit,0.0909,64.0,0.1,0.7912,0.9011
6398,2023-04-20,2258,Eastern Ontario Health Unit,0.1117,59.0,0.28,0.8796,0.9435
6399,2023-04-20,2256,Porcupine Health Unit,0.0526,16.0,0.2,0.8833,0.9167
6400,2023-04-20,2266,Wellington-Dufferin-Guelph Health Unit,0.043,53.0,0.17,0.7891,0.9193
6401,2023-04-20,2270,York Regional Health Unit,0.1189,231.0,0.19,0.9052,0.9663
6402,2023-04-20,2243,"Leeds, Grenville and Lanark District Health Unit",0.0441,49.0,0.28,0.892,0.9907
6403,2023-04-20,2255,Peterborough County-City Health Unit,0.0523,60.0,0.41,0.948,0.9855
6404,2023-04-20,2227,Brant County Health Unit,0.0595,36.0,0.23,0.9476,0.9839
6405,2023-04-20,2251,City of Ottawa Health Unit,0.1105,173.0,0.16,0.9476,0.9842
6406,2023-04-19,2249,Northwestern Health Unit,0.0432,26.0,0.3,0.9082,0.9847
6407,2023-04-19,2247,North Bay Parry Sound District Health Unit,0.0378,42.0,0.32,0.9521,0.9863
6408,2023-04-19,2226,District of Algoma Health Unit,0.0387,22.0,0.19,0.9006,0.9503
6409,2023-04-19,3895,City of Toronto Health Unit,0.0832,718.0,0.23,0.9104,0.97
6410,2023-04-19,2251,City of Ottawa Health Unit,0.1102,179.0,0.17,0.9537,0.9835
6411,2023-04-19,2234,Haldimand-Norfolk Health Unit,0.1185,19.0,0.17,0.8571,0.9624
6412,2023-04-19,2233,Grey Bruce Health Unit,0.0686,40.0,0.23,0.8407,0.9704
6413,2023-04-19,2258,Eastern Ontario Health Unit,0.0979,60.0,0.29,0.8778,0.9377
6414,2023-04-19,5183,Huron Perth Health Unit,0.0856,42.0,0.3,0.7023,0.9709
6415,2023-04-19,2238,Hastings and Prince Edward Counties Health Unit,0.0769,37.0,0.22,0.8,0.9472
6416,2023-04-19,2256,Porcupine Health Unit,0.0427,17.0,0.2,0.8718,0.9145
6417,2023-04-19,2240,Chatham-Kent Health Unit,0.0473,24.0,0.23,0.8158,0.9947
6418,2023-04-19,2242,Lambton Health Unit,0.1327,14.0,0.11,0.5508,0.9576
6419,2023-04-19,35,Ontario,0.0845,3322.0,0.22,0.8647,0.9675
6420,2023-04-19,2255,Peterborough County-City Health Unit,0.0519,61.0,0.41,0.9483,0.9871
6421,2023-04-19,2262,Thunder Bay District Health Unit,0.0635,72.0,0.48,0.9628,0.9883
6422,2023-04-19,2261,Sudbury and District Health Unit,0.0588,119.0,0.6,0.8841,0.9625
6423,2023-04-19,2244,Middlesex-London Health Unit,0.0628,100.0,0.2,0.8403,0.9673
6424,2023-04-19,2260,Simcoe Muskoka District Health Unit,0.0936,134.0,0.22,0.8707,0.9613
6425,2023-04-19,2266,Wellington-Dufferin-Guelph Health Unit,0.044,55.0,0.18,0.7775,0.9058
6426,2023-04-19,2265,Waterloo Health Unit,0.097,90.0,0.15,0.7081,0.9446
6427,2023-04-19,2268,Windsor-Essex County Health Unit,0.0753,123.0,0.29,0.5641,0.9659
6428,2023-04-19,2227,Brant County Health Unit,0.0593,36.0,0.23,0.9514,0.9838
6429,2023-04-19,2243,"Leeds, Grenville and Lanark District Health Unit",0.0385,48.0,0.28,0.8957,0.9913
6430,2023-04-19,2257,Renfrew County and District Health Unit,0.2105,27.0,0.25,0.6847,0.9803
6431,2023-04-19,2263,Timiskaming Health Unit,0.0263,5.0,0.17,0.8919,0.973
6432,2023-04-19,2253,Peel Regional Health Unit,0.0946,267.0,0.17,0.9266,0.9687
6433,2023-04-19,2241,"Kingston, Frontenac and Lennox and Addington Health Unit",0.1232,49.0,0.23,0.8991,0.9674
6434,2023-04-19,2230,Durham Regional Health Unit,0.0693,241.0,0.34,0.8729,0.981
6435,2023-04-19,2236,Halton Regional Health Unit,0.0991,65.0,0.1,0.797,0.8985
6436,2023-04-19,4913,Southwestern Public Health,0.0528,51.0,0.24,0.7562,0.9695
6437,2023-04-19,2246,Niagara Regional Area Health Unit,0.0896,100.0,0.21,0.7207,0.9591
6438,2023-04-19,2235,"Haliburton, Kawartha, Pine Ridge District Health Unit",0.0811,63.0,0.34,0.8622,0.9724
6439,2023-04-19,2270,York Regional Health Unit,0.1267,233.0,0.19,0.9062,0.9714
6440,2023-04-19,2237,City of Hamilton Health Unit,0.0846,103.0,0.17,0.9307,0.982
6441,2023-04-18,2243,"Leeds, Grenville and Lanark District Health Unit",0.0444,48.0,0.28,0.8879,0.9885
6442,2023-04-18,5183,Huron Perth Health Unit,0.0792,43.0,0.31,0.6827,0.9615
6443,2023-04-18,2227,Brant County Health Unit,0.0717,34.0,0.22,0.9785,0.9957
6444,2023-04-18,2251,City of Ottawa Health Unit,0.0995,181.0,0.17,0.9567,0.9845
6445,2023-04-18,2237,City of Hamilton Health Unit,0.082,106.0,0.18,0.9212,0.9783
6446,2023-04-18,2233,Grey Bruce Health Unit,0.0878,37.0,0.22,0.8604,0.9698
6447,2023-04-18,2242,Lambton Health Unit,0.1304,16.0,0.13,0.5984,0.9754
6448,2023-04-18,2238,Hastings and Prince Edward Counties Health Unit,0.0782,42.0,0.25,0.8435,0.9626
6449,2023-04-18,2235,"Haliburton, Kawartha, Pine Ridge District Health Unit",0.0882,63.0,0.33,0.8889,0.9889
6450,2023-04-18,3895,City of Toronto Health Unit,0.0895,739.0,0.24,0.916,0.9708
6451,2023-04-18,2241,"Kingston, Frontenac and Lennox and Addington Health Unit",0.1239,48.0,0.23,0.8886,0.9765
6452,2023-04-18,2256,Porcupine Health Unit,0.0345,17.0,0.2,0.925,0.975
6453,2023-04-18,2255,Peterborough County-City Health Unit,0.0546,60.0,0.41,0.944,0.9847
6454,2023-04-18,2261,Sudbury and District Health Unit,0.059,124.0,0.62,0.9151,0.9593
6455,2023-04-18,2260,Simcoe Muskoka District Health Unit,0.0974,142.0,0.24,0.8874,0.9703
6456,2023-04-18,2266,Wellington-Dufferin-Guelph Health Unit,0.0605,57.0,0.18,0.815,0.9303
6457,2023-04-18,2265,Waterloo Health Unit,0.1023,98.0,0.17,0.7417,0.9478
6458,2023-04-18,2249,Northwestern Health Unit,0.0498,29.0,0.33,0.8981,0.9854
6459,2023-04-18,2270,York Regional Health Unit,0.1402,235.0,0.19,0.9119,0.9795
6460,2023-04-18,2240,Chatham-Kent Health Unit,0.0642,27.0,0.25,0.8325,0.9949
6461,2023-04-18,2247,North Bay Parry Sound District Health Unit,0.0435,43.0,0.33,0.9633,0.99
6462,2023-04-18,4913,Southwestern Public Health,0.0559,51.0,0.24,0.7626,0.9721
6463,2023-04-18,2234,Haldimand-Norfolk Health Unit,0.1102,18.0,0.16,0.8917,0.9667
6464,2023-04-18,2268,Windsor-Essex County Health Unit,0.0777,127.0,0.3,0.5125,0.9695
6465,2023-04-18,2257,Renfrew County and District Health Unit,0.2585,29.0,0.27,0.6763,0.9855
6466,2023-04-18,2246,Niagara Regional Area Health Unit,0.089,103.0,0.22,0.7182,0.9508
6467,2023-04-18,2244,Middlesex-London Health Unit,0.0685,106.0,0.21,0.834,0.9641
6468,2023-04-18,2226,District of Algoma Health Unit,0.0446,22.0,0.2,0.9042,0.9521
6469,2023-04-18,35,Ontario,0.0886,3407.0,0.23,0.8725,0.9707
6470,2023-04-18,2262,Thunder Bay District Health Unit,0.0579,74.0,0.49,0.9581,0.984
6471,2023-04-18,2253,Peel Regional Health Unit,0.0987,278.0,0.17,0.9329,0.9756
6472,2023-04-18,2230,Durham Regional Health Unit,0.0663,239.0,0.34,0.8997,0.9836
6473,2023-04-18,2258,Eastern Ontario Health Unit,0.1075,57.0,0.27,0.8837,0.938
6474,2023-04-18,2236,Halton Regional Health Unit,0.109,67.0,0.11,0.7916,0.9011
6475,2023-04-18,2263,Timiskaming Health Unit,0.0263,5.0,0.17,0.8718,0.9744
6476,2023-04-17,2230,Durham Regional Health Unit,0.0679,246.0,0.35,0.89,0.9831
6477,2023-04-17,2251,City of Ottawa Health Unit,0.0982,185.0,0.18,0.9583,0.985
6478,2023-04-17,2237,City of Hamilton Health Unit,0.0847,106.0,0.18,0.906,0.9745
6479,2023-04-17,2226,District of Algoma Health Unit,0.0545,24.0,0.21,0.9278,0.9722
6480,2023-04-17,2236,Halton Regional Health Unit,0.1104,67.0,0.11,0.751,0.8601
6481,2023-04-17,2235,"Haliburton, Kawartha, Pine Ridge District Health Unit",0.1102,69.0,0.36,0.894,0.9868
6482,2023-04-17,2241,"Kingston, Frontenac and Lennox and Addington Health Unit",0.1302,48.0,0.23,0.8774,0.9742
6483,2023-04-17,2242,Lambton Health Unit,0.1318,18.0,0.14,0.5938,0.9609
6484,2023-04-17,2247,North Bay Parry Sound District Health Unit,0.0567,43.0,0.33,0.9453,0.9775
6485,2023-04-17,2246,Niagara Regional Area Health Unit,0.0999,104.0,0.22,0.7173,0.9531
6486,2023-04-17,2244,Middlesex-London Health Unit,0.0707,105.0,0.21,0.8411,0.9674
6487,2023-04-17,2243,"Leeds, Grenville and Lanark District Health Unit",0.0453,50.0,0.29,0.8957,0.9755
6488,2023-04-17,2258,Eastern Ontario Health Unit,0.0985,57.0,0.27,0.9315,0.9746
6489,2023-04-17,35,Ontario,0.0923,3441.0,0.23,0.8681,0.9701
6490,2023-04-17,4913,Southwestern Public Health,0.0625,50.0,0.24,0.7572,0.9798
6491,2023-04-17,2260,Simcoe Muskoka District Health Unit,0.0996,143.0,0.24,0.8808,0.9652
6492,2023-04-17,2257,Renfrew County and District Health Unit,0.298,28.0,0.26,0.6842,0.9569
6493,2023-04-17,2265,Waterloo Health Unit,0.098,99.0,0.17,0.734,0.9435
6494,2023-04-17,2263,Timiskaming Health Unit,0.0,5.0,0.17,0.8286,0.9714
6495,2023-04-17,2262,Thunder Bay District Health Unit,0.0613,72.0,0.48,0.9496,0.9884
6496,2023-04-17,2270,York Regional Health Unit,0.1467,234.0,0.19,0.9094,0.9789
6497,2023-04-17,2255,Peterborough County-City Health Unit,0.0658,54.0,0.37,0.9541,0.9892
6498,2023-04-17,2266,Wellington-Dufferin-Guelph Health Unit,0.0678,57.0,0.18,0.8043,0.9223
6499,2023-04-17,5183,Huron Perth Health Unit,0.0868,44.0,0.32,0.6782,0.9495
6500,2023-04-17,3895,City of Toronto Health Unit,0.0927,742.0,0.24,0.9178,0.9757
6501,2023-04-17,2233,Grey Bruce Health Unit,0.0818,38.0,0.23,0.8669,0.9879
6502,2023-04-17,2253,Peel Regional Health Unit,0.0985,287.0,0.18,0.9322,0.9767
6503,2023-04-17,2256,Porcupine Health Unit,0.0451,19.0,0.23,0.8898,0.937
6504,2023-04-17,2261,Sudbury and District Health Unit,0.0559,123.0,0.62,0.9138,0.96
6505,2023-04-17,2249,Northwestern Health Unit,0.0628,30.0,0.34,0.9146,0.9849
6506,2023-04-17,2238,Hastings and Prince Edward Counties Health Unit,0.098,44.0,0.26,0.8676,0.9721
6507,2023-04-17,2240,Chatham-Kent Health Unit,0.0867,28.0,0.26,0.8284,0.9853
6508,2023-04-17,2234,Haldimand-Norfolk Health Unit,0.1172,18.0,0.16,0.875,0.9615
6509,2023-04-17,2268,Windsor-Essex County Health Unit,0.0829,129.0,0.3,0.4713,0.9583
6510,2023-04-17,2227,Brant County Health Unit,0.0708,34.0,0.22,0.974,0.9957
6511,2023-04-16,2236,Halton Regional Health Unit,0.1239,67.0,0.11,0.7465,0.8592
6512,2023-04-16,2242,Lambton Health Unit,0.126,18.0,0.14,0.632,0.984
6513,2023-04-16,2262,Thunder Bay District Health Unit,0.0705,73.0,0.49,0.9501,0.9885
6514,2023-04-16,2237,City of Hamilton Health Unit,0.0918,106.0,0.18,0.9079,0.9763
6515,2023-04-16,2240,Chatham-Kent Health Unit,0.0936,29.0,0.27,0.8469,0.9856
6516,2023-04-16,2227,Brant County Health Unit,0.0711,34.0,0.22,0.9788,0.9915
6517,2023-04-16,2226,District of Algoma Health Unit,0.0486,26.0,0.23,0.9211,0.9737
6518,2023-04-16,2230,Durham Regional Health Unit,0.068,229.0,0.32,0.8922,0.9828
6519,2023-04-16,2251,City of Ottawa Health Unit,0.0855,177.0,0.17,0.9589,0.9871
6520,2023-04-16,2234,Haldimand-Norfolk Health Unit,0.1078,15.0,0.13,0.87,0.97
6521,2023-04-16,2233,Grey Bruce Health Unit,0.0866,36.0,0.21,0.8701,0.9961
6522,2023-04-16,2241,"Kingston, Frontenac and Lennox and Addington Health Unit",0.1238,45.0,0.21,0.8935,0.9806
6523,2023-04-16,5183,Huron Perth Health Unit,0.1003,44.0,0.32,0.7636,0.9564
6524,2023-04-16,2249,Northwestern Health Unit,0.0896,30.0,0.35,0.9139,0.9809
6525,2023-04-16,2244,Middlesex-London Health Unit,0.0673,108.0,0.21,0.8639,0.9696
6526,2023-04-16,2247,North Bay Parry Sound District Health Unit,0.0533,43.0,0.33,0.9391,0.984
6527,2023-04-16,2243,"Leeds, Grenville and Lanark District Health Unit",0.0597,48.0,0.28,0.9017,0.9769
6528,2023-04-16,2268,Windsor-Essex County Health Unit,0.0859,130.0,0.31,0.4593,0.961
6529,2023-04-16,2253,Peel Regional Health Unit,0.099,281.0,0.18,0.9344,0.983
6530,2023-04-16,35,Ontario,0.0933,3370.0,0.23,0.8739,0.974
6531,2023-04-16,2235,"Haliburton, Kawartha, Pine Ridge District Health Unit",0.0998,69.0,0.36,0.8889,0.985
6532,2023-04-16,2263,Timiskaming Health Unit,0.027,5.0,0.16,0.8333,0.9722
6533,2023-04-16,2266,Wellington-Dufferin-Guelph Health Unit,0.0709,54.0,0.17,0.7891,0.9297
6534,2023-04-16,2260,Simcoe Muskoka District Health Unit,0.0932,149.0,0.25,0.8824,0.9704
6535,2023-04-16,2270,York Regional Health Unit,0.1537,229.0,0.19,0.9042,0.9815
6536,2023-04-16,2257,Renfrew County and District Health Unit,0.3065,28.0,0.26,0.6597,0.9581
6537,2023-04-16,2258,Eastern Ontario Health Unit,0.099,59.0,0.28,0.952,0.992
6538,2023-04-16,2246,Niagara Regional Area Health Unit,0.0941,102.0,0.22,0.7306,0.9605
6539,2023-04-16,2265,Waterloo Health Unit,0.1081,94.0,0.16,0.7345,0.9442
6540,2023-04-16,2255,Peterborough County-City Health Unit,0.0769,54.0,0.36,0.9581,0.9916
6541,2023-04-16,2256,Porcupine Health Unit,0.0333,17.0,0.21,0.8729,0.9322
6542,2023-04-16,3895,City of Toronto Health Unit,0.0926,722.0,0.23,0.9213,0.9827
6543,2023-04-16,2238,Hastings and Prince Edward Counties Health Unit,0.086,45.0,0.27,0.8682,0.9678
6544,2023-04-16,2261,Sudbury and District Health Unit,0.0549,117.0,0.59,0.9105,0.9596
6545,2023-04-16,4913,Southwestern Public Health,0.0744,48.0,0.23,0.8596,0.9897
6546,2023-04-15,2249,Northwestern Health Unit,0.0927,29.0,0.33,0.9275,0.9758
6547,2023-04-15,2262,Thunder Bay District Health Unit,0.0827,76.0,0.51,0.9495,0.9907
6548,2023-04-15,2227,Brant County Health Unit,0.07,35.0,0.22,0.975,0.9917
6549,2023-04-15,2226,District of Algoma Health Unit,0.0649,26.0,0.23,0.9176,0.9725
6550,2023-04-15,2244,Middlesex-London Health Unit,0.0703,110.0,0.22,0.8755,0.9756
6551,2023-04-15,2251,City of Ottawa Health Unit,0.0813,174.0,0.16,0.9622,0.986
6552,2023-04-15,2234,Haldimand-Norfolk Health Unit,0.1111,14.0,0.12,0.8679,0.9717
6553,2023-04-15,2233,Grey Bruce Health Unit,0.0817,37.0,0.22,0.855,0.9962
6554,2023-04-15,2238,Hastings and Prince Edward Counties Health Unit,0.0772,48.0,0.29,0.8571,0.9446
6555,2023-04-15,2236,Halton Regional Health Unit,0.123,70.0,0.11,0.7529,0.8608
6556,2023-04-15,35,Ontario,0.0934,3391.0,0.23,0.8806,0.974
6557,2023-04-15,2247,North Bay Parry Sound District Health Unit,0.0539,42.0,0.33,0.9367,0.9867
6558,2023-04-15,2240,Chatham-Kent Health Unit,0.101,30.0,0.28,0.8688,0.9864
6559,2023-04-15,5183,Huron Perth Health Unit,0.1046,44.0,0.31,0.7439,0.9585
6560,2023-04-15,4913,Southwestern Public Health,0.0714,48.0,0.23,0.8935,0.9931
6561,2023-04-15,2266,Wellington-Dufferin-Guelph Health Unit,0.0771,56.0,0.18,0.7939,0.9288
6562,2023-04-15,2265,Waterloo Health Unit,0.1058,96.0,0.16,0.7467,0.9461
6563,2023-04-15,2268,Windsor-Essex County Health Unit,0.0927,129.0,0.3,0.455,0.9606
6564,2023-04-15,2256,Porcupine Health Unit,0.0431,17.0,0.2,0.8824,0.9412
6565,2023-04-15,2261,Sudbury and District Health Unit,0.0522,115.0,0.58,0.9356,0.9829
6566,2023-04-15,2263,Timiskaming Health Unit,0.0588,5.0,0.15,0.9032,1.0
6567,2023-04-15,2270,York Regional Health Unit,0.1521,226.0,0.18,0.9075,0.9795
6568,2023-04-15,2235,"Haliburton, Kawartha, Pine Ridge District Health Unit",0.0911,69.0,0.37,0.9027,0.9864
6569,2023-04-15,2237,City of Hamilton Health Unit,0.092,107.0,0.18,0.9148,0.9751
6570,2023-04-15,2241,"Kingston, Frontenac and Lennox and Addington Health Unit",0.127,45.0,0.21,0.9,0.98
6571,2023-04-15,2253,Peel Regional Health Unit,0.0996,296.0,0.18,0.9369,0.9824
6572,2023-04-15,2258,Eastern Ontario Health Unit,0.0916,56.0,0.27,0.9516,0.9919
6573,2023-04-15,2255,Peterborough County-City Health Unit,0.0696,55.0,0.37,0.9683,0.9921
6574,2023-04-15,2257,Renfrew County and District Health Unit,0.3005,28.0,0.25,0.7077,0.9538
6575,2023-04-15,2242,Lambton Health Unit,0.1154,19.0,0.14,0.6587,0.9841
6576,2023-04-15,2243,"Leeds, Grenville and Lanark District Health Unit",0.0565,48.0,0.28,0.9342,0.9687
6577,2023-04-15,2230,Durham Regional Health Unit,0.0638,231.0,0.32,0.9136,0.9838
6578,2023-04-15,2246,Niagara Regional Area Health Unit,0.0956,103.0,0.22,0.7663,0.9605
6579,2023-04-15,3895,City of Toronto Health Unit,0.0946,721.0,0.23,0.9206,0.9811
6580,2023-04-15,2260,Simcoe Muskoka District Health Unit,0.0944,150.0,0.25,0.8996,0.9691
6581,2023-04-14,2253,Peel Regional Health Unit,0.0936,299.0,0.19,0.9378,0.9827
6582,2023-04-14,2261,Sudbury and District Health Unit,0.0469,113.0,0.57,0.9471,0.9861
6583,2023-04-14,2233,Grey Bruce Health Unit,0.0846,37.0,0.22,0.8621,0.9962
6584,2023-04-14,2258,Eastern Ontario Health Unit,0.0916,53.0,0.25,0.9503,0.9912
6585,2023-04-14,3895,City of Toronto Health Unit,0.0961,701.0,0.22,0.9248,0.9807
6586,2023-04-14,2251,City of Ottawa Health Unit,0.0873,175.0,0.17,0.9656,0.9874
6587,2023-04-14,2237,City of Hamilton Health Unit,0.0959,110.0,0.19,0.9251,0.975
6588,2023-04-14,2230,Durham Regional Health Unit,0.0598,225.0,0.32,0.9135,0.9856
6589,2023-04-14,2238,Hastings and Prince Edward Counties Health Unit,0.0729,49.0,0.29,0.836,0.9389
6590,2023-04-14,2227,Brant County Health Unit,0.0792,34.0,0.22,0.9636,0.9909
6591,2023-04-14,2236,Halton Regional Health Unit,0.1211,70.0,0.11,0.7465,0.8563
6592,2023-04-14,2234,Haldimand-Norfolk Health Unit,0.1038,15.0,0.13,0.8713,0.9802
6593,2023-04-14,2241,"Kingston, Frontenac and Lennox and Addington Health Unit",0.1316,43.0,0.2,0.8924,0.9826
6594,2023-04-14,2249,Northwestern Health Unit,0.0872,31.0,0.36,0.9299,0.9766
6595,2023-04-14,2247,North Bay Parry Sound District Health Unit,0.0629,43.0,0.33,0.9462,0.9857
6596,2023-04-14,2255,Peterborough County-City Health Unit,0.0714,56.0,0.38,0.9736,0.9941
6597,2023-04-14,2256,Porcupine Health Unit,0.0413,17.0,0.21,0.8909,0.9273
6598,2023-04-14,4913,Southwestern Public Health,0.0752,44.0,0.21,0.8793,0.9828
6599,2023-04-14,2260,Simcoe Muskoka District Health Unit,0.0886,150.0,0.25,0.8997,0.9679
6600,2023-04-14,2257,Renfrew County and District Health Unit,0.2976,29.0,0.27,0.7598,0.9497
6601,2023-04-14,2243,"Leeds, Grenville and Lanark District Health Unit",0.0565,48.0,0.28,0.9369,0.9685
6602,2023-04-14,2242,Lambton Health Unit,0.1077,19.0,0.14,0.641,0.9829
6603,2023-04-14,2266,Wellington-Dufferin-Guelph Health Unit,0.0798,57.0,0.18,0.8053,0.9307
6604,2023-04-14,2240,Chatham-Kent Health Unit,0.0987,32.0,0.3,0.8696,0.9903
6605,2023-04-14,2226,District of Algoma Health Unit,0.0699,27.0,0.23,0.914,0.9731
6606,2023-04-14,2265,Waterloo Health Unit,0.1109,97.0,0.17,0.7257,0.9183
6607,2023-04-14,2262,Thunder Bay District Health Unit,0.0836,77.0,0.51,0.9506,0.9905
6608,2023-04-14,35,Ontario,0.0931,3355.0,0.23,0.8837,0.973
6609,2023-04-14,5183,Huron Perth Health Unit,0.1043,40.0,0.28,0.7439,0.955
6610,2023-04-14,2244,Middlesex-London Health Unit,0.074,110.0,0.22,0.8769,0.979
6611,2023-04-14,2263,Timiskaming Health Unit,0.0588,5.0,0.15,0.8846,1.0
6612,2023-04-14,2246,Niagara Regional Area Health Unit,0.091,102.0,0.22,0.7332,0.9588
6613,2023-04-14,2235,"Haliburton, Kawartha, Pine Ridge District Health Unit",0.0872,67.0,0.36,0.9014,0.9812
6614,2023-04-14,2270,York Regional Health Unit,0.1479,216.0,0.18,0.9029,0.9807
6615,2023-04-14,2268,Windsor-Essex County Health Unit,0.0983,126.0,0.3,0.4728,0.9575
6616,2023-04-13,2255,Peterborough County-City Health Unit,0.0694,51.0,0.35,0.9615,0.9945
6617,2023-04-13,2251,City of Ottawa Health Unit,0.092,172.0,0.16,0.9659,0.9923
6618,2023-04-13,2230,Durham Regional Health Unit,0.0535,219.0,0.31,0.9052,0.9842
6619,2023-04-13,2258,Eastern Ontario Health Unit,0.0917,48.0,0.23,0.9544,0.9909
6620,2023-04-13,2236,Halton Regional Health Unit,0.1239,68.0,0.11,0.7373,0.8513
6621,2023-04-13,2235,"Haliburton, Kawartha, Pine Ridge District Health Unit",0.0909,61.0,0.32,0.8918,0.9808
6622,2023-04-13,2234,Haldimand-Norfolk Health Unit,0.1158,14.0,0.12,0.8588,0.9882
6623,2023-04-13,2241,"Kingston, Frontenac and Lennox and Addington Health Unit",0.1259,42.0,0.2,0.9112,0.9836
6624,2023-04-13,2242,Lambton Health Unit,0.1043,16.0,0.13,0.6574,0.9259
6625,2023-04-13,2246,Niagara Regional Area Health Unit,0.0932,92.0,0.19,0.7078,0.9432
6626,2023-04-13,2244,Middlesex-London Health Unit,0.0776,101.0,0.2,0.8746,0.9726
6627,2023-04-13,2253,Peel Regional Health Unit,0.089,297.0,0.18,0.9394,0.9832
6628,2023-04-13,2262,Thunder Bay District Health Unit,0.0821,75.0,0.5,0.9545,0.9867
6629,2023-04-13,4913,Southwestern Public Health,0.0697,41.0,0.19,0.8789,0.9827
6630,2023-04-13,2260,Simcoe Muskoka District Health Unit,0.0891,146.0,0.24,0.9007,0.9699
6631,2023-04-13,2261,Sudbury and District Health Unit,0.0476,105.0,0.53,0.9278,0.9806
6632,2023-04-13,2257,Renfrew County and District Health Unit,0.2835,28.0,0.26,0.8301,0.9412
6633,2023-04-13,2265,Waterloo Health Unit,0.1121,92.0,0.16,0.7492,0.9216
6634,2023-04-13,2263,Timiskaming Health Unit,0.0714,4.0,0.12,0.8966,1.0
6635,2023-04-13,2247,North Bay Parry Sound District Health Unit,0.0667,41.0,0.31,0.9296,0.9859
6636,2023-04-13,2268,Windsor-Essex County Health Unit,0.0949,120.0,0.28,0.5449,0.9627
6637,2023-04-13,2270,York Regional Health Unit,0.1426,199.0,0.16,0.892,0.9771
6638,2023-04-13,2256,Porcupine Health Unit,0.037,15.0,0.18,0.8455,0.9
6639,2023-04-13,2237,City of Hamilton Health Unit,0.0916,108.0,0.18,0.9079,0.9668
6640,2023-04-13,2243,"Leeds, Grenville and Lanark District Health Unit",0.0635,45.0,0.26,0.9321,0.9691
6641,2023-04-13,2249,Northwestern Health Unit,0.0857,30.0,0.34,0.9299,0.972
6642,2023-04-13,2238,Hastings and Prince Edward Counties Health Unit,0.0688,46.0,0.27,0.8429,0.9426
6643,2023-04-13,2266,Wellington-Dufferin-Guelph Health Unit,0.0763,56.0,0.18,0.8167,0.9326
6644,2023-04-13,2233,Grey Bruce Health Unit,0.0732,35.0,0.21,0.8436,0.9959
6645,2023-04-13,3895,City of Toronto Health Unit,0.0933,676.0,0.22,0.9261,0.9797
6646,2023-04-13,2227,Brant County Health Unit,0.0783,31.0,0.2,0.9455,0.9864
6647,2023-04-13,2240,Chatham-Kent Health Unit,0.109,30.0,0.28,0.8565,0.9907
6648,2023-04-13,35,Ontario,0.0915,3209.0,0.22,0.883,0.9715
6649,2023-04-13,5183,Huron Perth Health Unit,0.1237,40.0,0.29,0.773,0.9539
6650,2023-04-13,2226,District of Algoma Health Unit,0.0643,24.0,0.21,0.8889,0.9833
6651,2023-04-12,2266,Wellington-Dufferin-Guelph Health Unit,0.0747,55.0,0.18,0.8249,0.9543
6652,2023-04-12,35,Ontario,0.0887,3198.0,0.22,0.89,0.9727
6653,2023-04-12,2253,Peel Regional Health Unit,0.0801,305.0,0.19,0.9233,0.9787
6654,2023-04-12,2235,"Haliburton, Kawartha, Pine Ridge District Health Unit",0.0957,60.0,0.32,0.9025,0.9875
6655,2023-04-12,2258,Eastern Ontario Health Unit,0.089,48.0,0.23,0.9661,0.9972
6656,2023-04-12,2227,Brant County Health Unit,0.0487,32.0,0.21,0.9339,0.9868
6657,2023-04-12,3895,City of Toronto Health Unit,0.0927,667.0,0.21,0.9273,0.981
6658,2023-04-12,2234,Haldimand-Norfolk Health Unit,0.1023,13.0,0.11,0.8491,0.9906
6659,2023-04-12,2233,Grey Bruce Health Unit,0.082,35.0,0.21,0.8583,0.996
6660,2023-04-12,2237,City of Hamilton Health Unit,0.0892,107.0,0.18,0.9129,0.967
6661,2023-04-12,5183,Huron Perth Health Unit,0.1194,44.0,0.32,0.784,0.9547
6662,2023-04-12,2240,Chatham-Kent Health Unit,0.0981,31.0,0.29,0.8733,0.991
6663,2023-04-12,2244,Middlesex-London Health Unit,0.0785,96.0,0.19,0.8883,0.9806
6664,2023-04-12,2230,Durham Regional Health Unit,0.0525,223.0,0.31,0.9153,0.9829
6665,2023-04-12,2243,"Leeds, Grenville and Lanark District Health Unit",0.0625,46.0,0.26,0.9416,0.9675
6666,2023-04-12,2242,Lambton Health Unit,0.1043,16.0,0.13,0.6698,0.9151
6667,2023-04-12,2249,Northwestern Health Unit,0.075,29.0,0.33,0.9305,0.9679
6668,2023-04-12,2246,Niagara Regional Area Health Unit,0.0963,86.0,0.18,0.732,0.9478
6669,2023-04-12,2238,Hastings and Prince Edward Counties Health Unit,0.0798,50.0,0.3,0.8488,0.9477
6670,2023-04-12,2263,Timiskaming Health Unit,0.0769,4.0,0.11,0.875,1.0
6671,2023-04-12,2256,Porcupine Health Unit,0.0642,16.0,0.19,0.839,0.8898
6672,2023-04-12,2261,Sudbury and District Health Unit,0.0485,100.0,0.5,0.9223,0.9761
6673,2023-04-12,2265,Waterloo Health Unit,0.0995,92.0,0.16,0.7589,0.932
6674,2023-04-12,2270,York Regional Health Unit,0.1392,192.0,0.16,0.8897,0.9751
6675,2023-04-12,2226,District of Algoma Health Unit,0.0656,26.0,0.23,0.918,0.9891
6676,2023-04-12,2247,North Bay Parry Sound District Health Unit,0.0647,40.0,0.31,0.91,0.9733
6677,2023-04-12,2268,Windsor-Essex County Health Unit,0.1014,123.0,0.29,0.614,0.9555
6678,2023-04-12,4913,Southwestern Public Health,0.0912,41.0,0.19,0.8543,0.9801
6679,2023-04-12,2236,Halton Regional Health Unit,0.118,69.0,0.11,0.7485,0.8598
6680,2023-04-12,2257,Renfrew County and District Health Unit,0.2281,24.0,0.22,0.8816,0.9539
6681,2023-04-12,2241,"Kingston, Frontenac and Lennox and Addington Health Unit",0.1246,46.0,0.22,0.9301,0.9909
6682,2023-04-12,2262,Thunder Bay District Health Unit,0.079,74.0,0.49,0.9556,0.9884
6683,2023-04-12,2260,Simcoe Muskoka District Health Unit,0.0852,148.0,0.25,0.9114,0.9698
6684,2023-04-12,2255,Peterborough County-City Health Unit,0.0643,56.0,0.38,0.9627,0.9947
6685,2023-04-12,2251,City of Ottawa Health Unit,0.0873,165.0,0.16,0.9625,0.9954
6686,2023-04-11,2249,Northwestern Health Unit,0.0739,25.0,0.29,0.9341,0.9701
6687,2023-04-11,2244,Middlesex-London Health Unit,0.0767,91.0,0.18,0.8929,0.9798
6688,2023-04-11,2236,Halton Regional Health Unit,0.1245,70.0,0.11,0.7222,0.8429
6689,2023-04-11,2251,City of Ottawa Health Unit,0.0906,156.0,0.15,0.952,0.9906
6690,2023-04-11,2227,Brant County Health Unit,0.0538,32.0,0.21,0.8952,0.9718
6691,2023-04-11,2226,District of Algoma Health Unit,0.0618,25.0,0.22,0.929,0.9882
6692,2023-04-11,3895,City of Toronto Health Unit,0.0881,657.0,0.21,0.9205,0.9793
6693,2023-04-11,2240,Chatham-Kent Health Unit,0.0952,33.0,0.31,0.8861,0.9873
6694,2023-04-11,5183,Huron Perth Health Unit,0.1246,41.0,0.3,0.8215,0.9663
6695,2023-04-11,2238,Hastings and Prince Edward Counties Health Unit,0.0805,50.0,0.3,0.8333,0.9397
6696,2023-04-11,2242,Lambton Health Unit,0.0952,15.0,0.11,0.66,0.91
6697,2023-04-11,35,Ontario,0.0884,3159.0,0.21,0.8876,0.9708
6698,2023-04-11,2234,Haldimand-Norfolk Health Unit,0.1346,15.0,0.13,0.8235,0.9916
6699,2023-04-11,2247,North Bay Parry Sound District Health Unit,0.0881,42.0,0.32,0.9027,0.9698
6700,2023-04-11,2255,Peterborough County-City Health Unit,0.0596,55.0,0.37,0.9635,0.9976
6701,2023-04-11,2262,Thunder Bay District Health Unit,0.0867,71.0,0.47,0.9591,0.9877
6702,2023-04-11,2261,Sudbury and District Health Unit,0.0503,94.0,0.47,0.9055,0.9741
6703,2023-04-11,4913,Southwestern Public Health,0.0915,42.0,0.2,0.8137,0.9783
6704,2023-04-11,2266,Wellington-Dufferin-Guelph Health Unit,0.0711,56.0,0.18,0.7763,0.9498
6705,2023-04-11,2265,Waterloo Health Unit,0.092,87.0,0.15,0.7353,0.9319
6706,2023-04-11,2268,Windsor-Essex County Health Unit,0.1059,119.0,0.28,0.7656,0.9629
6707,2023-04-11,2270,York Regional Health Unit,0.1249,185.0,0.15,0.8858,0.9749
6708,2023-04-11,2257,Renfrew County and District Health Unit,0.1582,23.0,0.21,0.8947,0.9539
6709,2023-04-11,2233,Grey Bruce Health Unit,0.0735,35.0,0.21,0.8602,0.9915
6710,2023-04-11,2263,Timiskaming Health Unit,0.0833,3.0,0.1,0.8571,0.9524
6711,2023-04-11,2260,Simcoe Muskoka District Health Unit,0.0893,146.0,0.24,0.901,0.9642
6712,2023-04-11,2253,Peel Regional Health Unit,0.0775,317.0,0.2,0.923,0.978
6713,2023-04-11,2241,"Kingston, Frontenac and Lennox and Addington Health Unit",0.1302,48.0,0.23,0.9474,0.9907
6714,2023-04-11,2258,Eastern Ontario Health Unit,0.0984,54.0,0.26,0.9727,0.9973
6715,2023-04-11,2230,Durham Regional Health Unit,0.0587,219.0,0.31,0.9056,0.981
6716,2023-04-11,2246,Niagara Regional Area Health Unit,0.0973,84.0,0.18,0.7398,0.9608
6717,2023-04-11,2243,"Leeds, Grenville and Lanark District Health Unit",0.0684,44.0,0.25,0.9094,0.9709
6718,2023-04-11,2256,Porcupine Health Unit,0.0901,16.0,0.19,0.8,0.872
6719,2023-04-11,2235,"Haliburton, Kawartha, Pine Ridge District Health Unit",0.1014,61.0,0.32,0.8782,0.9822
6720,2023-04-11,2237,City of Hamilton Health Unit,0.0984,110.0,0.19,0.9129,0.9646
6721,2023-04-10,2270,York Regional Health Unit,0.1193,186.0,0.15,0.8885,0.9765
6722,2023-04-10,2255,Peterborough County-City Health Unit,0.0535,61.0,0.42,0.9554,0.9883
6723,2023-04-10,2247,North Bay Parry Sound District Health Unit,0.0764,43.0,0.33,0.9197,0.9799
6724,2023-04-10,2237,City of Hamilton Health Unit,0.1015,113.0,0.19,0.9197,0.9642
6725,2023-04-10,2242,Lambton Health Unit,0.0816,14.0,0.11,0.6518,0.9286
6726,2023-04-10,2258,Eastern Ontario Health Unit,0.1003,53.0,0.25,0.976,1.0
6727,2023-04-10,2233,Grey Bruce Health Unit,0.0837,36.0,0.21,0.8711,0.9922
6728,2023-04-10,2243,"Leeds, Grenville and Lanark District Health Unit",0.0602,43.0,0.25,0.8661,0.9617
6729,2023-04-10,2227,Brant County Health Unit,0.0546,34.0,0.22,0.9008,0.9695
6730,2023-04-10,3895,City of Toronto Health Unit,0.0846,669.0,0.21,0.9248,0.9809
6731,2023-04-10,2251,City of Ottawa Health Unit,0.0944,156.0,0.15,0.952,0.9858
6732,2023-04-10,2226,District of Algoma Health Unit,0.0568,25.0,0.22,0.9029,0.9771
6733,2023-04-10,2230,Durham Regional Health Unit,0.0534,217.0,0.3,0.9094,0.9839
6734,2023-04-10,2235,"Haliburton, Kawartha, Pine Ridge District Health Unit",0.0742,56.0,0.3,0.88,0.98
6735,2023-04-10,2241,"Kingston, Frontenac and Lennox and Addington Health Unit",0.1509,48.0,0.23,0.9449,0.989
6736,2023-04-10,2249,Northwestern Health Unit,0.0621,25.0,0.29,0.92,0.9657
6737,2023-04-10,2238,Hastings and Prince Edward Counties Health Unit,0.0716,52.0,0.31,0.8463,0.939
6738,2023-04-10,2246,Niagara Regional Area Health Unit,0.0961,80.0,0.17,0.7224,0.9465
6739,2023-04-10,2256,Porcupine Health Unit,0.0962,15.0,0.18,0.8448,0.9138
6740,2023-04-10,2253,Peel Regional Health Unit,0.0768,327.0,0.2,0.9214,0.9763
6741,2023-04-10,4913,Southwestern Public Health,0.0877,44.0,0.21,0.7975,0.9595
6742,2023-04-10,35,Ontario,0.0862,3215.0,0.22,0.8899,0.9701
6743,2023-04-10,2260,Simcoe Muskoka District Health Unit,0.0987,152.0,0.25,0.9097,0.9724
6744,2023-04-10,2265,Waterloo Health Unit,0.0852,87.0,0.15,0.7496,0.9463
6745,2023-04-10,2261,Sudbury and District Health Unit,0.0523,96.0,0.48,0.9119,0.9746
6746,2023-04-10,2257,Renfrew County and District Health Unit,0.0938,23.0,0.21,0.9481,0.9926
6747,2023-04-10,5183,Huron Perth Health Unit,0.1311,44.0,0.31,0.8244,0.9673
6748,2023-04-10,2244,Middlesex-London Health Unit,0.0795,93.0,0.18,0.8889,0.9753
6749,2023-04-10,2236,Halton Regional Health Unit,0.1198,75.0,0.12,0.7528,0.8782
6750,2023-04-10,2234,Haldimand-Norfolk Health Unit,0.1316,16.0,0.14,0.8376,0.9915
6751,2023-04-10,2240,Chatham-Kent Health Unit,0.0909,35.0,0.33,0.9053,0.9918
6752,2023-04-10,2266,Wellington-Dufferin-Guelph Health Unit,0.0706,59.0,0.19,0.772,0.9368
6753,2023-04-10,2262,Thunder Bay District Health Unit,0.0853,72.0,0.48,0.9722,0.9901
6754,2023-04-10,2268,Windsor-Essex County Health Unit,0.1056,123.0,0.29,0.7736,0.9147
6755,2023-04-10,2263,Timiskaming Health Unit,0.0952,3.0,0.09,0.9,0.9
6756,2023-04-09,2260,Simcoe Muskoka District Health Unit,0.1024,158.0,0.26,0.9155,0.9709
6757,2023-04-09,35,Ontario,0.0862,3316.0,0.22,0.8912,0.9693
6758,2023-04-09,4913,Southwestern Public Health,0.0854,45.0,0.21,0.8018,0.964
6759,2023-04-09,2237,City of Hamilton Health Unit,0.1047,115.0,0.19,0.9186,0.9612
6760,2023-04-09,2230,Durham Regional Health Unit,0.0509,230.0,0.32,0.9115,0.9824
6761,2023-04-09,2251,City of Ottawa Health Unit,0.089,164.0,0.16,0.953,0.9863
6762,2023-04-09,2240,Chatham-Kent Health Unit,0.098,35.0,0.33,0.9042,0.9917
6763,2023-04-09,2258,Eastern Ontario Health Unit,0.0811,48.0,0.23,0.9762,1.0
6764,2023-04-09,2226,District of Algoma Health Unit,0.061,23.0,0.2,0.9096,0.9759
6765,2023-04-09,2235,"Haliburton, Kawartha, Pine Ridge District Health Unit",0.0852,57.0,0.3,0.8835,0.9797
6766,2023-04-09,2234,Haldimand-Norfolk Health Unit,0.1197,17.0,0.15,0.8522,1.0
6767,2023-04-09,2233,Grey Bruce Health Unit,0.1024,36.0,0.21,0.8696,0.9921
6768,2023-04-09,2247,North Bay Parry Sound District Health Unit,0.0927,43.0,0.33,0.9013,0.9803
6769,2023-04-09,2246,Niagara Regional Area Health Unit,0.1039,85.0,0.18,0.7214,0.9403
6770,2023-04-09,2244,Middlesex-London Health Unit,0.082,92.0,0.18,0.8942,0.9678
6771,2023-04-09,2255,Peterborough County-City Health Unit,0.044,65.0,0.44,0.9574,0.9893
6772,2023-04-09,2253,Peel Regional Health Unit,0.0788,335.0,0.21,0.9225,0.975
6773,2023-04-09,2242,Lambton Health Unit,0.1028,15.0,0.12,0.6017,0.9237
6774,2023-04-09,2257,Renfrew County and District Health Unit,0.0629,20.0,0.19,0.9424,0.9928
6775,2023-04-09,2262,Thunder Bay District Health Unit,0.0845,73.0,0.48,0.9704,0.9921
6776,2023-04-09,2236,Halton Regional Health Unit,0.1158,78.0,0.13,0.7667,0.8807
6777,2023-04-09,2268,Windsor-Essex County Health Unit,0.1103,123.0,0.29,0.7696,0.9144
6778,2023-04-09,2265,Waterloo Health Unit,0.0701,94.0,0.16,0.7254,0.9427
6779,2023-04-09,2270,York Regional Health Unit,0.1115,186.0,0.15,0.9031,0.9764
6780,2023-04-09,5183,Huron Perth Health Unit,0.1373,48.0,0.34,0.7982,0.9644
6781,2023-04-09,2266,Wellington-Dufferin-Guelph Health Unit,0.0752,63.0,0.2,0.8052,0.9507
6782,2023-04-09,2261,Sudbury and District Health Unit,0.057,98.0,0.49,0.9118,0.9725
6783,2023-04-09,2241,"Kingston, Frontenac and Lennox and Addington Health Unit",0.1562,52.0,0.25,0.9385,0.986
6784,2023-04-09,3895,City of Toronto Health Unit,0.0852,686.0,0.22,0.9314,0.9818
6785,2023-04-09,2256,Porcupine Health Unit,0.1085,18.0,0.22,0.8069,0.8759
6786,2023-04-09,2249,Northwestern Health Unit,0.0852,25.0,0.29,0.898,0.9541
6787,2023-04-09,2243,"Leeds, Grenville and Lanark District Health Unit",0.0723,49.0,0.29,0.8543,0.9571
6788,2023-04-09,2238,Hastings and Prince Edward Counties Health Unit,0.0628,59.0,0.35,0.8537,0.9424
6789,2023-04-09,2227,Brant County Health Unit,0.0584,37.0,0.24,0.9049,0.9734
6790,2023-04-09,2263,Timiskaming Health Unit,0.0625,2.0,0.07,0.875,0.875
6791,2023-04-08,2249,Northwestern Health Unit,0.0974,28.0,0.32,0.904,0.9596
6792,2023-04-08,2268,Windsor-Essex County Health Unit,0.11,126.0,0.3,0.7594,0.9106
6793,2023-04-08,3895,City of Toronto Health Unit,0.0818,679.0,0.22,0.929,0.9822
6794,2023-04-08,2235,"Haliburton, Kawartha, Pine Ridge District Health Unit",0.0995,56.0,0.3,0.874,0.9794
6795,2023-04-08,2227,Brant County Health Unit,0.062,37.0,0.24,0.9031,0.9729
6796,2023-04-08,2266,Wellington-Dufferin-Guelph Health Unit,0.0748,63.0,0.2,0.8019,0.9487
6797,2023-04-08,2226,District of Algoma Health Unit,0.0368,23.0,0.2,0.9024,0.9756
6798,2023-04-08,2240,Chatham-Kent Health Unit,0.1,34.0,0.32,0.9,0.9913
6799,2023-04-08,2230,Durham Regional Health Unit,0.0541,232.0,0.33,0.8963,0.9791
6800,2023-04-08,2237,City of Hamilton Health Unit,0.1119,117.0,0.2,0.9198,0.9641
6801,2023-04-08,2234,Haldimand-Norfolk Health Unit,0.124,17.0,0.15,0.8699,1.0
6802,2023-04-08,2257,Renfrew County and District Health Unit,0.0567,20.0,0.19,0.947,1.0
6803,2023-04-08,2241,"Kingston, Frontenac and Lennox and Addington Health Unit",0.1484,52.0,0.24,0.9307,0.9867
6804,2023-04-08,2236,Halton Regional Health Unit,0.1205,79.0,0.13,0.764,0.8847
6805,2023-04-08,2260,Simcoe Muskoka District Health Unit,0.1049,161.0,0.27,0.9049,0.9683
6806,2023-04-08,4913,Southwestern Public Health,0.0823,47.0,0.22,0.7775,0.9624
6807,2023-04-08,2243,"Leeds, Grenville and Lanark District Health Unit",0.0758,49.0,0.28,0.8514,0.9571
6808,2023-04-08,2253,Peel Regional Health Unit,0.0827,335.0,0.21,0.9224,0.9769
6809,2023-04-08,35,Ontario,0.0879,3338.0,0.23,0.8881,0.9702
6810,2023-04-08,2262,Thunder Bay District Health Unit,0.0874,70.0,0.47,0.9582,0.988
6811,2023-04-08,2263,Timiskaming Health Unit,0.0625,2.0,0.07,0.8889,0.8889
6812,2023-04-08,2246,Niagara Regional Area Health Unit,0.1073,87.0,0.18,0.7242,0.9382
6813,2023-04-08,2261,Sudbury and District Health Unit,0.0597,98.0,0.49,0.9152,0.9741
6814,2023-04-08,5183,Huron Perth Health Unit,0.1437,47.0,0.33,0.8174,0.9623
6815,2023-04-08,2270,York Regional Health Unit,0.1066,186.0,0.15,0.8985,0.9823
6816,2023-04-08,2258,Eastern Ontario Health Unit,0.0812,49.0,0.24,0.9551,0.9972
6817,2023-04-08,2244,Middlesex-London Health Unit,0.0902,93.0,0.18,0.8864,0.9697
6818,2023-04-08,2247,North Bay Parry Sound District Health Unit,0.1148,44.0,0.34,0.9046,0.9803
6819,2023-04-08,2242,Lambton Health Unit,0.1091,16.0,0.12,0.6018,0.9204
6820,2023-04-08,2255,Peterborough County-City Health Unit,0.0599,64.0,0.44,0.9562,0.9891
6821,2023-04-08,2265,Waterloo Health Unit,0.0704,95.0,0.16,0.7162,0.9435
6822,2023-04-08,2251,City of Ottawa Health Unit,0.0887,171.0,0.16,0.9558,0.9875
6823,2023-04-08,2238,Hastings and Prince Edward Counties Health Unit,0.064,58.0,0.34,0.8592,0.9666
6824,2023-04-08,2233,Grey Bruce Health Unit,0.122,36.0,0.21,0.8667,0.9882
6825,2023-04-08,2256,Porcupine Health Unit,0.1042,21.0,0.25,0.8054,0.8792
6826,2023-04-07,3895,City of Toronto Health Unit,0.0794,684.0,0.22,0.9242,0.9806
6827,2023-04-07,2241,"Kingston, Frontenac and Lennox and Addington Health Unit",0.1425,55.0,0.26,0.9346,0.9831
6828,2023-04-07,2234,Haldimand-Norfolk Health Unit,0.136,18.0,0.16,0.8913,1.0
6829,2023-04-07,2226,District of Algoma Health Unit,0.0318,22.0,0.2,0.9038,0.9744
6830,2023-04-07,2257,Renfrew County and District Health Unit,0.0538,19.0,0.17,0.875,0.9653
6831,2023-04-07,2251,City of Ottawa Health Unit,0.0845,172.0,0.16,0.9556,0.9871
6832,2023-04-07,2233,Grey Bruce Health Unit,0.1186,36.0,0.21,0.8471,0.9843
6833,2023-04-07,5183,Huron Perth Health Unit,0.1536,51.0,0.37,0.8039,0.9641
6834,2023-04-07,2227,Brant County Health Unit,0.0549,36.0,0.23,0.9111,0.9741
6835,2023-04-07,2238,Hastings and Prince Edward Counties Health Unit,0.0622,62.0,0.37,0.8764,0.968
6836,2023-04-07,2240,Chatham-Kent Health Unit,0.1,33.0,0.31,0.8989,0.9888
6837,2023-04-07,2244,Middlesex-London Health Unit,0.0884,94.0,0.18,0.8671,0.9712
6838,2023-04-07,2242,Lambton Health Unit,0.1121,17.0,0.13,0.6484,0.9297
6839,2023-04-07,2262,Thunder Bay District Health Unit,0.0905,71.0,0.47,0.9541,0.988
6840,2023-04-07,2255,Peterborough County-City Health Unit,0.0658,65.0,0.44,0.9563,0.9896
6841,2023-04-07,2266,Wellington-Dufferin-Guelph Health Unit,0.0778,61.0,0.19,0.7647,0.9412
6842,2023-04-07,2268,Windsor-Essex County Health Unit,0.1102,128.0,0.3,0.7268,0.9189
6843,2023-04-07,35,Ontario,0.0876,3372.0,0.23,0.8844,0.9699
6844,2023-04-07,2265,Waterloo Health Unit,0.0641,96.0,0.16,0.7369,0.9642
6845,2023-04-07,2247,North Bay Parry Sound District Health Unit,0.1285,46.0,0.35,0.8918,0.9766
6846,2023-04-07,2270,York Regional Health Unit,0.1008,188.0,0.15,0.896,0.9763
6847,2023-04-07,2260,Simcoe Muskoka District Health Unit,0.1079,159.0,0.26,0.9052,0.9698
6848,2023-04-07,2249,Northwestern Health Unit,0.0936,29.0,0.33,0.9032,0.9493
6849,2023-04-07,2246,Niagara Regional Area Health Unit,0.1097,87.0,0.18,0.7589,0.9393
6850,2023-04-07,2237,City of Hamilton Health Unit,0.119,119.0,0.2,0.9187,0.9628
6851,2023-04-07,2230,Durham Regional Health Unit,0.0558,238.0,0.33,0.8907,0.9735
6852,2023-04-07,2261,Sudbury and District Health Unit,0.0576,99.0,0.5,0.9237,0.975
6853,2023-04-07,2263,Timiskaming Health Unit,0.0588,2.0,0.07,0.7692,0.9231
6854,2023-04-07,2253,Peel Regional Health Unit,0.0857,338.0,0.21,0.9181,0.977
6855,2023-04-07,2235,"Haliburton, Kawartha, Pine Ridge District Health Unit",0.0923,56.0,0.29,0.8763,0.9848
6856,2023-04-07,4913,Southwestern Public Health,0.0838,48.0,0.23,0.8127,0.9696
6857,2023-04-07,2236,Halton Regional Health Unit,0.1119,80.0,0.13,0.7793,0.8983
6858,2023-04-07,2256,Porcupine Health Unit,0.1143,20.0,0.24,0.7346,0.8704
6859,2023-04-07,2258,Eastern Ontario Health Unit,0.0761,51.0,0.24,0.957,0.9949
6860,2023-04-07,2243,"Leeds, Grenville and Lanark District Health Unit",0.0674,49.0,0.28,0.8496,0.961
6861,2023-04-06,2247,North Bay Parry Sound District Health Unit,0.1324,51.0,0.39,0.9024,0.9702
6862,2023-04-06,2237,City of Hamilton Health Unit,0.1267,127.0,0.22,0.9348,0.969
6863,2023-04-06,2251,City of Ottawa Health Unit,0.0808,175.0,0.17,0.9549,0.985
6864,2023-04-06,3895,City of Toronto Health Unit,0.0801,712.0,0.23,0.9221,0.979
6865,2023-04-06,2227,Brant County Health Unit,0.063,39.0,0.25,0.8865,0.9716
6866,2023-04-06,2261,Sudbury and District Health Unit,0.0613,105.0,0.53,0.9307,0.981
6867,2023-04-06,2258,Eastern Ontario Health Unit,0.0898,57.0,0.27,0.955,0.995
6868,2023-04-06,2242,Lambton Health Unit,0.126,18.0,0.14,0.6452,0.9758
6869,2023-04-06,2243,"Leeds, Grenville and Lanark District Health Unit",0.0637,52.0,0.3,0.8491,0.965
6870,2023-04-06,2230,Durham Regional Health Unit,0.0576,245.0,0.34,0.8982,0.9737
6871,2023-04-06,2238,Hastings and Prince Edward Counties Health Unit,0.0703,65.0,0.39,0.87,0.9664
6872,2023-04-06,2235,"Haliburton, Kawartha, Pine Ridge District Health Unit",0.104,58.0,0.31,0.8772,0.985
6873,2023-04-06,2241,"Kingston, Frontenac and Lennox and Addington Health Unit",0.1394,59.0,0.28,0.9104,0.9851
6874,2023-04-06,2249,Northwestern Health Unit,0.0893,32.0,0.36,0.8996,0.9345
6875,2023-04-06,2246,Niagara Regional Area Health Unit,0.1111,89.0,0.19,0.7804,0.9487
6876,2023-04-06,2244,Middlesex-London Health Unit,0.0877,101.0,0.2,0.8506,0.9764
6877,2023-04-06,2233,Grey Bruce Health Unit,0.1351,37.0,0.22,0.8593,0.9848
6878,2023-04-06,2253,Peel Regional Health Unit,0.0869,357.0,0.22,0.9155,0.9765
6879,2023-04-06,4913,Southwestern Public Health,0.0827,57.0,0.27,0.8109,0.9701
6880,2023-04-06,2260,Simcoe Muskoka District Health Unit,0.1076,169.0,0.28,0.8874,0.9657
6881,2023-04-06,2266,Wellington-Dufferin-Guelph Health Unit,0.0809,64.0,0.2,0.7657,0.9393
6882,2023-04-06,2263,Timiskaming Health Unit,0.0455,3.0,0.1,0.7188,0.9063
6883,2023-04-06,2265,Waterloo Health Unit,0.0753,102.0,0.18,0.7135,0.951
6884,2023-04-06,2256,Porcupine Health Unit,0.1267,21.0,0.26,0.7516,0.882
6885,2023-04-06,2270,York Regional Health Unit,0.0966,209.0,0.17,0.9019,0.977
6886,2023-04-06,2268,Windsor-Essex County Health Unit,0.1137,141.0,0.33,0.7726,0.9159
6887,2023-04-06,2234,Haldimand-Norfolk Health Unit,0.1429,20.0,0.18,0.8947,0.9934
6888,2023-04-06,2226,District of Algoma Health Unit,0.0491,23.0,0.2,0.9255,0.9689
6889,2023-04-06,2255,Peterborough County-City Health Unit,0.0766,69.0,0.47,0.9573,0.9864
6890,2023-04-06,2257,Renfrew County and District Health Unit,0.0606,19.0,0.17,0.8521,0.9507
6891,2023-04-06,35,Ontario,0.0894,3565.0,0.24,0.885,0.9697
6892,2023-04-06,5183,Huron Perth Health Unit,0.1433,51.0,0.36,0.7781,0.9607
6893,2023-04-06,2240,Chatham-Kent Health Unit,0.1031,37.0,0.35,0.9053,0.9886
6894,2023-04-06,2262,Thunder Bay District Health Unit,0.0872,74.0,0.49,0.9406,0.9847
6895,2023-04-06,2236,Halton Regional Health Unit,0.1048,86.0,0.14,0.7821,0.9057
6896,2023-04-05,2268,Windsor-Essex County Health Unit,0.1184,150.0,0.35,0.7389,0.9283
6897,2023-04-05,35,Ontario,0.0909,3641.0,0.25,0.878,0.9678
6898,2023-04-05,2244,Middlesex-London Health Unit,0.0864,104.0,0.21,0.8331,0.9686
6899,2023-04-05,2258,Eastern Ontario Health Unit,0.0827,57.0,0.27,0.9218,0.9853
6900,2023-04-05,2230,Durham Regional Health Unit,0.0536,242.0,0.34,0.8953,0.9744
6901,2023-04-05,2251,City of Ottawa Health Unit,0.0812,183.0,0.17,0.9427,0.9796
6902,2023-04-05,2247,North Bay Parry Sound District Health Unit,0.1459,53.0,0.41,0.9159,0.9768
6903,2023-04-05,2240,Chatham-Kent Health Unit,0.1027,38.0,0.35,0.9039,0.9893
6904,2023-04-05,2249,Northwestern Health Unit,0.1121,33.0,0.38,0.8871,0.9315
6905,2023-04-05,2235,"Haliburton, Kawartha, Pine Ridge District Health Unit",0.1067,58.0,0.3,0.8744,0.9852
6906,2023-04-05,2262,Thunder Bay District Health Unit,0.0841,73.0,0.49,0.9385,0.9841
6907,2023-04-05,2226,District of Algoma Health Unit,0.0675,23.0,0.2,0.8909,0.9636
6908,2023-04-05,2241,"Kingston, Frontenac and Lennox and Addington Health Unit",0.1418,57.0,0.27,0.9093,0.9828
6909,2023-04-05,2242,Lambton Health Unit,0.1405,17.0,0.13,0.6341,0.9837
6910,2023-04-05,2246,Niagara Regional Area Health Unit,0.1199,92.0,0.19,0.7848,0.9492
6911,2023-04-05,2253,Peel Regional Health Unit,0.0944,365.0,0.23,0.9271,0.975
6912,2023-04-05,5183,Huron Perth Health Unit,0.1351,50.0,0.36,0.7851,0.9629
6913,2023-04-05,2236,Halton Regional Health Unit,0.1144,87.0,0.14,0.747,0.872
6914,2023-04-05,2237,City of Hamilton Health Unit,0.1279,136.0,0.23,0.9225,0.9676
6915,2023-04-05,2265,Waterloo Health Unit,0.0792,106.0,0.18,0.7018,0.9525
6916,2023-04-05,2270,York Regional Health Unit,0.0899,223.0,0.18,0.8928,0.9741
6917,2023-04-05,4913,Southwestern Public Health,0.0777,57.0,0.27,0.8147,0.967
6918,2023-04-05,2263,Timiskaming Health Unit,0.0357,4.0,0.12,0.5179,0.8929
6919,2023-04-05,2257,Renfrew County and District Health Unit,0.0543,18.0,0.17,0.7677,0.9097
6920,2023-04-05,2255,Peterborough County-City Health Unit,0.084,68.0,0.46,0.954,0.9854
6921,2023-04-05,2260,Simcoe Muskoka District Health Unit,0.1136,171.0,0.29,0.8757,0.9675
6922,2023-04-05,2243,"Leeds, Grenville and Lanark District Health Unit",0.0722,53.0,0.31,0.8378,0.9622
6923,2023-04-05,2238,Hastings and Prince Edward Counties Health Unit,0.074,64.0,0.38,0.8822,0.969
6924,2023-04-05,2266,Wellington-Dufferin-Guelph Health Unit,0.0909,66.0,0.21,0.7554,0.9356
6925,2023-04-05,2261,Sudbury and District Health Unit,0.0666,107.0,0.54,0.9341,0.9823
6926,2023-04-05,2256,Porcupine Health Unit,0.109,22.0,0.27,0.7,0.8813
6927,2023-04-05,2233,Grey Bruce Health Unit,0.1292,39.0,0.23,0.8478,0.9819
6928,2023-04-05,2227,Brant County Health Unit,0.0682,38.0,0.24,0.8576,0.9661
6929,2023-04-05,3895,City of Toronto Health Unit,0.0768,723.0,0.23,0.9271,0.9804
6930,2023-04-05,2234,Haldimand-Norfolk Health Unit,0.1533,21.0,0.19,0.8718,0.9872
6931,2023-04-04,2234,Haldimand-Norfolk Health Unit,0.1409,21.0,0.19,0.865,0.9755
6932,2023-04-04,2230,Durham Regional Health Unit,0.0501,243.0,0.34,0.8513,0.9778
6933,2023-04-04,2235,"Haliburton, Kawartha, Pine Ridge District Health Unit",0.113,59.0,0.31,0.8829,0.9836
6934,2023-04-04,2237,City of Hamilton Health Unit,0.1378,144.0,0.24,0.927,0.9738
6935,2023-04-04,2240,Chatham-Kent Health Unit,0.1033,39.0,0.36,0.9044,0.9926
6936,2023-04-04,2227,Brant County Health Unit,0.059,41.0,0.27,0.8279,0.9513
6937,2023-04-04,3895,City of Toronto Health Unit,0.0748,743.0,0.24,0.9243,0.9807
6938,2023-04-04,2260,Simcoe Muskoka District Health Unit,0.1173,181.0,0.3,0.8738,0.9721
6939,2023-04-04,2233,Grey Bruce Health Unit,0.1408,40.0,0.23,0.8333,0.983
6940,2023-04-04,2238,Hastings and Prince Edward Counties Health Unit,0.0629,73.0,0.43,0.9089,0.9762
6941,2023-04-04,2243,"Leeds, Grenville and Lanark District Health Unit",0.0625,55.0,0.32,0.8721,0.9616
6942,2023-04-04,2257,Renfrew County and District Health Unit,0.0682,19.0,0.17,0.7192,0.863
6943,2023-04-04,2249,Northwestern Health Unit,0.1189,35.0,0.4,0.8577,0.9176
6944,2023-04-04,35,Ontario,0.0902,3756.0,0.25,0.8723,0.9681
6945,2023-04-04,2270,York Regional Health Unit,0.0843,235.0,0.19,0.8908,0.974
6946,2023-04-04,2268,Windsor-Essex County Health Unit,0.1137,152.0,0.36,0.7098,0.9268
6947,2023-04-04,2255,Peterborough County-City Health Unit,0.1032,68.0,0.46,0.947,0.9845
6948,2023-04-04,2256,Porcupine Health Unit,0.092,23.0,0.28,0.6728,0.8889
6949,2023-04-04,2241,"Kingston, Frontenac and Lennox and Addington Health Unit",0.1469,60.0,0.28,0.9069,0.98
6950,2023-04-04,2261,Sudbury and District Health Unit,0.0694,113.0,0.57,0.9357,0.9833
6951,2023-04-04,2266,Wellington-Dufferin-Guelph Health Unit,0.0937,66.0,0.21,0.777,0.9234
6952,2023-04-04,2263,Timiskaming Health Unit,0.027,5.0,0.16,0.3294,0.9059
6953,2023-04-04,2253,Peel Regional Health Unit,0.0907,365.0,0.23,0.9275,0.9758
6954,2023-04-04,2246,Niagara Regional Area Health Unit,0.1163,95.0,0.2,0.7832,0.9444
6955,2023-04-04,2244,Middlesex-London Health Unit,0.0935,112.0,0.22,0.8181,0.9627
6956,2023-04-04,2258,Eastern Ontario Health Unit,0.0576,57.0,0.27,0.9155,0.9831
6957,2023-04-04,5183,Huron Perth Health Unit,0.1324,53.0,0.38,0.7688,0.9651
6958,2023-04-04,2247,North Bay Parry Sound District Health Unit,0.1331,50.0,0.39,0.9176,0.9801
6959,2023-04-04,4913,Southwestern Public Health,0.0751,59.0,0.28,0.8245,0.9639
6960,2023-04-04,2262,Thunder Bay District Health Unit,0.0987,78.0,0.52,0.9048,0.983
6961,2023-04-04,2226,District of Algoma Health Unit,0.076,24.0,0.21,0.8602,0.9677
6962,2023-04-04,2265,Waterloo Health Unit,0.085,108.0,0.18,0.6782,0.9397
6963,2023-04-04,2236,Halton Regional Health Unit,0.118,90.0,0.14,0.7956,0.8947
6964,2023-04-04,2251,City of Ottawa Health Unit,0.0804,190.0,0.18,0.9429,0.9795
6965,2023-04-04,2242,Lambton Health Unit,0.136,18.0,0.14,0.609,0.9699
6966,2023-04-03,2257,Renfrew County and District Health Unit,0.0672,19.0,0.18,0.7329,0.8758
6967,2023-04-03,2234,Haldimand-Norfolk Health Unit,0.1688,23.0,0.2,0.8667,0.9778
6968,2023-04-03,35,Ontario,0.0927,3860.0,0.26,0.8805,0.9737
6969,2023-04-03,2247,North Bay Parry Sound District Health Unit,0.1313,51.0,0.39,0.9216,0.9832
6970,2023-04-03,5183,Huron Perth Health Unit,0.1397,52.0,0.37,0.7768,0.9755
6971,2023-04-03,2235,"Haliburton, Kawartha, Pine Ridge District Health Unit",0.1152,62.0,0.33,0.8815,0.9863
6972,2023-04-03,2226,District of Algoma Health Unit,0.0904,25.0,0.22,0.8791,0.9725
6973,2023-04-03,3895,City of Toronto Health Unit,0.0722,760.0,0.24,0.9303,0.9833
6974,2023-04-03,2251,City of Ottawa Health Unit,0.0785,198.0,0.19,0.9412,0.9837
6975,2023-04-03,2233,Grey Bruce Health Unit,0.1469,41.0,0.24,0.8025,0.9713
6976,2023-04-03,2238,Hastings and Prince Edward Counties Health Unit,0.0547,73.0,0.43,0.9078,0.9795
6977,2023-04-03,2258,Eastern Ontario Health Unit,0.0721,59.0,0.28,0.925,0.9833
6978,2023-04-03,2236,Halton Regional Health Unit,0.1313,94.0,0.15,0.8122,0.9023
6979,2023-04-03,2240,Chatham-Kent Health Unit,0.1026,39.0,0.37,0.9,0.9931
6980,2023-04-03,2243,"Leeds, Grenville and Lanark District Health Unit",0.0769,58.0,0.33,0.9149,0.9757
6981,2023-04-03,2256,Porcupine Health Unit,0.0958,24.0,0.29,0.6707,0.8902
6982,2023-04-03,2242,Lambton Health Unit,0.1339,18.0,0.14,0.6779,0.9799
6983,2023-04-03,2249,Northwestern Health Unit,0.129,35.0,0.4,0.8745,0.9255
6984,2023-04-03,2255,Peterborough County-City Health Unit,0.1126,65.0,0.44,0.95,0.9891
6985,2023-04-03,2261,Sudbury and District Health Unit,0.0663,110.0,0.55,0.9342,0.9832
6986,2023-04-03,4913,Southwestern Public Health,0.0723,59.0,0.28,0.8333,0.9786
6987,2023-04-03,2260,Simcoe Muskoka District Health Unit,0.1189,190.0,0.32,0.8785,0.9732
6988,2023-04-03,2244,Middlesex-London Health Unit,0.0995,115.0,0.23,0.8124,0.9656
6989,2023-04-03,2268,Windsor-Essex County Health Unit,0.1098,157.0,0.37,0.7551,0.9777
6990,2023-04-03,2266,Wellington-Dufferin-Guelph Health Unit,0.0981,67.0,0.21,0.813,0.9496
6991,2023-04-03,2227,Brant County Health Unit,0.0894,43.0,0.28,0.8228,0.9462
6992,2023-04-03,2241,"Kingston, Frontenac and Lennox and Addington Health Unit",0.1305,65.0,0.3,0.915,0.9826
6993,2023-04-03,2262,Thunder Bay District Health Unit,0.1107,80.0,0.53,0.9028,0.9823
6994,2023-04-03,2265,Waterloo Health Unit,0.0943,106.0,0.18,0.6607,0.9363
6995,2023-04-03,2263,Timiskaming Health Unit,0.04,7.0,0.22,0.3171,0.9146
6996,2023-04-03,2230,Durham Regional Health Unit,0.056,240.0,0.34,0.8519,0.9772
6997,2023-04-03,2237,City of Hamilton Health Unit,0.1385,154.0,0.26,0.9366,0.9824
6998,2023-04-03,2270,York Regional Health Unit,0.0874,253.0,0.21,0.901,0.9764
6999,2023-04-03,2253,Peel Regional Health Unit,0.0934,373.0,0.23,0.9372,0.9807
7000,2023-04-03,2246,Niagara Regional Area Health Unit,0.1175,102.0,0.22,0.8143,0.9564
7001,2023-04-02,2262,Thunder Bay District Health Unit,0.1217,81.0,0.54,0.897,0.9791
7002,2023-04-02,2241,"Kingston, Frontenac and Lennox and Addington Health Unit",0.1224,68.0,0.32,0.9224,0.9837
7003,2023-04-02,2233,Grey Bruce Health Unit,0.1333,43.0,0.25,0.7962,0.9655
7004,2023-04-02,4913,Southwestern Public Health,0.0587,66.0,0.31,0.8298,0.9748
7005,2023-04-02,3895,City of Toronto Health Unit,0.0682,788.0,0.25,0.9273,0.9833
7006,2023-04-02,2227,Brant County Health Unit,0.1022,45.0,0.29,0.8245,0.9467
7007,2023-04-02,2230,Durham Regional Health Unit,0.0597,254.0,0.36,0.8481,0.9763
7008,2023-04-02,2238,Hastings and Prince Edward Counties Health Unit,0.0723,69.0,0.41,0.9079,0.9812
7009,2023-04-02,2258,Eastern Ontario Health Unit,0.0814,68.0,0.33,0.9258,0.9814
7010,2023-04-02,2236,Halton Regional Health Unit,0.1257,95.0,0.15,0.7994,0.8951
7011,2023-04-02,2235,"Haliburton, Kawartha, Pine Ridge District Health Unit",0.1304,62.0,0.33,0.8848,0.9885
7012,2023-04-02,2243,"Leeds, Grenville and Lanark District Health Unit",0.0543,50.0,0.29,0.9024,0.9675
7013,2023-04-02,2247,North Bay Parry Sound District Health Unit,0.1227,54.0,0.41,0.9472,0.9806
7014,2023-04-02,2261,Sudbury and District Health Unit,0.0636,110.0,0.55,0.9294,0.9791
7015,2023-04-02,2246,Niagara Regional Area Health Unit,0.131,105.0,0.22,0.8062,0.9529
7016,2023-04-02,2256,Porcupine Health Unit,0.0926,23.0,0.28,0.6536,0.9216
7017,2023-04-02,2253,Peel Regional Health Unit,0.0927,390.0,0.24,0.9348,0.9796
7018,2023-04-02,2255,Peterborough County-City Health Unit,0.1353,62.0,0.42,0.948,0.9887
7019,2023-04-02,2260,Simcoe Muskoka District Health Unit,0.1179,195.0,0.33,0.8758,0.9778
7020,2023-04-02,2266,Wellington-Dufferin-Guelph Health Unit,0.0951,68.0,0.22,0.8072,0.9492
7021,2023-04-02,2263,Timiskaming Health Unit,0.0244,12.0,0.36,0.3214,0.9167
7022,2023-04-02,2249,Northwestern Health Unit,0.0913,38.0,0.43,0.8845,0.9323
7023,2023-04-02,2270,York Regional Health Unit,0.0802,278.0,0.23,0.898,0.9736
7024,2023-04-02,2265,Waterloo Health Unit,0.1123,104.0,0.18,0.683,0.9403
7025,2023-04-02,2251,City of Ottawa Health Unit,0.077,200.0,0.19,0.9309,0.9753
7026,2023-04-02,2244,Middlesex-London Health Unit,0.0982,127.0,0.25,0.7105,0.9737
7027,2023-04-02,5183,Huron Perth Health Unit,0.1232,49.0,0.35,0.8056,0.9843
7028,2023-04-02,2268,Windsor-Essex County Health Unit,0.1053,176.0,0.41,0.757,0.9839
7029,2023-04-02,2257,Renfrew County and District Health Unit,0.0645,22.0,0.2,0.7256,0.8659
7030,2023-04-02,2242,Lambton Health Unit,0.1316,22.0,0.17,0.7222,0.9861
7031,2023-04-02,35,Ontario,0.0923,4027.0,0.27,0.8748,0.9734
7032,2023-04-02,2234,Haldimand-Norfolk Health Unit,0.1676,25.0,0.22,0.8513,0.9744
7033,2023-04-02,2226,District of Algoma Health Unit,0.1036,28.0,0.24,0.8854,0.974
7034,2023-04-02,2240,Chatham-Kent Health Unit,0.1073,41.0,0.39,0.9034,0.9931
7035,2023-04-02,2237,City of Hamilton Health Unit,0.1487,168.0,0.28,0.9353,0.984
7036,2023-04-01,2255,Peterborough County-City Health Unit,0.1213,64.0,0.43,0.9427,0.9862
7037,2023-04-01,2246,Niagara Regional Area Health Unit,0.139,105.0,0.22,0.777,0.9525
7038,2023-04-01,2247,North Bay Parry Sound District Health Unit,0.1105,54.0,0.42,0.9504,0.9791
7039,2023-04-01,2235,"Haliburton, Kawartha, Pine Ridge District Health Unit",0.1195,65.0,0.34,0.8783,0.9891
7040,2023-04-01,35,Ontario,0.0923,4094.0,0.28,0.8722,0.9708
7041,2023-04-01,2262,Thunder Bay District Health Unit,0.1217,81.0,0.54,0.8981,0.9789
7042,2023-04-01,2244,Middlesex-London Health Unit,0.0976,133.0,0.26,0.7103,0.9686
7043,2023-04-01,2260,Simcoe Muskoka District Health Unit,0.1108,197.0,0.33,0.8854,0.9792
7044,2023-04-01,2237,City of Hamilton Health Unit,0.1443,174.0,0.29,0.9332,0.9788
7045,2023-04-01,2251,City of Ottawa Health Unit,0.0789,199.0,0.19,0.9293,0.9753
7046,2023-04-01,2240,Chatham-Kent Health Unit,0.1054,42.0,0.4,0.899,0.9935
7047,2023-04-01,2227,Brant County Health Unit,0.1146,45.0,0.29,0.8212,0.9424
7048,2023-04-01,2226,District of Algoma Health Unit,0.1263,28.0,0.25,0.8744,0.9758
7049,2023-04-01,2263,Timiskaming Health Unit,0.012,12.0,0.36,0.3256,0.9186
7050,2023-04-01,2241,"Kingston, Frontenac and Lennox and Addington Health Unit",0.1301,70.0,0.33,0.9226,0.9796
7051,2023-04-01,2234,Haldimand-Norfolk Health Unit,0.1762,28.0,0.24,0.8565,0.9665
7052,2023-04-01,5183,Huron Perth Health Unit,0.119,48.0,0.34,0.8019,0.9843
7053,2023-04-01,2242,Lambton Health Unit,0.1355,22.0,0.17,0.725,0.9875
7054,2023-04-01,2258,Eastern Ontario Health Unit,0.0822,71.0,0.34,0.9379,0.982
7055,2023-04-01,2253,Peel Regional Health Unit,0.0928,391.0,0.24,0.9327,0.976
7056,2023-04-01,2243,"Leeds, Grenville and Lanark District Health Unit",0.0592,48.0,0.28,0.9096,0.9718
7057,2023-04-01,2236,Halton Regional Health Unit,0.1193,95.0,0.15,0.7733,0.8756
7058,2023-04-01,2257,Renfrew County and District Health Unit,0.0755,23.0,0.21,0.6321,0.7927
7059,2023-04-01,2265,Waterloo Health Unit,0.117,110.0,0.19,0.6864,0.9331
7060,2023-04-01,2270,York Regional Health Unit,0.0793,285.0,0.23,0.901,0.9697
7061,2023-04-01,2268,Windsor-Essex County Health Unit,0.1047,190.0,0.45,0.7691,0.986
7062,2023-04-01,2266,Wellington-Dufferin-Guelph Health Unit,0.0977,67.0,0.22,0.8013,0.9519
7063,2023-04-01,2233,Grey Bruce Health Unit,0.1218,45.0,0.26,0.7945,0.9571
7064,2023-04-01,2230,Durham Regional Health Unit,0.0613,254.0,0.36,0.8423,0.9783
7065,2023-04-01,2249,Northwestern Health Unit,0.096,36.0,0.41,0.8835,0.9317
7066,2023-04-01,2261,Sudbury and District Health Unit,0.0638,110.0,0.55,0.9308,0.9808
7067,2023-04-01,2256,Porcupine Health Unit,0.0855,22.0,0.26,0.6275,0.902
7068,2023-04-01,4913,Southwestern Public Health,0.064,69.0,0.33,0.8313,0.9776
7069,2023-04-01,2238,Hastings and Prince Edward Counties Health Unit,0.0802,73.0,0.43,0.9228,0.9776
7070,2023-04-01,3895,City of Toronto Health Unit,0.0675,798.0,0.26,0.9264,0.9815
7071,2023-03-31,2260,Simcoe Muskoka District Health Unit,0.1118,206.0,0.34,0.8847,0.9789
7072,2023-03-31,2235,"Haliburton, Kawartha, Pine Ridge District Health Unit",0.1225,65.0,0.35,0.871,0.9892
7073,2023-03-31,2251,City of Ottawa Health Unit,0.0848,201.0,0.19,0.9262,0.9754
7074,2023-03-31,2270,York Regional Health Unit,0.0834,293.0,0.24,0.9009,0.9716
7075,2023-03-31,2237,City of Hamilton Health Unit,0.141,177.0,0.3,0.9313,0.9806
7076,2023-03-31,2233,Grey Bruce Health Unit,0.1262,46.0,0.27,0.8017,0.9598
7077,2023-03-31,2240,Chatham-Kent Health Unit,0.1036,44.0,0.42,0.8801,0.9937
7078,2023-03-31,2227,Brant County Health Unit,0.1327,46.0,0.3,0.8212,0.9424
7079,2023-03-31,2226,District of Algoma Health Unit,0.1286,30.0,0.26,0.834,0.9751
7080,2023-03-31,2230,Durham Regional Health Unit,0.0587,256.0,0.36,0.8433,0.9831
7081,2023-03-31,3895,City of Toronto Health Unit,0.0682,813.0,0.26,0.9177,0.9769
7082,2023-03-31,2241,"Kingston, Frontenac and Lennox and Addington Health Unit",0.1195,72.0,0.34,0.9225,0.9801
7083,2023-03-31,2238,Hastings and Prince Edward Counties Health Unit,0.085,71.0,0.42,0.929,0.9791
7084,2023-03-31,5183,Huron Perth Health Unit,0.1059,46.0,0.33,0.8232,0.9848
7085,2023-03-31,35,Ontario,0.0929,4176.0,0.28,0.8669,0.9694
7086,2023-03-31,2243,"Leeds, Grenville and Lanark District Health Unit",0.0644,51.0,0.29,0.9123,0.9726
7087,2023-03-31,2249,Northwestern Health Unit,0.1174,35.0,0.4,0.8889,0.9383
7088,2023-03-31,2246,Niagara Regional Area Health Unit,0.1431,104.0,0.22,0.7478,0.9389
7089,2023-03-31,2257,Renfrew County and District Health Unit,0.0556,23.0,0.21,0.6018,0.7285
7090,2023-03-31,2253,Peel Regional Health Unit,0.0918,386.0,0.24,0.9354,0.9763
7091,2023-03-31,2256,Porcupine Health Unit,0.0833,22.0,0.27,0.6316,0.9145
7092,2023-03-31,2261,Sudbury and District Health Unit,0.0632,109.0,0.55,0.919,0.9763
7093,2023-03-31,2263,Timiskaming Health Unit,0.0118,12.0,0.37,0.3402,0.8866
7094,2023-03-31,2268,Windsor-Essex County Health Unit,0.1077,203.0,0.48,0.7263,0.9805
7095,2023-03-31,2266,Wellington-Dufferin-Guelph Health Unit,0.0926,69.0,0.22,0.8253,0.9621
7096,2023-03-31,2262,Thunder Bay District Health Unit,0.1166,81.0,0.54,0.9045,0.9792
7097,2023-03-31,2244,Middlesex-London Health Unit,0.0986,156.0,0.31,0.7202,0.9697
7098,2023-03-31,2236,Halton Regional Health Unit,0.1235,95.0,0.15,0.7704,0.8681
7099,2023-03-31,2265,Waterloo Health Unit,0.1188,109.0,0.19,0.6892,0.935
7100,2023-03-31,2255,Peterborough County-City Health Unit,0.118,64.0,0.43,0.9335,0.9862
7101,2023-03-31,2242,Lambton Health Unit,0.141,22.0,0.17,0.6918,0.9748
7102,2023-03-31,2234,Haldimand-Norfolk Health Unit,0.1619,30.0,0.26,0.8465,0.9674
7103,2023-03-31,2258,Eastern Ontario Health Unit,0.0933,72.0,0.34,0.937,0.9837
7104,2023-03-31,4913,Southwestern Public Health,0.0645,71.0,0.34,0.8375,0.9826
7105,2023-03-31,2247,North Bay Parry Sound District Health Unit,0.0865,53.0,0.41,0.9575,0.983
7106,2023-03-30,2255,Peterborough County-City Health Unit,0.1187,63.0,0.42,0.941,0.9929
7107,2023-03-30,2261,Sudbury and District Health Unit,0.0596,117.0,0.59,0.9268,0.9772
7108,2023-03-30,2258,Eastern Ontario Health Unit,0.1042,71.0,0.34,0.9327,0.9802
7109,2023-03-30,2234,Haldimand-Norfolk Health Unit,0.1604,30.0,0.27,0.838,0.9722
7110,2023-03-30,2251,City of Ottawa Health Unit,0.0918,207.0,0.2,0.9195,0.9766
7111,2023-03-30,4913,Southwestern Public Health,0.0702,73.0,0.35,0.8373,0.9821
7112,2023-03-30,2230,Durham Regional Health Unit,0.0591,259.0,0.36,0.8353,0.9814
7113,2023-03-30,35,Ontario,0.0935,4236.0,0.29,0.8642,0.9696
7114,2023-03-30,3895,City of Toronto Health Unit,0.0675,828.0,0.27,0.9176,0.977
7115,2023-03-30,2227,Brant County Health Unit,0.1325,47.0,0.31,0.8369,0.9426
7116,2023-03-30,2240,Chatham-Kent Health Unit,0.1036,44.0,0.42,0.8602,0.9783
7117,2023-03-30,2226,District of Algoma Health Unit,0.1393,35.0,0.3,0.8528,0.9811
7118,2023-03-30,2233,Grey Bruce Health Unit,0.125,48.0,0.28,0.7882,0.9559
7119,2023-03-30,2236,Halton Regional Health Unit,0.1363,93.0,0.15,0.766,0.8602
7120,2023-03-30,2243,"Leeds, Grenville and Lanark District Health Unit",0.064,54.0,0.31,0.9252,0.9695
7121,2023-03-30,2249,Northwestern Health Unit,0.1276,35.0,0.4,0.895,0.9538
7122,2023-03-30,2242,Lambton Health Unit,0.1474,22.0,0.17,0.7212,0.9758
7123,2023-03-30,2247,North Bay Parry Sound District Health Unit,0.0802,50.0,0.38,0.9634,0.9909
7124,2023-03-30,2256,Porcupine Health Unit,0.0651,24.0,0.29,0.6587,0.9162
7125,2023-03-30,2257,Renfrew County and District Health Unit,0.0541,26.0,0.24,0.6019,0.7269
7126,2023-03-30,5183,Huron Perth Health Unit,0.1021,48.0,0.34,0.8329,0.9856
7127,2023-03-30,2266,Wellington-Dufferin-Guelph Health Unit,0.1021,69.0,0.22,0.826,0.967
7128,2023-03-30,2268,Windsor-Essex County Health Unit,0.107,207.0,0.49,0.647,0.9744
7129,2023-03-30,2265,Waterloo Health Unit,0.113,111.0,0.19,0.7115,0.9436
7130,2023-03-30,2253,Peel Regional Health Unit,0.0907,386.0,0.24,0.9316,0.975
7131,2023-03-30,2262,Thunder Bay District Health Unit,0.1182,81.0,0.54,0.9199,0.9847
7132,2023-03-30,2260,Simcoe Muskoka District Health Unit,0.1134,205.0,0.34,0.9012,0.9838
7133,2023-03-30,2238,Hastings and Prince Edward Counties Health Unit,0.0881,73.0,0.43,0.9609,0.987
7134,2023-03-30,2244,Middlesex-London Health Unit,0.0987,156.0,0.31,0.7401,0.9689
7135,2023-03-30,2246,Niagara Regional Area Health Unit,0.1385,107.0,0.23,0.7404,0.9345
7136,2023-03-30,2237,City of Hamilton Health Unit,0.136,179.0,0.3,0.9299,0.9809
7137,2023-03-30,2270,York Regional Health Unit,0.0855,289.0,0.24,0.8882,0.9696
7138,2023-03-30,2263,Timiskaming Health Unit,0.033,13.0,0.4,0.3146,0.8876
7139,2023-03-30,2235,"Haliburton, Kawartha, Pine Ridge District Health Unit",0.1178,67.0,0.35,0.8714,0.9896
7140,2023-03-30,2241,"Kingston, Frontenac and Lennox and Addington Health Unit",0.1267,74.0,0.35,0.9509,0.9811
7141,2023-03-29,4913,Southwestern Public Health,0.0669,73.0,0.34,0.851,0.9824
7142,2023-03-29,2261,Sudbury and District Health Unit,0.0496,118.0,0.59,0.9158,0.9692
7143,2023-03-29,2253,Peel Regional Health Unit,0.0885,387.0,0.24,0.93,0.9775
7144,2023-03-29,2233,Grey Bruce Health Unit,0.12,46.0,0.27,0.7844,0.9491
7145,2023-03-29,3895,City of Toronto Health Unit,0.0698,839.0,0.27,0.9151,0.9761
7146,2023-03-29,2255,Peterborough County-City Health Unit,0.1283,66.0,0.44,0.9416,0.9913
7147,2023-03-29,2234,Haldimand-Norfolk Health Unit,0.1469,30.0,0.26,0.8507,0.9751
7148,2023-03-29,2237,City of Hamilton Health Unit,0.1363,184.0,0.31,0.9359,0.983
7149,2023-03-29,2258,Eastern Ontario Health Unit,0.1204,74.0,0.35,0.9343,0.9887
7150,2023-03-29,2230,Durham Regional Health Unit,0.0617,264.0,0.37,0.8328,0.9806
7151,2023-03-29,2251,City of Ottawa Health Unit,0.0936,208.0,0.2,0.9173,0.974
7152,2023-03-29,2227,Brant County Health Unit,0.142,48.0,0.31,0.8642,0.9475
7153,2023-03-29,2246,Niagara Regional Area Health Unit,0.1346,111.0,0.24,0.7382,0.938
7154,2023-03-29,2247,North Bay Parry Sound District Health Unit,0.0708,48.0,0.37,0.9588,0.9853
7155,2023-03-29,2249,Northwestern Health Unit,0.0968,35.0,0.4,0.8987,0.9536
7156,2023-03-29,2256,Porcupine Health Unit,0.0643,24.0,0.29,0.6627,0.929
7157,2023-03-29,2260,Simcoe Muskoka District Health Unit,0.1119,211.0,0.35,0.9061,0.9819
7158,2023-03-29,2243,"Leeds, Grenville and Lanark District Health Unit",0.066,54.0,0.31,0.9225,0.9664
7159,2023-03-29,2265,Waterloo Health Unit,0.1179,116.0,0.2,0.747,0.9466
7160,2023-03-29,2263,Timiskaming Health Unit,0.0341,13.0,0.38,0.3838,0.8788
7161,2023-03-29,2270,York Regional Health Unit,0.0848,292.0,0.24,0.8936,0.9676
7162,2023-03-29,2266,Wellington-Dufferin-Guelph Health Unit,0.1111,68.0,0.22,0.8445,0.9676
7163,2023-03-29,2241,"Kingston, Frontenac and Lennox and Addington Health Unit",0.1219,80.0,0.37,0.9364,0.9806
7164,2023-03-29,2238,Hastings and Prince Edward Counties Health Unit,0.0959,77.0,0.46,0.9507,0.9803
7165,2023-03-29,2236,Halton Regional Health Unit,0.1451,93.0,0.15,0.7795,0.8772
7166,2023-03-29,2242,Lambton Health Unit,0.1488,24.0,0.18,0.7052,0.9653
7167,2023-03-29,2262,Thunder Bay District Health Unit,0.121,84.0,0.56,0.914,0.9818
7168,2023-03-29,2268,Windsor-Essex County Health Unit,0.1085,215.0,0.51,0.6566,0.9697
7169,2023-03-29,2235,"Haliburton, Kawartha, Pine Ridge District Health Unit",0.1165,71.0,0.38,0.8622,0.9882
7170,2023-03-29,2244,Middlesex-London Health Unit,0.0998,160.0,0.32,0.7391,0.9717
7171,2023-03-29,35,Ontario,0.0945,4321.0,0.29,0.8666,0.9696
7172,2023-03-29,5183,Huron Perth Health Unit,0.1048,50.0,0.36,0.8286,0.9857
7173,2023-03-29,2226,District of Algoma Health Unit,0.1418,37.0,0.33,0.8523,0.9848
7174,2023-03-29,2240,Chatham-Kent Health Unit,0.1022,46.0,0.43,0.8547,0.9709
7175,2023-03-29,2257,Renfrew County and District Health Unit,0.0493,29.0,0.27,0.6244,0.7559
7176,2023-03-28,2260,Simcoe Muskoka District Health Unit,0.1045,208.0,0.35,0.9094,0.9817
7177,2023-03-28,2236,Halton Regional Health Unit,0.1505,93.0,0.15,0.7738,0.8768
7178,2023-03-28,4913,Southwestern Public Health,0.0681,71.0,0.34,0.8513,0.9857
7179,2023-03-28,2235,"Haliburton, Kawartha, Pine Ridge District Health Unit",0.101,71.0,0.37,0.8635,0.9883
7180,2023-03-28,2226,District of Algoma Health Unit,0.137,39.0,0.34,0.8839,0.9888
7181,2023-03-28,2268,Windsor-Essex County Health Unit,0.1204,227.0,0.53,0.6189,0.9639
7182,2023-03-28,2263,Timiskaming Health Unit,0.0396,14.0,0.44,0.5658,0.8684
7183,2023-03-28,2270,York Regional Health Unit,0.0871,298.0,0.24,0.8859,0.9623
7184,2023-03-28,2244,Middlesex-London Health Unit,0.1057,154.0,0.3,0.754,0.9785
7185,2023-03-28,2237,City of Hamilton Health Unit,0.1271,183.0,0.31,0.9329,0.983
7186,2023-03-28,2240,Chatham-Kent Health Unit,0.0964,47.0,0.45,0.8273,0.9666
7187,2023-03-28,2230,Durham Regional Health Unit,0.0654,267.0,0.37,0.8716,0.9798
7188,2023-03-28,2258,Eastern Ontario Health Unit,0.1351,74.0,0.35,0.9264,0.991
7189,2023-03-28,2234,Haldimand-Norfolk Health Unit,0.1449,30.0,0.26,0.8288,0.9234
7190,2023-03-28,2242,Lambton Health Unit,0.1726,24.0,0.18,0.7386,0.9659
7191,2023-03-28,5183,Huron Perth Health Unit,0.1086,50.0,0.36,0.8226,0.9731
7192,2023-03-28,2251,City of Ottawa Health Unit,0.1023,214.0,0.2,0.921,0.977
7193,2023-03-28,2238,Hastings and Prince Edward Counties Health Unit,0.1313,74.0,0.44,0.948,0.978
7194,2023-03-28,2241,"Kingston, Frontenac and Lennox and Addington Health Unit",0.1223,81.0,0.38,0.9455,0.9824
7195,2023-03-28,2255,Peterborough County-City Health Unit,0.1099,68.0,0.46,0.9506,0.9897
7196,2023-03-28,35,Ontario,0.0968,4376.0,0.3,0.8682,0.9692
7197,2023-03-28,2262,Thunder Bay District Health Unit,0.1181,82.0,0.55,0.9522,0.9876
7198,2023-03-28,2253,Peel Regional Health Unit,0.0935,396.0,0.25,0.9332,0.9775
7199,2023-03-28,2265,Waterloo Health Unit,0.1167,120.0,0.21,0.7641,0.9545
7200,2023-03-28,2261,Sudbury and District Health Unit,0.0495,118.0,0.59,0.9279,0.9721
7201,2023-03-28,2247,North Bay Parry Sound District Health Unit,0.0774,48.0,0.37,0.9647,0.9853
7202,2023-03-28,2257,Renfrew County and District Health Unit,0.0489,32.0,0.3,0.584,0.764
7203,2023-03-28,2246,Niagara Regional Area Health Unit,0.1386,114.0,0.24,0.7178,0.9288
7204,2023-03-28,2256,Porcupine Health Unit,0.0615,26.0,0.31,0.6667,0.9153
7205,2023-03-28,2249,Northwestern Health Unit,0.0924,36.0,0.41,0.9447,0.9723
7206,2023-03-28,2243,"Leeds, Grenville and Lanark District Health Unit",0.0712,54.0,0.31,0.9199,0.969
7207,2023-03-28,2233,Grey Bruce Health Unit,0.1094,47.0,0.28,0.7851,0.9463
7208,2023-03-28,3895,City of Toronto Health Unit,0.0706,854.0,0.27,0.9175,0.9761
7209,2023-03-28,2227,Brant County Health Unit,0.1602,48.0,0.31,0.9094,0.9709
7210,2023-03-28,2266,Wellington-Dufferin-Guelph Health Unit,0.1118,69.0,0.22,0.8281,0.9707
7211,2023-03-27,2253,Peel Regional Health Unit,0.0923,395.0,0.25,0.9281,0.9741
7212,2023-03-27,2234,Haldimand-Norfolk Health Unit,0.1422,31.0,0.27,0.8377,0.9211
7213,2023-03-27,2235,"Haliburton, Kawartha, Pine Ridge District Health Unit",0.0979,74.0,0.39,0.8702,0.9885
7214,2023-03-27,2270,York Regional Health Unit,0.0792,294.0,0.24,0.8668,0.9528
7215,2023-03-27,2242,Lambton Health Unit,0.1722,26.0,0.2,0.7455,0.9636
7216,2023-03-27,2238,Hastings and Prince Edward Counties Health Unit,0.1363,74.0,0.44,0.9426,0.9703
7217,2023-03-27,2246,Niagara Regional Area Health Unit,0.1316,111.0,0.23,0.7015,0.9282
7218,2023-03-27,2240,Chatham-Kent Health Unit,0.1111,50.0,0.47,0.8261,0.9647
7219,2023-03-27,2237,City of Hamilton Health Unit,0.1328,184.0,0.31,0.9301,0.979
7220,2023-03-27,2227,Brant County Health Unit,0.1656,47.0,0.3,0.9016,0.9651
7221,2023-03-27,2226,District of Algoma Health Unit,0.1454,40.0,0.35,0.8893,0.9896
7222,2023-03-27,3895,City of Toronto Health Unit,0.0707,865.0,0.28,0.9036,0.966
7223,2023-03-27,2233,Grey Bruce Health Unit,0.1131,48.0,0.28,0.8024,0.9521
7224,2023-03-27,2241,"Kingston, Frontenac and Lennox and Addington Health Unit",0.1172,83.0,0.39,0.9451,0.9823
7225,2023-03-27,2244,Middlesex-London Health Unit,0.0979,165.0,0.32,0.737,0.9542
7226,2023-03-27,2243,"Leeds, Grenville and Lanark District Health Unit",0.072,56.0,0.32,0.914,0.9631
7227,2023-03-27,2230,Durham Regional Health Unit,0.0618,275.0,0.39,0.874,0.9754
7228,2023-03-27,2260,Simcoe Muskoka District Health Unit,0.1037,203.0,0.34,0.9087,0.9827
7229,2023-03-27,2257,Renfrew County and District Health Unit,0.0563,33.0,0.3,0.5673,0.7592
7230,2023-03-27,2256,Porcupine Health Unit,0.0591,27.0,0.32,0.6425,0.8808
7231,2023-03-27,2263,Timiskaming Health Unit,0.0377,15.0,0.46,0.6577,0.9099
7232,2023-03-27,2261,Sudbury and District Health Unit,0.0557,126.0,0.63,0.9295,0.9699
7233,2023-03-27,5183,Huron Perth Health Unit,0.0924,53.0,0.38,0.8306,0.9718
7234,2023-03-27,2268,Windsor-Essex County Health Unit,0.1279,231.0,0.54,0.5649,0.9482
7235,2023-03-27,2266,Wellington-Dufferin-Guelph Health Unit,0.1332,70.0,0.22,0.8117,0.9631
7236,2023-03-27,2258,Eastern Ontario Health Unit,0.1451,83.0,0.4,0.9239,0.9865
7237,2023-03-27,2236,Halton Regional Health Unit,0.1525,91.0,0.15,0.7531,0.865
7238,2023-03-27,35,Ontario,0.0968,4445.0,0.3,0.8601,0.9628
7239,2023-03-27,4913,Southwestern Public Health,0.0667,71.0,0.33,0.8703,0.9854
7240,2023-03-27,2255,Peterborough County-City Health Unit,0.1004,74.0,0.5,0.9541,0.9943
7241,2023-03-27,2249,Northwestern Health Unit,0.0919,39.0,0.44,0.9476,0.9738
7242,2023-03-27,2247,North Bay Parry Sound District Health Unit,0.0756,49.0,0.38,0.9311,0.9614
7243,2023-03-27,2262,Thunder Bay District Health Unit,0.1107,83.0,0.55,0.9492,0.9831
7244,2023-03-27,2265,Waterloo Health Unit,0.1213,120.0,0.21,0.7813,0.951
7245,2023-03-27,2251,City of Ottawa Health Unit,0.1079,214.0,0.2,0.9193,0.9753
7246,2023-03-26,2261,Sudbury and District Health Unit,0.0671,136.0,0.68,0.9367,0.973
7247,2023-03-26,2251,City of Ottawa Health Unit,0.1263,217.0,0.21,0.9277,0.9809
7248,2023-03-26,2233,Grey Bruce Health Unit,0.1202,49.0,0.29,0.8036,0.9554
7249,2023-03-26,2240,Chatham-Kent Health Unit,0.1022,52.0,0.49,0.8174,0.9646
7250,2023-03-26,2238,Hastings and Prince Edward Counties Health Unit,0.1316,76.0,0.45,0.9462,0.9703
7251,2023-03-26,2265,Waterloo Health Unit,0.1056,126.0,0.22,0.7763,0.9508
7252,2023-03-26,2244,Middlesex-London Health Unit,0.1043,156.0,0.31,0.8319,0.9475
7253,2023-03-26,5183,Huron Perth Health Unit,0.087,59.0,0.42,0.831,0.9722
7254,2023-03-26,2227,Brant County Health Unit,0.156,47.0,0.3,0.9066,0.9669
7255,2023-03-26,2226,District of Algoma Health Unit,0.157,42.0,0.37,0.875,0.977
7256,2023-03-26,3895,City of Toronto Health Unit,0.0734,868.0,0.28,0.8996,0.9614
7257,2023-03-26,2236,Halton Regional Health Unit,0.1609,91.0,0.15,0.7512,0.8677
7258,2023-03-26,2243,"Leeds, Grenville and Lanark District Health Unit",0.0725,59.0,0.34,0.9259,0.9722
7259,2023-03-26,2249,Northwestern Health Unit,0.0989,38.0,0.43,0.9542,0.9771
7260,2023-03-26,35,Ontario,0.0988,4492.0,0.3,0.8618,0.9612
7261,2023-03-26,2242,Lambton Health Unit,0.1882,24.0,0.19,0.7716,0.963
7262,2023-03-26,2247,North Bay Parry Sound District Health Unit,0.0917,50.0,0.38,0.9243,0.9595
7263,2023-03-26,2246,Niagara Regional Area Health Unit,0.1201,109.0,0.23,0.6941,0.9317
7264,2023-03-26,2234,Haldimand-Norfolk Health Unit,0.1448,32.0,0.28,0.844,0.9174
7265,2023-03-26,2255,Peterborough County-City Health Unit,0.0874,77.0,0.52,0.9538,0.9942
7266,2023-03-26,4913,Southwestern Public Health,0.0798,70.0,0.33,0.8797,0.9896
7267,2023-03-26,2268,Windsor-Essex County Health Unit,0.1279,238.0,0.56,0.5551,0.9458
7268,2023-03-26,2266,Wellington-Dufferin-Guelph Health Unit,0.1588,73.0,0.23,0.8081,0.9635
7269,2023-03-26,2258,Eastern Ontario Health Unit,0.1684,84.0,0.4,0.9134,0.9847
7270,2023-03-26,2257,Renfrew County and District Health Unit,0.0576,35.0,0.32,0.5765,0.7608
7271,2023-03-26,2270,York Regional Health Unit,0.08,296.0,0.24,0.8585,0.9493
7272,2023-03-26,2262,Thunder Bay District Health Unit,0.0992,86.0,0.58,0.954,0.9836
7273,2023-03-26,2230,Durham Regional Health Unit,0.0609,275.0,0.39,0.8669,0.9723
7274,2023-03-26,2235,"Haliburton, Kawartha, Pine Ridge District Health Unit",0.088,76.0,0.4,0.8662,0.9851
7275,2023-03-26,2263,Timiskaming Health Unit,0.0364,16.0,0.48,0.6441,0.8983
7276,2023-03-26,2256,Porcupine Health Unit,0.0573,27.0,0.33,0.6754,0.8796
7277,2023-03-26,2253,Peel Regional Health Unit,0.0912,391.0,0.24,0.9236,0.9727
7278,2023-03-26,2241,"Kingston, Frontenac and Lennox and Addington Health Unit",0.1075,82.0,0.39,0.9434,0.9823
7279,2023-03-26,2237,City of Hamilton Health Unit,0.1283,183.0,0.31,0.9291,0.9772
7280,2023-03-26,2260,Simcoe Muskoka District Health Unit,0.1099,207.0,0.34,0.9088,0.973
7281,2023-03-25,35,Ontario,0.099,4520.0,0.3,0.8644,0.9629
7282,2023-03-25,2247,North Bay Parry Sound District Health Unit,0.1012,49.0,0.38,0.9153,0.9605
7283,2023-03-25,2255,Peterborough County-City Health Unit,0.0829,78.0,0.52,0.9519,0.9944
7284,2023-03-25,2230,Durham Regional Health Unit,0.0583,272.0,0.38,0.8729,0.9737
7285,2023-03-25,2233,Grey Bruce Health Unit,0.1254,49.0,0.29,0.8136,0.9675
7286,2023-03-25,2263,Timiskaming Health Unit,0.0439,16.0,0.5,0.6435,0.8957
7287,2023-03-25,2249,Northwestern Health Unit,0.0849,39.0,0.44,0.9545,0.9773
7288,2023-03-25,3895,City of Toronto Health Unit,0.074,880.0,0.28,0.9008,0.9616
7289,2023-03-25,2227,Brant County Health Unit,0.1335,50.0,0.32,0.9063,0.9669
7290,2023-03-25,2226,District of Algoma Health Unit,0.1572,43.0,0.37,0.8856,0.9771
7291,2023-03-25,2251,City of Ottawa Health Unit,0.1316,224.0,0.21,0.9277,0.9808
7292,2023-03-25,2237,City of Hamilton Health Unit,0.1376,180.0,0.3,0.9351,0.9824
7293,2023-03-25,2258,Eastern Ontario Health Unit,0.176,82.0,0.39,0.9067,0.9827
7294,2023-03-25,2236,Halton Regional Health Unit,0.1646,91.0,0.15,0.7702,0.8811
7295,2023-03-25,2235,"Haliburton, Kawartha, Pine Ridge District Health Unit",0.083,77.0,0.41,0.8745,0.9846
7296,2023-03-25,2242,Lambton Health Unit,0.1893,24.0,0.18,0.7722,0.962
7297,2023-03-25,2243,"Leeds, Grenville and Lanark District Health Unit",0.0674,64.0,0.37,0.9176,0.9748
7298,2023-03-25,2241,"Kingston, Frontenac and Lennox and Addington Health Unit",0.0943,83.0,0.39,0.942,0.9795
7299,2023-03-25,2246,Niagara Regional Area Health Unit,0.113,111.0,0.24,0.7247,0.9338
7300,2023-03-25,2256,Porcupine Health Unit,0.0564,28.0,0.33,0.6898,0.893
7301,2023-03-25,2253,Peel Regional Health Unit,0.0906,388.0,0.24,0.9225,0.9731
7302,2023-03-25,2238,Hastings and Prince Edward Counties Health Unit,0.139,75.0,0.45,0.9394,0.9735
7303,2023-03-25,2266,Wellington-Dufferin-Guelph Health Unit,0.1509,76.0,0.24,0.8102,0.9568
7304,2023-03-25,2265,Waterloo Health Unit,0.1048,121.0,0.21,0.7812,0.9588
7305,2023-03-25,2270,York Regional Health Unit,0.0783,301.0,0.25,0.8613,0.9503
7306,2023-03-25,2261,Sudbury and District Health Unit,0.0717,137.0,0.69,0.9049,0.9717
7307,2023-03-25,2260,Simcoe Muskoka District Health Unit,0.1097,206.0,0.34,0.9067,0.9748
7308,2023-03-25,2234,Haldimand-Norfolk Health Unit,0.1442,31.0,0.27,0.8325,0.9212
7309,2023-03-25,2268,Windsor-Essex County Health Unit,0.1353,241.0,0.57,0.5564,0.9436
7310,2023-03-25,4913,Southwestern Public Health,0.0903,70.0,0.33,0.8873,0.9836
7311,2023-03-25,2257,Renfrew County and District Health Unit,0.0476,36.0,0.33,0.6283,0.8053
7312,2023-03-25,2244,Middlesex-London Health Unit,0.1055,152.0,0.3,0.8353,0.9476
7313,2023-03-25,5183,Huron Perth Health Unit,0.0869,61.0,0.44,0.8345,0.9736
7314,2023-03-25,2240,Chatham-Kent Health Unit,0.1016,52.0,0.49,0.8204,0.9651
7315,2023-03-25,2262,Thunder Bay District Health Unit,0.0989,90.0,0.6,0.9633,0.9872
7316,2023-03-24,35,Ontario,0.0999,4527.0,0.31,0.8682,0.9658
7317,2023-03-24,2235,"Haliburton, Kawartha, Pine Ridge District Health Unit",0.085,77.0,0.41,0.8845,0.9851
7318,2023-03-24,2253,Peel Regional Health Unit,0.0899,394.0,0.25,0.9175,0.9716
7319,2023-03-24,2240,Chatham-Kent Health Unit,0.1165,53.0,0.5,0.828,0.9677
7320,2023-03-24,2265,Waterloo Health Unit,0.1128,125.0,0.21,0.7923,0.9627
7321,2023-03-24,4913,Southwestern Public Health,0.086,71.0,0.34,0.8782,0.979
7322,2023-03-24,5183,Huron Perth Health Unit,0.0913,59.0,0.43,0.8285,0.9758
7323,2023-03-24,2247,North Bay Parry Sound District Health Unit,0.102,50.0,0.39,0.9235,0.9617
7324,2023-03-24,2241,"Kingston, Frontenac and Lennox and Addington Health Unit",0.0973,84.0,0.39,0.9486,0.9829
7325,2023-03-24,2237,City of Hamilton Health Unit,0.1389,184.0,0.31,0.9369,0.9823
7326,2023-03-24,2236,Halton Regional Health Unit,0.1682,92.0,0.15,0.7742,0.8879
7327,2023-03-24,2258,Eastern Ontario Health Unit,0.1725,81.0,0.39,0.9089,0.9831
7328,2023-03-24,2226,District of Algoma Health Unit,0.1613,44.0,0.39,0.9116,0.9762
7329,2023-03-24,2234,Haldimand-Norfolk Health Unit,0.1542,29.0,0.25,0.8308,0.9179
7330,2023-03-24,2246,Niagara Regional Area Health Unit,0.127,116.0,0.25,0.754,0.954
7331,2023-03-24,2251,City of Ottawa Health Unit,0.1323,226.0,0.21,0.925,0.9817
7332,2023-03-24,2244,Middlesex-London Health Unit,0.104,135.0,0.27,0.8489,0.949
7333,2023-03-24,2255,Peterborough County-City Health Unit,0.082,78.0,0.53,0.9542,0.9908
7334,2023-03-24,2260,Simcoe Muskoka District Health Unit,0.1079,201.0,0.34,0.9092,0.9759
7335,2023-03-24,2257,Renfrew County and District Health Unit,0.0545,37.0,0.34,0.6827,0.899
7336,2023-03-24,2256,Porcupine Health Unit,0.0615,28.0,0.33,0.7253,0.9011
7337,2023-03-24,2242,Lambton Health Unit,0.1801,23.0,0.18,0.8025,0.9682
7338,2023-03-24,2262,Thunder Bay District Health Unit,0.1033,90.0,0.6,0.9439,0.9875
7339,2023-03-24,2270,York Regional Health Unit,0.0757,300.0,0.24,0.8607,0.9501
7340,2023-03-24,2268,Windsor-Essex County Health Unit,0.133,244.0,0.57,0.567,0.9463
7341,2023-03-24,2263,Timiskaming Health Unit,0.0442,16.0,0.49,0.67,0.92
7342,2023-03-24,2266,Wellington-Dufferin-Guelph Health Unit,0.1544,76.0,0.24,0.7967,0.9528
7343,2023-03-24,2233,Grey Bruce Health Unit,0.1163,49.0,0.29,0.8308,0.9692
7344,2023-03-24,2261,Sudbury and District Health Unit,0.0756,136.0,0.68,0.8998,0.9737
7345,2023-03-24,2249,Northwestern Health Unit,0.0778,39.0,0.44,0.9515,0.9776
7346,2023-03-24,2243,"Leeds, Grenville and Lanark District Health Unit",0.081,62.0,0.36,0.9201,0.9749
7347,2023-03-24,2238,Hastings and Prince Edward Counties Health Unit,0.1461,75.0,0.45,0.8787,0.9754
7348,2023-03-24,3895,City of Toronto Health Unit,0.0737,878.0,0.28,0.9119,0.9677
7349,2023-03-24,2227,Brant County Health Unit,0.1196,53.0,0.34,0.897,0.9621
7350,2023-03-24,2230,Durham Regional Health Unit,0.0618,278.0,0.39,0.8684,0.973
7351,2023-03-23,2266,Wellington-Dufferin-Guelph Health Unit,0.1541,78.0,0.25,0.8031,0.9538
7352,2023-03-23,2236,Halton Regional Health Unit,0.1557,97.0,0.16,0.7692,0.8905
7353,2023-03-23,2262,Thunder Bay District Health Unit,0.1019,91.0,0.61,0.9275,0.9815
7354,2023-03-23,2237,City of Hamilton Health Unit,0.1424,188.0,0.32,0.9336,0.9834
7355,2023-03-23,2244,Middlesex-London Health Unit,0.1034,145.0,0.29,0.8261,0.9491
7356,2023-03-23,2243,"Leeds, Grenville and Lanark District Health Unit",0.0853,62.0,0.36,0.9207,0.9767
7357,2023-03-23,2238,Hastings and Prince Edward Counties Health Unit,0.1437,77.0,0.45,0.8729,0.9753
7358,2023-03-23,2226,District of Algoma Health Unit,0.157,42.0,0.37,0.9043,0.9681
7359,2023-03-23,2227,Brant County Health Unit,0.1213,53.0,0.34,0.8805,0.9584
7360,2023-03-23,2230,Durham Regional Health Unit,0.0672,278.0,0.39,0.8591,0.9751
7361,2023-03-23,3895,City of Toronto Health Unit,0.0755,884.0,0.28,0.9134,0.9685
7362,2023-03-23,2233,Grey Bruce Health Unit,0.1098,48.0,0.28,0.8455,0.9708
7363,2023-03-23,2241,"Kingston, Frontenac and Lennox and Addington Health Unit",0.0923,85.0,0.4,0.9352,0.9751
7364,2023-03-23,2234,Haldimand-Norfolk Health Unit,0.1508,28.0,0.25,0.8394,0.9171
7365,2023-03-23,2235,"Haliburton, Kawartha, Pine Ridge District Health Unit",0.0866,79.0,0.42,0.8883,0.9848
7366,2023-03-23,5183,Huron Perth Health Unit,0.0911,60.0,0.43,0.8325,0.9778
7367,2023-03-23,2253,Peel Regional Health Unit,0.0938,393.0,0.24,0.9259,0.973
7368,2023-03-23,2249,Northwestern Health Unit,0.0819,40.0,0.46,0.956,0.9744
7369,2023-03-23,35,Ontario,0.1019,4579.0,0.31,0.8697,0.9666
7370,2023-03-23,2256,Porcupine Health Unit,0.0753,27.0,0.32,0.6973,0.8973
7371,2023-03-23,2263,Timiskaming Health Unit,0.0367,16.0,0.48,0.6435,0.913
7372,2023-03-23,2261,Sudbury and District Health Unit,0.0817,135.0,0.68,0.9012,0.9758
7373,2023-03-23,4913,Southwestern Public Health,0.0863,68.0,0.32,0.8784,0.9794
7374,2023-03-23,2246,Niagara Regional Area Health Unit,0.1393,119.0,0.25,0.76,0.959
7375,2023-03-23,2270,York Regional Health Unit,0.0754,305.0,0.25,0.8748,0.9543
7376,2023-03-23,2260,Simcoe Muskoka District Health Unit,0.106,205.0,0.34,0.9077,0.9743
7377,2023-03-23,2257,Renfrew County and District Health Unit,0.0567,35.0,0.32,0.6809,0.9106
7378,2023-03-23,2258,Eastern Ontario Health Unit,0.1564,86.0,0.41,0.9109,0.9875
7379,2023-03-23,2240,Chatham-Kent Health Unit,0.1527,56.0,0.53,0.8351,0.9794
7380,2023-03-23,2255,Peterborough County-City Health Unit,0.0751,78.0,0.53,0.9467,0.9886
7381,2023-03-23,2242,Lambton Health Unit,0.1718,23.0,0.18,0.8125,0.9625
7382,2023-03-23,2268,Windsor-Essex County Health Unit,0.132,249.0,0.59,0.5921,0.9505
7383,2023-03-23,2265,Waterloo Health Unit,0.1246,125.0,0.21,0.7936,0.962
7384,2023-03-23,2247,North Bay Parry Sound District Health Unit,0.1034,51.0,0.39,0.9201,0.9587
7385,2023-03-23,2251,City of Ottawa Health Unit,0.1376,229.0,0.22,0.9272,0.9792
7386,2023-03-22,5183,Huron Perth Health Unit,0.0866,58.0,0.41,0.8265,0.977
7387,2023-03-22,2263,Timiskaming Health Unit,0.0526,16.0,0.5,0.74,0.94
7388,2023-03-22,35,Ontario,0.1033,4611.0,0.31,0.8637,0.966
7389,2023-03-22,2268,Windsor-Essex County Health Unit,0.1309,246.0,0.58,0.5596,0.9489
7390,2023-03-22,2265,Waterloo Health Unit,0.1256,119.0,0.2,0.756,0.9543
7391,2023-03-22,2266,Wellington-Dufferin-Guelph Health Unit,0.1559,82.0,0.26,0.7935,0.9522
7392,2023-03-22,4913,Southwestern Public Health,0.0958,69.0,0.32,0.8469,0.9811
7393,2023-03-22,2262,Thunder Bay District Health Unit,0.1052,94.0,0.62,0.9356,0.9847
7394,2023-03-22,2261,Sudbury and District Health Unit,0.0941,143.0,0.72,0.9165,0.9857
7395,2023-03-22,2255,Peterborough County-City Health Unit,0.0799,73.0,0.5,0.9473,0.9883
7396,2023-03-22,2257,Renfrew County and District Health Unit,0.061,35.0,0.32,0.6786,0.9048
7397,2023-03-22,2256,Porcupine Health Unit,0.0734,25.0,0.3,0.7377,0.8962
7398,2023-03-22,2251,City of Ottawa Health Unit,0.1398,230.0,0.22,0.9284,0.9835
7399,2023-03-22,2226,District of Algoma Health Unit,0.1522,41.0,0.36,0.9141,0.9656
7400,2023-03-22,2249,Northwestern Health Unit,0.0964,40.0,0.46,0.955,0.9792
7401,2023-03-22,2242,Lambton Health Unit,0.1534,23.0,0.18,0.8258,0.9677
7402,2023-03-22,2244,Middlesex-London Health Unit,0.1093,145.0,0.29,0.8059,0.9526
7403,2023-03-22,2243,"Leeds, Grenville and Lanark District Health Unit",0.087,59.0,0.34,0.9224,0.984
7404,2023-03-22,2236,Halton Regional Health Unit,0.1451,99.0,0.16,0.7553,0.8784
7405,2023-03-22,2238,Hastings and Prince Edward Counties Health Unit,0.1566,80.0,0.48,0.8732,0.9804
7406,2023-03-22,2234,Haldimand-Norfolk Health Unit,0.1472,28.0,0.25,0.8513,0.9179
7407,2023-03-22,2258,Eastern Ontario Health Unit,0.1512,88.0,0.42,0.9155,0.9872
7408,2023-03-22,2233,Grey Bruce Health Unit,0.1117,50.0,0.29,0.845,0.9795
7409,2023-03-22,2227,Brant County Health Unit,0.1213,53.0,0.34,0.8586,0.9409
7410,2023-03-22,2247,North Bay Parry Sound District Health Unit,0.1047,55.0,0.42,0.9316,0.9658
7411,2023-03-22,2240,Chatham-Kent Health Unit,0.1597,55.0,0.51,0.8213,0.9827
7412,2023-03-22,3895,City of Toronto Health Unit,0.0742,905.0,0.29,0.9075,0.9676
7413,2023-03-22,2246,Niagara Regional Area Health Unit,0.143,118.0,0.25,0.7545,0.9521
7414,2023-03-22,2253,Peel Regional Health Unit,0.0921,405.0,0.25,0.927,0.9735
7415,2023-03-22,2235,"Haliburton, Kawartha, Pine Ridge District Health Unit",0.0945,76.0,0.4,0.8816,0.9745
7416,2023-03-22,2237,City of Hamilton Health Unit,0.1481,186.0,0.31,0.9355,0.9821
7417,2023-03-22,2230,Durham Regional Health Unit,0.0689,280.0,0.39,0.8568,0.9732
7418,2023-03-22,2260,Simcoe Muskoka District Health Unit,0.1118,203.0,0.34,0.9026,0.9701
7419,2023-03-22,2241,"Kingston, Frontenac and Lennox and Addington Health Unit",0.092,84.0,0.39,0.9503,0.9752
7420,2023-03-22,2270,York Regional Health Unit,0.077,304.0,0.25,0.8669,0.9566
7421,2023-03-21,2227,Brant County Health Unit,0.107,55.0,0.35,0.8561,0.9305
7422,2023-03-21,2246,Niagara Regional Area Health Unit,0.1538,118.0,0.25,0.7903,0.9665
7423,2023-03-21,2270,York Regional Health Unit,0.077,299.0,0.24,0.8628,0.9597
7424,2023-03-21,4913,Southwestern Public Health,0.1051,73.0,0.35,0.8641,0.9832
7425,2023-03-21,2260,Simcoe Muskoka District Health Unit,0.1164,202.0,0.34,0.8648,0.9493
7426,2023-03-21,2230,Durham Regional Health Unit,0.07,280.0,0.39,0.7724,0.8871
7427,2023-03-21,2268,Windsor-Essex County Health Unit,0.1245,236.0,0.56,0.5611,0.9364
7428,2023-03-21,2256,Porcupine Health Unit,0.073,25.0,0.3,0.7175,0.9153
7429,2023-03-21,2263,Timiskaming Health Unit,0.045,16.0,0.49,0.5693,0.8978
7430,2023-03-21,2266,Wellington-Dufferin-Guelph Health Unit,0.1635,82.0,0.26,0.8011,0.9534
7431,2023-03-21,2265,Waterloo Health Unit,0.1301,116.0,0.2,0.7637,0.9523
7432,2023-03-21,2261,Sudbury and District Health Unit,0.0889,143.0,0.72,0.9108,0.9797
7433,2023-03-21,2244,Middlesex-London Health Unit,0.0921,158.0,0.31,0.8307,0.9567
7434,2023-03-21,2233,Grey Bruce Health Unit,0.1043,49.0,0.29,0.8222,0.9778
7435,2023-03-21,2255,Peterborough County-City Health Unit,0.0881,73.0,0.49,0.9374,0.9812
7436,2023-03-21,2249,Northwestern Health Unit,0.0969,41.0,0.47,0.9275,0.9638
7437,2023-03-21,2247,North Bay Parry Sound District Health Unit,0.0969,55.0,0.42,0.9225,0.9626
7438,2023-03-21,2241,"Kingston, Frontenac and Lennox and Addington Health Unit",0.0923,85.0,0.4,0.9538,0.9778
7439,2023-03-21,2243,"Leeds, Grenville and Lanark District Health Unit",0.0951,62.0,0.36,0.9152,0.9825
7440,2023-03-21,2242,Lambton Health Unit,0.1429,23.0,0.18,0.7901,0.9753
7441,2023-03-21,2235,"Haliburton, Kawartha, Pine Ridge District Health Unit",0.1085,79.0,0.42,0.8714,0.9529
7442,2023-03-21,2238,Hastings and Prince Edward Counties Health Unit,0.1489,78.0,0.46,0.8678,0.9819
7443,2023-03-21,2236,Halton Regional Health Unit,0.1205,98.0,0.16,0.727,0.8482
7444,2023-03-21,2237,City of Hamilton Health Unit,0.1489,186.0,0.31,0.9415,0.9815
7445,2023-03-21,3895,City of Toronto Health Unit,0.0752,889.0,0.28,0.8909,0.9609
7446,2023-03-21,2251,City of Ottawa Health Unit,0.1515,221.0,0.21,0.9253,0.9813
7447,2023-03-21,2253,Peel Regional Health Unit,0.0934,398.0,0.25,0.9047,0.9694
7448,2023-03-21,2258,Eastern Ontario Health Unit,0.1495,89.0,0.43,0.9157,0.9868
7449,2023-03-21,2240,Chatham-Kent Health Unit,0.1911,52.0,0.49,0.8145,0.9797
7450,2023-03-21,2262,Thunder Bay District Health Unit,0.0975,95.0,0.64,0.9365,0.9849
7451,2023-03-21,35,Ontario,0.1042,4584.0,0.31,0.8527,0.9565
7452,2023-03-21,5183,Huron Perth Health Unit,0.0882,57.0,0.41,0.8375,0.9825
7453,2023-03-21,2234,Haldimand-Norfolk Health Unit,0.1634,29.0,0.25,0.892,0.9773
7454,2023-03-21,2226,District of Algoma Health Unit,0.18,43.0,0.37,0.8694,0.9299
7455,2023-03-21,2257,Renfrew County and District Health Unit,0.0864,35.0,0.32,0.7626,0.9452
7456,2023-03-20,2244,Middlesex-London Health Unit,0.0779,176.0,0.35,0.8579,0.9823
7457,2023-03-20,4913,Southwestern Public Health,0.1085,78.0,0.37,0.8585,0.9795
7458,2023-03-20,2268,Windsor-Essex County Health Unit,0.1276,231.0,0.54,0.614,0.9554
7459,2023-03-20,2265,Waterloo Health Unit,0.1276,123.0,0.21,0.7446,0.9508
7460,2023-03-20,2236,Halton Regional Health Unit,0.1007,96.0,0.16,0.7396,0.8646
7461,2023-03-20,2262,Thunder Bay District Health Unit,0.0968,93.0,0.62,0.9318,0.9876
7462,2023-03-20,2263,Timiskaming Health Unit,0.0472,15.0,0.46,0.4909,0.8545
7463,2023-03-20,35,Ontario,0.105,4571.0,0.31,0.8559,0.9588
7464,2023-03-20,2255,Peterborough County-City Health Unit,0.1057,65.0,0.44,0.9219,0.971
7465,2023-03-20,2253,Peel Regional Health Unit,0.0935,397.0,0.25,0.8998,0.9707
7466,2023-03-20,2247,North Bay Parry Sound District Health Unit,0.0986,52.0,0.4,0.9496,0.9852
7467,2023-03-20,5183,Huron Perth Health Unit,0.0893,58.0,0.41,0.8221,0.9811
7468,2023-03-20,2241,"Kingston, Frontenac and Lennox and Addington Health Unit",0.0865,88.0,0.41,0.9532,0.9774
7469,2023-03-20,3895,City of Toronto Health Unit,0.0793,893.0,0.29,0.8963,0.9653
7470,2023-03-20,2226,District of Algoma Health Unit,0.1815,43.0,0.38,0.8709,0.9305
7471,2023-03-20,2258,Eastern Ontario Health Unit,0.1459,81.0,0.39,0.9138,0.9892
7472,2023-03-20,2230,Durham Regional Health Unit,0.0852,275.0,0.39,0.773,0.8882
7473,2023-03-20,2240,Chatham-Kent Health Unit,0.191,48.0,0.45,0.8094,0.975
7474,2023-03-20,2242,Lambton Health Unit,0.1299,22.0,0.17,0.7358,0.956
7475,2023-03-20,2251,City of Ottawa Health Unit,0.1519,220.0,0.21,0.9148,0.9697
7476,2023-03-20,2237,City of Hamilton Health Unit,0.1563,187.0,0.32,0.9408,0.9798
7477,2023-03-20,2260,Simcoe Muskoka District Health Unit,0.1115,200.0,0.33,0.8582,0.9456
7478,2023-03-20,2246,Niagara Regional Area Health Unit,0.1578,120.0,0.25,0.7855,0.9588
7479,2023-03-20,2235,"Haliburton, Kawartha, Pine Ridge District Health Unit",0.1214,79.0,0.42,0.8657,0.9523
7480,2023-03-20,2234,Haldimand-Norfolk Health Unit,0.1467,26.0,0.23,0.8827,0.9721
7481,2023-03-20,2270,York Regional Health Unit,0.0767,298.0,0.24,0.8669,0.9627
7482,2023-03-20,2261,Sudbury and District Health Unit,0.0886,140.0,0.7,0.9094,0.9843
7483,2023-03-20,2227,Brant County Health Unit,0.0965,58.0,0.37,0.855,0.9337
7484,2023-03-20,2257,Renfrew County and District Health Unit,0.0943,35.0,0.32,0.722,0.9087
7485,2023-03-20,2266,Wellington-Dufferin-Guelph Health Unit,0.147,84.0,0.27,0.7996,0.9481
7486,2023-03-20,2256,Porcupine Health Unit,0.0675,23.0,0.28,0.7188,0.95
7487,2023-03-20,2249,Northwestern Health Unit,0.0954,37.0,0.43,0.915,0.951
7488,2023-03-20,2243,"Leeds, Grenville and Lanark District Health Unit",0.1086,57.0,0.33,0.9362,0.9953
7489,2023-03-20,2238,Hastings and Prince Edward Counties Health Unit,0.1431,80.0,0.47,0.8811,0.9928
7490,2023-03-20,2233,Grey Bruce Health Unit,0.0888,50.0,0.29,0.8107,0.9615
7491,2023-03-19,3895,City of Toronto Health Unit,0.0799,917.0,0.29,0.9014,0.9699
7492,2023-03-19,2241,"Kingston, Frontenac and Lennox and Addington Health Unit",0.0938,87.0,0.41,0.9498,0.979
7493,2023-03-19,2238,Hastings and Prince Edward Counties Health Unit,0.1439,79.0,0.47,0.8664,0.9838
7494,2023-03-19,2263,Timiskaming Health Unit,0.049,15.0,0.45,0.5143,0.8667
7495,2023-03-19,2266,Wellington-Dufferin-Guelph Health Unit,0.1306,80.0,0.26,0.8018,0.9495
7496,2023-03-19,2270,York Regional Health Unit,0.0725,296.0,0.24,0.8769,0.9705
7497,2023-03-19,2268,Windsor-Essex County Health Unit,0.1339,218.0,0.51,0.6039,0.9539
7498,2023-03-19,2262,Thunder Bay District Health Unit,0.1077,89.0,0.59,0.9332,0.987
7499,2023-03-19,2256,Porcupine Health Unit,0.0692,23.0,0.27,0.72,0.96
7500,2023-03-19,2260,Simcoe Muskoka District Health Unit,0.1052,193.0,0.32,0.8576,0.9472
7501,2023-03-19,2257,Renfrew County and District Health Unit,0.1139,34.0,0.31,0.716,0.8971
7502,2023-03-19,2249,Northwestern Health Unit,0.1045,41.0,0.47,0.9017,0.939
7503,2023-03-19,2255,Peterborough County-City Health Unit,0.1201,62.0,0.42,0.8797,0.9265
7504,2023-03-19,2253,Peel Regional Health Unit,0.0928,402.0,0.25,0.9057,0.9705
7505,2023-03-19,35,Ontario,0.1065,4558.0,0.31,0.8572,0.9597
7506,2023-03-19,2243,"Leeds, Grenville and Lanark District Health Unit",0.1529,61.0,0.35,0.9277,0.9928
7507,2023-03-19,2246,Niagara Regional Area Health Unit,0.1631,121.0,0.26,0.7972,0.9587
7508,2023-03-19,2244,Middlesex-London Health Unit,0.0764,178.0,0.35,0.8649,0.9827
7509,2023-03-19,2258,Eastern Ontario Health Unit,0.1254,80.0,0.38,0.9246,0.991
7510,2023-03-19,2233,Grey Bruce Health Unit,0.0828,48.0,0.28,0.8232,0.9634
7511,2023-03-19,2235,"Haliburton, Kawartha, Pine Ridge District Health Unit",0.1212,79.0,0.42,0.8453,0.9385
7512,2023-03-19,2234,Haldimand-Norfolk Health Unit,0.1737,27.0,0.24,0.8883,0.9777
7513,2023-03-19,2230,Durham Regional Health Unit,0.0891,274.0,0.38,0.7657,0.8873
7514,2023-03-19,2227,Brant County Health Unit,0.0952,57.0,0.37,0.8518,0.9322
7515,2023-03-19,2226,District of Algoma Health Unit,0.1616,42.0,0.37,0.8881,0.9424
7516,2023-03-19,2237,City of Hamilton Health Unit,0.1706,192.0,0.32,0.9452,0.9832
7517,2023-03-19,2240,Chatham-Kent Health Unit,0.2198,46.0,0.43,0.8223,0.9759
7518,2023-03-19,2261,Sudbury and District Health Unit,0.088,131.0,0.66,0.9106,0.9868
7519,2023-03-19,2242,Lambton Health Unit,0.1111,22.0,0.17,0.7212,0.9576
7520,2023-03-19,5183,Huron Perth Health Unit,0.0984,54.0,0.38,0.8293,0.9813
7521,2023-03-19,4913,Southwestern Public Health,0.1111,77.0,0.36,0.8527,0.9797
7522,2023-03-19,2247,North Bay Parry Sound District Health Unit,0.0838,49.0,0.38,0.9482,0.9909
7523,2023-03-19,2236,Halton Regional Health Unit,0.1057,96.0,0.16,0.7433,0.865
7524,2023-03-19,2251,City of Ottawa Health Unit,0.1439,225.0,0.21,0.9152,0.97
7525,2023-03-19,2265,Waterloo Health Unit,0.1384,119.0,0.2,0.7503,0.9552
7526,2023-03-18,2234,Haldimand-Norfolk Health Unit,0.1685,25.0,0.22,0.8736,0.978
7527,2023-03-18,2255,Peterborough County-City Health Unit,0.1312,58.0,0.39,0.8849,0.9278
7528,2023-03-18,2268,Windsor-Essex County Health Unit,0.1355,207.0,0.49,0.5937,0.9544
7529,2023-03-18,2242,Lambton Health Unit,0.1032,22.0,0.17,0.7219,0.9467
7530,2023-03-18,4913,Southwestern Public Health,0.104,76.0,0.36,0.8035,0.986
7531,2023-03-18,2244,Middlesex-London Health Unit,0.0727,177.0,0.35,0.8631,0.9853
7532,2023-03-18,2266,Wellington-Dufferin-Guelph Health Unit,0.1346,80.0,0.26,0.8071,0.9575
7533,2023-03-18,2233,Grey Bruce Health Unit,0.0736,47.0,0.27,0.8221,0.9601
7534,2023-03-18,2262,Thunder Bay District Health Unit,0.1018,86.0,0.57,0.9316,0.985
7535,2023-03-18,2261,Sudbury and District Health Unit,0.0871,131.0,0.66,0.9441,0.9888
7536,2023-03-18,2257,Renfrew County and District Health Unit,0.1202,33.0,0.31,0.6803,0.881
7537,2023-03-18,2256,Porcupine Health Unit,0.0828,22.0,0.27,0.7115,0.9423
7538,2023-03-18,2247,North Bay Parry Sound District Health Unit,0.0792,49.0,0.38,0.9489,0.991
7539,2023-03-18,35,Ontario,0.1061,4533.0,0.31,0.8536,0.9591
7540,2023-03-18,2249,Northwestern Health Unit,0.1099,40.0,0.46,0.9007,0.9384
7541,2023-03-18,2240,Chatham-Kent Health Unit,0.2219,47.0,0.44,0.819,0.9746
7542,2023-03-18,2236,Halton Regional Health Unit,0.1036,97.0,0.16,0.7358,0.8584
7543,2023-03-18,5183,Huron Perth Health Unit,0.1,54.0,0.39,0.8198,0.9802
7544,2023-03-18,2238,Hastings and Prince Edward Counties Health Unit,0.133,81.0,0.48,0.8783,0.9841
7545,2023-03-18,2258,Eastern Ontario Health Unit,0.1186,81.0,0.39,0.9298,0.9947
7546,2023-03-18,2235,"Haliburton, Kawartha, Pine Ridge District Health Unit",0.125,77.0,0.41,0.8471,0.9385
7547,2023-03-18,2226,District of Algoma Health Unit,0.1605,43.0,0.37,0.8896,0.9431
7548,2023-03-18,2251,City of Ottawa Health Unit,0.142,218.0,0.21,0.9132,0.97
7549,2023-03-18,3895,City of Toronto Health Unit,0.0793,919.0,0.29,0.901,0.9709
7550,2023-03-18,2265,Waterloo Health Unit,0.1429,119.0,0.2,0.7216,0.9514
7551,2023-03-18,2227,Brant County Health Unit,0.1073,55.0,0.35,0.8459,0.9324
7552,2023-03-18,2263,Timiskaming Health Unit,0.0472,15.0,0.46,0.514,0.8598
7553,2023-03-18,2270,York Regional Health Unit,0.0734,294.0,0.24,0.8715,0.9689
7554,2023-03-18,2243,"Leeds, Grenville and Lanark District Health Unit",0.1569,58.0,0.34,0.9241,0.9848
7555,2023-03-18,2237,City of Hamilton Health Unit,0.165,196.0,0.33,0.9447,0.9813
7556,2023-03-18,2253,Peel Regional Health Unit,0.0893,408.0,0.25,0.9044,0.9696
7557,2023-03-18,2241,"Kingston, Frontenac and Lennox and Addington Health Unit",0.099,85.0,0.4,0.9494,0.9831
7558,2023-03-18,2230,Durham Regional Health Unit,0.0924,275.0,0.39,0.7576,0.8822
7559,2023-03-18,2260,Simcoe Muskoka District Health Unit,0.1073,194.0,0.32,0.8362,0.9452
7560,2023-03-18,2246,Niagara Regional Area Health Unit,0.1641,122.0,0.26,0.7951,0.9558
7561,2023-03-17,2253,Peel Regional Health Unit,0.0859,412.0,0.26,0.907,0.9696
7562,2023-03-17,2265,Waterloo Health Unit,0.1467,116.0,0.2,0.7103,0.9446
7563,2023-03-17,2246,Niagara Regional Area Health Unit,0.1509,121.0,0.26,0.8076,0.9501
7564,2023-03-17,2249,Northwestern Health Unit,0.106,40.0,0.46,0.8754,0.9226
7565,2023-03-17,2262,Thunder Bay District Health Unit,0.101,85.0,0.57,0.9316,0.9744
7566,2023-03-17,2263,Timiskaming Health Unit,0.0472,15.0,0.46,0.4667,0.85
7567,2023-03-17,2266,Wellington-Dufferin-Guelph Health Unit,0.132,79.0,0.25,0.8106,0.9545
7568,2023-03-17,2260,Simcoe Muskoka District Health Unit,0.1142,193.0,0.32,0.834,0.9437
7569,2023-03-17,2261,Sudbury and District Health Unit,0.086,133.0,0.67,0.9493,0.985
7570,2023-03-17,4913,Southwestern Public Health,0.105,75.0,0.35,0.7944,0.9869
7571,2023-03-17,2256,Porcupine Health Unit,0.075,23.0,0.27,0.681,0.9325
7572,2023-03-17,2255,Peterborough County-City Health Unit,0.1271,60.0,0.4,0.8623,0.9343
7573,2023-03-17,5183,Huron Perth Health Unit,0.1106,57.0,0.41,0.8142,0.9707
7574,2023-03-17,3895,City of Toronto Health Unit,0.0796,915.0,0.29,0.8993,0.9683
7575,2023-03-17,2243,"Leeds, Grenville and Lanark District Health Unit",0.1504,57.0,0.33,0.9177,0.9825
7576,2023-03-17,2242,Lambton Health Unit,0.1152,24.0,0.18,0.7313,0.95
7577,2023-03-17,2235,"Haliburton, Kawartha, Pine Ridge District Health Unit",0.1218,79.0,0.42,0.8479,0.9374
7578,2023-03-17,2241,"Kingston, Frontenac and Lennox and Addington Health Unit",0.1007,84.0,0.39,0.9455,0.9802
7579,2023-03-17,2238,Hastings and Prince Edward Counties Health Unit,0.1237,81.0,0.48,0.9339,0.9817
7580,2023-03-17,2236,Halton Regional Health Unit,0.1047,97.0,0.16,0.732,0.8515
7581,2023-03-17,2230,Durham Regional Health Unit,0.092,267.0,0.37,0.757,0.8785
7582,2023-03-17,2258,Eastern Ontario Health Unit,0.1211,81.0,0.39,0.925,0.9945
7583,2023-03-17,2233,Grey Bruce Health Unit,0.0828,47.0,0.27,0.8201,0.9604
7584,2023-03-17,2270,York Regional Health Unit,0.0709,294.0,0.24,0.8665,0.9647
7585,2023-03-17,2251,City of Ottawa Health Unit,0.1401,221.0,0.21,0.908,0.9672
7586,2023-03-17,2227,Brant County Health Unit,0.1175,52.0,0.34,0.8571,0.9353
7587,2023-03-17,2237,City of Hamilton Health Unit,0.1678,195.0,0.33,0.9448,0.9819
7588,2023-03-17,2247,North Bay Parry Sound District Health Unit,0.092,48.0,0.37,0.954,0.9908
7589,2023-03-17,35,Ontario,0.1063,4516.0,0.3,0.8554,0.9563
7590,2023-03-17,2268,Windsor-Essex County Health Unit,0.1441,200.0,0.47,0.6349,0.9507
7591,2023-03-17,2257,Renfrew County and District Health Unit,0.1083,34.0,0.32,0.6628,0.8527
7592,2023-03-17,2244,Middlesex-London Health Unit,0.0693,173.0,0.34,0.8571,0.9861
7593,2023-03-17,2234,Haldimand-Norfolk Health Unit,0.1782,25.0,0.22,0.8757,0.9774
7594,2023-03-17,2226,District of Algoma Health Unit,0.1706,43.0,0.37,0.8738,0.9369
7595,2023-03-17,2240,Chatham-Kent Health Unit,0.2226,46.0,0.43,0.8289,0.9732
7596,2023-03-16,35,Ontario,0.1048,4481.0,0.3,0.8519,0.9522
7597,2023-03-16,2255,Peterborough County-City Health Unit,0.1425,63.0,0.43,0.8675,0.9277
7598,2023-03-16,4913,Southwestern Public Health,0.1024,77.0,0.36,0.7974,0.9872
7599,2023-03-16,2268,Windsor-Essex County Health Unit,0.1489,195.0,0.46,0.6682,0.9466
7600,2023-03-16,2270,York Regional Health Unit,0.0678,293.0,0.24,0.8536,0.9586
7601,2023-03-16,2262,Thunder Bay District Health Unit,0.1019,83.0,0.55,0.9527,0.9818
7602,2023-03-16,2265,Waterloo Health Unit,0.1473,115.0,0.2,0.7062,0.9481
7603,2023-03-16,2243,"Leeds, Grenville and Lanark District Health Unit",0.1478,58.0,0.33,0.8921,0.9843
7604,2023-03-16,2257,Renfrew County and District Health Unit,0.1169,35.0,0.33,0.6084,0.8392
7605,2023-03-16,2260,Simcoe Muskoka District Health Unit,0.1257,192.0,0.32,0.8111,0.9287
7606,2023-03-16,2258,Eastern Ontario Health Unit,0.1267,76.0,0.36,0.9267,0.9881
7607,2023-03-16,2244,Middlesex-London Health Unit,0.0684,167.0,0.33,0.8828,0.9867
7608,2023-03-16,2247,North Bay Parry Sound District Health Unit,0.0967,47.0,0.36,0.9506,0.9907
7609,2023-03-16,2246,Niagara Regional Area Health Unit,0.139,120.0,0.25,0.7967,0.9518
7610,2023-03-16,5183,Huron Perth Health Unit,0.115,57.0,0.41,0.83,0.97
7611,2023-03-16,2242,Lambton Health Unit,0.0994,23.0,0.18,0.6908,0.9539
7612,2023-03-16,2241,"Kingston, Frontenac and Lennox and Addington Health Unit",0.099,84.0,0.39,0.9538,0.9868
7613,2023-03-16,2234,Haldimand-Norfolk Health Unit,0.1768,26.0,0.23,0.8883,0.9787
7614,2023-03-16,2236,Halton Regional Health Unit,0.1185,93.0,0.15,0.7455,0.847
7615,2023-03-16,2235,"Haliburton, Kawartha, Pine Ridge District Health Unit",0.1109,81.0,0.43,0.8571,0.9385
7616,2023-03-16,2227,Brant County Health Unit,0.1153,53.0,0.34,0.8774,0.9319
7617,2023-03-16,2230,Durham Regional Health Unit,0.0871,271.0,0.38,0.7458,0.8717
7618,2023-03-16,2240,Chatham-Kent Health Unit,0.1789,41.0,0.38,0.8394,0.9745
7619,2023-03-16,2251,City of Ottawa Health Unit,0.1329,216.0,0.2,0.9044,0.9664
7620,2023-03-16,2237,City of Hamilton Health Unit,0.1688,190.0,0.32,0.9499,0.9795
7621,2023-03-16,2226,District of Algoma Health Unit,0.1793,41.0,0.36,0.8728,0.9399
7622,2023-03-16,3895,City of Toronto Health Unit,0.0762,920.0,0.29,0.8908,0.9615
7623,2023-03-16,2266,Wellington-Dufferin-Guelph Health Unit,0.1326,78.0,0.25,0.8077,0.95
7624,2023-03-16,2263,Timiskaming Health Unit,0.0481,15.0,0.45,0.4495,0.8532
7625,2023-03-16,2256,Porcupine Health Unit,0.0566,23.0,0.27,0.6913,0.9262
7626,2023-03-16,2261,Sudbury and District Health Unit,0.0797,125.0,0.63,0.9449,0.9801
7627,2023-03-16,2253,Peel Regional Health Unit,0.0862,418.0,0.26,0.8991,0.9675
7628,2023-03-16,2249,Northwestern Health Unit,0.1039,40.0,0.45,0.8818,0.9291
7629,2023-03-16,2238,Hastings and Prince Edward Counties Health Unit,0.1245,77.0,0.46,0.9273,0.979
7630,2023-03-16,2233,Grey Bruce Health Unit,0.0729,47.0,0.28,0.7981,0.9534
7631,2023-03-15,2256,Porcupine Health Unit,0.0595,24.0,0.29,0.6752,0.879
7632,2023-03-15,2261,Sudbury and District Health Unit,0.0759,124.0,0.62,0.9434,0.9803
7633,2023-03-15,2260,Simcoe Muskoka District Health Unit,0.1247,196.0,0.33,0.7793,0.8907
7634,2023-03-15,2266,Wellington-Dufferin-Guelph Health Unit,0.1267,73.0,0.23,0.7836,0.9366
7635,2023-03-15,2270,York Regional Health Unit,0.0653,291.0,0.24,0.8504,0.949
7636,2023-03-15,2268,Windsor-Essex County Health Unit,0.1516,188.0,0.44,0.7034,0.9553
7637,2023-03-15,2262,Thunder Bay District Health Unit,0.1093,81.0,0.54,0.9315,0.9789
7638,2023-03-15,2263,Timiskaming Health Unit,0.0455,16.0,0.48,0.4234,0.8468
7639,2023-03-15,2235,"Haliburton, Kawartha, Pine Ridge District Health Unit",0.1054,84.0,0.44,0.8554,0.9295
7640,2023-03-15,2247,North Bay Parry Sound District Health Unit,0.0973,43.0,0.33,0.9433,0.99
7641,2023-03-15,2249,Northwestern Health Unit,0.122,42.0,0.48,0.8279,0.8864
7642,2023-03-15,2253,Peel Regional Health Unit,0.0887,406.0,0.25,0.8972,0.9667
7643,2023-03-15,35,Ontario,0.1068,4469.0,0.3,0.8421,0.9365
7644,2023-03-15,2243,"Leeds, Grenville and Lanark District Health Unit",0.1399,62.0,0.36,0.886,0.981
7645,2023-03-15,2244,Middlesex-London Health Unit,0.0694,171.0,0.34,0.9298,0.9867
7646,2023-03-15,2238,Hastings and Prince Edward Counties Health Unit,0.0936,72.0,0.43,0.931,0.977
7647,2023-03-15,5183,Huron Perth Health Unit,0.1269,57.0,0.41,0.8305,0.9582
7648,2023-03-15,2234,Haldimand-Norfolk Health Unit,0.2176,28.0,0.24,0.8703,0.973
7649,2023-03-15,3895,City of Toronto Health Unit,0.0789,916.0,0.29,0.8681,0.934
7650,2023-03-15,2230,Durham Regional Health Unit,0.0982,266.0,0.37,0.67,0.7846
7651,2023-03-15,2226,District of Algoma Health Unit,0.1847,41.0,0.36,0.8893,0.9464
7652,2023-03-15,2227,Brant County Health Unit,0.1146,55.0,0.35,0.8833,0.9469
7653,2023-03-15,2237,City of Hamilton Health Unit,0.162,190.0,0.32,0.9518,0.98
7654,2023-03-15,2240,Chatham-Kent Health Unit,0.1786,40.0,0.38,0.8522,0.9759
7655,2023-03-15,2233,Grey Bruce Health Unit,0.0836,44.0,0.26,0.7898,0.949
7656,2023-03-15,2242,Lambton Health Unit,0.1149,21.0,0.16,0.7114,0.9597
7657,2023-03-15,2236,Halton Regional Health Unit,0.1265,93.0,0.15,0.7767,0.8756
7658,2023-03-15,2258,Eastern Ontario Health Unit,0.1196,73.0,0.35,0.9197,0.9839
7659,2023-03-15,2257,Renfrew County and District Health Unit,0.124,36.0,0.33,0.5782,0.8
7660,2023-03-15,2255,Peterborough County-City Health Unit,0.1548,68.0,0.46,0.86,0.9263
7661,2023-03-15,2265,Waterloo Health Unit,0.1552,114.0,0.2,0.7145,0.9462
7662,2023-03-15,4913,Southwestern Public Health,0.1013,79.0,0.37,0.8192,0.9904
7663,2023-03-15,2251,City of Ottawa Health Unit,0.1332,225.0,0.21,0.9084,0.9642
7664,2023-03-15,2246,Niagara Regional Area Health Unit,0.1476,120.0,0.25,0.7952,0.9497
7665,2023-03-15,2241,"Kingston, Frontenac and Lennox and Addington Health Unit",0.0942,88.0,0.41,0.9478,0.9837
7666,2023-03-14,2238,Hastings and Prince Edward Counties Health Unit,0.0873,72.0,0.43,0.925,0.9635
7667,2023-03-14,2257,Renfrew County and District Health Unit,0.1221,37.0,0.34,0.5795,0.7951
7668,2023-03-14,2256,Porcupine Health Unit,0.0692,23.0,0.27,0.7226,0.8581
7669,2023-03-14,4913,Southwestern Public Health,0.0953,76.0,0.36,0.8222,0.9885
7670,2023-03-14,2262,Thunder Bay District Health Unit,0.1089,77.0,0.52,0.9232,0.9744
7671,2023-03-14,2265,Waterloo Health Unit,0.1523,119.0,0.2,0.7192,0.9419
7672,2023-03-14,2268,Windsor-Essex County Health Unit,0.1549,192.0,0.45,0.6808,0.9716
7673,2023-03-14,2266,Wellington-Dufferin-Guelph Health Unit,0.1235,73.0,0.23,0.7824,0.937
7674,2023-03-14,2253,Peel Regional Health Unit,0.0833,408.0,0.25,0.9172,0.9706
7675,2023-03-14,5183,Huron Perth Health Unit,0.116,58.0,0.41,0.8477,0.9607
7676,2023-03-14,2255,Peterborough County-City Health Unit,0.1467,74.0,0.5,0.8439,0.8981
7677,2023-03-14,2242,Lambton Health Unit,0.0987,22.0,0.17,0.7518,0.9645
7678,2023-03-14,35,Ontario,0.1069,4512.0,0.3,0.8477,0.9384
7679,2023-03-14,2249,Northwestern Health Unit,0.1174,40.0,0.46,0.8389,0.8926
7680,2023-03-14,2226,District of Algoma Health Unit,0.1715,39.0,0.34,0.9419,0.9845
7681,2023-03-14,2243,"Leeds, Grenville and Lanark District Health Unit",0.1565,61.0,0.35,0.8915,0.9761
7682,2023-03-14,2244,Middlesex-London Health Unit,0.073,170.0,0.34,0.9217,0.9871
7683,2023-03-14,2230,Durham Regional Health Unit,0.1015,270.0,0.38,0.6998,0.8063
7684,2023-03-14,2258,Eastern Ontario Health Unit,0.1159,69.0,0.33,0.9179,0.9774
7685,2023-03-14,2234,Haldimand-Norfolk Health Unit,0.2079,25.0,0.22,0.8663,0.9651
7686,2023-03-14,2233,Grey Bruce Health Unit,0.086,45.0,0.26,0.8219,0.9555
7687,2023-03-14,2251,City of Ottawa Health Unit,0.124,235.0,0.22,0.9103,0.9654
7688,2023-03-14,2240,Chatham-Kent Health Unit,0.1575,42.0,0.39,0.8759,0.9858
7689,2023-03-14,3895,City of Toronto Health Unit,0.0803,925.0,0.3,0.8798,0.9376
7690,2023-03-14,2227,Brant County Health Unit,0.1307,54.0,0.35,0.8451,0.9239
7691,2023-03-14,2236,Halton Regional Health Unit,0.1453,92.0,0.15,0.7688,0.8891
7692,2023-03-14,2261,Sudbury and District Health Unit,0.084,124.0,0.62,0.9447,0.9867
7693,2023-03-14,2235,"Haliburton, Kawartha, Pine Ridge District Health Unit",0.0935,81.0,0.43,0.8278,0.9123
7694,2023-03-14,2270,York Regional Health Unit,0.0657,300.0,0.24,0.8481,0.9454
7695,2023-03-14,2260,Simcoe Muskoka District Health Unit,0.1309,199.0,0.33,0.7904,0.8868
7696,2023-03-14,2237,City of Hamilton Health Unit,0.1741,196.0,0.33,0.9534,0.9799
7697,2023-03-14,2241,"Kingston, Frontenac and Lennox and Addington Health Unit",0.0832,89.0,0.42,0.94,0.9815
7698,2023-03-14,2263,Timiskaming Health Unit,0.0459,16.0,0.48,0.6146,0.9063
7699,2023-03-14,2246,Niagara Regional Area Health Unit,0.1452,120.0,0.25,0.7803,0.9451
7700,2023-03-14,2247,North Bay Parry Sound District Health Unit,0.11,44.0,0.34,0.9379,0.9876
7701,2023-03-13,2251,City of Ottawa Health Unit,0.1206,242.0,0.23,0.9185,0.9762
7702,2023-03-13,2263,Timiskaming Health Unit,0.0325,18.0,0.54,0.6696,0.9375
7703,2023-03-13,2266,Wellington-Dufferin-Guelph Health Unit,0.1343,71.0,0.23,0.7878,0.943
7704,2023-03-13,2243,"Leeds, Grenville and Lanark District Health Unit",0.1478,67.0,0.39,0.8621,0.9698
7705,2023-03-13,2257,Renfrew County and District Health Unit,0.1099,39.0,0.36,0.6095,0.8102
7706,2023-03-13,2270,York Regional Health Unit,0.0708,303.0,0.25,0.8524,0.9462
7707,2023-03-13,2260,Simcoe Muskoka District Health Unit,0.1344,200.0,0.33,0.7916,0.887
7708,2023-03-13,2261,Sudbury and District Health Unit,0.0933,129.0,0.65,0.9468,0.985
7709,2023-03-13,4913,Southwestern Public Health,0.1008,75.0,0.36,0.8265,0.9925
7710,2023-03-13,2253,Peel Regional Health Unit,0.0835,412.0,0.26,0.9189,0.9673
7711,2023-03-13,2256,Porcupine Health Unit,0.0759,23.0,0.27,0.7548,0.8581
7712,2023-03-13,2255,Peterborough County-City Health Unit,0.1235,81.0,0.55,0.8072,0.9013
7713,2023-03-13,2246,Niagara Regional Area Health Unit,0.145,121.0,0.26,0.7815,0.9434
7714,2023-03-13,2249,Northwestern Health Unit,0.1069,41.0,0.47,0.8352,0.8927
7715,2023-03-13,2230,Durham Regional Health Unit,0.0852,280.0,0.39,0.6903,0.805
7716,2023-03-13,2247,North Bay Parry Sound District Health Unit,0.1125,46.0,0.35,0.9429,0.988
7717,2023-03-13,2242,Lambton Health Unit,0.1267,21.0,0.16,0.7616,0.9603
7718,2023-03-13,2227,Brant County Health Unit,0.126,53.0,0.34,0.8542,0.9361
7719,2023-03-13,2235,"Haliburton, Kawartha, Pine Ridge District Health Unit",0.0906,79.0,0.42,0.8223,0.9086
7720,2023-03-13,2238,Hastings and Prince Edward Counties Health Unit,0.0963,70.0,0.41,0.9259,0.9602
7721,2023-03-13,2236,Halton Regional Health Unit,0.1538,93.0,0.15,0.7718,0.8889
7722,2023-03-13,2233,Grey Bruce Health Unit,0.097,43.0,0.25,0.8462,0.9766
7723,2023-03-13,3895,City of Toronto Health Unit,0.0795,926.0,0.3,0.8829,0.9392
7724,2023-03-13,2241,"Kingston, Frontenac and Lennox and Addington Health Unit",0.0915,89.0,0.42,0.9359,0.9766
7725,2023-03-13,2237,City of Hamilton Health Unit,0.1574,202.0,0.34,0.9575,0.9844
7726,2023-03-13,35,Ontario,0.1059,4538.0,0.31,0.8483,0.9395
7727,2023-03-13,2262,Thunder Bay District Health Unit,0.1145,79.0,0.52,0.9202,0.9722
7728,2023-03-13,2265,Waterloo Health Unit,0.1543,119.0,0.2,0.7335,0.9487
7729,2023-03-13,2240,Chatham-Kent Health Unit,0.1523,43.0,0.41,0.8691,0.9966
7730,2023-03-13,2234,Haldimand-Norfolk Health Unit,0.2,25.0,0.22,0.8727,0.9758
7731,2023-03-13,2258,Eastern Ontario Health Unit,0.0972,71.0,0.34,0.9196,0.9814
7732,2023-03-13,2244,Middlesex-London Health Unit,0.0861,146.0,0.29,0.9114,0.9806
7733,2023-03-13,5183,Huron Perth Health Unit,0.1235,59.0,0.42,0.8182,0.9524
7734,2023-03-13,2226,District of Algoma Health Unit,0.1747,38.0,0.34,0.9179,0.9627
7735,2023-03-13,2268,Windsor-Essex County Health Unit,0.149,191.0,0.45,0.6672,0.965
7736,2023-03-12,2240,Chatham-Kent Health Unit,0.16,43.0,0.4,0.8658,0.9968
7737,2023-03-12,4913,Southwestern Public Health,0.086,76.0,0.36,0.8279,0.9885
7738,2023-03-12,2247,North Bay Parry Sound District Health Unit,0.1269,47.0,0.36,0.9488,0.9849
7739,2023-03-12,2261,Sudbury and District Health Unit,0.0862,138.0,0.69,0.9432,0.9828
7740,2023-03-12,2262,Thunder Bay District Health Unit,0.1053,79.0,0.52,0.9229,0.9767
7741,2023-03-12,2265,Waterloo Health Unit,0.1642,124.0,0.21,0.7179,0.9365
7742,2023-03-12,2263,Timiskaming Health Unit,0.042,17.0,0.52,0.6514,0.9358
7743,2023-03-12,2257,Renfrew County and District Health Unit,0.1357,40.0,0.37,0.6045,0.8134
7744,2023-03-12,2260,Simcoe Muskoka District Health Unit,0.1353,206.0,0.34,0.8017,0.8915
7745,2023-03-12,35,Ontario,0.1053,4548.0,0.31,0.8471,0.9387
7746,2023-03-12,2251,City of Ottawa Health Unit,0.121,241.0,0.23,0.912,0.9758
7747,2023-03-12,2253,Peel Regional Health Unit,0.0821,416.0,0.26,0.9182,0.9661
7748,2023-03-12,2255,Peterborough County-City Health Unit,0.1237,81.0,0.55,0.8344,0.9315
7749,2023-03-12,2246,Niagara Regional Area Health Unit,0.1407,122.0,0.26,0.7625,0.9365
7750,2023-03-12,2242,Lambton Health Unit,0.1419,21.0,0.16,0.7483,0.958
7751,2023-03-12,2241,"Kingston, Frontenac and Lennox and Addington Health Unit",0.0973,91.0,0.43,0.9338,0.9735
7752,2023-03-12,2236,Halton Regional Health Unit,0.148,96.0,0.15,0.7717,0.8837
7753,2023-03-12,2235,"Haliburton, Kawartha, Pine Ridge District Health Unit",0.1044,81.0,0.43,0.8438,0.9236
7754,2023-03-12,2258,Eastern Ontario Health Unit,0.0881,68.0,0.33,0.9185,0.9796
7755,2023-03-12,2230,Durham Regional Health Unit,0.0835,279.0,0.39,0.7024,0.8079
7756,2023-03-12,2244,Middlesex-London Health Unit,0.0843,152.0,0.3,0.9034,0.9745
7757,2023-03-12,2270,York Regional Health Unit,0.0793,297.0,0.24,0.8496,0.9439
7758,2023-03-12,2243,"Leeds, Grenville and Lanark District Health Unit",0.1151,63.0,0.37,0.8509,0.9752
7759,2023-03-12,2256,Porcupine Health Unit,0.0778,24.0,0.29,0.7363,0.8297
7760,2023-03-12,2268,Windsor-Essex County Health Unit,0.1392,195.0,0.46,0.6859,0.9599
7761,2023-03-12,2266,Wellington-Dufferin-Guelph Health Unit,0.1693,73.0,0.24,0.7684,0.9303
7762,2023-03-12,2249,Northwestern Health Unit,0.0888,37.0,0.42,0.8429,0.908
7763,2023-03-12,2233,Grey Bruce Health Unit,0.0993,43.0,0.25,0.7813,0.9625
7764,2023-03-12,2237,City of Hamilton Health Unit,0.1564,200.0,0.34,0.9473,0.9801
7765,2023-03-12,2227,Brant County Health Unit,0.1169,55.0,0.35,0.8387,0.9305
7766,2023-03-12,3895,City of Toronto Health Unit,0.0764,903.0,0.29,0.8836,0.9384
7767,2023-03-12,2226,District of Algoma Health Unit,0.1992,38.0,0.33,0.8959,0.9517
7768,2023-03-12,5183,Huron Perth Health Unit,0.1216,62.0,0.45,0.7987,0.9407
7769,2023-03-12,2234,Haldimand-Norfolk Health Unit,0.1796,24.0,0.21,0.8713,0.9766
7770,2023-03-12,2238,Hastings and Prince Edward Counties Health Unit,0.0914,75.0,0.45,0.9393,0.9688
7771,2023-03-11,3895,City of Toronto Health Unit,0.0762,898.0,0.29,0.8792,0.9377
7772,2023-03-11,2242,Lambton Health Unit,0.1399,20.0,0.16,0.7376,0.9716
7773,2023-03-11,2258,Eastern Ontario Health Unit,0.0964,68.0,0.33,0.9148,0.9771
7774,2023-03-11,2253,Peel Regional Health Unit,0.0827,418.0,0.26,0.9188,0.967
7775,2023-03-11,2270,York Regional Health Unit,0.0797,298.0,0.24,0.8298,0.9434
7776,2023-03-11,2268,Windsor-Essex County Health Unit,0.1254,200.0,0.47,0.6882,0.9591
7777,2023-03-11,2263,Timiskaming Health Unit,0.0357,16.0,0.49,0.6455,0.9455
7778,2023-03-11,2262,Thunder Bay District Health Unit,0.1028,81.0,0.54,0.927,0.9786
7779,2023-03-11,2246,Niagara Regional Area Health Unit,0.1452,124.0,0.26,0.754,0.9391
7780,2023-03-11,2260,Simcoe Muskoka District Health Unit,0.1375,202.0,0.34,0.7916,0.8929
7781,2023-03-11,2257,Renfrew County and District Health Unit,0.1402,38.0,0.35,0.5783,0.7631
7782,2023-03-11,2230,Durham Regional Health Unit,0.0834,286.0,0.4,0.6991,0.8107
7783,2023-03-11,35,Ontario,0.1063,4592.0,0.31,0.8438,0.9374
7784,2023-03-11,2244,Middlesex-London Health Unit,0.09,156.0,0.31,0.9039,0.9724
7785,2023-03-11,2241,"Kingston, Frontenac and Lennox and Addington Health Unit",0.0987,96.0,0.45,0.9395,0.9764
7786,2023-03-11,5183,Huron Perth Health Unit,0.1233,65.0,0.46,0.7879,0.9394
7787,2023-03-11,2234,Haldimand-Norfolk Health Unit,0.1647,24.0,0.21,0.8772,0.9708
7788,2023-03-11,2235,"Haliburton, Kawartha, Pine Ridge District Health Unit",0.1081,83.0,0.44,0.8314,0.9271
7789,2023-03-11,2227,Brant County Health Unit,0.1117,58.0,0.37,0.8486,0.933
7790,2023-03-11,2237,City of Hamilton Health Unit,0.1574,199.0,0.34,0.9409,0.9781
7791,2023-03-11,2240,Chatham-Kent Health Unit,0.1614,45.0,0.42,0.8545,0.9938
7792,2023-03-11,2249,Northwestern Health Unit,0.093,37.0,0.42,0.834,0.9057
7793,2023-03-11,2226,District of Algoma Health Unit,0.1917,38.0,0.33,0.9019,0.9509
7794,2023-03-11,2255,Peterborough County-City Health Unit,0.144,86.0,0.58,0.829,0.9306
7795,2023-03-11,2247,North Bay Parry Sound District Health Unit,0.1265,49.0,0.37,0.9588,0.9853
7796,2023-03-11,2236,Halton Regional Health Unit,0.1521,97.0,0.16,0.7716,0.8821
7797,2023-03-11,2251,City of Ottawa Health Unit,0.124,245.0,0.23,0.9088,0.9743
7798,2023-03-11,2233,Grey Bruce Health Unit,0.099,43.0,0.25,0.7796,0.9553
7799,2023-03-11,2243,"Leeds, Grenville and Lanark District Health Unit",0.1253,67.0,0.39,0.8523,0.9789
7800,2023-03-11,2256,Porcupine Health Unit,0.0678,25.0,0.3,0.7268,0.8196
7801,2023-03-11,2265,Waterloo Health Unit,0.1665,126.0,0.22,0.7253,0.931
7802,2023-03-11,2266,Wellington-Dufferin-Guelph Health Unit,0.1847,73.0,0.23,0.7519,0.913
7803,2023-03-11,2261,Sudbury and District Health Unit,0.0913,141.0,0.71,0.9438,0.9829
7804,2023-03-11,2238,Hastings and Prince Edward Counties Health Unit,0.0893,74.0,0.44,0.9414,0.9668
7805,2023-03-11,4913,Southwestern Public Health,0.0808,76.0,0.36,0.8826,0.9858
7806,2023-03-10,2258,Eastern Ontario Health Unit,0.0907,69.0,0.33,0.9077,0.9745
7807,2023-03-10,5183,Huron Perth Health Unit,0.1156,64.0,0.46,0.7911,0.9437
7808,2023-03-10,2257,Renfrew County and District Health Unit,0.15,37.0,0.34,0.532,0.7037
7809,2023-03-10,2268,Windsor-Essex County Health Unit,0.1166,201.0,0.47,0.679,0.9615
7810,2023-03-10,2266,Wellington-Dufferin-Guelph Health Unit,0.197,75.0,0.24,0.7702,0.9192
7811,2023-03-10,2262,Thunder Bay District Health Unit,0.1009,79.0,0.53,0.942,0.9891
7812,2023-03-10,2261,Sudbury and District Health Unit,0.0945,144.0,0.72,0.9511,0.9873
7813,2023-03-10,2235,"Haliburton, Kawartha, Pine Ridge District Health Unit",0.1095,81.0,0.43,0.8136,0.9307
7814,2023-03-10,2256,Porcupine Health Unit,0.0625,25.0,0.3,0.7039,0.8058
7815,2023-03-10,2233,Grey Bruce Health Unit,0.094,46.0,0.27,0.7883,0.9571
7816,2023-03-10,2253,Peel Regional Health Unit,0.0831,411.0,0.26,0.917,0.9671
7817,2023-03-10,2249,Northwestern Health Unit,0.0938,37.0,0.42,0.8594,0.9258
7818,2023-03-10,2243,"Leeds, Grenville and Lanark District Health Unit",0.1224,68.0,0.39,0.846,0.9789
7819,2023-03-10,2238,Hastings and Prince Edward Counties Health Unit,0.099,72.0,0.43,0.9341,0.9671
7820,2023-03-10,3895,City of Toronto Health Unit,0.0757,900.0,0.29,0.8783,0.9371
7821,2023-03-10,2227,Brant County Health Unit,0.1015,58.0,0.37,0.8475,0.93
7822,2023-03-10,2240,Chatham-Kent Health Unit,0.1514,45.0,0.43,0.8605,0.9941
7823,2023-03-10,2237,City of Hamilton Health Unit,0.1589,194.0,0.33,0.9432,0.9801
7824,2023-03-10,2244,Middlesex-London Health Unit,0.0951,159.0,0.31,0.8924,0.9689
7825,2023-03-10,2242,Lambton Health Unit,0.1277,20.0,0.15,0.7483,0.966
7826,2023-03-10,2241,"Kingston, Frontenac and Lennox and Addington Health Unit",0.0994,96.0,0.45,0.9318,0.9791
7827,2023-03-10,2265,Waterloo Health Unit,0.1631,127.0,0.22,0.7336,0.9367
7828,2023-03-10,2230,Durham Regional Health Unit,0.0814,289.0,0.41,0.702,0.8124
7829,2023-03-10,4913,Southwestern Public Health,0.0817,75.0,0.36,0.8929,0.9881
7830,2023-03-10,2270,York Regional Health Unit,0.0777,292.0,0.24,0.8375,0.9496
7831,2023-03-10,2234,Haldimand-Norfolk Health Unit,0.1534,25.0,0.22,0.8807,0.9659
7832,2023-03-10,2246,Niagara Regional Area Health Unit,0.1427,124.0,0.26,0.7503,0.9415
7833,2023-03-10,2263,Timiskaming Health Unit,0.0364,16.0,0.48,0.7455,0.9727
7834,2023-03-10,2247,North Bay Parry Sound District Health Unit,0.1161,50.0,0.39,0.9402,0.9701
7835,2023-03-10,2260,Simcoe Muskoka District Health Unit,0.1331,206.0,0.34,0.7951,0.8959
7836,2023-03-10,2236,Halton Regional Health Unit,0.1468,93.0,0.15,0.7625,0.885
7837,2023-03-10,35,Ontario,0.1051,4584.0,0.31,0.8428,0.9385
7838,2023-03-10,2251,City of Ottawa Health Unit,0.1216,240.0,0.23,0.9096,0.9754
7839,2023-03-10,2226,District of Algoma Health Unit,0.1971,39.0,0.34,0.9368,0.9628
7840,2023-03-10,2255,Peterborough County-City Health Unit,0.1483,83.0,0.56,0.7796,0.9329
7841,2023-03-09,2235,"Haliburton, Kawartha, Pine Ridge District Health Unit",0.1237,82.0,0.43,0.7925,0.9297
7842,2023-03-09,2265,Waterloo Health Unit,0.1564,128.0,0.22,0.7293,0.9377
7843,2023-03-09,4913,Southwestern Public Health,0.0825,74.0,0.35,0.8863,0.9846
7844,2023-03-09,2255,Peterborough County-City Health Unit,0.1371,81.0,0.55,0.7856,0.9411
7845,2023-03-09,2242,Lambton Health Unit,0.1382,22.0,0.17,0.775,0.9563
7846,2023-03-09,2258,Eastern Ontario Health Unit,0.0897,73.0,0.35,0.9039,0.9765
7847,2023-03-09,2251,City of Ottawa Health Unit,0.1185,242.0,0.23,0.9104,0.9754
7848,2023-03-09,2260,Simcoe Muskoka District Health Unit,0.1261,207.0,0.35,0.8052,0.9029
7849,2023-03-09,2270,York Regional Health Unit,0.0831,299.0,0.24,0.8401,0.9508
7850,2023-03-09,2227,Brant County Health Unit,0.0958,58.0,0.37,0.8511,0.9429
7851,2023-03-09,3895,City of Toronto Health Unit,0.0793,903.0,0.29,0.881,0.9415
7852,2023-03-09,2230,Durham Regional Health Unit,0.086,289.0,0.41,0.7122,0.825
7853,2023-03-09,2226,District of Algoma Health Unit,0.1803,42.0,0.37,0.9383,0.9643
7854,2023-03-09,2241,"Kingston, Frontenac and Lennox and Addington Health Unit",0.1079,103.0,0.49,0.9262,0.9805
7855,2023-03-09,2249,Northwestern Health Unit,0.0863,36.0,0.42,0.8246,0.9104
7856,2023-03-09,2246,Niagara Regional Area Health Unit,0.1497,126.0,0.27,0.7455,0.9364
7857,2023-03-09,2253,Peel Regional Health Unit,0.0776,412.0,0.26,0.9144,0.9683
7858,2023-03-09,2238,Hastings and Prince Edward Counties Health Unit,0.1186,76.0,0.45,0.9409,0.9713
7859,2023-03-09,2263,Timiskaming Health Unit,0.0492,17.0,0.53,0.7623,0.9508
7860,2023-03-09,2261,Sudbury and District Health Unit,0.0946,148.0,0.74,0.9576,0.9911
7861,2023-03-09,2262,Thunder Bay District Health Unit,0.0972,81.0,0.54,0.9336,0.9895
7862,2023-03-09,5183,Huron Perth Health Unit,0.1205,63.0,0.45,0.7816,0.9379
7863,2023-03-09,2268,Windsor-Essex County Health Unit,0.1093,205.0,0.48,0.662,0.9647
7864,2023-03-09,2257,Renfrew County and District Health Unit,0.1569,36.0,0.34,0.5758,0.678
7865,2023-03-09,2247,North Bay Parry Sound District Health Unit,0.1264,52.0,0.4,0.9393,0.9683
7866,2023-03-09,2244,Middlesex-London Health Unit,0.0967,160.0,0.31,0.8672,0.9722
7867,2023-03-09,2236,Halton Regional Health Unit,0.1363,93.0,0.15,0.7504,0.882
7868,2023-03-09,2234,Haldimand-Norfolk Health Unit,0.1445,25.0,0.22,0.8286,0.96
7869,2023-03-09,2240,Chatham-Kent Health Unit,0.1618,49.0,0.46,0.8415,0.9942
7870,2023-03-09,35,Ontario,0.1056,4647.0,0.31,0.8424,0.9412
7871,2023-03-09,2266,Wellington-Dufferin-Guelph Health Unit,0.193,78.0,0.25,0.7699,0.9221
7872,2023-03-09,2256,Porcupine Health Unit,0.0582,27.0,0.32,0.7062,0.8057
7873,2023-03-09,2243,"Leeds, Grenville and Lanark District Health Unit",0.125,69.0,0.4,0.8669,0.9792
7874,2023-03-09,2233,Grey Bruce Health Unit,0.0982,47.0,0.27,0.8037,0.9564
7875,2023-03-09,2237,City of Hamilton Health Unit,0.1608,202.0,0.34,0.9398,0.9792
7876,2023-03-08,5183,Huron Perth Health Unit,0.1111,62.0,0.44,0.7616,0.947
7877,2023-03-08,2240,Chatham-Kent Health Unit,0.16,54.0,0.5,0.8656,0.9948
7878,2023-03-08,2234,Haldimand-Norfolk Health Unit,0.1173,23.0,0.2,0.8325,0.9634
7879,2023-03-08,2261,Sudbury and District Health Unit,0.0969,143.0,0.72,0.9428,0.9832
7880,2023-03-08,2241,"Kingston, Frontenac and Lennox and Addington Health Unit",0.1125,102.0,0.48,0.9254,0.981
7881,2023-03-08,2270,York Regional Health Unit,0.091,301.0,0.25,0.8213,0.9546
7882,2023-03-08,2263,Timiskaming Health Unit,0.0333,17.0,0.52,0.75,0.9274
7883,2023-03-08,2260,Simcoe Muskoka District Health Unit,0.1243,205.0,0.34,0.8412,0.9409
7884,2023-03-08,2253,Peel Regional Health Unit,0.0765,426.0,0.27,0.897,0.9668
7885,2023-03-08,2246,Niagara Regional Area Health Unit,0.1365,125.0,0.26,0.7245,0.932
7886,2023-03-08,2235,"Haliburton, Kawartha, Pine Ridge District Health Unit",0.1426,81.0,0.43,0.7892,0.9461
7887,2023-03-08,2230,Durham Regional Health Unit,0.0776,304.0,0.43,0.7645,0.9034
7888,2023-03-08,2237,City of Hamilton Health Unit,0.1696,206.0,0.35,0.941,0.9806
7889,2023-03-08,2262,Thunder Bay District Health Unit,0.0844,80.0,0.53,0.9477,0.991
7890,2023-03-08,2258,Eastern Ontario Health Unit,0.0886,74.0,0.36,0.8914,0.9752
7891,2023-03-08,2226,District of Algoma Health Unit,0.1857,44.0,0.38,0.9205,0.9572
7892,2023-03-08,2251,City of Ottawa Health Unit,0.1243,239.0,0.23,0.9081,0.9809
7893,2023-03-08,2236,Halton Regional Health Unit,0.1453,92.0,0.15,0.729,0.8518
7894,2023-03-08,2233,Grey Bruce Health Unit,0.0912,47.0,0.28,0.7882,0.9559
7895,2023-03-08,2247,North Bay Parry Sound District Health Unit,0.1253,54.0,0.41,0.926,0.9719
7896,2023-03-08,2255,Peterborough County-City Health Unit,0.1259,83.0,0.56,0.7892,0.946
7897,2023-03-08,2257,Renfrew County and District Health Unit,0.1353,38.0,0.35,0.5808,0.6942
7898,2023-03-08,35,Ontario,0.1045,4690.0,0.32,0.8444,0.9548
7899,2023-03-08,4913,Southwestern Public Health,0.0781,75.0,0.35,0.8794,0.9852
7900,2023-03-08,2244,Middlesex-London Health Unit,0.0878,156.0,0.31,0.8565,0.9704
7901,2023-03-08,2242,Lambton Health Unit,0.1235,23.0,0.18,0.7584,0.9494
7902,2023-03-08,2256,Porcupine Health Unit,0.0558,28.0,0.34,0.7206,0.8333
7903,2023-03-08,2268,Windsor-Essex County Health Unit,0.1077,212.0,0.5,0.6315,0.9661
7904,2023-03-08,2265,Waterloo Health Unit,0.1525,131.0,0.22,0.7292,0.9407
7905,2023-03-08,2243,"Leeds, Grenville and Lanark District Health Unit",0.1258,70.0,0.41,0.874,0.978
7906,2023-03-08,2266,Wellington-Dufferin-Guelph Health Unit,0.1914,83.0,0.27,0.7814,0.9186
7907,2023-03-08,2249,Northwestern Health Unit,0.0615,35.0,0.4,0.8797,0.9461
7908,2023-03-08,2238,Hastings and Prince Edward Counties Health Unit,0.1136,78.0,0.46,0.9415,0.9699
7909,2023-03-08,3895,City of Toronto Health Unit,0.0786,899.0,0.29,0.8917,0.9691
7910,2023-03-08,2227,Brant County Health Unit,0.0925,57.0,0.37,0.8692,0.9492
7911,2023-03-07,2241,"Kingston, Frontenac and Lennox and Addington Health Unit",0.129,106.0,0.5,0.9268,0.981
7912,2023-03-07,2253,Peel Regional Health Unit,0.0791,430.0,0.27,0.8827,0.9665
7913,2023-03-07,2258,Eastern Ontario Health Unit,0.0928,75.0,0.36,0.8743,0.9709
7914,2023-03-07,2244,Middlesex-London Health Unit,0.0912,158.0,0.31,0.852,0.9676
7915,2023-03-07,2242,Lambton Health Unit,0.1377,24.0,0.18,0.672,0.9524
7916,2023-03-07,2243,"Leeds, Grenville and Lanark District Health Unit",0.112,71.0,0.41,0.8495,0.9773
7917,2023-03-07,2268,Windsor-Essex County Health Unit,0.1022,212.0,0.5,0.6298,0.9653
7918,2023-03-07,2262,Thunder Bay District Health Unit,0.087,80.0,0.54,0.9569,0.9946
7919,2023-03-07,2257,Renfrew County and District Health Unit,0.1544,41.0,0.37,0.5385,0.7057
7920,2023-03-07,35,Ontario,0.1055,4719.0,0.32,0.8391,0.9624
7921,2023-03-07,2236,Halton Regional Health Unit,0.1433,93.0,0.15,0.7362,0.8569
7922,2023-03-07,2238,Hastings and Prince Edward Counties Health Unit,0.1148,82.0,0.49,0.9403,0.9812
7923,2023-03-07,5183,Huron Perth Health Unit,0.1071,63.0,0.45,0.6843,0.9448
7924,2023-03-07,2234,Haldimand-Norfolk Health Unit,0.1283,27.0,0.23,0.84,0.97
7925,2023-03-07,2226,District of Algoma Health Unit,0.1824,45.0,0.4,0.9074,0.9537
7926,2023-03-07,2266,Wellington-Dufferin-Guelph Health Unit,0.1921,87.0,0.28,0.7496,0.9323
7927,2023-03-07,2240,Chatham-Kent Health Unit,0.1753,55.0,0.52,0.8053,0.9956
7928,2023-03-07,3895,City of Toronto Health Unit,0.0787,902.0,0.29,0.8936,0.9704
7929,2023-03-07,2235,"Haliburton, Kawartha, Pine Ridge District Health Unit",0.1581,83.0,0.44,0.7889,0.9889
7930,2023-03-07,2237,City of Hamilton Health Unit,0.165,203.0,0.34,0.9396,0.9803
7931,2023-03-07,2233,Grey Bruce Health Unit,0.1006,47.0,0.28,0.7522,0.9359
7932,2023-03-07,2260,Simcoe Muskoka District Health Unit,0.1228,202.0,0.34,0.8481,0.9614
7933,2023-03-07,2256,Porcupine Health Unit,0.0462,28.0,0.33,0.7396,0.8438
7934,2023-03-07,2263,Timiskaming Health Unit,0.0598,17.0,0.51,0.7565,0.9304
7935,2023-03-07,2246,Niagara Regional Area Health Unit,0.1305,123.0,0.26,0.7115,0.9328
7936,2023-03-07,2255,Peterborough County-City Health Unit,0.1398,80.0,0.54,0.7856,0.9943
7937,2023-03-07,2247,North Bay Parry Sound District Health Unit,0.1273,54.0,0.42,0.9127,0.9762
7938,2023-03-07,4913,Southwestern Public Health,0.0752,76.0,0.36,0.8684,0.9872
7939,2023-03-07,2265,Waterloo Health Unit,0.1496,131.0,0.22,0.6975,0.9505
7940,2023-03-07,2251,City of Ottawa Health Unit,0.1274,239.0,0.23,0.8996,0.981
7941,2023-03-07,2270,York Regional Health Unit,0.0896,295.0,0.24,0.8097,0.9545
7942,2023-03-07,2261,Sudbury and District Health Unit,0.0987,146.0,0.73,0.95,0.9823
7943,2023-03-07,2230,Durham Regional Health Unit,0.0744,307.0,0.43,0.779,0.9582
7944,2023-03-07,2227,Brant County Health Unit,0.0817,59.0,0.38,0.8943,0.9794
7945,2023-03-07,2249,Northwestern Health Unit,0.0706,36.0,0.42,0.8945,0.9536
7946,2023-03-06,2247,North Bay Parry Sound District Health Unit,0.1356,54.0,0.41,0.9063,0.9688
7947,2023-03-06,4913,Southwestern Public Health,0.0712,78.0,0.37,0.8706,0.9871
7948,2023-03-06,2249,Northwestern Health Unit,0.092,36.0,0.41,0.8861,0.9451
7949,2023-03-06,2266,Wellington-Dufferin-Guelph Health Unit,0.1845,87.0,0.28,0.7325,0.9268
7950,2023-03-06,2261,Sudbury and District Health Unit,0.0953,147.0,0.74,0.9475,0.9804
7951,2023-03-06,2256,Porcupine Health Unit,0.0569,30.0,0.36,0.7533,0.8546
7952,2023-03-06,2243,"Leeds, Grenville and Lanark District Health Unit",0.1011,68.0,0.39,0.8742,0.9838
7953,2023-03-06,2238,Hastings and Prince Edward Counties Health Unit,0.1124,84.0,0.5,0.9273,0.9787
7954,2023-03-06,2233,Grey Bruce Health Unit,0.0909,47.0,0.28,0.7568,0.9362
7955,2023-03-06,2227,Brant County Health Unit,0.0823,57.0,0.37,0.8954,0.9694
7956,2023-03-06,2251,City of Ottawa Health Unit,0.1228,230.0,0.22,0.9043,0.9833
7957,2023-03-06,2240,Chatham-Kent Health Unit,0.1776,59.0,0.55,0.8029,0.9876
7958,2023-03-06,2234,Haldimand-Norfolk Health Unit,0.1295,28.0,0.24,0.8187,0.9534
7959,2023-03-06,2258,Eastern Ontario Health Unit,0.1023,75.0,0.36,0.8641,0.9638
7960,2023-03-06,5183,Huron Perth Health Unit,0.1071,59.0,0.42,0.6835,0.9494
7961,2023-03-06,2242,Lambton Health Unit,0.142,24.0,0.18,0.6591,0.9432
7962,2023-03-06,2226,District of Algoma Health Unit,0.1796,46.0,0.4,0.9268,0.9695
7963,2023-03-06,2241,"Kingston, Frontenac and Lennox and Addington Health Unit",0.1311,106.0,0.5,0.9291,0.9797
7964,2023-03-06,2255,Peterborough County-City Health Unit,0.162,76.0,0.51,0.8429,1.0
7965,2023-03-06,2262,Thunder Bay District Health Unit,0.0879,81.0,0.54,0.9538,0.9863
7966,2023-03-06,2265,Waterloo Health Unit,0.1532,129.0,0.22,0.6793,0.9395
7967,2023-03-06,35,Ontario,0.105,4778.0,0.32,0.8387,0.962
7968,2023-03-06,2263,Timiskaming Health Unit,0.0727,16.0,0.48,0.7923,0.9385
7969,2023-03-06,2260,Simcoe Muskoka District Health Unit,0.1259,208.0,0.35,0.8547,0.961
7970,2023-03-06,2246,Niagara Regional Area Health Unit,0.1337,127.0,0.27,0.7125,0.9372
7971,2023-03-06,2235,"Haliburton, Kawartha, Pine Ridge District Health Unit",0.1519,92.0,0.49,0.8067,0.9939
7972,2023-03-06,3895,City of Toronto Health Unit,0.0754,940.0,0.3,0.8921,0.9725
7973,2023-03-06,2237,City of Hamilton Health Unit,0.1665,202.0,0.34,0.9362,0.9799
7974,2023-03-06,2253,Peel Regional Health Unit,0.0768,439.0,0.27,0.8781,0.9607
7975,2023-03-06,2230,Durham Regional Health Unit,0.0736,309.0,0.43,0.7731,0.9608
7976,2023-03-06,2270,York Regional Health Unit,0.0868,298.0,0.24,0.8015,0.9536
7977,2023-03-06,2268,Windsor-Essex County Health Unit,0.1047,216.0,0.51,0.6412,0.9672
7978,2023-03-06,2257,Renfrew County and District Health Unit,0.1727,40.0,0.37,0.523,0.689
7979,2023-03-06,2244,Middlesex-London Health Unit,0.0958,158.0,0.31,0.8547,0.9709
7980,2023-03-06,2236,Halton Regional Health Unit,0.1411,92.0,0.15,0.745,0.8595
7981,2023-03-05,2238,Hastings and Prince Edward Counties Health Unit,0.1217,82.0,0.49,0.9303,0.9813
7982,2023-03-05,2230,Durham Regional Health Unit,0.0725,321.0,0.45,0.7679,0.958
7983,2023-03-05,2256,Porcupine Health Unit,0.0498,32.0,0.38,0.771,0.8785
7984,2023-03-05,2255,Peterborough County-City Health Unit,0.177,83.0,0.56,0.8477,1.0
7985,2023-03-05,2226,District of Algoma Health Unit,0.1637,49.0,0.43,0.9369,0.97
7986,2023-03-05,2265,Waterloo Health Unit,0.1472,131.0,0.22,0.6762,0.9449
7987,2023-03-05,4913,Southwestern Public Health,0.0824,80.0,0.38,0.8596,0.9809
7988,2023-03-05,2247,North Bay Parry Sound District Health Unit,0.1256,56.0,0.43,0.9163,0.9729
7989,2023-03-05,2242,Lambton Health Unit,0.1582,25.0,0.19,0.6409,0.9448
7990,2023-03-05,2236,Halton Regional Health Unit,0.1321,91.0,0.15,0.7389,0.8595
7991,2023-03-05,2258,Eastern Ontario Health Unit,0.1014,79.0,0.38,0.8741,0.9694
7992,2023-03-05,2251,City of Ottawa Health Unit,0.1279,227.0,0.21,0.9132,0.9858
7993,2023-03-05,2227,Brant County Health Unit,0.0887,58.0,0.37,0.8978,0.9651
7994,2023-03-05,2240,Chatham-Kent Health Unit,0.178,67.0,0.63,0.7965,0.9869
7995,2023-03-05,2243,"Leeds, Grenville and Lanark District Health Unit",0.1124,72.0,0.42,0.8987,0.981
7996,2023-03-05,2241,"Kingston, Frontenac and Lennox and Addington Health Unit",0.1298,114.0,0.54,0.9361,0.9834
7997,2023-03-05,2249,Northwestern Health Unit,0.098,35.0,0.4,0.895,0.9454
7998,2023-03-05,2244,Middlesex-London Health Unit,0.1021,157.0,0.31,0.8561,0.9696
7999,2023-03-05,2261,Sudbury and District Health Unit,0.1083,142.0,0.72,0.9508,0.9803
8000,2023-03-05,2266,Wellington-Dufferin-Guelph Health Unit,0.1653,89.0,0.29,0.729,0.9242
8001,2023-03-05,2263,Timiskaming Health Unit,0.0667,19.0,0.59,0.7956,0.9343
8002,2023-03-05,2260,Simcoe Muskoka District Health Unit,0.1363,209.0,0.35,0.8491,0.9599
8003,2023-03-05,2270,York Regional Health Unit,0.0841,296.0,0.24,0.7998,0.9498
8004,2023-03-05,2234,Haldimand-Norfolk Health Unit,0.1277,27.0,0.24,0.8041,0.9381
8005,2023-03-05,2262,Thunder Bay District Health Unit,0.0777,83.0,0.55,0.9547,0.9861
8006,2023-03-05,2253,Peel Regional Health Unit,0.0807,439.0,0.27,0.8751,0.9611
8007,2023-03-05,35,Ontario,0.1068,4869.0,0.33,0.8412,0.9627
8008,2023-03-05,5183,Huron Perth Health Unit,0.1046,59.0,0.42,0.701,0.9562
8009,2023-03-05,2268,Windsor-Essex County Health Unit,0.1048,224.0,0.53,0.6453,0.9745
8010,2023-03-05,2257,Renfrew County and District Health Unit,0.1593,42.0,0.39,0.5423,0.7042
8011,2023-03-05,2233,Grey Bruce Health Unit,0.088,49.0,0.29,0.815,0.9404
8012,2023-03-05,2246,Niagara Regional Area Health Unit,0.1346,132.0,0.28,0.7272,0.9429
8013,2023-03-05,2235,"Haliburton, Kawartha, Pine Ridge District Health Unit",0.1863,96.0,0.51,0.807,0.9924
8014,2023-03-05,2237,City of Hamilton Health Unit,0.1548,206.0,0.35,0.9433,0.9813
8015,2023-03-05,3895,City of Toronto Health Unit,0.0776,956.0,0.31,0.8899,0.9718
8016,2023-03-04,2257,Renfrew County and District Health Unit,0.1559,42.0,0.39,0.5382,0.7442
8017,2023-03-04,2233,Grey Bruce Health Unit,0.0851,47.0,0.28,0.8153,0.9459
8018,2023-03-04,2260,Simcoe Muskoka District Health Unit,0.1408,213.0,0.36,0.8741,0.9582
8019,2023-03-04,2270,York Regional Health Unit,0.0841,297.0,0.24,0.8126,0.9474
8020,2023-03-04,2263,Timiskaming Health Unit,0.0735,19.0,0.59,0.7914,0.9209
8021,2023-03-04,2253,Peel Regional Health Unit,0.0836,436.0,0.27,0.878,0.9623
8022,2023-03-04,2246,Niagara Regional Area Health Unit,0.1324,131.0,0.28,0.7091,0.9437
8023,2023-03-04,2241,"Kingston, Frontenac and Lennox and Addington Health Unit",0.136,112.0,0.53,0.9307,0.9827
8024,2023-03-04,2235,"Haliburton, Kawartha, Pine Ridge District Health Unit",0.1927,93.0,0.49,0.8136,0.9921
8025,2023-03-04,2230,Durham Regional Health Unit,0.0712,325.0,0.46,0.7629,0.9559
8026,2023-03-04,2237,City of Hamilton Health Unit,0.1556,208.0,0.35,0.9458,0.9846
8027,2023-03-04,2234,Haldimand-Norfolk Health Unit,0.1361,27.0,0.24,0.8125,0.9427
8028,2023-03-04,2251,City of Ottawa Health Unit,0.1215,222.0,0.21,0.9061,0.9845
8029,2023-03-04,2240,Chatham-Kent Health Unit,0.1714,65.0,0.61,0.8062,0.9866
8030,2023-03-04,2226,District of Algoma Health Unit,0.1584,49.0,0.43,0.9181,0.9678
8031,2023-03-04,2244,Middlesex-London Health Unit,0.1001,158.0,0.31,0.8565,0.9713
8032,2023-03-04,5183,Huron Perth Health Unit,0.1084,58.0,0.42,0.7211,0.9573
8033,2023-03-04,2247,North Bay Parry Sound District Health Unit,0.1215,56.0,0.43,0.9091,0.9705
8034,2023-03-04,2236,Halton Regional Health Unit,0.1317,91.0,0.15,0.7424,0.8689
8035,2023-03-04,2249,Northwestern Health Unit,0.0931,35.0,0.4,0.8811,0.9344
8036,2023-03-04,2268,Windsor-Essex County Health Unit,0.1048,222.0,0.52,0.6469,0.9767
8037,2023-03-04,3895,City of Toronto Health Unit,0.0801,964.0,0.31,0.8896,0.9727
8038,2023-03-04,2266,Wellington-Dufferin-Guelph Health Unit,0.1532,89.0,0.28,0.7289,0.9269
8039,2023-03-04,2261,Sudbury and District Health Unit,0.0954,153.0,0.77,0.9483,0.9779
8040,2023-03-04,2256,Porcupine Health Unit,0.0493,32.0,0.38,0.8009,0.9052
8041,2023-03-04,2243,"Leeds, Grenville and Lanark District Health Unit",0.1034,70.0,0.41,0.8869,0.9825
8042,2023-03-04,2238,Hastings and Prince Edward Counties Health Unit,0.1298,85.0,0.5,0.9269,0.9834
8043,2023-03-04,2227,Brant County Health Unit,0.0995,57.0,0.37,0.8973,0.9633
8044,2023-03-04,4913,Southwestern Public Health,0.0866,81.0,0.38,0.862,0.9832
8045,2023-03-04,2262,Thunder Bay District Health Unit,0.078,82.0,0.55,0.9458,0.9831
8046,2023-03-04,35,Ontario,0.1064,4881.0,0.33,0.8402,0.9631
8047,2023-03-04,2255,Peterborough County-City Health Unit,0.1599,78.0,0.53,0.8237,0.9944
8048,2023-03-04,2242,Lambton Health Unit,0.16,25.0,0.19,0.6573,0.9438
8049,2023-03-04,2265,Waterloo Health Unit,0.1449,128.0,0.22,0.6435,0.9411
8050,2023-03-04,2258,Eastern Ontario Health Unit,0.0979,83.0,0.4,0.8626,0.967
8051,2023-03-03,2242,Lambton Health Unit,0.1788,26.0,0.2,0.6339,0.9399
8052,2023-03-03,2236,Halton Regional Health Unit,0.133,96.0,0.15,0.7515,0.8698
8053,2023-03-03,2262,Thunder Bay District Health Unit,0.0774,87.0,0.58,0.9498,0.9838
8054,2023-03-03,2261,Sudbury and District Health Unit,0.0951,153.0,0.77,0.9526,0.9758
8055,2023-03-03,2268,Windsor-Essex County Health Unit,0.1063,227.0,0.53,0.6645,0.9784
8056,2023-03-03,2256,Porcupine Health Unit,0.0529,32.0,0.39,0.8806,0.9353
8057,2023-03-03,2257,Renfrew County and District Health Unit,0.1552,41.0,0.38,0.5725,0.8225
8058,2023-03-03,35,Ontario,0.108,4926.0,0.33,0.8412,0.9635
8059,2023-03-03,2244,Middlesex-London Health Unit,0.1055,154.0,0.3,0.8698,0.9758
8060,2023-03-03,5183,Huron Perth Health Unit,0.1081,58.0,0.42,0.7329,0.9598
8061,2023-03-03,2234,Haldimand-Norfolk Health Unit,0.1354,27.0,0.24,0.8168,0.9476
8062,2023-03-03,2226,District of Algoma Health Unit,0.1492,45.0,0.39,0.8919,0.958
8063,2023-03-03,2240,Chatham-Kent Health Unit,0.1752,64.0,0.61,0.7964,0.9866
8064,2023-03-03,2238,Hastings and Prince Edward Counties Health Unit,0.1352,88.0,0.52,0.9232,0.9824
8065,2023-03-03,2237,City of Hamilton Health Unit,0.154,214.0,0.36,0.9467,0.9847
8066,2023-03-03,2230,Durham Regional Health Unit,0.0751,327.0,0.46,0.7489,0.9563
8067,2023-03-03,3895,City of Toronto Health Unit,0.082,973.0,0.31,0.8917,0.975
8068,2023-03-03,2227,Brant County Health Unit,0.1042,58.0,0.37,0.8955,0.9677
8069,2023-03-03,2235,"Haliburton, Kawartha, Pine Ridge District Health Unit",0.1935,97.0,0.51,0.8366,0.9863
8070,2023-03-03,2258,Eastern Ontario Health Unit,0.1115,82.0,0.39,0.8569,0.9647
8071,2023-03-03,2243,"Leeds, Grenville and Lanark District Health Unit",0.098,73.0,0.42,0.8737,0.9807
8072,2023-03-03,2246,Niagara Regional Area Health Unit,0.1364,130.0,0.27,0.6869,0.9372
8073,2023-03-03,2233,Grey Bruce Health Unit,0.0857,45.0,0.26,0.7898,0.9395
8074,2023-03-03,2253,Peel Regional Health Unit,0.0864,440.0,0.27,0.875,0.9591
8075,2023-03-03,2260,Simcoe Muskoka District Health Unit,0.1362,213.0,0.36,0.8691,0.9572
8076,2023-03-03,2241,"Kingston, Frontenac and Lennox and Addington Health Unit",0.1318,116.0,0.55,0.9298,0.9843
8077,2023-03-03,2255,Peterborough County-City Health Unit,0.1664,78.0,0.53,0.9037,0.9939
8078,2023-03-03,2266,Wellington-Dufferin-Guelph Health Unit,0.1477,88.0,0.28,0.7104,0.9223
8079,2023-03-03,2263,Timiskaming Health Unit,0.0803,20.0,0.6,0.7874,0.9134
8080,2023-03-03,2265,Waterloo Health Unit,0.1464,131.0,0.22,0.6405,0.9346
8081,2023-03-03,4913,Southwestern Public Health,0.0932,84.0,0.4,0.8569,0.9823
8082,2023-03-03,2251,City of Ottawa Health Unit,0.1175,225.0,0.21,0.9029,0.9825
8083,2023-03-03,2247,North Bay Parry Sound District Health Unit,0.1282,56.0,0.43,0.9111,0.9827
8084,2023-03-03,2270,York Regional Health Unit,0.0875,297.0,0.24,0.8058,0.9448
8085,2023-03-03,2249,Northwestern Health Unit,0.0935,35.0,0.4,0.8508,0.9153
8086,2023-03-02,2265,Waterloo Health Unit,0.1596,134.0,0.23,0.6503,0.9262
8087,2023-03-02,5183,Huron Perth Health Unit,0.1053,60.0,0.43,0.7021,0.9677
8088,2023-03-02,4913,Southwestern Public Health,0.0924,88.0,0.42,0.8706,0.9872
8089,2023-03-02,2268,Windsor-Essex County Health Unit,0.109,229.0,0.54,0.7076,0.9805
8090,2023-03-02,2266,Wellington-Dufferin-Guelph Health Unit,0.1536,87.0,0.28,0.6995,0.9126
8091,2023-03-02,2261,Sudbury and District Health Unit,0.1052,159.0,0.8,0.9549,0.9761
8092,2023-03-02,2256,Porcupine Health Unit,0.0642,31.0,0.37,0.8502,0.9324
8093,2023-03-02,2249,Northwestern Health Unit,0.098,35.0,0.4,0.8536,0.9331
8094,2023-03-02,2243,"Leeds, Grenville and Lanark District Health Unit",0.1119,78.0,0.45,0.8622,0.9665
8095,2023-03-02,2238,Hastings and Prince Edward Counties Health Unit,0.1317,88.0,0.52,0.9174,0.9802
8096,2023-03-02,3895,City of Toronto Health Unit,0.0809,971.0,0.31,0.8879,0.9758
8097,2023-03-02,2242,Lambton Health Unit,0.1965,25.0,0.19,0.6263,0.9526
8098,2023-03-02,2262,Thunder Bay District Health Unit,0.0915,86.0,0.57,0.9567,0.9834
8099,2023-03-02,2251,City of Ottawa Health Unit,0.1218,228.0,0.22,0.901,0.9847
8100,2023-03-02,2234,Haldimand-Norfolk Health Unit,0.1554,28.0,0.24,0.8316,0.9526
8101,2023-03-02,2258,Eastern Ontario Health Unit,0.1209,79.0,0.38,0.8226,0.9561
8102,2023-03-02,2240,Chatham-Kent Health Unit,0.1763,64.0,0.6,0.8129,0.9866
8103,2023-03-02,35,Ontario,0.1107,4943.0,0.33,0.8366,0.96
8104,2023-03-02,2247,North Bay Parry Sound District Health Unit,0.1066,63.0,0.49,0.9252,0.9887
8105,2023-03-02,2257,Renfrew County and District Health Unit,0.1359,44.0,0.41,0.5451,0.8125
8106,2023-03-02,2255,Peterborough County-City Health Unit,0.1762,80.0,0.54,0.9035,0.9903
8107,2023-03-02,2260,Simcoe Muskoka District Health Unit,0.1352,213.0,0.36,0.8743,0.9625
8108,2023-03-02,2253,Peel Regional Health Unit,0.0895,434.0,0.27,0.8635,0.9548
8109,2023-03-02,2241,"Kingston, Frontenac and Lennox and Addington Health Unit",0.1384,116.0,0.54,0.9153,0.9647
8110,2023-03-02,2230,Durham Regional Health Unit,0.0727,332.0,0.47,0.7068,0.9275
8111,2023-03-02,2227,Brant County Health Unit,0.1203,57.0,0.37,0.8873,0.9632
8112,2023-03-02,2246,Niagara Regional Area Health Unit,0.1379,127.0,0.27,0.6638,0.9111
8113,2023-03-02,2263,Timiskaming Health Unit,0.063,18.0,0.56,0.7606,0.9366
8114,2023-03-02,2235,"Haliburton, Kawartha, Pine Ridge District Health Unit",0.2006,97.0,0.51,0.8377,0.9826
8115,2023-03-02,2270,York Regional Health Unit,0.089,292.0,0.24,0.8032,0.9434
8116,2023-03-02,2233,Grey Bruce Health Unit,0.0809,44.0,0.26,0.7619,0.9464
8117,2023-03-02,2237,City of Hamilton Health Unit,0.158,215.0,0.36,0.9507,0.9872
8118,2023-03-02,2244,Middlesex-London Health Unit,0.1089,155.0,0.31,0.8935,0.975
8119,2023-03-02,2236,Halton Regional Health Unit,0.1418,96.0,0.15,0.7421,0.8703
8120,2023-03-02,2226,District of Algoma Health Unit,0.1586,44.0,0.39,0.8927,0.959
8121,2023-03-01,2237,City of Hamilton Health Unit,0.1549,210.0,0.36,0.9403,0.9858
8122,2023-03-01,2251,City of Ottawa Health Unit,0.113,230.0,0.22,0.9116,0.9852
8123,2023-03-01,2244,Middlesex-London Health Unit,0.1176,160.0,0.32,0.883,0.9732
8124,2023-03-01,2270,York Regional Health Unit,0.0809,290.0,0.24,0.8109,0.9483
8125,2023-03-01,2265,Waterloo Health Unit,0.1605,134.0,0.23,0.6583,0.9299
8126,2023-03-01,4913,Southwestern Public Health,0.0859,90.0,0.42,0.8732,0.9857
8127,2023-03-01,2255,Peterborough County-City Health Unit,0.1664,76.0,0.51,0.8905,0.991
8128,2023-03-01,2247,North Bay Parry Sound District Health Unit,0.0991,63.0,0.49,0.9335,0.9839
8129,2023-03-01,2242,Lambton Health Unit,0.2131,26.0,0.2,0.6188,0.9558
8130,2023-03-01,2236,Halton Regional Health Unit,0.121,98.0,0.16,0.7677,0.9008
8131,2023-03-01,2258,Eastern Ontario Health Unit,0.1319,82.0,0.39,0.8416,0.9632
8132,2023-03-01,2246,Niagara Regional Area Health Unit,0.1514,126.0,0.27,0.6893,0.922
8133,2023-03-01,2227,Brant County Health Unit,0.1122,57.0,0.37,0.8706,0.9492
8134,2023-03-01,2233,Grey Bruce Health Unit,0.0849,45.0,0.27,0.7585,0.935
8135,2023-03-01,2230,Durham Regional Health Unit,0.0695,325.0,0.46,0.706,0.9227
8136,2023-03-01,2238,Hastings and Prince Edward Counties Health Unit,0.1528,86.0,0.51,0.916,0.9822
8137,2023-03-01,2241,"Kingston, Frontenac and Lennox and Addington Health Unit",0.1543,119.0,0.56,0.92,0.9699
8138,2023-03-01,3895,City of Toronto Health Unit,0.0804,982.0,0.31,0.8849,0.9707
8139,2023-03-01,5183,Huron Perth Health Unit,0.1143,60.0,0.43,0.7017,0.956
8140,2023-03-01,2253,Peel Regional Health Unit,0.0914,425.0,0.26,0.8774,0.9589
8141,2023-03-01,2261,Sudbury and District Health Unit,0.1001,170.0,0.85,0.9654,0.9863
8142,2023-03-01,2263,Timiskaming Health Unit,0.0929,20.0,0.61,0.7917,0.9762
8143,2023-03-01,2249,Northwestern Health Unit,0.0957,33.0,0.37,0.7975,0.9256
8144,2023-03-01,2260,Simcoe Muskoka District Health Unit,0.1327,215.0,0.36,0.8622,0.9603
8145,2023-03-01,2262,Thunder Bay District Health Unit,0.0978,86.0,0.57,0.9603,0.9835
8146,2023-03-01,2268,Windsor-Essex County Health Unit,0.108,226.0,0.53,0.7348,0.9712
8147,2023-03-01,2257,Renfrew County and District Health Unit,0.1546,43.0,0.4,0.5758,0.8409
8148,2023-03-01,35,Ontario,0.1105,4949.0,0.33,0.8405,0.9608
8149,2023-03-01,2234,Haldimand-Norfolk Health Unit,0.1392,28.0,0.24,0.8251,0.9563
8150,2023-03-01,2226,District of Algoma Health Unit,0.1576,44.0,0.39,0.9016,0.9639
8151,2023-03-01,2240,Chatham-Kent Health Unit,0.1841,61.0,0.58,0.7933,0.988
8152,2023-03-01,2266,Wellington-Dufferin-Guelph Health Unit,0.1606,86.0,0.28,0.685,0.9183
8153,2023-03-01,2256,Porcupine Health Unit,0.0708,30.0,0.36,0.8571,0.9355
8154,2023-03-01,2243,"Leeds, Grenville and Lanark District Health Unit",0.1159,76.0,0.44,0.841,0.9686
8155,2023-03-01,2235,"Haliburton, Kawartha, Pine Ridge District Health Unit",0.1893,99.0,0.52,0.8457,0.9829
8156,2023-02-28,2237,City of Hamilton Health Unit,0.1575,217.0,0.37,0.9459,0.9871
8157,2023-02-28,2240,Chatham-Kent Health Unit,0.1687,59.0,0.56,0.863,0.9781
8158,2023-02-28,2258,Eastern Ontario Health Unit,0.1356,91.0,0.43,0.8457,0.9682
8159,2023-02-28,2230,Durham Regional Health Unit,0.0689,332.0,0.47,0.7153,0.9181
8160,2023-02-28,2249,Northwestern Health Unit,0.0873,33.0,0.37,0.7912,0.9277
8161,2023-02-28,2251,City of Ottawa Health Unit,0.1138,229.0,0.22,0.9059,0.9759
8162,2023-02-28,2226,District of Algoma Health Unit,0.1534,45.0,0.39,0.9108,0.9692
8163,2023-02-28,2270,York Regional Health Unit,0.0806,293.0,0.24,0.8275,0.9507
8164,2023-02-28,2263,Timiskaming Health Unit,0.0706,24.0,0.74,0.79,0.95
8165,2023-02-28,2260,Simcoe Muskoka District Health Unit,0.1291,217.0,0.36,0.8926,0.966
8166,2023-02-28,2253,Peel Regional Health Unit,0.091,437.0,0.27,0.8924,0.9567
8167,2023-02-28,2246,Niagara Regional Area Health Unit,0.1576,129.0,0.27,0.6927,0.9143
8168,2023-02-28,2241,"Kingston, Frontenac and Lennox and Addington Health Unit",0.1522,120.0,0.56,0.912,0.9594
8169,2023-02-28,2235,"Haliburton, Kawartha, Pine Ridge District Health Unit",0.1899,99.0,0.53,0.8904,0.9817
8170,2023-02-28,2227,Brant County Health Unit,0.1183,56.0,0.36,0.8955,0.9552
8171,2023-02-28,35,Ontario,0.1106,4999.0,0.34,0.8548,0.958
8172,2023-02-28,2236,Halton Regional Health Unit,0.1202,105.0,0.17,0.7638,0.8839
8173,2023-02-28,2234,Haldimand-Norfolk Health Unit,0.139,27.0,0.23,0.8579,0.9695
8174,2023-02-28,2242,Lambton Health Unit,0.1885,27.0,0.21,0.7368,0.9526
8175,2023-02-28,5183,Huron Perth Health Unit,0.1196,60.0,0.43,0.7899,0.962
8176,2023-02-28,2247,North Bay Parry Sound District Health Unit,0.0947,65.0,0.5,0.9582,0.9846
8177,2023-02-28,2257,Renfrew County and District Health Unit,0.1164,39.0,0.36,0.6078,0.8196
8178,2023-02-28,4913,Southwestern Public Health,0.1026,92.0,0.43,0.8954,0.9857
8179,2023-02-28,2265,Waterloo Health Unit,0.167,132.0,0.23,0.6818,0.917
8180,2023-02-28,2268,Windsor-Essex County Health Unit,0.1026,227.0,0.53,0.7921,0.9754
8181,2023-02-28,2255,Peterborough County-City Health Unit,0.1586,79.0,0.54,0.9271,0.9898
8182,2023-02-28,2266,Wellington-Dufferin-Guelph Health Unit,0.1521,84.0,0.27,0.7375,0.9161
8183,2023-02-28,2243,"Leeds, Grenville and Lanark District Health Unit",0.1145,75.0,0.43,0.8425,0.9735
8184,2023-02-28,2261,Sudbury and District Health Unit,0.1041,176.0,0.88,0.9624,0.9854
8185,2023-02-28,2256,Porcupine Health Unit,0.083,33.0,0.39,0.8086,0.8867
8186,2023-02-28,2238,Hastings and Prince Edward Counties Health Unit,0.155,86.0,0.51,0.9294,0.9819
8187,2023-02-28,2233,Grey Bruce Health Unit,0.0813,47.0,0.28,0.8,0.9353
8188,2023-02-28,3895,City of Toronto Health Unit,0.0823,990.0,0.32,0.888,0.967
8189,2023-02-28,2262,Thunder Bay District Health Unit,0.1018,86.0,0.57,0.9475,0.9819
8190,2023-02-28,2244,Middlesex-London Health Unit,0.1291,148.0,0.29,0.886,0.9701
8191,2023-02-27,2260,Simcoe Muskoka District Health Unit,0.1258,219.0,0.37,0.8821,0.9614
8192,2023-02-27,2256,Porcupine Health Unit,0.0759,34.0,0.41,0.8054,0.8824
8193,2023-02-27,2236,Halton Regional Health Unit,0.1255,108.0,0.17,0.7538,0.8776
8194,2023-02-27,2258,Eastern Ontario Health Unit,0.1459,95.0,0.46,0.8423,0.9716
8195,2023-02-27,2234,Haldimand-Norfolk Health Unit,0.1512,29.0,0.26,0.8542,0.9844
8196,2023-02-27,2255,Peterborough County-City Health Unit,0.1371,93.0,0.63,0.9107,0.9686
8197,2023-02-27,2265,Waterloo Health Unit,0.167,131.0,0.22,0.6679,0.9209
8198,2023-02-27,2268,Windsor-Essex County Health Unit,0.0993,232.0,0.55,0.7922,0.9796
8199,2023-02-27,2257,Renfrew County and District Health Unit,0.1123,39.0,0.36,0.6181,0.8346
8200,2023-02-27,2247,North Bay Parry Sound District Health Unit,0.1,66.0,0.51,0.9596,0.9888
8201,2023-02-27,2244,Middlesex-London Health Unit,0.1346,155.0,0.31,0.892,0.9698
8202,2023-02-27,2251,City of Ottawa Health Unit,0.1241,230.0,0.22,0.9032,0.9741
8203,2023-02-27,2227,Brant County Health Unit,0.1316,56.0,0.36,0.9021,0.9639
8204,2023-02-27,3895,City of Toronto Health Unit,0.0857,989.0,0.32,0.8876,0.964
8205,2023-02-27,2237,City of Hamilton Health Unit,0.1598,229.0,0.39,0.9432,0.9844
8206,2023-02-27,2226,District of Algoma Health Unit,0.1442,46.0,0.4,0.9067,0.97
8207,2023-02-27,2246,Niagara Regional Area Health Unit,0.1641,130.0,0.27,0.6651,0.9103
8208,2023-02-27,2241,"Kingston, Frontenac and Lennox and Addington Health Unit",0.1564,128.0,0.6,0.9075,0.9591
8209,2023-02-27,2235,"Haliburton, Kawartha, Pine Ridge District Health Unit",0.2092,96.0,0.51,0.8766,0.9724
8210,2023-02-27,5183,Huron Perth Health Unit,0.1111,62.0,0.44,0.7888,0.9626
8211,2023-02-27,2249,Northwestern Health Unit,0.0857,35.0,0.4,0.7863,0.9274
8212,2023-02-27,2238,Hastings and Prince Edward Counties Health Unit,0.1642,87.0,0.52,0.9387,0.9864
8213,2023-02-27,35,Ontario,0.1137,5108.0,0.34,0.8522,0.9574
8214,2023-02-27,2262,Thunder Bay District Health Unit,0.1014,85.0,0.56,0.9565,0.9913
8215,2023-02-27,2270,York Regional Health Unit,0.0761,300.0,0.24,0.834,0.954
8216,2023-02-27,2266,Wellington-Dufferin-Guelph Health Unit,0.1705,86.0,0.28,0.734,0.9078
8217,2023-02-27,2240,Chatham-Kent Health Unit,0.1709,57.0,0.53,0.8779,0.9868
8218,2023-02-27,2242,Lambton Health Unit,0.1972,30.0,0.23,0.7513,0.9793
8219,2023-02-27,4913,Southwestern Public Health,0.1168,92.0,0.43,0.8928,0.9849
8220,2023-02-27,2261,Sudbury and District Health Unit,0.1013,185.0,0.93,0.9629,0.9874
8221,2023-02-27,2263,Timiskaming Health Unit,0.065,29.0,0.87,0.7485,0.9401
8222,2023-02-27,2253,Peel Regional Health Unit,0.091,438.0,0.27,0.8934,0.965
8223,2023-02-27,2230,Durham Regional Health Unit,0.0792,350.0,0.49,0.7013,0.9046
8224,2023-02-27,2233,Grey Bruce Health Unit,0.0872,49.0,0.29,0.7832,0.9335
8225,2023-02-27,2243,"Leeds, Grenville and Lanark District Health Unit",0.1303,78.0,0.45,0.8214,0.9702
8226,2023-02-26,5183,Huron Perth Health Unit,0.1135,54.0,0.39,0.7908,0.9674
8227,2023-02-26,2238,Hastings and Prince Edward Counties Health Unit,0.1606,83.0,0.49,0.9353,0.9843
8228,2023-02-26,2268,Windsor-Essex County Health Unit,0.0961,219.0,0.51,0.7899,0.9808
8229,2023-02-26,2262,Thunder Bay District Health Unit,0.1135,79.0,0.53,0.9421,0.9837
8230,2023-02-26,4913,Southwestern Public Health,0.1365,84.0,0.4,0.8998,0.9898
8231,2023-02-26,2257,Renfrew County and District Health Unit,0.0729,35.0,0.32,0.5985,0.822
8232,2023-02-26,35,Ontario,0.1127,4799.0,0.32,0.8536,0.9594
8233,2023-02-26,2247,North Bay Parry Sound District Health Unit,0.1012,61.0,0.47,0.9549,0.9881
8234,2023-02-26,2244,Middlesex-London Health Unit,0.1363,149.0,0.29,0.9009,0.9774
8235,2023-02-26,2258,Eastern Ontario Health Unit,0.1598,90.0,0.43,0.8299,0.9691
8236,2023-02-26,2234,Haldimand-Norfolk Health Unit,0.1429,28.0,0.25,0.8763,1.0
8237,2023-02-26,2226,District of Algoma Health Unit,0.1541,42.0,0.36,0.911,0.9795
8238,2023-02-26,2251,City of Ottawa Health Unit,0.1146,224.0,0.21,0.9003,0.9712
8239,2023-02-26,2240,Chatham-Kent Health Unit,0.131,45.0,0.42,0.882,0.9869
8240,2023-02-26,2261,Sudbury and District Health Unit,0.0983,187.0,0.94,0.9656,0.9898
8241,2023-02-26,2227,Brant County Health Unit,0.1362,56.0,0.36,0.9129,0.9763
8242,2023-02-26,2230,Durham Regional Health Unit,0.081,323.0,0.45,0.6993,0.907
8243,2023-02-26,2233,Grey Bruce Health Unit,0.0841,46.0,0.27,0.7801,0.9367
8244,2023-02-26,2243,"Leeds, Grenville and Lanark District Health Unit",0.1237,70.0,0.41,0.8147,0.9701
8245,2023-02-26,2242,Lambton Health Unit,0.1744,28.0,0.21,0.7704,0.9643
8246,2023-02-26,2256,Porcupine Health Unit,0.0861,30.0,0.36,0.8093,0.8837
8247,2023-02-26,2255,Peterborough County-City Health Unit,0.1107,83.0,0.56,0.9114,0.9676
8248,2023-02-26,2266,Wellington-Dufferin-Guelph Health Unit,0.185,82.0,0.26,0.7594,0.9234
8249,2023-02-26,2265,Waterloo Health Unit,0.1732,116.0,0.2,0.675,0.929
8250,2023-02-26,2270,York Regional Health Unit,0.0733,294.0,0.24,0.8405,0.9605
8251,2023-02-26,2263,Timiskaming Health Unit,0.0696,23.0,0.69,0.7469,0.9444
8252,2023-02-26,2260,Simcoe Muskoka District Health Unit,0.1222,207.0,0.34,0.8903,0.9667
8253,2023-02-26,2246,Niagara Regional Area Health Unit,0.174,117.0,0.25,0.6548,0.9099
8254,2023-02-26,2241,"Kingston, Frontenac and Lennox and Addington Health Unit",0.157,116.0,0.54,0.8942,0.9489
8255,2023-02-26,2236,Halton Regional Health Unit,0.1464,102.0,0.17,0.7616,0.8843
8256,2023-02-26,2235,"Haliburton, Kawartha, Pine Ridge District Health Unit",0.1672,87.0,0.46,0.8664,0.9739
8257,2023-02-26,2237,City of Hamilton Health Unit,0.1526,210.0,0.35,0.9485,0.9864
8258,2023-02-26,2249,Northwestern Health Unit,0.1037,34.0,0.39,0.7642,0.9187
8259,2023-02-26,2253,Peel Regional Health Unit,0.089,411.0,0.26,0.8976,0.9675
8260,2023-02-26,3895,City of Toronto Health Unit,0.089,944.0,0.3,0.8902,0.965
8261,2023-02-25,2266,Wellington-Dufferin-Guelph Health Unit,0.192,83.0,0.26,0.7496,0.9262
8262,2023-02-25,2263,Timiskaming Health Unit,0.0613,23.0,0.71,0.7654,0.9568
8263,2023-02-25,2261,Sudbury and District Health Unit,0.1112,175.0,0.88,0.9539,0.9893
8264,2023-02-25,2256,Porcupine Health Unit,0.0837,29.0,0.35,0.8048,0.8857
8265,2023-02-25,2253,Peel Regional Health Unit,0.0912,407.0,0.25,0.8954,0.9658
8266,2023-02-25,2249,Northwestern Health Unit,0.1102,34.0,0.38,0.7542,0.9153
8267,2023-02-25,2241,"Kingston, Frontenac and Lennox and Addington Health Unit",0.1499,115.0,0.54,0.8986,0.9481
8268,2023-02-25,2238,Hastings and Prince Edward Counties Health Unit,0.1591,82.0,0.48,0.9363,0.9823
8269,2023-02-25,2233,Grey Bruce Health Unit,0.0841,49.0,0.29,0.78,0.94
8270,2023-02-25,2230,Durham Regional Health Unit,0.0828,323.0,0.45,0.7057,0.909
8271,2023-02-25,3895,City of Toronto Health Unit,0.0891,939.0,0.3,0.8934,0.9635
8272,2023-02-25,2227,Brant County Health Unit,0.1303,54.0,0.35,0.9057,0.9784
8273,2023-02-25,2265,Waterloo Health Unit,0.1724,116.0,0.2,0.7063,0.9392
8274,2023-02-25,2237,City of Hamilton Health Unit,0.1556,207.0,0.35,0.947,0.9837
8275,2023-02-25,2234,Haldimand-Norfolk Health Unit,0.1399,28.0,0.24,0.877,1.0
8276,2023-02-25,2258,Eastern Ontario Health Unit,0.1681,84.0,0.4,0.8358,0.9665
8277,2023-02-25,2235,"Haliburton, Kawartha, Pine Ridge District Health Unit",0.1612,87.0,0.46,0.8705,0.9738
8278,2023-02-25,2246,Niagara Regional Area Health Unit,0.1696,115.0,0.24,0.6985,0.911
8279,2023-02-25,2257,Renfrew County and District Health Unit,0.0734,37.0,0.34,0.6211,0.832
8280,2023-02-25,2255,Peterborough County-City Health Unit,0.1046,83.0,0.56,0.9371,0.9728
8281,2023-02-25,2260,Simcoe Muskoka District Health Unit,0.1181,206.0,0.34,0.8891,0.964
8282,2023-02-25,4913,Southwestern Public Health,0.1356,84.0,0.4,0.8916,0.9878
8283,2023-02-25,2270,York Regional Health Unit,0.0792,294.0,0.24,0.8406,0.9609
8284,2023-02-25,2240,Chatham-Kent Health Unit,0.141,44.0,0.41,0.8688,0.9906
8285,2023-02-25,35,Ontario,0.1144,4770.0,0.32,0.8569,0.96
8286,2023-02-25,2242,Lambton Health Unit,0.1724,29.0,0.22,0.7513,0.9645
8287,2023-02-25,5183,Huron Perth Health Unit,0.1117,52.0,0.38,0.7861,0.9667
8288,2023-02-25,2226,District of Algoma Health Unit,0.1655,41.0,0.35,0.9097,0.9783
8289,2023-02-25,2262,Thunder Bay District Health Unit,0.1141,79.0,0.53,0.933,0.9873
8290,2023-02-25,2244,Middlesex-London Health Unit,0.1435,148.0,0.29,0.8966,0.9801
8291,2023-02-25,2268,Windsor-Essex County Health Unit,0.1019,223.0,0.52,0.7873,0.9822
8292,2023-02-25,2236,Halton Regional Health Unit,0.1443,101.0,0.16,0.7772,0.8956
8293,2023-02-25,2251,City of Ottawa Health Unit,0.1197,228.0,0.22,0.9123,0.9737
8294,2023-02-25,2247,North Bay Parry Sound District Health Unit,0.1072,61.0,0.47,0.9493,0.9839
8295,2023-02-25,2243,"Leeds, Grenville and Lanark District Health Unit",0.1265,70.0,0.4,0.828,0.9703
8296,2023-02-24,2247,North Bay Parry Sound District Health Unit,0.1201,62.0,0.48,0.9552,0.9835
8297,2023-02-24,2266,Wellington-Dufferin-Guelph Health Unit,0.1973,83.0,0.27,0.7661,0.9288
8298,2023-02-24,2244,Middlesex-London Health Unit,0.1471,152.0,0.3,0.879,0.9784
8299,2023-02-24,2230,Durham Regional Health Unit,0.0817,320.0,0.45,0.7078,0.9024
8300,2023-02-24,2268,Windsor-Essex County Health Unit,0.1003,225.0,0.53,0.7862,0.9802
8301,2023-02-24,2265,Waterloo Health Unit,0.1747,115.0,0.2,0.6928,0.9253
8302,2023-02-24,4913,Southwestern Public Health,0.1313,82.0,0.39,0.8928,0.9852
8303,2023-02-24,2257,Renfrew County and District Health Unit,0.0795,38.0,0.35,0.6417,0.825
8304,2023-02-24,2253,Peel Regional Health Unit,0.0886,405.0,0.25,0.9044,0.9712
8305,2023-02-24,2255,Peterborough County-City Health Unit,0.0979,83.0,0.56,0.9336,0.9701
8306,2023-02-24,35,Ontario,0.1155,4755.0,0.32,0.8564,0.9578
8307,2023-02-24,2260,Simcoe Muskoka District Health Unit,0.12,201.0,0.34,0.8965,0.9643
8308,2023-02-24,5183,Huron Perth Health Unit,0.1063,52.0,0.38,0.7732,0.9588
8309,2023-02-24,2242,Lambton Health Unit,0.1667,28.0,0.22,0.7608,0.9713
8310,2023-02-24,2262,Thunder Bay District Health Unit,0.1196,76.0,0.51,0.9182,0.9814
8311,2023-02-24,2235,"Haliburton, Kawartha, Pine Ridge District Health Unit",0.1633,85.0,0.45,0.8685,0.9775
8312,2023-02-24,2226,District of Algoma Health Unit,0.1559,42.0,0.37,0.9258,0.9894
8313,2023-02-24,2238,Hastings and Prince Edward Counties Health Unit,0.1548,82.0,0.49,0.9482,0.9862
8314,2023-02-24,2236,Halton Regional Health Unit,0.1457,101.0,0.16,0.771,0.8841
8315,2023-02-24,2234,Haldimand-Norfolk Health Unit,0.1414,27.0,0.24,0.8634,0.9902
8316,2023-02-24,2258,Eastern Ontario Health Unit,0.1605,85.0,0.41,0.8364,0.9636
8317,2023-02-24,2270,York Regional Health Unit,0.082,300.0,0.24,0.8427,0.9579
8318,2023-02-24,2251,City of Ottawa Health Unit,0.1269,227.0,0.22,0.9152,0.9753
8319,2023-02-24,2240,Chatham-Kent Health Unit,0.142,45.0,0.43,0.8801,0.9897
8320,2023-02-24,2237,City of Hamilton Health Unit,0.1563,205.0,0.35,0.9416,0.9803
8321,2023-02-24,2261,Sudbury and District Health Unit,0.117,172.0,0.86,0.9467,0.9831
8322,2023-02-24,2249,Northwestern Health Unit,0.1149,34.0,0.38,0.7227,0.875
8323,2023-02-24,2256,Porcupine Health Unit,0.0792,29.0,0.35,0.7793,0.8873
8324,2023-02-24,2246,Niagara Regional Area Health Unit,0.173,116.0,0.25,0.6915,0.9134
8325,2023-02-24,2243,"Leeds, Grenville and Lanark District Health Unit",0.1329,70.0,0.4,0.8523,0.9732
8326,2023-02-24,2227,Brant County Health Unit,0.1323,54.0,0.35,0.8924,0.9685
8327,2023-02-24,2233,Grey Bruce Health Unit,0.0833,48.0,0.28,0.7882,0.9353
8328,2023-02-24,3895,City of Toronto Health Unit,0.0906,935.0,0.3,0.8949,0.9619
8329,2023-02-24,2241,"Kingston, Frontenac and Lennox and Addington Health Unit",0.157,111.0,0.52,0.906,0.9452
8330,2023-02-24,2263,Timiskaming Health Unit,0.0539,24.0,0.73,0.7574,0.9586
8331,2023-02-23,2258,Eastern Ontario Health Unit,0.1468,88.0,0.42,0.8248,0.9357
8332,2023-02-23,35,Ontario,0.1148,4747.0,0.32,0.8618,0.9594
8333,2023-02-23,2247,North Bay Parry Sound District Health Unit,0.1285,56.0,0.43,0.9542,0.9831
8334,2023-02-23,2243,"Leeds, Grenville and Lanark District Health Unit",0.1313,65.0,0.38,0.8494,0.9812
8335,2023-02-23,2266,Wellington-Dufferin-Guelph Health Unit,0.1997,87.0,0.28,0.7562,0.9292
8336,2023-02-23,2268,Windsor-Essex County Health Unit,0.1025,229.0,0.54,0.7966,0.9816
8337,2023-02-23,2270,York Regional Health Unit,0.0806,301.0,0.25,0.8402,0.9577
8338,2023-02-23,2262,Thunder Bay District Health Unit,0.108,77.0,0.51,0.9034,0.9811
8339,2023-02-23,2256,Porcupine Health Unit,0.0784,29.0,0.35,0.8263,0.9108
8340,2023-02-23,2265,Waterloo Health Unit,0.1658,113.0,0.19,0.6788,0.9271
8341,2023-02-23,2263,Timiskaming Health Unit,0.0536,24.0,0.73,0.7838,0.9527
8342,2023-02-23,2257,Renfrew County and District Health Unit,0.08,36.0,0.33,0.686,0.8719
8343,2023-02-23,2261,Sudbury and District Health Unit,0.117,167.0,0.84,0.9392,0.98
8344,2023-02-23,2260,Simcoe Muskoka District Health Unit,0.1217,198.0,0.33,0.8999,0.9623
8345,2023-02-23,2244,Middlesex-London Health Unit,0.149,162.0,0.32,0.8619,0.9768
8346,2023-02-23,2249,Northwestern Health Unit,0.1197,33.0,0.38,0.7265,0.8612
8347,2023-02-23,2246,Niagara Regional Area Health Unit,0.1681,114.0,0.24,0.6999,0.9415
8348,2023-02-23,5183,Huron Perth Health Unit,0.0947,54.0,0.39,0.8067,0.9613
8349,2023-02-23,2233,Grey Bruce Health Unit,0.0959,49.0,0.29,0.8065,0.9375
8350,2023-02-23,2242,Lambton Health Unit,0.15,31.0,0.24,0.7964,0.9729
8351,2023-02-23,2241,"Kingston, Frontenac and Lennox and Addington Health Unit",0.1423,106.0,0.5,0.9181,0.963
8352,2023-02-23,2234,Haldimand-Norfolk Health Unit,0.135,29.0,0.25,0.878,0.9756
8353,2023-02-23,2238,Hastings and Prince Edward Counties Health Unit,0.1378,85.0,0.5,0.9438,0.983
8354,2023-02-23,2235,"Haliburton, Kawartha, Pine Ridge District Health Unit",0.1559,86.0,0.46,0.8854,0.9771
8355,2023-02-23,2227,Brant County Health Unit,0.1194,54.0,0.35,0.8924,0.9685
8356,2023-02-23,2230,Durham Regional Health Unit,0.0824,317.0,0.45,0.7403,0.9204
8357,2023-02-23,2240,Chatham-Kent Health Unit,0.1284,42.0,0.4,0.8863,0.99
8358,2023-02-23,3895,City of Toronto Health Unit,0.0926,936.0,0.3,0.9007,0.9603
8359,2023-02-23,2237,City of Hamilton Health Unit,0.1488,203.0,0.34,0.9395,0.9798
8360,2023-02-23,2226,District of Algoma Health Unit,0.1474,41.0,0.36,0.9132,0.9861
8361,2023-02-23,4913,Southwestern Public Health,0.1447,78.0,0.37,0.8974,0.9851
8362,2023-02-23,2255,Peterborough County-City Health Unit,0.1012,85.0,0.57,0.9322,0.9702
8363,2023-02-23,2236,Halton Regional Health Unit,0.1494,103.0,0.17,0.7625,0.8667
8364,2023-02-23,2251,City of Ottawa Health Unit,0.123,224.0,0.21,0.9075,0.9766
8365,2023-02-23,2253,Peel Regional Health Unit,0.0972,403.0,0.25,0.9192,0.9726
8366,2023-02-22,2257,Renfrew County and District Health Unit,0.0913,36.0,0.33,0.7012,0.8725
8367,2023-02-22,2230,Durham Regional Health Unit,0.0854,323.0,0.45,0.7378,0.9275
8368,2023-02-22,4913,Southwestern Public Health,0.1614,77.0,0.36,0.8929,0.985
8369,2023-02-22,2268,Windsor-Essex County Health Unit,0.1053,228.0,0.54,0.793,0.9918
8370,2023-02-22,2261,Sudbury and District Health Unit,0.1239,167.0,0.84,0.9315,0.9728
8371,2023-02-22,2265,Waterloo Health Unit,0.1706,114.0,0.19,0.6703,0.9282
8372,2023-02-22,2262,Thunder Bay District Health Unit,0.1,74.0,0.5,0.8983,0.9808
8373,2023-02-22,2247,North Bay Parry Sound District Health Unit,0.1381,60.0,0.46,0.9468,0.9884
8374,2023-02-22,2249,Northwestern Health Unit,0.1184,35.0,0.4,0.7846,0.874
8375,2023-02-22,2255,Peterborough County-City Health Unit,0.1032,86.0,0.58,0.9434,0.9681
8376,2023-02-22,35,Ontario,0.1163,4774.0,0.32,0.8701,0.9614
8377,2023-02-22,2243,"Leeds, Grenville and Lanark District Health Unit",0.1201,65.0,0.38,0.8758,0.98
8378,2023-02-22,2236,Halton Regional Health Unit,0.1575,102.0,0.16,0.7671,0.8633
8379,2023-02-22,2246,Niagara Regional Area Health Unit,0.1567,118.0,0.25,0.6969,0.9292
8380,2023-02-22,2244,Middlesex-London Health Unit,0.1606,162.0,0.32,0.8804,0.9815
8381,2023-02-22,2238,Hastings and Prince Edward Counties Health Unit,0.1256,88.0,0.52,0.954,0.9869
8382,2023-02-22,2242,Lambton Health Unit,0.1579,33.0,0.25,0.8142,0.9779
8383,2023-02-22,5183,Huron Perth Health Unit,0.0977,57.0,0.41,0.8378,0.9758
8384,2023-02-22,2251,City of Ottawa Health Unit,0.123,223.0,0.21,0.9029,0.9768
8385,2023-02-22,2234,Haldimand-Norfolk Health Unit,0.1456,29.0,0.26,0.885,0.975
8386,2023-02-22,3895,City of Toronto Health Unit,0.094,945.0,0.3,0.9225,0.9671
8387,2023-02-22,2258,Eastern Ontario Health Unit,0.148,84.0,0.4,0.819,0.9244
8388,2023-02-22,2226,District of Algoma Health Unit,0.153,40.0,0.35,0.8857,0.9821
8389,2023-02-22,2227,Brant County Health Unit,0.1388,56.0,0.36,0.9024,0.9815
8390,2023-02-22,2237,City of Hamilton Health Unit,0.1462,208.0,0.35,0.9524,0.9825
8391,2023-02-22,2240,Chatham-Kent Health Unit,0.1263,42.0,0.39,0.8846,0.986
8392,2023-02-22,2233,Grey Bruce Health Unit,0.0991,49.0,0.29,0.8011,0.9524
8393,2023-02-22,2263,Timiskaming Health Unit,0.0331,22.0,0.66,0.75,0.9375
8394,2023-02-22,2256,Porcupine Health Unit,0.0762,30.0,0.36,0.8107,0.9029
8395,2023-02-22,2253,Peel Regional Health Unit,0.0986,406.0,0.25,0.9265,0.9717
8396,2023-02-22,2235,"Haliburton, Kawartha, Pine Ridge District Health Unit",0.1486,86.0,0.45,0.9004,0.9728
8397,2023-02-22,2266,Wellington-Dufferin-Guelph Health Unit,0.202,86.0,0.27,0.7726,0.9314
8398,2023-02-22,2260,Simcoe Muskoka District Health Unit,0.1164,198.0,0.33,0.9173,0.9672
8399,2023-02-22,2270,York Regional Health Unit,0.0868,303.0,0.25,0.8568,0.9529
8400,2023-02-22,2241,"Kingston, Frontenac and Lennox and Addington Health Unit",0.1378,105.0,0.49,0.9215,0.9608
8401,2023-02-21,2234,Haldimand-Norfolk Health Unit,0.1313,28.0,0.25,0.8579,0.9579
8402,2023-02-21,4913,Southwestern Public Health,0.1521,75.0,0.36,0.8743,0.9834
8403,2023-02-21,2263,Timiskaming Health Unit,0.0261,16.0,0.5,0.7051,0.9615
8404,2023-02-21,2265,Waterloo Health Unit,0.1846,115.0,0.2,0.6553,0.9308
8405,2023-02-21,2270,York Regional Health Unit,0.0946,302.0,0.25,0.8551,0.9478
8406,2023-02-21,2266,Wellington-Dufferin-Guelph Health Unit,0.2143,86.0,0.28,0.7644,0.9267
8407,2023-02-21,2253,Peel Regional Health Unit,0.1069,380.0,0.24,0.9226,0.9741
8408,2023-02-21,2255,Peterborough County-City Health Unit,0.1049,82.0,0.55,0.9312,0.9598
8409,2023-02-21,2260,Simcoe Muskoka District Health Unit,0.1051,194.0,0.32,0.9004,0.9653
8410,2023-02-21,2256,Porcupine Health Unit,0.0842,29.0,0.35,0.8729,0.9724
8411,2023-02-21,2247,North Bay Parry Sound District Health Unit,0.1325,59.0,0.46,0.9393,0.9879
8412,2023-02-21,2241,"Kingston, Frontenac and Lennox and Addington Health Unit",0.1413,106.0,0.5,0.9338,0.9762
8413,2023-02-21,35,Ontario,0.118,4744.0,0.32,0.867,0.9641
8414,2023-02-21,2249,Northwestern Health Unit,0.1344,36.0,0.41,0.7727,0.8595
8415,2023-02-21,2242,Lambton Health Unit,0.2115,32.0,0.25,0.8148,0.9769
8416,2023-02-21,2246,Niagara Regional Area Health Unit,0.1515,123.0,0.26,0.6933,0.936
8417,2023-02-21,2243,"Leeds, Grenville and Lanark District Health Unit",0.1215,67.0,0.39,0.8894,0.9839
8418,2023-02-21,2230,Durham Regional Health Unit,0.0898,316.0,0.44,0.7443,0.9291
8419,2023-02-21,2238,Hastings and Prince Edward Counties Health Unit,0.123,91.0,0.54,0.9288,0.9879
8420,2023-02-21,2258,Eastern Ontario Health Unit,0.1444,79.0,0.38,0.8204,0.9244
8421,2023-02-21,2235,"Haliburton, Kawartha, Pine Ridge District Health Unit",0.15,83.0,0.44,0.8865,0.9609
8422,2023-02-21,2233,Grey Bruce Health Unit,0.1083,50.0,0.3,0.7972,0.969
8423,2023-02-21,2251,City of Ottawa Health Unit,0.1192,231.0,0.22,0.9127,0.9846
8424,2023-02-21,3895,City of Toronto Health Unit,0.0917,944.0,0.3,0.9176,0.972
8425,2023-02-21,2237,City of Hamilton Health Unit,0.142,210.0,0.36,0.9502,0.9813
8426,2023-02-21,2227,Brant County Health Unit,0.1472,56.0,0.36,0.9073,0.9825
8427,2023-02-21,2236,Halton Regional Health Unit,0.1599,96.0,0.15,0.7504,0.8759
8428,2023-02-21,5183,Huron Perth Health Unit,0.1074,60.0,0.43,0.8182,0.973
8429,2023-02-21,2226,District of Algoma Health Unit,0.15,40.0,0.35,0.8571,0.9786
8430,2023-02-21,2244,Middlesex-London Health Unit,0.1562,173.0,0.34,0.8787,0.9855
8431,2023-02-21,2262,Thunder Bay District Health Unit,0.0939,78.0,0.52,0.9123,0.9832
8432,2023-02-21,2257,Renfrew County and District Health Unit,0.0846,39.0,0.36,0.728,0.8966
8433,2023-02-21,2240,Chatham-Kent Health Unit,0.1306,42.0,0.39,0.9011,0.9962
8434,2023-02-21,2268,Windsor-Essex County Health Unit,0.1186,225.0,0.53,0.7732,0.9921
8435,2023-02-21,2261,Sudbury and District Health Unit,0.1189,160.0,0.8,0.9239,0.9701
8436,2023-02-20,2265,Waterloo Health Unit,0.1873,111.0,0.19,0.6757,0.9361
8437,2023-02-20,2238,Hastings and Prince Edward Counties Health Unit,0.1279,92.0,0.54,0.924,0.9828
8438,2023-02-20,2262,Thunder Bay District Health Unit,0.0838,80.0,0.53,0.9191,0.9831
8439,2023-02-20,2268,Windsor-Essex County Health Unit,0.1137,219.0,0.51,0.7734,0.9887
8440,2023-02-20,2270,York Regional Health Unit,0.1018,296.0,0.24,0.8605,0.9524
8441,2023-02-20,2257,Renfrew County and District Health Unit,0.0701,39.0,0.36,0.7382,0.8982
8442,2023-02-20,2260,Simcoe Muskoka District Health Unit,0.0978,194.0,0.32,0.9169,0.9746
8443,2023-02-20,4913,Southwestern Public Health,0.1386,77.0,0.37,0.8637,0.9819
8444,2023-02-20,2253,Peel Regional Health Unit,0.1103,364.0,0.23,0.924,0.9752
8445,2023-02-20,2244,Middlesex-London Health Unit,0.1627,169.0,0.33,0.8752,0.9865
8446,2023-02-20,2256,Porcupine Health Unit,0.0909,27.0,0.32,0.8497,0.9689
8447,2023-02-20,2255,Peterborough County-City Health Unit,0.1168,70.0,0.47,0.9464,0.9797
8448,2023-02-20,2246,Niagara Regional Area Health Unit,0.1526,115.0,0.24,0.7153,0.9405
8449,2023-02-20,35,Ontario,0.1178,4634.0,0.31,0.8719,0.9666
8450,2023-02-20,2247,North Bay Parry Sound District Health Unit,0.1256,57.0,0.44,0.9393,0.9907
8451,2023-02-20,2234,Haldimand-Norfolk Health Unit,0.1223,27.0,0.24,0.8835,0.9612
8452,2023-02-20,2242,Lambton Health Unit,0.2192,31.0,0.24,0.8283,0.9614
8453,2023-02-20,2235,"Haliburton, Kawartha, Pine Ridge District Health Unit",0.1407,77.0,0.41,0.8991,0.9682
8454,2023-02-20,5183,Huron Perth Health Unit,0.1201,58.0,0.42,0.828,0.9597
8455,2023-02-20,2236,Halton Regional Health Unit,0.152,99.0,0.16,0.7648,0.8858
8456,2023-02-20,2230,Durham Regional Health Unit,0.0853,305.0,0.43,0.7589,0.9404
8457,2023-02-20,2240,Chatham-Kent Health Unit,0.1164,39.0,0.37,0.9085,0.9967
8458,2023-02-20,2233,Grey Bruce Health Unit,0.1297,53.0,0.31,0.7831,0.9524
8459,2023-02-20,2258,Eastern Ontario Health Unit,0.1352,75.0,0.36,0.8294,0.9264
8460,2023-02-20,2237,City of Hamilton Health Unit,0.1441,204.0,0.34,0.955,0.9854
8461,2023-02-20,2226,District of Algoma Health Unit,0.1505,40.0,0.35,0.8693,0.9804
8462,2023-02-20,2251,City of Ottawa Health Unit,0.1169,239.0,0.23,0.9145,0.9831
8463,2023-02-20,2241,"Kingston, Frontenac and Lennox and Addington Health Unit",0.1444,105.0,0.49,0.9428,0.9802
8464,2023-02-20,2266,Wellington-Dufferin-Guelph Health Unit,0.2102,84.0,0.27,0.7845,0.9359
8465,2023-02-20,2261,Sudbury and District Health Unit,0.1251,146.0,0.73,0.9231,0.969
8466,2023-02-20,2263,Timiskaming Health Unit,0.0122,12.0,0.36,0.7431,0.9358
8467,2023-02-20,2249,Northwestern Health Unit,0.1345,34.0,0.39,0.7747,0.8577
8468,2023-02-20,2243,"Leeds, Grenville and Lanark District Health Unit",0.1162,65.0,0.38,0.8891,0.9819
8469,2023-02-20,3895,City of Toronto Health Unit,0.0904,932.0,0.3,0.9221,0.9754
8470,2023-02-20,2227,Brant County Health Unit,0.147,59.0,0.38,0.908,0.9806
8471,2023-02-19,2237,City of Hamilton Health Unit,0.1474,217.0,0.37,0.9377,0.9775
8472,2023-02-19,2236,Halton Regional Health Unit,0.133,107.0,0.17,0.7358,0.8544
8473,2023-02-19,2240,Chatham-Kent Health Unit,0.1438,44.0,0.41,0.9082,0.9934
8474,2023-02-19,2268,Windsor-Essex County Health Unit,0.1224,229.0,0.54,0.7738,0.9888
8475,2023-02-19,2234,Haldimand-Norfolk Health Unit,0.1408,29.0,0.26,0.8857,0.9619
8476,2023-02-19,2261,Sudbury and District Health Unit,0.1321,145.0,0.73,0.9235,0.9679
8477,2023-02-19,2262,Thunder Bay District Health Unit,0.0869,87.0,0.58,0.931,0.9885
8478,2023-02-19,2266,Wellington-Dufferin-Guelph Health Unit,0.1994,88.0,0.28,0.7844,0.9352
8479,2023-02-19,2263,Timiskaming Health Unit,0.0092,16.0,0.48,0.7568,0.9369
8480,2023-02-19,2257,Renfrew County and District Health Unit,0.0882,39.0,0.36,0.7222,0.8889
8481,2023-02-19,2249,Northwestern Health Unit,0.1183,37.0,0.43,0.777,0.8525
8482,2023-02-19,2260,Simcoe Muskoka District Health Unit,0.0895,206.0,0.34,0.909,0.9715
8483,2023-02-19,35,Ontario,0.1193,4931.0,0.33,0.8682,0.964
8484,2023-02-19,2256,Porcupine Health Unit,0.0773,28.0,0.33,0.8503,0.9733
8485,2023-02-19,2253,Peel Regional Health Unit,0.1126,383.0,0.24,0.923,0.9726
8486,2023-02-19,2238,Hastings and Prince Edward Counties Health Unit,0.1522,102.0,0.61,0.9274,0.9832
8487,2023-02-19,2246,Niagara Regional Area Health Unit,0.1513,126.0,0.27,0.7348,0.9448
8488,2023-02-19,5183,Huron Perth Health Unit,0.1197,67.0,0.48,0.8243,0.9623
8489,2023-02-19,2243,"Leeds, Grenville and Lanark District Health Unit",0.126,71.0,0.41,0.888,0.9784
8490,2023-02-19,2241,"Kingston, Frontenac and Lennox and Addington Health Unit",0.1442,125.0,0.59,0.9514,0.9896
8491,2023-02-19,3895,City of Toronto Health Unit,0.0881,983.0,0.32,0.9157,0.9737
8492,2023-02-19,2235,"Haliburton, Kawartha, Pine Ridge District Health Unit",0.1444,80.0,0.42,0.9065,0.9676
8493,2023-02-19,2226,District of Algoma Health Unit,0.1579,43.0,0.38,0.8581,0.967
8494,2023-02-19,2233,Grey Bruce Health Unit,0.1303,54.0,0.32,0.7871,0.9542
8495,2023-02-19,2230,Durham Regional Health Unit,0.081,328.0,0.46,0.7554,0.938
8496,2023-02-19,2265,Waterloo Health Unit,0.192,121.0,0.21,0.6854,0.9325
8497,2023-02-19,2255,Peterborough County-City Health Unit,0.1273,77.0,0.52,0.9436,0.9774
8498,2023-02-19,2244,Middlesex-London Health Unit,0.1703,177.0,0.35,0.8679,0.9861
8499,2023-02-19,2242,Lambton Health Unit,0.2605,34.0,0.26,0.8398,0.9697
8500,2023-02-19,2258,Eastern Ontario Health Unit,0.1508,80.0,0.38,0.8298,0.9255
8501,2023-02-19,2227,Brant County Health Unit,0.1516,58.0,0.38,0.8995,0.9804
8502,2023-02-19,2251,City of Ottawa Health Unit,0.1176,243.0,0.23,0.9143,0.9831
8503,2023-02-19,2247,North Bay Parry Sound District Health Unit,0.1309,63.0,0.49,0.9386,0.9909
8504,2023-02-19,4913,Southwestern Public Health,0.1281,87.0,0.41,0.8516,0.9656
8505,2023-02-19,2270,York Regional Health Unit,0.1025,312.0,0.25,0.8493,0.9481
8506,2023-02-18,3895,City of Toronto Health Unit,0.0885,982.0,0.31,0.9087,0.9759
8507,2023-02-18,2246,Niagara Regional Area Health Unit,0.1465,130.0,0.27,0.7187,0.9352
8508,2023-02-18,2265,Waterloo Health Unit,0.1865,125.0,0.21,0.6945,0.9359
8509,2023-02-18,2266,Wellington-Dufferin-Guelph Health Unit,0.2111,87.0,0.28,0.7969,0.9454
8510,2023-02-18,2268,Windsor-Essex County Health Unit,0.1244,227.0,0.54,0.7865,0.9882
8511,2023-02-18,2261,Sudbury and District Health Unit,0.1252,151.0,0.76,0.9384,0.9706
8512,2023-02-18,2255,Peterborough County-City Health Unit,0.1273,79.0,0.53,0.938,0.9745
8513,2023-02-18,2263,Timiskaming Health Unit,0.0194,15.0,0.45,0.7453,0.934
8514,2023-02-18,2262,Thunder Bay District Health Unit,0.0868,89.0,0.59,0.9376,0.9869
8515,2023-02-18,2256,Porcupine Health Unit,0.0765,28.0,0.34,0.8541,0.973
8516,2023-02-18,4913,Southwestern Public Health,0.1351,90.0,0.42,0.8714,0.9678
8517,2023-02-18,2257,Renfrew County and District Health Unit,0.0878,37.0,0.34,0.7071,0.85
8518,2023-02-18,2242,Lambton Health Unit,0.2747,33.0,0.25,0.8583,0.9667
8519,2023-02-18,35,Ontario,0.1197,4947.0,0.33,0.8657,0.9644
8520,2023-02-18,2243,"Leeds, Grenville and Lanark District Health Unit",0.1368,74.0,0.43,0.8579,0.9779
8521,2023-02-18,2247,North Bay Parry Sound District Health Unit,0.1142,63.0,0.48,0.9272,0.9977
8522,2023-02-18,2244,Middlesex-London Health Unit,0.173,176.0,0.35,0.8741,0.9821
8523,2023-02-18,2238,Hastings and Prince Edward Counties Health Unit,0.1487,105.0,0.62,0.8882,0.9833
8524,2023-02-18,2258,Eastern Ontario Health Unit,0.1449,81.0,0.39,0.8222,0.9313
8525,2023-02-18,2241,"Kingston, Frontenac and Lennox and Addington Health Unit",0.1508,126.0,0.59,0.9486,0.9888
8526,2023-02-18,5183,Huron Perth Health Unit,0.1149,67.0,0.48,0.8309,0.9598
8527,2023-02-18,2233,Grey Bruce Health Unit,0.139,52.0,0.31,0.7878,0.9496
8528,2023-02-18,2236,Halton Regional Health Unit,0.1306,108.0,0.17,0.737,0.8539
8529,2023-02-18,2234,Haldimand-Norfolk Health Unit,0.1587,30.0,0.26,0.893,0.9628
8530,2023-02-18,2227,Brant County Health Unit,0.1626,59.0,0.38,0.8988,0.9759
8531,2023-02-18,2251,City of Ottawa Health Unit,0.1169,243.0,0.23,0.9079,0.9819
8532,2023-02-18,2240,Chatham-Kent Health Unit,0.1303,44.0,0.41,0.9241,0.9931
8533,2023-02-18,2249,Northwestern Health Unit,0.1191,40.0,0.45,0.7517,0.851
8534,2023-02-18,2270,York Regional Health Unit,0.1022,309.0,0.25,0.8398,0.9487
8535,2023-02-18,2235,"Haliburton, Kawartha, Pine Ridge District Health Unit",0.1527,79.0,0.42,0.8989,0.9644
8536,2023-02-18,2237,City of Hamilton Health Unit,0.152,215.0,0.36,0.9414,0.9801
8537,2023-02-18,2230,Durham Regional Health Unit,0.0827,325.0,0.46,0.7592,0.9373
8538,2023-02-18,2260,Simcoe Muskoka District Health Unit,0.0874,204.0,0.34,0.8997,0.9753
8539,2023-02-18,2253,Peel Regional Health Unit,0.1098,389.0,0.24,0.9121,0.9742
8540,2023-02-18,2226,District of Algoma Health Unit,0.1569,44.0,0.38,0.8594,0.9681
8541,2023-02-17,2258,Eastern Ontario Health Unit,0.1413,80.0,0.38,0.8028,0.9396
8542,2023-02-17,35,Ontario,0.1196,4987.0,0.34,0.8679,0.9659
8543,2023-02-17,2230,Durham Regional Health Unit,0.0802,328.0,0.46,0.7648,0.9401
8544,2023-02-17,2270,York Regional Health Unit,0.1036,316.0,0.26,0.8434,0.9487
8545,2023-02-17,2265,Waterloo Health Unit,0.1977,124.0,0.21,0.6905,0.9531
8546,2023-02-17,2260,Simcoe Muskoka District Health Unit,0.0896,209.0,0.35,0.9029,0.9732
8547,2023-02-17,2268,Windsor-Essex County Health Unit,0.1221,225.0,0.53,0.7784,0.989
8548,2023-02-17,2266,Wellington-Dufferin-Guelph Health Unit,0.2078,85.0,0.27,0.7955,0.9493
8549,2023-02-17,4913,Southwestern Public Health,0.1303,94.0,0.45,0.8779,0.9706
8550,2023-02-17,2263,Timiskaming Health Unit,0.019,15.0,0.46,0.75,0.92
8551,2023-02-17,2261,Sudbury and District Health Unit,0.1195,152.0,0.76,0.9436,0.9806
8552,2023-02-17,2246,Niagara Regional Area Health Unit,0.1433,128.0,0.27,0.752,0.9363
8553,2023-02-17,2256,Porcupine Health Unit,0.0754,28.0,0.34,0.8791,0.9725
8554,2023-02-17,2247,North Bay Parry Sound District Health Unit,0.1021,60.0,0.46,0.9298,1.0
8555,2023-02-17,2253,Peel Regional Health Unit,0.1137,387.0,0.24,0.9074,0.9727
8556,2023-02-17,2249,Northwestern Health Unit,0.1111,40.0,0.45,0.8022,0.8974
8557,2023-02-17,2242,Lambton Health Unit,0.2803,34.0,0.26,0.8722,0.9692
8558,2023-02-17,2235,"Haliburton, Kawartha, Pine Ridge District Health Unit",0.1536,80.0,0.42,0.9,0.9642
8559,2023-02-17,2243,"Leeds, Grenville and Lanark District Health Unit",0.138,71.0,0.41,0.8454,0.9759
8560,2023-02-17,2236,Halton Regional Health Unit,0.1305,109.0,0.18,0.7402,0.8681
8561,2023-02-17,2241,"Kingston, Frontenac and Lennox and Addington Health Unit",0.1573,130.0,0.61,0.9504,0.989
8562,2023-02-17,2238,Hastings and Prince Edward Counties Health Unit,0.1551,103.0,0.61,0.883,0.9787
8563,2023-02-17,2237,City of Hamilton Health Unit,0.1536,216.0,0.36,0.946,0.9807
8564,2023-02-17,3895,City of Toronto Health Unit,0.0887,999.0,0.32,0.9089,0.9768
8565,2023-02-17,2240,Chatham-Kent Health Unit,0.1224,42.0,0.4,0.9279,0.9937
8566,2023-02-17,2227,Brant County Health Unit,0.1675,59.0,0.38,0.9126,0.9854
8567,2023-02-17,2255,Peterborough County-City Health Unit,0.1318,79.0,0.53,0.9458,0.9765
8568,2023-02-17,2234,Haldimand-Norfolk Health Unit,0.1542,31.0,0.27,0.8937,0.971
8569,2023-02-17,2257,Renfrew County and District Health Unit,0.0849,39.0,0.36,0.6818,0.8117
8570,2023-02-17,5183,Huron Perth Health Unit,0.1234,67.0,0.48,0.8377,0.961
8571,2023-02-17,2226,District of Algoma Health Unit,0.1639,44.0,0.38,0.8635,0.9651
8572,2023-02-17,2244,Middlesex-London Health Unit,0.166,176.0,0.35,0.8831,0.9796
8573,2023-02-17,2262,Thunder Bay District Health Unit,0.0928,89.0,0.6,0.9509,0.9918
8574,2023-02-17,2251,City of Ottawa Health Unit,0.1129,252.0,0.24,0.9151,0.9807
8575,2023-02-17,2233,Grey Bruce Health Unit,0.131,53.0,0.31,0.7662,0.9577
8576,2023-02-16,2236,Halton Regional Health Unit,0.1228,112.0,0.18,0.7332,0.8679
8577,2023-02-16,2235,"Haliburton, Kawartha, Pine Ridge District Health Unit",0.16,75.0,0.4,0.905,0.9683
8578,2023-02-16,2270,York Regional Health Unit,0.1006,321.0,0.26,0.8435,0.9458
8579,2023-02-16,2262,Thunder Bay District Health Unit,0.0893,90.0,0.6,0.9615,0.992
8580,2023-02-16,2263,Timiskaming Health Unit,0.0194,15.0,0.45,0.7604,0.9271
8581,2023-02-16,2268,Windsor-Essex County Health Unit,0.1253,221.0,0.52,0.7502,0.9885
8582,2023-02-16,2265,Waterloo Health Unit,0.1973,127.0,0.22,0.6821,0.9525
8583,2023-02-16,35,Ontario,0.1199,5031.0,0.34,0.8715,0.9673
8584,2023-02-16,4913,Southwestern Public Health,0.1226,98.0,0.46,0.8792,0.9705
8585,2023-02-16,2253,Peel Regional Health Unit,0.1086,391.0,0.24,0.905,0.9743
8586,2023-02-16,2257,Renfrew County and District Health Unit,0.1127,39.0,0.36,0.6713,0.7797
8587,2023-02-16,2255,Peterborough County-City Health Unit,0.1273,76.0,0.52,0.9449,0.9764
8588,2023-02-16,2246,Niagara Regional Area Health Unit,0.1436,134.0,0.28,0.7766,0.9403
8589,2023-02-16,5183,Huron Perth Health Unit,0.1374,68.0,0.48,0.8475,0.9619
8590,2023-02-16,2249,Northwestern Health Unit,0.1203,42.0,0.47,0.8175,0.9018
8591,2023-02-16,2247,North Bay Parry Sound District Health Unit,0.11,60.0,0.46,0.9221,0.9948
8592,2023-02-16,2241,"Kingston, Frontenac and Lennox and Addington Health Unit",0.1725,135.0,0.63,0.9591,0.9888
8593,2023-02-16,2244,Middlesex-London Health Unit,0.1659,165.0,0.33,0.9037,0.9817
8594,2023-02-16,2242,Lambton Health Unit,0.2899,34.0,0.26,0.876,0.9628
8595,2023-02-16,2226,District of Algoma Health Unit,0.1667,45.0,0.4,0.8718,0.9615
8596,2023-02-16,2230,Durham Regional Health Unit,0.08,336.0,0.47,0.783,0.9452
8597,2023-02-16,2234,Haldimand-Norfolk Health Unit,0.1386,29.0,0.25,0.9059,0.9851
8598,2023-02-16,2258,Eastern Ontario Health Unit,0.1534,77.0,0.37,0.8466,0.9806
8599,2023-02-16,2237,City of Hamilton Health Unit,0.1605,215.0,0.36,0.9447,0.9798
8600,2023-02-16,3895,City of Toronto Health Unit,0.0892,1008.0,0.32,0.9111,0.9803
8601,2023-02-16,2251,City of Ottawa Health Unit,0.1168,253.0,0.24,0.9303,0.9798
8602,2023-02-16,2240,Chatham-Kent Health Unit,0.1135,47.0,0.44,0.9295,0.9936
8603,2023-02-16,2260,Simcoe Muskoka District Health Unit,0.0812,225.0,0.38,0.8997,0.97
8604,2023-02-16,2266,Wellington-Dufferin-Guelph Health Unit,0.2117,83.0,0.27,0.8232,0.9607
8605,2023-02-16,2261,Sudbury and District Health Unit,0.124,149.0,0.75,0.9451,0.9789
8606,2023-02-16,2243,"Leeds, Grenville and Lanark District Health Unit",0.1321,70.0,0.41,0.8531,0.9827
8607,2023-02-16,2238,Hastings and Prince Edward Counties Health Unit,0.157,108.0,0.64,0.8901,0.9817
8608,2023-02-16,2233,Grey Bruce Health Unit,0.1309,55.0,0.32,0.7602,0.9515
8609,2023-02-16,2256,Porcupine Health Unit,0.0739,29.0,0.35,0.8617,0.9681
8610,2023-02-16,2227,Brant County Health Unit,0.1663,59.0,0.38,0.9208,0.9876
8611,2023-02-15,2242,Lambton Health Unit,0.3096,34.0,0.26,0.8833,0.9583
8612,2023-02-15,35,Ontario,0.1215,5018.0,0.34,0.8693,0.9642
8613,2023-02-15,2266,Wellington-Dufferin-Guelph Health Unit,0.2132,86.0,0.28,0.8291,0.9631
8614,2023-02-15,2268,Windsor-Essex County Health Unit,0.1244,222.0,0.52,0.8037,0.9892
8615,2023-02-15,2270,York Regional Health Unit,0.101,324.0,0.26,0.8369,0.9463
8616,2023-02-15,2256,Porcupine Health Unit,0.089,27.0,0.33,0.8703,0.9676
8617,2023-02-15,2263,Timiskaming Health Unit,0.03,14.0,0.44,0.7864,0.9223
8618,2023-02-15,2257,Renfrew County and District Health Unit,0.1162,41.0,0.37,0.6764,0.7709
8619,2023-02-15,2261,Sudbury and District Health Unit,0.1277,140.0,0.7,0.956,0.985
8620,2023-02-15,2260,Simcoe Muskoka District Health Unit,0.0804,222.0,0.37,0.8987,0.969
8621,2023-02-15,2243,"Leeds, Grenville and Lanark District Health Unit",0.1423,69.0,0.4,0.8418,0.9838
8622,2023-02-15,2253,Peel Regional Health Unit,0.1087,392.0,0.24,0.891,0.9682
8623,2023-02-15,2244,Middlesex-London Health Unit,0.1581,159.0,0.31,0.899,0.9822
8624,2023-02-15,2249,Northwestern Health Unit,0.1364,44.0,0.5,0.7848,0.904
8625,2023-02-15,2246,Niagara Regional Area Health Unit,0.1462,133.0,0.28,0.7733,0.9518
8626,2023-02-15,2233,Grey Bruce Health Unit,0.1415,59.0,0.34,0.8051,0.9538
8627,2023-02-15,2234,Haldimand-Norfolk Health Unit,0.1122,29.0,0.26,0.8981,0.9757
8628,2023-02-15,2238,Hastings and Prince Edward Counties Health Unit,0.158,108.0,0.64,0.8763,0.9761
8629,2023-02-15,2235,"Haliburton, Kawartha, Pine Ridge District Health Unit",0.1895,73.0,0.39,0.8793,0.9425
8630,2023-02-15,2226,District of Algoma Health Unit,0.1464,46.0,0.4,0.8994,0.9654
8631,2023-02-15,2227,Brant County Health Unit,0.161,59.0,0.38,0.916,0.9852
8632,2023-02-15,2258,Eastern Ontario Health Unit,0.1431,80.0,0.38,0.8267,0.9755
8633,2023-02-15,2230,Durham Regional Health Unit,0.0812,336.0,0.47,0.7977,0.9412
8634,2023-02-15,2240,Chatham-Kent Health Unit,0.1118,46.0,0.43,0.9414,0.9967
8635,2023-02-15,3895,City of Toronto Health Unit,0.0919,996.0,0.32,0.8907,0.9723
8636,2023-02-15,2237,City of Hamilton Health Unit,0.157,210.0,0.35,0.941,0.9797
8637,2023-02-15,2262,Thunder Bay District Health Unit,0.0954,90.0,0.6,0.9696,0.9936
8638,2023-02-15,4913,Southwestern Public Health,0.114,98.0,0.46,0.8765,0.9702
8639,2023-02-15,2247,North Bay Parry Sound District Health Unit,0.1074,56.0,0.43,0.936,0.992
8640,2023-02-15,5183,Huron Perth Health Unit,0.1368,68.0,0.49,0.842,0.961
8641,2023-02-15,2236,Halton Regional Health Unit,0.1239,110.0,0.18,0.7141,0.8526
8642,2023-02-15,2265,Waterloo Health Unit,0.2154,130.0,0.22,0.7015,0.9517
8643,2023-02-15,2251,City of Ottawa Health Unit,0.1187,259.0,0.25,0.9308,0.9775
8644,2023-02-15,2255,Peterborough County-City Health Unit,0.1183,72.0,0.49,0.9382,0.9691
8645,2023-02-15,2241,"Kingston, Frontenac and Lennox and Addington Health Unit",0.1717,146.0,0.68,0.9577,0.9882
8646,2023-02-14,2244,Middlesex-London Health Unit,0.1648,153.0,0.3,0.893,0.9811
8647,2023-02-14,2263,Timiskaming Health Unit,0.0577,15.0,0.45,0.802,0.9406
8648,2023-02-14,2243,"Leeds, Grenville and Lanark District Health Unit",0.1546,69.0,0.4,0.8414,0.9839
8649,2023-02-14,4913,Southwestern Public Health,0.1098,95.0,0.45,0.8713,0.9716
8650,2023-02-14,2268,Windsor-Essex County Health Unit,0.1207,227.0,0.54,0.7573,0.9816
8651,2023-02-14,2261,Sudbury and District Health Unit,0.1254,144.0,0.72,0.9516,0.9852
8652,2023-02-14,2265,Waterloo Health Unit,0.2115,132.0,0.23,0.7036,0.9503
8653,2023-02-14,2262,Thunder Bay District Health Unit,0.0962,89.0,0.59,0.9665,0.9936
8654,2023-02-14,2256,Porcupine Health Unit,0.0749,27.0,0.32,0.8636,0.9602
8655,2023-02-14,2247,North Bay Parry Sound District Health Unit,0.1172,55.0,0.42,0.9061,0.9873
8656,2023-02-14,2260,Simcoe Muskoka District Health Unit,0.0884,226.0,0.38,0.8945,0.9673
8657,2023-02-14,2257,Renfrew County and District Health Unit,0.1277,40.0,0.37,0.67,0.771
8658,2023-02-14,2249,Northwestern Health Unit,0.1404,42.0,0.48,0.7774,0.8968
8659,2023-02-14,2255,Peterborough County-City Health Unit,0.1116,72.0,0.48,0.9464,0.9778
8660,2023-02-14,35,Ontario,0.1221,5033.0,0.34,0.8617,0.9646
8661,2023-02-14,2236,Halton Regional Health Unit,0.126,111.0,0.18,0.7484,0.8606
8662,2023-02-14,2238,Hastings and Prince Edward Counties Health Unit,0.1791,104.0,0.62,0.8676,0.9732
8663,2023-02-14,2242,Lambton Health Unit,0.2887,34.0,0.26,0.8189,0.9606
8664,2023-02-14,5183,Huron Perth Health Unit,0.1272,66.0,0.47,0.8482,0.9588
8665,2023-02-14,2233,Grey Bruce Health Unit,0.1347,57.0,0.34,0.7896,0.9377
8666,2023-02-14,2251,City of Ottawa Health Unit,0.1193,245.0,0.23,0.9286,0.9822
8667,2023-02-14,2235,"Haliburton, Kawartha, Pine Ridge District Health Unit",0.1761,73.0,0.39,0.873,0.9492
8668,2023-02-14,2234,Haldimand-Norfolk Health Unit,0.1048,30.0,0.26,0.8835,0.9854
8669,2023-02-14,3895,City of Toronto Health Unit,0.0955,1017.0,0.33,0.8874,0.9718
8670,2023-02-14,2258,Eastern Ontario Health Unit,0.1434,77.0,0.37,0.7925,0.9767
8671,2023-02-14,2226,District of Algoma Health Unit,0.1718,47.0,0.41,0.9167,0.9722
8672,2023-02-14,2266,Wellington-Dufferin-Guelph Health Unit,0.2125,87.0,0.28,0.8323,0.9624
8673,2023-02-14,2240,Chatham-Kent Health Unit,0.1161,44.0,0.42,0.8966,0.9937
8674,2023-02-14,2227,Brant County Health Unit,0.1483,56.0,0.36,0.9019,0.9755
8675,2023-02-14,2237,City of Hamilton Health Unit,0.1527,212.0,0.36,0.9273,0.9789
8676,2023-02-14,2230,Durham Regional Health Unit,0.0783,336.0,0.47,0.8074,0.9469
8677,2023-02-14,2270,York Regional Health Unit,0.099,325.0,0.26,0.8255,0.9533
8678,2023-02-14,2253,Peel Regional Health Unit,0.1112,410.0,0.26,0.8807,0.9677
8679,2023-02-14,2246,Niagara Regional Area Health Unit,0.1513,131.0,0.28,0.7779,0.9519
8680,2023-02-14,2241,"Kingston, Frontenac and Lennox and Addington Health Unit",0.1632,144.0,0.68,0.9557,0.9875
8681,2023-02-13,2243,"Leeds, Grenville and Lanark District Health Unit",0.1673,70.0,0.4,0.8519,0.985
8682,2023-02-13,2240,Chatham-Kent Health Unit,0.1225,43.0,0.41,0.8932,0.9871
8683,2023-02-13,2247,North Bay Parry Sound District Health Unit,0.1247,57.0,0.44,0.9098,0.9845
8684,2023-02-13,2268,Windsor-Essex County Health Unit,0.1283,228.0,0.54,0.7424,0.9769
8685,2023-02-13,2246,Niagara Regional Area Health Unit,0.1439,141.0,0.3,0.7921,0.9527
8686,2023-02-13,2263,Timiskaming Health Unit,0.0583,15.0,0.45,0.8,0.9579
8687,2023-02-13,2265,Waterloo Health Unit,0.2163,137.0,0.23,0.7143,0.951
8688,2023-02-13,2270,York Regional Health Unit,0.1014,334.0,0.27,0.8172,0.9482
8689,2023-02-13,2266,Wellington-Dufferin-Guelph Health Unit,0.2022,90.0,0.29,0.8372,0.9687
8690,2023-02-13,4913,Southwestern Public Health,0.1062,94.0,0.45,0.8864,0.9746
8691,2023-02-13,2253,Peel Regional Health Unit,0.1112,416.0,0.26,0.8833,0.9675
8692,2023-02-13,2261,Sudbury and District Health Unit,0.1251,145.0,0.73,0.9553,0.9871
8693,2023-02-13,2255,Peterborough County-City Health Unit,0.1088,76.0,0.51,0.9496,0.9826
8694,2023-02-13,2260,Simcoe Muskoka District Health Unit,0.0961,226.0,0.38,0.8923,0.9663
8695,2023-02-13,2256,Porcupine Health Unit,0.0556,26.0,0.31,0.8701,0.9435
8696,2023-02-13,2241,"Kingston, Frontenac and Lennox and Addington Health Unit",0.1482,148.0,0.7,0.954,0.988
8697,2023-02-13,2242,Lambton Health Unit,0.2833,33.0,0.25,0.8016,0.9683
8698,2023-02-13,2236,Halton Regional Health Unit,0.1372,108.0,0.17,0.7398,0.852
8699,2023-02-13,2230,Durham Regional Health Unit,0.077,336.0,0.47,0.8124,0.951
8700,2023-02-13,5183,Huron Perth Health Unit,0.1159,67.0,0.48,0.8539,0.973
8701,2023-02-13,2238,Hastings and Prince Edward Counties Health Unit,0.1729,107.0,0.63,0.88,0.98
8702,2023-02-13,2258,Eastern Ontario Health Unit,0.1373,77.0,0.37,0.7904,0.9743
8703,2023-02-13,2235,"Haliburton, Kawartha, Pine Ridge District Health Unit",0.162,71.0,0.38,0.8531,0.9437
8704,2023-02-13,2233,Grey Bruce Health Unit,0.1126,55.0,0.32,0.7984,0.9529
8705,2023-02-13,3895,City of Toronto Health Unit,0.0958,1022.0,0.33,0.8823,0.9721
8706,2023-02-13,2237,City of Hamilton Health Unit,0.1487,212.0,0.36,0.9287,0.9756
8707,2023-02-13,2227,Brant County Health Unit,0.144,53.0,0.34,0.9038,0.9753
8708,2023-02-13,2251,City of Ottawa Health Unit,0.1152,241.0,0.23,0.9172,0.978
8709,2023-02-13,2234,Haldimand-Norfolk Health Unit,0.1122,29.0,0.26,0.872,0.981
8710,2023-02-13,2257,Renfrew County and District Health Unit,0.1408,41.0,0.37,0.6328,0.7311
8711,2023-02-13,2244,Middlesex-London Health Unit,0.1611,157.0,0.31,0.884,0.9795
8712,2023-02-13,2262,Thunder Bay District Health Unit,0.11,88.0,0.59,0.9607,0.9918
8713,2023-02-13,2226,District of Algoma Health Unit,0.172,49.0,0.43,0.9137,0.9673
8714,2023-02-13,35,Ontario,0.1215,5079.0,0.34,0.8601,0.9639
8715,2023-02-13,2249,Northwestern Health Unit,0.1313,42.0,0.48,0.7747,0.901
8716,2023-02-12,2253,Peel Regional Health Unit,0.1115,431.0,0.27,0.8817,0.9665
8717,2023-02-12,2268,Windsor-Essex County Health Unit,0.127,231.0,0.54,0.7463,0.9762
8718,2023-02-12,2270,York Regional Health Unit,0.1104,339.0,0.28,0.8104,0.9416
8719,2023-02-12,2263,Timiskaming Health Unit,0.0792,14.0,0.44,0.8,0.9579
8720,2023-02-12,2257,Renfrew County and District Health Unit,0.1267,43.0,0.39,0.6711,0.7566
8721,2023-02-12,2266,Wellington-Dufferin-Guelph Health Unit,0.1977,89.0,0.28,0.8212,0.9652
8722,2023-02-12,2265,Waterloo Health Unit,0.2152,141.0,0.24,0.6994,0.9393
8723,2023-02-12,2260,Simcoe Muskoka District Health Unit,0.1022,232.0,0.39,0.884,0.9611
8724,2023-02-12,2262,Thunder Bay District Health Unit,0.1113,87.0,0.58,0.9504,0.9856
8725,2023-02-12,4913,Southwestern Public Health,0.0923,94.0,0.45,0.9107,0.9951
8726,2023-02-12,2244,Middlesex-London Health Unit,0.1478,159.0,0.31,0.8932,0.9809
8727,2023-02-12,2246,Niagara Regional Area Health Unit,0.149,147.0,0.31,0.7731,0.9453
8728,2023-02-12,35,Ontario,0.1215,5115.0,0.34,0.8579,0.9627
8729,2023-02-12,2247,North Bay Parry Sound District Health Unit,0.1289,54.0,0.42,0.8926,0.9821
8730,2023-02-12,2241,"Kingston, Frontenac and Lennox and Addington Health Unit",0.1547,143.0,0.67,0.9549,0.985
8731,2023-02-12,2234,Haldimand-Norfolk Health Unit,0.1095,30.0,0.26,0.8606,0.976
8732,2023-02-12,2243,"Leeds, Grenville and Lanark District Health Unit",0.159,68.0,0.39,0.8337,0.9912
8733,2023-02-12,2242,Lambton Health Unit,0.2551,35.0,0.27,0.7992,0.9672
8734,2023-02-12,2235,"Haliburton, Kawartha, Pine Ridge District Health Unit",0.1618,69.0,0.36,0.8505,0.9417
8735,2023-02-12,5183,Huron Perth Health Unit,0.1,64.0,0.46,0.8248,0.9667
8736,2023-02-12,2236,Halton Regional Health Unit,0.1553,107.0,0.17,0.7424,0.8539
8737,2023-02-12,2240,Chatham-Kent Health Unit,0.1238,45.0,0.42,0.8805,0.9843
8738,2023-02-12,2258,Eastern Ontario Health Unit,0.1042,78.0,0.37,0.7954,0.9751
8739,2023-02-12,2237,City of Hamilton Health Unit,0.1468,221.0,0.37,0.9373,0.9791
8740,2023-02-12,2226,District of Algoma Health Unit,0.1563,50.0,0.44,0.9201,0.978
8741,2023-02-12,2251,City of Ottawa Health Unit,0.1135,247.0,0.23,0.9174,0.9786
8742,2023-02-12,2230,Durham Regional Health Unit,0.087,327.0,0.46,0.8167,0.9515
8743,2023-02-12,2227,Brant County Health Unit,0.1459,53.0,0.34,0.9151,0.9726
8744,2023-02-12,2261,Sudbury and District Health Unit,0.1202,139.0,0.7,0.9506,0.9863
8745,2023-02-12,2256,Porcupine Health Unit,0.0588,27.0,0.32,0.8265,0.898
8746,2023-02-12,2249,Northwestern Health Unit,0.1367,40.0,0.45,0.7844,0.9108
8747,2023-02-12,2238,Hastings and Prince Edward Counties Health Unit,0.1568,104.0,0.62,0.8738,0.9796
8748,2023-02-12,2233,Grey Bruce Health Unit,0.116,55.0,0.33,0.7959,0.949
8749,2023-02-12,3895,City of Toronto Health Unit,0.0983,1034.0,0.33,0.8798,0.9703
8750,2023-02-12,2255,Peterborough County-City Health Unit,0.0962,76.0,0.51,0.9497,0.9851
8751,2023-02-11,2257,Renfrew County and District Health Unit,0.1395,43.0,0.4,0.6986,0.7842
8752,2023-02-11,2258,Eastern Ontario Health Unit,0.1093,80.0,0.38,0.7967,0.9746
8753,2023-02-11,2261,Sudbury and District Health Unit,0.1237,137.0,0.69,0.9438,0.9833
8754,2023-02-11,2270,York Regional Health Unit,0.1109,341.0,0.28,0.8182,0.937
8755,2023-02-11,2262,Thunder Bay District Health Unit,0.1195,85.0,0.57,0.9471,0.9851
8756,2023-02-11,2266,Wellington-Dufferin-Guelph Health Unit,0.1824,91.0,0.29,0.8168,0.9511
8757,2023-02-11,2263,Timiskaming Health Unit,0.068,15.0,0.45,0.7959,0.949
8758,2023-02-11,2249,Northwestern Health Unit,0.1282,39.0,0.44,0.8458,0.9368
8759,2023-02-11,35,Ontario,0.1219,5133.0,0.35,0.8573,0.9611
8760,2023-02-11,2253,Peel Regional Health Unit,0.1141,429.0,0.27,0.8914,0.9667
8761,2023-02-11,2244,Middlesex-London Health Unit,0.1363,166.0,0.33,0.8875,0.9826
8762,2023-02-11,2238,Hastings and Prince Edward Counties Health Unit,0.1723,102.0,0.61,0.9112,0.9796
8763,2023-02-11,2247,North Bay Parry Sound District Health Unit,0.1602,55.0,0.43,0.8967,0.9824
8764,2023-02-11,2246,Niagara Regional Area Health Unit,0.1584,142.0,0.3,0.7547,0.9485
8765,2023-02-11,5183,Huron Perth Health Unit,0.0978,64.0,0.46,0.8204,0.969
8766,2023-02-11,2243,"Leeds, Grenville and Lanark District Health Unit",0.1535,63.0,0.37,0.8578,0.9929
8767,2023-02-11,2241,"Kingston, Frontenac and Lennox and Addington Health Unit",0.1555,143.0,0.67,0.9586,0.9865
8768,2023-02-11,3895,City of Toronto Health Unit,0.0997,1047.0,0.34,0.8814,0.9682
8769,2023-02-11,2235,"Haliburton, Kawartha, Pine Ridge District Health Unit",0.1568,70.0,0.37,0.8519,0.9415
8770,2023-02-11,2226,District of Algoma Health Unit,0.1689,52.0,0.46,0.9274,0.9812
8771,2023-02-11,2233,Grey Bruce Health Unit,0.1266,56.0,0.33,0.7812,0.9491
8772,2023-02-11,2230,Durham Regional Health Unit,0.0863,328.0,0.46,0.8095,0.9488
8773,2023-02-11,2240,Chatham-Kent Health Unit,0.1314,45.0,0.42,0.8844,0.9844
8774,2023-02-11,2251,City of Ottawa Health Unit,0.1098,247.0,0.23,0.9219,0.9799
8775,2023-02-11,2237,City of Hamilton Health Unit,0.139,225.0,0.38,0.9351,0.9777
8776,2023-02-11,2227,Brant County Health Unit,0.1362,52.0,0.34,0.918,0.9754
8777,2023-02-11,2234,Haldimand-Norfolk Health Unit,0.0845,30.0,0.27,0.8498,0.9765
8778,2023-02-11,2265,Waterloo Health Unit,0.2262,140.0,0.24,0.6717,0.9301
8779,2023-02-11,4913,Southwestern Public Health,0.0829,91.0,0.43,0.8929,0.9938
8780,2023-02-11,2256,Porcupine Health Unit,0.0652,26.0,0.32,0.8316,0.898
8781,2023-02-11,2255,Peterborough County-City Health Unit,0.0983,76.0,0.51,0.9484,0.9866
8782,2023-02-11,2236,Halton Regional Health Unit,0.1617,105.0,0.17,0.7109,0.8216
8783,2023-02-11,2242,Lambton Health Unit,0.2429,35.0,0.27,0.7819,0.9671
8784,2023-02-11,2268,Windsor-Essex County Health Unit,0.1162,232.0,0.55,0.7437,0.9759
8785,2023-02-11,2260,Simcoe Muskoka District Health Unit,0.1062,237.0,0.4,0.8793,0.9625
8786,2023-02-10,2235,"Haliburton, Kawartha, Pine Ridge District Health Unit",0.1529,69.0,0.37,0.8427,0.9415
8787,2023-02-10,2265,Waterloo Health Unit,0.2185,139.0,0.24,0.6494,0.9301
8788,2023-02-10,2266,Wellington-Dufferin-Guelph Health Unit,0.1821,94.0,0.3,0.8132,0.9447
8789,2023-02-10,2268,Windsor-Essex County Health Unit,0.1135,230.0,0.54,0.7398,0.9767
8790,2023-02-10,2255,Peterborough County-City Health Unit,0.0909,75.0,0.51,0.9439,0.9884
8791,2023-02-10,2256,Porcupine Health Unit,0.0811,26.0,0.32,0.8308,0.8923
8792,2023-02-10,4913,Southwestern Public Health,0.0814,91.0,0.43,0.8907,0.9954
8793,2023-02-10,2257,Renfrew County and District Health Unit,0.138,42.0,0.39,0.7127,0.8246
8794,2023-02-10,2249,Northwestern Health Unit,0.1519,40.0,0.46,0.8479,0.9392
8795,2023-02-10,2242,Lambton Health Unit,0.2427,34.0,0.26,0.768,0.964
8796,2023-02-10,2253,Peel Regional Health Unit,0.1094,452.0,0.28,0.8958,0.9675
8797,2023-02-10,35,Ontario,0.1226,5137.0,0.35,0.8559,0.9617
8798,2023-02-10,2243,"Leeds, Grenville and Lanark District Health Unit",0.155,65.0,0.38,0.8722,0.9955
8799,2023-02-10,2247,North Bay Parry Sound District Health Unit,0.1595,56.0,0.43,0.89,0.9821
8800,2023-02-10,2244,Middlesex-London Health Unit,0.1349,162.0,0.32,0.8815,0.9854
8801,2023-02-10,2258,Eastern Ontario Health Unit,0.1115,79.0,0.38,0.823,0.969
8802,2023-02-10,5183,Huron Perth Health Unit,0.0911,64.0,0.46,0.7949,0.9744
8803,2023-02-10,2233,Grey Bruce Health Unit,0.1298,56.0,0.33,0.7935,0.9402
8804,2023-02-10,2236,Halton Regional Health Unit,0.1662,102.0,0.17,0.7047,0.8112
8805,2023-02-10,2234,Haldimand-Norfolk Health Unit,0.0922,31.0,0.27,0.8559,0.9738
8806,2023-02-10,3895,City of Toronto Health Unit,0.1032,1038.0,0.33,0.8796,0.9678
8807,2023-02-10,2226,District of Algoma Health Unit,0.1693,55.0,0.48,0.9267,0.9817
8808,2023-02-10,2227,Brant County Health Unit,0.1324,53.0,0.34,0.9076,0.9674
8809,2023-02-10,2251,City of Ottawa Health Unit,0.1124,238.0,0.23,0.9215,0.9819
8810,2023-02-10,2240,Chatham-Kent Health Unit,0.1366,46.0,0.43,0.8786,0.984
8811,2023-02-10,2238,Hastings and Prince Edward Counties Health Unit,0.1655,102.0,0.6,0.9161,0.9829
8812,2023-02-10,2270,York Regional Health Unit,0.1163,337.0,0.27,0.8117,0.9393
8813,2023-02-10,2261,Sudbury and District Health Unit,0.1293,137.0,0.69,0.9324,0.9744
8814,2023-02-10,2260,Simcoe Muskoka District Health Unit,0.1053,242.0,0.4,0.8748,0.9645
8815,2023-02-10,2237,City of Hamilton Health Unit,0.1389,225.0,0.38,0.9349,0.9796
8816,2023-02-10,2230,Durham Regional Health Unit,0.0903,328.0,0.46,0.8124,0.9496
8817,2023-02-10,2241,"Kingston, Frontenac and Lennox and Addington Health Unit",0.1461,140.0,0.66,0.9554,0.9868
8818,2023-02-10,2263,Timiskaming Health Unit,0.07,14.0,0.44,0.798,0.9596
8819,2023-02-10,2246,Niagara Regional Area Health Unit,0.1621,145.0,0.31,0.7485,0.9521
8820,2023-02-10,2262,Thunder Bay District Health Unit,0.1145,85.0,0.57,0.9478,0.9848
8821,2023-02-09,2240,Chatham-Kent Health Unit,0.1513,43.0,0.41,0.8811,0.9848
8822,2023-02-09,5183,Huron Perth Health Unit,0.079,63.0,0.45,0.7754,0.9716
8823,2023-02-09,2265,Waterloo Health Unit,0.2234,137.0,0.23,0.6403,0.9209
8824,2023-02-09,2263,Timiskaming Health Unit,0.0808,14.0,0.43,0.7843,0.9412
8825,2023-02-09,2270,York Regional Health Unit,0.121,341.0,0.28,0.8138,0.9375
8826,2023-02-09,2260,Simcoe Muskoka District Health Unit,0.1144,230.0,0.38,0.8732,0.966
8827,2023-02-09,4913,Southwestern Public Health,0.084,92.0,0.43,0.8713,0.9867
8828,2023-02-09,2242,Lambton Health Unit,0.2358,33.0,0.25,0.7407,0.963
8829,2023-02-09,2261,Sudbury and District Health Unit,0.1211,138.0,0.69,0.9269,0.9726
8830,2023-02-09,2255,Peterborough County-City Health Unit,0.0735,78.0,0.53,0.9273,0.9805
8831,2023-02-09,2246,Niagara Regional Area Health Unit,0.1619,145.0,0.31,0.7363,0.9407
8832,2023-02-09,2257,Renfrew County and District Health Unit,0.1153,42.0,0.39,0.7351,0.8358
8833,2023-02-09,2256,Porcupine Health Unit,0.0929,26.0,0.31,0.8308,0.8905
8834,2023-02-09,2247,North Bay Parry Sound District Health Unit,0.1546,55.0,0.43,0.8937,0.9873
8835,2023-02-09,2253,Peel Regional Health Unit,0.1083,455.0,0.28,0.8971,0.9643
8836,2023-02-09,2249,Northwestern Health Unit,0.1392,39.0,0.44,0.8168,0.9451
8837,2023-02-09,2235,"Haliburton, Kawartha, Pine Ridge District Health Unit",0.1516,68.0,0.36,0.8131,0.9343
8838,2023-02-09,2243,"Leeds, Grenville and Lanark District Health Unit",0.1596,64.0,0.37,0.8694,0.991
8839,2023-02-09,2236,Halton Regional Health Unit,0.1688,101.0,0.16,0.7407,0.8347
8840,2023-02-09,2241,"Kingston, Frontenac and Lennox and Addington Health Unit",0.1436,141.0,0.66,0.9518,0.9874
8841,2023-02-09,2238,Hastings and Prince Edward Counties Health Unit,0.1672,96.0,0.57,0.892,0.9762
8842,2023-02-09,2258,Eastern Ontario Health Unit,0.1068,80.0,0.38,0.8042,0.9549
8843,2023-02-09,2237,City of Hamilton Health Unit,0.1394,231.0,0.39,0.9375,0.9802
8844,2023-02-09,2234,Haldimand-Norfolk Health Unit,0.1073,33.0,0.29,0.8611,0.9762
8845,2023-02-09,2233,Grey Bruce Health Unit,0.125,55.0,0.32,0.807,0.9437
8846,2023-02-09,2251,City of Ottawa Health Unit,0.1116,241.0,0.23,0.9179,0.9792
8847,2023-02-09,2230,Durham Regional Health Unit,0.0909,324.0,0.45,0.7883,0.9569
8848,2023-02-09,3895,City of Toronto Health Unit,0.1062,1057.0,0.34,0.8784,0.9639
8849,2023-02-09,2262,Thunder Bay District Health Unit,0.1115,87.0,0.58,0.9273,0.9668
8850,2023-02-09,35,Ontario,0.123,5140.0,0.35,0.8528,0.9601
8851,2023-02-09,2244,Middlesex-London Health Unit,0.1354,164.0,0.32,0.8549,0.9852
8852,2023-02-09,2268,Windsor-Essex County Health Unit,0.1098,228.0,0.54,0.765,0.9768
8853,2023-02-09,2226,District of Algoma Health Unit,0.1886,55.0,0.48,0.9225,0.9871
8854,2023-02-09,2227,Brant County Health Unit,0.1292,51.0,0.33,0.9178,0.966
8855,2023-02-09,2266,Wellington-Dufferin-Guelph Health Unit,0.1862,91.0,0.29,0.814,0.9428
8856,2023-02-08,2262,Thunder Bay District Health Unit,0.1138,89.0,0.59,0.9231,0.9623
8857,2023-02-08,2226,District of Algoma Health Unit,0.2082,56.0,0.49,0.9211,0.9898
8858,2023-02-08,2258,Eastern Ontario Health Unit,0.1119,78.0,0.37,0.8177,0.9514
8859,2023-02-08,2234,Haldimand-Norfolk Health Unit,0.1111,36.0,0.32,0.8696,0.9763
8860,2023-02-08,2230,Durham Regional Health Unit,0.0931,322.0,0.45,0.7817,0.9595
8861,2023-02-08,2236,Halton Regional Health Unit,0.1635,104.0,0.17,0.7523,0.848
8862,2023-02-08,2242,Lambton Health Unit,0.2146,31.0,0.24,0.7373,0.9631
8863,2023-02-08,2244,Middlesex-London Health Unit,0.1315,168.0,0.33,0.849,0.9848
8864,2023-02-08,2241,"Kingston, Frontenac and Lennox and Addington Health Unit",0.1314,136.0,0.64,0.9513,0.9841
8865,2023-02-08,2247,North Bay Parry Sound District Health Unit,0.1425,58.0,0.45,0.8972,0.9875
8866,2023-02-08,5183,Huron Perth Health Unit,0.0603,62.0,0.44,0.7775,0.9725
8867,2023-02-08,2246,Niagara Regional Area Health Unit,0.1695,151.0,0.32,0.7298,0.942
8868,2023-02-08,2255,Peterborough County-City Health Unit,0.0865,79.0,0.54,0.9284,0.9857
8869,2023-02-08,2257,Renfrew County and District Health Unit,0.0919,40.0,0.37,0.727,0.8546
8870,2023-02-08,2253,Peel Regional Health Unit,0.1071,451.0,0.28,0.9098,0.9698
8871,2023-02-08,4913,Southwestern Public Health,0.0872,93.0,0.44,0.8686,0.9849
8872,2023-02-08,35,Ontario,0.1224,5154.0,0.35,0.8556,0.9613
8873,2023-02-08,2270,York Regional Health Unit,0.1265,340.0,0.28,0.8238,0.9362
8874,2023-02-08,2266,Wellington-Dufferin-Guelph Health Unit,0.1761,88.0,0.28,0.792,0.9184
8875,2023-02-08,2260,Simcoe Muskoka District Health Unit,0.1188,238.0,0.4,0.8795,0.9671
8876,2023-02-08,2261,Sudbury and District Health Unit,0.114,138.0,0.69,0.9175,0.9678
8877,2023-02-08,2265,Waterloo Health Unit,0.2284,136.0,0.23,0.5937,0.9054
8878,2023-02-08,2256,Porcupine Health Unit,0.066,28.0,0.34,0.7773,0.8384
8879,2023-02-08,2249,Northwestern Health Unit,0.1186,36.0,0.41,0.8301,0.9382
8880,2023-02-08,2268,Windsor-Essex County Health Unit,0.107,230.0,0.54,0.7706,0.9755
8881,2023-02-08,2243,"Leeds, Grenville and Lanark District Health Unit",0.1535,63.0,0.37,0.8674,0.986
8882,2023-02-08,2263,Timiskaming Health Unit,0.068,15.0,0.45,0.8041,0.9485
8883,2023-02-08,2238,Hastings and Prince Edward Counties Health Unit,0.1671,99.0,0.59,0.8988,0.9769
8884,2023-02-08,2235,"Haliburton, Kawartha, Pine Ridge District Health Unit",0.1205,68.0,0.36,0.834,0.9643
8885,2023-02-08,2233,Grey Bruce Health Unit,0.1011,54.0,0.32,0.7995,0.9446
8886,2023-02-08,3895,City of Toronto Health Unit,0.1066,1064.0,0.34,0.8968,0.9712
8887,2023-02-08,2237,City of Hamilton Health Unit,0.1481,235.0,0.4,0.9392,0.9789
8888,2023-02-08,2240,Chatham-Kent Health Unit,0.1531,46.0,0.43,0.8843,0.9852
8889,2023-02-08,2227,Brant County Health Unit,0.1275,50.0,0.32,0.9074,0.9656
8890,2023-02-08,2251,City of Ottawa Health Unit,0.1134,231.0,0.22,0.916,0.979
8891,2023-02-07,2234,Haldimand-Norfolk Health Unit,0.1265,36.0,0.32,0.888,0.976
8892,2023-02-07,2237,City of Hamilton Health Unit,0.1507,232.0,0.39,0.9477,0.9786
8893,2023-02-07,2240,Chatham-Kent Health Unit,0.1686,48.0,0.45,0.9294,0.9853
8894,2023-02-07,2227,Brant County Health Unit,0.1324,53.0,0.34,0.8974,0.9718
8895,2023-02-07,2235,"Haliburton, Kawartha, Pine Ridge District Health Unit",0.1142,68.0,0.36,0.851,0.9719
8896,2023-02-07,2238,Hastings and Prince Edward Counties Health Unit,0.1563,99.0,0.59,0.9161,0.9764
8897,2023-02-07,2241,"Kingston, Frontenac and Lennox and Addington Health Unit",0.1429,141.0,0.66,0.9475,0.985
8898,2023-02-07,2233,Grey Bruce Health Unit,0.1026,54.0,0.32,0.8005,0.9495
8899,2023-02-07,2246,Niagara Regional Area Health Unit,0.1637,153.0,0.32,0.7163,0.9434
8900,2023-02-07,2244,Middlesex-London Health Unit,0.1288,175.0,0.35,0.8563,0.9878
8901,2023-02-07,2253,Peel Regional Health Unit,0.1035,450.0,0.28,0.926,0.9696
8902,2023-02-07,2243,"Leeds, Grenville and Lanark District Health Unit",0.1319,62.0,0.36,0.8836,0.9834
8903,2023-02-07,2260,Simcoe Muskoka District Health Unit,0.1282,244.0,0.41,0.88,0.9645
8904,2023-02-07,2261,Sudbury and District Health Unit,0.1187,134.0,0.67,0.9188,0.9698
8905,2023-02-07,2257,Renfrew County and District Health Unit,0.0882,39.0,0.36,0.7259,0.8556
8906,2023-02-07,2263,Timiskaming Health Unit,0.0495,14.0,0.44,0.7979,0.9468
8907,2023-02-07,2256,Porcupine Health Unit,0.0639,31.0,0.37,0.7769,0.8367
8908,2023-02-07,2270,York Regional Health Unit,0.1307,344.0,0.28,0.8313,0.9243
8909,2023-02-07,2268,Windsor-Essex County Health Unit,0.1031,223.0,0.53,0.8526,0.9847
8910,2023-02-07,2266,Wellington-Dufferin-Guelph Health Unit,0.1756,88.0,0.28,0.7951,0.9138
8911,2023-02-07,2230,Durham Regional Health Unit,0.0957,319.0,0.45,0.7943,0.9599
8912,2023-02-07,2265,Waterloo Health Unit,0.227,137.0,0.23,0.5869,0.907
8913,2023-02-07,2262,Thunder Bay District Health Unit,0.1244,87.0,0.58,0.9225,0.9564
8914,2023-02-07,4913,Southwestern Public Health,0.0916,94.0,0.44,0.8792,0.9809
8915,2023-02-07,2255,Peterborough County-City Health Unit,0.0791,79.0,0.54,0.9234,0.9813
8916,2023-02-07,35,Ontario,0.1231,5168.0,0.35,0.8656,0.9607
8917,2023-02-07,2249,Northwestern Health Unit,0.1139,40.0,0.46,0.8321,0.9453
8918,2023-02-07,2247,North Bay Parry Sound District Health Unit,0.1385,57.0,0.44,0.9243,0.9869
8919,2023-02-07,2242,Lambton Health Unit,0.215,31.0,0.23,0.799,0.9639
8920,2023-02-07,5183,Huron Perth Health Unit,0.0559,61.0,0.44,0.7909,0.9773
8921,2023-02-07,2236,Halton Regional Health Unit,0.1722,104.0,0.17,0.7286,0.8314
8922,2023-02-07,2258,Eastern Ontario Health Unit,0.1142,81.0,0.39,0.8376,0.9434
8923,2023-02-07,2226,District of Algoma Health Unit,0.1984,55.0,0.48,0.9111,0.9838
8924,2023-02-07,3895,City of Toronto Health Unit,0.1086,1054.0,0.34,0.8999,0.9735
8925,2023-02-07,2251,City of Ottawa Health Unit,0.1097,237.0,0.22,0.9177,0.9757
8926,2023-02-06,2227,Brant County Health Unit,0.128,54.0,0.35,0.8903,0.9739
8927,2023-02-06,2256,Porcupine Health Unit,0.0736,33.0,0.4,0.7923,0.8538
8928,2023-02-06,2238,Hastings and Prince Edward Counties Health Unit,0.1555,94.0,0.56,0.9113,0.9715
8929,2023-02-06,2236,Halton Regional Health Unit,0.1657,102.0,0.16,0.7414,0.842
8930,2023-02-06,2240,Chatham-Kent Health Unit,0.1639,51.0,0.48,0.9194,0.9839
8931,2023-02-06,2226,District of Algoma Health Unit,0.2234,52.0,0.46,0.9019,0.9864
8932,2023-02-06,3895,City of Toronto Health Unit,0.1133,1059.0,0.34,0.9043,0.973
8933,2023-02-06,2251,City of Ottawa Health Unit,0.1102,236.0,0.22,0.9202,0.9732
8934,2023-02-06,5183,Huron Perth Health Unit,0.0563,63.0,0.45,0.7911,0.9789
8935,2023-02-06,2242,Lambton Health Unit,0.2103,31.0,0.23,0.8283,0.9596
8936,2023-02-06,2244,Middlesex-London Health Unit,0.1338,180.0,0.36,0.8636,0.9835
8937,2023-02-06,35,Ontario,0.1258,5178.0,0.35,0.8686,0.9603
8938,2023-02-06,2249,Northwestern Health Unit,0.1387,39.0,0.45,0.8129,0.9184
8939,2023-02-06,2257,Renfrew County and District Health Unit,0.0947,41.0,0.37,0.7204,0.8495
8940,2023-02-06,2247,North Bay Parry Sound District Health Unit,0.1333,58.0,0.45,0.9256,0.9897
8941,2023-02-06,2262,Thunder Bay District Health Unit,0.1164,90.0,0.6,0.9305,0.9596
8942,2023-02-06,2265,Waterloo Health Unit,0.2329,142.0,0.24,0.5714,0.8959
8943,2023-02-06,2261,Sudbury and District Health Unit,0.1145,141.0,0.71,0.9175,0.9684
8944,2023-02-06,2268,Windsor-Essex County Health Unit,0.1023,219.0,0.52,0.8738,0.9917
8945,2023-02-06,4913,Southwestern Public Health,0.0875,96.0,0.46,0.8769,0.9805
8946,2023-02-06,2234,Haldimand-Norfolk Health Unit,0.1205,36.0,0.31,0.8898,0.9755
8947,2023-02-06,2270,York Regional Health Unit,0.1377,339.0,0.28,0.8378,0.9254
8948,2023-02-06,2266,Wellington-Dufferin-Guelph Health Unit,0.1803,84.0,0.27,0.803,0.9165
8949,2023-02-06,2263,Timiskaming Health Unit,0.0612,14.0,0.43,0.8485,0.9697
8950,2023-02-06,2260,Simcoe Muskoka District Health Unit,0.1262,248.0,0.41,0.8746,0.9634
8951,2023-02-06,2255,Peterborough County-City Health Unit,0.079,80.0,0.54,0.9256,0.9782
8952,2023-02-06,2253,Peel Regional Health Unit,0.1057,457.0,0.28,0.9325,0.9711
8953,2023-02-06,2246,Niagara Regional Area Health Unit,0.167,149.0,0.32,0.699,0.9389
8954,2023-02-06,2243,"Leeds, Grenville and Lanark District Health Unit",0.1103,61.0,0.35,0.8822,0.98
8955,2023-02-06,2241,"Kingston, Frontenac and Lennox and Addington Health Unit",0.1622,133.0,0.63,0.9456,0.9826
8956,2023-02-06,2235,"Haliburton, Kawartha, Pine Ridge District Health Unit",0.1293,71.0,0.37,0.8591,0.9726
8957,2023-02-06,2233,Grey Bruce Health Unit,0.1108,53.0,0.31,0.8034,0.9494
8958,2023-02-06,2258,Eastern Ontario Health Unit,0.1125,81.0,0.39,0.8303,0.938
8959,2023-02-06,2230,Durham Regional Health Unit,0.0959,314.0,0.44,0.8058,0.9594
8960,2023-02-06,2237,City of Hamilton Health Unit,0.1538,234.0,0.4,0.942,0.9779
8961,2023-02-05,2242,Lambton Health Unit,0.1805,29.0,0.22,0.8341,0.9659
8962,2023-02-05,4913,Southwestern Public Health,0.0827,95.0,0.45,0.868,0.9799
8963,2023-02-05,2227,Brant County Health Unit,0.1253,54.0,0.35,0.8912,0.9715
8964,2023-02-05,2237,City of Hamilton Health Unit,0.158,227.0,0.38,0.9472,0.9803
8965,2023-02-05,3895,City of Toronto Health Unit,0.1137,1072.0,0.34,0.912,0.9765
8966,2023-02-05,2233,Grey Bruce Health Unit,0.1078,53.0,0.31,0.8027,0.9541
8967,2023-02-05,2258,Eastern Ontario Health Unit,0.1129,78.0,0.38,0.8315,0.9396
8968,2023-02-05,2230,Durham Regional Health Unit,0.0952,317.0,0.44,0.816,0.9608
8969,2023-02-05,2243,"Leeds, Grenville and Lanark District Health Unit",0.119,62.0,0.36,0.8808,0.9779
8970,2023-02-05,2246,Niagara Regional Area Health Unit,0.1685,147.0,0.31,0.7017,0.9375
8971,2023-02-05,2249,Northwestern Health Unit,0.1429,43.0,0.49,0.8206,0.9236
8972,2023-02-05,2241,"Kingston, Frontenac and Lennox and Addington Health Unit",0.185,134.0,0.63,0.9476,0.9847
8973,2023-02-05,2256,Porcupine Health Unit,0.0928,34.0,0.41,0.8033,0.8648
8974,2023-02-05,2255,Peterborough County-City Health Unit,0.1026,78.0,0.53,0.9252,0.9757
8975,2023-02-05,2261,Sudbury and District Health Unit,0.1125,141.0,0.71,0.918,0.9672
8976,2023-02-05,2253,Peel Regional Health Unit,0.1032,464.0,0.29,0.933,0.9714
8977,2023-02-05,2266,Wellington-Dufferin-Guelph Health Unit,0.1779,85.0,0.27,0.814,0.9181
8978,2023-02-05,2270,York Regional Health Unit,0.1344,336.0,0.27,0.8416,0.9283
8979,2023-02-05,2265,Waterloo Health Unit,0.2244,138.0,0.24,0.5716,0.8908
8980,2023-02-05,2263,Timiskaming Health Unit,0.05,14.0,0.44,0.8454,0.9691
8981,2023-02-05,2238,Hastings and Prince Edward Counties Health Unit,0.16,93.0,0.55,0.87,0.9217
8982,2023-02-05,2268,Windsor-Essex County Health Unit,0.0955,212.0,0.5,0.8646,0.9906
8983,2023-02-05,2262,Thunder Bay District Health Unit,0.1195,87.0,0.58,0.9399,0.9649
8984,2023-02-05,2260,Simcoe Muskoka District Health Unit,0.1251,252.0,0.42,0.881,0.962
8985,2023-02-05,2257,Renfrew County and District Health Unit,0.1045,38.0,0.35,0.7148,0.8444
8986,2023-02-05,35,Ontario,0.1267,5182.0,0.35,0.8719,0.9614
8987,2023-02-05,2247,North Bay Parry Sound District Health Unit,0.1166,58.0,0.44,0.9474,0.9921
8988,2023-02-05,2244,Middlesex-London Health Unit,0.1355,175.0,0.34,0.8539,0.9833
8989,2023-02-05,5183,Huron Perth Health Unit,0.0723,61.0,0.44,0.7977,0.9814
8990,2023-02-05,2236,Halton Regional Health Unit,0.1653,108.0,0.17,0.7694,0.8744
8991,2023-02-05,2235,"Haliburton, Kawartha, Pine Ridge District Health Unit",0.1296,74.0,0.39,0.8616,0.9766
8992,2023-02-05,2234,Haldimand-Norfolk Health Unit,0.1193,35.0,0.3,0.8943,0.9797
8993,2023-02-05,2226,District of Algoma Health Unit,0.2486,51.0,0.45,0.9076,0.986
8994,2023-02-05,2251,City of Ottawa Health Unit,0.1168,240.0,0.23,0.916,0.973
8995,2023-02-05,2240,Chatham-Kent Health Unit,0.1589,52.0,0.49,0.9342,0.989
8996,2023-02-04,2260,Simcoe Muskoka District Health Unit,0.1288,250.0,0.42,0.8924,0.9595
8997,2023-02-04,2253,Peel Regional Health Unit,0.1099,463.0,0.29,0.9316,0.9706
8998,2023-02-04,2246,Niagara Regional Area Health Unit,0.1716,150.0,0.32,0.7027,0.9363
8999,2023-02-04,2244,Middlesex-London Health Unit,0.1415,169.0,0.33,0.8557,0.9842
9000,2023-02-04,2251,City of Ottawa Health Unit,0.121,235.0,0.22,0.9148,0.9704
9001,2023-02-04,2226,District of Algoma Health Unit,0.241,52.0,0.45,0.907,0.9859
9002,2023-02-04,2237,City of Hamilton Health Unit,0.1602,230.0,0.39,0.947,0.9819
9003,2023-02-04,2258,Eastern Ontario Health Unit,0.1039,77.0,0.37,0.8426,0.9352
9004,2023-02-04,2240,Chatham-Kent Health Unit,0.1599,53.0,0.5,0.9268,0.9892
9005,2023-02-04,2236,Halton Regional Health Unit,0.1594,108.0,0.18,0.8,0.9034
9006,2023-02-04,2235,"Haliburton, Kawartha, Pine Ridge District Health Unit",0.1233,75.0,0.4,0.869,0.9758
9007,2023-02-04,2234,Haldimand-Norfolk Health Unit,0.1328,34.0,0.3,0.895,0.9748
9008,2023-02-04,2247,North Bay Parry Sound District Health Unit,0.1051,56.0,0.43,0.9648,0.9864
9009,2023-02-04,2255,Peterborough County-City Health Unit,0.1084,75.0,0.51,0.9257,0.9752
9010,2023-02-04,4913,Southwestern Public Health,0.0832,98.0,0.46,0.8647,0.9765
9011,2023-02-04,2265,Waterloo Health Unit,0.222,138.0,0.24,0.5773,0.8936
9012,2023-02-04,2257,Renfrew County and District Health Unit,0.0971,40.0,0.37,0.7216,0.8608
9013,2023-02-04,2270,York Regional Health Unit,0.1335,339.0,0.28,0.8481,0.9351
9014,2023-02-04,2268,Windsor-Essex County Health Unit,0.1023,204.0,0.48,0.8354,0.9726
9015,2023-02-04,2242,Lambton Health Unit,0.1832,29.0,0.22,0.8426,0.9695
9016,2023-02-04,2266,Wellington-Dufferin-Guelph Health Unit,0.178,82.0,0.26,0.8126,0.9243
9017,2023-02-04,2263,Timiskaming Health Unit,0.051,14.0,0.43,0.8485,0.9798
9018,2023-02-04,2262,Thunder Bay District Health Unit,0.115,91.0,0.6,0.9451,0.9612
9019,2023-02-04,2261,Sudbury and District Health Unit,0.1102,139.0,0.7,0.9274,0.9714
9020,2023-02-04,2256,Porcupine Health Unit,0.0987,33.0,0.4,0.7918,0.8571
9021,2023-02-04,35,Ontario,0.1275,5150.0,0.35,0.874,0.9625
9022,2023-02-04,2249,Northwestern Health Unit,0.1377,44.0,0.5,0.8212,0.9238
9023,2023-02-04,2243,"Leeds, Grenville and Lanark District Health Unit",0.1101,65.0,0.37,0.8589,0.9768
9024,2023-02-04,2241,"Kingston, Frontenac and Lennox and Addington Health Unit",0.1883,130.0,0.61,0.9485,0.9847
9025,2023-02-04,5183,Huron Perth Health Unit,0.0731,61.0,0.43,0.7958,0.9812
9026,2023-02-04,2238,Hastings and Prince Edward Counties Health Unit,0.1493,92.0,0.55,0.8733,0.9234
9027,2023-02-04,2233,Grey Bruce Health Unit,0.0959,52.0,0.31,0.8207,0.9608
9028,2023-02-04,2230,Durham Regional Health Unit,0.0942,308.0,0.43,0.8243,0.969
9029,2023-02-04,3895,City of Toronto Health Unit,0.1149,1066.0,0.34,0.9147,0.9777
9030,2023-02-04,2227,Brant County Health Unit,0.1139,58.0,0.37,0.8945,0.9698
9031,2023-02-03,2240,Chatham-Kent Health Unit,0.1667,52.0,0.49,0.9341,0.989
9032,2023-02-03,35,Ontario,0.1281,5176.0,0.35,0.8749,0.9621
9033,2023-02-03,2268,Windsor-Essex County Health Unit,0.1096,210.0,0.49,0.8482,0.9735
9034,2023-02-03,2237,City of Hamilton Health Unit,0.1576,230.0,0.39,0.9406,0.9814
9035,2023-02-03,2230,Durham Regional Health Unit,0.0934,306.0,0.43,0.8364,0.9735
9036,2023-02-03,2233,Grey Bruce Health Unit,0.0959,52.0,0.31,0.8389,0.9667
9037,2023-02-03,2226,District of Algoma Health Unit,0.2486,50.0,0.44,0.9023,0.9856
9038,2023-02-03,2235,"Haliburton, Kawartha, Pine Ridge District Health Unit",0.1189,73.0,0.39,0.8635,0.9552
9039,2023-02-03,3895,City of Toronto Health Unit,0.1123,1078.0,0.35,0.9107,0.978
9040,2023-02-03,2241,"Kingston, Frontenac and Lennox and Addington Health Unit",0.1945,131.0,0.61,0.9419,0.9825
9041,2023-02-03,5183,Huron Perth Health Unit,0.0837,61.0,0.44,0.8191,0.9824
9042,2023-02-03,2238,Hastings and Prince Edward Counties Health Unit,0.1494,94.0,0.56,0.8351,0.9249
9043,2023-02-03,2253,Peel Regional Health Unit,0.1177,456.0,0.28,0.9308,0.9715
9044,2023-02-03,2256,Porcupine Health Unit,0.0932,34.0,0.4,0.796,0.856
9045,2023-02-03,2260,Simcoe Muskoka District Health Unit,0.1344,246.0,0.41,0.8878,0.9572
9046,2023-02-03,2249,Northwestern Health Unit,0.1174,43.0,0.49,0.8147,0.9196
9047,2023-02-03,2263,Timiskaming Health Unit,0.0505,14.0,0.43,0.8218,0.9802
9048,2023-02-03,2262,Thunder Bay District Health Unit,0.1132,90.0,0.6,0.9456,0.9616
9049,2023-02-03,2270,York Regional Health Unit,0.1338,348.0,0.28,0.8499,0.9339
9050,2023-02-03,2261,Sudbury and District Health Unit,0.0956,145.0,0.73,0.9383,0.9791
9051,2023-02-03,2246,Niagara Regional Area Health Unit,0.1761,153.0,0.32,0.7152,0.9325
9052,2023-02-03,2266,Wellington-Dufferin-Guelph Health Unit,0.1838,79.0,0.25,0.8169,0.9318
9053,2023-02-03,2265,Waterloo Health Unit,0.2216,136.0,0.23,0.5926,0.8899
9054,2023-02-03,4913,Southwestern Public Health,0.0966,98.0,0.46,0.872,0.9762
9055,2023-02-03,2257,Renfrew County and District Health Unit,0.0996,40.0,0.37,0.6861,0.8188
9056,2023-02-03,2255,Peterborough County-City Health Unit,0.1123,79.0,0.53,0.93,0.9761
9057,2023-02-03,2247,North Bay Parry Sound District Health Unit,0.0938,55.0,0.42,0.9716,0.9871
9058,2023-02-03,2244,Middlesex-London Health Unit,0.1456,173.0,0.34,0.8687,0.982
9059,2023-02-03,2243,"Leeds, Grenville and Lanark District Health Unit",0.1188,64.0,0.37,0.8386,0.9745
9060,2023-02-03,2242,Lambton Health Unit,0.1741,29.0,0.22,0.8571,0.967
9061,2023-02-03,2236,Halton Regional Health Unit,0.1573,110.0,0.18,0.8103,0.9107
9062,2023-02-03,2234,Haldimand-Norfolk Health Unit,0.1266,33.0,0.29,0.8971,0.9712
9063,2023-02-03,2258,Eastern Ontario Health Unit,0.102,77.0,0.37,0.8362,0.936
9064,2023-02-03,2251,City of Ottawa Health Unit,0.1233,237.0,0.23,0.9134,0.9691
9065,2023-02-03,2227,Brant County Health Unit,0.1058,57.0,0.37,0.9042,0.973
9066,2023-02-02,3895,City of Toronto Health Unit,0.1126,1073.0,0.34,0.9047,0.9792
9067,2023-02-02,2256,Porcupine Health Unit,0.0929,32.0,0.39,0.8051,0.8559
9068,2023-02-02,2255,Peterborough County-City Health Unit,0.1228,74.0,0.5,0.8979,0.9769
9069,2023-02-02,2240,Chatham-Kent Health Unit,0.1798,52.0,0.49,0.9269,0.9825
9070,2023-02-02,2227,Brant County Health Unit,0.1054,58.0,0.38,0.8894,0.96
9071,2023-02-02,2226,District of Algoma Health Unit,0.2363,50.0,0.43,0.8971,0.9829
9072,2023-02-02,2234,Haldimand-Norfolk Health Unit,0.1088,34.0,0.3,0.8739,0.9652
9073,2023-02-02,2236,Halton Regional Health Unit,0.1671,108.0,0.17,0.7865,0.8859
9074,2023-02-02,2233,Grey Bruce Health Unit,0.1114,54.0,0.32,0.8271,0.9548
9075,2023-02-02,5183,Huron Perth Health Unit,0.0931,60.0,0.43,0.8412,0.981
9076,2023-02-02,2258,Eastern Ontario Health Unit,0.0959,76.0,0.36,0.8677,0.9499
9077,2023-02-02,2244,Middlesex-London Health Unit,0.1479,178.0,0.35,0.8899,0.9771
9078,2023-02-02,2243,"Leeds, Grenville and Lanark District Health Unit",0.1342,66.0,0.38,0.8344,0.972
9079,2023-02-02,2242,Lambton Health Unit,0.1799,27.0,0.21,0.8235,0.9679
9080,2023-02-02,2257,Renfrew County and District Health Unit,0.1096,42.0,0.38,0.6837,0.8275
9081,2023-02-02,4913,Southwestern Public Health,0.1018,97.0,0.46,0.8811,0.9837
9082,2023-02-02,2262,Thunder Bay District Health Unit,0.1248,88.0,0.59,0.9309,0.9566
9083,2023-02-02,2268,Windsor-Essex County Health Unit,0.111,212.0,0.5,0.841,0.9728
9084,2023-02-02,2266,Wellington-Dufferin-Guelph Health Unit,0.164,80.0,0.26,0.8111,0.9287
9085,2023-02-02,2265,Waterloo Health Unit,0.2136,139.0,0.24,0.6073,0.8998
9086,2023-02-02,35,Ontario,0.1303,5205.0,0.35,0.8731,0.9615
9087,2023-02-02,2270,York Regional Health Unit,0.1336,351.0,0.29,0.8466,0.9328
9088,2023-02-02,2263,Timiskaming Health Unit,0.0594,14.0,0.44,0.8265,0.9898
9089,2023-02-02,2261,Sudbury and District Health Unit,0.1007,150.0,0.76,0.928,0.9782
9090,2023-02-02,2260,Simcoe Muskoka District Health Unit,0.1398,249.0,0.42,0.8736,0.9565
9091,2023-02-02,2253,Peel Regional Health Unit,0.1184,469.0,0.29,0.9256,0.9705
9092,2023-02-02,2249,Northwestern Health Unit,0.1133,43.0,0.49,0.8227,0.9197
9093,2023-02-02,2247,North Bay Parry Sound District Health Unit,0.1043,56.0,0.43,0.9718,0.9872
9094,2023-02-02,2246,Niagara Regional Area Health Unit,0.189,164.0,0.35,0.7203,0.9367
9095,2023-02-02,2241,"Kingston, Frontenac and Lennox and Addington Health Unit",0.1957,128.0,0.6,0.9452,0.9821
9096,2023-02-02,2238,Hastings and Prince Edward Counties Health Unit,0.1584,92.0,0.55,0.845,0.9286
9097,2023-02-02,2235,"Haliburton, Kawartha, Pine Ridge District Health Unit",0.1285,76.0,0.4,0.8738,0.9536
9098,2023-02-02,2230,Durham Regional Health Unit,0.0985,307.0,0.43,0.8615,0.9675
9099,2023-02-02,2251,City of Ottawa Health Unit,0.121,231.0,0.22,0.9079,0.9747
9100,2023-02-02,2237,City of Hamilton Health Unit,0.1529,228.0,0.39,0.9387,0.9811
9101,2023-02-01,4913,Southwestern Public Health,0.1004,97.0,0.46,0.8895,0.9853
9102,2023-02-01,2227,Brant County Health Unit,0.1189,59.0,0.38,0.9098,0.9599
9103,2023-02-01,3895,City of Toronto Health Unit,0.113,1085.0,0.35,0.897,0.9779
9104,2023-02-01,2251,City of Ottawa Health Unit,0.1209,234.0,0.22,0.9042,0.9776
9105,2023-02-01,2233,Grey Bruce Health Unit,0.1173,51.0,0.3,0.8022,0.9331
9106,2023-02-01,2237,City of Hamilton Health Unit,0.1545,233.0,0.39,0.9332,0.9808
9107,2023-02-01,2238,Hastings and Prince Edward Counties Health Unit,0.1574,95.0,0.57,0.8374,0.9301
9108,2023-02-01,2241,"Kingston, Frontenac and Lennox and Addington Health Unit",0.2014,122.0,0.57,0.9382,0.9857
9109,2023-02-01,2236,Halton Regional Health Unit,0.1722,107.0,0.17,0.775,0.8642
9110,2023-02-01,2243,"Leeds, Grenville and Lanark District Health Unit",0.1329,66.0,0.38,0.8488,0.9762
9111,2023-02-01,2235,"Haliburton, Kawartha, Pine Ridge District Health Unit",0.129,75.0,0.4,0.8409,0.9545
9112,2023-02-01,2249,Northwestern Health Unit,0.1178,45.0,0.51,0.819,0.927
9113,2023-02-01,2247,North Bay Parry Sound District Health Unit,0.1237,55.0,0.43,0.9497,0.9849
9114,2023-02-01,2246,Niagara Regional Area Health Unit,0.1958,162.0,0.34,0.7225,0.9275
9115,2023-02-01,2261,Sudbury and District Health Unit,0.0982,147.0,0.74,0.931,0.9793
9116,2023-02-01,2263,Timiskaming Health Unit,0.0515,14.0,0.42,0.8218,0.9901
9117,2023-02-01,2266,Wellington-Dufferin-Guelph Health Unit,0.1682,79.0,0.25,0.8422,0.9563
9118,2023-02-01,2260,Simcoe Muskoka District Health Unit,0.1488,245.0,0.41,0.8529,0.9471
9119,2023-02-01,2270,York Regional Health Unit,0.131,370.0,0.3,0.8463,0.935
9120,2023-02-01,2256,Porcupine Health Unit,0.1091,31.0,0.38,0.8585,0.9122
9121,2023-02-01,2268,Windsor-Essex County Health Unit,0.1149,214.0,0.5,0.7917,0.971
9122,2023-02-01,2265,Waterloo Health Unit,0.1961,140.0,0.24,0.6271,0.9195
9123,2023-02-01,2262,Thunder Bay District Health Unit,0.1176,87.0,0.58,0.9282,0.9592
9124,2023-02-01,2257,Renfrew County and District Health Unit,0.1203,42.0,0.38,0.6621,0.7986
9125,2023-02-01,2255,Peterborough County-City Health Unit,0.1282,72.0,0.49,0.9073,0.9788
9126,2023-02-01,2253,Peel Regional Health Unit,0.1227,474.0,0.3,0.9214,0.9677
9127,2023-02-01,35,Ontario,0.1322,5210.0,0.35,0.8682,0.9619
9128,2023-02-01,2244,Middlesex-London Health Unit,0.1598,174.0,0.34,0.8981,0.9756
9129,2023-02-01,2242,Lambton Health Unit,0.1685,26.0,0.2,0.8142,0.9672
9130,2023-02-01,5183,Huron Perth Health Unit,0.1055,60.0,0.43,0.8341,0.9805
9131,2023-02-01,2234,Haldimand-Norfolk Health Unit,0.1278,32.0,0.28,0.8918,0.9776
9132,2023-02-01,2258,Eastern Ontario Health Unit,0.1013,76.0,0.36,0.8653,0.9592
9133,2023-02-01,2230,Durham Regional Health Unit,0.0985,297.0,0.42,0.8581,0.9718
9134,2023-02-01,2226,District of Algoma Health Unit,0.2442,49.0,0.43,0.8971,0.9829
9135,2023-02-01,2240,Chatham-Kent Health Unit,0.1735,49.0,0.46,0.9193,0.9827
9136,2023-01-31,2262,Thunder Bay District Health Unit,0.1104,88.0,0.59,0.9273,0.9628
9137,2023-01-31,2263,Timiskaming Health Unit,0.0392,15.0,0.45,0.8559,0.991
9138,2023-01-31,2235,"Haliburton, Kawartha, Pine Ridge District Health Unit",0.1436,79.0,0.42,0.8286,0.947
9139,2023-01-31,2240,Chatham-Kent Health Unit,0.1652,48.0,0.46,0.9067,0.9767
9140,2023-01-31,2251,City of Ottawa Health Unit,0.1208,228.0,0.22,0.8994,0.9788
9141,2023-01-31,2258,Eastern Ontario Health Unit,0.0882,73.0,0.35,0.8939,0.9633
9142,2023-01-31,2230,Durham Regional Health Unit,0.098,296.0,0.42,0.8503,0.9687
9143,2023-01-31,2236,Halton Regional Health Unit,0.1783,107.0,0.17,0.7864,0.8789
9144,2023-01-31,2226,District of Algoma Health Unit,0.2486,49.0,0.43,0.8848,0.9831
9145,2023-01-31,2242,Lambton Health Unit,0.1739,26.0,0.2,0.7872,0.9521
9146,2023-01-31,2244,Middlesex-London Health Unit,0.1646,171.0,0.34,0.8923,0.9746
9147,2023-01-31,2241,"Kingston, Frontenac and Lennox and Addington Health Unit",0.1966,117.0,0.55,0.9496,0.9865
9148,2023-01-31,2247,North Bay Parry Sound District Health Unit,0.124,55.0,0.43,0.9515,0.9872
9149,2023-01-31,5183,Huron Perth Health Unit,0.106,59.0,0.42,0.8222,0.9753
9150,2023-01-31,2255,Peterborough County-City Health Unit,0.1368,74.0,0.5,0.9068,0.9829
9151,2023-01-31,2253,Peel Regional Health Unit,0.1214,472.0,0.29,0.9163,0.9678
9152,2023-01-31,35,Ontario,0.1318,5179.0,0.35,0.8648,0.9618
9153,2023-01-31,2265,Waterloo Health Unit,0.1858,138.0,0.24,0.6163,0.9255
9154,2023-01-31,2268,Windsor-Essex County Health Unit,0.1147,215.0,0.51,0.728,0.9608
9155,2023-01-31,4913,Southwestern Public Health,0.106,98.0,0.47,0.8953,0.9885
9156,2023-01-31,2270,York Regional Health Unit,0.1309,367.0,0.3,0.8615,0.9413
9157,2023-01-31,2266,Wellington-Dufferin-Guelph Health Unit,0.1664,76.0,0.25,0.8108,0.944
9158,2023-01-31,2261,Sudbury and District Health Unit,0.0923,145.0,0.73,0.9302,0.9757
9159,2023-01-31,2260,Simcoe Muskoka District Health Unit,0.1428,241.0,0.4,0.852,0.9517
9160,2023-01-31,2257,Renfrew County and District Health Unit,0.1271,42.0,0.38,0.6584,0.7972
9161,2023-01-31,2256,Porcupine Health Unit,0.1256,28.0,0.34,0.8594,0.9271
9162,2023-01-31,2249,Northwestern Health Unit,0.1327,44.0,0.5,0.8241,0.9316
9163,2023-01-31,2246,Niagara Regional Area Health Unit,0.2028,161.0,0.34,0.745,0.927
9164,2023-01-31,2243,"Leeds, Grenville and Lanark District Health Unit",0.1535,67.0,0.39,0.8536,0.9791
9165,2023-01-31,2238,Hastings and Prince Edward Counties Health Unit,0.1565,96.0,0.57,0.8483,0.9317
9166,2023-01-31,2234,Haldimand-Norfolk Health Unit,0.1316,38.0,0.33,0.8849,0.9784
9167,2023-01-31,2233,Grey Bruce Health Unit,0.1023,50.0,0.3,0.8174,0.9438
9168,2023-01-31,3895,City of Toronto Health Unit,0.1121,1077.0,0.35,0.8965,0.9754
9169,2023-01-31,2237,City of Hamilton Health Unit,0.153,234.0,0.4,0.9285,0.9826
9170,2023-01-31,2227,Brant County Health Unit,0.1103,57.0,0.37,0.9144,0.9547
9171,2023-01-30,2227,Brant County Health Unit,0.1037,58.0,0.37,0.9106,0.9517
9172,2023-01-30,2240,Chatham-Kent Health Unit,0.1799,48.0,0.46,0.9224,0.9783
9173,2023-01-30,5183,Huron Perth Health Unit,0.1092,58.0,0.41,0.8088,0.9755
9174,2023-01-30,2268,Windsor-Essex County Health Unit,0.1165,220.0,0.52,0.7158,0.9582
9175,2023-01-30,2237,City of Hamilton Health Unit,0.1567,231.0,0.39,0.9362,0.9837
9176,2023-01-30,3895,City of Toronto Health Unit,0.1121,1092.0,0.35,0.8937,0.9746
9177,2023-01-30,2230,Durham Regional Health Unit,0.0987,301.0,0.42,0.8515,0.9686
9178,2023-01-30,2235,"Haliburton, Kawartha, Pine Ridge District Health Unit",0.125,81.0,0.43,0.8401,0.9522
9179,2023-01-30,2234,Haldimand-Norfolk Health Unit,0.1413,40.0,0.35,0.8912,0.9789
9180,2023-01-30,2241,"Kingston, Frontenac and Lennox and Addington Health Unit",0.1932,122.0,0.57,0.9501,0.9869
9181,2023-01-30,2233,Grey Bruce Health Unit,0.0958,51.0,0.3,0.8241,0.9396
9182,2023-01-30,2246,Niagara Regional Area Health Unit,0.2124,161.0,0.34,0.7608,0.9265
9183,2023-01-30,2249,Northwestern Health Unit,0.1171,45.0,0.51,0.839,0.9521
9184,2023-01-30,2244,Middlesex-London Health Unit,0.1646,165.0,0.32,0.895,0.979
9185,2023-01-30,2253,Peel Regional Health Unit,0.1222,463.0,0.29,0.9058,0.9637
9186,2023-01-30,2243,"Leeds, Grenville and Lanark District Health Unit",0.162,71.0,0.41,0.856,0.9842
9187,2023-01-30,2260,Simcoe Muskoka District Health Unit,0.1463,237.0,0.4,0.8524,0.9528
9188,2023-01-30,2257,Renfrew County and District Health Unit,0.1255,38.0,0.35,0.6705,0.8258
9189,2023-01-30,2256,Porcupine Health Unit,0.1231,28.0,0.33,0.8398,0.9223
9190,2023-01-30,2270,York Regional Health Unit,0.128,366.0,0.3,0.8566,0.934
9191,2023-01-30,2266,Wellington-Dufferin-Guelph Health Unit,0.1651,75.0,0.24,0.8043,0.9413
9192,2023-01-30,2263,Timiskaming Health Unit,0.0431,17.0,0.51,0.8286,0.9714
9193,2023-01-30,2265,Waterloo Health Unit,0.1779,136.0,0.23,0.6314,0.9315
9194,2023-01-30,2262,Thunder Bay District Health Unit,0.1217,86.0,0.57,0.9181,0.9583
9195,2023-01-30,2261,Sudbury and District Health Unit,0.1004,139.0,0.7,0.9319,0.9773
9196,2023-01-30,4913,Southwestern Public Health,0.1198,100.0,0.47,0.8981,0.9876
9197,2023-01-30,2255,Peterborough County-City Health Unit,0.126,74.0,0.5,0.9036,0.9819
9198,2023-01-30,35,Ontario,0.1319,5180.0,0.35,0.8646,0.9617
9199,2023-01-30,2247,North Bay Parry Sound District Health Unit,0.1217,54.0,0.42,0.9509,0.9871
9200,2023-01-30,2242,Lambton Health Unit,0.162,26.0,0.2,0.7809,0.9607
9201,2023-01-30,2238,Hastings and Prince Edward Counties Health Unit,0.1545,96.0,0.57,0.8561,0.936
9202,2023-01-30,2236,Halton Regional Health Unit,0.1783,107.0,0.17,0.7762,0.8643
9203,2023-01-30,2258,Eastern Ontario Health Unit,0.0783,71.0,0.34,0.9055,0.9724
9204,2023-01-30,2226,District of Algoma Health Unit,0.2348,49.0,0.43,0.8852,0.9832
9205,2023-01-30,2251,City of Ottawa Health Unit,0.1245,229.0,0.22,0.9038,0.984
9206,2023-01-29,2262,Thunder Bay District Health Unit,0.1354,91.0,0.6,0.9128,0.9517
9207,2023-01-29,2227,Brant County Health Unit,0.1159,59.0,0.38,0.88,0.9435
9208,2023-01-29,3895,City of Toronto Health Unit,0.1144,1092.0,0.35,0.8899,0.9727
9209,2023-01-29,2243,"Leeds, Grenville and Lanark District Health Unit",0.1768,73.0,0.42,0.8657,0.976
9210,2023-01-29,2261,Sudbury and District Health Unit,0.0942,146.0,0.73,0.9301,0.979
9211,2023-01-29,2226,District of Algoma Health Unit,0.218,49.0,0.43,0.8587,0.9861
9212,2023-01-29,2258,Eastern Ontario Health Unit,0.0861,73.0,0.35,0.9073,0.973
9213,2023-01-29,2234,Haldimand-Norfolk Health Unit,0.1557,41.0,0.36,0.8737,0.9761
9214,2023-01-29,2251,City of Ottawa Health Unit,0.1265,236.0,0.22,0.9034,0.9777
9215,2023-01-29,5183,Huron Perth Health Unit,0.1075,57.0,0.41,0.8367,0.9799
9216,2023-01-29,2238,Hastings and Prince Edward Counties Health Unit,0.1454,96.0,0.57,0.8965,0.9841
9217,2023-01-29,2244,Middlesex-London Health Unit,0.1629,169.0,0.33,0.8962,0.977
9218,2023-01-29,2236,Halton Regional Health Unit,0.1724,104.0,0.17,0.7282,0.8104
9219,2023-01-29,35,Ontario,0.1336,5213.0,0.35,0.8619,0.9599
9220,2023-01-29,2255,Peterborough County-City Health Unit,0.1072,73.0,0.5,0.9046,0.9821
9221,2023-01-29,2249,Northwestern Health Unit,0.1037,43.0,0.49,0.8411,0.9536
9222,2023-01-29,2257,Renfrew County and District Health Unit,0.1206,40.0,0.37,0.6788,0.8321
9223,2023-01-29,2247,North Bay Parry Sound District Health Unit,0.1168,56.0,0.43,0.9495,0.9874
9224,2023-01-29,4913,Southwestern Public Health,0.1342,103.0,0.49,0.8999,0.9887
9225,2023-01-29,2240,Chatham-Kent Health Unit,0.1931,46.0,0.43,0.9169,0.9785
9226,2023-01-29,2268,Windsor-Essex County Health Unit,0.1207,227.0,0.54,0.7333,0.9582
9227,2023-01-29,2270,York Regional Health Unit,0.1262,370.0,0.3,0.8547,0.932
9228,2023-01-29,2266,Wellington-Dufferin-Guelph Health Unit,0.1742,73.0,0.23,0.7981,0.9377
9229,2023-01-29,2265,Waterloo Health Unit,0.1844,143.0,0.25,0.6278,0.9432
9230,2023-01-29,2263,Timiskaming Health Unit,0.0388,15.0,0.45,0.8286,0.9714
9231,2023-01-29,2260,Simcoe Muskoka District Health Unit,0.1457,233.0,0.39,0.8447,0.9495
9232,2023-01-29,2256,Porcupine Health Unit,0.104,29.0,0.35,0.8647,0.9469
9233,2023-01-29,2253,Peel Regional Health Unit,0.13,453.0,0.28,0.8991,0.9586
9234,2023-01-29,2246,Niagara Regional Area Health Unit,0.2197,164.0,0.35,0.7596,0.9281
9235,2023-01-29,2242,Lambton Health Unit,0.1932,25.0,0.19,0.7784,0.9545
9236,2023-01-29,2241,"Kingston, Frontenac and Lennox and Addington Health Unit",0.1712,120.0,0.56,0.9488,0.9857
9237,2023-01-29,2235,"Haliburton, Kawartha, Pine Ridge District Health Unit",0.1359,79.0,0.42,0.8315,0.9444
9238,2023-01-29,2233,Grey Bruce Health Unit,0.1192,55.0,0.32,0.826,0.9403
9239,2023-01-29,2230,Durham Regional Health Unit,0.0943,295.0,0.41,0.8512,0.9701
9240,2023-01-29,2237,City of Hamilton Health Unit,0.1575,236.0,0.4,0.9311,0.9832
9241,2023-01-28,2258,Eastern Ontario Health Unit,0.0983,74.0,0.36,0.9013,0.9715
9242,2023-01-28,2230,Durham Regional Health Unit,0.0941,307.0,0.43,0.8623,0.9669
9243,2023-01-28,2236,Halton Regional Health Unit,0.1822,104.0,0.17,0.7218,0.812
9244,2023-01-28,2227,Brant County Health Unit,0.124,55.0,0.36,0.8802,0.9438
9245,2023-01-28,2233,Grey Bruce Health Unit,0.1169,55.0,0.32,0.8294,0.937
9246,2023-01-28,2238,Hastings and Prince Edward Counties Health Unit,0.1376,97.0,0.57,0.896,0.9808
9247,2023-01-28,2243,"Leeds, Grenville and Lanark District Health Unit",0.1865,72.0,0.42,0.8616,0.9708
9248,2023-01-28,2242,Lambton Health Unit,0.1977,25.0,0.19,0.7857,0.956
9249,2023-01-28,2249,Northwestern Health Unit,0.1082,44.0,0.5,0.8164,0.9541
9250,2023-01-28,2241,"Kingston, Frontenac and Lennox and Addington Health Unit",0.1655,121.0,0.57,0.9413,0.985
9251,2023-01-28,2256,Porcupine Health Unit,0.1005,30.0,0.36,0.8531,0.9431
9252,2023-01-28,2260,Simcoe Muskoka District Health Unit,0.1397,232.0,0.39,0.8505,0.9516
9253,2023-01-28,2255,Peterborough County-City Health Unit,0.1031,75.0,0.51,0.9078,0.9843
9254,2023-01-28,2261,Sudbury and District Health Unit,0.0927,143.0,0.72,0.9281,0.9777
9255,2023-01-28,2253,Peel Regional Health Unit,0.122,448.0,0.28,0.8886,0.955
9256,2023-01-28,2266,Wellington-Dufferin-Guelph Health Unit,0.1861,76.0,0.24,0.8041,0.9384
9257,2023-01-28,2265,Waterloo Health Unit,0.1841,142.0,0.24,0.6453,0.9421
9258,2023-01-28,2263,Timiskaming Health Unit,0.0392,15.0,0.45,0.8252,0.9612
9259,2023-01-28,3895,City of Toronto Health Unit,0.1135,1099.0,0.35,0.893,0.9728
9260,2023-01-28,2270,York Regional Health Unit,0.1273,369.0,0.3,0.8507,0.925
9261,2023-01-28,2268,Windsor-Essex County Health Unit,0.12,237.0,0.56,0.7484,0.9721
9262,2023-01-28,2262,Thunder Bay District Health Unit,0.1346,89.0,0.59,0.9187,0.9569
9263,2023-01-28,4913,Southwestern Public Health,0.1394,101.0,0.48,0.9023,0.9928
9264,2023-01-28,2257,Renfrew County and District Health Unit,0.1209,39.0,0.36,0.641,0.7912
9265,2023-01-28,35,Ontario,0.1327,5224.0,0.35,0.8637,0.9595
9266,2023-01-28,2247,North Bay Parry Sound District Health Unit,0.1111,55.0,0.43,0.949,0.9923
9267,2023-01-28,2246,Niagara Regional Area Health Unit,0.2202,162.0,0.34,0.7715,0.9291
9268,2023-01-28,2244,Middlesex-London Health Unit,0.1681,170.0,0.33,0.9,0.9758
9269,2023-01-28,5183,Huron Perth Health Unit,0.1111,59.0,0.42,0.8362,0.9829
9270,2023-01-28,2235,"Haliburton, Kawartha, Pine Ridge District Health Unit",0.1413,78.0,0.41,0.8327,0.9473
9271,2023-01-28,2234,Haldimand-Norfolk Health Unit,0.1603,41.0,0.36,0.8805,0.9795
9272,2023-01-28,2226,District of Algoma Health Unit,0.2135,49.0,0.43,0.8481,0.9828
9273,2023-01-28,2251,City of Ottawa Health Unit,0.1255,235.0,0.22,0.9061,0.9804
9274,2023-01-28,2237,City of Hamilton Health Unit,0.1548,230.0,0.39,0.9302,0.9821
9275,2023-01-28,2240,Chatham-Kent Health Unit,0.1883,46.0,0.44,0.9238,0.9787
9276,2023-01-27,2253,Peel Regional Health Unit,0.1193,448.0,0.28,0.8812,0.9528
9277,2023-01-27,2235,"Haliburton, Kawartha, Pine Ridge District Health Unit",0.1519,79.0,0.42,0.8284,0.952
9278,2023-01-27,2251,City of Ottawa Health Unit,0.1279,235.0,0.22,0.894,0.9801
9279,2023-01-27,2237,City of Hamilton Health Unit,0.1557,228.0,0.39,0.937,0.9828
9280,2023-01-27,2240,Chatham-Kent Health Unit,0.1934,47.0,0.44,0.9158,0.981
9281,2023-01-27,2236,Halton Regional Health Unit,0.195,103.0,0.17,0.7267,0.8112
9282,2023-01-27,5183,Huron Perth Health Unit,0.1078,58.0,0.42,0.8467,0.983
9283,2023-01-27,2242,Lambton Health Unit,0.2198,26.0,0.2,0.7602,0.949
9284,2023-01-27,2234,Haldimand-Norfolk Health Unit,0.165,42.0,0.37,0.8802,0.982
9285,2023-01-27,2247,North Bay Parry Sound District Health Unit,0.1172,55.0,0.42,0.942,0.9868
9286,2023-01-27,2246,Niagara Regional Area Health Unit,0.2211,158.0,0.34,0.7539,0.9106
9287,2023-01-27,2255,Peterborough County-City Health Unit,0.0957,73.0,0.49,0.8809,0.9746
9288,2023-01-27,2244,Middlesex-London Health Unit,0.1703,171.0,0.34,0.8903,0.9781
9289,2023-01-27,4913,Southwestern Public Health,0.132,100.0,0.47,0.8946,0.9889
9290,2023-01-27,2262,Thunder Bay District Health Unit,0.135,89.0,0.59,0.9037,0.9503
9291,2023-01-27,2260,Simcoe Muskoka District Health Unit,0.1373,233.0,0.39,0.8431,0.9491
9292,2023-01-27,2265,Waterloo Health Unit,0.1786,147.0,0.25,0.6223,0.9107
9293,2023-01-27,2257,Renfrew County and District Health Unit,0.1278,38.0,0.35,0.6667,0.7791
9294,2023-01-27,2270,York Regional Health Unit,0.121,366.0,0.3,0.8473,0.9207
9295,2023-01-27,2268,Windsor-Essex County Health Unit,0.1166,227.0,0.53,0.7448,0.9725
9296,2023-01-27,2258,Eastern Ontario Health Unit,0.1065,76.0,0.37,0.882,0.9613
9297,2023-01-27,2266,Wellington-Dufferin-Guelph Health Unit,0.1735,77.0,0.25,0.7905,0.929
9298,2023-01-27,2263,Timiskaming Health Unit,0.0476,15.0,0.46,0.8257,0.9541
9299,2023-01-27,2261,Sudbury and District Health Unit,0.1031,137.0,0.69,0.9208,0.9681
9300,2023-01-27,2256,Porcupine Health Unit,0.1084,29.0,0.35,0.8462,0.9385
9301,2023-01-27,35,Ontario,0.1332,5223.0,0.35,0.8584,0.9549
9302,2023-01-27,2249,Northwestern Health Unit,0.1054,42.0,0.48,0.8045,0.9551
9303,2023-01-27,2243,"Leeds, Grenville and Lanark District Health Unit",0.1777,73.0,0.42,0.861,0.9695
9304,2023-01-27,2241,"Kingston, Frontenac and Lennox and Addington Health Unit",0.1639,121.0,0.57,0.948,0.9835
9305,2023-01-27,2238,Hastings and Prince Edward Counties Health Unit,0.1377,94.0,0.56,0.9297,0.9739
9306,2023-01-27,2233,Grey Bruce Health Unit,0.1214,55.0,0.33,0.8264,0.934
9307,2023-01-27,2230,Durham Regional Health Unit,0.0931,310.0,0.43,0.8523,0.956
9308,2023-01-27,2226,District of Algoma Health Unit,0.2072,52.0,0.45,0.8556,0.9833
9309,2023-01-27,3895,City of Toronto Health Unit,0.117,1109.0,0.36,0.8933,0.9694
9310,2023-01-27,2227,Brant County Health Unit,0.1281,58.0,0.37,0.8504,0.9264
9311,2023-01-26,2238,Hastings and Prince Edward Counties Health Unit,0.132,92.0,0.55,0.9233,0.9767
9312,2023-01-26,5183,Huron Perth Health Unit,0.0964,59.0,0.42,0.8421,0.9856
9313,2023-01-26,2257,Renfrew County and District Health Unit,0.1151,36.0,0.33,0.6585,0.7642
9314,2023-01-26,2227,Brant County Health Unit,0.1418,57.0,0.37,0.8297,0.9137
9315,2023-01-26,2237,City of Hamilton Health Unit,0.1594,228.0,0.38,0.9401,0.9832
9316,2023-01-26,2230,Durham Regional Health Unit,0.0915,308.0,0.43,0.8536,0.9539
9317,2023-01-26,2226,District of Algoma Health Unit,0.1897,53.0,0.46,0.8462,0.9708
9318,2023-01-26,3895,City of Toronto Health Unit,0.1181,1110.0,0.36,0.9027,0.9696
9319,2023-01-26,2241,"Kingston, Frontenac and Lennox and Addington Health Unit",0.1619,121.0,0.57,0.9439,0.9851
9320,2023-01-26,2243,"Leeds, Grenville and Lanark District Health Unit",0.1657,75.0,0.43,0.8372,0.9735
9321,2023-01-26,2246,Niagara Regional Area Health Unit,0.2372,151.0,0.32,0.7646,0.9068
9322,2023-01-26,2253,Peel Regional Health Unit,0.1205,445.0,0.28,0.8896,0.9554
9323,2023-01-26,35,Ontario,0.1329,5216.0,0.35,0.8625,0.9547
9324,2023-01-26,2260,Simcoe Muskoka District Health Unit,0.1336,225.0,0.37,0.8454,0.937
9325,2023-01-26,2249,Northwestern Health Unit,0.1153,42.0,0.48,0.8182,0.958
9326,2023-01-26,2263,Timiskaming Health Unit,0.0286,15.0,0.46,0.8396,0.9623
9327,2023-01-26,2266,Wellington-Dufferin-Guelph Health Unit,0.1798,78.0,0.25,0.7996,0.9374
9328,2023-01-26,2262,Thunder Bay District Health Unit,0.1324,90.0,0.6,0.9407,0.9728
9329,2023-01-26,2270,York Regional Health Unit,0.1219,359.0,0.29,0.8406,0.9077
9330,2023-01-26,2261,Sudbury and District Health Unit,0.0966,135.0,0.68,0.9423,0.9749
9331,2023-01-26,2235,"Haliburton, Kawartha, Pine Ridge District Health Unit",0.1384,77.0,0.41,0.821,0.9483
9332,2023-01-26,2268,Windsor-Essex County Health Unit,0.1185,228.0,0.54,0.7382,0.9736
9333,2023-01-26,2265,Waterloo Health Unit,0.1865,144.0,0.25,0.6471,0.9135
9334,2023-01-26,4913,Southwestern Public Health,0.1239,101.0,0.48,0.8993,0.9898
9335,2023-01-26,2256,Porcupine Health Unit,0.1171,29.0,0.35,0.8,0.9136
9336,2023-01-26,2255,Peterborough County-City Health Unit,0.0992,73.0,0.5,0.9315,0.9813
9337,2023-01-26,2247,North Bay Parry Sound District Health Unit,0.107,55.0,0.42,0.9349,0.9818
9338,2023-01-26,2244,Middlesex-London Health Unit,0.1638,174.0,0.34,0.8782,0.9816
9339,2023-01-26,2242,Lambton Health Unit,0.234,27.0,0.21,0.7568,0.9514
9340,2023-01-26,2236,Halton Regional Health Unit,0.175,109.0,0.18,0.745,0.83
9341,2023-01-26,2234,Haldimand-Norfolk Health Unit,0.1657,47.0,0.42,0.842,0.977
9342,2023-01-26,2233,Grey Bruce Health Unit,0.1114,55.0,0.32,0.826,0.9481
9343,2023-01-26,2258,Eastern Ontario Health Unit,0.1087,79.0,0.38,0.8832,0.9622
9344,2023-01-26,2251,City of Ottawa Health Unit,0.1387,238.0,0.23,0.8987,0.9774
9345,2023-01-26,2240,Chatham-Kent Health Unit,0.1685,52.0,0.49,0.9263,0.9842
9346,2023-01-25,2261,Sudbury and District Health Unit,0.1037,132.0,0.66,0.9312,0.9688
9347,2023-01-25,2243,"Leeds, Grenville and Lanark District Health Unit",0.1813,78.0,0.45,0.7928,0.9589
9348,2023-01-25,2240,Chatham-Kent Health Unit,0.171,55.0,0.52,0.9074,0.9815
9349,2023-01-25,2251,City of Ottawa Health Unit,0.1407,240.0,0.23,0.8949,0.9684
9350,2023-01-25,2227,Brant County Health Unit,0.1294,57.0,0.37,0.8246,0.9052
9351,2023-01-25,2226,District of Algoma Health Unit,0.1609,54.0,0.47,0.8372,0.9567
9352,2023-01-25,2234,Haldimand-Norfolk Health Unit,0.1541,47.0,0.41,0.8365,0.9712
9353,2023-01-25,2233,Grey Bruce Health Unit,0.1247,54.0,0.32,0.8333,0.9603
9354,2023-01-25,2258,Eastern Ontario Health Unit,0.1191,82.0,0.39,0.8845,0.9534
9355,2023-01-25,2244,Middlesex-London Health Unit,0.1494,178.0,0.35,0.8739,0.9804
9356,2023-01-25,2247,North Bay Parry Sound District Health Unit,0.0894,53.0,0.41,0.9537,0.9837
9357,2023-01-25,35,Ontario,0.1333,5209.0,0.35,0.8651,0.952
9358,2023-01-25,2242,Lambton Health Unit,0.2446,26.0,0.2,0.75,0.96
9359,2023-01-25,2257,Renfrew County and District Health Unit,0.1066,35.0,0.32,0.6802,0.7854
9360,2023-01-25,2256,Porcupine Health Unit,0.1422,30.0,0.36,0.7698,0.9087
9361,2023-01-25,2262,Thunder Bay District Health Unit,0.1415,91.0,0.61,0.9282,0.9641
9362,2023-01-25,2255,Peterborough County-City Health Unit,0.0904,74.0,0.5,0.9363,0.9809
9363,2023-01-25,2268,Windsor-Essex County Health Unit,0.1267,227.0,0.53,0.7397,0.9742
9364,2023-01-25,2266,Wellington-Dufferin-Guelph Health Unit,0.1817,78.0,0.25,0.7731,0.9267
9365,2023-01-25,2265,Waterloo Health Unit,0.1884,145.0,0.25,0.6575,0.9085
9366,2023-01-25,5183,Huron Perth Health Unit,0.0976,60.0,0.43,0.8337,0.9813
9367,2023-01-25,2270,York Regional Health Unit,0.1221,349.0,0.28,0.8319,0.8939
9368,2023-01-25,2263,Timiskaming Health Unit,0.0374,15.0,0.47,0.8316,0.9474
9369,2023-01-25,4913,Southwestern Public Health,0.125,98.0,0.46,0.9073,0.9902
9370,2023-01-25,2260,Simcoe Muskoka District Health Unit,0.1257,226.0,0.38,0.8583,0.9418
9371,2023-01-25,2253,Peel Regional Health Unit,0.1224,454.0,0.28,0.894,0.9564
9372,2023-01-25,2249,Northwestern Health Unit,0.1115,41.0,0.47,0.8403,0.962
9373,2023-01-25,2246,Niagara Regional Area Health Unit,0.2287,151.0,0.32,0.7786,0.913
9374,2023-01-25,2241,"Kingston, Frontenac and Lennox and Addington Health Unit",0.1684,121.0,0.57,0.9297,0.9816
9375,2023-01-25,2238,Hastings and Prince Edward Counties Health Unit,0.1343,83.0,0.49,0.9328,0.9759
9376,2023-01-25,2236,Halton Regional Health Unit,0.1762,110.0,0.18,0.7403,0.8343
9377,2023-01-25,2235,"Haliburton, Kawartha, Pine Ridge District Health Unit",0.1297,80.0,0.43,0.8571,0.9342
9378,2023-01-25,2230,Durham Regional Health Unit,0.0895,313.0,0.44,0.8714,0.9494
9379,2023-01-25,3895,City of Toronto Health Unit,0.1199,1102.0,0.35,0.9125,0.9695
9380,2023-01-25,2237,City of Hamilton Health Unit,0.1618,218.0,0.37,0.9419,0.9824
9381,2023-01-24,2247,North Bay Parry Sound District Health Unit,0.0941,56.0,0.43,0.9502,0.9876
9382,2023-01-24,2246,Niagara Regional Area Health Unit,0.2392,152.0,0.32,0.7751,0.9143
9383,2023-01-24,2227,Brant County Health Unit,0.1298,59.0,0.38,0.823,0.9067
9384,2023-01-24,3895,City of Toronto Health Unit,0.1203,1117.0,0.36,0.9135,0.9709
9385,2023-01-24,2230,Durham Regional Health Unit,0.0936,316.0,0.44,0.8698,0.9514
9386,2023-01-24,2251,City of Ottawa Health Unit,0.1448,251.0,0.24,0.9009,0.9686
9387,2023-01-24,2233,Grey Bruce Health Unit,0.1387,55.0,0.32,0.8191,0.9601
9388,2023-01-24,2237,City of Hamilton Health Unit,0.1699,220.0,0.37,0.9508,0.9826
9389,2023-01-24,2238,Hastings and Prince Edward Counties Health Unit,0.1348,84.0,0.5,0.9267,0.975
9390,2023-01-24,2236,Halton Regional Health Unit,0.1588,114.0,0.18,0.7709,0.8496
9391,2023-01-24,2235,"Haliburton, Kawartha, Pine Ridge District Health Unit",0.1239,81.0,0.43,0.8828,0.9414
9392,2023-01-24,2249,Northwestern Health Unit,0.0781,38.0,0.44,0.7837,0.9184
9393,2023-01-24,2253,Peel Regional Health Unit,0.1319,447.0,0.28,0.8944,0.9573
9394,2023-01-24,2256,Porcupine Health Unit,0.1595,33.0,0.4,0.7374,0.8921
9395,2023-01-24,2261,Sudbury and District Health Unit,0.1065,130.0,0.65,0.9147,0.9672
9396,2023-01-24,4913,Southwestern Public Health,0.1259,103.0,0.49,0.8906,0.9889
9397,2023-01-24,2266,Wellington-Dufferin-Guelph Health Unit,0.1869,81.0,0.26,0.796,0.9444
9398,2023-01-24,2260,Simcoe Muskoka District Health Unit,0.1232,226.0,0.38,0.8624,0.9391
9399,2023-01-24,2270,York Regional Health Unit,0.1199,358.0,0.29,0.8378,0.8971
9400,2023-01-24,2243,"Leeds, Grenville and Lanark District Health Unit",0.1687,81.0,0.47,0.798,0.9599
9401,2023-01-24,2268,Windsor-Essex County Health Unit,0.1417,236.0,0.56,0.7922,0.9841
9402,2023-01-24,2265,Waterloo Health Unit,0.1832,144.0,0.25,0.6703,0.9098
9403,2023-01-24,2263,Timiskaming Health Unit,0.0421,14.0,0.42,0.8214,0.9405
9404,2023-01-24,2262,Thunder Bay District Health Unit,0.154,92.0,0.61,0.9154,0.96
9405,2023-01-24,2257,Renfrew County and District Health Unit,0.0947,35.0,0.32,0.6627,0.7831
9406,2023-01-24,2255,Peterborough County-City Health Unit,0.0887,71.0,0.48,0.9323,0.9774
9407,2023-01-24,35,Ontario,0.1354,5279.0,0.36,0.8689,0.9534
9408,2023-01-24,2244,Middlesex-London Health Unit,0.1377,182.0,0.36,0.8854,0.9814
9409,2023-01-24,2242,Lambton Health Unit,0.2178,29.0,0.22,0.7555,0.9694
9410,2023-01-24,2241,"Kingston, Frontenac and Lennox and Addington Health Unit",0.1794,123.0,0.58,0.9318,0.9795
9411,2023-01-24,5183,Huron Perth Health Unit,0.1174,61.0,0.44,0.837,0.9868
9412,2023-01-24,2234,Haldimand-Norfolk Health Unit,0.1497,45.0,0.39,0.8355,0.9671
9413,2023-01-24,2258,Eastern Ontario Health Unit,0.1313,82.0,0.39,0.8827,0.9562
9414,2023-01-24,2226,District of Algoma Health Unit,0.1475,57.0,0.5,0.843,0.9493
9415,2023-01-24,2240,Chatham-Kent Health Unit,0.1711,53.0,0.5,0.8871,0.989
9416,2023-01-23,2270,York Regional Health Unit,0.1192,366.0,0.3,0.8385,0.8993
9417,2023-01-23,2253,Peel Regional Health Unit,0.1353,459.0,0.29,0.8989,0.9573
9418,2023-01-23,2251,City of Ottawa Health Unit,0.1572,261.0,0.25,0.9003,0.9704
9419,2023-01-23,2258,Eastern Ontario Health Unit,0.1479,81.0,0.39,0.8781,0.957
9420,2023-01-23,2234,Haldimand-Norfolk Health Unit,0.1544,43.0,0.37,0.8614,0.9728
9421,2023-01-23,2230,Durham Regional Health Unit,0.0957,306.0,0.43,0.8632,0.9473
9422,2023-01-23,2236,Halton Regional Health Unit,0.1529,120.0,0.19,0.7839,0.8678
9423,2023-01-23,2226,District of Algoma Health Unit,0.1217,60.0,0.52,0.8491,0.9481
9424,2023-01-23,2242,Lambton Health Unit,0.2152,32.0,0.24,0.7198,0.9353
9425,2023-01-23,2241,"Kingston, Frontenac and Lennox and Addington Health Unit",0.1934,122.0,0.57,0.93,0.9822
9426,2023-01-23,5183,Huron Perth Health Unit,0.1375,64.0,0.46,0.8309,0.9894
9427,2023-01-23,2255,Peterborough County-City Health Unit,0.0931,64.0,0.44,0.9233,0.9774
9428,2023-01-23,2257,Renfrew County and District Health Unit,0.0853,37.0,0.34,0.6833,0.8042
9429,2023-01-23,4913,Southwestern Public Health,0.1264,101.0,0.48,0.8868,0.9885
9430,2023-01-23,35,Ontario,0.1379,5284.0,0.36,0.867,0.9534
9431,2023-01-23,2265,Waterloo Health Unit,0.1947,146.0,0.25,0.6644,0.9171
9432,2023-01-23,2263,Timiskaming Health Unit,0.0256,11.0,0.34,0.8276,0.931
9433,2023-01-23,2262,Thunder Bay District Health Unit,0.1581,91.0,0.61,0.9098,0.9611
9434,2023-01-23,2247,North Bay Parry Sound District Health Unit,0.0909,58.0,0.45,0.9533,0.986
9435,2023-01-23,2268,Windsor-Essex County Health Unit,0.1365,230.0,0.54,0.782,0.982
9436,2023-01-23,2266,Wellington-Dufferin-Guelph Health Unit,0.1856,85.0,0.27,0.792,0.9434
9437,2023-01-23,2261,Sudbury and District Health Unit,0.0918,126.0,0.63,0.9054,0.9619
9438,2023-01-23,2260,Simcoe Muskoka District Health Unit,0.1165,227.0,0.38,0.8644,0.9366
9439,2023-01-23,2256,Porcupine Health Unit,0.1882,36.0,0.44,0.7241,0.9004
9440,2023-01-23,2249,Northwestern Health Unit,0.0675,36.0,0.41,0.7849,0.9245
9441,2023-01-23,2246,Niagara Regional Area Health Unit,0.2431,155.0,0.33,0.773,0.9134
9442,2023-01-23,2244,Middlesex-London Health Unit,0.1421,186.0,0.37,0.8843,0.9792
9443,2023-01-23,2243,"Leeds, Grenville and Lanark District Health Unit",0.1563,82.0,0.48,0.788,0.9493
9444,2023-01-23,2238,Hastings and Prince Edward Counties Health Unit,0.1276,82.0,0.48,0.9184,0.974
9445,2023-01-23,2235,"Haliburton, Kawartha, Pine Ridge District Health Unit",0.1418,76.0,0.4,0.8715,0.9376
9446,2023-01-23,2233,Grey Bruce Health Unit,0.1425,55.0,0.32,0.801,0.9622
9447,2023-01-23,3895,City of Toronto Health Unit,0.1243,1096.0,0.35,0.9142,0.9695
9448,2023-01-23,2237,City of Hamilton Health Unit,0.1723,225.0,0.38,0.9472,0.9839
9449,2023-01-23,2240,Chatham-Kent Health Unit,0.157,52.0,0.49,0.8906,0.9898
9450,2023-01-23,2227,Brant County Health Unit,0.1297,61.0,0.39,0.8372,0.9093
9451,2023-01-22,2226,District of Algoma Health Unit,0.1137,62.0,0.54,0.8723,0.948
9452,2023-01-22,35,Ontario,0.1391,5266.0,0.36,0.868,0.9551
9453,2023-01-22,2256,Porcupine Health Unit,0.1852,39.0,0.46,0.723,0.8921
9454,2023-01-22,2257,Renfrew County and District Health Unit,0.083,34.0,0.32,0.6557,0.7869
9455,2023-01-22,2237,City of Hamilton Health Unit,0.1706,226.0,0.38,0.951,0.9856
9456,2023-01-22,2240,Chatham-Kent Health Unit,0.1633,57.0,0.53,0.8918,0.9897
9457,2023-01-22,2230,Durham Regional Health Unit,0.0953,306.0,0.43,0.8598,0.9465
9458,2023-01-22,2227,Brant County Health Unit,0.12,61.0,0.39,0.8415,0.9114
9459,2023-01-22,2235,"Haliburton, Kawartha, Pine Ridge District Health Unit",0.1179,78.0,0.41,0.8748,0.9431
9460,2023-01-22,2238,Hastings and Prince Edward Counties Health Unit,0.1486,78.0,0.46,0.9158,0.9707
9461,2023-01-22,2234,Haldimand-Norfolk Health Unit,0.1989,53.0,0.47,0.8668,0.9728
9462,2023-01-22,2241,"Kingston, Frontenac and Lennox and Addington Health Unit",0.1979,120.0,0.56,0.9306,0.9847
9463,2023-01-22,2233,Grey Bruce Health Unit,0.1144,54.0,0.32,0.8,0.96
9464,2023-01-22,2246,Niagara Regional Area Health Unit,0.244,155.0,0.33,0.7639,0.9177
9465,2023-01-22,2244,Middlesex-London Health Unit,0.1481,187.0,0.37,0.8913,0.9814
9466,2023-01-22,2243,"Leeds, Grenville and Lanark District Health Unit",0.1365,81.0,0.47,0.789,0.9539
9467,2023-01-22,2260,Simcoe Muskoka District Health Unit,0.118,228.0,0.38,0.8775,0.9473
9468,2023-01-22,2261,Sudbury and District Health Unit,0.0943,121.0,0.61,0.892,0.9557
9469,2023-01-22,2263,Timiskaming Health Unit,0.022,13.0,0.4,0.8315,0.9326
9470,2023-01-22,2270,York Regional Health Unit,0.1246,358.0,0.29,0.8411,0.8972
9471,2023-01-22,2268,Windsor-Essex County Health Unit,0.1382,225.0,0.53,0.7705,0.9845
9472,2023-01-22,2266,Wellington-Dufferin-Guelph Health Unit,0.1856,87.0,0.28,0.7859,0.9363
9473,2023-01-22,2253,Peel Regional Health Unit,0.1341,460.0,0.29,0.9005,0.9599
9474,2023-01-22,2265,Waterloo Health Unit,0.2016,143.0,0.24,0.6728,0.9056
9475,2023-01-22,2262,Thunder Bay District Health Unit,0.1516,93.0,0.62,0.9063,0.9583
9476,2023-01-22,4913,Southwestern Public Health,0.1291,101.0,0.48,0.8948,0.9888
9477,2023-01-22,2255,Peterborough County-City Health Unit,0.085,64.0,0.43,0.9231,0.9796
9478,2023-01-22,2249,Northwestern Health Unit,0.0651,37.0,0.43,0.7885,0.9269
9479,2023-01-22,2247,North Bay Parry Sound District Health Unit,0.0995,60.0,0.46,0.9278,0.9819
9480,2023-01-22,2242,Lambton Health Unit,0.2152,32.0,0.24,0.7198,0.9397
9481,2023-01-22,5183,Huron Perth Health Unit,0.1404,67.0,0.48,0.8063,0.9811
9482,2023-01-22,2236,Halton Regional Health Unit,0.1501,121.0,0.2,0.8354,0.9246
9483,2023-01-22,2258,Eastern Ontario Health Unit,0.1506,79.0,0.38,0.8566,0.9504
9484,2023-01-22,3895,City of Toronto Health Unit,0.1258,1085.0,0.35,0.9159,0.9698
9485,2023-01-22,2251,City of Ottawa Health Unit,0.1669,255.0,0.24,0.8982,0.9748
9486,2023-01-21,2261,Sudbury and District Health Unit,0.0903,122.0,0.61,0.8863,0.9519
9487,2023-01-21,3895,City of Toronto Health Unit,0.1249,1090.0,0.35,0.9161,0.9693
9488,2023-01-21,2251,City of Ottawa Health Unit,0.1646,267.0,0.25,0.9012,0.9761
9489,2023-01-21,2227,Brant County Health Unit,0.1239,62.0,0.4,0.828,0.9083
9490,2023-01-21,2240,Chatham-Kent Health Unit,0.1718,56.0,0.52,0.8776,0.9898
9491,2023-01-21,2226,District of Algoma Health Unit,0.1057,62.0,0.54,0.8745,0.9545
9492,2023-01-21,2234,Haldimand-Norfolk Health Unit,0.1962,52.0,0.46,0.8568,0.9703
9493,2023-01-21,5183,Huron Perth Health Unit,0.1548,66.0,0.48,0.8117,0.9812
9494,2023-01-21,2242,Lambton Health Unit,0.2124,32.0,0.25,0.7188,0.9375
9495,2023-01-21,2238,Hastings and Prince Edward Counties Health Unit,0.1607,76.0,0.45,0.9139,0.9719
9496,2023-01-21,2244,Middlesex-London Health Unit,0.1425,192.0,0.38,0.891,0.9835
9497,2023-01-21,2236,Halton Regional Health Unit,0.1484,124.0,0.2,0.8409,0.9248
9498,2023-01-21,35,Ontario,0.1387,5334.0,0.36,0.8681,0.9561
9499,2023-01-21,2249,Northwestern Health Unit,0.0677,36.0,0.41,0.8072,0.9197
9500,2023-01-21,2247,North Bay Parry Sound District Health Unit,0.0993,62.0,0.48,0.933,0.9821
9501,2023-01-21,2262,Thunder Bay District Health Unit,0.1552,96.0,0.64,0.9045,0.9595
9502,2023-01-21,2265,Waterloo Health Unit,0.2031,148.0,0.25,0.6533,0.8882
9503,2023-01-21,2268,Windsor-Essex County Health Unit,0.1363,228.0,0.54,0.7773,0.9857
9504,2023-01-21,4913,Southwestern Public Health,0.1236,103.0,0.49,0.9017,0.986
9505,2023-01-21,2257,Renfrew County and District Health Unit,0.0723,36.0,0.33,0.7172,0.8197
9506,2023-01-21,2270,York Regional Health Unit,0.1257,360.0,0.29,0.8475,0.9057
9507,2023-01-21,2266,Wellington-Dufferin-Guelph Health Unit,0.1783,86.0,0.27,0.785,0.9347
9508,2023-01-21,2263,Timiskaming Health Unit,0.0215,13.0,0.41,0.8352,0.9341
9509,2023-01-21,2260,Simcoe Muskoka District Health Unit,0.1208,229.0,0.38,0.8733,0.9449
9510,2023-01-21,2256,Porcupine Health Unit,0.1793,41.0,0.5,0.7458,0.903
9511,2023-01-21,2255,Peterborough County-City Health Unit,0.0826,64.0,0.43,0.914,0.9796
9512,2023-01-21,2253,Peel Regional Health Unit,0.1334,472.0,0.29,0.9108,0.9638
9513,2023-01-21,2246,Niagara Regional Area Health Unit,0.2443,158.0,0.33,0.7442,0.9188
9514,2023-01-21,2243,"Leeds, Grenville and Lanark District Health Unit",0.1385,79.0,0.46,0.8088,0.9596
9515,2023-01-21,2241,"Kingston, Frontenac and Lennox and Addington Health Unit",0.2009,124.0,0.58,0.933,0.985
9516,2023-01-21,2235,"Haliburton, Kawartha, Pine Ridge District Health Unit",0.1091,79.0,0.42,0.8637,0.9448
9517,2023-01-21,2233,Grey Bruce Health Unit,0.1102,54.0,0.32,0.7995,0.9609
9518,2023-01-21,2258,Eastern Ontario Health Unit,0.1468,78.0,0.37,0.8522,0.9526
9519,2023-01-21,2230,Durham Regional Health Unit,0.093,303.0,0.42,0.8488,0.9498
9520,2023-01-21,2237,City of Hamilton Health Unit,0.1742,233.0,0.39,0.9469,0.9861
9521,2023-01-20,2265,Waterloo Health Unit,0.2153,146.0,0.25,0.6798,0.9038
9522,2023-01-20,2227,Brant County Health Unit,0.1313,60.0,0.39,0.8373,0.9151
9523,2023-01-20,2237,City of Hamilton Health Unit,0.1764,243.0,0.41,0.942,0.9807
9524,2023-01-20,3895,City of Toronto Health Unit,0.1233,1084.0,0.35,0.913,0.9731
9525,2023-01-20,2233,Grey Bruce Health Unit,0.1036,55.0,0.32,0.7923,0.9699
9526,2023-01-20,2258,Eastern Ontario Health Unit,0.1437,77.0,0.37,0.8718,0.967
9527,2023-01-20,2238,Hastings and Prince Edward Counties Health Unit,0.1569,76.0,0.45,0.9041,0.9756
9528,2023-01-20,2230,Durham Regional Health Unit,0.0932,300.0,0.42,0.8435,0.9524
9529,2023-01-20,2243,"Leeds, Grenville and Lanark District Health Unit",0.1365,81.0,0.47,0.8348,0.9652
9530,2023-01-20,2246,Niagara Regional Area Health Unit,0.2464,160.0,0.34,0.7378,0.9313
9531,2023-01-20,2242,Lambton Health Unit,0.192,32.0,0.24,0.7445,0.9471
9532,2023-01-20,2249,Northwestern Health Unit,0.0742,37.0,0.42,0.8252,0.9146
9533,2023-01-20,2241,"Kingston, Frontenac and Lennox and Addington Health Unit",0.1995,126.0,0.59,0.9261,0.9827
9534,2023-01-20,2256,Porcupine Health Unit,0.1927,43.0,0.52,0.7319,0.9148
9535,2023-01-20,2255,Peterborough County-City Health Unit,0.0862,61.0,0.41,0.937,0.9879
9536,2023-01-20,2253,Peel Regional Health Unit,0.1307,473.0,0.29,0.9141,0.9619
9537,2023-01-20,2266,Wellington-Dufferin-Guelph Health Unit,0.1751,91.0,0.29,0.7788,0.9377
9538,2023-01-20,2261,Sudbury and District Health Unit,0.0853,121.0,0.61,0.889,0.9568
9539,2023-01-20,2270,York Regional Health Unit,0.1264,362.0,0.29,0.8554,0.9148
9540,2023-01-20,2268,Windsor-Essex County Health Unit,0.1447,238.0,0.56,0.7671,0.9799
9541,2023-01-20,2263,Timiskaming Health Unit,0.0112,13.0,0.39,0.875,0.9432
9542,2023-01-20,2262,Thunder Bay District Health Unit,0.1594,99.0,0.66,0.9051,0.9561
9543,2023-01-20,4913,Southwestern Public Health,0.1238,103.0,0.49,0.9056,0.9867
9544,2023-01-20,2260,Simcoe Muskoka District Health Unit,0.1274,228.0,0.38,0.8852,0.949
9545,2023-01-20,2257,Renfrew County and District Health Unit,0.0637,36.0,0.33,0.7689,0.9111
9546,2023-01-20,35,Ontario,0.1386,5362.0,0.36,0.8706,0.9593
9547,2023-01-20,2247,North Bay Parry Sound District Health Unit,0.0976,64.0,0.5,0.9348,0.987
9548,2023-01-20,2244,Middlesex-London Health Unit,0.1407,193.0,0.38,0.8981,0.9815
9549,2023-01-20,5183,Huron Perth Health Unit,0.158,69.0,0.49,0.8172,0.9815
9550,2023-01-20,2236,Halton Regional Health Unit,0.1387,122.0,0.2,0.8192,0.9102
9551,2023-01-20,2235,"Haliburton, Kawartha, Pine Ridge District Health Unit",0.098,80.0,0.42,0.872,0.9573
9552,2023-01-20,2234,Haldimand-Norfolk Health Unit,0.1956,52.0,0.45,0.8355,0.9677
9553,2023-01-20,2226,District of Algoma Health Unit,0.0938,62.0,0.55,0.8703,0.9538
9554,2023-01-20,2251,City of Ottawa Health Unit,0.1621,276.0,0.26,0.9127,0.977
9555,2023-01-20,2240,Chatham-Kent Health Unit,0.174,55.0,0.52,0.8548,0.9808
9556,2023-01-19,2270,York Regional Health Unit,0.1224,364.0,0.3,0.8641,0.9336
9557,2023-01-19,2240,Chatham-Kent Health Unit,0.1946,53.0,0.5,0.847,0.9781
9558,2023-01-19,2241,"Kingston, Frontenac and Lennox and Addington Health Unit",0.2041,125.0,0.59,0.9264,0.9828
9559,2023-01-19,2253,Peel Regional Health Unit,0.1346,476.0,0.3,0.9132,0.9661
9560,2023-01-19,2237,City of Hamilton Health Unit,0.1845,247.0,0.42,0.9305,0.9808
9561,2023-01-19,2251,City of Ottawa Health Unit,0.1586,281.0,0.27,0.9093,0.9745
9562,2023-01-19,2226,District of Algoma Health Unit,0.0965,65.0,0.57,0.894,0.9669
9563,2023-01-19,2258,Eastern Ontario Health Unit,0.1391,76.0,0.36,0.848,0.9568
9564,2023-01-19,2236,Halton Regional Health Unit,0.1628,122.0,0.2,0.8159,0.9026
9565,2023-01-19,2235,"Haliburton, Kawartha, Pine Ridge District Health Unit",0.1014,80.0,0.42,0.8814,0.9623
9566,2023-01-19,2242,Lambton Health Unit,0.194,33.0,0.25,0.7522,0.9391
9567,2023-01-19,2234,Haldimand-Norfolk Health Unit,0.2362,44.0,0.39,0.87,0.9733
9568,2023-01-19,2247,North Bay Parry Sound District Health Unit,0.089,63.0,0.48,0.9353,0.9911
9569,2023-01-19,35,Ontario,0.1391,5374.0,0.36,0.87,0.9617
9570,2023-01-19,2246,Niagara Regional Area Health Unit,0.2279,159.0,0.34,0.7231,0.9297
9571,2023-01-19,2255,Peterborough County-City Health Unit,0.0793,61.0,0.41,0.9349,0.9904
9572,2023-01-19,2244,Middlesex-London Health Unit,0.1378,187.0,0.37,0.9063,0.9805
9573,2023-01-19,4913,Southwestern Public Health,0.1198,107.0,0.51,0.9058,0.9858
9574,2023-01-19,2260,Simcoe Muskoka District Health Unit,0.1245,234.0,0.39,0.8936,0.9641
9575,2023-01-19,2257,Renfrew County and District Health Unit,0.0591,36.0,0.33,0.7185,0.9259
9576,2023-01-19,2268,Windsor-Essex County Health Unit,0.1448,239.0,0.56,0.7756,0.9789
9577,2023-01-19,2265,Waterloo Health Unit,0.2301,151.0,0.26,0.6451,0.8972
9578,2023-01-19,2266,Wellington-Dufferin-Guelph Health Unit,0.17,92.0,0.3,0.7674,0.9274
9579,2023-01-19,2263,Timiskaming Health Unit,0.0222,13.0,0.39,0.8646,0.9479
9580,2023-01-19,2262,Thunder Bay District Health Unit,0.1578,100.0,0.66,0.8759,0.9482
9581,2023-01-19,2261,Sudbury and District Health Unit,0.0852,117.0,0.59,0.8828,0.9529
9582,2023-01-19,2256,Porcupine Health Unit,0.1897,44.0,0.53,0.7288,0.915
9583,2023-01-19,2249,Northwestern Health Unit,0.0736,37.0,0.42,0.8134,0.8955
9584,2023-01-19,2243,"Leeds, Grenville and Lanark District Health Unit",0.1291,86.0,0.5,0.8693,0.9664
9585,2023-01-19,5183,Huron Perth Health Unit,0.1749,69.0,0.5,0.8154,0.9757
9586,2023-01-19,2238,Hastings and Prince Edward Counties Health Unit,0.1594,79.0,0.47,0.9244,0.9735
9587,2023-01-19,2233,Grey Bruce Health Unit,0.0992,53.0,0.31,0.8038,0.9704
9588,2023-01-19,2230,Durham Regional Health Unit,0.0911,298.0,0.42,0.8625,0.9633
9589,2023-01-19,3895,City of Toronto Health Unit,0.1221,1073.0,0.34,0.908,0.974
9590,2023-01-19,2227,Brant County Health Unit,0.1213,62.0,0.4,0.8524,0.9405
9591,2023-01-18,2226,District of Algoma Health Unit,0.1029,68.0,0.59,0.8978,0.9717
9592,2023-01-18,2244,Middlesex-London Health Unit,0.1355,187.0,0.37,0.9148,0.982
9593,2023-01-18,2256,Porcupine Health Unit,0.1677,44.0,0.53,0.697,0.8889
9594,2023-01-18,2230,Durham Regional Health Unit,0.0914,302.0,0.42,0.8521,0.9655
9595,2023-01-18,2233,Grey Bruce Health Unit,0.1094,56.0,0.33,0.8208,0.974
9596,2023-01-18,2235,"Haliburton, Kawartha, Pine Ridge District Health Unit",0.1117,79.0,0.42,0.8817,0.9797
9597,2023-01-18,3895,City of Toronto Health Unit,0.1212,1103.0,0.35,0.8882,0.9668
9598,2023-01-18,2241,"Kingston, Frontenac and Lennox and Addington Health Unit",0.2038,128.0,0.6,0.943,0.9832
9599,2023-01-18,5183,Huron Perth Health Unit,0.1707,71.0,0.51,0.8353,0.9802
9600,2023-01-18,2246,Niagara Regional Area Health Unit,0.2253,159.0,0.34,0.7117,0.9286
9601,2023-01-18,2238,Hastings and Prince Edward Counties Health Unit,0.1714,80.0,0.47,0.9206,0.9753
9602,2023-01-18,2253,Peel Regional Health Unit,0.1316,469.0,0.29,0.909,0.9646
9603,2023-01-18,35,Ontario,0.1377,5474.0,0.37,0.8631,0.9618
9604,2023-01-18,2260,Simcoe Muskoka District Health Unit,0.1242,231.0,0.39,0.8908,0.9644
9605,2023-01-18,2249,Northwestern Health Unit,0.0728,37.0,0.43,0.7782,0.8732
9606,2023-01-18,2263,Timiskaming Health Unit,0.0313,14.0,0.42,0.8763,0.9588
9607,2023-01-18,2262,Thunder Bay District Health Unit,0.1608,102.0,0.68,0.853,0.9449
9608,2023-01-18,2261,Sudbury and District Health Unit,0.0774,129.0,0.65,0.8973,0.9617
9609,2023-01-18,2237,City of Hamilton Health Unit,0.1852,258.0,0.43,0.932,0.9818
9610,2023-01-18,2270,York Regional Health Unit,0.1181,374.0,0.3,0.87,0.9514
9611,2023-01-18,2268,Windsor-Essex County Health Unit,0.1415,245.0,0.58,0.7412,0.9772
9612,2023-01-18,2266,Wellington-Dufferin-Guelph Health Unit,0.1508,98.0,0.31,0.7768,0.9344
9613,2023-01-18,2265,Waterloo Health Unit,0.2336,146.0,0.25,0.6384,0.8922
9614,2023-01-18,4913,Southwestern Public Health,0.125,111.0,0.52,0.8995,0.9854
9615,2023-01-18,2257,Renfrew County and District Health Unit,0.0699,39.0,0.36,0.6318,0.9291
9616,2023-01-18,2255,Peterborough County-City Health Unit,0.078,62.0,0.42,0.9309,0.9908
9617,2023-01-18,2247,North Bay Parry Sound District Health Unit,0.0915,64.0,0.49,0.9345,0.9934
9618,2023-01-18,2243,"Leeds, Grenville and Lanark District Health Unit",0.1233,86.0,0.49,0.9089,0.9768
9619,2023-01-18,2242,Lambton Health Unit,0.1803,33.0,0.25,0.7645,0.938
9620,2023-01-18,2236,Halton Regional Health Unit,0.1603,127.0,0.2,0.8146,0.8967
9621,2023-01-18,2234,Haldimand-Norfolk Health Unit,0.2412,44.0,0.39,0.8482,0.967
9622,2023-01-18,2258,Eastern Ontario Health Unit,0.1236,79.0,0.38,0.8481,0.9675
9623,2023-01-18,2251,City of Ottawa Health Unit,0.1582,290.0,0.27,0.9143,0.9767
9624,2023-01-18,2240,Chatham-Kent Health Unit,0.2017,52.0,0.49,0.869,0.9824
9625,2023-01-18,2227,Brant County Health Unit,0.127,63.0,0.41,0.8322,0.9404
9626,2023-01-17,2233,Grey Bruce Health Unit,0.1142,56.0,0.33,0.8278,0.9797
9627,2023-01-17,2258,Eastern Ontario Health Unit,0.1248,79.0,0.38,0.8431,0.9638
9628,2023-01-17,2240,Chatham-Kent Health Unit,0.2099,58.0,0.54,0.8931,0.9786
9629,2023-01-17,2227,Brant County Health Unit,0.1336,64.0,0.41,0.826,0.9383
9630,2023-01-17,2234,Haldimand-Norfolk Health Unit,0.25,42.0,0.37,0.8328,0.9732
9631,2023-01-17,2236,Halton Regional Health Unit,0.1549,124.0,0.2,0.7886,0.8903
9632,2023-01-17,5183,Huron Perth Health Unit,0.1621,72.0,0.52,0.8293,0.9799
9633,2023-01-17,2244,Middlesex-London Health Unit,0.1385,186.0,0.37,0.9045,0.9807
9634,2023-01-17,2243,"Leeds, Grenville and Lanark District Health Unit",0.1217,81.0,0.47,0.8987,0.9719
9635,2023-01-17,35,Ontario,0.1373,5520.0,0.37,0.8502,0.958
9636,2023-01-17,2242,Lambton Health Unit,0.1787,34.0,0.26,0.7751,0.9378
9637,2023-01-17,2257,Renfrew County and District Health Unit,0.0929,38.0,0.35,0.5526,0.8216
9638,2023-01-17,4913,Southwestern Public Health,0.1215,107.0,0.51,0.9021,0.983
9639,2023-01-17,2256,Porcupine Health Unit,0.1523,43.0,0.52,0.7061,0.8851
9640,2023-01-17,2262,Thunder Bay District Health Unit,0.1583,105.0,0.7,0.8383,0.9405
9641,2023-01-17,2255,Peterborough County-City Health Unit,0.075,63.0,0.42,0.9374,0.9892
9642,2023-01-17,2268,Windsor-Essex County Health Unit,0.1406,241.0,0.57,0.687,0.9753
9643,2023-01-17,2266,Wellington-Dufferin-Guelph Health Unit,0.1396,100.0,0.32,0.7583,0.9278
9644,2023-01-17,2265,Waterloo Health Unit,0.236,150.0,0.26,0.6268,0.8878
9645,2023-01-17,2226,District of Algoma Health Unit,0.1048,65.0,0.57,0.9262,0.9821
9646,2023-01-17,2270,York Regional Health Unit,0.1211,369.0,0.3,0.8322,0.9413
9647,2023-01-17,2263,Timiskaming Health Unit,0.0303,14.0,0.43,0.87,0.96
9648,2023-01-17,2261,Sudbury and District Health Unit,0.0785,133.0,0.67,0.9046,0.9654
9649,2023-01-17,2260,Simcoe Muskoka District Health Unit,0.1257,230.0,0.38,0.8837,0.9606
9650,2023-01-17,2253,Peel Regional Health Unit,0.1287,496.0,0.31,0.9083,0.964
9651,2023-01-17,2249,Northwestern Health Unit,0.0824,38.0,0.44,0.8171,0.9144
9652,2023-01-17,2247,North Bay Parry Sound District Health Unit,0.0917,64.0,0.49,0.9369,0.991
9653,2023-01-17,2246,Niagara Regional Area Health Unit,0.2109,165.0,0.35,0.6991,0.9244
9654,2023-01-17,2241,"Kingston, Frontenac and Lennox and Addington Health Unit",0.1984,127.0,0.6,0.9394,0.9834
9655,2023-01-17,2238,Hastings and Prince Edward Counties Health Unit,0.1664,82.0,0.48,0.9276,0.9788
9656,2023-01-17,2235,"Haliburton, Kawartha, Pine Ridge District Health Unit",0.1097,81.0,0.43,0.8534,0.9776
9657,2023-01-17,2230,Durham Regional Health Unit,0.0916,301.0,0.42,0.8568,0.9609
9658,2023-01-17,3895,City of Toronto Health Unit,0.1208,1128.0,0.36,0.8824,0.9662
9659,2023-01-17,2251,City of Ottawa Health Unit,0.1581,285.0,0.27,0.8899,0.9561
9660,2023-01-17,2237,City of Hamilton Health Unit,0.1893,259.0,0.44,0.8876,0.9777
9661,2023-01-16,2236,Halton Regional Health Unit,0.1584,124.0,0.2,0.7252,0.8182
9662,2023-01-16,2255,Peterborough County-City Health Unit,0.0725,69.0,0.47,0.9479,0.9917
9663,2023-01-16,2227,Brant County Health Unit,0.1429,62.0,0.4,0.8118,0.9341
9664,2023-01-16,3895,City of Toronto Health Unit,0.1207,1147.0,0.37,0.8806,0.9659
9665,2023-01-16,2251,City of Ottawa Health Unit,0.1522,274.0,0.26,0.8845,0.949
9666,2023-01-16,2237,City of Hamilton Health Unit,0.1829,264.0,0.45,0.8871,0.9768
9667,2023-01-16,2238,Hastings and Prince Edward Counties Health Unit,0.1814,86.0,0.51,0.9125,0.9806
9668,2023-01-16,2241,"Kingston, Frontenac and Lennox and Addington Health Unit",0.182,121.0,0.57,0.9386,0.9807
9669,2023-01-16,2243,"Leeds, Grenville and Lanark District Health Unit",0.1231,75.0,0.44,0.8842,0.9807
9670,2023-01-16,2235,"Haliburton, Kawartha, Pine Ridge District Health Unit",0.1086,83.0,0.44,0.8514,0.9733
9671,2023-01-16,2249,Northwestern Health Unit,0.0846,39.0,0.44,0.8165,0.9213
9672,2023-01-16,2247,North Bay Parry Sound District Health Unit,0.0862,63.0,0.49,0.9016,0.9817
9673,2023-01-16,2256,Porcupine Health Unit,0.134,44.0,0.52,0.5979,0.7196
9674,2023-01-16,2246,Niagara Regional Area Health Unit,0.2041,169.0,0.36,0.6616,0.9105
9675,2023-01-16,2261,Sudbury and District Health Unit,0.0837,137.0,0.69,0.8955,0.958
9676,2023-01-16,2263,Timiskaming Health Unit,0.04,14.0,0.44,0.8556,0.9889
9677,2023-01-16,4913,Southwestern Public Health,0.1351,110.0,0.52,0.9009,0.986
9678,2023-01-16,2266,Wellington-Dufferin-Guelph Health Unit,0.13,100.0,0.32,0.7466,0.9278
9679,2023-01-16,2260,Simcoe Muskoka District Health Unit,0.128,229.0,0.38,0.8718,0.9519
9680,2023-01-16,2270,York Regional Health Unit,0.1279,363.0,0.3,0.8102,0.9338
9681,2023-01-16,2233,Grey Bruce Health Unit,0.1321,55.0,0.32,0.8417,0.9868
9682,2023-01-16,2268,Windsor-Essex County Health Unit,0.1421,252.0,0.59,0.6869,0.9752
9683,2023-01-16,2265,Waterloo Health Unit,0.2215,152.0,0.26,0.6075,0.8613
9684,2023-01-16,2262,Thunder Bay District Health Unit,0.1702,108.0,0.72,0.8244,0.9321
9685,2023-01-16,2257,Renfrew County and District Health Unit,0.0862,41.0,0.38,0.5504,0.8065
9686,2023-01-16,2253,Peel Regional Health Unit,0.1268,496.0,0.31,0.9019,0.9602
9687,2023-01-16,35,Ontario,0.137,5563.0,0.38,0.8412,0.951
9688,2023-01-16,2244,Middlesex-London Health Unit,0.1376,184.0,0.36,0.9045,0.9792
9689,2023-01-16,2242,Lambton Health Unit,0.1909,31.0,0.24,0.8037,0.9726
9690,2023-01-16,5183,Huron Perth Health Unit,0.1546,71.0,0.51,0.8589,0.9775
9691,2023-01-16,2234,Haldimand-Norfolk Health Unit,0.2474,41.0,0.36,0.7872,0.9702
9692,2023-01-16,2258,Eastern Ontario Health Unit,0.1385,84.0,0.4,0.8429,0.9578
9693,2023-01-16,2230,Durham Regional Health Unit,0.0884,307.0,0.43,0.8459,0.9569
9694,2023-01-16,2226,District of Algoma Health Unit,0.1151,67.0,0.59,0.9289,0.9844
9695,2023-01-16,2240,Chatham-Kent Health Unit,0.215,59.0,0.56,0.8937,0.9772
9696,2023-01-15,2241,"Kingston, Frontenac and Lennox and Addington Health Unit",0.2029,119.0,0.56,0.9363,0.9796
9697,2023-01-15,5183,Huron Perth Health Unit,0.1446,72.0,0.52,0.8873,0.9775
9698,2023-01-15,2240,Chatham-Kent Health Unit,0.2139,57.0,0.54,0.896,0.9764
9699,2023-01-15,2251,City of Ottawa Health Unit,0.147,275.0,0.26,0.8903,0.9501
9700,2023-01-15,2230,Durham Regional Health Unit,0.094,308.0,0.43,0.8454,0.9523
9701,2023-01-15,2226,District of Algoma Health Unit,0.1135,67.0,0.58,0.9078,0.9623
9702,2023-01-15,2242,Lambton Health Unit,0.2044,32.0,0.25,0.8009,0.9729
9703,2023-01-15,2244,Middlesex-London Health Unit,0.1299,189.0,0.37,0.9088,0.9799
9704,2023-01-15,2247,North Bay Parry Sound District Health Unit,0.0815,60.0,0.46,0.9238,0.9833
9705,2023-01-15,2255,Peterborough County-City Health Unit,0.0672,70.0,0.47,0.9496,0.9916
9706,2023-01-15,2253,Peel Regional Health Unit,0.1279,504.0,0.31,0.9049,0.9602
9707,2023-01-15,4913,Southwestern Public Health,0.1314,112.0,0.53,0.8979,0.9854
9708,2023-01-15,35,Ontario,0.1377,5666.0,0.38,0.841,0.9483
9709,2023-01-15,2265,Waterloo Health Unit,0.2141,150.0,0.26,0.6043,0.8671
9710,2023-01-15,2268,Windsor-Essex County Health Unit,0.1447,261.0,0.61,0.6482,0.9351
9711,2023-01-15,2263,Timiskaming Health Unit,0.0455,13.0,0.38,0.8556,0.9889
9712,2023-01-15,2262,Thunder Bay District Health Unit,0.1743,110.0,0.73,0.8242,0.9401
9713,2023-01-15,2236,Halton Regional Health Unit,0.1618,126.0,0.2,0.7242,0.8099
9714,2023-01-15,2258,Eastern Ontario Health Unit,0.1317,88.0,0.42,0.862,0.9647
9715,2023-01-15,2270,York Regional Health Unit,0.134,385.0,0.31,0.8125,0.9348
9716,2023-01-15,2266,Wellington-Dufferin-Guelph Health Unit,0.1187,105.0,0.34,0.7607,0.9305
9717,2023-01-15,2261,Sudbury and District Health Unit,0.0784,138.0,0.7,0.9045,0.9604
9718,2023-01-15,2257,Renfrew County and District Health Unit,0.0874,44.0,0.41,0.547,0.8063
9719,2023-01-15,2256,Porcupine Health Unit,0.1732,44.0,0.52,0.5851,0.7074
9720,2023-01-15,2249,Northwestern Health Unit,0.0996,40.0,0.46,0.8168,0.9231
9721,2023-01-15,2246,Niagara Regional Area Health Unit,0.189,169.0,0.36,0.6592,0.9032
9722,2023-01-15,2243,"Leeds, Grenville and Lanark District Health Unit",0.1279,79.0,0.46,0.8571,0.9737
9723,2023-01-15,2238,Hastings and Prince Edward Counties Health Unit,0.1622,90.0,0.53,0.9139,0.9825
9724,2023-01-15,2235,"Haliburton, Kawartha, Pine Ridge District Health Unit",0.1326,87.0,0.46,0.8523,0.9627
9725,2023-01-15,2234,Haldimand-Norfolk Health Unit,0.1732,33.0,0.29,0.7975,0.9662
9726,2023-01-15,2233,Grey Bruce Health Unit,0.1327,56.0,0.33,0.8392,0.9849
9727,2023-01-15,3895,City of Toronto Health Unit,0.1226,1170.0,0.38,0.8788,0.9632
9728,2023-01-15,2237,City of Hamilton Health Unit,0.1919,280.0,0.47,0.897,0.979
9729,2023-01-15,2227,Brant County Health Unit,0.1475,61.0,0.39,0.8309,0.9372
9730,2023-01-15,2260,Simcoe Muskoka District Health Unit,0.1312,226.0,0.38,0.8702,0.9494
9731,2023-01-14,2244,Middlesex-London Health Unit,0.1306,184.0,0.36,0.8966,0.9769
9732,2023-01-14,2262,Thunder Bay District Health Unit,0.1819,109.0,0.73,0.8174,0.9365
9733,2023-01-14,2237,City of Hamilton Health Unit,0.1973,301.0,0.51,0.8998,0.9781
9734,2023-01-14,3895,City of Toronto Health Unit,0.1262,1186.0,0.38,0.8789,0.964
9735,2023-01-14,2240,Chatham-Kent Health Unit,0.209,60.0,0.57,0.8025,0.9771
9736,2023-01-14,2230,Durham Regional Health Unit,0.1038,319.0,0.45,0.8498,0.949
9737,2023-01-14,2227,Brant County Health Unit,0.1418,60.0,0.39,0.8318,0.9455
9738,2023-01-14,2235,"Haliburton, Kawartha, Pine Ridge District Health Unit",0.1376,89.0,0.47,0.8672,0.9623
9739,2023-01-14,2234,Haldimand-Norfolk Health Unit,0.1646,35.0,0.3,0.7872,0.966
9740,2023-01-14,2233,Grey Bruce Health Unit,0.1421,57.0,0.34,0.8321,0.985
9741,2023-01-14,2246,Niagara Regional Area Health Unit,0.1882,170.0,0.36,0.664,0.9064
9742,2023-01-14,2249,Northwestern Health Unit,0.0945,39.0,0.45,0.8087,0.917
9743,2023-01-14,2253,Peel Regional Health Unit,0.1285,507.0,0.32,0.9057,0.9598
9744,2023-01-14,2243,"Leeds, Grenville and Lanark District Health Unit",0.129,85.0,0.49,0.8529,0.975
9745,2023-01-14,2260,Simcoe Muskoka District Health Unit,0.1316,228.0,0.38,0.8679,0.9496
9746,2023-01-14,2257,Renfrew County and District Health Unit,0.096,43.0,0.4,0.5056,0.8128
9747,2023-01-14,2263,Timiskaming Health Unit,0.0417,14.0,0.42,0.8696,1.0
9748,2023-01-14,2256,Porcupine Health Unit,0.1661,42.0,0.51,0.5718,0.693
9749,2023-01-14,2270,York Regional Health Unit,0.1334,391.0,0.32,0.8104,0.9316
9750,2023-01-14,2268,Windsor-Essex County Health Unit,0.1472,253.0,0.6,0.6335,0.9306
9751,2023-01-14,2266,Wellington-Dufferin-Guelph Health Unit,0.124,109.0,0.35,0.7718,0.9361
9752,2023-01-14,2241,"Kingston, Frontenac and Lennox and Addington Health Unit",0.2113,116.0,0.55,0.9388,0.98
9753,2023-01-14,2265,Waterloo Health Unit,0.2168,148.0,0.25,0.6257,0.8921
9754,2023-01-14,2261,Sudbury and District Health Unit,0.0775,142.0,0.71,0.9085,0.964
9755,2023-01-14,4913,Southwestern Public Health,0.1376,117.0,0.55,0.8899,0.9882
9756,2023-01-14,2255,Peterborough County-City Health Unit,0.0735,70.0,0.47,0.9588,0.9897
9757,2023-01-14,35,Ontario,0.1403,5738.0,0.39,0.839,0.9487
9758,2023-01-14,2247,North Bay Parry Sound District Health Unit,0.0711,60.0,0.46,0.918,0.9813
9759,2023-01-14,2242,Lambton Health Unit,0.2098,32.0,0.24,0.7749,0.9697
9760,2023-01-14,5183,Huron Perth Health Unit,0.1372,72.0,0.51,0.8878,0.9776
9761,2023-01-14,2238,Hastings and Prince Edward Counties Health Unit,0.1636,94.0,0.56,0.8798,0.9816
9762,2023-01-14,2236,Halton Regional Health Unit,0.1595,125.0,0.2,0.7112,0.8075
9763,2023-01-14,2258,Eastern Ontario Health Unit,0.1367,90.0,0.43,0.8722,0.9693
9764,2023-01-14,2226,District of Algoma Health Unit,0.1067,68.0,0.6,0.9165,0.9604
9765,2023-01-14,2251,City of Ottawa Health Unit,0.1518,275.0,0.26,0.8876,0.9496
9766,2023-01-13,2227,Brant County Health Unit,0.1553,63.0,0.4,0.8266,0.9392
9767,2023-01-13,2256,Porcupine Health Unit,0.1525,42.0,0.51,0.5881,0.6875
9768,2023-01-13,2249,Northwestern Health Unit,0.1051,39.0,0.45,0.7732,0.8969
9769,2023-01-13,2247,North Bay Parry Sound District Health Unit,0.0668,62.0,0.48,0.9267,0.98
9770,2023-01-13,2258,Eastern Ontario Health Unit,0.1332,91.0,0.44,0.8796,0.9691
9771,2023-01-13,2240,Chatham-Kent Health Unit,0.2066,61.0,0.57,0.8182,0.9838
9772,2023-01-13,2226,District of Algoma Health Unit,0.114,66.0,0.58,0.9205,0.9625
9773,2023-01-13,3895,City of Toronto Health Unit,0.131,1209.0,0.39,0.8813,0.9632
9774,2023-01-13,2234,Haldimand-Norfolk Health Unit,0.1787,34.0,0.29,0.7917,0.9667
9775,2023-01-13,2251,City of Ottawa Health Unit,0.1597,269.0,0.26,0.873,0.9417
9776,2023-01-13,5183,Huron Perth Health Unit,0.1291,70.0,0.5,0.8858,0.9724
9777,2023-01-13,2238,Hastings and Prince Edward Counties Health Unit,0.1737,98.0,0.58,0.8927,0.9816
9778,2023-01-13,2236,Halton Regional Health Unit,0.1652,131.0,0.21,0.7247,0.8178
9779,2023-01-13,35,Ontario,0.1435,5798.0,0.39,0.8387,0.947
9780,2023-01-13,2257,Renfrew County and District Health Unit,0.1178,45.0,0.41,0.4986,0.8052
9781,2023-01-13,2262,Thunder Bay District Health Unit,0.1843,113.0,0.75,0.8316,0.9477
9782,2023-01-13,2261,Sudbury and District Health Unit,0.0811,146.0,0.73,0.9111,0.964
9783,2023-01-13,2268,Windsor-Essex County Health Unit,0.1438,249.0,0.59,0.6308,0.9324
9784,2023-01-13,4913,Southwestern Public Health,0.1435,119.0,0.56,0.8906,0.9891
9785,2023-01-13,2244,Middlesex-London Health Unit,0.1353,182.0,0.36,0.8936,0.9787
9786,2023-01-13,2270,York Regional Health Unit,0.1371,394.0,0.32,0.8051,0.9253
9787,2023-01-13,2266,Wellington-Dufferin-Guelph Health Unit,0.1346,109.0,0.35,0.7679,0.9285
9788,2023-01-13,2265,Waterloo Health Unit,0.2051,150.0,0.26,0.5934,0.8544
9789,2023-01-13,2263,Timiskaming Health Unit,0.0435,13.0,0.4,0.8444,0.9889
9790,2023-01-13,2260,Simcoe Muskoka District Health Unit,0.1256,230.0,0.38,0.8616,0.9477
9791,2023-01-13,2255,Peterborough County-City Health Unit,0.0721,71.0,0.48,0.9462,0.988
9792,2023-01-13,2253,Peel Regional Health Unit,0.1317,518.0,0.32,0.9059,0.9601
9793,2023-01-13,2246,Niagara Regional Area Health Unit,0.179,178.0,0.38,0.6674,0.9013
9794,2023-01-13,2243,"Leeds, Grenville and Lanark District Health Unit",0.1463,89.0,0.51,0.8428,0.9716
9795,2023-01-13,2242,Lambton Health Unit,0.2,32.0,0.25,0.7613,0.9685
9796,2023-01-13,2241,"Kingston, Frontenac and Lennox and Addington Health Unit",0.2161,115.0,0.54,0.9487,0.9862
9797,2023-01-13,2235,"Haliburton, Kawartha, Pine Ridge District Health Unit",0.1372,90.0,0.47,0.8734,0.9609
9798,2023-01-13,2233,Grey Bruce Health Unit,0.1564,56.0,0.33,0.8316,0.9767
9799,2023-01-13,2230,Durham Regional Health Unit,0.1073,321.0,0.45,0.8576,0.9528
9800,2023-01-13,2237,City of Hamilton Health Unit,0.2063,296.0,0.5,0.8988,0.9813
9801,2023-01-12,2251,City of Ottawa Health Unit,0.1617,269.0,0.26,0.8558,0.9413
9802,2023-01-12,2255,Peterborough County-City Health Unit,0.0791,72.0,0.49,0.9393,0.9824
9803,2023-01-12,2227,Brant County Health Unit,0.1582,65.0,0.42,0.8232,0.9158
9804,2023-01-12,3895,City of Toronto Health Unit,0.1386,1253.0,0.4,0.8731,0.9608
9805,2023-01-12,2233,Grey Bruce Health Unit,0.1632,55.0,0.32,0.8243,0.969
9806,2023-01-12,2235,"Haliburton, Kawartha, Pine Ridge District Health Unit",0.1326,94.0,0.5,0.8722,0.9574
9807,2023-01-12,2258,Eastern Ontario Health Unit,0.1335,94.0,0.45,0.882,0.9637
9808,2023-01-12,2238,Hastings and Prince Edward Counties Health Unit,0.1772,99.0,0.59,0.8925,0.9782
9809,2023-01-12,2230,Durham Regional Health Unit,0.1094,328.0,0.46,0.8293,0.9394
9810,2023-01-12,2243,"Leeds, Grenville and Lanark District Health Unit",0.1766,84.0,0.49,0.831,0.9555
9811,2023-01-12,2242,Lambton Health Unit,0.2064,31.0,0.24,0.7737,0.9671
9812,2023-01-12,2241,"Kingston, Frontenac and Lennox and Addington Health Unit",0.2255,115.0,0.54,0.9485,0.9766
9813,2023-01-12,2256,Porcupine Health Unit,0.1565,42.0,0.5,0.605,0.6947
9814,2023-01-12,2260,Simcoe Muskoka District Health Unit,0.1383,228.0,0.38,0.8513,0.9331
9815,2023-01-12,2261,Sudbury and District Health Unit,0.0831,151.0,0.76,0.9027,0.9676
9816,2023-01-12,2253,Peel Regional Health Unit,0.1296,522.0,0.33,0.8984,0.9507
9817,2023-01-12,2266,Wellington-Dufferin-Guelph Health Unit,0.1385,112.0,0.36,0.7683,0.9257
9818,2023-01-12,2265,Waterloo Health Unit,0.1808,153.0,0.26,0.6055,0.8549
9819,2023-01-12,2263,Timiskaming Health Unit,0.033,13.0,0.4,0.8256,0.9884
9820,2023-01-12,2249,Northwestern Health Unit,0.1099,39.0,0.44,0.7754,0.9094
9821,2023-01-12,2270,York Regional Health Unit,0.1512,404.0,0.33,0.803,0.9187
9822,2023-01-12,2268,Windsor-Essex County Health Unit,0.1454,252.0,0.59,0.5887,0.9286
9823,2023-01-12,2262,Thunder Bay District Health Unit,0.1876,115.0,0.77,0.8446,0.9531
9824,2023-01-12,4913,Southwestern Public Health,0.1572,118.0,0.56,0.8848,0.9882
9825,2023-01-12,2257,Renfrew County and District Health Unit,0.2108,50.0,0.46,0.5104,0.7982
9826,2023-01-12,35,Ontario,0.1481,5945.0,0.4,0.8307,0.942
9827,2023-01-12,2247,North Bay Parry Sound District Health Unit,0.0844,68.0,0.52,0.9359,0.9808
9828,2023-01-12,2246,Niagara Regional Area Health Unit,0.1725,189.0,0.4,0.6561,0.8797
9829,2023-01-12,2244,Middlesex-London Health Unit,0.1477,194.0,0.38,0.8887,0.9798
9830,2023-01-12,5183,Huron Perth Health Unit,0.112,73.0,0.52,0.8704,0.9671
9831,2023-01-12,2236,Halton Regional Health Unit,0.1554,133.0,0.22,0.7147,0.8118
9832,2023-01-12,2234,Haldimand-Norfolk Health Unit,0.1639,34.0,0.3,0.7992,0.9518
9833,2023-01-12,2226,District of Algoma Health Unit,0.1138,64.0,0.56,0.9027,0.9535
9834,2023-01-12,2237,City of Hamilton Health Unit,0.2016,312.0,0.53,0.9051,0.9816
9835,2023-01-12,2240,Chatham-Kent Health Unit,0.2193,70.0,0.66,0.8133,0.9839
9836,2023-01-11,2260,Simcoe Muskoka District Health Unit,0.1487,234.0,0.39,0.8435,0.9293
9837,2023-01-11,2257,Renfrew County and District Health Unit,0.2143,50.0,0.46,0.5801,0.8036
9838,2023-01-11,2251,City of Ottawa Health Unit,0.1636,266.0,0.25,0.841,0.9478
9839,2023-01-11,2237,City of Hamilton Health Unit,0.2088,322.0,0.54,0.9019,0.9828
9840,2023-01-11,2258,Eastern Ontario Health Unit,0.1344,91.0,0.44,0.8854,0.9675
9841,2023-01-11,2240,Chatham-Kent Health Unit,0.2103,72.0,0.68,0.8106,0.9773
9842,2023-01-11,2236,Halton Regional Health Unit,0.1688,135.0,0.22,0.7301,0.8406
9843,2023-01-11,5183,Huron Perth Health Unit,0.119,72.0,0.52,0.852,0.96
9844,2023-01-11,2235,"Haliburton, Kawartha, Pine Ridge District Health Unit",0.1341,98.0,0.52,0.8676,0.9554
9845,2023-01-11,2242,Lambton Health Unit,0.2282,34.0,0.26,0.7617,0.9648
9846,2023-01-11,2234,Haldimand-Norfolk Health Unit,0.1818,36.0,0.32,0.8222,0.9667
9847,2023-01-11,2247,North Bay Parry Sound District Health Unit,0.0868,66.0,0.51,0.9372,0.9805
9848,2023-01-11,2246,Niagara Regional Area Health Unit,0.1708,197.0,0.42,0.6629,0.8856
9849,2023-01-11,2244,Middlesex-London Health Unit,0.1565,200.0,0.39,0.8824,0.9814
9850,2023-01-11,4913,Southwestern Public Health,0.1557,121.0,0.57,0.8767,0.9899
9851,2023-01-11,2262,Thunder Bay District Health Unit,0.1851,119.0,0.79,0.8609,0.9596
9852,2023-01-11,2265,Waterloo Health Unit,0.1771,158.0,0.27,0.6283,0.8592
9853,2023-01-11,2270,York Regional Health Unit,0.1609,407.0,0.33,0.8082,0.917
9854,2023-01-11,2268,Windsor-Essex County Health Unit,0.1419,253.0,0.59,0.5515,0.9131
9855,2023-01-11,2255,Peterborough County-City Health Unit,0.0778,72.0,0.48,0.9398,0.9819
9856,2023-01-11,2266,Wellington-Dufferin-Guelph Health Unit,0.1605,112.0,0.36,0.7639,0.9225
9857,2023-01-11,2263,Timiskaming Health Unit,0.0366,12.0,0.36,0.81,0.98
9858,2023-01-11,2261,Sudbury and District Health Unit,0.0869,143.0,0.72,0.887,0.9565
9859,2023-01-11,2256,Porcupine Health Unit,0.1725,45.0,0.54,0.6388,0.7143
9860,2023-01-11,2253,Peel Regional Health Unit,0.1346,553.0,0.34,0.8969,0.9514
9861,2023-01-11,35,Ontario,0.1521,6058.0,0.41,0.8333,0.9444
9862,2023-01-11,2249,Northwestern Health Unit,0.12,39.0,0.45,0.791,0.9104
9863,2023-01-11,2243,"Leeds, Grenville and Lanark District Health Unit",0.1834,90.0,0.52,0.819,0.9646
9864,2023-01-11,2241,"Kingston, Frontenac and Lennox and Addington Health Unit",0.2131,122.0,0.57,0.9534,0.9814
9865,2023-01-11,2238,Hastings and Prince Edward Counties Health Unit,0.1623,104.0,0.62,0.8869,0.9804
9866,2023-01-11,2233,Grey Bruce Health Unit,0.1351,55.0,0.32,0.8159,0.9701
9867,2023-01-11,2230,Durham Regional Health Unit,0.1139,327.0,0.46,0.8406,0.9445
9868,2023-01-11,2226,District of Algoma Health Unit,0.1065,62.0,0.54,0.8941,0.9482
9869,2023-01-11,3895,City of Toronto Health Unit,0.1427,1278.0,0.41,0.8863,0.9664
9870,2023-01-11,2227,Brant County Health Unit,0.1594,65.0,0.42,0.8505,0.9275
9871,2023-01-10,2257,Renfrew County and District Health Unit,0.2022,53.0,0.49,0.6243,0.8491
9872,2023-01-10,2262,Thunder Bay District Health Unit,0.1874,125.0,0.83,0.8867,0.9638
9873,2023-01-10,2227,Brant County Health Unit,0.1698,69.0,0.44,0.8755,0.9357
9874,2023-01-10,2237,City of Hamilton Health Unit,0.2177,330.0,0.56,0.9428,0.9877
9875,2023-01-10,2230,Durham Regional Health Unit,0.1155,343.0,0.48,0.8593,0.951
9876,2023-01-10,2226,District of Algoma Health Unit,0.0919,64.0,0.56,0.8837,0.9408
9877,2023-01-10,2235,"Haliburton, Kawartha, Pine Ridge District Health Unit",0.141,97.0,0.51,0.8987,0.955
9878,2023-01-10,3895,City of Toronto Health Unit,0.1505,1306.0,0.42,0.9072,0.9693
9879,2023-01-10,2241,"Kingston, Frontenac and Lennox and Addington Health Unit",0.213,123.0,0.58,0.9545,0.9823
9880,2023-01-10,2243,"Leeds, Grenville and Lanark District Health Unit",0.193,98.0,0.57,0.8088,0.9572
9881,2023-01-10,5183,Huron Perth Health Unit,0.1141,70.0,0.5,0.8373,0.9504
9882,2023-01-10,2246,Niagara Regional Area Health Unit,0.1699,197.0,0.42,0.6572,0.8758
9883,2023-01-10,2238,Hastings and Prince Edward Counties Health Unit,0.1584,98.0,0.58,0.8844,0.9793
9884,2023-01-10,2253,Peel Regional Health Unit,0.1352,556.0,0.35,0.9083,0.9545
9885,2023-01-10,35,Ontario,0.1557,6216.0,0.42,0.8486,0.9452
9886,2023-01-10,2249,Northwestern Health Unit,0.1259,41.0,0.47,0.8231,0.9097
9887,2023-01-10,2263,Timiskaming Health Unit,0.0316,14.0,0.42,0.819,0.9828
9888,2023-01-10,2266,Wellington-Dufferin-Guelph Health Unit,0.1637,120.0,0.38,0.7905,0.9317
9889,2023-01-10,2270,York Regional Health Unit,0.1668,410.0,0.33,0.8438,0.9238
9890,2023-01-10,2261,Sudbury and District Health Unit,0.0838,147.0,0.74,0.8973,0.9534
9891,2023-01-10,2260,Simcoe Muskoka District Health Unit,0.1464,237.0,0.4,0.8683,0.9379
9892,2023-01-10,2268,Windsor-Essex County Health Unit,0.1385,256.0,0.6,0.5328,0.8686
9893,2023-01-10,2265,Waterloo Health Unit,0.1802,163.0,0.28,0.6555,0.8543
9894,2023-01-10,4913,Southwestern Public Health,0.1655,125.0,0.59,0.879,0.9908
9895,2023-01-10,2256,Porcupine Health Unit,0.1627,47.0,0.57,0.6545,0.7199
9896,2023-01-10,2255,Peterborough County-City Health Unit,0.0811,74.0,0.5,0.9396,0.9859
9897,2023-01-10,2247,North Bay Parry Sound District Health Unit,0.0934,67.0,0.52,0.9375,0.9813
9898,2023-01-10,2244,Middlesex-London Health Unit,0.1589,206.0,0.41,0.878,0.9742
9899,2023-01-10,2242,Lambton Health Unit,0.253,36.0,0.27,0.7631,0.9512
9900,2023-01-10,2236,Halton Regional Health Unit,0.1878,142.0,0.23,0.7532,0.8492
9901,2023-01-10,2234,Haldimand-Norfolk Health Unit,0.192,39.0,0.35,0.8514,0.9662
9902,2023-01-10,2233,Grey Bruce Health Unit,0.125,56.0,0.33,0.8101,0.9615
9903,2023-01-10,2258,Eastern Ontario Health Unit,0.1324,94.0,0.45,0.8645,0.9661
9904,2023-01-10,2251,City of Ottawa Health Unit,0.1806,288.0,0.27,0.8623,0.9637
9905,2023-01-10,2240,Chatham-Kent Health Unit,0.1757,74.0,0.7,0.8073,0.9743
9906,2023-01-09,2266,Wellington-Dufferin-Guelph Health Unit,0.1771,123.0,0.4,0.7868,0.9246
9907,2023-01-09,2265,Waterloo Health Unit,0.176,170.0,0.29,0.6762,0.8741
9908,2023-01-09,2227,Brant County Health Unit,0.1813,72.0,0.46,0.8755,0.9368
9909,2023-01-09,2238,Hastings and Prince Edward Counties Health Unit,0.1638,99.0,0.59,0.8952,0.976
9910,2023-01-09,2240,Chatham-Kent Health Unit,0.1673,77.0,0.72,0.8038,0.9771
9911,2023-01-09,2251,City of Ottawa Health Unit,0.1882,304.0,0.29,0.8562,0.9611
9912,2023-01-09,2226,District of Algoma Health Unit,0.0991,65.0,0.57,0.883,0.9383
9913,2023-01-09,2234,Haldimand-Norfolk Health Unit,0.2303,43.0,0.38,0.8459,0.9606
9914,2023-01-09,2233,Grey Bruce Health Unit,0.104,60.0,0.36,0.8177,0.9595
9915,2023-01-09,5183,Huron Perth Health Unit,0.117,70.0,0.5,0.8106,0.9511
9916,2023-01-09,2258,Eastern Ontario Health Unit,0.1203,95.0,0.46,0.864,0.9722
9917,2023-01-09,2244,Middlesex-London Health Unit,0.1582,211.0,0.42,0.8819,0.979
9918,2023-01-09,2247,North Bay Parry Sound District Health Unit,0.1132,69.0,0.54,0.9592,0.9871
9919,2023-01-09,2243,"Leeds, Grenville and Lanark District Health Unit",0.1984,105.0,0.61,0.7895,0.945
9920,2023-01-09,35,Ontario,0.1606,6424.0,0.43,0.8559,0.9512
9921,2023-01-09,2242,Lambton Health Unit,0.2688,40.0,0.3,0.793,0.9579
9922,2023-01-09,2257,Renfrew County and District Health Unit,0.2213,52.0,0.48,0.6294,0.869
9923,2023-01-09,2256,Porcupine Health Unit,0.186,49.0,0.59,0.804,0.8837
9924,2023-01-09,2255,Peterborough County-City Health Unit,0.0845,71.0,0.48,0.9412,0.9874
9925,2023-01-09,2268,Windsor-Essex County Health Unit,0.1333,258.0,0.61,0.5232,0.8684
9926,2023-01-09,2262,Thunder Bay District Health Unit,0.1963,131.0,0.87,0.9046,0.9663
9927,2023-01-09,2270,York Regional Health Unit,0.1684,425.0,0.35,0.8594,0.9344
9928,2023-01-09,2263,Timiskaming Health Unit,0.0254,17.0,0.52,0.8182,0.9798
9929,2023-01-09,2261,Sudbury and District Health Unit,0.0857,153.0,0.77,0.9088,0.9627
9930,2023-01-09,4913,Southwestern Public Health,0.1469,125.0,0.59,0.8751,0.9873
9931,2023-01-09,2260,Simcoe Muskoka District Health Unit,0.1545,245.0,0.41,0.8757,0.9444
9932,2023-01-09,2253,Peel Regional Health Unit,0.1441,578.0,0.36,0.9082,0.9559
9933,2023-01-09,2249,Northwestern Health Unit,0.1299,44.0,0.5,0.8414,0.9138
9934,2023-01-09,2246,Niagara Regional Area Health Unit,0.168,203.0,0.43,0.6846,0.8874
9935,2023-01-09,2241,"Kingston, Frontenac and Lennox and Addington Health Unit",0.2328,133.0,0.62,0.9493,0.9809
9936,2023-01-09,2236,Halton Regional Health Unit,0.2037,147.0,0.24,0.8128,0.9151
9937,2023-01-09,2235,"Haliburton, Kawartha, Pine Ridge District Health Unit",0.145,105.0,0.56,0.9076,0.9613
9938,2023-01-09,2230,Durham Regional Health Unit,0.1254,353.0,0.5,0.8701,0.9552
9939,2023-01-09,3895,City of Toronto Health Unit,0.1541,1339.0,0.43,0.909,0.9699
9940,2023-01-09,2237,City of Hamilton Health Unit,0.2273,337.0,0.57,0.9447,0.9888
9941,2023-01-08,2251,City of Ottawa Health Unit,0.1932,293.0,0.28,0.8518,0.9608
9942,2023-01-08,2242,Lambton Health Unit,0.3114,41.0,0.32,0.7966,0.9586
9943,2023-01-08,3895,City of Toronto Health Unit,0.1621,1296.0,0.42,0.9091,0.972
9944,2023-01-08,2230,Durham Regional Health Unit,0.1251,343.0,0.48,0.8709,0.9573
9945,2023-01-08,2233,Grey Bruce Health Unit,0.1154,56.0,0.33,0.8057,0.9482
9946,2023-01-08,2238,Hastings and Prince Edward Counties Health Unit,0.1767,92.0,0.55,0.8978,0.9799
9947,2023-01-08,2236,Halton Regional Health Unit,0.214,137.0,0.22,0.8011,0.9106
9948,2023-01-08,2243,"Leeds, Grenville and Lanark District Health Unit",0.2011,100.0,0.58,0.8046,0.9481
9949,2023-01-08,2235,"Haliburton, Kawartha, Pine Ridge District Health Unit",0.1308,98.0,0.52,0.9127,0.9654
9950,2023-01-08,2249,Northwestern Health Unit,0.1314,39.0,0.45,0.8382,0.9081
9951,2023-01-08,2253,Peel Regional Health Unit,0.1479,559.0,0.35,0.9091,0.9579
9952,2023-01-08,2247,North Bay Parry Sound District Health Unit,0.1349,69.0,0.53,0.955,0.9872
9953,2023-01-08,2256,Porcupine Health Unit,0.1624,45.0,0.54,0.7685,0.8714
9954,2023-01-08,2246,Niagara Regional Area Health Unit,0.1804,199.0,0.42,0.6823,0.8877
9955,2023-01-08,2261,Sudbury and District Health Unit,0.0891,147.0,0.74,0.8979,0.9585
9956,2023-01-08,4913,Southwestern Public Health,0.147,122.0,0.58,0.8654,0.9841
9957,2023-01-08,2260,Simcoe Muskoka District Health Unit,0.1684,240.0,0.4,0.8698,0.9446
9958,2023-01-08,2227,Brant County Health Unit,0.1831,73.0,0.47,0.8795,0.9388
9959,2023-01-08,2270,York Regional Health Unit,0.1754,405.0,0.33,0.8611,0.9447
9960,2023-01-08,2266,Wellington-Dufferin-Guelph Health Unit,0.1837,119.0,0.38,0.7833,0.9261
9961,2023-01-08,2268,Windsor-Essex County Health Unit,0.1347,243.0,0.57,0.5249,0.8945
9962,2023-01-08,2265,Waterloo Health Unit,0.1827,167.0,0.29,0.6819,0.8776
9963,2023-01-08,2263,Timiskaming Health Unit,0.0297,14.0,0.44,0.8021,0.9688
9964,2023-01-08,2262,Thunder Bay District Health Unit,0.2025,126.0,0.84,0.9083,0.9671
9965,2023-01-08,2257,Renfrew County and District Health Unit,0.2378,50.0,0.46,0.6469,0.8781
9966,2023-01-08,2255,Peterborough County-City Health Unit,0.081,71.0,0.48,0.9375,0.9854
9967,2023-01-08,35,Ontario,0.1668,6170.0,0.42,0.8564,0.9538
9968,2023-01-08,2244,Middlesex-London Health Unit,0.1687,202.0,0.4,0.8712,0.9774
9969,2023-01-08,2241,"Kingston, Frontenac and Lennox and Addington Health Unit",0.2173,122.0,0.57,0.9525,0.9815
9970,2023-01-08,5183,Huron Perth Health Unit,0.1322,65.0,0.46,0.8105,0.9537
9971,2023-01-08,2234,Haldimand-Norfolk Health Unit,0.2572,39.0,0.35,0.8394,0.9635
9972,2023-01-08,2258,Eastern Ontario Health Unit,0.1292,88.0,0.42,0.8588,0.9704
9973,2023-01-08,2226,District of Algoma Health Unit,0.1091,64.0,0.56,0.898,0.9579
9974,2023-01-08,2240,Chatham-Kent Health Unit,0.1564,74.0,0.7,0.8008,0.9781
9975,2023-01-08,2237,City of Hamilton Health Unit,0.2432,320.0,0.54,0.9392,0.987
9976,2023-01-07,2246,Niagara Regional Area Health Unit,0.1796,197.0,0.42,0.6757,0.8839
9977,2023-01-07,2230,Durham Regional Health Unit,0.1198,328.0,0.46,0.8663,0.9582
9978,2023-01-07,2258,Eastern Ontario Health Unit,0.1248,87.0,0.42,0.8228,0.9478
9979,2023-01-07,2234,Haldimand-Norfolk Health Unit,0.2647,39.0,0.34,0.844,0.9681
9980,2023-01-07,2236,Halton Regional Health Unit,0.2123,135.0,0.22,0.8133,0.9168
9981,2023-01-07,2226,District of Algoma Health Unit,0.1178,64.0,0.56,0.8957,0.9574
9982,2023-01-07,2242,Lambton Health Unit,0.3194,41.0,0.31,0.7967,0.9574
9983,2023-01-07,2241,"Kingston, Frontenac and Lennox and Addington Health Unit",0.2185,122.0,0.57,0.954,0.9811
9984,2023-01-07,2247,North Bay Parry Sound District Health Unit,0.1498,68.0,0.52,0.9538,0.989
9985,2023-01-07,5183,Huron Perth Health Unit,0.1213,67.0,0.48,0.8071,0.9544
9986,2023-01-07,2255,Peterborough County-City Health Unit,0.0762,71.0,0.48,0.9395,0.9854
9987,2023-01-07,2257,Renfrew County and District Health Unit,0.2331,51.0,0.47,0.6709,0.8626
9988,2023-01-07,2253,Peel Regional Health Unit,0.1481,560.0,0.35,0.9099,0.9592
9989,2023-01-07,4913,Southwestern Public Health,0.1464,115.0,0.54,0.8662,0.9818
9990,2023-01-07,35,Ontario,0.1686,6073.0,0.41,0.8562,0.953
9991,2023-01-07,2265,Waterloo Health Unit,0.1866,170.0,0.29,0.6756,0.8714
9992,2023-01-07,2263,Timiskaming Health Unit,0.0341,13.0,0.38,0.7841,0.9659
9993,2023-01-07,2262,Thunder Bay District Health Unit,0.1944,123.0,0.82,0.9168,0.9695
9994,2023-01-07,2251,City of Ottawa Health Unit,0.1968,286.0,0.27,0.8442,0.9558
9995,2023-01-07,2270,York Regional Health Unit,0.1829,398.0,0.32,0.853,0.9452
9996,2023-01-07,2268,Windsor-Essex County Health Unit,0.1396,236.0,0.56,0.5335,0.8956
9997,2023-01-07,2266,Wellington-Dufferin-Guelph Health Unit,0.185,117.0,0.37,0.7846,0.9282
9998,2023-01-07,2261,Sudbury and District Health Unit,0.0949,142.0,0.71,0.8964,0.9585
9999,2023-01-07,2260,Simcoe Muskoka District Health Unit,0.1657,236.0,0.39,0.8674,0.9445
10000,2023-01-07,2256,Porcupine Health Unit,0.1749,43.0,0.52,0.7524,0.8635
10001,2023-01-07,2249,Northwestern Health Unit,0.1455,39.0,0.45,0.8528,0.917
10002,2023-01-07,2244,Middlesex-London Health Unit,0.1717,203.0,0.4,0.8803,0.9803
10003,2023-01-07,2243,"Leeds, Grenville and Lanark District Health Unit",0.1964,96.0,0.55,0.8046,0.9446
10004,2023-01-07,2238,Hastings and Prince Edward Counties Health Unit,0.1743,88.0,0.52,0.9435,0.9823
10005,2023-01-07,2235,"Haliburton, Kawartha, Pine Ridge District Health Unit",0.1308,96.0,0.51,0.907,0.9655
10006,2023-01-07,2233,Grey Bruce Health Unit,0.1123,53.0,0.31,0.8046,0.946
10007,2023-01-07,3895,City of Toronto Health Unit,0.1669,1292.0,0.41,0.9051,0.9707
10008,2023-01-07,2237,City of Hamilton Health Unit,0.2459,299.0,0.51,0.9372,0.9862
10009,2023-01-07,2240,Chatham-Kent Health Unit,0.1522,72.0,0.68,0.8904,0.9781
10010,2023-01-07,2227,Brant County Health Unit,0.1915,74.0,0.48,0.8839,0.9342
10011,2023-01-06,2233,Grey Bruce Health Unit,0.1154,56.0,0.33,0.801,0.9533
10012,2023-01-06,2234,Haldimand-Norfolk Health Unit,0.2465,41.0,0.36,0.8531,0.9685
10013,2023-01-06,2244,Middlesex-London Health Unit,0.1692,207.0,0.41,0.887,0.9812
10014,2023-01-06,5183,Huron Perth Health Unit,0.1179,68.0,0.49,0.7715,0.9539
10015,2023-01-06,2237,City of Hamilton Health Unit,0.2516,304.0,0.51,0.935,0.9852
10016,2023-01-06,2240,Chatham-Kent Health Unit,0.1448,74.0,0.7,0.9016,0.9775
10017,2023-01-06,2227,Brant County Health Unit,0.1806,74.0,0.47,0.897,0.9485
10018,2023-01-06,2235,"Haliburton, Kawartha, Pine Ridge District Health Unit",0.136,96.0,0.51,0.8904,0.9574
10019,2023-01-06,2241,"Kingston, Frontenac and Lennox and Addington Health Unit",0.2183,122.0,0.57,0.9418,0.9715
10020,2023-01-06,2246,Niagara Regional Area Health Unit,0.1846,191.0,0.4,0.6856,0.8939
10021,2023-01-06,2253,Peel Regional Health Unit,0.1498,551.0,0.34,0.9079,0.9608
10022,2023-01-06,2243,"Leeds, Grenville and Lanark District Health Unit",0.1839,94.0,0.54,0.7879,0.9437
10023,2023-01-06,2260,Simcoe Muskoka District Health Unit,0.1665,235.0,0.39,0.8661,0.9464
10024,2023-01-06,2261,Sudbury and District Health Unit,0.0994,138.0,0.69,0.8913,0.9591
10025,2023-01-06,2257,Renfrew County and District Health Unit,0.2277,50.0,0.46,0.6535,0.848
10026,2023-01-06,2263,Timiskaming Health Unit,0.0341,13.0,0.38,0.8242,0.978
10027,2023-01-06,2256,Porcupine Health Unit,0.1767,43.0,0.51,0.737,0.8571
10028,2023-01-06,2270,York Regional Health Unit,0.1858,397.0,0.32,0.854,0.9511
10029,2023-01-06,2268,Windsor-Essex County Health Unit,0.1398,237.0,0.56,0.5066,0.9039
10030,2023-01-06,2266,Wellington-Dufferin-Guelph Health Unit,0.1765,113.0,0.36,0.8073,0.942
10031,2023-01-06,2230,Durham Regional Health Unit,0.1205,327.0,0.46,0.8681,0.9591
10032,2023-01-06,2265,Waterloo Health Unit,0.1968,169.0,0.29,0.7149,0.9263
10033,2023-01-06,2262,Thunder Bay District Health Unit,0.19,120.0,0.8,0.9151,0.9689
10034,2023-01-06,4913,Southwestern Public Health,0.1497,116.0,0.55,0.8566,0.9831
10035,2023-01-06,2255,Peterborough County-City Health Unit,0.0772,72.0,0.49,0.9537,0.9899
10036,2023-01-06,35,Ontario,0.1693,6060.0,0.41,0.8538,0.9559
10037,2023-01-06,2249,Northwestern Health Unit,0.1348,38.0,0.44,0.8849,0.9444
10038,2023-01-06,2247,North Bay Parry Sound District Health Unit,0.1578,64.0,0.5,0.9442,0.9866
10039,2023-01-06,2242,Lambton Health Unit,0.3267,43.0,0.33,0.825,0.9594
10040,2023-01-06,2238,Hastings and Prince Edward Counties Health Unit,0.1895,87.0,0.51,0.935,0.9829
10041,2023-01-06,2236,Halton Regional Health Unit,0.2069,132.0,0.21,0.8029,0.9207
10042,2023-01-06,2258,Eastern Ontario Health Unit,0.125,89.0,0.43,0.7975,0.9252
10043,2023-01-06,2226,District of Algoma Health Unit,0.1058,66.0,0.58,0.89,0.9572
10044,2023-01-06,3895,City of Toronto Health Unit,0.1689,1292.0,0.41,0.9032,0.9706
10045,2023-01-06,2251,City of Ottawa Health Unit,0.1923,291.0,0.28,0.853,0.9631
10046,2023-01-05,2256,Porcupine Health Unit,0.1534,45.0,0.54,0.722,0.853
10047,2023-01-05,2238,Hastings and Prince Edward Counties Health Unit,0.1892,82.0,0.49,0.9045,0.982
10048,2023-01-05,2240,Chatham-Kent Health Unit,0.1212,71.0,0.67,0.9028,0.9717
10049,2023-01-05,2226,District of Algoma Health Unit,0.0994,68.0,0.59,0.8834,0.9571
10050,2023-01-05,3895,City of Toronto Health Unit,0.1708,1280.0,0.41,0.908,0.9707
10051,2023-01-05,2251,City of Ottawa Health Unit,0.1966,290.0,0.27,0.8641,0.9645
10052,2023-01-05,5183,Huron Perth Health Unit,0.1382,65.0,0.47,0.7785,0.962
10053,2023-01-05,2242,Lambton Health Unit,0.3075,46.0,0.35,0.8082,0.956
10054,2023-01-05,2244,Middlesex-London Health Unit,0.171,198.0,0.39,0.8947,0.9779
10055,2023-01-05,2236,Halton Regional Health Unit,0.2136,134.0,0.22,0.7923,0.9224
10056,2023-01-05,35,Ontario,0.1697,6014.0,0.41,0.8498,0.9549
10057,2023-01-05,2249,Northwestern Health Unit,0.1449,39.0,0.45,0.8571,0.9071
10058,2023-01-05,2257,Renfrew County and District Health Unit,0.1365,45.0,0.41,0.6269,0.8257
10059,2023-01-05,2247,North Bay Parry Sound District Health Unit,0.1587,63.0,0.49,0.9427,0.9868
10060,2023-01-05,2262,Thunder Bay District Health Unit,0.2057,119.0,0.8,0.9215,0.9714
10061,2023-01-05,2265,Waterloo Health Unit,0.2031,167.0,0.29,0.6619,0.8894
10062,2023-01-05,2261,Sudbury and District Health Unit,0.1046,139.0,0.7,0.8957,0.955
10063,2023-01-05,2268,Windsor-Essex County Health Unit,0.1487,233.0,0.55,0.5139,0.8916
10064,2023-01-05,4913,Southwestern Public Health,0.143,109.0,0.51,0.8566,0.9812
10065,2023-01-05,2234,Haldimand-Norfolk Health Unit,0.2612,42.0,0.36,0.8006,0.9524
10066,2023-01-05,2270,York Regional Health Unit,0.1837,394.0,0.32,0.8514,0.957
10067,2023-01-05,2266,Wellington-Dufferin-Guelph Health Unit,0.1886,110.0,0.35,0.7726,0.9186
10068,2023-01-05,2263,Timiskaming Health Unit,0.0313,14.0,0.42,0.7615,0.9174
10069,2023-01-05,2260,Simcoe Muskoka District Health Unit,0.1547,239.0,0.4,0.8535,0.9529
10070,2023-01-05,2255,Peterborough County-City Health Unit,0.0695,74.0,0.5,0.9606,0.9941
10071,2023-01-05,2253,Peel Regional Health Unit,0.1502,561.0,0.35,0.8988,0.9658
10072,2023-01-05,2246,Niagara Regional Area Health Unit,0.1942,191.0,0.4,0.6639,0.9064
10073,2023-01-05,2243,"Leeds, Grenville and Lanark District Health Unit",0.1605,96.0,0.56,0.7811,0.9565
10074,2023-01-05,2241,"Kingston, Frontenac and Lennox and Addington Health Unit",0.213,119.0,0.56,0.9457,0.9827
10075,2023-01-05,2235,"Haliburton, Kawartha, Pine Ridge District Health Unit",0.1353,92.0,0.49,0.8858,0.9511
10076,2023-01-05,2233,Grey Bruce Health Unit,0.1163,58.0,0.34,0.8096,0.9518
10077,2023-01-05,2258,Eastern Ontario Health Unit,0.1387,89.0,0.42,0.7856,0.9326
10078,2023-01-05,2230,Durham Regional Health Unit,0.1241,329.0,0.46,0.8689,0.9601
10079,2023-01-05,2237,City of Hamilton Health Unit,0.2548,297.0,0.5,0.9288,0.9818
10080,2023-01-05,2227,Brant County Health Unit,0.1883,71.0,0.45,0.8775,0.9447
10081,2023-01-04,2241,"Kingston, Frontenac and Lennox and Addington Health Unit",0.2426,111.0,0.52,0.9412,0.9804
10082,2023-01-04,2242,Lambton Health Unit,0.3143,45.0,0.34,0.8276,0.9561
10083,2023-01-04,4913,Southwestern Public Health,0.148,106.0,0.5,0.859,0.9774
10084,2023-01-04,2227,Brant County Health Unit,0.2076,72.0,0.46,0.8821,0.943
10085,2023-01-04,2237,City of Hamilton Health Unit,0.248,298.0,0.5,0.935,0.9817
10086,2023-01-04,3895,City of Toronto Health Unit,0.1758,1293.0,0.41,0.906,0.9692
10087,2023-01-04,2233,Grey Bruce Health Unit,0.1399,61.0,0.36,0.7959,0.9404
10088,2023-01-04,2258,Eastern Ontario Health Unit,0.1607,92.0,0.44,0.7713,0.9045
10089,2023-01-04,2230,Durham Regional Health Unit,0.1232,335.0,0.47,0.8784,0.9611
10090,2023-01-04,2243,"Leeds, Grenville and Lanark District Health Unit",0.157,94.0,0.54,0.7769,0.9492
10091,2023-01-04,2246,Niagara Regional Area Health Unit,0.1995,185.0,0.39,0.6433,0.8917
10092,2023-01-04,2249,Northwestern Health Unit,0.1464,40.0,0.46,0.8719,0.9324
10093,2023-01-04,2256,Porcupine Health Unit,0.1559,42.0,0.51,0.7324,0.8595
10094,2023-01-04,2255,Peterborough County-City Health Unit,0.0681,76.0,0.51,0.9566,0.9906
10095,2023-01-04,2261,Sudbury and District Health Unit,0.1102,139.0,0.7,0.9075,0.9642
10096,2023-01-04,2253,Peel Regional Health Unit,0.1502,556.0,0.35,0.9053,0.9666
10097,2023-01-04,2266,Wellington-Dufferin-Guelph Health Unit,0.1899,110.0,0.35,0.7961,0.9239
10098,2023-01-04,2270,York Regional Health Unit,0.1826,398.0,0.32,0.8471,0.9576
10099,2023-01-04,2265,Waterloo Health Unit,0.2066,173.0,0.3,0.6453,0.8755
10100,2023-01-04,2263,Timiskaming Health Unit,0.01,14.0,0.44,0.7658,0.9189
10101,2023-01-04,2238,Hastings and Prince Edward Counties Health Unit,0.2138,77.0,0.46,0.8991,0.9743
10102,2023-01-04,2268,Windsor-Essex County Health Unit,0.1596,238.0,0.56,0.6056,0.8999
10103,2023-01-04,2262,Thunder Bay District Health Unit,0.2052,116.0,0.78,0.9412,0.9719
10104,2023-01-04,2260,Simcoe Muskoka District Health Unit,0.1542,241.0,0.4,0.8754,0.9641
10105,2023-01-04,2257,Renfrew County and District Health Unit,0.1197,44.0,0.41,0.5804,0.8107
10106,2023-01-04,35,Ontario,0.1731,6031.0,0.41,0.8544,0.9532
10107,2023-01-04,2247,North Bay Parry Sound District Health Unit,0.1543,66.0,0.51,0.9068,0.9834
10108,2023-01-04,2244,Middlesex-London Health Unit,0.1695,192.0,0.38,0.8815,0.9674
10109,2023-01-04,5183,Huron Perth Health Unit,0.1558,68.0,0.49,0.7398,0.9447
10110,2023-01-04,2236,Halton Regional Health Unit,0.2059,136.0,0.22,0.7963,0.915
10111,2023-01-04,2235,"Haliburton, Kawartha, Pine Ridge District Health Unit",0.1429,89.0,0.47,0.8866,0.9485
10112,2023-01-04,2234,Haldimand-Norfolk Health Unit,0.2572,44.0,0.39,0.7962,0.9459
10113,2023-01-04,2226,District of Algoma Health Unit,0.1102,73.0,0.63,0.8967,0.9675
10114,2023-01-04,2251,City of Ottawa Health Unit,0.2028,290.0,0.28,0.8717,0.9556
10115,2023-01-04,2240,Chatham-Kent Health Unit,0.1281,69.0,0.65,0.9132,0.9726
10116,2023-01-03,2263,Timiskaming Health Unit,0.0096,15.0,0.45,0.7468,0.8861
10117,2023-01-03,2246,Niagara Regional Area Health Unit,0.2063,186.0,0.39,0.643,0.8837
10118,2023-01-03,2251,City of Ottawa Health Unit,0.1832,282.0,0.27,0.8734,0.9569
10119,2023-01-03,2226,District of Algoma Health Unit,0.1153,76.0,0.66,0.9147,0.9787
10120,2023-01-03,2237,City of Hamilton Health Unit,0.2489,299.0,0.5,0.9216,0.98
10121,2023-01-03,2258,Eastern Ontario Health Unit,0.1717,94.0,0.45,0.8048,0.9024
10122,2023-01-03,2240,Chatham-Kent Health Unit,0.1461,64.0,0.6,0.9246,0.9799
10123,2023-01-03,2236,Halton Regional Health Unit,0.2252,137.0,0.22,0.7846,0.9036
10124,2023-01-03,2235,"Haliburton, Kawartha, Pine Ridge District Health Unit",0.1344,87.0,0.46,0.8735,0.9478
10125,2023-01-03,2234,Haldimand-Norfolk Health Unit,0.2695,44.0,0.39,0.7993,0.9456
10126,2023-01-03,2247,North Bay Parry Sound District Health Unit,0.1514,67.0,0.52,0.9129,0.9834
10127,2023-01-03,35,Ontario,0.1753,6039.0,0.41,0.8473,0.9518
10128,2023-01-03,2255,Peterborough County-City Health Unit,0.0704,77.0,0.52,0.959,0.9883
10129,2023-01-03,2244,Middlesex-London Health Unit,0.1745,185.0,0.36,0.8957,0.9749
10130,2023-01-03,4913,Southwestern Public Health,0.1339,102.0,0.48,0.8603,0.9782
10131,2023-01-03,2260,Simcoe Muskoka District Health Unit,0.1637,256.0,0.43,0.8577,0.954
10132,2023-01-03,2265,Waterloo Health Unit,0.2192,173.0,0.3,0.6234,0.8676
10133,2023-01-03,2257,Renfrew County and District Health Unit,0.1049,41.0,0.38,0.6154,0.8769
10134,2023-01-03,2270,York Regional Health Unit,0.1807,403.0,0.33,0.8088,0.9449
10135,2023-01-03,2268,Windsor-Essex County Health Unit,0.1545,246.0,0.58,0.6897,0.9487
10136,2023-01-03,2242,Lambton Health Unit,0.3053,46.0,0.35,0.8082,0.9623
10137,2023-01-03,2266,Wellington-Dufferin-Guelph Health Unit,0.2079,108.0,0.35,0.7818,0.9007
10138,2023-01-03,2262,Thunder Bay District Health Unit,0.2065,115.0,0.77,0.9422,0.9758
10139,2023-01-03,2261,Sudbury and District Health Unit,0.1221,137.0,0.69,0.9039,0.9665
10140,2023-01-03,2256,Porcupine Health Unit,0.1993,42.0,0.5,0.7452,0.8669
10141,2023-01-03,2253,Peel Regional Health Unit,0.1527,557.0,0.35,0.8864,0.9591
10142,2023-01-03,2249,Northwestern Health Unit,0.1311,38.0,0.44,0.8769,0.9403
10143,2023-01-03,2243,"Leeds, Grenville and Lanark District Health Unit",0.1469,91.0,0.53,0.7856,0.9607
10144,2023-01-03,2241,"Kingston, Frontenac and Lennox and Addington Health Unit",0.2641,109.0,0.51,0.9308,0.9793
10145,2023-01-03,5183,Huron Perth Health Unit,0.1753,66.0,0.47,0.6968,0.9118
10146,2023-01-03,2238,Hastings and Prince Edward Counties Health Unit,0.214,79.0,0.47,0.8947,0.9737
10147,2023-01-03,2233,Grey Bruce Health Unit,0.1575,63.0,0.37,0.7967,0.9276
10148,2023-01-03,2230,Durham Regional Health Unit,0.1199,342.0,0.48,0.8611,0.957
10149,2023-01-03,3895,City of Toronto Health Unit,0.177,1292.0,0.41,0.8878,0.9649
10150,2023-01-03,2227,Brant County Health Unit,0.2308,72.0,0.47,0.886,0.946
10151,2023-01-02,2240,Chatham-Kent Health Unit,0.1517,57.0,0.54,0.9123,0.9726
10152,2023-01-02,35,Ontario,0.1779,5687.0,0.38,0.8455,0.9503
10153,2023-01-02,2249,Northwestern Health Unit,0.1393,35.0,0.4,0.8617,0.9328
10154,2023-01-02,2233,Grey Bruce Health Unit,0.1863,58.0,0.34,0.7764,0.9207
10155,2023-01-02,2237,City of Hamilton Health Unit,0.2729,281.0,0.47,0.9176,0.9798
10156,2023-01-02,2230,Durham Regional Health Unit,0.1243,313.0,0.44,0.8589,0.9569
10157,2023-01-02,2226,District of Algoma Health Unit,0.1126,75.0,0.65,0.9149,0.9807
10158,2023-01-02,2235,"Haliburton, Kawartha, Pine Ridge District Health Unit",0.1171,77.0,0.41,0.8651,0.944
10159,2023-01-02,3895,City of Toronto Health Unit,0.1807,1212.0,0.39,0.8873,0.9647
10160,2023-01-02,2241,"Kingston, Frontenac and Lennox and Addington Health Unit",0.2552,96.0,0.45,0.9307,0.9784
10161,2023-01-02,5183,Huron Perth Health Unit,0.1787,63.0,0.45,0.6921,0.9011
10162,2023-01-02,2238,Hastings and Prince Edward Counties Health Unit,0.222,77.0,0.45,0.8024,0.8706
10163,2023-01-02,2253,Peel Regional Health Unit,0.1466,526.0,0.33,0.8908,0.9605
10164,2023-01-02,2256,Porcupine Health Unit,0.1753,36.0,0.43,0.7177,0.8548
10165,2023-01-02,2260,Simcoe Muskoka District Health Unit,0.1614,242.0,0.4,0.8593,0.9547
10166,2023-01-02,2263,Timiskaming Health Unit,0.0128,11.0,0.34,0.7105,0.8684
10167,2023-01-02,2262,Thunder Bay District Health Unit,0.1813,104.0,0.69,0.9464,0.9826
10168,2023-01-02,2270,York Regional Health Unit,0.1833,380.0,0.31,0.8153,0.9444
10169,2023-01-02,2261,Sudbury and District Health Unit,0.1266,126.0,0.64,0.8924,0.9677
10170,2023-01-02,2246,Niagara Regional Area Health Unit,0.2158,177.0,0.37,0.6393,0.8876
10171,2023-01-02,2268,Windsor-Essex County Health Unit,0.1678,237.0,0.56,0.7049,0.9521
10172,2023-01-02,2266,Wellington-Dufferin-Guelph Health Unit,0.2262,104.0,0.33,0.7949,0.9046
10173,2023-01-02,2265,Waterloo Health Unit,0.2381,163.0,0.28,0.612,0.8614
10174,2023-01-02,4913,Southwestern Public Health,0.1402,99.0,0.47,0.8617,0.9793
10175,2023-01-02,2257,Renfrew County and District Health Unit,0.086,40.0,0.37,0.6265,0.8755
10176,2023-01-02,2255,Peterborough County-City Health Unit,0.0698,74.0,0.5,0.945,0.9837
10177,2023-01-02,2247,North Bay Parry Sound District Health Unit,0.1699,66.0,0.51,0.9136,0.987
10178,2023-01-02,2244,Middlesex-London Health Unit,0.1702,180.0,0.35,0.895,0.9731
10179,2023-01-02,2243,"Leeds, Grenville and Lanark District Health Unit",0.1552,89.0,0.52,0.8144,0.9682
10180,2023-01-02,2242,Lambton Health Unit,0.2892,41.0,0.31,0.7632,0.9398
10181,2023-01-02,2236,Halton Regional Health Unit,0.2221,132.0,0.21,0.7812,0.9025
10182,2023-01-02,2234,Haldimand-Norfolk Health Unit,0.2131,44.0,0.38,0.8007,0.9485
10183,2023-01-02,2258,Eastern Ontario Health Unit,0.1807,92.0,0.44,0.8103,0.902
10184,2023-01-02,2251,City of Ottawa Health Unit,0.1781,266.0,0.25,0.888,0.9664
10185,2023-01-02,2227,Brant County Health Unit,0.2312,70.0,0.45,0.8894,0.9468
10186,2023-01-01,3895,City of Toronto Health Unit,0.1788,1209.0,0.39,0.8919,0.9668
10187,2023-01-01,2256,Porcupine Health Unit,0.1687,35.0,0.42,0.7838,0.8964
10188,2023-01-01,2240,Chatham-Kent Health Unit,0.1475,52.0,0.49,0.8668,0.9608
10189,2023-01-01,2227,Brant County Health Unit,0.2352,67.0,0.43,0.8918,0.9524
10190,2023-01-01,2226,District of Algoma Health Unit,0.1081,74.0,0.65,0.9172,0.9803
10191,2023-01-01,2234,Haldimand-Norfolk Health Unit,0.1924,42.0,0.36,0.7986,0.9479
10192,2023-01-01,2236,Halton Regional Health Unit,0.2128,128.0,0.21,0.7841,0.9119
10193,2023-01-01,2233,Grey Bruce Health Unit,0.1915,57.0,0.34,0.7726,0.9169
10194,2023-01-01,5183,Huron Perth Health Unit,0.1868,63.0,0.45,0.6792,0.8962
10195,2023-01-01,2258,Eastern Ontario Health Unit,0.1755,92.0,0.44,0.8016,0.8977
10196,2023-01-01,2244,Middlesex-London Health Unit,0.1653,172.0,0.34,0.8985,0.9727
10197,2023-01-01,2243,"Leeds, Grenville and Lanark District Health Unit",0.1478,91.0,0.52,0.8088,0.9589
10198,2023-01-01,2242,Lambton Health Unit,0.2394,37.0,0.28,0.7228,0.9176
10199,2023-01-01,2257,Renfrew County and District Health Unit,0.0669,41.0,0.37,0.6075,0.8792
10200,2023-01-01,4913,Southwestern Public Health,0.1391,91.0,0.43,0.8702,0.98
10201,2023-01-01,2262,Thunder Bay District Health Unit,0.1726,100.0,0.67,0.9444,0.9781
10202,2023-01-01,2255,Peterborough County-City Health Unit,0.0761,68.0,0.46,0.9456,0.9833
10203,2023-01-01,2268,Windsor-Essex County Health Unit,0.176,237.0,0.56,0.6958,0.9371
10204,2023-01-01,2266,Wellington-Dufferin-Guelph Health Unit,0.2298,99.0,0.32,0.7904,0.9025
10205,2023-01-01,2265,Waterloo Health Unit,0.2377,160.0,0.27,0.6058,0.8586
10206,2023-01-01,35,Ontario,0.1748,5553.0,0.37,0.8451,0.9496
10207,2023-01-01,2270,York Regional Health Unit,0.176,371.0,0.3,0.818,0.9423
10208,2023-01-01,2263,Timiskaming Health Unit,0.0145,10.0,0.3,0.72,0.88
10209,2023-01-01,2261,Sudbury and District Health Unit,0.123,132.0,0.67,0.9063,0.9732
10210,2023-01-01,2260,Simcoe Muskoka District Health Unit,0.1497,233.0,0.39,0.858,0.9463
10211,2023-01-01,2253,Peel Regional Health Unit,0.1448,513.0,0.32,0.8923,0.9625
10212,2023-01-01,2249,Northwestern Health Unit,0.1405,35.0,0.39,0.8462,0.9231
10213,2023-01-01,2247,North Bay Parry Sound District Health Unit,0.1564,65.0,0.5,0.9095,0.9796
10214,2023-01-01,2246,Niagara Regional Area Health Unit,0.2176,173.0,0.37,0.6455,0.893
10215,2023-01-01,2241,"Kingston, Frontenac and Lennox and Addington Health Unit",0.2515,93.0,0.44,0.9163,0.9684
10216,2023-01-01,2238,Hastings and Prince Edward Counties Health Unit,0.2114,73.0,0.43,0.7936,0.8648
10217,2023-01-01,2235,"Haliburton, Kawartha, Pine Ridge District Health Unit",0.1206,72.0,0.38,0.8584,0.9491
10218,2023-01-01,2230,Durham Regional Health Unit,0.1288,295.0,0.41,0.8601,0.9604
10219,2023-01-01,2251,City of Ottawa Health Unit,0.1746,259.0,0.25,0.8867,0.9634
10220,2023-01-01,2237,City of Hamilton Health Unit,0.2622,272.0,0.46,0.9199,0.9809
10221,2022-12-31,2258,Eastern Ontario Health Unit,0.1736,90.0,0.43,0.8314,0.9173
10222,2022-12-31,2260,Simcoe Muskoka District Health Unit,0.1558,226.0,0.38,0.8564,0.9484
10223,2022-12-31,4913,Southwestern Public Health,0.1377,87.0,0.41,0.8831,0.9814
10224,2022-12-31,2246,Niagara Regional Area Health Unit,0.2192,171.0,0.36,0.672,0.8934
10225,2022-12-31,2227,Brant County Health Unit,0.2261,66.0,0.42,0.882,0.9488
10226,2022-12-31,3895,City of Toronto Health Unit,0.1737,1179.0,0.38,0.8932,0.9686
10227,2022-12-31,2251,City of Ottawa Health Unit,0.1738,257.0,0.24,0.8885,0.9682
10228,2022-12-31,2233,Grey Bruce Health Unit,0.206,58.0,0.34,0.7712,0.9152
10229,2022-12-31,2237,City of Hamilton Health Unit,0.2589,262.0,0.44,0.9192,0.9804
10230,2022-12-31,2238,Hastings and Prince Edward Counties Health Unit,0.2045,71.0,0.42,0.7831,0.8603
10231,2022-12-31,2241,"Kingston, Frontenac and Lennox and Addington Health Unit",0.2488,88.0,0.41,0.9128,0.9664
10232,2022-12-31,2236,Halton Regional Health Unit,0.2195,124.0,0.2,0.7791,0.908
10233,2022-12-31,2243,"Leeds, Grenville and Lanark District Health Unit",0.1543,89.0,0.51,0.8117,0.9583
10234,2022-12-31,2235,"Haliburton, Kawartha, Pine Ridge District Health Unit",0.124,69.0,0.37,0.846,0.9494
10235,2022-12-31,2261,Sudbury and District Health Unit,0.1193,131.0,0.66,0.9042,0.9711
10236,2022-12-31,2263,Timiskaming Health Unit,0.027,11.0,0.32,0.7273,0.8831
10237,2022-12-31,2266,Wellington-Dufferin-Guelph Health Unit,0.2231,95.0,0.31,0.7856,0.8966
10238,2022-12-31,2270,York Regional Health Unit,0.173,365.0,0.3,0.8183,0.944
10239,2022-12-31,2256,Porcupine Health Unit,0.1688,34.0,0.41,0.7826,0.9082
10240,2022-12-31,2249,Northwestern Health Unit,0.1458,34.0,0.39,0.8468,0.9234
10241,2022-12-31,2247,North Bay Parry Sound District Health Unit,0.1555,62.0,0.47,0.9112,0.979
10242,2022-12-31,2268,Windsor-Essex County Health Unit,0.171,234.0,0.55,0.6997,0.9379
10243,2022-12-31,2265,Waterloo Health Unit,0.2357,155.0,0.26,0.6024,0.8618
10244,2022-12-31,2262,Thunder Bay District Health Unit,0.1747,98.0,0.65,0.9435,0.9777
10245,2022-12-31,2257,Renfrew County and District Health Unit,0.0783,40.0,0.37,0.5978,0.9094
10246,2022-12-31,2255,Peterborough County-City Health Unit,0.0714,66.0,0.45,0.9352,0.9806
10247,2022-12-31,2253,Peel Regional Health Unit,0.1478,499.0,0.31,0.8839,0.9582
10248,2022-12-31,35,Ontario,0.1735,5416.0,0.37,0.8453,0.9502
10249,2022-12-31,2244,Middlesex-London Health Unit,0.1635,167.0,0.33,0.9037,0.9715
10250,2022-12-31,2242,Lambton Health Unit,0.2292,36.0,0.28,0.7277,0.9106
10251,2022-12-31,5183,Huron Perth Health Unit,0.1913,59.0,0.42,0.6493,0.8781
10252,2022-12-31,2234,Haldimand-Norfolk Health Unit,0.193,41.0,0.36,0.8022,0.9451
10253,2022-12-31,2230,Durham Regional Health Unit,0.1282,289.0,0.41,0.8523,0.9618
10254,2022-12-31,2226,District of Algoma Health Unit,0.1095,70.0,0.62,0.9237,0.9794
10255,2022-12-31,2240,Chatham-Kent Health Unit,0.1456,52.0,0.49,0.8665,0.9555
10256,2022-12-30,2263,Timiskaming Health Unit,0.027,11.0,0.32,0.6667,0.8406
10257,2022-12-30,2237,City of Hamilton Health Unit,0.2469,250.0,0.42,0.9228,0.9804
10258,2022-12-30,2251,City of Ottawa Health Unit,0.1689,248.0,0.24,0.8903,0.9679
10259,2022-12-30,2258,Eastern Ontario Health Unit,0.1743,88.0,0.42,0.8311,0.93
10260,2022-12-30,2230,Durham Regional Health Unit,0.1263,287.0,0.4,0.8475,0.9625
10261,2022-12-30,2236,Halton Regional Health Unit,0.2225,122.0,0.2,0.7452,0.861
10262,2022-12-30,2226,District of Algoma Health Unit,0.1172,71.0,0.62,0.9191,0.9787
10263,2022-12-30,2242,Lambton Health Unit,0.2265,33.0,0.26,0.6792,0.8962
10264,2022-12-30,2244,Middlesex-London Health Unit,0.1589,160.0,0.32,0.8889,0.9676
10265,2022-12-30,2241,"Kingston, Frontenac and Lennox and Addington Health Unit",0.2509,82.0,0.39,0.9141,0.9762
10266,2022-12-30,2247,North Bay Parry Sound District Health Unit,0.1584,60.0,0.47,0.9173,0.9819
10267,2022-12-30,5183,Huron Perth Health Unit,0.2031,55.0,0.39,0.628,0.8601
10268,2022-12-30,2255,Peterborough County-City Health Unit,0.0709,62.0,0.42,0.9319,0.9781
10269,2022-12-30,2253,Peel Regional Health Unit,0.1468,484.0,0.3,0.8802,0.954
10270,2022-12-30,35,Ontario,0.1707,5255.0,0.35,0.8458,0.9476
10271,2022-12-30,2265,Waterloo Health Unit,0.2347,152.0,0.26,0.5845,0.8454
10272,2022-12-30,2268,Windsor-Essex County Health Unit,0.1735,222.0,0.52,0.7611,0.9329
10273,2022-12-30,2262,Thunder Bay District Health Unit,0.173,98.0,0.66,0.939,0.9717
10274,2022-12-30,4913,Southwestern Public Health,0.1288,80.0,0.38,0.8767,0.9791
10275,2022-12-30,2270,York Regional Health Unit,0.1696,356.0,0.29,0.8189,0.9432
10276,2022-12-30,2266,Wellington-Dufferin-Guelph Health Unit,0.2325,94.0,0.3,0.7701,0.8803
10277,2022-12-30,2261,Sudbury and District Health Unit,0.1121,129.0,0.65,0.8997,0.9662
10278,2022-12-30,2260,Simcoe Muskoka District Health Unit,0.1567,219.0,0.37,0.8512,0.9465
10279,2022-12-30,2257,Renfrew County and District Health Unit,0.0679,40.0,0.37,0.5992,0.9325
10280,2022-12-30,2256,Porcupine Health Unit,0.1765,32.0,0.38,0.7908,0.9133
10281,2022-12-30,2249,Northwestern Health Unit,0.144,35.0,0.4,0.8554,0.9256
10282,2022-12-30,2246,Niagara Regional Area Health Unit,0.2133,167.0,0.35,0.6738,0.8931
10283,2022-12-30,2243,"Leeds, Grenville and Lanark District Health Unit",0.152,85.0,0.49,0.8227,0.9561
10284,2022-12-30,2238,Hastings and Prince Edward Counties Health Unit,0.1753,64.0,0.38,0.7648,0.8411
10285,2022-12-30,2235,"Haliburton, Kawartha, Pine Ridge District Health Unit",0.1258,67.0,0.35,0.8557,0.962
10286,2022-12-30,2234,Haldimand-Norfolk Health Unit,0.1933,38.0,0.34,0.7863,0.9315
10287,2022-12-30,2233,Grey Bruce Health Unit,0.2137,54.0,0.32,0.7778,0.906
10288,2022-12-30,3895,City of Toronto Health Unit,0.1693,1156.0,0.37,0.894,0.9693
10289,2022-12-30,2240,Chatham-Kent Health Unit,0.1459,47.0,0.44,0.8165,0.9476
10290,2022-12-30,2227,Brant County Health Unit,0.2237,65.0,0.42,0.8975,0.9522
10291,2022-12-29,5183,Huron Perth Health Unit,0.2,49.0,0.35,0.6052,0.8544
10292,2022-12-29,2268,Windsor-Essex County Health Unit,0.1637,211.0,0.5,0.6987,0.9495
10293,2022-12-29,2266,Wellington-Dufferin-Guelph Health Unit,0.2153,92.0,0.29,0.8074,0.911
10294,2022-12-29,2237,City of Hamilton Health Unit,0.2403,231.0,0.39,0.9307,0.9844
10295,2022-12-29,3895,City of Toronto Health Unit,0.1616,1139.0,0.36,0.895,0.9725
10296,2022-12-29,2230,Durham Regional Health Unit,0.1251,272.0,0.38,0.8621,0.9682
10297,2022-12-29,2227,Brant County Health Unit,0.2264,65.0,0.42,0.9419,0.9814
10298,2022-12-29,2235,"Haliburton, Kawartha, Pine Ridge District Health Unit",0.1253,64.0,0.34,0.8685,0.9801
10299,2022-12-29,2234,Haldimand-Norfolk Health Unit,0.1815,35.0,0.31,0.8808,0.9585
10300,2022-12-29,2241,"Kingston, Frontenac and Lennox and Addington Health Unit",0.2491,80.0,0.38,0.9141,0.9733
10301,2022-12-29,2233,Grey Bruce Health Unit,0.2135,51.0,0.3,0.7548,0.9076
10302,2022-12-29,2246,Niagara Regional Area Health Unit,0.2141,156.0,0.33,0.7189,0.9139
10303,2022-12-29,2249,Northwestern Health Unit,0.1213,34.0,0.39,0.891,0.9573
10304,2022-12-29,2244,Middlesex-London Health Unit,0.1561,154.0,0.3,0.8721,0.9719
10305,2022-12-29,2253,Peel Regional Health Unit,0.1515,460.0,0.29,0.8864,0.9563
10306,2022-12-29,2243,"Leeds, Grenville and Lanark District Health Unit",0.1569,80.0,0.46,0.8233,0.9581
10307,2022-12-29,2260,Simcoe Muskoka District Health Unit,0.1691,208.0,0.35,0.8804,0.9549
10308,2022-12-29,2257,Renfrew County and District Health Unit,0.0735,39.0,0.36,0.6111,0.9444
10309,2022-12-29,2256,Porcupine Health Unit,0.2019,30.0,0.36,0.8144,0.9227
10310,2022-12-29,2270,York Regional Health Unit,0.1708,358.0,0.29,0.8098,0.9426
10311,2022-12-29,2263,Timiskaming Health Unit,0.0323,9.0,0.27,0.7727,0.9091
10312,2022-12-29,2265,Waterloo Health Unit,0.2412,143.0,0.24,0.6408,0.9058
10313,2022-12-29,2262,Thunder Bay District Health Unit,0.1608,93.0,0.62,0.9507,0.9714
10314,2022-12-29,2261,Sudbury and District Health Unit,0.1041,121.0,0.61,0.9097,0.9723
10315,2022-12-29,4913,Southwestern Public Health,0.1396,76.0,0.36,0.8746,0.9731
10316,2022-12-29,2255,Peterborough County-City Health Unit,0.074,60.0,0.4,0.9277,0.9776
10317,2022-12-29,35,Ontario,0.168,5043.0,0.34,0.851,0.955
10318,2022-12-29,2247,North Bay Parry Sound District Health Unit,0.1462,55.0,0.42,0.9126,0.9809
10319,2022-12-29,2242,Lambton Health Unit,0.237,30.0,0.23,0.6857,0.9143
10320,2022-12-29,2238,Hastings and Prince Edward Counties Health Unit,0.1715,59.0,0.35,0.782,0.8404
10321,2022-12-29,2236,Halton Regional Health Unit,0.2215,110.0,0.18,0.7623,0.8778
10322,2022-12-29,2258,Eastern Ontario Health Unit,0.1678,85.0,0.41,0.8298,0.9193
10323,2022-12-29,2226,District of Algoma Health Unit,0.1208,69.0,0.6,0.9315,0.9829
10324,2022-12-29,2251,City of Ottawa Health Unit,0.1579,245.0,0.23,0.8916,0.9699
10325,2022-12-29,2240,Chatham-Kent Health Unit,0.1367,37.0,0.34,0.7915,0.9614
10326,2022-12-28,2251,City of Ottawa Health Unit,0.144,244.0,0.23,0.899,0.9799
10327,2022-12-28,2243,"Leeds, Grenville and Lanark District Health Unit",0.1505,80.0,0.46,0.8569,0.9578
10328,2022-12-28,3895,City of Toronto Health Unit,0.1568,1096.0,0.35,0.8894,0.9739
10329,2022-12-28,2226,District of Algoma Health Unit,0.1041,66.0,0.58,0.933,0.9849
10330,2022-12-28,2258,Eastern Ontario Health Unit,0.1583,86.0,0.41,0.8275,0.932
10331,2022-12-28,2234,Haldimand-Norfolk Health Unit,0.1864,31.0,0.28,0.867,0.9495
10332,2022-12-28,5183,Huron Perth Health Unit,0.1937,45.0,0.32,0.6711,0.8914
10333,2022-12-28,2238,Hastings and Prince Edward Counties Health Unit,0.1353,64.0,0.38,0.7875,0.8383
10334,2022-12-28,2244,Middlesex-London Health Unit,0.1561,153.0,0.3,0.8841,0.9841
10335,2022-12-28,2236,Halton Regional Health Unit,0.2296,108.0,0.17,0.7386,0.8686
10336,2022-12-28,35,Ontario,0.1632,4923.0,0.33,0.8457,0.9545
10337,2022-12-28,2255,Peterborough County-City Health Unit,0.0795,59.0,0.4,0.9299,0.9818
10338,2022-12-28,2249,Northwestern Health Unit,0.1,33.0,0.37,0.863,0.9178
10339,2022-12-28,2257,Renfrew County and District Health Unit,0.0806,39.0,0.36,0.664,0.9407
10340,2022-12-28,2247,North Bay Parry Sound District Health Unit,0.1561,54.0,0.42,0.9622,0.9855
10341,2022-12-28,2262,Thunder Bay District Health Unit,0.1646,94.0,0.62,0.9529,0.9756
10342,2022-12-28,2261,Sudbury and District Health Unit,0.0957,130.0,0.65,0.9115,0.9754
10343,2022-12-28,4913,Southwestern Public Health,0.1364,79.0,0.37,0.8801,0.9742
10344,2022-12-28,2240,Chatham-Kent Health Unit,0.1285,36.0,0.33,0.7468,0.9536
10345,2022-12-28,2268,Windsor-Essex County Health Unit,0.1565,189.0,0.44,0.6626,0.9324
10346,2022-12-28,2270,York Regional Health Unit,0.1773,346.0,0.28,0.7871,0.9265
10347,2022-12-28,2266,Wellington-Dufferin-Guelph Health Unit,0.2006,90.0,0.29,0.7524,0.8948
10348,2022-12-28,2265,Waterloo Health Unit,0.2368,141.0,0.24,0.6469,0.9296
10349,2022-12-28,2263,Timiskaming Health Unit,0.0678,8.0,0.26,0.6757,0.9189
10350,2022-12-28,2260,Simcoe Muskoka District Health Unit,0.164,202.0,0.34,0.8642,0.9501
10351,2022-12-28,2256,Porcupine Health Unit,0.1803,33.0,0.4,0.8325,0.936
10352,2022-12-28,2253,Peel Regional Health Unit,0.1475,440.0,0.27,0.8776,0.9602
10353,2022-12-28,2246,Niagara Regional Area Health Unit,0.2166,165.0,0.35,0.7307,0.9084
10354,2022-12-28,2242,Lambton Health Unit,0.217,30.0,0.23,0.6667,0.9
10355,2022-12-28,2241,"Kingston, Frontenac and Lennox and Addington Health Unit",0.2345,79.0,0.37,0.9179,0.9733
10356,2022-12-28,2235,"Haliburton, Kawartha, Pine Ridge District Health Unit",0.1099,64.0,0.34,0.8578,0.9645
10357,2022-12-28,2233,Grey Bruce Health Unit,0.2118,46.0,0.27,0.7532,0.9199
10358,2022-12-28,2230,Durham Regional Health Unit,0.1247,269.0,0.38,0.8448,0.9633
10359,2022-12-28,2237,City of Hamilton Health Unit,0.2368,218.0,0.37,0.9234,0.9822
10360,2022-12-28,2227,Brant County Health Unit,0.205,63.0,0.41,0.9258,0.9814
10361,2022-12-27,2258,Eastern Ontario Health Unit,0.1779,85.0,0.41,0.8133,0.932
10362,2022-12-27,2247,North Bay Parry Sound District Health Unit,0.1557,52.0,0.4,0.9597,0.9885
10363,2022-12-27,2227,Brant County Health Unit,0.1852,62.0,0.4,0.8827,0.9558
10364,2022-12-27,2233,Grey Bruce Health Unit,0.1891,45.0,0.26,0.7321,0.9502
10365,2022-12-27,2235,"Haliburton, Kawartha, Pine Ridge District Health Unit",0.1086,64.0,0.34,0.8639,0.9654
10366,2022-12-27,2238,Hastings and Prince Edward Counties Health Unit,0.1261,62.0,0.37,0.8123,0.8617
10367,2022-12-27,2230,Durham Regional Health Unit,0.1223,255.0,0.36,0.8284,0.9645
10368,2022-12-27,2243,"Leeds, Grenville and Lanark District Health Unit",0.1649,82.0,0.48,0.8274,0.9573
10369,2022-12-27,2242,Lambton Health Unit,0.2222,27.0,0.21,0.7136,0.9095
10370,2022-12-27,2249,Northwestern Health Unit,0.1293,33.0,0.38,0.8266,0.9032
10371,2022-12-27,2241,"Kingston, Frontenac and Lennox and Addington Health Unit",0.2079,72.0,0.34,0.9289,0.9756
10372,2022-12-27,2256,Porcupine Health Unit,0.1521,31.0,0.37,0.7919,0.9186
10373,2022-12-27,2260,Simcoe Muskoka District Health Unit,0.1681,189.0,0.31,0.8614,0.9586
10374,2022-12-27,2255,Peterborough County-City Health Unit,0.0754,57.0,0.38,0.9208,0.9728
10375,2022-12-27,2261,Sudbury and District Health Unit,0.0918,126.0,0.63,0.9049,0.9799
10376,2022-12-27,2253,Peel Regional Health Unit,0.1462,428.0,0.27,0.8816,0.9659
10377,2022-12-27,2266,Wellington-Dufferin-Guelph Health Unit,0.1763,87.0,0.28,0.7364,0.9006
10378,2022-12-27,2265,Waterloo Health Unit,0.2314,140.0,0.24,0.6306,0.9309
10379,2022-12-27,2263,Timiskaming Health Unit,0.1,6.0,0.17,0.6545,0.9091
10380,2022-12-27,3895,City of Toronto Health Unit,0.1511,1080.0,0.35,0.8887,0.9746
10381,2022-12-27,2270,York Regional Health Unit,0.1802,346.0,0.28,0.8044,0.9333
10382,2022-12-27,2268,Windsor-Essex County Health Unit,0.1557,183.0,0.43,0.6836,0.9387
10383,2022-12-27,2262,Thunder Bay District Health Unit,0.1653,88.0,0.59,0.9264,0.975
10384,2022-12-27,4913,Southwestern Public Health,0.1418,78.0,0.37,0.8885,0.9791
10385,2022-12-27,2257,Renfrew County and District Health Unit,0.0889,39.0,0.36,0.6553,0.9432
10386,2022-12-27,35,Ontario,0.1591,4804.0,0.32,0.8415,0.9579
10387,2022-12-27,2246,Niagara Regional Area Health Unit,0.2108,164.0,0.35,0.727,0.9313
10388,2022-12-27,2244,Middlesex-London Health Unit,0.1429,156.0,0.31,0.8781,0.9836
10389,2022-12-27,5183,Huron Perth Health Unit,0.1712,48.0,0.34,0.7485,0.9448
10390,2022-12-27,2236,Halton Regional Health Unit,0.2013,108.0,0.17,0.7377,0.8739
10391,2022-12-27,2234,Haldimand-Norfolk Health Unit,0.1593,32.0,0.28,0.7641,0.9507
10392,2022-12-27,2226,District of Algoma Health Unit,0.1042,64.0,0.56,0.8991,0.985
10393,2022-12-27,2251,City of Ottawa Health Unit,0.1488,238.0,0.23,0.8725,0.9827
10394,2022-12-27,2237,City of Hamilton Health Unit,0.2267,204.0,0.34,0.9348,0.9823
10395,2022-12-27,2240,Chatham-Kent Health Unit,0.1261,33.0,0.31,0.7447,0.9532
10396,2022-12-26,2235,"Haliburton, Kawartha, Pine Ridge District Health Unit",0.1228,66.0,0.35,0.865,0.9591
10397,2022-12-26,2234,Haldimand-Norfolk Health Unit,0.2218,34.0,0.3,0.7635,0.9459
10398,2022-12-26,2251,City of Ottawa Health Unit,0.1449,251.0,0.24,0.8732,0.9795
10399,2022-12-26,2237,City of Hamilton Health Unit,0.1858,211.0,0.36,0.9401,0.9819
10400,2022-12-26,2240,Chatham-Kent Health Unit,0.1331,35.0,0.33,0.7649,0.9614
10401,2022-12-26,2236,Halton Regional Health Unit,0.2,109.0,0.18,0.7232,0.8681
10402,2022-12-26,5183,Huron Perth Health Unit,0.1644,52.0,0.37,0.7717,0.9479
10403,2022-12-26,2242,Lambton Health Unit,0.2255,29.0,0.22,0.7637,0.9283
10404,2022-12-26,2247,North Bay Parry Sound District Health Unit,0.1077,52.0,0.4,0.9595,0.9838
10405,2022-12-26,2246,Niagara Regional Area Health Unit,0.2087,171.0,0.36,0.728,0.9148
10406,2022-12-26,2255,Peterborough County-City Health Unit,0.0977,61.0,0.42,0.9345,0.9797
10407,2022-12-26,2244,Middlesex-London Health Unit,0.1358,157.0,0.31,0.8705,0.9765
10408,2022-12-26,4913,Southwestern Public Health,0.1569,83.0,0.39,0.8889,0.9802
10409,2022-12-26,2262,Thunder Bay District Health Unit,0.1721,92.0,0.61,0.9184,0.965
10410,2022-12-26,2260,Simcoe Muskoka District Health Unit,0.1639,200.0,0.33,0.8612,0.9577
10411,2022-12-26,2265,Waterloo Health Unit,0.2187,142.0,0.24,0.634,0.9259
10412,2022-12-26,2257,Renfrew County and District Health Unit,0.0775,39.0,0.36,0.6298,0.8997
10413,2022-12-26,2270,York Regional Health Unit,0.1763,362.0,0.3,0.7947,0.9201
10414,2022-12-26,2268,Windsor-Essex County Health Unit,0.1556,183.0,0.43,0.6927,0.9337
10415,2022-12-26,2258,Eastern Ontario Health Unit,0.1626,88.0,0.42,0.8059,0.9249
10416,2022-12-26,2266,Wellington-Dufferin-Guelph Health Unit,0.1537,92.0,0.29,0.7412,0.8973
10417,2022-12-26,2263,Timiskaming Health Unit,0.0769,7.0,0.23,0.7468,0.9241
10418,2022-12-26,2261,Sudbury and District Health Unit,0.0876,134.0,0.67,0.9189,0.9805
10419,2022-12-26,2256,Porcupine Health Unit,0.1569,36.0,0.44,0.8036,0.9143
10420,2022-12-26,2253,Peel Regional Health Unit,0.1527,454.0,0.28,0.8761,0.9642
10421,2022-12-26,35,Ontario,0.1533,5051.0,0.34,0.8407,0.9544
10422,2022-12-26,2249,Northwestern Health Unit,0.1375,34.0,0.39,0.8156,0.8934
10423,2022-12-26,2243,"Leeds, Grenville and Lanark District Health Unit",0.1576,79.0,0.46,0.8054,0.9475
10424,2022-12-26,2241,"Kingston, Frontenac and Lennox and Addington Health Unit",0.1928,76.0,0.36,0.936,0.9815
10425,2022-12-26,2238,Hastings and Prince Edward Counties Health Unit,0.0855,67.0,0.4,0.8813,0.9495
10426,2022-12-26,2233,Grey Bruce Health Unit,0.1662,46.0,0.27,0.7611,0.95
10427,2022-12-26,2230,Durham Regional Health Unit,0.1167,269.0,0.38,0.824,0.9585
10428,2022-12-26,2226,District of Algoma Health Unit,0.0934,63.0,0.55,0.8963,0.9849
10429,2022-12-26,3895,City of Toronto Health Unit,0.1457,1169.0,0.37,0.8846,0.9709
10430,2022-12-26,2227,Brant County Health Unit,0.1678,64.0,0.41,0.8753,0.948
10431,2022-12-25,5183,Huron Perth Health Unit,0.1379,58.0,0.42,0.781,0.95
10432,2022-12-25,2257,Renfrew County and District Health Unit,0.0714,40.0,0.37,0.6429,0.8878
10433,2022-12-25,2227,Brant County Health Unit,0.1801,67.0,0.43,0.8717,0.9389
10434,2022-12-25,2237,City of Hamilton Health Unit,0.1849,229.0,0.39,0.9382,0.9794
10435,2022-12-25,2230,Durham Regional Health Unit,0.1106,301.0,0.42,0.8267,0.9555
10436,2022-12-25,2226,District of Algoma Health Unit,0.1155,68.0,0.59,0.8866,0.9798
10437,2022-12-25,3895,City of Toronto Health Unit,0.1414,1225.0,0.39,0.8797,0.9685
10438,2022-12-25,2241,"Kingston, Frontenac and Lennox and Addington Health Unit",0.1839,87.0,0.41,0.9447,0.9886
10439,2022-12-25,2243,"Leeds, Grenville and Lanark District Health Unit",0.1548,82.0,0.47,0.7968,0.9587
10440,2022-12-25,2246,Niagara Regional Area Health Unit,0.2037,193.0,0.41,0.7422,0.915
10441,2022-12-25,2238,Hastings and Prince Edward Counties Health Unit,0.0922,71.0,0.42,0.8874,0.9524
10442,2022-12-25,2253,Peel Regional Health Unit,0.1511,486.0,0.3,0.8606,0.9513
10443,2022-12-25,35,Ontario,0.1523,5483.0,0.37,0.8374,0.9504
10444,2022-12-25,2260,Simcoe Muskoka District Health Unit,0.1627,213.0,0.36,0.8585,0.9633
10445,2022-12-25,2249,Northwestern Health Unit,0.1462,37.0,0.42,0.8156,0.8865
10446,2022-12-25,2263,Timiskaming Health Unit,0.061,12.0,0.36,0.7647,0.9294
10447,2022-12-25,2266,Wellington-Dufferin-Guelph Health Unit,0.1502,100.0,0.32,0.7527,0.9019
10448,2022-12-25,2262,Thunder Bay District Health Unit,0.1793,100.0,0.66,0.8991,0.9429
10449,2022-12-25,2270,York Regional Health Unit,0.1676,399.0,0.33,0.7812,0.9109
10450,2022-12-25,2261,Sudbury and District Health Unit,0.0869,143.0,0.72,0.906,0.9628
10451,2022-12-25,2235,"Haliburton, Kawartha, Pine Ridge District Health Unit",0.13,75.0,0.4,0.842,0.961
10452,2022-12-25,2268,Windsor-Essex County Health Unit,0.1372,195.0,0.46,0.7222,0.9587
10453,2022-12-25,2265,Waterloo Health Unit,0.2049,152.0,0.26,0.6508,0.9231
10454,2022-12-25,4913,Southwestern Public Health,0.1477,93.0,0.44,0.8904,0.9825
10455,2022-12-25,2256,Porcupine Health Unit,0.1605,43.0,0.51,0.7759,0.8829
10456,2022-12-25,2255,Peterborough County-City Health Unit,0.1006,67.0,0.45,0.9244,0.9741
10457,2022-12-25,2247,North Bay Parry Sound District Health Unit,0.1043,53.0,0.41,0.9358,0.9901
10458,2022-12-25,2244,Middlesex-London Health Unit,0.1399,167.0,0.33,0.8723,0.973
10459,2022-12-25,2242,Lambton Health Unit,0.2025,35.0,0.26,0.8083,0.95
10460,2022-12-25,2236,Halton Regional Health Unit,0.2077,129.0,0.21,0.6845,0.8109
10461,2022-12-25,2234,Haldimand-Norfolk Health Unit,0.2842,42.0,0.37,0.7774,0.9468
10462,2022-12-25,2233,Grey Bruce Health Unit,0.1883,54.0,0.32,0.7875,0.97
10463,2022-12-25,2258,Eastern Ontario Health Unit,0.1744,96.0,0.46,0.8072,0.9281
10464,2022-12-25,2251,City of Ottawa Health Unit,0.1625,283.0,0.27,0.8735,0.9818
10465,2022-12-25,2240,Chatham-Kent Health Unit,0.1372,40.0,0.37,0.8023,0.9767
10466,2022-12-24,2261,Sudbury and District Health Unit,0.092,151.0,0.76,0.9102,0.9627
10467,2022-12-24,2243,"Leeds, Grenville and Lanark District Health Unit",0.1415,88.0,0.51,0.7641,0.9466
10468,2022-12-24,2242,Lambton Health Unit,0.1929,36.0,0.28,0.8123,0.954
10469,2022-12-24,2240,Chatham-Kent Health Unit,0.1455,39.0,0.37,0.828,0.9809
10470,2022-12-24,2251,City of Ottawa Health Unit,0.1596,288.0,0.27,0.8724,0.9804
10471,2022-12-24,2227,Brant County Health Unit,0.1943,71.0,0.45,0.874,0.9429
10472,2022-12-24,2226,District of Algoma Health Unit,0.11,71.0,0.62,0.8868,0.9827
10473,2022-12-24,2234,Haldimand-Norfolk Health Unit,0.2824,43.0,0.38,0.7664,0.9408
10474,2022-12-24,2233,Grey Bruce Health Unit,0.1675,55.0,0.32,0.7819,0.9734
10475,2022-12-24,2258,Eastern Ontario Health Unit,0.1767,99.0,0.48,0.8059,0.9288
10476,2022-12-24,2244,Middlesex-London Health Unit,0.134,175.0,0.34,0.8718,0.9725
10477,2022-12-24,2247,North Bay Parry Sound District Health Unit,0.099,59.0,0.46,0.917,0.991
10478,2022-12-24,35,Ontario,0.1517,5728.0,0.39,0.8355,0.9503
10479,2022-12-24,2257,Renfrew County and District Health Unit,0.0669,43.0,0.39,0.7007,0.8873
10480,2022-12-24,2256,Porcupine Health Unit,0.1672,44.0,0.52,0.7921,0.8845
10481,2022-12-24,2262,Thunder Bay District Health Unit,0.1857,106.0,0.71,0.9009,0.9434
10482,2022-12-24,2255,Peterborough County-City Health Unit,0.1049,69.0,0.47,0.931,0.9791
10483,2022-12-24,2268,Windsor-Essex County Health Unit,0.1339,207.0,0.49,0.6683,0.9564
10484,2022-12-24,2266,Wellington-Dufferin-Guelph Health Unit,0.1488,106.0,0.34,0.7559,0.9042
10485,2022-12-24,2265,Waterloo Health Unit,0.1974,162.0,0.28,0.6649,0.9233
10486,2022-12-24,5183,Huron Perth Health Unit,0.1399,61.0,0.44,0.8156,0.9622
10487,2022-12-24,2270,York Regional Health Unit,0.1666,419.0,0.34,0.7764,0.913
10488,2022-12-24,2263,Timiskaming Health Unit,0.0581,12.0,0.38,0.75,0.9205
10489,2022-12-24,4913,Southwestern Public Health,0.1504,98.0,0.46,0.8742,0.9756
10490,2022-12-24,2260,Simcoe Muskoka District Health Unit,0.1608,223.0,0.37,0.8565,0.96
10491,2022-12-24,2253,Peel Regional Health Unit,0.1529,496.0,0.31,0.8624,0.955
10492,2022-12-24,2249,Northwestern Health Unit,0.1345,39.0,0.45,0.8261,0.893
10493,2022-12-24,2246,Niagara Regional Area Health Unit,0.2087,206.0,0.44,0.7266,0.9089
10494,2022-12-24,2241,"Kingston, Frontenac and Lennox and Addington Health Unit",0.1713,92.0,0.43,0.9395,0.9849
10495,2022-12-24,2238,Hastings and Prince Edward Counties Health Unit,0.0935,75.0,0.44,0.8964,0.9522
10496,2022-12-24,2236,Halton Regional Health Unit,0.2083,141.0,0.23,0.6922,0.8182
10497,2022-12-24,2235,"Haliburton, Kawartha, Pine Ridge District Health Unit",0.1257,77.0,0.41,0.8173,0.9608
10498,2022-12-24,2230,Durham Regional Health Unit,0.1097,315.0,0.44,0.8371,0.9512
10499,2022-12-24,3895,City of Toronto Health Unit,0.1419,1272.0,0.41,0.8807,0.968
10500,2022-12-24,2237,City of Hamilton Health Unit,0.1873,239.0,0.4,0.9445,0.9817
10501,2022-12-23,2247,North Bay Parry Sound District Health Unit,0.0928,63.0,0.49,0.9122,0.9893
10502,2022-12-23,2265,Waterloo Health Unit,0.1892,166.0,0.28,0.6804,0.9238
10503,2022-12-23,2227,Brant County Health Unit,0.1942,69.0,0.45,0.8695,0.9398
10504,2022-12-23,3895,City of Toronto Health Unit,0.1408,1304.0,0.42,0.8868,0.9681
10505,2022-12-23,2230,Durham Regional Health Unit,0.1102,316.0,0.44,0.8421,0.9516
10506,2022-12-23,2251,City of Ottawa Health Unit,0.1635,295.0,0.28,0.8742,0.9809
10507,2022-12-23,2233,Grey Bruce Health Unit,0.1561,54.0,0.32,0.78,0.975
10508,2022-12-23,2237,City of Hamilton Health Unit,0.1836,248.0,0.42,0.9547,0.9847
10509,2022-12-23,2238,Hastings and Prince Edward Counties Health Unit,0.1005,81.0,0.48,0.906,0.9549
10510,2022-12-23,2236,Halton Regional Health Unit,0.2072,147.0,0.24,0.7145,0.8455
10511,2022-12-23,2235,"Haliburton, Kawartha, Pine Ridge District Health Unit",0.1422,87.0,0.46,0.8183,0.9649
10512,2022-12-23,2249,Northwestern Health Unit,0.1324,41.0,0.47,0.8411,0.894
10513,2022-12-23,2253,Peel Regional Health Unit,0.1532,516.0,0.32,0.8647,0.9564
10514,2022-12-23,2256,Porcupine Health Unit,0.1548,44.0,0.53,0.7948,0.886
10515,2022-12-23,2246,Niagara Regional Area Health Unit,0.2199,216.0,0.46,0.7055,0.9125
10516,2022-12-23,2261,Sudbury and District Health Unit,0.0958,152.0,0.76,0.9115,0.966
10517,2022-12-23,4913,Southwestern Public Health,0.1433,103.0,0.49,0.851,0.978
10518,2022-12-23,2266,Wellington-Dufferin-Guelph Health Unit,0.1464,109.0,0.35,0.7601,0.9127
10519,2022-12-23,2260,Simcoe Muskoka District Health Unit,0.1601,236.0,0.39,0.8676,0.9603
10520,2022-12-23,2270,York Regional Health Unit,0.1679,433.0,0.35,0.7743,0.908
10521,2022-12-23,2243,"Leeds, Grenville and Lanark District Health Unit",0.1572,93.0,0.54,0.7608,0.9477
10522,2022-12-23,2268,Windsor-Essex County Health Unit,0.1283,223.0,0.52,0.6362,0.9568
10523,2022-12-23,2263,Timiskaming Health Unit,0.0562,13.0,0.39,0.77,0.95
10524,2022-12-23,2262,Thunder Bay District Health Unit,0.1889,106.0,0.71,0.9063,0.9479
10525,2022-12-23,2257,Renfrew County and District Health Unit,0.0614,42.0,0.39,0.6442,0.862
10526,2022-12-23,2255,Peterborough County-City Health Unit,0.1055,73.0,0.49,0.9421,0.9807
10527,2022-12-23,35,Ontario,0.1518,5927.0,0.4,0.8375,0.952
10528,2022-12-23,2244,Middlesex-London Health Unit,0.1347,180.0,0.36,0.8835,0.9736
10529,2022-12-23,2242,Lambton Health Unit,0.2151,38.0,0.29,0.8208,0.9606
10530,2022-12-23,2241,"Kingston, Frontenac and Lennox and Addington Health Unit",0.1679,96.0,0.45,0.9396,0.9799
10531,2022-12-23,5183,Huron Perth Health Unit,0.1314,67.0,0.48,0.835,0.9646
10532,2022-12-23,2234,Haldimand-Norfolk Health Unit,0.2857,43.0,0.38,0.7895,0.9536
10533,2022-12-23,2258,Eastern Ontario Health Unit,0.1783,103.0,0.49,0.8169,0.9303
10534,2022-12-23,2226,District of Algoma Health Unit,0.1047,72.0,0.63,0.8989,0.9847
10535,2022-12-23,2240,Chatham-Kent Health Unit,0.1411,46.0,0.43,0.8511,0.9747
10536,2022-12-22,2260,Simcoe Muskoka District Health Unit,0.1522,244.0,0.41,0.8652,0.9588
10537,2022-12-22,2262,Thunder Bay District Health Unit,0.1879,111.0,0.74,0.9052,0.9482
10538,2022-12-22,2263,Timiskaming Health Unit,0.0583,15.0,0.45,0.7456,0.9561
10539,2022-12-22,2237,City of Hamilton Health Unit,0.191,261.0,0.44,0.9513,0.9836
10540,2022-12-22,2253,Peel Regional Health Unit,0.1493,525.0,0.33,0.8679,0.9523
10541,2022-12-22,35,Ontario,0.1507,6116.0,0.41,0.8406,0.9516
10542,2022-12-22,2251,City of Ottawa Health Unit,0.1667,297.0,0.28,0.8696,0.9822
10543,2022-12-22,2258,Eastern Ontario Health Unit,0.1734,105.0,0.51,0.8336,0.9395
10544,2022-12-22,2234,Haldimand-Norfolk Health Unit,0.263,47.0,0.41,0.7746,0.9619
10545,2022-12-22,2230,Durham Regional Health Unit,0.1084,328.0,0.46,0.8467,0.9568
10546,2022-12-22,2236,Halton Regional Health Unit,0.2045,154.0,0.25,0.7082,0.8327
10547,2022-12-22,2226,District of Algoma Health Unit,0.0958,75.0,0.65,0.9025,0.9866
10548,2022-12-22,2242,Lambton Health Unit,0.1986,40.0,0.3,0.8214,0.9571
10549,2022-12-22,2241,"Kingston, Frontenac and Lennox and Addington Health Unit",0.1575,99.0,0.46,0.9323,0.9807
10550,2022-12-22,5183,Huron Perth Health Unit,0.1296,74.0,0.53,0.8446,0.9644
10551,2022-12-22,2255,Peterborough County-City Health Unit,0.1161,76.0,0.52,0.9407,0.9828
10552,2022-12-22,4913,Southwestern Public Health,0.133,112.0,0.53,0.8449,0.9798
10553,2022-12-22,2265,Waterloo Health Unit,0.1843,178.0,0.31,0.6946,0.9187
10554,2022-12-22,2247,North Bay Parry Sound District Health Unit,0.106,69.0,0.53,0.9148,0.9896
10555,2022-12-22,2270,York Regional Health Unit,0.1652,429.0,0.35,0.7716,0.9032
10556,2022-12-22,2268,Windsor-Essex County Health Unit,0.1238,238.0,0.56,0.653,0.9535
10557,2022-12-22,2266,Wellington-Dufferin-Guelph Health Unit,0.151,113.0,0.36,0.7692,0.9192
10558,2022-12-22,2261,Sudbury and District Health Unit,0.0932,166.0,0.83,0.9077,0.9624
10559,2022-12-22,2257,Renfrew County and District Health Unit,0.061,42.0,0.39,0.6604,0.8754
10560,2022-12-22,2256,Porcupine Health Unit,0.1424,44.0,0.53,0.8027,0.8997
10561,2022-12-22,2249,Northwestern Health Unit,0.1561,43.0,0.49,0.8353,0.9192
10562,2022-12-22,2246,Niagara Regional Area Health Unit,0.2254,225.0,0.48,0.7076,0.9202
10563,2022-12-22,2244,Middlesex-London Health Unit,0.1284,184.0,0.36,0.9017,0.9718
10564,2022-12-22,2243,"Leeds, Grenville and Lanark District Health Unit",0.1509,94.0,0.54,0.7385,0.9425
10565,2022-12-22,2238,Hastings and Prince Edward Counties Health Unit,0.0974,82.0,0.49,0.9073,0.9537
10566,2022-12-22,2235,"Haliburton, Kawartha, Pine Ridge District Health Unit",0.1772,95.0,0.5,0.8219,0.9672
10567,2022-12-22,2233,Grey Bruce Health Unit,0.1626,58.0,0.34,0.7941,0.973
10568,2022-12-22,3895,City of Toronto Health Unit,0.1417,1323.0,0.42,0.8892,0.967
10569,2022-12-22,2240,Chatham-Kent Health Unit,0.1264,51.0,0.48,0.8754,0.9763
10570,2022-12-22,2227,Brant County Health Unit,0.1771,69.0,0.44,0.8637,0.935
10571,2022-12-21,2226,District of Algoma Health Unit,0.1021,74.0,0.65,0.8762,0.9649
10572,2022-12-21,2257,Renfrew County and District Health Unit,0.0703,45.0,0.41,0.6467,0.8738
10573,2022-12-21,2237,City of Hamilton Health Unit,0.1891,255.0,0.43,0.9529,0.983
10574,2022-12-21,2240,Chatham-Kent Health Unit,0.1153,50.0,0.47,0.897,0.9756
10575,2022-12-21,2230,Durham Regional Health Unit,0.1073,324.0,0.45,0.847,0.9535
10576,2022-12-21,2227,Brant County Health Unit,0.1624,68.0,0.44,0.8524,0.9293
10577,2022-12-21,2235,"Haliburton, Kawartha, Pine Ridge District Health Unit",0.1762,95.0,0.5,0.8333,0.9786
10578,2022-12-21,2238,Hastings and Prince Edward Counties Health Unit,0.1,74.0,0.44,0.9019,0.9547
10579,2022-12-21,2234,Haldimand-Norfolk Health Unit,0.25,45.0,0.39,0.7804,0.973
10580,2022-12-21,2241,"Kingston, Frontenac and Lennox and Addington Health Unit",0.1401,98.0,0.46,0.9208,0.9781
10581,2022-12-21,2233,Grey Bruce Health Unit,0.1522,59.0,0.35,0.801,0.9701
10582,2022-12-21,2246,Niagara Regional Area Health Unit,0.2175,232.0,0.49,0.717,0.9285
10583,2022-12-21,2244,Middlesex-London Health Unit,0.1214,182.0,0.36,0.9017,0.9678
10584,2022-12-21,2243,"Leeds, Grenville and Lanark District Health Unit",0.1446,95.0,0.55,0.719,0.9401
10585,2022-12-21,2260,Simcoe Muskoka District Health Unit,0.147,243.0,0.41,0.8581,0.9602
10586,2022-12-21,2261,Sudbury and District Health Unit,0.0963,160.0,0.8,0.9098,0.961
10587,2022-12-21,2263,Timiskaming Health Unit,0.0374,15.0,0.47,0.7818,0.9364
10588,2022-12-21,2256,Porcupine Health Unit,0.1399,42.0,0.5,0.7814,0.8817
10589,2022-12-21,2270,York Regional Health Unit,0.1541,432.0,0.35,0.7816,0.9115
10590,2022-12-21,2268,Windsor-Essex County Health Unit,0.1206,246.0,0.58,0.6651,0.9675
10591,2022-12-21,2266,Wellington-Dufferin-Guelph Health Unit,0.153,115.0,0.37,0.7964,0.9278
10592,2022-12-21,2253,Peel Regional Health Unit,0.1477,528.0,0.33,0.8678,0.9476
10593,2022-12-21,2265,Waterloo Health Unit,0.1811,177.0,0.3,0.6706,0.9143
10594,2022-12-21,2262,Thunder Bay District Health Unit,0.1934,109.0,0.72,0.9058,0.9497
10595,2022-12-21,4913,Southwestern Public Health,0.1366,114.0,0.54,0.8471,0.9745
10596,2022-12-21,2255,Peterborough County-City Health Unit,0.1209,78.0,0.53,0.9454,0.9806
10597,2022-12-21,35,Ontario,0.1473,6124.0,0.41,0.8393,0.9507
10598,2022-12-21,2249,Northwestern Health Unit,0.1931,46.0,0.52,0.866,0.9502
10599,2022-12-21,2247,North Bay Parry Sound District Health Unit,0.0949,68.0,0.52,0.9167,0.9896
10600,2022-12-21,2242,Lambton Health Unit,0.2,39.0,0.3,0.82,0.9633
10601,2022-12-21,5183,Huron Perth Health Unit,0.1168,76.0,0.54,0.8397,0.9561
10602,2022-12-21,2236,Halton Regional Health Unit,0.2057,156.0,0.25,0.71,0.824
10603,2022-12-21,2258,Eastern Ontario Health Unit,0.1616,104.0,0.5,0.8379,0.9493
10604,2022-12-21,3895,City of Toronto Health Unit,0.1361,1334.0,0.43,0.8809,0.9617
10605,2022-12-21,2251,City of Ottawa Health Unit,0.1744,295.0,0.28,0.8687,0.9809
10606,2022-12-20,2261,Sudbury and District Health Unit,0.099,166.0,0.83,0.9114,0.9618
10607,2022-12-20,2233,Grey Bruce Health Unit,0.1566,57.0,0.33,0.8307,0.9635
10608,2022-12-20,2240,Chatham-Kent Health Unit,0.0989,53.0,0.5,0.8695,0.9713
10609,2022-12-20,2226,District of Algoma Health Unit,0.1061,75.0,0.66,0.8887,0.961
10610,2022-12-20,3895,City of Toronto Health Unit,0.137,1327.0,0.43,0.8881,0.9641
10611,2022-12-20,2234,Haldimand-Norfolk Health Unit,0.2558,43.0,0.38,0.8661,0.9791
10612,2022-12-20,2251,City of Ottawa Health Unit,0.1834,294.0,0.28,0.8944,0.9797
10613,2022-12-20,5183,Huron Perth Health Unit,0.1136,75.0,0.54,0.7974,0.9398
10614,2022-12-20,2242,Lambton Health Unit,0.16,43.0,0.33,0.8322,0.9631
10615,2022-12-20,2238,Hastings and Prince Edward Counties Health Unit,0.0987,75.0,0.45,0.9043,0.9548
10616,2022-12-20,2244,Middlesex-London Health Unit,0.1194,179.0,0.35,0.895,0.9671
10617,2022-12-20,2236,Halton Regional Health Unit,0.2033,158.0,0.26,0.7044,0.8167
10618,2022-12-20,35,Ontario,0.1444,6182.0,0.42,0.8425,0.9515
10619,2022-12-20,2249,Northwestern Health Unit,0.1805,48.0,0.55,0.8702,0.9499
10620,2022-12-20,2247,North Bay Parry Sound District Health Unit,0.0855,67.0,0.52,0.9121,0.9846
10621,2022-12-20,2262,Thunder Bay District Health Unit,0.1917,110.0,0.73,0.9231,0.9513
10622,2022-12-20,2265,Waterloo Health Unit,0.1748,173.0,0.3,0.6839,0.9206
10623,2022-12-20,2268,Windsor-Essex County Health Unit,0.1095,245.0,0.58,0.66,0.968
10624,2022-12-20,2257,Renfrew County and District Health Unit,0.0699,47.0,0.43,0.6308,0.8227
10625,2022-12-20,2270,York Regional Health Unit,0.148,442.0,0.36,0.7883,0.9211
10626,2022-12-20,2266,Wellington-Dufferin-Guelph Health Unit,0.1509,116.0,0.37,0.8052,0.9303
10627,2022-12-20,2263,Timiskaming Health Unit,0.0339,17.0,0.52,0.75,0.9196
10628,2022-12-20,2260,Simcoe Muskoka District Health Unit,0.1366,251.0,0.42,0.855,0.955
10629,2022-12-20,2256,Porcupine Health Unit,0.134,42.0,0.5,0.777,0.8885
10630,2022-12-20,2255,Peterborough County-City Health Unit,0.1377,83.0,0.56,0.9187,0.9886
10631,2022-12-20,2253,Peel Regional Health Unit,0.1435,528.0,0.33,0.8683,0.9488
10632,2022-12-20,2246,Niagara Regional Area Health Unit,0.223,238.0,0.5,0.7266,0.9294
10633,2022-12-20,2243,"Leeds, Grenville and Lanark District Health Unit",0.1274,98.0,0.56,0.7398,0.9386
10634,2022-12-20,2241,"Kingston, Frontenac and Lennox and Addington Health Unit",0.1395,102.0,0.48,0.9169,0.9763
10635,2022-12-20,2235,"Haliburton, Kawartha, Pine Ridge District Health Unit",0.1802,94.0,0.5,0.7412,0.9797
10636,2022-12-20,2258,Eastern Ontario Health Unit,0.1319,101.0,0.48,0.8336,0.9459
10637,2022-12-20,2230,Durham Regional Health Unit,0.1052,334.0,0.47,0.8668,0.9554
10638,2022-12-20,2237,City of Hamilton Health Unit,0.182,263.0,0.44,0.9509,0.9836
10639,2022-12-20,2227,Brant County Health Unit,0.1366,68.0,0.44,0.8842,0.9516
10640,2022-12-20,4913,Southwestern Public Health,0.1329,117.0,0.55,0.8493,0.9755
10641,2022-12-19,2265,Waterloo Health Unit,0.1763,177.0,0.3,0.6911,0.9275
10642,2022-12-19,2227,Brant County Health Unit,0.1373,70.0,0.45,0.8842,0.9474
10643,2022-12-19,2237,City of Hamilton Health Unit,0.177,262.0,0.44,0.951,0.9811
10644,2022-12-19,3895,City of Toronto Health Unit,0.1342,1320.0,0.42,0.8933,0.9657
10645,2022-12-19,2233,Grey Bruce Health Unit,0.1538,58.0,0.34,0.8201,0.9656
10646,2022-12-19,2258,Eastern Ontario Health Unit,0.1515,102.0,0.49,0.8431,0.9524
10647,2022-12-19,2238,Hastings and Prince Edward Counties Health Unit,0.0833,84.0,0.5,0.9268,0.9756
10648,2022-12-19,2230,Durham Regional Health Unit,0.096,336.0,0.47,0.8787,0.9608
10649,2022-12-19,2243,"Leeds, Grenville and Lanark District Health Unit",0.1257,101.0,0.58,0.744,0.9464
10650,2022-12-19,2246,Niagara Regional Area Health Unit,0.2211,241.0,0.51,0.7281,0.9294
10651,2022-12-19,2242,Lambton Health Unit,0.1596,44.0,0.33,0.8354,0.9596
10652,2022-12-19,2249,Northwestern Health Unit,0.1806,51.0,0.59,0.8268,0.9029
10653,2022-12-19,2241,"Kingston, Frontenac and Lennox and Addington Health Unit",0.1372,105.0,0.49,0.9137,0.9721
10654,2022-12-19,2256,Porcupine Health Unit,0.1381,38.0,0.46,0.7738,0.8929
10655,2022-12-19,2255,Peterborough County-City Health Unit,0.1302,86.0,0.58,0.9199,0.9869
10656,2022-12-19,2253,Peel Regional Health Unit,0.1454,528.0,0.33,0.8717,0.9465
10657,2022-12-19,2266,Wellington-Dufferin-Guelph Health Unit,0.1434,113.0,0.36,0.7888,0.9242
10658,2022-12-19,2270,York Regional Health Unit,0.1439,449.0,0.37,0.7923,0.9313
10659,2022-12-19,2263,Timiskaming Health Unit,0.0278,15.0,0.47,0.7327,0.9208
10660,2022-12-19,2261,Sudbury and District Health Unit,0.1013,165.0,0.83,0.902,0.9599
10661,2022-12-19,2268,Windsor-Essex County Health Unit,0.1074,250.0,0.59,0.654,0.9677
10662,2022-12-19,2262,Thunder Bay District Health Unit,0.1827,114.0,0.76,0.9298,0.9612
10663,2022-12-19,4913,Southwestern Public Health,0.1313,120.0,0.57,0.8449,0.9695
10664,2022-12-19,2260,Simcoe Muskoka District Health Unit,0.1319,252.0,0.42,0.8516,0.9502
10665,2022-12-19,2257,Renfrew County and District Health Unit,0.0881,47.0,0.43,0.6374,0.8304
10666,2022-12-19,35,Ontario,0.1416,6222.0,0.42,0.8442,0.9524
10667,2022-12-19,2247,North Bay Parry Sound District Health Unit,0.0889,66.0,0.51,0.9189,0.9868
10668,2022-12-19,2244,Middlesex-London Health Unit,0.1217,175.0,0.34,0.895,0.9699
10669,2022-12-19,5183,Huron Perth Health Unit,0.1018,73.0,0.52,0.7834,0.9341
10670,2022-12-19,2236,Halton Regional Health Unit,0.2056,165.0,0.27,0.7176,0.8232
10671,2022-12-19,2235,"Haliburton, Kawartha, Pine Ridge District Health Unit",0.1657,96.0,0.51,0.7487,0.9812
10672,2022-12-19,2234,Haldimand-Norfolk Health Unit,0.2211,41.0,0.36,0.8701,0.9724
10673,2022-12-19,2226,District of Algoma Health Unit,0.1051,79.0,0.69,0.8918,0.9581
10674,2022-12-19,2251,City of Ottawa Health Unit,0.1751,295.0,0.28,0.8815,0.9739
10675,2022-12-19,2240,Chatham-Kent Health Unit,0.0919,51.0,0.48,0.8695,0.9713
10676,2022-12-18,2268,Windsor-Essex County Health Unit,0.1056,245.0,0.58,0.6517,0.966
10677,2022-12-18,2270,York Regional Health Unit,0.1473,443.0,0.36,0.8092,0.9396
10678,2022-12-18,2237,City of Hamilton Health Unit,0.1764,258.0,0.44,0.9538,0.9844
10679,2022-12-18,2241,"Kingston, Frontenac and Lennox and Addington Health Unit",0.1504,108.0,0.51,0.9159,0.9746
10680,2022-12-18,2251,City of Ottawa Health Unit,0.1549,282.0,0.27,0.8817,0.9721
10681,2022-12-18,2226,District of Algoma Health Unit,0.0821,80.0,0.7,0.8897,0.9584
10682,2022-12-18,2258,Eastern Ontario Health Unit,0.1332,100.0,0.48,0.8578,0.957
10683,2022-12-18,2240,Chatham-Kent Health Unit,0.0883,55.0,0.52,0.874,0.9711
10684,2022-12-18,2236,Halton Regional Health Unit,0.2047,163.0,0.26,0.7422,0.8541
10685,2022-12-18,2235,"Haliburton, Kawartha, Pine Ridge District Health Unit",0.1563,108.0,0.57,0.7714,0.9837
10686,2022-12-18,2242,Lambton Health Unit,0.1767,45.0,0.35,0.7969,0.9631
10687,2022-12-18,2234,Haldimand-Norfolk Health Unit,0.1629,38.0,0.33,0.8706,0.9765
10688,2022-12-18,2247,North Bay Parry Sound District Health Unit,0.0844,66.0,0.51,0.9475,0.9886
10689,2022-12-18,35,Ontario,0.1387,6203.0,0.42,0.8507,0.9567
10690,2022-12-18,2246,Niagara Regional Area Health Unit,0.2176,235.0,0.5,0.719,0.9312
10691,2022-12-18,2255,Peterborough County-City Health Unit,0.1406,89.0,0.6,0.9262,0.9902
10692,2022-12-18,2244,Middlesex-London Health Unit,0.1153,176.0,0.35,0.896,0.9752
10693,2022-12-18,4913,Southwestern Public Health,0.1429,117.0,0.55,0.8478,0.9715
10694,2022-12-18,2260,Simcoe Muskoka District Health Unit,0.1247,250.0,0.42,0.8588,0.9505
10695,2022-12-18,2257,Renfrew County and District Health Unit,0.0946,45.0,0.42,0.6277,0.8277
10696,2022-12-18,2265,Waterloo Health Unit,0.1908,180.0,0.31,0.6865,0.934
10697,2022-12-18,2266,Wellington-Dufferin-Guelph Health Unit,0.1364,116.0,0.37,0.7812,0.9172
10698,2022-12-18,2263,Timiskaming Health Unit,0.0404,14.0,0.43,0.6538,0.9135
10699,2022-12-18,2262,Thunder Bay District Health Unit,0.1616,113.0,0.75,0.9503,0.983
10700,2022-12-18,2261,Sudbury and District Health Unit,0.1203,164.0,0.82,0.9132,0.9752
10701,2022-12-18,2256,Porcupine Health Unit,0.1496,39.0,0.47,0.8189,0.9383
10702,2022-12-18,2253,Peel Regional Health Unit,0.1411,530.0,0.33,0.8857,0.955
10703,2022-12-18,2249,Northwestern Health Unit,0.1694,52.0,0.6,0.8369,0.9171
10704,2022-12-18,2243,"Leeds, Grenville and Lanark District Health Unit",0.1236,104.0,0.6,0.75,0.9406
10705,2022-12-18,5183,Huron Perth Health Unit,0.1025,74.0,0.53,0.7741,0.9332
10706,2022-12-18,2238,Hastings and Prince Edward Counties Health Unit,0.0784,84.0,0.5,0.9297,0.9777
10707,2022-12-18,2233,Grey Bruce Health Unit,0.1203,53.0,0.31,0.8089,0.9607
10708,2022-12-18,2230,Durham Regional Health Unit,0.0973,342.0,0.48,0.8889,0.9655
10709,2022-12-18,3895,City of Toronto Health Unit,0.1328,1310.0,0.42,0.8983,0.9664
10710,2022-12-18,2227,Brant County Health Unit,0.1074,69.0,0.45,0.8827,0.9488
10711,2022-12-17,2226,District of Algoma Health Unit,0.0806,80.0,0.7,0.881,0.956
10712,2022-12-17,3895,City of Toronto Health Unit,0.1297,1284.0,0.41,0.8967,0.965
10713,2022-12-17,2244,Middlesex-London Health Unit,0.125,175.0,0.34,0.8937,0.9728
10714,2022-12-17,2230,Durham Regional Health Unit,0.0949,342.0,0.48,0.8889,0.9671
10715,2022-12-17,2233,Grey Bruce Health Unit,0.1194,54.0,0.32,0.8217,0.9561
10716,2022-12-17,2235,"Haliburton, Kawartha, Pine Ridge District Health Unit",0.1545,110.0,0.58,0.7925,0.984
10717,2022-12-17,2241,"Kingston, Frontenac and Lennox and Addington Health Unit",0.1563,106.0,0.5,0.9167,0.9781
10718,2022-12-17,5183,Huron Perth Health Unit,0.0978,72.0,0.51,0.753,0.9251
10719,2022-12-17,2246,Niagara Regional Area Health Unit,0.2068,227.0,0.48,0.731,0.9378
10720,2022-12-17,2238,Hastings and Prince Edward Counties Health Unit,0.0787,85.0,0.51,0.9331,0.9811
10721,2022-12-17,2253,Peel Regional Health Unit,0.1359,530.0,0.33,0.8919,0.9547
10722,2022-12-17,2256,Porcupine Health Unit,0.1343,40.0,0.48,0.8161,0.931
10723,2022-12-17,35,Ontario,0.1363,6145.0,0.41,0.8552,0.956
10724,2022-12-17,2260,Simcoe Muskoka District Health Unit,0.1208,253.0,0.42,0.8593,0.947
10725,2022-12-17,2249,Northwestern Health Unit,0.1699,51.0,0.58,0.8257,0.9169
10726,2022-12-17,2263,Timiskaming Health Unit,0.0313,14.0,0.42,0.6505,0.9223
10727,2022-12-17,2262,Thunder Bay District Health Unit,0.1563,110.0,0.73,0.9483,0.9837
10728,2022-12-17,2261,Sudbury and District Health Unit,0.1206,165.0,0.83,0.8942,0.9694
10729,2022-12-17,2237,City of Hamilton Health Unit,0.1738,256.0,0.43,0.9498,0.9833
10730,2022-12-17,2270,York Regional Health Unit,0.145,436.0,0.36,0.827,0.94
10731,2022-12-17,2268,Windsor-Essex County Health Unit,0.1071,244.0,0.57,0.7196,0.9715
10732,2022-12-17,2266,Wellington-Dufferin-Guelph Health Unit,0.1322,113.0,0.36,0.7713,0.9061
10733,2022-12-17,2265,Waterloo Health Unit,0.194,177.0,0.3,0.6846,0.9363
10734,2022-12-17,4913,Southwestern Public Health,0.1338,120.0,0.57,0.8553,0.9751
10735,2022-12-17,2257,Renfrew County and District Health Unit,0.0839,43.0,0.39,0.574,0.7915
10736,2022-12-17,2255,Peterborough County-City Health Unit,0.1361,87.0,0.59,0.9295,0.9902
10737,2022-12-17,2247,North Bay Parry Sound District Health Unit,0.0768,65.0,0.5,0.9654,0.9793
10738,2022-12-17,2243,"Leeds, Grenville and Lanark District Health Unit",0.1493,105.0,0.61,0.7469,0.9461
10739,2022-12-17,2242,Lambton Health Unit,0.1806,44.0,0.34,0.8032,0.9651
10740,2022-12-17,2236,Halton Regional Health Unit,0.2005,157.0,0.25,0.7441,0.8502
10741,2022-12-17,2234,Haldimand-Norfolk Health Unit,0.1719,37.0,0.32,0.8716,0.9805
10742,2022-12-17,2258,Eastern Ontario Health Unit,0.1312,100.0,0.48,0.8664,0.955
10743,2022-12-17,2251,City of Ottawa Health Unit,0.1496,287.0,0.27,0.8894,0.9729
10744,2022-12-17,2240,Chatham-Kent Health Unit,0.0821,56.0,0.52,0.8786,0.971
10745,2022-12-17,2227,Brant County Health Unit,0.1013,68.0,0.44,0.8966,0.9461
10746,2022-12-16,3895,City of Toronto Health Unit,0.127,1244.0,0.4,0.8906,0.9637
10747,2022-12-16,2249,Northwestern Health Unit,0.1766,53.0,0.6,0.8038,0.9167
10748,2022-12-16,2233,Grey Bruce Health Unit,0.1209,57.0,0.33,0.8208,0.9532
10749,2022-12-16,2240,Chatham-Kent Health Unit,0.0737,54.0,0.51,0.8849,0.977
10750,2022-12-16,2227,Brant County Health Unit,0.0983,68.0,0.44,0.882,0.932
10751,2022-12-16,2234,Haldimand-Norfolk Health Unit,0.1693,36.0,0.32,0.8652,0.9738
10752,2022-12-16,2236,Halton Regional Health Unit,0.2078,153.0,0.25,0.756,0.8536
10753,2022-12-16,5183,Huron Perth Health Unit,0.0924,70.0,0.5,0.7398,0.9262
10754,2022-12-16,2258,Eastern Ontario Health Unit,0.1233,96.0,0.46,0.8695,0.9575
10755,2022-12-16,2244,Middlesex-London Health Unit,0.1233,174.0,0.34,0.8789,0.9756
10756,2022-12-16,2243,"Leeds, Grenville and Lanark District Health Unit",0.1331,104.0,0.6,0.7663,0.9491
10757,2022-12-16,35,Ontario,0.1329,6063.0,0.41,0.8554,0.9546
10758,2022-12-16,2242,Lambton Health Unit,0.1635,45.0,0.35,0.8109,0.9679
10759,2022-12-16,2257,Renfrew County and District Health Unit,0.0892,45.0,0.41,0.6385,0.8142
10760,2022-12-16,4913,Southwestern Public Health,0.1383,121.0,0.57,0.8892,0.9714
10761,2022-12-16,2256,Porcupine Health Unit,0.1297,42.0,0.5,0.7663,0.9175
10762,2022-12-16,2262,Thunder Bay District Health Unit,0.1536,108.0,0.72,0.9395,0.9821
10763,2022-12-16,2255,Peterborough County-City Health Unit,0.1368,88.0,0.59,0.9285,0.99
10764,2022-12-16,2266,Wellington-Dufferin-Guelph Health Unit,0.1204,113.0,0.36,0.7718,0.9053
10765,2022-12-16,2265,Waterloo Health Unit,0.1921,177.0,0.3,0.6839,0.9388
10766,2022-12-16,2226,District of Algoma Health Unit,0.0783,80.0,0.7,0.8715,0.9497
10767,2022-12-16,2268,Windsor-Essex County Health Unit,0.1082,242.0,0.57,0.7679,0.9732
10768,2022-12-16,2270,York Regional Health Unit,0.1424,433.0,0.35,0.821,0.9401
10769,2022-12-16,2263,Timiskaming Health Unit,0.0588,15.0,0.45,0.6364,0.9091
10770,2022-12-16,2261,Sudbury and District Health Unit,0.1168,165.0,0.83,0.8987,0.9736
10771,2022-12-16,2260,Simcoe Muskoka District Health Unit,0.1192,248.0,0.41,0.8561,0.9455
10772,2022-12-16,2253,Peel Regional Health Unit,0.1309,521.0,0.32,0.8963,0.9563
10773,2022-12-16,2247,North Bay Parry Sound District Health Unit,0.078,64.0,0.49,0.9658,0.9795
10774,2022-12-16,2246,Niagara Regional Area Health Unit,0.2004,225.0,0.48,0.7375,0.9254
10775,2022-12-16,2241,"Kingston, Frontenac and Lennox and Addington Health Unit",0.158,105.0,0.49,0.9232,0.9818
10776,2022-12-16,2238,Hastings and Prince Edward Counties Health Unit,0.0722,87.0,0.52,0.8834,0.9327
10777,2022-12-16,2235,"Haliburton, Kawartha, Pine Ridge District Health Unit",0.1342,103.0,0.55,0.7974,0.981
10778,2022-12-16,2230,Durham Regional Health Unit,0.0918,341.0,0.48,0.8828,0.9605
10779,2022-12-16,2251,City of Ottawa Health Unit,0.1432,282.0,0.27,0.8878,0.9709
10780,2022-12-16,2237,City of Hamilton Health Unit,0.1688,251.0,0.42,0.9423,0.9825
10781,2022-12-15,2235,"Haliburton, Kawartha, Pine Ridge District Health Unit",0.0931,103.0,0.54,0.8048,0.9816
10782,2022-12-15,2236,Halton Regional Health Unit,0.2114,158.0,0.26,0.7558,0.85
10783,2022-12-15,2242,Lambton Health Unit,0.1735,45.0,0.35,0.8378,0.97
10784,2022-12-15,2227,Brant County Health Unit,0.1116,70.0,0.45,0.8664,0.916
10785,2022-12-15,3895,City of Toronto Health Unit,0.1278,1233.0,0.4,0.8884,0.9637
10786,2022-12-15,2251,City of Ottawa Health Unit,0.1471,285.0,0.27,0.8819,0.9686
10787,2022-12-15,2237,City of Hamilton Health Unit,0.163,249.0,0.42,0.9503,0.9838
10788,2022-12-15,2238,Hastings and Prince Edward Counties Health Unit,0.0697,90.0,0.53,0.8991,0.9377
10789,2022-12-15,2243,"Leeds, Grenville and Lanark District Health Unit",0.1397,110.0,0.64,0.7933,0.9496
10790,2022-12-15,2249,Northwestern Health Unit,0.1709,51.0,0.58,0.815,0.9104
10791,2022-12-15,2247,North Bay Parry Sound District Health Unit,0.0665,60.0,0.46,0.9614,0.9773
10792,2022-12-15,2256,Porcupine Health Unit,0.1331,42.0,0.5,0.7492,0.8814
10793,2022-12-15,2246,Niagara Regional Area Health Unit,0.1845,221.0,0.47,0.7323,0.9119
10794,2022-12-15,2261,Sudbury and District Health Unit,0.1312,158.0,0.79,0.8965,0.9733
10795,2022-12-15,2263,Timiskaming Health Unit,0.0769,13.0,0.4,0.6739,0.9022
10796,2022-12-15,4913,Southwestern Public Health,0.1355,124.0,0.59,0.8856,0.9764
10797,2022-12-15,2266,Wellington-Dufferin-Guelph Health Unit,0.1253,116.0,0.37,0.7621,0.9011
10798,2022-12-15,2260,Simcoe Muskoka District Health Unit,0.1197,248.0,0.41,0.8581,0.9471
10799,2022-12-15,2270,York Regional Health Unit,0.1364,431.0,0.35,0.8248,0.9467
10800,2022-12-15,2233,Grey Bruce Health Unit,0.1155,54.0,0.32,0.8128,0.9538
10801,2022-12-15,2268,Windsor-Essex County Health Unit,0.1151,246.0,0.58,0.8225,0.976
10802,2022-12-15,2265,Waterloo Health Unit,0.1849,174.0,0.3,0.6607,0.924
10803,2022-12-15,2262,Thunder Bay District Health Unit,0.1454,105.0,0.7,0.9276,0.9718
10804,2022-12-15,2257,Renfrew County and District Health Unit,0.087,46.0,0.42,0.6115,0.8089
10805,2022-12-15,2255,Peterborough County-City Health Unit,0.1355,85.0,0.58,0.9303,0.9898
10806,2022-12-15,2253,Peel Regional Health Unit,0.1262,528.0,0.33,0.8967,0.9551
10807,2022-12-15,35,Ontario,0.131,6063.0,0.41,0.8558,0.9532
10808,2022-12-15,2244,Middlesex-London Health Unit,0.1198,176.0,0.35,0.8645,0.9741
10809,2022-12-15,2241,"Kingston, Frontenac and Lennox and Addington Health Unit",0.1553,103.0,0.48,0.9249,0.9816
10810,2022-12-15,5183,Huron Perth Health Unit,0.0896,69.0,0.49,0.724,0.9214
10811,2022-12-15,2234,Haldimand-Norfolk Health Unit,0.1544,37.0,0.32,0.8669,0.9658
10812,2022-12-15,2258,Eastern Ontario Health Unit,0.1302,97.0,0.46,0.8838,0.9603
10813,2022-12-15,2230,Durham Regional Health Unit,0.0864,337.0,0.47,0.8866,0.9612
10814,2022-12-15,2226,District of Algoma Health Unit,0.0799,82.0,0.72,0.856,0.9488
10815,2022-12-15,2240,Chatham-Kent Health Unit,0.0802,57.0,0.54,0.8712,0.9789
10816,2022-12-14,2241,"Kingston, Frontenac and Lennox and Addington Health Unit",0.1545,104.0,0.49,0.9374,0.98
10817,2022-12-14,2240,Chatham-Kent Health Unit,0.0889,59.0,0.56,0.8779,0.9836
10818,2022-12-14,2251,City of Ottawa Health Unit,0.1407,286.0,0.27,0.888,0.9709
10819,2022-12-14,2258,Eastern Ontario Health Unit,0.1219,97.0,0.47,0.908,0.9668
10820,2022-12-14,2230,Durham Regional Health Unit,0.0816,347.0,0.49,0.8819,0.9638
10821,2022-12-14,2226,District of Algoma Health Unit,0.0747,84.0,0.74,0.8776,0.9655
10822,2022-12-14,2242,Lambton Health Unit,0.1853,49.0,0.37,0.8359,0.969
10823,2022-12-14,2244,Middlesex-London Health Unit,0.1253,182.0,0.36,0.8614,0.974
10824,2022-12-14,2247,North Bay Parry Sound District Health Unit,0.0804,60.0,0.47,0.9508,0.9719
10825,2022-12-14,5183,Huron Perth Health Unit,0.0882,66.0,0.48,0.7271,0.9287
10826,2022-12-14,2255,Peterborough County-City Health Unit,0.1337,82.0,0.56,0.9238,0.9907
10827,2022-12-14,2253,Peel Regional Health Unit,0.125,531.0,0.33,0.8978,0.952
10828,2022-12-14,4913,Southwestern Public Health,0.1251,120.0,0.57,0.8856,0.9805
10829,2022-12-14,35,Ontario,0.1296,6100.0,0.41,0.8601,0.9538
10830,2022-12-14,2265,Waterloo Health Unit,0.1829,174.0,0.3,0.6689,0.9227
10831,2022-12-14,2268,Windsor-Essex County Health Unit,0.1163,249.0,0.59,0.8376,0.9791
10832,2022-12-14,2263,Timiskaming Health Unit,0.0842,14.0,0.42,0.6437,0.9195
10833,2022-12-14,2262,Thunder Bay District Health Unit,0.1278,103.0,0.69,0.9256,0.9683
10834,2022-12-14,2236,Halton Regional Health Unit,0.1974,156.0,0.25,0.7693,0.8563
10835,2022-12-14,2270,York Regional Health Unit,0.1355,442.0,0.36,0.8254,0.946
10836,2022-12-14,2266,Wellington-Dufferin-Guelph Health Unit,0.121,116.0,0.37,0.7686,0.8989
10837,2022-12-14,2261,Sudbury and District Health Unit,0.1287,164.0,0.83,0.8884,0.97
10838,2022-12-14,2257,Renfrew County and District Health Unit,0.0836,44.0,0.41,0.5943,0.7893
10839,2022-12-14,2256,Porcupine Health Unit,0.1246,42.0,0.51,0.75,0.875
10840,2022-12-14,2249,Northwestern Health Unit,0.1643,51.0,0.58,0.8056,0.9028
10841,2022-12-14,2246,Niagara Regional Area Health Unit,0.1832,206.0,0.44,0.712,0.8984
10842,2022-12-14,2243,"Leeds, Grenville and Lanark District Health Unit",0.1347,116.0,0.67,0.807,0.9561
10843,2022-12-14,2238,Hastings and Prince Edward Counties Health Unit,0.0701,94.0,0.56,0.9057,0.9381
10844,2022-12-14,2235,"Haliburton, Kawartha, Pine Ridge District Health Unit",0.0898,103.0,0.55,0.7977,0.9727
10845,2022-12-14,2234,Haldimand-Norfolk Health Unit,0.1589,37.0,0.32,0.8516,0.9453
10846,2022-12-14,2233,Grey Bruce Health Unit,0.1114,54.0,0.32,0.8043,0.9517
10847,2022-12-14,3895,City of Toronto Health Unit,0.1294,1224.0,0.39,0.9046,0.9698
10848,2022-12-14,2237,City of Hamilton Health Unit,0.1633,258.0,0.44,0.9498,0.9848
10849,2022-12-14,2227,Brant County Health Unit,0.124,74.0,0.47,0.8735,0.9105
10850,2022-12-14,2260,Simcoe Muskoka District Health Unit,0.1227,255.0,0.43,0.8597,0.9438
10851,2022-12-13,2243,"Leeds, Grenville and Lanark District Health Unit",0.1308,114.0,0.66,0.8023,0.9549
10852,2022-12-13,2244,Middlesex-London Health Unit,0.1328,184.0,0.36,0.8648,0.9694
10853,2022-12-13,2262,Thunder Bay District Health Unit,0.1143,105.0,0.7,0.93,0.965
10854,2022-12-13,2237,City of Hamilton Health Unit,0.1602,253.0,0.43,0.9519,0.9865
10855,2022-12-13,3895,City of Toronto Health Unit,0.1275,1220.0,0.39,0.9048,0.9689
10856,2022-12-13,2240,Chatham-Kent Health Unit,0.1011,62.0,0.58,0.8708,0.9852
10857,2022-12-13,2230,Durham Regional Health Unit,0.0886,335.0,0.47,0.8761,0.9574
10858,2022-12-13,2227,Brant County Health Unit,0.1307,72.0,0.46,0.8609,0.8998
10859,2022-12-13,2235,"Haliburton, Kawartha, Pine Ridge District Health Unit",0.0819,105.0,0.55,0.8981,0.9644
10860,2022-12-13,2234,Haldimand-Norfolk Health Unit,0.1786,36.0,0.32,0.8544,0.9425
10861,2022-12-13,2233,Grey Bruce Health Unit,0.1054,53.0,0.31,0.7989,0.9484
10862,2022-12-13,2246,Niagara Regional Area Health Unit,0.1681,199.0,0.42,0.7082,0.8908
10863,2022-12-13,2249,Northwestern Health Unit,0.1667,51.0,0.58,0.8084,0.9012
10864,2022-12-13,2253,Peel Regional Health Unit,0.1221,534.0,0.33,0.9075,0.9518
10865,2022-12-13,2260,Simcoe Muskoka District Health Unit,0.1223,249.0,0.42,0.8749,0.9503
10866,2022-12-13,2257,Renfrew County and District Health Unit,0.082,44.0,0.4,0.5993,0.835
10867,2022-12-13,2263,Timiskaming Health Unit,0.1071,12.0,0.37,0.6854,0.9551
10868,2022-12-13,2256,Porcupine Health Unit,0.1092,42.0,0.5,0.773,0.8783
10869,2022-12-13,2270,York Regional Health Unit,0.1334,431.0,0.35,0.8367,0.9444
10870,2022-12-13,2268,Windsor-Essex County Health Unit,0.1256,246.0,0.58,0.8444,0.9761
10871,2022-12-13,2266,Wellington-Dufferin-Guelph Health Unit,0.1153,116.0,0.37,0.7904,0.9125
10872,2022-12-13,2241,"Kingston, Frontenac and Lennox and Addington Health Unit",0.1398,107.0,0.5,0.9442,0.9814
10873,2022-12-13,2265,Waterloo Health Unit,0.1826,172.0,0.29,0.6453,0.8935
10874,2022-12-13,2261,Sudbury and District Health Unit,0.1315,168.0,0.85,0.9081,0.9705
10875,2022-12-13,4913,Southwestern Public Health,0.123,118.0,0.56,0.8776,0.9745
10876,2022-12-13,2255,Peterborough County-City Health Unit,0.1127,79.0,0.53,0.9673,0.9918
10877,2022-12-13,35,Ontario,0.1273,6068.0,0.41,0.866,0.9535
10878,2022-12-13,2247,North Bay Parry Sound District Health Unit,0.0791,60.0,0.46,0.9497,0.9748
10879,2022-12-13,2242,Lambton Health Unit,0.195,46.0,0.35,0.8299,0.9731
10880,2022-12-13,5183,Huron Perth Health Unit,0.1006,68.0,0.49,0.7753,0.9515
10881,2022-12-13,2238,Hastings and Prince Edward Counties Health Unit,0.0677,99.0,0.59,0.9007,0.9332
10882,2022-12-13,2236,Halton Regional Health Unit,0.1907,154.0,0.25,0.7917,0.874
10883,2022-12-13,2258,Eastern Ontario Health Unit,0.1175,100.0,0.48,0.9012,0.9746
10884,2022-12-13,2226,District of Algoma Health Unit,0.0682,86.0,0.75,0.8824,0.963
10885,2022-12-13,2251,City of Ottawa Health Unit,0.1289,294.0,0.28,0.8771,0.971
10886,2022-12-12,2266,Wellington-Dufferin-Guelph Health Unit,0.1047,116.0,0.37,0.7995,0.9183
10887,2022-12-12,2249,Northwestern Health Unit,0.1532,49.0,0.56,0.8487,0.9466
10888,2022-12-12,2258,Eastern Ontario Health Unit,0.1004,97.0,0.46,0.8921,0.9708
10889,2022-12-12,2240,Chatham-Kent Health Unit,0.1017,66.0,0.62,0.8766,0.9749
10890,2022-12-12,2226,District of Algoma Health Unit,0.0712,86.0,0.75,0.8889,0.969
10891,2022-12-12,3895,City of Toronto Health Unit,0.1248,1201.0,0.38,0.9058,0.9702
10892,2022-12-12,2234,Haldimand-Norfolk Health Unit,0.1786,36.0,0.32,0.85,0.95
10893,2022-12-12,2251,City of Ottawa Health Unit,0.1279,293.0,0.28,0.8862,0.974
10894,2022-12-12,5183,Huron Perth Health Unit,0.1025,70.0,0.5,0.794,0.9506
10895,2022-12-12,2238,Hastings and Prince Edward Counties Health Unit,0.0826,86.0,0.51,0.9051,0.9378
10896,2022-12-12,2236,Halton Regional Health Unit,0.1879,147.0,0.24,0.7836,0.8577
10897,2022-12-12,35,Ontario,0.1232,6014.0,0.41,0.8684,0.9537
10898,2022-12-12,2255,Peterborough County-City Health Unit,0.1016,73.0,0.49,0.9662,0.9937
10899,2022-12-12,2257,Renfrew County and District Health Unit,0.0759,41.0,0.38,0.5772,0.8221
10900,2022-12-12,2247,North Bay Parry Sound District Health Unit,0.0837,61.0,0.47,0.9521,0.9772
10901,2022-12-12,2262,Thunder Bay District Health Unit,0.1147,101.0,0.67,0.9277,0.961
10902,2022-12-12,2261,Sudbury and District Health Unit,0.1284,175.0,0.88,0.9225,0.9742
10903,2022-12-12,2268,Windsor-Essex County Health Unit,0.1291,249.0,0.59,0.8428,0.9733
10904,2022-12-12,4913,Southwestern Public Health,0.0981,112.0,0.53,0.875,0.9735
10905,2022-12-12,2244,Middlesex-London Health Unit,0.1311,189.0,0.37,0.8728,0.9721
10906,2022-12-12,2270,York Regional Health Unit,0.1298,424.0,0.35,0.8494,0.9454
10907,2022-12-12,2265,Waterloo Health Unit,0.1713,168.0,0.29,0.6153,0.8666
10908,2022-12-12,2263,Timiskaming Health Unit,0.0957,13.0,0.41,0.7113,0.9485
10909,2022-12-12,2260,Simcoe Muskoka District Health Unit,0.1228,251.0,0.42,0.8736,0.9535
10910,2022-12-12,2256,Porcupine Health Unit,0.1036,44.0,0.53,0.7422,0.8478
10911,2022-12-12,2253,Peel Regional Health Unit,0.109,528.0,0.33,0.9062,0.9508
10912,2022-12-12,2246,Niagara Regional Area Health Unit,0.1547,187.0,0.39,0.7144,0.8955
10913,2022-12-12,2243,"Leeds, Grenville and Lanark District Health Unit",0.1225,115.0,0.67,0.831,0.9606
10914,2022-12-12,2242,Lambton Health Unit,0.2006,47.0,0.36,0.8135,0.9678
10915,2022-12-12,2241,"Kingston, Frontenac and Lennox and Addington Health Unit",0.1444,107.0,0.5,0.9521,0.9845
10916,2022-12-12,2235,"Haliburton, Kawartha, Pine Ridge District Health Unit",0.0812,106.0,0.56,0.8926,0.9647
10917,2022-12-12,2233,Grey Bruce Health Unit,0.0886,52.0,0.3,0.8086,0.9514
10918,2022-12-12,2230,Durham Regional Health Unit,0.0956,336.0,0.47,0.8778,0.9586
10919,2022-12-12,2237,City of Hamilton Health Unit,0.1495,261.0,0.44,0.9521,0.9888
10920,2022-12-12,2227,Brant County Health Unit,0.1216,69.0,0.45,0.8574,0.903
10921,2022-12-11,2255,Peterborough County-City Health Unit,0.0936,69.0,0.46,0.9705,0.9958
10922,2022-12-11,2253,Peel Regional Health Unit,0.1123,525.0,0.33,0.9022,0.9536
10923,2022-12-11,2227,Brant County Health Unit,0.12,71.0,0.46,0.8469,0.9112
10924,2022-12-11,3895,City of Toronto Health Unit,0.1228,1181.0,0.38,0.9029,0.9696
10925,2022-12-11,2233,Grey Bruce Health Unit,0.0799,52.0,0.31,0.7962,0.9592
10926,2022-12-11,2235,"Haliburton, Kawartha, Pine Ridge District Health Unit",0.0773,91.0,0.48,0.8838,0.964
10927,2022-12-11,2258,Eastern Ontario Health Unit,0.0978,98.0,0.47,0.8913,0.9696
10928,2022-12-11,2238,Hastings and Prince Edward Counties Health Unit,0.081,90.0,0.53,0.9032,0.9397
10929,2022-12-11,2230,Durham Regional Health Unit,0.0926,338.0,0.47,0.872,0.9569
10930,2022-12-11,2243,"Leeds, Grenville and Lanark District Health Unit",0.1343,117.0,0.68,0.8412,0.9695
10931,2022-12-11,2242,Lambton Health Unit,0.1961,44.0,0.34,0.851,0.9669
10932,2022-12-11,2241,"Kingston, Frontenac and Lennox and Addington Health Unit",0.1284,111.0,0.52,0.9567,0.9847
10933,2022-12-11,2256,Porcupine Health Unit,0.0772,44.0,0.53,0.7253,0.8302
10934,2022-12-11,2260,Simcoe Muskoka District Health Unit,0.1186,257.0,0.43,0.8629,0.9437
10935,2022-12-11,2261,Sudbury and District Health Unit,0.1195,171.0,0.86,0.9238,0.9749
10936,2022-12-11,2266,Wellington-Dufferin-Guelph Health Unit,0.1132,114.0,0.36,0.8036,0.9268
10937,2022-12-11,2265,Waterloo Health Unit,0.1612,162.0,0.28,0.6096,0.8652
10938,2022-12-11,2263,Timiskaming Health Unit,0.0784,15.0,0.45,0.7935,0.9565
10939,2022-12-11,2249,Northwestern Health Unit,0.1639,52.0,0.6,0.8301,0.9233
10940,2022-12-11,2270,York Regional Health Unit,0.1273,414.0,0.34,0.8353,0.9469
10941,2022-12-11,2268,Windsor-Essex County Health Unit,0.1312,260.0,0.61,0.8344,0.9703
10942,2022-12-11,2262,Thunder Bay District Health Unit,0.1183,99.0,0.66,0.9327,0.9634
10943,2022-12-11,4913,Southwestern Public Health,0.0804,112.0,0.53,0.8648,0.9656
10944,2022-12-11,2257,Renfrew County and District Health Unit,0.0849,45.0,0.42,0.6032,0.8355
10945,2022-12-11,35,Ontario,0.1201,6006.0,0.4,0.8653,0.9539
10946,2022-12-11,2247,North Bay Parry Sound District Health Unit,0.0721,63.0,0.49,0.9326,0.9775
10947,2022-12-11,2246,Niagara Regional Area Health Unit,0.1377,185.0,0.39,0.7071,0.8942
10948,2022-12-11,2244,Middlesex-London Health Unit,0.1308,193.0,0.38,0.8701,0.967
10949,2022-12-11,5183,Huron Perth Health Unit,0.0988,69.0,0.5,0.7984,0.9577
10950,2022-12-11,2236,Halton Regional Health Unit,0.1703,144.0,0.23,0.8062,0.8821
10951,2022-12-11,2234,Haldimand-Norfolk Health Unit,0.1575,36.0,0.32,0.8333,0.9432
10952,2022-12-11,2226,District of Algoma Health Unit,0.0686,92.0,0.8,0.8927,0.9687
10953,2022-12-11,2251,City of Ottawa Health Unit,0.1305,299.0,0.28,0.8909,0.9767
10954,2022-12-11,2237,City of Hamilton Health Unit,0.1468,265.0,0.45,0.9484,0.9864
10955,2022-12-11,2240,Chatham-Kent Health Unit,0.1092,68.0,0.64,0.8679,0.9665
10956,2022-12-10,2230,Durham Regional Health Unit,0.0943,338.0,0.47,0.8688,0.9513
10957,2022-12-10,2260,Simcoe Muskoka District Health Unit,0.1163,255.0,0.43,0.8784,0.9498
10958,2022-12-10,2251,City of Ottawa Health Unit,0.1345,292.0,0.28,0.8906,0.9769
10959,2022-12-10,2237,City of Hamilton Health Unit,0.1462,262.0,0.44,0.9502,0.9865
10960,2022-12-10,2258,Eastern Ontario Health Unit,0.0982,96.0,0.46,0.8891,0.9689
10961,2022-12-10,2240,Chatham-Kent Health Unit,0.1077,69.0,0.65,0.8532,0.9603
10962,2022-12-10,2236,Halton Regional Health Unit,0.1692,143.0,0.23,0.8019,0.8807
10963,2022-12-10,5183,Huron Perth Health Unit,0.1018,72.0,0.51,0.8047,0.959
10964,2022-12-10,2235,"Haliburton, Kawartha, Pine Ridge District Health Unit",0.0769,89.0,0.47,0.8909,0.9648
10965,2022-12-10,2242,Lambton Health Unit,0.1949,45.0,0.34,0.8476,0.9619
10966,2022-12-10,2234,Haldimand-Norfolk Health Unit,0.1467,37.0,0.32,0.8405,0.9377
10967,2022-12-10,2247,North Bay Parry Sound District Health Unit,0.0742,62.0,0.47,0.9343,0.9836
10968,2022-12-10,2246,Niagara Regional Area Health Unit,0.1353,183.0,0.39,0.6989,0.8892
10969,2022-12-10,2244,Middlesex-London Health Unit,0.1279,193.0,0.38,0.8725,0.9661
10970,2022-12-10,4913,Southwestern Public Health,0.0777,110.0,0.52,0.8774,0.9659
10971,2022-12-10,2262,Thunder Bay District Health Unit,0.1154,97.0,0.64,0.9249,0.961
10972,2022-12-10,2265,Waterloo Health Unit,0.1531,160.0,0.27,0.5906,0.8604
10973,2022-12-10,2257,Renfrew County and District Health Unit,0.0901,46.0,0.42,0.5538,0.8831
10974,2022-12-10,2270,York Regional Health Unit,0.1238,414.0,0.34,0.8302,0.9417
10975,2022-12-10,2268,Windsor-Essex County Health Unit,0.1316,258.0,0.61,0.7882,0.9685
10976,2022-12-10,2255,Peterborough County-City Health Unit,0.0986,71.0,0.48,0.9582,0.9958
10977,2022-12-10,2266,Wellington-Dufferin-Guelph Health Unit,0.1219,115.0,0.37,0.8179,0.9354
10978,2022-12-10,2263,Timiskaming Health Unit,0.0808,14.0,0.43,0.8,0.9444
10979,2022-12-10,2261,Sudbury and District Health Unit,0.1118,173.0,0.87,0.9435,0.9823
10980,2022-12-10,2256,Porcupine Health Unit,0.0735,45.0,0.54,0.7082,0.8359
10981,2022-12-10,2253,Peel Regional Health Unit,0.1107,524.0,0.33,0.9022,0.9537
10982,2022-12-10,35,Ontario,0.1181,5992.0,0.4,0.8629,0.9529
10983,2022-12-10,2249,Northwestern Health Unit,0.1774,53.0,0.61,0.8366,0.9211
10984,2022-12-10,2243,"Leeds, Grenville and Lanark District Health Unit",0.1122,115.0,0.66,0.8323,0.9704
10985,2022-12-10,2241,"Kingston, Frontenac and Lennox and Addington Health Unit",0.121,112.0,0.53,0.9572,0.9824
10986,2022-12-10,2238,Hastings and Prince Edward Counties Health Unit,0.0832,89.0,0.53,0.8261,0.8621
10987,2022-12-10,2233,Grey Bruce Health Unit,0.0806,51.0,0.3,0.7961,0.9642
10988,2022-12-10,2226,District of Algoma Health Unit,0.0701,96.0,0.84,0.9007,0.9693
10989,2022-12-10,3895,City of Toronto Health Unit,0.1195,1179.0,0.38,0.9071,0.971
10990,2022-12-10,2227,Brant County Health Unit,0.1068,74.0,0.47,0.8427,0.9101
10991,2022-12-09,2234,Haldimand-Norfolk Health Unit,0.1445,38.0,0.33,0.8527,0.938
10992,2022-12-09,2261,Sudbury and District Health Unit,0.1076,174.0,0.87,0.9471,0.9821
10993,2022-12-09,2262,Thunder Bay District Health Unit,0.115,97.0,0.65,0.9171,0.9572
10994,2022-12-09,2227,Brant County Health Unit,0.1042,75.0,0.49,0.8535,0.9208
10995,2022-12-09,2237,City of Hamilton Health Unit,0.1435,267.0,0.45,0.9526,0.9869
10996,2022-12-09,2230,Durham Regional Health Unit,0.0937,343.0,0.48,0.878,0.9588
10997,2022-12-09,2226,District of Algoma Health Unit,0.0739,95.0,0.83,0.9078,0.9724
10998,2022-12-09,2235,"Haliburton, Kawartha, Pine Ridge District Health Unit",0.0795,90.0,0.48,0.9025,0.9653
10999,2022-12-09,3895,City of Toronto Health Unit,0.1201,1195.0,0.38,0.9125,0.9705
11000,2022-12-09,2241,"Kingston, Frontenac and Lennox and Addington Health Unit",0.1159,113.0,0.53,0.9524,0.9829
11001,2022-12-09,2243,"Leeds, Grenville and Lanark District Health Unit",0.1188,115.0,0.67,0.8233,0.9699
11002,2022-12-09,5183,Huron Perth Health Unit,0.1126,72.0,0.52,0.8119,0.9597
11003,2022-12-09,2246,Niagara Regional Area Health Unit,0.129,183.0,0.39,0.7108,0.9018
11004,2022-12-09,2238,Hastings and Prince Edward Counties Health Unit,0.0828,91.0,0.54,0.8681,0.9043
11005,2022-12-09,2253,Peel Regional Health Unit,0.1151,530.0,0.33,0.9045,0.9543
11006,2022-12-09,35,Ontario,0.1177,6046.0,0.41,0.865,0.9539
11007,2022-12-09,2249,Northwestern Health Unit,0.1851,52.0,0.59,0.8253,0.9086
11008,2022-12-09,2263,Timiskaming Health Unit,0.0549,13.0,0.4,0.78,0.94
11009,2022-12-09,2266,Wellington-Dufferin-Guelph Health Unit,0.1297,111.0,0.36,0.8267,0.9367
11010,2022-12-09,2270,York Regional Health Unit,0.1214,418.0,0.34,0.8417,0.9468
11011,2022-12-09,2260,Simcoe Muskoka District Health Unit,0.1141,262.0,0.44,0.8827,0.9494
11012,2022-12-09,2268,Windsor-Essex County Health Unit,0.1321,260.0,0.61,0.7546,0.9607
11013,2022-12-09,2265,Waterloo Health Unit,0.1547,157.0,0.27,0.5754,0.8468
11014,2022-12-09,4913,Southwestern Public Health,0.0709,113.0,0.53,0.8713,0.9678
11015,2022-12-09,2257,Renfrew County and District Health Unit,0.082,45.0,0.42,0.5253,0.8624
11016,2022-12-09,2256,Porcupine Health Unit,0.073,45.0,0.54,0.7476,0.8454
11017,2022-12-09,2255,Peterborough County-City Health Unit,0.0957,70.0,0.47,0.9504,0.9959
11018,2022-12-09,2247,North Bay Parry Sound District Health Unit,0.0711,60.0,0.46,0.9356,0.9833
11019,2022-12-09,2244,Middlesex-London Health Unit,0.1242,192.0,0.38,0.8891,0.9653
11020,2022-12-09,2242,Lambton Health Unit,0.1955,45.0,0.34,0.8318,0.9595
11021,2022-12-09,2236,Halton Regional Health Unit,0.1625,142.0,0.23,0.7979,0.8851
11022,2022-12-09,2233,Grey Bruce Health Unit,0.0756,51.0,0.3,0.8033,0.9695
11023,2022-12-09,2258,Eastern Ontario Health Unit,0.1092,98.0,0.47,0.8802,0.9672
11024,2022-12-09,2251,City of Ottawa Health Unit,0.1337,302.0,0.29,0.8956,0.9787
11025,2022-12-09,2240,Chatham-Kent Health Unit,0.1059,70.0,0.66,0.8538,0.9591
11026,2022-12-08,2266,Wellington-Dufferin-Guelph Health Unit,0.1196,106.0,0.34,0.8329,0.942
11027,2022-12-08,2233,Grey Bruce Health Unit,0.0718,54.0,0.32,0.8187,0.976
11028,2022-12-08,3895,City of Toronto Health Unit,0.1151,1194.0,0.38,0.9197,0.9711
11029,2022-12-08,2227,Brant County Health Unit,0.0962,74.0,0.48,0.8595,0.9328
11030,2022-12-08,2240,Chatham-Kent Health Unit,0.1149,72.0,0.68,0.8648,0.9563
11031,2022-12-08,2226,District of Algoma Health Unit,0.0802,93.0,0.81,0.9248,0.9728
11032,2022-12-08,2234,Haldimand-Norfolk Health Unit,0.1585,38.0,0.33,0.8692,0.9423
11033,2022-12-08,5183,Huron Perth Health Unit,0.1141,74.0,0.53,0.8211,0.9605
11034,2022-12-08,2258,Eastern Ontario Health Unit,0.0994,98.0,0.47,0.863,0.9636
11035,2022-12-08,2244,Middlesex-London Health Unit,0.1265,194.0,0.38,0.9023,0.9679
11036,2022-12-08,2247,North Bay Parry Sound District Health Unit,0.069,62.0,0.48,0.9341,0.9805
11037,2022-12-08,2243,"Leeds, Grenville and Lanark District Health Unit",0.1114,113.0,0.65,0.8329,0.9738
11038,2022-12-08,35,Ontario,0.1159,6065.0,0.41,0.8702,0.9556
11039,2022-12-08,2242,Lambton Health Unit,0.1987,45.0,0.34,0.8117,0.9545
11040,2022-12-08,2257,Renfrew County and District Health Unit,0.0718,50.0,0.46,0.5405,0.8559
11041,2022-12-08,2256,Porcupine Health Unit,0.0669,47.0,0.56,0.7292,0.8601
11042,2022-12-08,2255,Peterborough County-City Health Unit,0.0865,71.0,0.48,0.9571,0.9959
11043,2022-12-08,2268,Windsor-Essex County Health Unit,0.1251,258.0,0.61,0.7475,0.9587
11044,2022-12-08,2265,Waterloo Health Unit,0.1506,161.0,0.28,0.5727,0.843
11045,2022-12-08,2262,Thunder Bay District Health Unit,0.131,101.0,0.68,0.9207,0.9666
11046,2022-12-08,2270,York Regional Health Unit,0.1234,424.0,0.35,0.8559,0.9483
11047,2022-12-08,2263,Timiskaming Health Unit,0.0316,14.0,0.42,0.7451,0.951
11048,2022-12-08,2261,Sudbury and District Health Unit,0.0959,174.0,0.88,0.9478,0.9861
11049,2022-12-08,4913,Southwestern Public Health,0.0693,109.0,0.52,0.8732,0.9641
11050,2022-12-08,2260,Simcoe Muskoka District Health Unit,0.1237,271.0,0.45,0.889,0.948
11051,2022-12-08,2253,Peel Regional Health Unit,0.1167,524.0,0.33,0.9145,0.9611
11052,2022-12-08,2249,Northwestern Health Unit,0.1627,54.0,0.61,0.8067,0.8943
11053,2022-12-08,2246,Niagara Regional Area Health Unit,0.131,184.0,0.39,0.704,0.9124
11054,2022-12-08,2241,"Kingston, Frontenac and Lennox and Addington Health Unit",0.11,114.0,0.54,0.9447,0.982
11055,2022-12-08,2238,Hastings and Prince Edward Counties Health Unit,0.0931,94.0,0.56,0.8497,0.9017
11056,2022-12-08,2236,Halton Regional Health Unit,0.1533,137.0,0.22,0.8025,0.8912
11057,2022-12-08,2235,"Haliburton, Kawartha, Pine Ridge District Health Unit",0.0808,88.0,0.47,0.8915,0.9633
11058,2022-12-08,2230,Durham Regional Health Unit,0.0949,343.0,0.48,0.8848,0.9615
11059,2022-12-08,2251,City of Ottawa Health Unit,0.1246,304.0,0.29,0.9171,0.9802
11060,2022-12-08,2237,City of Hamilton Health Unit,0.1458,266.0,0.45,0.9489,0.9851
11061,2022-12-07,2251,City of Ottawa Health Unit,0.1187,306.0,0.29,0.9168,0.9787
11062,2022-12-07,2270,York Regional Health Unit,0.123,405.0,0.33,0.858,0.9457
11063,2022-12-07,2230,Durham Regional Health Unit,0.0965,342.0,0.48,0.8941,0.9607
11064,2022-12-07,2236,Halton Regional Health Unit,0.1677,138.0,0.22,0.818,0.9079
11065,2022-12-07,2235,"Haliburton, Kawartha, Pine Ridge District Health Unit",0.0877,86.0,0.46,0.8932,0.9695
11066,2022-12-07,2243,"Leeds, Grenville and Lanark District Health Unit",0.1113,105.0,0.61,0.8314,0.9654
11067,2022-12-07,2253,Peel Regional Health Unit,0.1137,525.0,0.33,0.9169,0.9652
11068,2022-12-07,2247,North Bay Parry Sound District Health Unit,0.058,62.0,0.47,0.9447,0.9839
11069,2022-12-07,2256,Porcupine Health Unit,0.0853,49.0,0.58,0.7401,0.8616
11070,2022-12-07,2246,Niagara Regional Area Health Unit,0.1257,190.0,0.4,0.7174,0.9224
11071,2022-12-07,2237,City of Hamilton Health Unit,0.1383,262.0,0.44,0.9509,0.9861
11072,2022-12-07,2261,Sudbury and District Health Unit,0.0905,167.0,0.84,0.956,0.9884
11073,2022-12-07,3895,City of Toronto Health Unit,0.1121,1183.0,0.38,0.9058,0.9642
11074,2022-12-07,4913,Southwestern Public Health,0.0645,111.0,0.52,0.8692,0.9648
11075,2022-12-07,2260,Simcoe Muskoka District Health Unit,0.1202,271.0,0.45,0.8831,0.9484
11076,2022-12-07,2227,Brant County Health Unit,0.094,71.0,0.46,0.858,0.9362
11077,2022-12-07,2233,Grey Bruce Health Unit,0.0829,53.0,0.31,0.8218,0.9787
11078,2022-12-07,2266,Wellington-Dufferin-Guelph Health Unit,0.1125,104.0,0.33,0.8441,0.9466
11079,2022-12-07,2268,Windsor-Essex County Health Unit,0.1227,263.0,0.62,0.7547,0.96
11080,2022-12-07,2265,Waterloo Health Unit,0.1495,157.0,0.27,0.5698,0.8439
11081,2022-12-07,2263,Timiskaming Health Unit,0.0211,14.0,0.42,0.7257,0.9204
11082,2022-12-07,2262,Thunder Bay District Health Unit,0.1269,106.0,0.71,0.9195,0.9673
11083,2022-12-07,2257,Renfrew County and District Health Unit,0.068,48.0,0.44,0.5533,0.8728
11084,2022-12-07,2238,Hastings and Prince Edward Counties Health Unit,0.0964,102.0,0.61,0.8373,0.8971
11085,2022-12-07,2249,Northwestern Health Unit,0.1518,53.0,0.6,0.8058,0.895
11086,2022-12-07,2255,Peterborough County-City Health Unit,0.0825,71.0,0.48,0.9615,0.998
11087,2022-12-07,35,Ontario,0.113,6035.0,0.41,0.8687,0.9552
11088,2022-12-07,2244,Middlesex-London Health Unit,0.1191,192.0,0.38,0.9008,0.9679
11089,2022-12-07,2242,Lambton Health Unit,0.17,43.0,0.33,0.8051,0.9521
11090,2022-12-07,2241,"Kingston, Frontenac and Lennox and Addington Health Unit",0.094,117.0,0.55,0.9448,0.9882
11091,2022-12-07,5183,Huron Perth Health Unit,0.1065,76.0,0.55,0.8279,0.9652
11092,2022-12-07,2234,Haldimand-Norfolk Health Unit,0.1541,38.0,0.33,0.8333,0.9493
11093,2022-12-07,2258,Eastern Ontario Health Unit,0.1051,95.0,0.46,0.8537,0.9598
11094,2022-12-07,2226,District of Algoma Health Unit,0.0756,93.0,0.81,0.9057,0.9596
11095,2022-12-07,2240,Chatham-Kent Health Unit,0.1124,74.0,0.69,0.8294,0.9468
11096,2022-12-06,2246,Niagara Regional Area Health Unit,0.1341,196.0,0.41,0.7257,0.9286
11097,2022-12-06,2230,Durham Regional Health Unit,0.0841,343.0,0.48,0.8762,0.9628
11098,2022-12-06,2226,District of Algoma Health Unit,0.0708,93.0,0.81,0.894,0.9617
11099,2022-12-06,2234,Haldimand-Norfolk Health Unit,0.1236,38.0,0.33,0.8277,0.9493
11100,2022-12-06,2241,"Kingston, Frontenac and Lennox and Addington Health Unit",0.09,111.0,0.52,0.9401,0.9867
11101,2022-12-06,5183,Huron Perth Health Unit,0.1019,74.0,0.53,0.8252,0.9643
11102,2022-12-06,2253,Peel Regional Health Unit,0.1097,526.0,0.33,0.9085,0.9634
11103,2022-12-06,2263,Timiskaming Health Unit,0.018,16.0,0.49,0.7264,0.9057
11104,2022-12-06,2262,Thunder Bay District Health Unit,0.1296,101.0,0.68,0.9,0.9577
11105,2022-12-06,2251,City of Ottawa Health Unit,0.1153,302.0,0.29,0.9196,0.9792
11106,2022-12-06,2265,Waterloo Health Unit,0.1468,160.0,0.27,0.5882,0.8661
11107,2022-12-06,35,Ontario,0.111,6046.0,0.41,0.8606,0.9541
11108,2022-12-06,2257,Renfrew County and District Health Unit,0.0765,49.0,0.45,0.5516,0.8466
11109,2022-12-06,2255,Peterborough County-City Health Unit,0.0953,70.0,0.48,0.9431,0.9961
11110,2022-12-06,4913,Southwestern Public Health,0.0601,112.0,0.53,0.8738,0.967
11111,2022-12-06,2242,Lambton Health Unit,0.1916,44.0,0.34,0.7993,0.9441
11112,2022-12-06,2247,North Bay Parry Sound District Health Unit,0.0548,63.0,0.48,0.9268,0.9863
11113,2022-12-06,2258,Eastern Ontario Health Unit,0.1222,97.0,0.46,0.8719,0.9578
11114,2022-12-06,2236,Halton Regional Health Unit,0.1642,136.0,0.22,0.8248,0.9092
11115,2022-12-06,2270,York Regional Health Unit,0.1228,412.0,0.34,0.8205,0.9353
11116,2022-12-06,2268,Windsor-Essex County Health Unit,0.1221,267.0,0.63,0.7426,0.9545
11117,2022-12-06,2266,Wellington-Dufferin-Guelph Health Unit,0.116,105.0,0.34,0.8404,0.9409
11118,2022-12-06,2261,Sudbury and District Health Unit,0.074,172.0,0.86,0.924,0.9843
11119,2022-12-06,2256,Porcupine Health Unit,0.1067,54.0,0.64,0.7135,0.8485
11120,2022-12-06,2249,Northwestern Health Unit,0.1681,51.0,0.58,0.8011,0.8925
11121,2022-12-06,2244,Middlesex-London Health Unit,0.1156,188.0,0.37,0.9019,0.9698
11122,2022-12-06,2243,"Leeds, Grenville and Lanark District Health Unit",0.1122,102.0,0.59,0.8387,0.9663
11123,2022-12-06,2238,Hastings and Prince Edward Counties Health Unit,0.1048,104.0,0.61,0.8455,0.9024
11124,2022-12-06,2235,"Haliburton, Kawartha, Pine Ridge District Health Unit",0.0902,86.0,0.45,0.8826,0.9759
11125,2022-12-06,2233,Grey Bruce Health Unit,0.0824,54.0,0.32,0.8297,0.9838
11126,2022-12-06,3895,City of Toronto Health Unit,0.1085,1175.0,0.38,0.8948,0.9623
11127,2022-12-06,2237,City of Hamilton Health Unit,0.1354,271.0,0.46,0.947,0.984
11128,2022-12-06,2240,Chatham-Kent Health Unit,0.1142,73.0,0.68,0.8178,0.9419
11129,2022-12-06,2227,Brant County Health Unit,0.0827,71.0,0.46,0.8695,0.9458
11130,2022-12-06,2260,Simcoe Muskoka District Health Unit,0.1174,268.0,0.45,0.8774,0.9479
11131,2022-12-05,2234,Haldimand-Norfolk Health Unit,0.1276,41.0,0.36,0.8276,0.9517
11132,2022-12-05,35,Ontario,0.1106,6080.0,0.41,0.8598,0.9554
11133,2022-12-05,2240,Chatham-Kent Health Unit,0.1122,73.0,0.68,0.8278,0.9505
11134,2022-12-05,2227,Brant County Health Unit,0.0874,74.0,0.47,0.8821,0.9512
11135,2022-12-05,2238,Hastings and Prince Edward Counties Health Unit,0.1044,107.0,0.63,0.8529,0.9033
11136,2022-12-05,2244,Middlesex-London Health Unit,0.1101,187.0,0.37,0.9017,0.9735
11137,2022-12-05,2243,"Leeds, Grenville and Lanark District Health Unit",0.1041,102.0,0.59,0.8432,0.9642
11138,2022-12-05,2257,Renfrew County and District Health Unit,0.072,50.0,0.46,0.5668,0.8665
11139,2022-12-05,2268,Windsor-Essex County Health Unit,0.1161,266.0,0.63,0.7419,0.9522
11140,2022-12-05,2266,Wellington-Dufferin-Guelph Health Unit,0.1233,107.0,0.34,0.8529,0.9447
11141,2022-12-05,2230,Durham Regional Health Unit,0.0775,337.0,0.47,0.8685,0.9606
11142,2022-12-05,2270,York Regional Health Unit,0.1222,420.0,0.34,0.8037,0.9291
11143,2022-12-05,2256,Porcupine Health Unit,0.1008,51.0,0.61,0.7355,0.8634
11144,2022-12-05,2261,Sudbury and District Health Unit,0.0727,165.0,0.83,0.9187,0.9809
11145,2022-12-05,2260,Simcoe Muskoka District Health Unit,0.1177,272.0,0.45,0.8806,0.9518
11146,2022-12-05,2263,Timiskaming Health Unit,0.0294,15.0,0.45,0.6952,0.8952
11147,2022-12-05,2246,Niagara Regional Area Health Unit,0.1297,198.0,0.42,0.7199,0.9201
11148,2022-12-05,2233,Grey Bruce Health Unit,0.0894,53.0,0.31,0.8127,0.9646
11149,2022-12-05,2253,Peel Regional Health Unit,0.1074,523.0,0.33,0.9044,0.9665
11150,2022-12-05,2235,"Haliburton, Kawartha, Pine Ridge District Health Unit",0.104,87.0,0.46,0.8891,0.9801
11151,2022-12-05,2241,"Kingston, Frontenac and Lennox and Addington Health Unit",0.0792,112.0,0.53,0.9364,0.9878
11152,2022-12-05,2237,City of Hamilton Health Unit,0.1468,266.0,0.45,0.9516,0.9861
11153,2022-12-05,2265,Waterloo Health Unit,0.1502,164.0,0.28,0.5962,0.8835
11154,2022-12-05,2262,Thunder Bay District Health Unit,0.1325,100.0,0.67,0.8968,0.9587
11155,2022-12-05,4913,Southwestern Public Health,0.0741,120.0,0.57,0.8741,0.9739
11156,2022-12-05,2255,Peterborough County-City Health Unit,0.0982,73.0,0.49,0.9427,0.9908
11157,2022-12-05,2249,Northwestern Health Unit,0.1722,51.0,0.59,0.8118,0.8989
11158,2022-12-05,2247,North Bay Parry Sound District Health Unit,0.0507,62.0,0.48,0.912,0.9865
11159,2022-12-05,2242,Lambton Health Unit,0.183,44.0,0.33,0.8018,0.9512
11160,2022-12-05,5183,Huron Perth Health Unit,0.1065,75.0,0.54,0.8041,0.9741
11161,2022-12-05,2236,Halton Regional Health Unit,0.1451,138.0,0.22,0.8326,0.9169
11162,2022-12-05,2258,Eastern Ontario Health Unit,0.1263,98.0,0.47,0.8761,0.9572
11163,2022-12-05,2226,District of Algoma Health Unit,0.071,93.0,0.81,0.8845,0.9589
11164,2022-12-05,3895,City of Toronto Health Unit,0.1091,1193.0,0.38,0.8964,0.964
11165,2022-12-05,2251,City of Ottawa Health Unit,0.1168,302.0,0.29,0.9209,0.9786
11166,2022-12-04,2238,Hastings and Prince Edward Counties Health Unit,0.0969,106.0,0.63,0.8493,0.895
11167,2022-12-04,2236,Halton Regional Health Unit,0.1553,132.0,0.21,0.841,0.9222
11168,2022-12-04,3895,City of Toronto Health Unit,0.106,1268.0,0.41,0.898,0.9651
11169,2022-12-04,2251,City of Ottawa Health Unit,0.106,303.0,0.29,0.9241,0.979
11170,2022-12-04,2242,Lambton Health Unit,0.1564,47.0,0.36,0.8055,0.9514
11171,2022-12-04,2249,Northwestern Health Unit,0.173,49.0,0.56,0.8344,0.9219
11172,2022-12-04,2247,North Bay Parry Sound District Health Unit,0.0579,62.0,0.48,0.9317,0.9886
11173,2022-12-04,2261,Sudbury and District Health Unit,0.0659,171.0,0.86,0.9129,0.9816
11174,2022-12-04,2234,Haldimand-Norfolk Health Unit,0.1414,41.0,0.36,0.8294,0.9488
11175,2022-12-04,4913,Southwestern Public Health,0.0816,121.0,0.57,0.882,0.9797
11176,2022-12-04,2265,Waterloo Health Unit,0.1469,163.0,0.28,0.5921,0.8832
11177,2022-12-04,2268,Windsor-Essex County Health Unit,0.1138,261.0,0.61,0.7447,0.9522
11178,2022-12-04,2262,Thunder Bay District Health Unit,0.1362,101.0,0.67,0.9003,0.9615
11179,2022-12-04,35,Ontario,0.1074,6154.0,0.41,0.8641,0.9565
11180,2022-12-04,2257,Renfrew County and District Health Unit,0.0671,47.0,0.43,0.543,0.8605
11181,2022-12-04,5183,Huron Perth Health Unit,0.1069,75.0,0.54,0.8031,0.9691
11182,2022-12-04,2244,Middlesex-London Health Unit,0.104,183.0,0.36,0.9063,0.977
11183,2022-12-04,2226,District of Algoma Health Unit,0.0738,87.0,0.76,0.8893,0.9581
11184,2022-12-04,2240,Chatham-Kent Health Unit,0.1103,78.0,0.73,0.8375,0.9579
11185,2022-12-04,2270,York Regional Health Unit,0.1209,427.0,0.35,0.8147,0.9264
11186,2022-12-04,2266,Wellington-Dufferin-Guelph Health Unit,0.122,108.0,0.35,0.8525,0.9465
11187,2022-12-04,2263,Timiskaming Health Unit,0.0204,14.0,0.43,0.6863,0.8922
11188,2022-12-04,2260,Simcoe Muskoka District Health Unit,0.1273,274.0,0.46,0.8941,0.9636
11189,2022-12-04,2256,Porcupine Health Unit,0.1003,51.0,0.61,0.7373,0.8672
11190,2022-12-04,2255,Peterborough County-City Health Unit,0.0903,79.0,0.53,0.9457,0.9928
11191,2022-12-04,2253,Peel Regional Health Unit,0.0987,523.0,0.33,0.9096,0.9659
11192,2022-12-04,2246,Niagara Regional Area Health Unit,0.1306,199.0,0.42,0.736,0.9223
11193,2022-12-04,2243,"Leeds, Grenville and Lanark District Health Unit",0.0912,103.0,0.6,0.8516,0.9612
11194,2022-12-04,2241,"Kingston, Frontenac and Lennox and Addington Health Unit",0.0761,107.0,0.5,0.9271,0.9881
11195,2022-12-04,2235,"Haliburton, Kawartha, Pine Ridge District Health Unit",0.0916,89.0,0.47,0.8926,0.9782
11196,2022-12-04,2233,Grey Bruce Health Unit,0.082,54.0,0.32,0.8284,0.9571
11197,2022-12-04,2258,Eastern Ontario Health Unit,0.1275,100.0,0.48,0.881,0.958
11198,2022-12-04,2230,Durham Regional Health Unit,0.0738,337.0,0.47,0.8684,0.9609
11199,2022-12-04,2237,City of Hamilton Health Unit,0.1323,261.0,0.44,0.9545,0.9885
11200,2022-12-04,2227,Brant County Health Unit,0.0949,72.0,0.47,0.9013,0.9506
11201,2022-12-03,2242,Lambton Health Unit,0.1662,47.0,0.36,0.8092,0.9569
11202,2022-12-03,4913,Southwestern Public Health,0.0824,123.0,0.58,0.8814,0.9822
11203,2022-12-03,2258,Eastern Ontario Health Unit,0.1208,103.0,0.49,0.876,0.9623
11204,2022-12-03,2230,Durham Regional Health Unit,0.0762,341.0,0.48,0.875,0.9692
11205,2022-12-03,2246,Niagara Regional Area Health Unit,0.1339,203.0,0.43,0.7365,0.9283
11206,2022-12-03,2255,Peterborough County-City Health Unit,0.0878,80.0,0.54,0.9564,0.9927
11207,2022-12-03,2253,Peel Regional Health Unit,0.0978,529.0,0.33,0.9104,0.965
11208,2022-12-03,2265,Waterloo Health Unit,0.1461,164.0,0.28,0.6091,0.8851
11209,2022-12-03,2238,Hastings and Prince Edward Counties Health Unit,0.0919,109.0,0.65,0.923,0.97
11210,2022-12-03,2263,Timiskaming Health Unit,0.03,14.0,0.44,0.6863,0.8922
11211,2022-12-03,2270,York Regional Health Unit,0.125,438.0,0.36,0.8195,0.9309
11212,2022-12-03,2266,Wellington-Dufferin-Guelph Health Unit,0.1097,109.0,0.35,0.8357,0.9516
11213,2022-12-03,2256,Porcupine Health Unit,0.1074,52.0,0.62,0.7466,0.8652
11214,2022-12-03,2241,"Kingston, Frontenac and Lennox and Addington Health Unit",0.0794,108.0,0.51,0.9246,0.9881
11215,2022-12-03,2261,Sudbury and District Health Unit,0.0686,167.0,0.84,0.8997,0.9791
11216,2022-12-03,2243,"Leeds, Grenville and Lanark District Health Unit",0.092,104.0,0.6,0.8865,0.9583
11217,2022-12-03,2249,Northwestern Health Unit,0.1517,46.0,0.53,0.8127,0.9206
11218,2022-12-03,2233,Grey Bruce Health Unit,0.0909,55.0,0.32,0.82,0.96
11219,2022-12-03,2237,City of Hamilton Health Unit,0.1291,263.0,0.44,0.9563,0.9896
11220,2022-12-03,2227,Brant County Health Unit,0.1,70.0,0.45,0.9083,0.9595
11221,2022-12-03,3895,City of Toronto Health Unit,0.1105,1282.0,0.41,0.8984,0.9668
11222,2022-12-03,2268,Windsor-Essex County Health Unit,0.1086,264.0,0.62,0.7817,0.9524
11223,2022-12-03,2262,Thunder Bay District Health Unit,0.1367,102.0,0.68,0.8983,0.9526
11224,2022-12-03,2260,Simcoe Muskoka District Health Unit,0.1249,275.0,0.46,0.8894,0.964
11225,2022-12-03,2257,Renfrew County and District Health Unit,0.0612,49.0,0.45,0.5219,0.8552
11226,2022-12-03,35,Ontario,0.1079,6213.0,0.42,0.8676,0.9592
11227,2022-12-03,2247,North Bay Parry Sound District Health Unit,0.0599,64.0,0.5,0.9326,0.991
11228,2022-12-03,2244,Middlesex-London Health Unit,0.1028,183.0,0.36,0.9059,0.978
11229,2022-12-03,5183,Huron Perth Health Unit,0.1094,74.0,0.53,0.806,0.976
11230,2022-12-03,2236,Halton Regional Health Unit,0.1539,133.0,0.21,0.8443,0.9244
11231,2022-12-03,2235,"Haliburton, Kawartha, Pine Ridge District Health Unit",0.0958,88.0,0.47,0.8787,0.9721
11232,2022-12-03,2234,Haldimand-Norfolk Health Unit,0.1309,43.0,0.37,0.8377,0.9536
11233,2022-12-03,2226,District of Algoma Health Unit,0.0746,86.0,0.75,0.885,0.9517
11234,2022-12-03,2251,City of Ottawa Health Unit,0.1023,307.0,0.29,0.9251,0.9798
11235,2022-12-03,2240,Chatham-Kent Health Unit,0.1124,76.0,0.72,0.8381,0.96
11236,2022-12-02,2263,Timiskaming Health Unit,0.0294,15.0,0.45,0.6505,0.9029
11237,2022-12-02,2246,Niagara Regional Area Health Unit,0.1312,199.0,0.42,0.7394,0.9295
11238,2022-12-02,2244,Middlesex-London Health Unit,0.1019,191.0,0.38,0.8832,0.9726
11239,2022-12-02,2237,City of Hamilton Health Unit,0.1321,264.0,0.45,0.9522,0.9887
11240,2022-12-02,2234,Haldimand-Norfolk Health Unit,0.1296,43.0,0.38,0.8258,0.9547
11241,2022-12-02,35,Ontario,0.1079,6235.0,0.42,0.865,0.9577
11242,2022-12-02,2260,Simcoe Muskoka District Health Unit,0.1308,276.0,0.46,0.8907,0.9686
11243,2022-12-02,2257,Renfrew County and District Health Unit,0.0673,49.0,0.45,0.5419,0.8772
11244,2022-12-02,2270,York Regional Health Unit,0.128,435.0,0.36,0.8166,0.9297
11245,2022-12-02,2242,Lambton Health Unit,0.1707,47.0,0.36,0.8091,0.9576
11246,2022-12-02,2268,Windsor-Essex County Health Unit,0.1059,260.0,0.61,0.8056,0.9524
11247,2022-12-02,4913,Southwestern Public Health,0.084,122.0,0.58,0.8759,0.9778
11248,2022-12-02,2265,Waterloo Health Unit,0.1429,166.0,0.28,0.5796,0.8529
11249,2022-12-02,2247,North Bay Parry Sound District Health Unit,0.067,64.0,0.49,0.9286,0.9892
11250,2022-12-02,2255,Peterborough County-City Health Unit,0.0889,79.0,0.53,0.9547,0.9873
11251,2022-12-02,2240,Chatham-Kent Health Unit,0.121,76.0,0.71,0.8132,0.9553
11252,2022-12-02,2226,District of Algoma Health Unit,0.0729,88.0,0.77,0.8963,0.9582
11253,2022-12-02,2251,City of Ottawa Health Unit,0.0999,296.0,0.28,0.9222,0.9795
11254,2022-12-02,2258,Eastern Ontario Health Unit,0.1159,104.0,0.5,0.8834,0.9671
11255,2022-12-02,2236,Halton Regional Health Unit,0.1536,133.0,0.21,0.8335,0.9001
11256,2022-12-02,2235,"Haliburton, Kawartha, Pine Ridge District Health Unit",0.0909,88.0,0.47,0.8796,0.9749
11257,2022-12-02,2266,Wellington-Dufferin-Guelph Health Unit,0.1137,112.0,0.36,0.8206,0.9423
11258,2022-12-02,2262,Thunder Bay District Health Unit,0.1458,104.0,0.69,0.9035,0.9568
11259,2022-12-02,2261,Sudbury and District Health Unit,0.0767,169.0,0.85,0.8908,0.9791
11260,2022-12-02,2256,Porcupine Health Unit,0.1108,53.0,0.63,0.7566,0.8704
11261,2022-12-02,2253,Peel Regional Health Unit,0.097,527.0,0.33,0.8999,0.957
11262,2022-12-02,2249,Northwestern Health Unit,0.134,46.0,0.52,0.8317,0.9397
11263,2022-12-02,2243,"Leeds, Grenville and Lanark District Health Unit",0.0782,102.0,0.59,0.8852,0.9508
11264,2022-12-02,2241,"Kingston, Frontenac and Lennox and Addington Health Unit",0.081,111.0,0.52,0.9293,0.9893
11265,2022-12-02,5183,Huron Perth Health Unit,0.1076,73.0,0.52,0.7899,0.9689
11266,2022-12-02,2238,Hastings and Prince Edward Counties Health Unit,0.0877,111.0,0.66,0.9224,0.9654
11267,2022-12-02,2233,Grey Bruce Health Unit,0.0842,56.0,0.33,0.7976,0.9512
11268,2022-12-02,2230,Durham Regional Health Unit,0.0756,340.0,0.48,0.8696,0.9696
11269,2022-12-02,3895,City of Toronto Health Unit,0.1096,1306.0,0.42,0.8988,0.9691
11270,2022-12-02,2227,Brant County Health Unit,0.0988,69.0,0.45,0.8964,0.9562
11271,2022-12-01,2244,Middlesex-London Health Unit,0.1022,191.0,0.38,0.8636,0.9711
11272,2022-12-01,35,Ontario,0.1061,6262.0,0.42,0.865,0.9583
11273,2022-12-01,2226,District of Algoma Health Unit,0.0751,91.0,0.8,0.897,0.961
11274,2022-12-01,5183,Huron Perth Health Unit,0.1081,73.0,0.52,0.7822,0.9703
11275,2022-12-01,2238,Hastings and Prince Edward Counties Health Unit,0.082,113.0,0.67,0.9367,0.967
11276,2022-12-01,2256,Porcupine Health Unit,0.116,55.0,0.66,0.7967,0.883
11277,2022-12-01,2262,Thunder Bay District Health Unit,0.1246,99.0,0.66,0.9095,0.9555
11278,2022-12-01,2261,Sudbury and District Health Unit,0.0802,169.0,0.85,0.8946,0.9798
11279,2022-12-01,2246,Niagara Regional Area Health Unit,0.131,196.0,0.42,0.7571,0.9261
11280,2022-12-01,2263,Timiskaming Health Unit,0.03,14.0,0.44,0.6705,0.8864
11281,2022-12-01,2249,Northwestern Health Unit,0.1442,47.0,0.53,0.8539,0.9513
11282,2022-12-01,2270,York Regional Health Unit,0.1261,435.0,0.35,0.8098,0.9262
11283,2022-12-01,2253,Peel Regional Health Unit,0.0937,529.0,0.33,0.8962,0.9565
11284,2022-12-01,2260,Simcoe Muskoka District Health Unit,0.1155,266.0,0.44,0.8875,0.9719
11285,2022-12-01,2241,"Kingston, Frontenac and Lennox and Addington Health Unit",0.0831,110.0,0.52,0.9379,0.9894
11286,2022-12-01,3895,City of Toronto Health Unit,0.1079,1350.0,0.43,0.8945,0.9688
11287,2022-12-01,2233,Grey Bruce Health Unit,0.0902,54.0,0.32,0.7857,0.9444
11288,2022-12-01,2230,Durham Regional Health Unit,0.0758,343.0,0.48,0.8653,0.9672
11289,2022-12-01,2235,"Haliburton, Kawartha, Pine Ridge District Health Unit",0.0936,87.0,0.46,0.8801,0.9688
11290,2022-12-01,2237,City of Hamilton Health Unit,0.1295,271.0,0.46,0.9556,0.9898
11291,2022-12-01,2268,Windsor-Essex County Health Unit,0.1026,256.0,0.6,0.7992,0.9493
11292,2022-12-01,2266,Wellington-Dufferin-Guelph Health Unit,0.111,116.0,0.37,0.8268,0.9431
11293,2022-12-01,2265,Waterloo Health Unit,0.146,158.0,0.27,0.5931,0.8659
11294,2022-12-01,4913,Southwestern Public Health,0.0812,123.0,0.58,0.8882,0.981
11295,2022-12-01,2257,Renfrew County and District Health Unit,0.1062,48.0,0.45,0.542,0.8928
11296,2022-12-01,2255,Peterborough County-City Health Unit,0.0848,79.0,0.53,0.9544,0.9872
11297,2022-12-01,2247,North Bay Parry Sound District Health Unit,0.0737,64.0,0.49,0.9298,0.989
11298,2022-12-01,2243,"Leeds, Grenville and Lanark District Health Unit",0.0689,104.0,0.6,0.8789,0.9461
11299,2022-12-01,2242,Lambton Health Unit,0.1652,48.0,0.36,0.8148,0.9599
11300,2022-12-01,2236,Halton Regional Health Unit,0.153,133.0,0.21,0.854,0.9186
11301,2022-12-01,2234,Haldimand-Norfolk Health Unit,0.1338,41.0,0.36,0.7948,0.9577
11302,2022-12-01,2258,Eastern Ontario Health Unit,0.1219,104.0,0.5,0.8869,0.9637
11303,2022-12-01,2251,City of Ottawa Health Unit,0.0963,292.0,0.28,0.911,0.9765
11304,2022-12-01,2240,Chatham-Kent Health Unit,0.1207,71.0,0.67,0.808,0.956
11305,2022-12-01,2227,Brant County Health Unit,0.1004,73.0,0.47,0.9045,0.9688
11306,2022-11-30,2261,Sudbury and District Health Unit,0.0743,175.0,0.88,0.8936,0.9804
11307,2022-11-30,3895,City of Toronto Health Unit,0.1099,1373.0,0.44,0.9058,0.9774
11308,2022-11-30,2256,Porcupine Health Unit,0.1105,54.0,0.65,0.8132,0.908
11309,2022-11-30,2255,Peterborough County-City Health Unit,0.0847,81.0,0.55,0.951,0.9855
11310,2022-11-30,2227,Brant County Health Unit,0.0986,74.0,0.48,0.8902,0.9716
11311,2022-11-30,2233,Grey Bruce Health Unit,0.087,56.0,0.33,0.801,0.9502
11312,2022-11-30,2243,"Leeds, Grenville and Lanark District Health Unit",0.0713,106.0,0.61,0.8848,0.9516
11313,2022-11-30,2242,Lambton Health Unit,0.1758,47.0,0.36,0.823,0.9658
11314,2022-11-30,2266,Wellington-Dufferin-Guelph Health Unit,0.115,114.0,0.37,0.8327,0.9506
11315,2022-11-30,2265,Waterloo Health Unit,0.1425,157.0,0.27,0.5998,0.8545
11316,2022-11-30,35,Ontario,0.107,6244.0,0.42,0.8706,0.9619
11317,2022-11-30,2268,Windsor-Essex County Health Unit,0.097,237.0,0.56,0.7992,0.9492
11318,2022-11-30,2257,Renfrew County and District Health Unit,0.117,49.0,0.45,0.5493,0.907
11319,2022-11-30,2262,Thunder Bay District Health Unit,0.1375,100.0,0.66,0.8801,0.9408
11320,2022-11-30,2244,Middlesex-London Health Unit,0.1063,190.0,0.37,0.8688,0.9733
11321,2022-11-30,2258,Eastern Ontario Health Unit,0.1144,105.0,0.5,0.894,0.9679
11322,2022-11-30,2236,Halton Regional Health Unit,0.1374,132.0,0.21,0.8548,0.9169
11323,2022-11-30,2234,Haldimand-Norfolk Health Unit,0.1296,43.0,0.38,0.827,0.9654
11324,2022-11-30,5183,Huron Perth Health Unit,0.1175,72.0,0.51,0.7726,0.9711
11325,2022-11-30,2240,Chatham-Kent Health Unit,0.1161,70.0,0.66,0.8455,0.9721
11326,2022-11-30,2226,District of Algoma Health Unit,0.0814,91.0,0.8,0.9057,0.9756
11327,2022-11-30,2270,York Regional Health Unit,0.1297,438.0,0.36,0.8239,0.9338
11328,2022-11-30,2263,Timiskaming Health Unit,0.0426,13.0,0.41,0.6867,0.9277
11329,2022-11-30,4913,Southwestern Public Health,0.0817,122.0,0.58,0.8952,0.9829
11330,2022-11-30,2260,Simcoe Muskoka District Health Unit,0.1164,260.0,0.43,0.9033,0.9736
11331,2022-11-30,2253,Peel Regional Health Unit,0.0942,529.0,0.33,0.9022,0.9607
11332,2022-11-30,2249,Northwestern Health Unit,0.1543,46.0,0.53,0.7562,0.8809
11333,2022-11-30,2247,North Bay Parry Sound District Health Unit,0.066,67.0,0.52,0.9354,0.9917
11334,2022-11-30,2246,Niagara Regional Area Health Unit,0.1318,192.0,0.41,0.7775,0.93
11335,2022-11-30,2241,"Kingston, Frontenac and Lennox and Addington Health Unit",0.095,105.0,0.49,0.9361,0.9864
11336,2022-11-30,2238,Hastings and Prince Edward Counties Health Unit,0.075,105.0,0.62,0.9515,0.9736
11337,2022-11-30,2235,"Haliburton, Kawartha, Pine Ridge District Health Unit",0.0946,89.0,0.47,0.8728,0.9674
11338,2022-11-30,2230,Durham Regional Health Unit,0.077,336.0,0.47,0.8526,0.9718
11339,2022-11-30,2251,City of Ottawa Health Unit,0.0987,281.0,0.27,0.9152,0.9764
11340,2022-11-30,2237,City of Hamilton Health Unit,0.1293,274.0,0.46,0.9605,0.9903
11341,2022-11-29,2258,Eastern Ontario Health Unit,0.1033,104.0,0.5,0.8867,0.9692
11342,2022-11-29,4913,Southwestern Public Health,0.0851,123.0,0.58,0.8941,0.9852
11343,2022-11-29,2251,City of Ottawa Health Unit,0.1008,284.0,0.27,0.9221,0.9764
11344,2022-11-29,2237,City of Hamilton Health Unit,0.1312,267.0,0.45,0.9603,0.9886
11345,2022-11-29,2236,Halton Regional Health Unit,0.1471,131.0,0.21,0.8362,0.9071
11346,2022-11-29,2247,North Bay Parry Sound District Health Unit,0.0825,69.0,0.53,0.9595,0.9915
11347,2022-11-29,2246,Niagara Regional Area Health Unit,0.1219,186.0,0.39,0.7695,0.9336
11348,2022-11-29,2263,Timiskaming Health Unit,0.0357,12.0,0.37,0.7073,0.9268
11349,2022-11-29,2270,York Regional Health Unit,0.1267,444.0,0.36,0.8566,0.9479
11350,2022-11-29,2256,Porcupine Health Unit,0.0976,53.0,0.63,0.8017,0.876
11351,2022-11-29,2260,Simcoe Muskoka District Health Unit,0.1143,270.0,0.45,0.8998,0.9736
11352,2022-11-29,2266,Wellington-Dufferin-Guelph Health Unit,0.116,111.0,0.36,0.82,0.9547
11353,2022-11-29,2261,Sudbury and District Health Unit,0.0797,168.0,0.85,0.913,0.9791
11354,2022-11-29,2249,Northwestern Health Unit,0.1337,47.0,0.54,0.7756,0.892
11355,2022-11-29,2235,"Haliburton, Kawartha, Pine Ridge District Health Unit",0.0948,87.0,0.46,0.8717,0.9667
11356,2022-11-29,2241,"Kingston, Frontenac and Lennox and Addington Health Unit",0.1052,107.0,0.5,0.9391,0.9886
11357,2022-11-29,2243,"Leeds, Grenville and Lanark District Health Unit",0.067,109.0,0.63,0.8836,0.9513
11358,2022-11-29,2238,Hastings and Prince Edward Counties Health Unit,0.0667,101.0,0.6,0.9281,0.9661
11359,2022-11-29,3895,City of Toronto Health Unit,0.1078,1415.0,0.45,0.9115,0.9787
11360,2022-11-29,2233,Grey Bruce Health Unit,0.1065,59.0,0.35,0.7985,0.9533
11361,2022-11-29,2227,Brant County Health Unit,0.1139,75.0,0.49,0.8831,0.9694
11362,2022-11-29,2268,Windsor-Essex County Health Unit,0.0951,236.0,0.56,0.8128,0.9604
11363,2022-11-29,2265,Waterloo Health Unit,0.1433,154.0,0.26,0.6093,0.8486
11364,2022-11-29,2262,Thunder Bay District Health Unit,0.1531,98.0,0.65,0.9003,0.9487
11365,2022-11-29,2257,Renfrew County and District Health Unit,0.1083,50.0,0.46,0.5289,0.9366
11366,2022-11-29,2255,Peterborough County-City Health Unit,0.0758,81.0,0.55,0.9479,0.9851
11367,2022-11-29,2253,Peel Regional Health Unit,0.0948,529.0,0.33,0.9083,0.9613
11368,2022-11-29,35,Ontario,0.1066,6281.0,0.42,0.8766,0.9642
11369,2022-11-29,2244,Middlesex-London Health Unit,0.0993,197.0,0.39,0.8808,0.9794
11370,2022-11-29,2242,Lambton Health Unit,0.1802,48.0,0.36,0.7725,0.9691
11371,2022-11-29,5183,Huron Perth Health Unit,0.1135,74.0,0.53,0.7674,0.9593
11372,2022-11-29,2234,Haldimand-Norfolk Health Unit,0.1273,46.0,0.4,0.8129,0.9678
11373,2022-11-29,2230,Durham Regional Health Unit,0.0778,332.0,0.47,0.8659,0.9743
11374,2022-11-29,2226,District of Algoma Health Unit,0.0894,88.0,0.77,0.9137,0.978
11375,2022-11-29,2240,Chatham-Kent Health Unit,0.1242,71.0,0.67,0.8872,0.9787
11376,2022-11-28,2263,Timiskaming Health Unit,0.0349,12.0,0.38,0.7215,0.9494
11377,2022-11-28,2240,Chatham-Kent Health Unit,0.116,71.0,0.67,0.8753,0.9755
11378,2022-11-28,2230,Durham Regional Health Unit,0.0738,331.0,0.46,0.864,0.975
11379,2022-11-28,2226,District of Algoma Health Unit,0.0946,88.0,0.77,0.9157,0.9736
11380,2022-11-28,2241,"Kingston, Frontenac and Lennox and Addington Health Unit",0.1183,112.0,0.53,0.9396,0.9895
11381,2022-11-28,2253,Peel Regional Health Unit,0.0933,545.0,0.34,0.9162,0.9648
11382,2022-11-28,35,Ontario,0.1068,6307.0,0.43,0.8791,0.9663
11383,2022-11-28,2268,Windsor-Essex County Health Unit,0.0893,234.0,0.55,0.8166,0.969
11384,2022-11-28,4913,Southwestern Public Health,0.0732,117.0,0.55,0.9039,0.984
11385,2022-11-28,2265,Waterloo Health Unit,0.1481,149.0,0.25,0.6477,0.8627
11386,2022-11-28,2255,Peterborough County-City Health Unit,0.0835,79.0,0.53,0.946,0.9888
11387,2022-11-28,5183,Huron Perth Health Unit,0.125,73.0,0.52,0.7767,0.9553
11388,2022-11-28,2244,Middlesex-London Health Unit,0.0982,205.0,0.4,0.8831,0.9789
11389,2022-11-28,2242,Lambton Health Unit,0.1717,47.0,0.36,0.7523,0.9536
11390,2022-11-28,2247,North Bay Parry Sound District Health Unit,0.0844,69.0,0.54,0.9444,0.9691
11391,2022-11-28,2258,Eastern Ontario Health Unit,0.0956,103.0,0.49,0.889,0.974
11392,2022-11-28,2236,Halton Regional Health Unit,0.1554,131.0,0.21,0.8526,0.9229
11393,2022-11-28,2251,City of Ottawa Health Unit,0.1048,279.0,0.26,0.9232,0.9809
11394,2022-11-28,2270,York Regional Health Unit,0.1252,437.0,0.36,0.8667,0.9577
11395,2022-11-28,2266,Wellington-Dufferin-Guelph Health Unit,0.1117,109.0,0.35,0.8089,0.9555
11396,2022-11-28,2261,Sudbury and District Health Unit,0.0815,166.0,0.84,0.9041,0.9771
11397,2022-11-28,2260,Simcoe Muskoka District Health Unit,0.1064,266.0,0.44,0.9026,0.972
11398,2022-11-28,2257,Renfrew County and District Health Unit,0.1148,51.0,0.47,0.5282,0.9379
11399,2022-11-28,2256,Porcupine Health Unit,0.0847,54.0,0.65,0.7973,0.8865
11400,2022-11-28,2249,Northwestern Health Unit,0.1416,48.0,0.55,0.789,0.9017
11401,2022-11-28,2246,Niagara Regional Area Health Unit,0.1204,182.0,0.38,0.7689,0.942
11402,2022-11-28,2243,"Leeds, Grenville and Lanark District Health Unit",0.0779,105.0,0.6,0.8802,0.954
11403,2022-11-28,2238,Hastings and Prince Edward Counties Health Unit,0.0621,101.0,0.6,0.9279,0.9646
11404,2022-11-28,2235,"Haliburton, Kawartha, Pine Ridge District Health Unit",0.1015,87.0,0.46,0.867,0.9583
11405,2022-11-28,2234,Haldimand-Norfolk Health Unit,0.1163,49.0,0.43,0.8075,0.9626
11406,2022-11-28,2233,Grey Bruce Health Unit,0.1196,60.0,0.35,0.7873,0.956
11407,2022-11-28,3895,City of Toronto Health Unit,0.1094,1444.0,0.46,0.9109,0.9786
11408,2022-11-28,2237,City of Hamilton Health Unit,0.1303,267.0,0.45,0.9601,0.9876
11409,2022-11-28,2227,Brant County Health Unit,0.1187,77.0,0.5,0.8774,0.9716
11410,2022-11-28,2262,Thunder Bay District Health Unit,0.1605,101.0,0.67,0.9107,0.9539
11411,2022-11-27,2240,Chatham-Kent Health Unit,0.1384,69.0,0.65,0.8514,0.9538
11412,2022-11-27,2262,Thunder Bay District Health Unit,0.1614,99.0,0.66,0.909,0.9523
11413,2022-11-27,2268,Windsor-Essex County Health Unit,0.0824,237.0,0.56,0.8047,0.9579
11414,2022-11-27,3895,City of Toronto Health Unit,0.1112,1408.0,0.45,0.9118,0.9785
11415,2022-11-27,2234,Haldimand-Norfolk Health Unit,0.1349,49.0,0.43,0.8138,0.967
11416,2022-11-27,2233,Grey Bruce Health Unit,0.1474,58.0,0.34,0.7805,0.9512
11417,2022-11-27,2244,Middlesex-London Health Unit,0.1001,207.0,0.41,0.8866,0.9786
11418,2022-11-27,2257,Renfrew County and District Health Unit,0.1099,53.0,0.49,0.4934,0.9344
11419,2022-11-27,2256,Porcupine Health Unit,0.0884,52.0,0.62,0.8017,0.8926
11420,2022-11-27,2263,Timiskaming Health Unit,0.0494,12.0,0.35,0.7176,0.9412
11421,2022-11-27,2266,Wellington-Dufferin-Guelph Health Unit,0.0991,108.0,0.35,0.8097,0.9556
11422,2022-11-27,2270,York Regional Health Unit,0.1231,435.0,0.36,0.8677,0.9593
11423,2022-11-27,2260,Simcoe Muskoka District Health Unit,0.0981,269.0,0.45,0.9068,0.976
11424,2022-11-27,2243,"Leeds, Grenville and Lanark District Health Unit",0.0772,102.0,0.59,0.8736,0.956
11425,2022-11-27,2249,Northwestern Health Unit,0.125,51.0,0.59,0.7951,0.9071
11426,2022-11-27,2246,Niagara Regional Area Health Unit,0.1296,180.0,0.38,0.7754,0.9428
11427,2022-11-27,2253,Peel Regional Health Unit,0.0959,553.0,0.34,0.9208,0.9677
11428,2022-11-27,2235,"Haliburton, Kawartha, Pine Ridge District Health Unit",0.1111,90.0,0.48,0.8711,0.9607
11429,2022-11-27,2241,"Kingston, Frontenac and Lennox and Addington Health Unit",0.1105,105.0,0.49,0.9438,0.9877
11430,2022-11-27,2237,City of Hamilton Health Unit,0.1345,285.0,0.48,0.9592,0.9862
11431,2022-11-27,2230,Durham Regional Health Unit,0.069,331.0,0.47,0.8658,0.9765
11432,2022-11-27,2265,Waterloo Health Unit,0.145,154.0,0.26,0.6536,0.8605
11433,2022-11-27,2261,Sudbury and District Health Unit,0.0925,159.0,0.8,0.9172,0.9791
11434,2022-11-27,4913,Southwestern Public Health,0.0685,117.0,0.55,0.9029,0.9801
11435,2022-11-27,2255,Peterborough County-City Health Unit,0.0792,76.0,0.51,0.9412,0.9867
11436,2022-11-27,35,Ontario,0.1079,6292.0,0.42,0.8791,0.966
11437,2022-11-27,2247,North Bay Parry Sound District Health Unit,0.0852,70.0,0.54,0.9482,0.9701
11438,2022-11-27,2242,Lambton Health Unit,0.2043,46.0,0.35,0.7606,0.9515
11439,2022-11-27,5183,Huron Perth Health Unit,0.1219,74.0,0.53,0.7837,0.9583
11440,2022-11-27,2238,Hastings and Prince Edward Counties Health Unit,0.0667,107.0,0.64,0.9332,0.972
11441,2022-11-27,2236,Halton Regional Health Unit,0.153,133.0,0.21,0.8425,0.913
11442,2022-11-27,2258,Eastern Ontario Health Unit,0.0968,103.0,0.49,0.8867,0.9731
11443,2022-11-27,2226,District of Algoma Health Unit,0.1126,86.0,0.75,0.9172,0.9768
11444,2022-11-27,2251,City of Ottawa Health Unit,0.1098,276.0,0.26,0.913,0.9795
11445,2022-11-27,2227,Brant County Health Unit,0.1159,79.0,0.51,0.8628,0.9688
11446,2022-11-26,3895,City of Toronto Health Unit,0.1098,1408.0,0.45,0.9105,0.9773
11447,2022-11-26,2243,"Leeds, Grenville and Lanark District Health Unit",0.082,99.0,0.57,0.8706,0.9603
11448,2022-11-26,2258,Eastern Ontario Health Unit,0.0976,101.0,0.48,0.8941,0.9721
11449,2022-11-26,2238,Hastings and Prince Edward Counties Health Unit,0.0677,106.0,0.63,0.9289,0.9726
11450,2022-11-26,2236,Halton Regional Health Unit,0.1534,135.0,0.22,0.8416,0.9149
11451,2022-11-26,2249,Northwestern Health Unit,0.1253,52.0,0.6,0.8128,0.9064
11452,2022-11-26,2261,Sudbury and District Health Unit,0.0883,171.0,0.86,0.9282,0.9823
11453,2022-11-26,4913,Southwestern Public Health,0.0706,113.0,0.54,0.9042,0.9808
11454,2022-11-26,2240,Chatham-Kent Health Unit,0.144,69.0,0.65,0.8635,0.9558
11455,2022-11-26,2268,Windsor-Essex County Health Unit,0.0864,237.0,0.56,0.8049,0.9579
11456,2022-11-26,2262,Thunder Bay District Health Unit,0.163,98.0,0.65,0.9144,0.9652
11457,2022-11-26,2247,North Bay Parry Sound District Health Unit,0.0878,70.0,0.54,0.9465,0.9663
11458,2022-11-26,2255,Peterborough County-City Health Unit,0.081,76.0,0.51,0.9363,0.9831
11459,2022-11-26,35,Ontario,0.1082,6268.0,0.42,0.8797,0.966
11460,2022-11-26,2257,Renfrew County and District Health Unit,0.1158,51.0,0.47,0.5552,0.9128
11461,2022-11-26,5183,Huron Perth Health Unit,0.122,71.0,0.51,0.7899,0.9591
11462,2022-11-26,2251,City of Ottawa Health Unit,0.1106,276.0,0.26,0.9146,0.9797
11463,2022-11-26,2244,Middlesex-London Health Unit,0.0933,207.0,0.41,0.8829,0.9767
11464,2022-11-26,2226,District of Algoma Health Unit,0.1128,84.0,0.73,0.9148,0.9843
11465,2022-11-26,2234,Haldimand-Norfolk Health Unit,0.1479,48.0,0.42,0.7902,0.9655
11466,2022-11-26,2270,York Regional Health Unit,0.1199,427.0,0.35,0.8639,0.9599
11467,2022-11-26,2266,Wellington-Dufferin-Guelph Health Unit,0.1032,104.0,0.33,0.8239,0.9545
11468,2022-11-26,2265,Waterloo Health Unit,0.1513,153.0,0.26,0.6586,0.8606
11469,2022-11-26,2263,Timiskaming Health Unit,0.0471,12.0,0.37,0.7079,0.9551
11470,2022-11-26,2260,Simcoe Muskoka District Health Unit,0.0989,269.0,0.45,0.9026,0.9758
11471,2022-11-26,2256,Porcupine Health Unit,0.0873,51.0,0.61,0.8135,0.896
11472,2022-11-26,2253,Peel Regional Health Unit,0.0992,550.0,0.34,0.9191,0.9673
11473,2022-11-26,2246,Niagara Regional Area Health Unit,0.1329,178.0,0.38,0.7772,0.941
11474,2022-11-26,2242,Lambton Health Unit,0.1988,47.0,0.36,0.7552,0.9499
11475,2022-11-26,2241,"Kingston, Frontenac and Lennox and Addington Health Unit",0.1087,105.0,0.49,0.9475,0.9903
11476,2022-11-26,2235,"Haliburton, Kawartha, Pine Ridge District Health Unit",0.1038,91.0,0.48,0.8778,0.9662
11477,2022-11-26,2233,Grey Bruce Health Unit,0.1506,58.0,0.34,0.7694,0.949
11478,2022-11-26,2230,Durham Regional Health Unit,0.0666,324.0,0.45,0.8621,0.9759
11479,2022-11-26,2237,City of Hamilton Health Unit,0.1369,289.0,0.49,0.956,0.9874
11480,2022-11-26,2227,Brant County Health Unit,0.1121,79.0,0.51,0.8601,0.9672
11481,2022-11-25,2258,Eastern Ontario Health Unit,0.1003,97.0,0.46,0.9029,0.9707
11482,2022-11-25,2230,Durham Regional Health Unit,0.0671,317.0,0.44,0.8555,0.977
11483,2022-11-25,2247,North Bay Parry Sound District Health Unit,0.0866,69.0,0.53,0.954,0.968
11484,2022-11-25,2235,"Haliburton, Kawartha, Pine Ridge District Health Unit",0.1065,89.0,0.47,0.8684,0.9655
11485,2022-11-25,2242,Lambton Health Unit,0.1824,47.0,0.36,0.7337,0.9462
11486,2022-11-25,2241,"Kingston, Frontenac and Lennox and Addington Health Unit",0.1083,102.0,0.48,0.9414,0.9891
11487,2022-11-25,2255,Peterborough County-City Health Unit,0.0766,78.0,0.53,0.9295,0.9833
11488,2022-11-25,2265,Waterloo Health Unit,0.1558,153.0,0.26,0.7182,0.9149
11489,2022-11-25,2263,Timiskaming Health Unit,0.0471,12.0,0.37,0.7529,0.9529
11490,2022-11-25,3895,City of Toronto Health Unit,0.1088,1401.0,0.45,0.9093,0.9771
11491,2022-11-25,2266,Wellington-Dufferin-Guelph Health Unit,0.0958,103.0,0.33,0.8292,0.9625
11492,2022-11-25,2253,Peel Regional Health Unit,0.0968,543.0,0.34,0.928,0.9764
11493,2022-11-25,2260,Simcoe Muskoka District Health Unit,0.0941,266.0,0.44,0.8937,0.9726
11494,2022-11-25,2256,Porcupine Health Unit,0.0816,49.0,0.59,0.8182,0.8903
11495,2022-11-25,2261,Sudbury and District Health Unit,0.0901,170.0,0.85,0.9309,0.9795
11496,2022-11-25,2243,"Leeds, Grenville and Lanark District Health Unit",0.0893,96.0,0.55,0.8633,0.9682
11497,2022-11-25,2249,Northwestern Health Unit,0.144,55.0,0.62,0.8037,0.9005
11498,2022-11-25,2233,Grey Bruce Health Unit,0.1723,59.0,0.35,0.773,0.9598
11499,2022-11-25,2238,Hastings and Prince Edward Counties Health Unit,0.0695,103.0,0.61,0.9203,0.9776
11500,2022-11-25,2227,Brant County Health Unit,0.1096,82.0,0.53,0.8741,0.9716
11501,2022-11-25,2270,York Regional Health Unit,0.1132,419.0,0.34,0.8633,0.9566
11502,2022-11-25,2268,Windsor-Essex County Health Unit,0.0843,237.0,0.56,0.8105,0.9631
11503,2022-11-25,2262,Thunder Bay District Health Unit,0.1535,100.0,0.66,0.91,0.9536
11504,2022-11-25,4913,Southwestern Public Health,0.0691,112.0,0.53,0.9059,0.9866
11505,2022-11-25,2257,Renfrew County and District Health Unit,0.1348,53.0,0.49,0.5139,0.8806
11506,2022-11-25,35,Ontario,0.1078,6217.0,0.42,0.8805,0.9686
11507,2022-11-25,2246,Niagara Regional Area Health Unit,0.1267,174.0,0.37,0.7687,0.9397
11508,2022-11-25,2244,Middlesex-London Health Unit,0.0981,201.0,0.4,0.8934,0.9814
11509,2022-11-25,5183,Huron Perth Health Unit,0.1122,74.0,0.53,0.7719,0.9677
11510,2022-11-25,2236,Halton Regional Health Unit,0.1519,137.0,0.22,0.8559,0.9387
11511,2022-11-25,2234,Haldimand-Norfolk Health Unit,0.1538,48.0,0.42,0.7781,0.9465
11512,2022-11-25,2226,District of Algoma Health Unit,0.1153,79.0,0.69,0.9099,0.9835
11513,2022-11-25,2251,City of Ottawa Health Unit,0.1165,275.0,0.26,0.9151,0.9799
11514,2022-11-25,2237,City of Hamilton Health Unit,0.1384,291.0,0.49,0.9547,0.9884
11515,2022-11-25,2240,Chatham-Kent Health Unit,0.1455,70.0,0.66,0.8833,0.9591
11516,2022-11-24,2235,"Haliburton, Kawartha, Pine Ridge District Health Unit",0.1074,86.0,0.46,0.8467,0.9772
11517,2022-11-24,2237,City of Hamilton Health Unit,0.1433,292.0,0.49,0.9476,0.9897
11518,2022-11-24,2240,Chatham-Kent Health Unit,0.1374,75.0,0.7,0.8829,0.9578
11519,2022-11-24,5183,Huron Perth Health Unit,0.1094,73.0,0.52,0.7623,0.9646
11520,2022-11-24,2246,Niagara Regional Area Health Unit,0.125,176.0,0.37,0.7897,0.9453
11521,2022-11-24,2244,Middlesex-London Health Unit,0.0912,194.0,0.38,0.9208,0.9817
11522,2022-11-24,2260,Simcoe Muskoka District Health Unit,0.0932,270.0,0.45,0.8829,0.9688
11523,2022-11-24,2270,York Regional Health Unit,0.1096,422.0,0.34,0.8712,0.9624
11524,2022-11-24,2268,Windsor-Essex County Health Unit,0.0869,242.0,0.57,0.8227,0.9659
11525,2022-11-24,2258,Eastern Ontario Health Unit,0.1021,94.0,0.45,0.9047,0.9818
11526,2022-11-24,2257,Renfrew County and District Health Unit,0.1202,49.0,0.45,0.514,0.8436
11527,2022-11-24,2262,Thunder Bay District Health Unit,0.1681,103.0,0.69,0.9107,0.9554
11528,2022-11-24,4913,Southwestern Public Health,0.067,107.0,0.5,0.8941,0.9876
11529,2022-11-24,2265,Waterloo Health Unit,0.146,158.0,0.27,0.7029,0.8972
11530,2022-11-24,2247,North Bay Parry Sound District Health Unit,0.0981,74.0,0.57,0.9517,0.9691
11531,2022-11-24,2234,Haldimand-Norfolk Health Unit,0.1397,52.0,0.46,0.7994,0.9463
11532,2022-11-24,2255,Peterborough County-City Health Unit,0.0847,76.0,0.51,0.9253,0.9828
11533,2022-11-24,2242,Lambton Health Unit,0.1941,49.0,0.37,0.7239,0.938
11534,2022-11-24,2236,Halton Regional Health Unit,0.1445,139.0,0.23,0.862,0.9419
11535,2022-11-24,2251,City of Ottawa Health Unit,0.1256,276.0,0.26,0.9138,0.9828
11536,2022-11-24,2266,Wellington-Dufferin-Guelph Health Unit,0.0962,102.0,0.33,0.8384,0.9644
11537,2022-11-24,2263,Timiskaming Health Unit,0.0538,13.0,0.41,0.7708,0.9583
11538,2022-11-24,2261,Sudbury and District Health Unit,0.0882,168.0,0.85,0.9189,0.9745
11539,2022-11-24,2256,Porcupine Health Unit,0.0755,47.0,0.57,0.8056,0.8889
11540,2022-11-24,2253,Peel Regional Health Unit,0.0911,539.0,0.34,0.9286,0.9756
11541,2022-11-24,35,Ontario,0.1074,6212.0,0.42,0.8801,0.9691
11542,2022-11-24,2249,Northwestern Health Unit,0.151,55.0,0.63,0.806,0.9055
11543,2022-11-24,2243,"Leeds, Grenville and Lanark District Health Unit",0.0896,91.0,0.52,0.8656,0.9776
11544,2022-11-24,2241,"Kingston, Frontenac and Lennox and Addington Health Unit",0.1043,104.0,0.49,0.9425,0.9895
11545,2022-11-24,2238,Hastings and Prince Edward Counties Health Unit,0.0732,100.0,0.59,0.9067,0.9726
11546,2022-11-24,2233,Grey Bruce Health Unit,0.1788,61.0,0.36,0.7755,0.9615
11547,2022-11-24,2230,Durham Regional Health Unit,0.0666,315.0,0.44,0.8331,0.9779
11548,2022-11-24,2226,District of Algoma Health Unit,0.1151,79.0,0.69,0.906,0.9801
11549,2022-11-24,3895,City of Toronto Health Unit,0.1085,1389.0,0.45,0.9104,0.9788
11550,2022-11-24,2227,Brant County Health Unit,0.1045,83.0,0.54,0.8891,0.9731
11551,2022-11-23,2251,City of Ottawa Health Unit,0.128,290.0,0.28,0.9119,0.9851
11552,2022-11-23,2240,Chatham-Kent Health Unit,0.1434,75.0,0.7,0.8776,0.9503
11553,2022-11-23,2262,Thunder Bay District Health Unit,0.1592,101.0,0.68,0.9261,0.9658
11554,2022-11-23,2238,Hastings and Prince Edward Counties Health Unit,0.0766,104.0,0.62,0.9143,0.9755
11555,2022-11-23,5183,Huron Perth Health Unit,0.1102,73.0,0.52,0.7683,0.9573
11556,2022-11-23,35,Ontario,0.1092,6321.0,0.43,0.8741,0.9671
11557,2022-11-23,2249,Northwestern Health Unit,0.1383,58.0,0.66,0.8721,0.9719
11558,2022-11-23,2244,Middlesex-London Health Unit,0.0927,200.0,0.39,0.9229,0.9791
11559,2022-11-23,2226,District of Algoma Health Unit,0.1241,79.0,0.69,0.9096,0.9765
11560,2022-11-23,3895,City of Toronto Health Unit,0.1082,1400.0,0.45,0.9091,0.9769
11561,2022-11-23,2266,Wellington-Dufferin-Guelph Health Unit,0.0965,107.0,0.34,0.82,0.9619
11562,2022-11-23,2261,Sudbury and District Health Unit,0.0918,174.0,0.88,0.9042,0.9774
11563,2022-11-23,2263,Timiskaming Health Unit,0.0412,14.0,0.42,0.7789,0.9579
11564,2022-11-23,2270,York Regional Health Unit,0.1058,427.0,0.35,0.8579,0.9582
11565,2022-11-23,2253,Peel Regional Health Unit,0.0943,544.0,0.34,0.9152,0.9698
11566,2022-11-23,2260,Simcoe Muskoka District Health Unit,0.0949,277.0,0.46,0.8631,0.971
11567,2022-11-23,2241,"Kingston, Frontenac and Lennox and Addington Health Unit",0.114,109.0,0.51,0.947,0.9922
11568,2022-11-23,2246,Niagara Regional Area Health Unit,0.1311,183.0,0.39,0.7786,0.9491
11569,2022-11-23,2230,Durham Regional Health Unit,0.0659,312.0,0.44,0.8272,0.9755
11570,2022-11-23,2227,Brant County Health Unit,0.0982,87.0,0.56,0.9036,0.969
11571,2022-11-23,2237,City of Hamilton Health Unit,0.1521,299.0,0.5,0.9387,0.9882
11572,2022-11-23,2268,Windsor-Essex County Health Unit,0.0848,258.0,0.61,0.7936,0.9254
11573,2022-11-23,2265,Waterloo Health Unit,0.1391,166.0,0.28,0.716,0.9134
11574,2022-11-23,4913,Southwestern Public Health,0.0746,103.0,0.49,0.8904,0.9865
11575,2022-11-23,2257,Renfrew County and District Health Unit,0.119,50.0,0.46,0.513,0.8377
11576,2022-11-23,2256,Porcupine Health Unit,0.0809,49.0,0.59,0.7976,0.878
11577,2022-11-23,2255,Peterborough County-City Health Unit,0.0872,77.0,0.52,0.9274,0.9814
11578,2022-11-23,2247,North Bay Parry Sound District Health Unit,0.1104,70.0,0.54,0.9466,0.9637
11579,2022-11-23,2243,"Leeds, Grenville and Lanark District Health Unit",0.0925,91.0,0.53,0.8662,0.9793
11580,2022-11-23,2242,Lambton Health Unit,0.2171,50.0,0.38,0.7086,0.9412
11581,2022-11-23,2236,Halton Regional Health Unit,0.1423,139.0,0.22,0.8461,0.9451
11582,2022-11-23,2235,"Haliburton, Kawartha, Pine Ridge District Health Unit",0.1151,87.0,0.46,0.8401,0.9821
11583,2022-11-23,2234,Haldimand-Norfolk Health Unit,0.1361,51.0,0.45,0.8029,0.9449
11584,2022-11-23,2233,Grey Bruce Health Unit,0.2182,63.0,0.37,0.7561,0.9623
11585,2022-11-23,2258,Eastern Ontario Health Unit,0.1093,94.0,0.45,0.8985,0.98
11586,2022-11-22,2270,York Regional Health Unit,0.104,415.0,0.34,0.8518,0.9555
11587,2022-11-22,2263,Timiskaming Health Unit,0.0612,14.0,0.43,0.7885,0.9808
11588,2022-11-22,2261,Sudbury and District Health Unit,0.0893,181.0,0.91,0.9121,0.9821
11589,2022-11-22,4913,Southwestern Public Health,0.0755,102.0,0.48,0.8906,0.9889
11590,2022-11-22,2260,Simcoe Muskoka District Health Unit,0.0957,285.0,0.48,0.8511,0.9678
11591,2022-11-22,2253,Peel Regional Health Unit,0.0963,549.0,0.34,0.9089,0.9651
11592,2022-11-22,2246,Niagara Regional Area Health Unit,0.1337,188.0,0.4,0.7865,0.9425
11593,2022-11-22,2241,"Kingston, Frontenac and Lennox and Addington Health Unit",0.1182,110.0,0.52,0.9466,0.989
11594,2022-11-22,2236,Halton Regional Health Unit,0.1365,140.0,0.23,0.8229,0.9169
11595,2022-11-22,2235,"Haliburton, Kawartha, Pine Ridge District Health Unit",0.1221,91.0,0.48,0.8411,0.9766
11596,2022-11-22,2230,Durham Regional Health Unit,0.0643,316.0,0.44,0.8235,0.9748
11597,2022-11-22,2237,City of Hamilton Health Unit,0.1532,307.0,0.52,0.943,0.9874
11598,2022-11-22,2238,Hastings and Prince Edward Counties Health Unit,0.0773,107.0,0.64,0.9236,0.9819
11599,2022-11-22,3895,City of Toronto Health Unit,0.1109,1397.0,0.45,0.9053,0.9768
11600,2022-11-22,2249,Northwestern Health Unit,0.1542,61.0,0.7,0.8435,0.9509
11601,2022-11-22,2243,"Leeds, Grenville and Lanark District Health Unit",0.0928,91.0,0.52,0.8731,0.983
11602,2022-11-22,2227,Brant County Health Unit,0.0902,87.0,0.56,0.9054,0.9662
11603,2022-11-22,2233,Grey Bruce Health Unit,0.2175,64.0,0.38,0.75,0.958
11604,2022-11-22,2258,Eastern Ontario Health Unit,0.1079,93.0,0.44,0.8943,0.9794
11605,2022-11-22,2247,North Bay Parry Sound District Health Unit,0.1011,65.0,0.5,0.9316,0.9536
11606,2022-11-22,2256,Porcupine Health Unit,0.0789,49.0,0.59,0.7676,0.8471
11607,2022-11-22,2255,Peterborough County-City Health Unit,0.087,77.0,0.52,0.9372,0.9834
11608,2022-11-22,2266,Wellington-Dufferin-Guelph Health Unit,0.0907,109.0,0.35,0.8264,0.9597
11609,2022-11-22,5183,Huron Perth Health Unit,0.1048,71.0,0.51,0.7675,0.963
11610,2022-11-22,2265,Waterloo Health Unit,0.1317,171.0,0.29,0.6978,0.9073
11611,2022-11-22,2268,Windsor-Essex County Health Unit,0.079,262.0,0.62,0.747,0.9233
11612,2022-11-22,2257,Renfrew County and District Health Unit,0.1202,49.0,0.45,0.5231,0.8439
11613,2022-11-22,2242,Lambton Health Unit,0.2096,50.0,0.39,0.7742,0.9384
11614,2022-11-22,2262,Thunder Bay District Health Unit,0.1474,108.0,0.72,0.9046,0.9677
11615,2022-11-22,2244,Middlesex-London Health Unit,0.1008,196.0,0.39,0.9122,0.9742
11616,2022-11-22,35,Ontario,0.1093,6359.0,0.43,0.8679,0.9644
11617,2022-11-22,2234,Haldimand-Norfolk Health Unit,0.1433,50.0,0.44,0.7981,0.9338
11618,2022-11-22,2251,City of Ottawa Health Unit,0.1273,293.0,0.28,0.9071,0.9831
11619,2022-11-22,2240,Chatham-Kent Health Unit,0.1404,73.0,0.69,0.8825,0.9512
11620,2022-11-22,2226,District of Algoma Health Unit,0.1263,80.0,0.7,0.9064,0.977
11621,2022-11-21,2246,Niagara Regional Area Health Unit,0.1475,201.0,0.43,0.7904,0.9511
11622,2022-11-21,2268,Windsor-Essex County Health Unit,0.0812,264.0,0.62,0.7217,0.9164
11623,2022-11-21,2263,Timiskaming Health Unit,0.0481,15.0,0.45,0.7963,0.9907
11624,2022-11-21,2262,Thunder Bay District Health Unit,0.1369,106.0,0.71,0.8987,0.9636
11625,2022-11-21,2257,Renfrew County and District Health Unit,0.1331,50.0,0.46,0.5054,0.8234
11626,2022-11-21,2255,Peterborough County-City Health Unit,0.0858,82.0,0.55,0.9388,0.9802
11627,2022-11-21,35,Ontario,0.1086,6443.0,0.43,0.8657,0.9629
11628,2022-11-21,2244,Middlesex-London Health Unit,0.1124,192.0,0.38,0.9104,0.9697
11629,2022-11-21,2242,Lambton Health Unit,0.2347,54.0,0.41,0.7843,0.9391
11630,2022-11-21,2241,"Kingston, Frontenac and Lennox and Addington Health Unit",0.108,103.0,0.48,0.9549,0.9915
11631,2022-11-21,5183,Huron Perth Health Unit,0.0821,70.0,0.5,0.7756,0.9637
11632,2022-11-21,2234,Haldimand-Norfolk Health Unit,0.1489,44.0,0.39,0.8129,0.9387
11633,2022-11-21,2258,Eastern Ontario Health Unit,0.1328,96.0,0.46,0.8926,0.9773
11634,2022-11-21,2226,District of Algoma Health Unit,0.1257,80.0,0.7,0.9104,0.9807
11635,2022-11-21,2240,Chatham-Kent Health Unit,0.1509,79.0,0.74,0.8692,0.9439
11636,2022-11-21,2247,North Bay Parry Sound District Health Unit,0.1023,63.0,0.48,0.9629,0.976
11637,2022-11-21,2265,Waterloo Health Unit,0.12,179.0,0.31,0.6667,0.8896
11638,2022-11-21,2251,City of Ottawa Health Unit,0.1299,288.0,0.27,0.9029,0.9768
11639,2022-11-21,2236,Halton Regional Health Unit,0.1284,141.0,0.23,0.8101,0.912
11640,2022-11-21,2235,"Haliburton, Kawartha, Pine Ridge District Health Unit",0.1018,88.0,0.47,0.8302,0.9728
11641,2022-11-21,2253,Peel Regional Health Unit,0.0988,540.0,0.34,0.9076,0.9651
11642,2022-11-21,4913,Southwestern Public Health,0.0777,105.0,0.5,0.8805,0.9839
11643,2022-11-21,2260,Simcoe Muskoka District Health Unit,0.1061,292.0,0.49,0.8396,0.9588
11644,2022-11-21,2243,"Leeds, Grenville and Lanark District Health Unit",0.0973,94.0,0.54,0.8712,0.9739
11645,2022-11-21,2270,York Regional Health Unit,0.0982,426.0,0.35,0.8567,0.9552
11646,2022-11-21,2266,Wellington-Dufferin-Guelph Health Unit,0.0984,113.0,0.36,0.8399,0.9667
11647,2022-11-21,2261,Sudbury and District Health Unit,0.0824,196.0,0.98,0.9153,0.9811
11648,2022-11-21,2249,Northwestern Health Unit,0.1497,63.0,0.72,0.8318,0.9439
11649,2022-11-21,2256,Porcupine Health Unit,0.088,49.0,0.58,0.7877,0.8523
11650,2022-11-21,2238,Hastings and Prince Edward Counties Health Unit,0.0793,108.0,0.64,0.929,0.9845
11651,2022-11-21,2237,City of Hamilton Health Unit,0.1582,322.0,0.54,0.9369,0.9865
11652,2022-11-21,2230,Durham Regional Health Unit,0.0633,327.0,0.46,0.8169,0.9725
11653,2022-11-21,3895,City of Toronto Health Unit,0.103,1399.0,0.45,0.906,0.9776
11654,2022-11-21,2233,Grey Bruce Health Unit,0.2114,68.0,0.4,0.7667,0.9676
11655,2022-11-21,2227,Brant County Health Unit,0.0814,84.0,0.54,0.9168,0.9728
11656,2022-11-20,2268,Windsor-Essex County Health Unit,0.0821,261.0,0.61,0.7246,0.9257
11657,2022-11-20,2266,Wellington-Dufferin-Guelph Health Unit,0.0953,112.0,0.36,0.8209,0.9558
11658,2022-11-20,2261,Sudbury and District Health Unit,0.0761,193.0,0.97,0.9072,0.9782
11659,2022-11-20,2260,Simcoe Muskoka District Health Unit,0.1112,289.0,0.48,0.8316,0.9535
11660,2022-11-20,2256,Porcupine Health Unit,0.0742,48.0,0.58,0.7819,0.8536
11661,2022-11-20,2249,Northwestern Health Unit,0.1618,64.0,0.73,0.8238,0.9361
11662,2022-11-20,2246,Niagara Regional Area Health Unit,0.1508,200.0,0.42,0.7816,0.9452
11663,2022-11-20,2244,Middlesex-London Health Unit,0.1173,199.0,0.39,0.9061,0.9718
11664,2022-11-20,2243,"Leeds, Grenville and Lanark District Health Unit",0.0983,94.0,0.55,0.8746,0.9725
11665,2022-11-20,2238,Hastings and Prince Edward Counties Health Unit,0.0908,109.0,0.64,0.928,0.983
11666,2022-11-20,2235,"Haliburton, Kawartha, Pine Ridge District Health Unit",0.0856,85.0,0.45,0.825,0.9708
11667,2022-11-20,2233,Grey Bruce Health Unit,0.209,67.0,0.39,0.7764,0.9752
11668,2022-11-20,3895,City of Toronto Health Unit,0.101,1428.0,0.46,0.8997,0.974
11669,2022-11-20,2237,City of Hamilton Health Unit,0.15,304.0,0.51,0.9377,0.9856
11670,2022-11-20,2240,Chatham-Kent Health Unit,0.1474,76.0,0.71,0.8868,0.9623
11671,2022-11-20,2227,Brant County Health Unit,0.0824,87.0,0.56,0.9296,0.9765
11672,2022-11-20,2253,Peel Regional Health Unit,0.1008,543.0,0.34,0.8921,0.9562
11673,2022-11-20,2270,York Regional Health Unit,0.0991,428.0,0.35,0.8453,0.9559
11674,2022-11-20,2230,Durham Regional Health Unit,0.0717,325.0,0.46,0.8101,0.9699
11675,2022-11-20,2241,"Kingston, Frontenac and Lennox and Addington Health Unit",0.1263,121.0,0.57,0.9552,0.9906
11676,2022-11-20,5183,Huron Perth Health Unit,0.0886,68.0,0.48,0.7591,0.9656
11677,2022-11-20,2257,Renfrew County and District Health Unit,0.1278,50.0,0.46,0.5378,0.8319
11678,2022-11-20,2263,Timiskaming Health Unit,0.045,16.0,0.49,0.7925,0.9811
11679,2022-11-20,2262,Thunder Bay District Health Unit,0.1529,109.0,0.73,0.8788,0.9482
11680,2022-11-20,2247,North Bay Parry Sound District Health Unit,0.1285,66.0,0.51,0.96,0.9756
11681,2022-11-20,2265,Waterloo Health Unit,0.1166,179.0,0.31,0.6424,0.8689
11682,2022-11-20,35,Ontario,0.1091,6478.0,0.44,0.8604,0.9606
11683,2022-11-20,2255,Peterborough County-City Health Unit,0.096,82.0,0.55,0.9401,0.98
11684,2022-11-20,4913,Southwestern Public Health,0.0811,106.0,0.5,0.8905,0.9894
11685,2022-11-20,2242,Lambton Health Unit,0.2171,55.0,0.42,0.7766,0.9315
11686,2022-11-20,2226,District of Algoma Health Unit,0.1151,87.0,0.76,0.9136,0.9817
11687,2022-11-20,2234,Haldimand-Norfolk Health Unit,0.1176,44.0,0.38,0.8119,0.9373
11688,2022-11-20,2258,Eastern Ontario Health Unit,0.1441,95.0,0.46,0.8971,0.9803
11689,2022-11-20,2236,Halton Regional Health Unit,0.1255,142.0,0.23,0.8111,0.9165
11690,2022-11-20,2251,City of Ottawa Health Unit,0.1286,289.0,0.27,0.9087,0.978
11691,2022-11-19,2265,Waterloo Health Unit,0.1144,184.0,0.31,0.6313,0.8694
11692,2022-11-19,2262,Thunder Bay District Health Unit,0.1502,111.0,0.74,0.8766,0.9447
11693,2022-11-19,4913,Southwestern Public Health,0.0903,109.0,0.52,0.8866,0.9885
11694,2022-11-19,2255,Peterborough County-City Health Unit,0.0917,81.0,0.55,0.9345,0.9818
11695,2022-11-19,35,Ontario,0.1097,6518.0,0.44,0.8573,0.9595
11696,2022-11-19,2249,Northwestern Health Unit,0.1634,66.0,0.75,0.8279,0.939
11697,2022-11-19,2247,North Bay Parry Sound District Health Unit,0.1332,65.0,0.5,0.9599,0.9755
11698,2022-11-19,2242,Lambton Health Unit,0.2231,56.0,0.43,0.7736,0.9328
11699,2022-11-19,2236,Halton Regional Health Unit,0.1284,141.0,0.23,0.7994,0.9036
11700,2022-11-19,2258,Eastern Ontario Health Unit,0.1443,96.0,0.46,0.8963,0.9778
11701,2022-11-19,2226,District of Algoma Health Unit,0.1334,87.0,0.76,0.9184,0.9772
11702,2022-11-19,3895,City of Toronto Health Unit,0.0993,1426.0,0.46,0.8963,0.9735
11703,2022-11-19,2251,City of Ottawa Health Unit,0.1294,288.0,0.27,0.9057,0.9779
11704,2022-11-19,5183,Huron Perth Health Unit,0.087,69.0,0.49,0.7484,0.9623
11705,2022-11-19,2256,Porcupine Health Unit,0.0769,48.0,0.58,0.7529,0.8621
11706,2022-11-19,2257,Renfrew County and District Health Unit,0.123,52.0,0.48,0.5415,0.8367
11707,2022-11-19,2240,Chatham-Kent Health Unit,0.1524,77.0,0.72,0.8883,0.9663
11708,2022-11-19,2227,Brant County Health Unit,0.0964,87.0,0.56,0.9186,0.9718
11709,2022-11-19,2234,Haldimand-Norfolk Health Unit,0.1097,44.0,0.39,0.8386,0.943
11710,2022-11-19,2244,Middlesex-London Health Unit,0.1206,201.0,0.4,0.908,0.9718
11711,2022-11-19,2243,"Leeds, Grenville and Lanark District Health Unit",0.097,94.0,0.54,0.8929,0.9774
11712,2022-11-19,2261,Sudbury and District Health Unit,0.0814,183.0,0.92,0.9086,0.9783
11713,2022-11-19,2268,Windsor-Essex County Health Unit,0.0819,263.0,0.62,0.7217,0.9258
11714,2022-11-19,2266,Wellington-Dufferin-Guelph Health Unit,0.1,113.0,0.36,0.8139,0.9526
11715,2022-11-19,2253,Peel Regional Health Unit,0.0992,550.0,0.34,0.8878,0.9537
11716,2022-11-19,2270,York Regional Health Unit,0.1006,426.0,0.35,0.8424,0.9547
11717,2022-11-19,2260,Simcoe Muskoka District Health Unit,0.1116,292.0,0.49,0.8196,0.9481
11718,2022-11-19,2263,Timiskaming Health Unit,0.0463,15.0,0.47,0.8137,0.9804
11719,2022-11-19,2246,Niagara Regional Area Health Unit,0.1451,212.0,0.45,0.7823,0.9441
11720,2022-11-19,2233,Grey Bruce Health Unit,0.2079,69.0,0.4,0.79,0.9762
11721,2022-11-19,2238,Hastings and Prince Edward Counties Health Unit,0.089,111.0,0.66,0.919,0.982
11722,2022-11-19,2235,"Haliburton, Kawartha, Pine Ridge District Health Unit",0.0912,85.0,0.45,0.823,0.9716
11723,2022-11-19,2241,"Kingston, Frontenac and Lennox and Addington Health Unit",0.1296,121.0,0.57,0.9459,0.9899
11724,2022-11-19,2237,City of Hamilton Health Unit,0.1529,308.0,0.52,0.9389,0.9848
11725,2022-11-19,2230,Durham Regional Health Unit,0.0688,326.0,0.46,0.8036,0.9675
11726,2022-11-18,2270,York Regional Health Unit,0.1042,437.0,0.36,0.8332,0.9534
11727,2022-11-18,2266,Wellington-Dufferin-Guelph Health Unit,0.0981,115.0,0.37,0.8066,0.9513
11728,2022-11-18,2263,Timiskaming Health Unit,0.0472,15.0,0.46,0.8367,0.9796
11729,2022-11-18,2260,Simcoe Muskoka District Health Unit,0.1138,288.0,0.48,0.8095,0.9459
11730,2022-11-18,2255,Peterborough County-City Health Unit,0.0952,81.0,0.55,0.9386,0.9856
11731,2022-11-18,2253,Peel Regional Health Unit,0.1017,574.0,0.36,0.8857,0.9525
11732,2022-11-18,2246,Niagara Regional Area Health Unit,0.1591,224.0,0.47,0.793,0.9471
11733,2022-11-18,2243,"Leeds, Grenville and Lanark District Health Unit",0.0928,99.0,0.57,0.9114,0.9805
11734,2022-11-18,2241,"Kingston, Frontenac and Lennox and Addington Health Unit",0.1257,126.0,0.59,0.9532,0.9922
11735,2022-11-18,2235,"Haliburton, Kawartha, Pine Ridge District Health Unit",0.0888,87.0,0.46,0.8258,0.9682
11736,2022-11-18,2258,Eastern Ontario Health Unit,0.1373,99.0,0.47,0.8922,0.9762
11737,2022-11-18,2230,Durham Regional Health Unit,0.0702,332.0,0.47,0.7989,0.9632
11738,2022-11-18,2237,City of Hamilton Health Unit,0.153,307.0,0.52,0.9426,0.9845
11739,2022-11-18,2227,Brant County Health Unit,0.105,86.0,0.55,0.9082,0.9733
11740,2022-11-18,2233,Grey Bruce Health Unit,0.1979,69.0,0.41,0.8026,0.9718
11741,2022-11-18,2256,Porcupine Health Unit,0.0765,49.0,0.58,0.7411,0.8512
11742,2022-11-18,2261,Sudbury and District Health Unit,0.0773,183.0,0.92,0.9154,0.9812
11743,2022-11-18,3895,City of Toronto Health Unit,0.1017,1446.0,0.46,0.8939,0.9717
11744,2022-11-18,2251,City of Ottawa Health Unit,0.1272,292.0,0.28,0.8886,0.9714
11745,2022-11-18,2238,Hastings and Prince Edward Counties Health Unit,0.0962,108.0,0.64,0.9235,0.9796
11746,2022-11-18,2249,Northwestern Health Unit,0.1525,64.0,0.73,0.8474,0.9413
11747,2022-11-18,2247,North Bay Parry Sound District Health Unit,0.1381,68.0,0.53,0.9653,0.9783
11748,2022-11-18,2265,Waterloo Health Unit,0.1159,187.0,0.32,0.6047,0.8718
11749,2022-11-18,2257,Renfrew County and District Health Unit,0.1232,51.0,0.47,0.5462,0.8375
11750,2022-11-18,4913,Southwestern Public Health,0.0963,111.0,0.53,0.887,0.9882
11751,2022-11-18,2268,Windsor-Essex County Health Unit,0.0869,263.0,0.62,0.7126,0.9218
11752,2022-11-18,2262,Thunder Bay District Health Unit,0.1487,109.0,0.72,0.8872,0.9552
11753,2022-11-18,35,Ontario,0.112,6623.0,0.45,0.8558,0.9585
11754,2022-11-18,2236,Halton Regional Health Unit,0.1333,140.0,0.23,0.7996,0.9027
11755,2022-11-18,2242,Lambton Health Unit,0.2347,58.0,0.45,0.785,0.9326
11756,2022-11-18,5183,Huron Perth Health Unit,0.0946,66.0,0.48,0.7788,0.9539
11757,2022-11-18,2244,Middlesex-London Health Unit,0.1205,209.0,0.41,0.9123,0.9703
11758,2022-11-18,2226,District of Algoma Health Unit,0.1408,90.0,0.79,0.9222,0.9768
11759,2022-11-18,2234,Haldimand-Norfolk Health Unit,0.1149,46.0,0.4,0.8532,0.9556
11760,2022-11-18,2240,Chatham-Kent Health Unit,0.1608,82.0,0.77,0.8723,0.9686
11761,2022-11-17,2268,Windsor-Essex County Health Unit,0.0845,257.0,0.6,0.731,0.9256
11762,2022-11-17,2262,Thunder Bay District Health Unit,0.1408,108.0,0.72,0.8914,0.9576
11763,2022-11-17,4913,Southwestern Public Health,0.1105,109.0,0.51,0.8883,0.9805
11764,2022-11-17,2260,Simcoe Muskoka District Health Unit,0.1155,289.0,0.48,0.818,0.946
11765,2022-11-17,2257,Renfrew County and District Health Unit,0.1089,50.0,0.46,0.5368,0.8528
11766,2022-11-17,35,Ontario,0.1134,6602.0,0.45,0.856,0.9581
11767,2022-11-17,2244,Middlesex-London Health Unit,0.1295,214.0,0.42,0.9073,0.9723
11768,2022-11-17,2235,"Haliburton, Kawartha, Pine Ridge District Health Unit",0.0833,87.0,0.46,0.8519,0.9646
11769,2022-11-17,5183,Huron Perth Health Unit,0.0976,64.0,0.46,0.7782,0.9582
11770,2022-11-17,2234,Haldimand-Norfolk Health Unit,0.1309,43.0,0.37,0.8459,0.9335
11771,2022-11-17,2226,District of Algoma Health Unit,0.147,88.0,0.77,0.9287,0.9784
11772,2022-11-17,2251,City of Ottawa Health Unit,0.1249,283.0,0.27,0.894,0.9711
11773,2022-11-17,2240,Chatham-Kent Health Unit,0.1758,73.0,0.69,0.8778,0.9685
11774,2022-11-17,2236,Halton Regional Health Unit,0.1423,143.0,0.23,0.7924,0.8981
11775,2022-11-17,2247,North Bay Parry Sound District Health Unit,0.1444,65.0,0.5,0.9692,0.9824
11776,2022-11-17,2263,Timiskaming Health Unit,0.0408,14.0,0.43,0.7753,0.9663
11777,2022-11-17,2265,Waterloo Health Unit,0.1234,190.0,0.32,0.5831,0.8731
11778,2022-11-17,2237,City of Hamilton Health Unit,0.1505,305.0,0.51,0.9524,0.9845
11779,2022-11-17,2258,Eastern Ontario Health Unit,0.1366,101.0,0.49,0.8989,0.9758
11780,2022-11-17,2230,Durham Regional Health Unit,0.0737,330.0,0.46,0.8169,0.9596
11781,2022-11-17,2242,Lambton Health Unit,0.2316,56.0,0.43,0.7654,0.9432
11782,2022-11-17,2255,Peterborough County-City Health Unit,0.0889,84.0,0.56,0.9423,0.9843
11783,2022-11-17,2253,Peel Regional Health Unit,0.1065,589.0,0.37,0.883,0.9534
11784,2022-11-17,2270,York Regional Health Unit,0.1076,433.0,0.35,0.8105,0.9461
11785,2022-11-17,2261,Sudbury and District Health Unit,0.0845,184.0,0.93,0.929,0.9879
11786,2022-11-17,2256,Porcupine Health Unit,0.0781,48.0,0.57,0.7485,0.8521
11787,2022-11-17,2266,Wellington-Dufferin-Guelph Health Unit,0.1017,117.0,0.37,0.8076,0.9498
11788,2022-11-17,2241,"Kingston, Frontenac and Lennox and Addington Health Unit",0.1301,128.0,0.6,0.9542,0.992
11789,2022-11-17,2246,Niagara Regional Area Health Unit,0.1648,222.0,0.47,0.781,0.9467
11790,2022-11-17,2243,"Leeds, Grenville and Lanark District Health Unit",0.0996,96.0,0.56,0.9126,0.9793
11791,2022-11-17,2249,Northwestern Health Unit,0.1462,61.0,0.69,0.8469,0.9358
11792,2022-11-17,2233,Grey Bruce Health Unit,0.1898,67.0,0.39,0.8013,0.9744
11793,2022-11-17,2238,Hastings and Prince Edward Counties Health Unit,0.0909,112.0,0.66,0.9322,0.9831
11794,2022-11-17,2227,Brant County Health Unit,0.1094,82.0,0.53,0.9083,0.9735
11795,2022-11-17,3895,City of Toronto Health Unit,0.0999,1450.0,0.46,0.8938,0.9712
11796,2022-11-16,2266,Wellington-Dufferin-Guelph Health Unit,0.0971,119.0,0.38,0.8181,0.9495
11797,2022-11-16,2262,Thunder Bay District Health Unit,0.1452,112.0,0.75,0.9064,0.9675
11798,2022-11-16,2261,Sudbury and District Health Unit,0.094,170.0,0.86,0.9427,0.9873
11799,2022-11-16,2256,Porcupine Health Unit,0.0712,44.0,0.53,0.743,0.8545
11800,2022-11-16,2253,Peel Regional Health Unit,0.1019,593.0,0.37,0.8888,0.9565
11801,2022-11-16,2249,Northwestern Health Unit,0.1411,60.0,0.68,0.8734,0.9266
11802,2022-11-16,2243,"Leeds, Grenville and Lanark District Health Unit",0.0963,96.0,0.56,0.9073,0.9808
11803,2022-11-16,5183,Huron Perth Health Unit,0.1047,67.0,0.48,0.7718,0.9652
11804,2022-11-16,2238,Hastings and Prince Edward Counties Health Unit,0.0991,112.0,0.67,0.9226,0.9835
11805,2022-11-16,2233,Grey Bruce Health Unit,0.1804,66.0,0.39,0.8283,0.9717
11806,2022-11-16,2226,District of Algoma Health Unit,0.139,90.0,0.79,0.9369,0.9842
11807,2022-11-16,3895,City of Toronto Health Unit,0.099,1459.0,0.47,0.8965,0.9706
11808,2022-11-16,2227,Brant County Health Unit,0.1117,82.0,0.53,0.9176,0.9817
11809,2022-11-16,2240,Chatham-Kent Health Unit,0.1801,78.0,0.73,0.8815,0.9695
11810,2022-11-16,2237,City of Hamilton Health Unit,0.1538,300.0,0.51,0.9581,0.9851
11811,2022-11-16,2230,Durham Regional Health Unit,0.0712,341.0,0.48,0.8283,0.9567
11812,2022-11-16,2263,Timiskaming Health Unit,0.0444,13.0,0.39,0.7955,0.9659
11813,2022-11-16,2270,York Regional Health Unit,0.1102,438.0,0.36,0.8136,0.9467
11814,2022-11-16,2241,"Kingston, Frontenac and Lennox and Addington Health Unit",0.1311,126.0,0.59,0.9289,0.9902
11815,2022-11-16,2235,"Haliburton, Kawartha, Pine Ridge District Health Unit",0.0707,89.0,0.47,0.8644,0.9525
11816,2022-11-16,2234,Haldimand-Norfolk Health Unit,0.1306,45.0,0.39,0.85,0.9313
11817,2022-11-16,2246,Niagara Regional Area Health Unit,0.1667,224.0,0.47,0.8017,0.95
11818,2022-11-16,2260,Simcoe Muskoka District Health Unit,0.1134,296.0,0.49,0.8272,0.9411
11819,2022-11-16,2257,Renfrew County and District Health Unit,0.1003,48.0,0.45,0.5151,0.8283
11820,2022-11-16,2265,Waterloo Health Unit,0.1328,187.0,0.32,0.5635,0.8796
11821,2022-11-16,2268,Windsor-Essex County Health Unit,0.0909,262.0,0.62,0.7572,0.9677
11822,2022-11-16,4913,Southwestern Public Health,0.1009,110.0,0.52,0.8597,0.981
11823,2022-11-16,2244,Middlesex-London Health Unit,0.13,207.0,0.41,0.8949,0.9747
11824,2022-11-16,35,Ontario,0.1138,6647.0,0.45,0.8587,0.9596
11825,2022-11-16,2247,North Bay Parry Sound District Health Unit,0.1408,71.0,0.55,0.9303,0.9868
11826,2022-11-16,2255,Peterborough County-City Health Unit,0.0967,81.0,0.55,0.9263,0.9856
11827,2022-11-16,2242,Lambton Health Unit,0.2107,56.0,0.43,0.7256,0.9256
11828,2022-11-16,2236,Halton Regional Health Unit,0.1541,149.0,0.24,0.7983,0.888
11829,2022-11-16,2251,City of Ottawa Health Unit,0.1296,289.0,0.27,0.8919,0.9702
11830,2022-11-16,2258,Eastern Ontario Health Unit,0.1398,100.0,0.48,0.9006,0.981
11831,2022-11-15,2244,Middlesex-London Health Unit,0.1277,204.0,0.4,0.8966,0.9772
11832,2022-11-15,2268,Windsor-Essex County Health Unit,0.0916,253.0,0.59,0.8004,0.9691
11833,2022-11-15,2266,Wellington-Dufferin-Guelph Health Unit,0.0976,123.0,0.39,0.8189,0.9538
11834,2022-11-15,2265,Waterloo Health Unit,0.138,190.0,0.33,0.5428,0.8958
11835,2022-11-15,4913,Southwestern Public Health,0.1037,109.0,0.51,0.8503,0.9788
11836,2022-11-15,2257,Renfrew County and District Health Unit,0.0973,47.0,0.43,0.4969,0.8117
11837,2022-11-15,2255,Peterborough County-City Health Unit,0.0998,80.0,0.54,0.9292,0.9837
11838,2022-11-15,2247,North Bay Parry Sound District Health Unit,0.1332,78.0,0.6,0.9198,0.9932
11839,2022-11-15,2243,"Leeds, Grenville and Lanark District Health Unit",0.1072,89.0,0.52,0.8964,0.9779
11840,2022-11-15,2242,Lambton Health Unit,0.2157,58.0,0.45,0.7116,0.9279
11841,2022-11-15,2236,Halton Regional Health Unit,0.1562,148.0,0.24,0.8353,0.92
11842,2022-11-15,2258,Eastern Ontario Health Unit,0.1456,97.0,0.47,0.8875,0.9815
11843,2022-11-15,2226,District of Algoma Health Unit,0.1395,92.0,0.81,0.9375,0.9844
11844,2022-11-15,2251,City of Ottawa Health Unit,0.1302,281.0,0.27,0.8915,0.973
11845,2022-11-15,2227,Brant County Health Unit,0.1162,81.0,0.52,0.9251,0.9861
11846,2022-11-15,2234,Haldimand-Norfolk Health Unit,0.1184,43.0,0.38,0.8725,0.9346
11847,2022-11-15,2240,Chatham-Kent Health Unit,0.1741,80.0,0.75,0.8662,0.9637
11848,2022-11-15,2233,Grey Bruce Health Unit,0.1763,66.0,0.39,0.8445,0.9784
11849,2022-11-15,5183,Huron Perth Health Unit,0.1084,71.0,0.51,0.7554,0.9665
11850,2022-11-15,2238,Hastings and Prince Edward Counties Health Unit,0.1015,111.0,0.66,0.9212,0.9812
11851,2022-11-15,35,Ontario,0.1139,6675.0,0.45,0.8607,0.9623
11852,2022-11-15,2262,Thunder Bay District Health Unit,0.1494,110.0,0.73,0.9179,0.9661
11853,2022-11-15,2261,Sudbury and District Health Unit,0.0957,160.0,0.8,0.8637,0.981
11854,2022-11-15,2237,City of Hamilton Health Unit,0.1566,306.0,0.52,0.9541,0.9855
11855,2022-11-15,2270,York Regional Health Unit,0.1126,459.0,0.37,0.8155,0.9466
11856,2022-11-15,2263,Timiskaming Health Unit,0.0225,13.0,0.39,0.7978,0.9438
11857,2022-11-15,2249,Northwestern Health Unit,0.125,58.0,0.66,0.8314,0.9097
11858,2022-11-15,2256,Porcupine Health Unit,0.0648,42.0,0.5,0.8494,0.9608
11859,2022-11-15,2253,Peel Regional Health Unit,0.1034,606.0,0.38,0.8969,0.9612
11860,2022-11-15,2260,Simcoe Muskoka District Health Unit,0.118,283.0,0.47,0.8403,0.9435
11861,2022-11-15,2241,"Kingston, Frontenac and Lennox and Addington Health Unit",0.1246,124.0,0.58,0.9278,0.9922
11862,2022-11-15,3895,City of Toronto Health Unit,0.0939,1488.0,0.48,0.9004,0.9703
11863,2022-11-15,2246,Niagara Regional Area Health Unit,0.1642,234.0,0.5,0.7967,0.9525
11864,2022-11-15,2230,Durham Regional Health Unit,0.0778,338.0,0.47,0.8289,0.9597
11865,2022-11-15,2235,"Haliburton, Kawartha, Pine Ridge District Health Unit",0.0583,86.0,0.45,0.8788,0.9596
11866,2022-11-14,2270,York Regional Health Unit,0.1182,463.0,0.38,0.8132,0.9449
11867,2022-11-14,2263,Timiskaming Health Unit,0.033,13.0,0.4,0.7931,0.908
11868,2022-11-14,2260,Simcoe Muskoka District Health Unit,0.1117,281.0,0.47,0.8421,0.9452
11869,2022-11-14,2253,Peel Regional Health Unit,0.1007,621.0,0.39,0.8973,0.9576
11870,2022-11-14,2247,North Bay Parry Sound District Health Unit,0.152,85.0,0.65,0.9201,0.9932
11871,2022-11-14,2246,Niagara Regional Area Health Unit,0.1653,226.0,0.48,0.7939,0.9427
11872,2022-11-14,2241,"Kingston, Frontenac and Lennox and Addington Health Unit",0.1317,128.0,0.6,0.9158,0.9888
11873,2022-11-14,2238,Hastings and Prince Edward Counties Health Unit,0.1089,113.0,0.67,0.9158,0.978
11874,2022-11-14,2235,"Haliburton, Kawartha, Pine Ridge District Health Unit",0.0644,89.0,0.47,0.8871,0.971
11875,2022-11-14,2230,Durham Regional Health Unit,0.0837,340.0,0.48,0.8281,0.9606
11876,2022-11-14,3895,City of Toronto Health Unit,0.098,1463.0,0.47,0.8974,0.9673
11877,2022-11-14,2251,City of Ottawa Health Unit,0.1271,285.0,0.27,0.8962,0.9799
11878,2022-11-14,2237,City of Hamilton Health Unit,0.1476,296.0,0.5,0.9569,0.9871
11879,2022-11-14,2233,Grey Bruce Health Unit,0.1714,65.0,0.38,0.8526,0.9789
11880,2022-11-14,2258,Eastern Ontario Health Unit,0.1296,89.0,0.43,0.8794,0.9815
11881,2022-11-14,2261,Sudbury and District Health Unit,0.109,148.0,0.74,0.868,0.9858
11882,2022-11-14,2249,Northwestern Health Unit,0.1134,57.0,0.65,0.8264,0.9028
11883,2022-11-14,2227,Brant County Health Unit,0.1256,84.0,0.54,0.9235,0.983
11884,2022-11-14,2236,Halton Regional Health Unit,0.1699,149.0,0.24,0.8353,0.9163
11885,2022-11-14,2243,"Leeds, Grenville and Lanark District Health Unit",0.1139,84.0,0.49,0.8543,0.9836
11886,2022-11-14,2242,Lambton Health Unit,0.2063,59.0,0.45,0.7153,0.9319
11887,2022-11-14,2256,Porcupine Health Unit,0.0625,48.0,0.58,0.8254,0.9379
11888,2022-11-14,2266,Wellington-Dufferin-Guelph Health Unit,0.0915,122.0,0.39,0.8187,0.952
11889,2022-11-14,2265,Waterloo Health Unit,0.1435,195.0,0.33,0.5746,0.9178
11890,2022-11-14,2226,District of Algoma Health Unit,0.1598,97.0,0.84,0.9428,0.9876
11891,2022-11-14,2268,Windsor-Essex County Health Unit,0.0876,251.0,0.59,0.8163,0.9654
11892,2022-11-14,2255,Peterborough County-City Health Unit,0.1031,79.0,0.53,0.9278,0.9848
11893,2022-11-14,4913,Southwestern Public Health,0.1293,107.0,0.51,0.8585,0.9811
11894,2022-11-14,2257,Renfrew County and District Health Unit,0.0726,43.0,0.4,0.4884,0.8086
11895,2022-11-14,2262,Thunder Bay District Health Unit,0.1399,112.0,0.75,0.9117,0.9614
11896,2022-11-14,2244,Middlesex-London Health Unit,0.1221,212.0,0.42,0.8968,0.98
11897,2022-11-14,35,Ontario,0.1156,6657.0,0.45,0.8615,0.962
11898,2022-11-14,2234,Haldimand-Norfolk Health Unit,0.1188,43.0,0.38,0.8705,0.9337
11899,2022-11-14,5183,Huron Perth Health Unit,0.118,71.0,0.51,0.7588,0.9773
11900,2022-11-14,2240,Chatham-Kent Health Unit,0.1767,74.0,0.69,0.8909,0.9737
11901,2022-11-13,2268,Windsor-Essex County Health Unit,0.0938,251.0,0.59,0.8212,0.968
11902,2022-11-13,2265,Waterloo Health Unit,0.1456,213.0,0.36,0.5926,0.9441
11903,2022-11-13,2262,Thunder Bay District Health Unit,0.1266,115.0,0.77,0.933,0.976
11904,2022-11-13,2257,Renfrew County and District Health Unit,0.0918,44.0,0.4,0.4877,0.7789
11905,2022-11-13,2253,Peel Regional Health Unit,0.0975,620.0,0.39,0.9102,0.9646
11906,2022-11-13,35,Ontario,0.1195,6775.0,0.46,0.8659,0.9644
11907,2022-11-13,2244,Middlesex-London Health Unit,0.1284,215.0,0.42,0.8972,0.9786
11908,2022-11-13,2242,Lambton Health Unit,0.2299,60.0,0.46,0.6773,0.9341
11909,2022-11-13,5183,Huron Perth Health Unit,0.1394,71.0,0.51,0.7692,0.9777
11910,2022-11-13,2234,Haldimand-Norfolk Health Unit,0.148,47.0,0.41,0.8696,0.9362
11911,2022-11-13,2230,Durham Regional Health Unit,0.0857,349.0,0.49,0.8323,0.9591
11912,2022-11-13,2226,District of Algoma Health Unit,0.1648,91.0,0.8,0.9474,0.9904
11913,2022-11-13,2258,Eastern Ontario Health Unit,0.1417,89.0,0.43,0.868,0.9809
11914,2022-11-13,2240,Chatham-Kent Health Unit,0.1637,72.0,0.68,0.8832,0.9754
11915,2022-11-13,2236,Halton Regional Health Unit,0.1759,154.0,0.25,0.8301,0.9082
11916,2022-11-13,2255,Peterborough County-City Health Unit,0.1058,78.0,0.53,0.9316,0.9871
11917,2022-11-13,2251,City of Ottawa Health Unit,0.1378,286.0,0.27,0.8931,0.9784
11918,2022-11-13,2237,City of Hamilton Health Unit,0.1635,310.0,0.52,0.9573,0.9897
11919,2022-11-13,2241,"Kingston, Frontenac and Lennox and Addington Health Unit",0.1355,124.0,0.58,0.9187,0.9898
11920,2022-11-13,2247,North Bay Parry Sound District Health Unit,0.1445,89.0,0.69,0.9249,0.992
11921,2022-11-13,2246,Niagara Regional Area Health Unit,0.1664,233.0,0.49,0.8134,0.9526
11922,2022-11-13,4913,Southwestern Public Health,0.14,107.0,0.51,0.8482,0.9814
11923,2022-11-13,2270,York Regional Health Unit,0.1229,471.0,0.38,0.8171,0.9368
11924,2022-11-13,2233,Grey Bruce Health Unit,0.1771,69.0,0.4,0.8491,0.979
11925,2022-11-13,2260,Simcoe Muskoka District Health Unit,0.1162,285.0,0.48,0.8459,0.9486
11926,2022-11-13,2263,Timiskaming Health Unit,0.0235,12.0,0.37,0.8095,0.9286
11927,2022-11-13,2266,Wellington-Dufferin-Guelph Health Unit,0.1077,122.0,0.39,0.8304,0.9626
11928,2022-11-13,2261,Sudbury and District Health Unit,0.1125,164.0,0.82,0.8764,0.9886
11929,2022-11-13,2249,Northwestern Health Unit,0.1121,61.0,0.7,0.8156,0.8889
11930,2022-11-13,2235,"Haliburton, Kawartha, Pine Ridge District Health Unit",0.0764,92.0,0.48,0.8921,0.9698
11931,2022-11-13,2256,Porcupine Health Unit,0.0858,48.0,0.58,0.8421,0.9444
11932,2022-11-13,2243,"Leeds, Grenville and Lanark District Health Unit",0.1132,82.0,0.47,0.8384,0.9847
11933,2022-11-13,3895,City of Toronto Health Unit,0.0981,1484.0,0.48,0.9035,0.9716
11934,2022-11-13,2238,Hastings and Prince Edward Counties Health Unit,0.1098,113.0,0.67,0.9175,0.9763
11935,2022-11-13,2227,Brant County Health Unit,0.1173,84.0,0.54,0.9182,0.9836
11936,2022-11-12,2270,York Regional Health Unit,0.1206,479.0,0.39,0.8218,0.9371
11937,2022-11-12,2266,Wellington-Dufferin-Guelph Health Unit,0.1077,127.0,0.41,0.8351,0.9608
11938,2022-11-12,2261,Sudbury and District Health Unit,0.1223,166.0,0.83,0.8415,0.9499
11939,2022-11-12,2260,Simcoe Muskoka District Health Unit,0.1247,285.0,0.48,0.8612,0.9539
11940,2022-11-12,2257,Renfrew County and District Health Unit,0.0972,41.0,0.38,0.5057,0.7962
11941,2022-11-12,2256,Porcupine Health Unit,0.0873,47.0,0.57,0.8805,0.9434
11942,2022-11-12,2249,Northwestern Health Unit,0.1101,61.0,0.7,0.8151,0.8886
11943,2022-11-12,2246,Niagara Regional Area Health Unit,0.1656,238.0,0.5,0.7938,0.9495
11944,2022-11-12,2243,"Leeds, Grenville and Lanark District Health Unit",0.1146,82.0,0.48,0.836,0.9857
11945,2022-11-12,2238,Hastings and Prince Edward Counties Health Unit,0.1114,113.0,0.67,0.9311,0.9766
11946,2022-11-12,2235,"Haliburton, Kawartha, Pine Ridge District Health Unit",0.0733,94.0,0.5,0.8951,0.9698
11947,2022-11-12,2234,Haldimand-Norfolk Health Unit,0.1532,48.0,0.42,0.8593,0.9327
11948,2022-11-12,2233,Grey Bruce Health Unit,0.1742,70.0,0.41,0.8548,0.9758
11949,2022-11-12,3895,City of Toronto Health Unit,0.0988,1495.0,0.48,0.9066,0.9722
11950,2022-11-12,2237,City of Hamilton Health Unit,0.1661,321.0,0.54,0.9565,0.9894
11951,2022-11-12,2227,Brant County Health Unit,0.1161,86.0,0.56,0.9165,0.9904
11952,2022-11-12,2241,"Kingston, Frontenac and Lennox and Addington Health Unit",0.1429,127.0,0.6,0.9305,0.9894
11953,2022-11-12,5183,Huron Perth Health Unit,0.1591,73.0,0.52,0.7649,0.975
11954,2022-11-12,2230,Durham Regional Health Unit,0.09,359.0,0.5,0.8329,0.9576
11955,2022-11-12,2226,District of Algoma Health Unit,0.1599,92.0,0.8,0.9353,0.9938
11956,2022-11-12,2244,Middlesex-London Health Unit,0.1335,214.0,0.42,0.899,0.9825
11957,2022-11-12,2253,Peel Regional Health Unit,0.0974,624.0,0.39,0.9161,0.9666
11958,2022-11-12,35,Ontario,0.1218,6833.0,0.46,0.8637,0.964
11959,2022-11-12,2263,Timiskaming Health Unit,0.0247,12.0,0.35,0.8,0.9176
11960,2022-11-12,2236,Halton Regional Health Unit,0.1772,156.0,0.25,0.8504,0.9215
11961,2022-11-12,2262,Thunder Bay District Health Unit,0.1285,118.0,0.79,0.937,0.9782
11962,2022-11-12,2268,Windsor-Essex County Health Unit,0.0968,251.0,0.59,0.7663,0.9671
11963,2022-11-12,2265,Waterloo Health Unit,0.1527,213.0,0.36,0.5751,0.9351
11964,2022-11-12,2255,Peterborough County-City Health Unit,0.1168,78.0,0.53,0.9407,0.9885
11965,2022-11-12,4913,Southwestern Public Health,0.1382,105.0,0.5,0.8401,0.9783
11966,2022-11-12,2242,Lambton Health Unit,0.235,60.0,0.45,0.6597,0.9352
11967,2022-11-12,2247,North Bay Parry Sound District Health Unit,0.1502,91.0,0.7,0.9298,0.9938
11968,2022-11-12,2258,Eastern Ontario Health Unit,0.1491,88.0,0.42,0.8662,0.9825
11969,2022-11-12,2240,Chatham-Kent Health Unit,0.1616,70.0,0.66,0.8547,0.9684
11970,2022-11-12,2251,City of Ottawa Health Unit,0.1425,282.0,0.27,0.8864,0.9769
11971,2022-11-11,2265,Waterloo Health Unit,0.1574,214.0,0.37,0.5905,0.9355
11972,2022-11-11,2262,Thunder Bay District Health Unit,0.1296,120.0,0.8,0.9341,0.9788
11973,2022-11-11,2261,Sudbury and District Health Unit,0.1231,173.0,0.87,0.8535,0.9532
11974,2022-11-11,4913,Southwestern Public Health,0.1485,105.0,0.5,0.848,0.9802
11975,2022-11-11,2255,Peterborough County-City Health Unit,0.1322,77.0,0.52,0.936,0.9835
11976,2022-11-11,35,Ontario,0.1241,6841.0,0.46,0.8673,0.9661
11977,2022-11-11,2247,North Bay Parry Sound District Health Unit,0.1504,92.0,0.71,0.9237,0.9938
11978,2022-11-11,2242,Lambton Health Unit,0.2404,59.0,0.45,0.6682,0.9286
11979,2022-11-11,2238,Hastings and Prince Edward Counties Health Unit,0.1089,114.0,0.68,0.9273,0.9789
11980,2022-11-11,2236,Halton Regional Health Unit,0.1757,161.0,0.26,0.8507,0.9213
11981,2022-11-11,2258,Eastern Ontario Health Unit,0.1616,88.0,0.42,0.8687,0.9873
11982,2022-11-11,2251,City of Ottawa Health Unit,0.1518,285.0,0.27,0.9047,0.9841
11983,2022-11-11,2226,District of Algoma Health Unit,0.1612,92.0,0.81,0.9258,0.9939
11984,2022-11-11,5183,Huron Perth Health Unit,0.1724,75.0,0.53,0.7611,0.9778
11985,2022-11-11,2244,Middlesex-London Health Unit,0.1455,212.0,0.42,0.9079,0.984
11986,2022-11-11,2240,Chatham-Kent Health Unit,0.1509,66.0,0.62,0.879,0.9679
11987,2022-11-11,2234,Haldimand-Norfolk Health Unit,0.1572,45.0,0.4,0.7826,0.9429
11988,2022-11-11,2233,Grey Bruce Health Unit,0.1754,71.0,0.42,0.858,0.9767
11989,2022-11-11,2249,Northwestern Health Unit,0.1233,63.0,0.71,0.8031,0.8894
11990,2022-11-11,2257,Renfrew County and District Health Unit,0.0601,40.0,0.37,0.5208,0.8299
11991,2022-11-11,2256,Porcupine Health Unit,0.0868,48.0,0.57,0.8746,0.953
11992,2022-11-11,2268,Windsor-Essex County Health Unit,0.0975,254.0,0.6,0.7608,0.9654
11993,2022-11-11,2241,"Kingston, Frontenac and Lennox and Addington Health Unit",0.156,123.0,0.58,0.9289,0.9882
11994,2022-11-11,2266,Wellington-Dufferin-Guelph Health Unit,0.1154,126.0,0.4,0.8353,0.9551
11995,2022-11-11,2270,York Regional Health Unit,0.1245,481.0,0.39,0.8342,0.9442
11996,2022-11-11,2260,Simcoe Muskoka District Health Unit,0.1248,292.0,0.49,0.8703,0.9577
11997,2022-11-11,2263,Timiskaming Health Unit,0.0233,12.0,0.38,0.7895,0.9263
11998,2022-11-11,2243,"Leeds, Grenville and Lanark District Health Unit",0.123,80.0,0.46,0.8352,0.9837
11999,2022-11-11,2246,Niagara Regional Area Health Unit,0.1638,232.0,0.49,0.801,0.9493
12000,2022-11-11,2253,Peel Regional Health Unit,0.0947,612.0,0.38,0.9145,0.968
12001,2022-11-11,2235,"Haliburton, Kawartha, Pine Ridge District Health Unit",0.0823,92.0,0.49,0.8967,0.9711
12002,2022-11-11,2227,Brant County Health Unit,0.1219,87.0,0.56,0.9211,0.9903
12003,2022-11-11,3895,City of Toronto Health Unit,0.0993,1497.0,0.48,0.9074,0.9745
12004,2022-11-11,2237,City of Hamilton Health Unit,0.1697,323.0,0.55,0.9537,0.9892
12005,2022-11-11,2230,Durham Regional Health Unit,0.0894,363.0,0.51,0.8461,0.9602
12006,2022-11-10,2270,York Regional Health Unit,0.1265,492.0,0.4,0.8365,0.9501
12007,2022-11-10,2265,Waterloo Health Unit,0.1682,218.0,0.37,0.6137,0.9454
12008,2022-11-10,2263,Timiskaming Health Unit,0.0217,13.0,0.4,0.8081,0.9293
12009,2022-11-10,2260,Simcoe Muskoka District Health Unit,0.1302,299.0,0.5,0.8642,0.9563
12010,2022-11-10,2256,Porcupine Health Unit,0.0923,48.0,0.58,0.8966,0.9624
12011,2022-11-10,2253,Peel Regional Health Unit,0.0978,617.0,0.38,0.9202,0.9708
12012,2022-11-10,2246,Niagara Regional Area Health Unit,0.1693,242.0,0.51,0.8223,0.9549
12013,2022-11-10,2243,"Leeds, Grenville and Lanark District Health Unit",0.1219,87.0,0.5,0.8134,0.9836
12014,2022-11-10,2242,Lambton Health Unit,0.2415,63.0,0.48,0.7018,0.9266
12015,2022-11-10,2241,"Kingston, Frontenac and Lennox and Addington Health Unit",0.1659,121.0,0.57,0.9321,0.9887
12016,2022-11-10,2235,"Haliburton, Kawartha, Pine Ridge District Health Unit",0.0889,96.0,0.51,0.8821,0.9657
12017,2022-11-10,2233,Grey Bruce Health Unit,0.1753,74.0,0.44,0.8585,0.9764
12018,2022-11-10,2230,Durham Regional Health Unit,0.0917,368.0,0.52,0.854,0.9619
12019,2022-11-10,2237,City of Hamilton Health Unit,0.1803,330.0,0.56,0.9498,0.9886
12020,2022-11-10,2227,Brant County Health Unit,0.1329,90.0,0.58,0.9128,0.9875
12021,2022-11-10,2249,Northwestern Health Unit,0.131,65.0,0.75,0.8017,0.8988
12022,2022-11-10,2247,North Bay Parry Sound District Health Unit,0.1498,93.0,0.72,0.9188,0.9931
12023,2022-11-10,2266,Wellington-Dufferin-Guelph Health Unit,0.1184,127.0,0.41,0.8358,0.9564
12024,2022-11-10,3895,City of Toronto Health Unit,0.1031,1523.0,0.49,0.906,0.974
12025,2022-11-10,2238,Hastings and Prince Edward Counties Health Unit,0.1114,110.0,0.65,0.9187,0.9803
12026,2022-11-10,2236,Halton Regional Health Unit,0.1711,163.0,0.26,0.8147,0.9304
12027,2022-11-10,2255,Peterborough County-City Health Unit,0.1426,80.0,0.54,0.8048,0.8525
12028,2022-11-10,2261,Sudbury and District Health Unit,0.1285,179.0,0.9,0.8601,0.9551
12029,2022-11-10,4913,Southwestern Public Health,0.1333,116.0,0.55,0.8602,0.988
12030,2022-11-10,2244,Middlesex-London Health Unit,0.1577,219.0,0.43,0.9097,0.9802
12031,2022-11-10,2268,Windsor-Essex County Health Unit,0.1043,266.0,0.63,0.7589,0.964
12032,2022-11-10,2262,Thunder Bay District Health Unit,0.1289,129.0,0.86,0.9275,0.9769
12033,2022-11-10,35,Ontario,0.1286,7036.0,0.47,0.866,0.9656
12034,2022-11-10,2257,Renfrew County and District Health Unit,0.0669,41.0,0.37,0.5449,0.8301
12035,2022-11-10,5183,Huron Perth Health Unit,0.1956,77.0,0.55,0.7702,0.9798
12036,2022-11-10,2251,City of Ottawa Health Unit,0.1513,314.0,0.3,0.892,0.9813
12037,2022-11-10,2258,Eastern Ontario Health Unit,0.1712,88.0,0.42,0.8683,0.9843
12038,2022-11-10,2226,District of Algoma Health Unit,0.1659,92.0,0.81,0.9217,0.994
12039,2022-11-10,2234,Haldimand-Norfolk Health Unit,0.1592,48.0,0.42,0.7851,0.9656
12040,2022-11-10,2240,Chatham-Kent Health Unit,0.1503,77.0,0.72,0.8791,0.9708
12041,2022-11-09,2270,York Regional Health Unit,0.1286,500.0,0.41,0.8494,0.9556
12042,2022-11-09,2268,Windsor-Essex County Health Unit,0.115,265.0,0.62,0.7565,0.9636
12043,2022-11-09,2262,Thunder Bay District Health Unit,0.1269,131.0,0.87,0.923,0.9747
12044,2022-11-09,4913,Southwestern Public Health,0.155,119.0,0.56,0.8783,0.9784
12045,2022-11-09,2257,Renfrew County and District Health Unit,0.0667,43.0,0.39,0.5647,0.8486
12046,2022-11-09,35,Ontario,0.1317,7149.0,0.48,0.8642,0.9617
12047,2022-11-09,2246,Niagara Regional Area Health Unit,0.1707,251.0,0.53,0.8256,0.9562
12048,2022-11-09,2244,Middlesex-London Health Unit,0.1764,224.0,0.44,0.9036,0.9819
12049,2022-11-09,5183,Huron Perth Health Unit,0.1957,79.0,0.56,0.7678,0.9789
12050,2022-11-09,2236,Halton Regional Health Unit,0.168,164.0,0.27,0.8161,0.9395
12051,2022-11-09,2234,Haldimand-Norfolk Health Unit,0.1884,52.0,0.45,0.7535,0.9695
12052,2022-11-09,2226,District of Algoma Health Unit,0.1872,94.0,0.82,0.9095,0.9755
12053,2022-11-09,2251,City of Ottawa Health Unit,0.1514,310.0,0.29,0.8978,0.9823
12054,2022-11-09,2237,City of Hamilton Health Unit,0.1813,346.0,0.58,0.9469,0.9882
12055,2022-11-09,2240,Chatham-Kent Health Unit,0.1423,73.0,0.69,0.8459,0.9774
12056,2022-11-09,2247,North Bay Parry Sound District Health Unit,0.1507,101.0,0.78,0.943,0.9917
12057,2022-11-09,2255,Peterborough County-City Health Unit,0.1465,85.0,0.57,0.7625,0.7982
12058,2022-11-09,2258,Eastern Ontario Health Unit,0.1779,89.0,0.43,0.8765,0.9826
12059,2022-11-09,2242,Lambton Health Unit,0.2489,64.0,0.49,0.7359,0.9255
12060,2022-11-09,2241,"Kingston, Frontenac and Lennox and Addington Health Unit",0.1608,126.0,0.59,0.9571,0.9907
12061,2022-11-09,2260,Simcoe Muskoka District Health Unit,0.1382,308.0,0.51,0.8736,0.9648
12062,2022-11-09,2265,Waterloo Health Unit,0.1698,227.0,0.39,0.6094,0.9336
12063,2022-11-09,2263,Timiskaming Health Unit,0.0313,14.0,0.42,0.8,0.9263
12064,2022-11-09,2249,Northwestern Health Unit,0.1502,67.0,0.76,0.8098,0.906
12065,2022-11-09,2266,Wellington-Dufferin-Guelph Health Unit,0.1163,129.0,0.41,0.8317,0.9565
12066,2022-11-09,2253,Peel Regional Health Unit,0.0991,621.0,0.39,0.8934,0.9397
12067,2022-11-09,2256,Porcupine Health Unit,0.0873,47.0,0.57,0.897,0.9576
12068,2022-11-09,2261,Sudbury and District Health Unit,0.1172,195.0,0.98,0.8649,0.954
12069,2022-11-09,2243,"Leeds, Grenville and Lanark District Health Unit",0.1305,84.0,0.49,0.822,0.983
12070,2022-11-09,2230,Durham Regional Health Unit,0.0984,377.0,0.53,0.8667,0.967
12071,2022-11-09,2235,"Haliburton, Kawartha, Pine Ridge District Health Unit",0.0988,94.0,0.5,0.882,0.9652
12072,2022-11-09,2233,Grey Bruce Health Unit,0.1663,73.0,0.43,0.8515,0.9782
12073,2022-11-09,2238,Hastings and Prince Edward Counties Health Unit,0.1017,108.0,0.64,0.9247,0.9822
12074,2022-11-09,2227,Brant County Health Unit,0.1411,91.0,0.59,0.8819,0.9873
12075,2022-11-09,3895,City of Toronto Health Unit,0.1033,1529.0,0.49,0.9017,0.9697
12076,2022-11-08,2266,Wellington-Dufferin-Guelph Health Unit,0.1296,128.0,0.41,0.8325,0.9501
12077,2022-11-08,2262,Thunder Bay District Health Unit,0.1228,131.0,0.88,0.9318,0.9787
12078,2022-11-08,2261,Sudbury and District Health Unit,0.1266,197.0,0.99,0.839,0.9589
12079,2022-11-08,2256,Porcupine Health Unit,0.1053,49.0,0.59,0.9007,0.9521
12080,2022-11-08,2253,Peel Regional Health Unit,0.0935,617.0,0.38,0.8271,0.8933
12081,2022-11-08,35,Ontario,0.137,7306.0,0.49,0.8564,0.9541
12082,2022-11-08,2249,Northwestern Health Unit,0.1432,68.0,0.77,0.8629,0.9371
12083,2022-11-08,2243,"Leeds, Grenville and Lanark District Health Unit",0.1356,91.0,0.52,0.8331,0.983
12084,2022-11-08,2241,"Kingston, Frontenac and Lennox and Addington Health Unit",0.1716,132.0,0.62,0.9546,0.9892
12085,2022-11-08,2238,Hastings and Prince Edward Counties Health Unit,0.102,113.0,0.67,0.9374,0.984
12086,2022-11-08,2233,Grey Bruce Health Unit,0.1676,74.0,0.44,0.8308,0.9769
12087,2022-11-08,2230,Durham Regional Health Unit,0.1029,396.0,0.56,0.8592,0.9625
12088,2022-11-08,2226,District of Algoma Health Unit,0.1984,91.0,0.79,0.9012,0.9738
12089,2022-11-08,3895,City of Toronto Health Unit,0.1089,1531.0,0.49,0.887,0.9604
12090,2022-11-08,2227,Brant County Health Unit,0.141,98.0,0.63,0.884,0.985
12091,2022-11-08,2263,Timiskaming Health Unit,0.0323,13.0,0.41,0.809,0.9438
12092,2022-11-08,2260,Simcoe Muskoka District Health Unit,0.14,323.0,0.54,0.8695,0.9576
12093,2022-11-08,2257,Renfrew County and District Health Unit,0.0689,44.0,0.4,0.6426,0.8623
12094,2022-11-08,2270,York Regional Health Unit,0.1303,514.0,0.42,0.8395,0.9542
12095,2022-11-08,2237,City of Hamilton Health Unit,0.1888,346.0,0.58,0.9449,0.9866
12096,2022-11-08,2240,Chatham-Kent Health Unit,0.1442,74.0,0.7,0.8353,0.975
12097,2022-11-08,2235,"Haliburton, Kawartha, Pine Ridge District Health Unit",0.1042,95.0,0.5,0.8711,0.9644
12098,2022-11-08,2246,Niagara Regional Area Health Unit,0.1854,250.0,0.53,0.8381,0.9534
12099,2022-11-08,2244,Middlesex-London Health Unit,0.1894,229.0,0.45,0.9047,0.9774
12100,2022-11-08,2268,Windsor-Essex County Health Unit,0.1222,277.0,0.65,0.78,0.9695
12101,2022-11-08,2255,Peterborough County-City Health Unit,0.142,94.0,0.63,0.7581,0.8026
12102,2022-11-08,4913,Southwestern Public Health,0.1771,128.0,0.61,0.8863,0.9792
12103,2022-11-08,2265,Waterloo Health Unit,0.1777,233.0,0.4,0.6158,0.9103
12104,2022-11-08,2247,North Bay Parry Sound District Health Unit,0.1676,105.0,0.81,0.953,0.9933
12105,2022-11-08,2234,Haldimand-Norfolk Health Unit,0.2044,52.0,0.46,0.7533,0.9708
12106,2022-11-08,5183,Huron Perth Health Unit,0.2247,76.0,0.55,0.7815,0.9796
12107,2022-11-08,2242,Lambton Health Unit,0.2703,65.0,0.5,0.7326,0.9283
12108,2022-11-08,2236,Halton Regional Health Unit,0.1712,179.0,0.29,0.7883,0.9241
12109,2022-11-08,2251,City of Ottawa Health Unit,0.1573,327.0,0.31,0.9068,0.9828
12110,2022-11-08,2258,Eastern Ontario Health Unit,0.1615,97.0,0.47,0.9054,0.9831
12111,2022-11-07,2268,Windsor-Essex County Health Unit,0.132,280.0,0.66,0.7895,0.9724
12112,2022-11-07,2265,Waterloo Health Unit,0.1882,228.0,0.39,0.6347,0.9116
12113,2022-11-07,4913,Southwestern Public Health,0.1702,128.0,0.61,0.8803,0.9771
12114,2022-11-07,2256,Porcupine Health Unit,0.1178,42.0,0.51,0.9244,0.9725
12115,2022-11-07,2255,Peterborough County-City Health Unit,0.1487,97.0,0.66,0.792,0.8309
12116,2022-11-07,2247,North Bay Parry Sound District Health Unit,0.162,111.0,0.86,0.9472,0.9936
12117,2022-11-07,2242,Lambton Health Unit,0.2873,64.0,0.49,0.7371,0.9416
12118,2022-11-07,2236,Halton Regional Health Unit,0.1719,181.0,0.29,0.8002,0.9331
12119,2022-11-07,2258,Eastern Ontario Health Unit,0.156,104.0,0.5,0.9162,0.9863
12120,2022-11-07,2233,Grey Bruce Health Unit,0.1843,74.0,0.44,0.8101,0.9721
12121,2022-11-07,2251,City of Ottawa Health Unit,0.1678,337.0,0.32,0.9043,0.9769
12122,2022-11-07,2240,Chatham-Kent Health Unit,0.1297,84.0,0.79,0.8294,0.9766
12123,2022-11-07,2234,Haldimand-Norfolk Health Unit,0.2108,56.0,0.49,0.7364,0.9783
12124,2022-11-07,2257,Renfrew County and District Health Unit,0.0746,48.0,0.44,0.7023,0.9191
12125,2022-11-07,2262,Thunder Bay District Health Unit,0.1353,134.0,0.89,0.929,0.9788
12126,2022-11-07,2244,Middlesex-London Health Unit,0.1957,226.0,0.45,0.8974,0.9773
12127,2022-11-07,2227,Brant County Health Unit,0.146,104.0,0.67,0.8801,0.9864
12128,2022-11-07,2226,District of Algoma Health Unit,0.1894,86.0,0.75,0.8957,0.9716
12129,2022-11-07,3895,City of Toronto Health Unit,0.1107,1557.0,0.5,0.8933,0.9651
12130,2022-11-07,5183,Huron Perth Health Unit,0.2445,78.0,0.56,0.7644,0.9634
12131,2022-11-07,35,Ontario,0.1414,7390.0,0.5,0.8599,0.9569
12132,2022-11-07,2249,Northwestern Health Unit,0.1521,69.0,0.78,0.8824,0.9502
12133,2022-11-07,2266,Wellington-Dufferin-Guelph Health Unit,0.1423,137.0,0.44,0.8358,0.9469
12134,2022-11-07,2260,Simcoe Muskoka District Health Unit,0.1543,329.0,0.55,0.8772,0.9628
12135,2022-11-07,2261,Sudbury and District Health Unit,0.1251,201.0,1.01,0.8378,0.9557
12136,2022-11-07,2263,Timiskaming Health Unit,0.0435,13.0,0.4,0.7624,0.8812
12137,2022-11-07,2270,York Regional Health Unit,0.1323,511.0,0.42,0.8418,0.9591
12138,2022-11-07,2253,Peel Regional Health Unit,0.0966,605.0,0.38,0.8249,0.8941
12139,2022-11-07,2238,Hastings and Prince Edward Counties Health Unit,0.0973,116.0,0.69,0.9399,0.9869
12140,2022-11-07,2243,"Leeds, Grenville and Lanark District Health Unit",0.1231,93.0,0.54,0.8646,0.9853
12141,2022-11-07,2241,"Kingston, Frontenac and Lennox and Addington Health Unit",0.1719,132.0,0.62,0.9644,0.99
12142,2022-11-07,2246,Niagara Regional Area Health Unit,0.1892,261.0,0.55,0.8572,0.9682
12143,2022-11-07,2230,Durham Regional Health Unit,0.1041,397.0,0.56,0.8685,0.9655
12144,2022-11-07,2235,"Haliburton, Kawartha, Pine Ridge District Health Unit",0.1177,93.0,0.49,0.8674,0.9654
12145,2022-11-07,2237,City of Hamilton Health Unit,0.2022,344.0,0.58,0.9295,0.9829
12146,2022-11-06,2270,York Regional Health Unit,0.1296,512.0,0.42,0.8423,0.9642
12147,2022-11-06,2263,Timiskaming Health Unit,0.0612,14.0,0.43,0.7692,0.8846
12148,2022-11-06,2261,Sudbury and District Health Unit,0.1236,211.0,1.06,0.8353,0.9558
12149,2022-11-06,4913,Southwestern Public Health,0.1749,131.0,0.62,0.881,0.9711
12150,2022-11-06,2260,Simcoe Muskoka District Health Unit,0.1532,333.0,0.56,0.8753,0.962
12151,2022-11-06,2253,Peel Regional Health Unit,0.0979,611.0,0.38,0.822,0.8919
12152,2022-11-06,2249,Northwestern Health Unit,0.1492,68.0,0.78,0.8794,0.9583
12153,2022-11-06,2246,Niagara Regional Area Health Unit,0.1931,263.0,0.56,0.8541,0.9665
12154,2022-11-06,2241,"Kingston, Frontenac and Lennox and Addington Health Unit",0.179,131.0,0.62,0.9592,0.9901
12155,2022-11-06,2236,Halton Regional Health Unit,0.1812,187.0,0.3,0.8114,0.9437
12156,2022-11-06,2235,"Haliburton, Kawartha, Pine Ridge District Health Unit",0.1282,96.0,0.51,0.8513,0.9632
12157,2022-11-06,2230,Durham Regional Health Unit,0.103,394.0,0.55,0.8625,0.9637
12158,2022-11-06,3895,City of Toronto Health Unit,0.1174,1558.0,0.5,0.8902,0.9633
12159,2022-11-06,2237,City of Hamilton Health Unit,0.2095,346.0,0.59,0.929,0.9802
12160,2022-11-06,2227,Brant County Health Unit,0.165,103.0,0.66,0.8856,0.9845
12161,2022-11-06,2238,Hastings and Prince Edward Counties Health Unit,0.0906,112.0,0.66,0.9441,0.992
12162,2022-11-06,2266,Wellington-Dufferin-Guelph Health Unit,0.1488,144.0,0.46,0.8369,0.9411
12163,2022-11-06,2265,Waterloo Health Unit,0.2079,227.0,0.39,0.6368,0.9013
12164,2022-11-06,2251,City of Ottawa Health Unit,0.1756,347.0,0.33,0.9028,0.9756
12165,2022-11-06,2233,Grey Bruce Health Unit,0.2027,75.0,0.44,0.812,0.968
12166,2022-11-06,2258,Eastern Ontario Health Unit,0.1458,104.0,0.5,0.9204,0.9863
12167,2022-11-06,2243,"Leeds, Grenville and Lanark District Health Unit",0.1327,90.0,0.52,0.8659,0.9842
12168,2022-11-06,2256,Porcupine Health Unit,0.107,43.0,0.51,0.9286,0.9728
12169,2022-11-06,2255,Peterborough County-City Health Unit,0.1414,113.0,0.76,0.7822,0.8235
12170,2022-11-06,2262,Thunder Bay District Health Unit,0.1433,138.0,0.92,0.9289,0.9794
12171,2022-11-06,2268,Windsor-Essex County Health Unit,0.136,283.0,0.67,0.7865,0.9699
12172,2022-11-06,2257,Renfrew County and District Health Unit,0.069,50.0,0.46,0.723,0.9335
12173,2022-11-06,2242,Lambton Health Unit,0.2916,63.0,0.48,0.7601,0.9382
12174,2022-11-06,2247,North Bay Parry Sound District Health Unit,0.1616,109.0,0.84,0.9468,0.9948
12175,2022-11-06,2244,Middlesex-London Health Unit,0.2035,219.0,0.43,0.894,0.9738
12176,2022-11-06,35,Ontario,0.1453,7445.0,0.5,0.8589,0.9558
12177,2022-11-06,2234,Haldimand-Norfolk Health Unit,0.2027,54.0,0.47,0.7335,0.9799
12178,2022-11-06,5183,Huron Perth Health Unit,0.2388,80.0,0.57,0.7592,0.949
12179,2022-11-06,2240,Chatham-Kent Health Unit,0.1429,85.0,0.8,0.8298,0.9736
12180,2022-11-06,2226,District of Algoma Health Unit,0.1882,85.0,0.74,0.8838,0.9591
12181,2022-11-05,2268,Windsor-Essex County Health Unit,0.1369,278.0,0.65,0.8456,0.9695
12182,2022-11-05,2265,Waterloo Health Unit,0.2041,225.0,0.39,0.6577,0.9067
12183,2022-11-05,2263,Timiskaming Health Unit,0.0505,14.0,0.43,0.7745,0.8922
12184,2022-11-05,2262,Thunder Bay District Health Unit,0.1434,138.0,0.92,0.9273,0.9803
12185,2022-11-05,2257,Renfrew County and District Health Unit,0.0801,55.0,0.51,0.7146,0.9192
12186,2022-11-05,2255,Peterborough County-City Health Unit,0.1402,115.0,0.78,0.7858,0.828
12187,2022-11-05,35,Ontario,0.1467,7441.0,0.5,0.8604,0.9557
12188,2022-11-05,2244,Middlesex-London Health Unit,0.2073,218.0,0.43,0.8938,0.9736
12189,2022-11-05,2241,"Kingston, Frontenac and Lennox and Addington Health Unit",0.1787,129.0,0.61,0.9569,0.989
12190,2022-11-05,5183,Huron Perth Health Unit,0.2388,80.0,0.57,0.7607,0.9482
12191,2022-11-05,2234,Haldimand-Norfolk Health Unit,0.2087,53.0,0.46,0.7472,0.9803
12192,2022-11-05,2258,Eastern Ontario Health Unit,0.1472,104.0,0.5,0.9205,0.9849
12193,2022-11-05,2226,District of Algoma Health Unit,0.1893,85.0,0.75,0.8985,0.9587
12194,2022-11-05,2240,Chatham-Kent Health Unit,0.1405,86.0,0.81,0.8384,0.9779
12195,2022-11-05,2251,City of Ottawa Health Unit,0.1763,354.0,0.34,0.9046,0.9769
12196,2022-11-05,2237,City of Hamilton Health Unit,0.2184,340.0,0.57,0.9268,0.9803
12197,2022-11-05,2242,Lambton Health Unit,0.2889,63.0,0.48,0.7802,0.9348
12198,2022-11-05,2230,Durham Regional Health Unit,0.1058,393.0,0.55,0.8638,0.9643
12199,2022-11-05,2236,Halton Regional Health Unit,0.1795,184.0,0.3,0.8044,0.9444
12200,2022-11-05,2235,"Haliburton, Kawartha, Pine Ridge District Health Unit",0.1386,97.0,0.51,0.8435,0.9573
12201,2022-11-05,2247,North Bay Parry Sound District Health Unit,0.1636,110.0,0.85,0.946,0.9949
12202,2022-11-05,4913,Southwestern Public Health,0.1781,129.0,0.61,0.8802,0.9706
12203,2022-11-05,2260,Simcoe Muskoka District Health Unit,0.1526,335.0,0.56,0.8637,0.9544
12204,2022-11-05,2227,Brant County Health Unit,0.1588,103.0,0.66,0.901,0.9842
12205,2022-11-05,2266,Wellington-Dufferin-Guelph Health Unit,0.1512,143.0,0.46,0.834,0.9443
12206,2022-11-05,2270,York Regional Health Unit,0.1315,508.0,0.41,0.8307,0.9562
12207,2022-11-05,2261,Sudbury and District Health Unit,0.1212,212.0,1.07,0.864,0.9867
12208,2022-11-05,2246,Niagara Regional Area Health Unit,0.1982,254.0,0.54,0.8641,0.9679
12209,2022-11-05,2253,Peel Regional Health Unit,0.0961,608.0,0.38,0.8158,0.8917
12210,2022-11-05,2249,Northwestern Health Unit,0.1495,68.0,0.77,0.8665,0.9562
12211,2022-11-05,2256,Porcupine Health Unit,0.1133,44.0,0.53,0.9144,0.9623
12212,2022-11-05,2243,"Leeds, Grenville and Lanark District Health Unit",0.1321,91.0,0.52,0.8538,0.9831
12213,2022-11-05,2238,Hastings and Prince Edward Counties Health Unit,0.0952,111.0,0.66,0.9347,0.991
12214,2022-11-05,3895,City of Toronto Health Unit,0.1197,1568.0,0.5,0.888,0.9627
12215,2022-11-05,2233,Grey Bruce Health Unit,0.219,75.0,0.44,0.808,0.9696
12216,2022-11-04,2270,York Regional Health Unit,0.1324,507.0,0.41,0.8321,0.9578
12217,2022-11-04,2268,Windsor-Essex County Health Unit,0.1336,277.0,0.65,0.8578,0.972
12218,2022-11-04,2266,Wellington-Dufferin-Guelph Health Unit,0.1488,144.0,0.46,0.8567,0.9549
12219,2022-11-04,2261,Sudbury and District Health Unit,0.1274,206.0,1.04,0.8484,0.9861
12220,2022-11-04,2260,Simcoe Muskoka District Health Unit,0.1555,335.0,0.56,0.8649,0.9555
12221,2022-11-04,2256,Porcupine Health Unit,0.1258,43.0,0.52,0.9123,0.9643
12222,2022-11-04,2249,Northwestern Health Unit,0.1489,67.0,0.77,0.8601,0.9588
12223,2022-11-04,2246,Niagara Regional Area Health Unit,0.1999,254.0,0.54,0.8694,0.968
12224,2022-11-04,2244,Middlesex-London Health Unit,0.2044,215.0,0.42,0.8863,0.9728
12225,2022-11-04,2243,"Leeds, Grenville and Lanark District Health Unit",0.146,92.0,0.53,0.8421,0.9845
12226,2022-11-04,2238,Hastings and Prince Edward Counties Health Unit,0.0962,111.0,0.66,0.9457,0.9922
12227,2022-11-04,2235,"Haliburton, Kawartha, Pine Ridge District Health Unit",0.1358,98.0,0.52,0.8428,0.9592
12228,2022-11-04,2233,Grey Bruce Health Unit,0.2249,72.0,0.43,0.7988,0.9691
12229,2022-11-04,3895,City of Toronto Health Unit,0.1206,1533.0,0.49,0.8897,0.9636
12230,2022-11-04,2240,Chatham-Kent Health Unit,0.1441,85.0,0.8,0.8333,0.9813
12231,2022-11-04,2227,Brant County Health Unit,0.1576,102.0,0.66,0.9064,0.986
12232,2022-11-04,2237,City of Hamilton Health Unit,0.2248,336.0,0.57,0.9256,0.9812
12233,2022-11-04,2230,Durham Regional Health Unit,0.1079,390.0,0.55,0.8701,0.9643
12234,2022-11-04,2234,Haldimand-Norfolk Health Unit,0.1984,53.0,0.47,0.8248,0.9873
12235,2022-11-04,2241,"Kingston, Frontenac and Lennox and Addington Health Unit",0.1728,129.0,0.61,0.9566,0.99
12236,2022-11-04,5183,Huron Perth Health Unit,0.2232,79.0,0.56,0.7451,0.9479
12237,2022-11-04,2253,Peel Regional Health Unit,0.0953,606.0,0.38,0.8146,0.8883
12238,2022-11-04,2263,Timiskaming Health Unit,0.0526,14.0,0.42,0.7802,0.8791
12239,2022-11-04,2262,Thunder Bay District Health Unit,0.1414,139.0,0.93,0.9305,0.9806
12240,2022-11-04,2251,City of Ottawa Health Unit,0.1771,352.0,0.33,0.8955,0.97
12241,2022-11-04,2265,Waterloo Health Unit,0.1983,222.0,0.38,0.6712,0.9116
12242,2022-11-04,35,Ontario,0.1474,7375.0,0.5,0.8628,0.9565
12243,2022-11-04,2257,Renfrew County and District Health Unit,0.0892,54.0,0.5,0.7555,0.9368
12244,2022-11-04,2255,Peterborough County-City Health Unit,0.1349,119.0,0.8,0.7965,0.8323
12245,2022-11-04,4913,Southwestern Public Health,0.1744,126.0,0.6,0.8826,0.9712
12246,2022-11-04,2242,Lambton Health Unit,0.2984,61.0,0.47,0.7888,0.9442
12247,2022-11-04,2226,District of Algoma Health Unit,0.2034,84.0,0.73,0.9039,0.9595
12248,2022-11-04,2247,North Bay Parry Sound District Health Unit,0.1708,110.0,0.85,0.9476,0.995
12249,2022-11-04,2258,Eastern Ontario Health Unit,0.147,104.0,0.5,0.922,0.9825
12250,2022-11-04,2236,Halton Regional Health Unit,0.1825,182.0,0.29,0.8077,0.9431
12251,2022-11-03,2265,Waterloo Health Unit,0.2049,220.0,0.38,0.6643,0.9126
12252,2022-11-03,4913,Southwestern Public Health,0.1887,124.0,0.59,0.8695,0.9665
12253,2022-11-03,2255,Peterborough County-City Health Unit,0.1415,118.0,0.8,0.879,0.9168
12254,2022-11-03,2249,Northwestern Health Unit,0.1556,69.0,0.79,0.8522,0.9593
12255,2022-11-03,2247,North Bay Parry Sound District Health Unit,0.164,115.0,0.89,0.9587,0.996
12256,2022-11-03,2242,Lambton Health Unit,0.309,59.0,0.45,0.7824,0.9462
12257,2022-11-03,5183,Huron Perth Health Unit,0.2055,78.0,0.56,0.7232,0.9336
12258,2022-11-03,2236,Halton Regional Health Unit,0.184,180.0,0.29,0.8396,0.9374
12259,2022-11-03,2258,Eastern Ontario Health Unit,0.1343,105.0,0.5,0.9226,0.9866
12260,2022-11-03,2226,District of Algoma Health Unit,0.1983,86.0,0.75,0.9054,0.9625
12261,2022-11-03,3895,City of Toronto Health Unit,0.1215,1514.0,0.49,0.8914,0.9649
12262,2022-11-03,2251,City of Ottawa Health Unit,0.1847,344.0,0.33,0.9104,0.972
12263,2022-11-03,2233,Grey Bruce Health Unit,0.2359,73.0,0.43,0.7967,0.967
12264,2022-11-03,2234,Haldimand-Norfolk Health Unit,0.2169,51.0,0.44,0.8394,0.9879
12265,2022-11-03,35,Ontario,0.1488,7359.0,0.5,0.863,0.9576
12266,2022-11-03,2262,Thunder Bay District Health Unit,0.1397,135.0,0.9,0.941,0.9818
12267,2022-11-03,2238,Hastings and Prince Edward Counties Health Unit,0.0946,116.0,0.69,0.9375,0.9792
12268,2022-11-03,2244,Middlesex-London Health Unit,0.1922,226.0,0.45,0.8561,0.9691
12269,2022-11-03,2243,"Leeds, Grenville and Lanark District Health Unit",0.1507,91.0,0.53,0.8494,0.9829
12270,2022-11-03,2257,Renfrew County and District Health Unit,0.1024,54.0,0.5,0.7172,0.9318
12271,2022-11-03,2268,Windsor-Essex County Health Unit,0.1378,271.0,0.64,0.8558,0.9696
12272,2022-11-03,2266,Wellington-Dufferin-Guelph Health Unit,0.151,145.0,0.46,0.8564,0.9535
12273,2022-11-03,2230,Durham Regional Health Unit,0.1073,400.0,0.56,0.8522,0.9654
12274,2022-11-03,2237,City of Hamilton Health Unit,0.2308,335.0,0.57,0.9089,0.9809
12275,2022-11-03,2240,Chatham-Kent Health Unit,0.15,83.0,0.78,0.8287,0.9808
12276,2022-11-03,2227,Brant County Health Unit,0.1543,102.0,0.66,0.9098,0.9852
12277,2022-11-03,2270,York Regional Health Unit,0.1276,508.0,0.41,0.8486,0.9597
12278,2022-11-03,2256,Porcupine Health Unit,0.1329,43.0,0.52,0.8933,0.9567
12279,2022-11-03,2261,Sudbury and District Health Unit,0.1233,209.0,1.05,0.8618,0.986
12280,2022-11-03,2260,Simcoe Muskoka District Health Unit,0.1599,337.0,0.56,0.8701,0.9601
12281,2022-11-03,2263,Timiskaming Health Unit,0.0652,13.0,0.4,0.8072,0.8795
12282,2022-11-03,2246,Niagara Regional Area Health Unit,0.2008,260.0,0.55,0.8484,0.9616
12283,2022-11-03,2253,Peel Regional Health Unit,0.0953,600.0,0.37,0.8068,0.881
12284,2022-11-03,2235,"Haliburton, Kawartha, Pine Ridge District Health Unit",0.1475,97.0,0.51,0.8446,0.9633
12285,2022-11-03,2241,"Kingston, Frontenac and Lennox and Addington Health Unit",0.1789,129.0,0.6,0.956,0.9887
12286,2022-11-02,2270,York Regional Health Unit,0.1328,519.0,0.42,0.8444,0.9607
12287,2022-11-02,2266,Wellington-Dufferin-Guelph Health Unit,0.1626,145.0,0.46,0.8735,0.9559
12288,2022-11-02,2263,Timiskaming Health Unit,0.0581,12.0,0.38,0.8065,0.8925
12289,2022-11-02,2260,Simcoe Muskoka District Health Unit,0.1653,331.0,0.55,0.8631,0.9567
12290,2022-11-02,2255,Peterborough County-City Health Unit,0.1397,123.0,0.83,0.9444,0.9778
12291,2022-11-02,2253,Peel Regional Health Unit,0.1048,605.0,0.38,0.8345,0.9097
12292,2022-11-02,2246,Niagara Regional Area Health Unit,0.2065,255.0,0.54,0.8255,0.9514
12293,2022-11-02,2243,"Leeds, Grenville and Lanark District Health Unit",0.1682,93.0,0.53,0.8363,0.9836
12294,2022-11-02,2241,"Kingston, Frontenac and Lennox and Addington Health Unit",0.1887,124.0,0.58,0.9527,0.987
12295,2022-11-02,2235,"Haliburton, Kawartha, Pine Ridge District Health Unit",0.1573,102.0,0.54,0.8566,0.9738
12296,2022-11-02,2258,Eastern Ontario Health Unit,0.13,107.0,0.51,0.9291,0.9887
12297,2022-11-02,2230,Durham Regional Health Unit,0.1134,394.0,0.55,0.848,0.9628
12298,2022-11-02,2237,City of Hamilton Health Unit,0.2291,346.0,0.58,0.8797,0.9811
12299,2022-11-02,2227,Brant County Health Unit,0.1623,103.0,0.66,0.9451,0.9845
12300,2022-11-02,2233,Grey Bruce Health Unit,0.2226,77.0,0.45,0.8115,0.9677
12301,2022-11-02,2238,Hastings and Prince Edward Counties Health Unit,0.0972,121.0,0.72,0.9179,0.9792
12302,2022-11-02,2256,Porcupine Health Unit,0.1282,45.0,0.53,0.8893,0.9631
12303,2022-11-02,3895,City of Toronto Health Unit,0.1283,1544.0,0.49,0.8971,0.9726
12304,2022-11-02,2251,City of Ottawa Health Unit,0.2002,359.0,0.34,0.9082,0.9717
12305,2022-11-02,2242,Lambton Health Unit,0.3122,59.0,0.45,0.8218,0.9678
12306,2022-11-02,2249,Northwestern Health Unit,0.1447,68.0,0.78,0.8565,0.9636
12307,2022-11-02,2247,North Bay Parry Sound District Health Unit,0.1749,107.0,0.82,0.9607,0.9944
12308,2022-11-02,2261,Sudbury and District Health Unit,0.1347,212.0,1.07,0.8289,0.9459
12309,2022-11-02,2234,Haldimand-Norfolk Health Unit,0.2321,48.0,0.42,0.8799,0.988
12310,2022-11-02,4913,Southwestern Public Health,0.1958,123.0,0.58,0.8663,0.9714
12311,2022-11-02,2265,Waterloo Health Unit,0.2068,219.0,0.37,0.7067,0.9209
12312,2022-11-02,2268,Windsor-Essex County Health Unit,0.1354,268.0,0.63,0.8617,0.9723
12313,2022-11-02,2262,Thunder Bay District Health Unit,0.1433,136.0,0.9,0.9553,0.9844
12314,2022-11-02,35,Ontario,0.1549,7436.0,0.5,0.8688,0.9624
12315,2022-11-02,2236,Halton Regional Health Unit,0.2009,188.0,0.3,0.8499,0.9362
12316,2022-11-02,2257,Renfrew County and District Health Unit,0.1161,54.0,0.5,0.7368,0.9421
12317,2022-11-02,5183,Huron Perth Health Unit,0.2299,76.0,0.55,0.7509,0.9359
12318,2022-11-02,2244,Middlesex-London Health Unit,0.1829,237.0,0.47,0.8764,0.9687
12319,2022-11-02,2226,District of Algoma Health Unit,0.2111,83.0,0.72,0.9083,0.9771
12320,2022-11-02,2240,Chatham-Kent Health Unit,0.1556,82.0,0.77,0.8544,0.9769
12321,2022-11-01,2268,Windsor-Essex County Health Unit,0.1374,263.0,0.62,0.8487,0.9702
12322,2022-11-01,2262,Thunder Bay District Health Unit,0.1532,144.0,0.96,0.9497,0.9855
12323,2022-11-01,2260,Simcoe Muskoka District Health Unit,0.1731,323.0,0.54,0.866,0.9654
12324,2022-11-01,2257,Renfrew County and District Health Unit,0.1298,56.0,0.52,0.7457,0.9462
12325,2022-11-01,2242,Lambton Health Unit,0.3128,60.0,0.46,0.8143,0.9643
12326,2022-11-01,35,Ontario,0.1599,7461.0,0.5,0.8777,0.9704
12327,2022-11-01,2246,Niagara Regional Area Health Unit,0.2186,252.0,0.53,0.8151,0.9556
12328,2022-11-01,2244,Middlesex-London Health Unit,0.1714,266.0,0.52,0.8613,0.9704
12329,2022-11-01,5183,Huron Perth Health Unit,0.2218,79.0,0.56,0.7643,0.9411
12330,2022-11-01,2236,Halton Regional Health Unit,0.2093,178.0,0.29,0.8789,0.9541
12331,2022-11-01,2235,"Haliburton, Kawartha, Pine Ridge District Health Unit",0.1612,104.0,0.55,0.8602,0.9718
12332,2022-11-01,2234,Haldimand-Norfolk Health Unit,0.2636,50.0,0.44,0.858,0.9882
12333,2022-11-01,2241,"Kingston, Frontenac and Lennox and Addington Health Unit",0.1834,121.0,0.57,0.9515,0.9879
12334,2022-11-01,2226,District of Algoma Health Unit,0.2219,93.0,0.81,0.9341,0.9796
12335,2022-11-01,2251,City of Ottawa Health Unit,0.2169,354.0,0.34,0.9031,0.971
12336,2022-11-01,2240,Chatham-Kent Health Unit,0.1574,83.0,0.78,0.849,0.9863
12337,2022-11-01,2247,North Bay Parry Sound District Health Unit,0.1745,103.0,0.79,0.9579,0.9944
12338,2022-11-01,4913,Southwestern Public Health,0.1839,120.0,0.57,0.8606,0.9689
12339,2022-11-01,2258,Eastern Ontario Health Unit,0.1457,101.0,0.48,0.9266,0.9838
12340,2022-11-01,2230,Durham Regional Health Unit,0.1156,393.0,0.55,0.8514,0.9686
12341,2022-11-01,2255,Peterborough County-City Health Unit,0.1661,131.0,0.88,0.9558,0.9823
12342,2022-11-01,2253,Peel Regional Health Unit,0.1159,599.0,0.37,0.904,0.9692
12343,2022-11-01,2265,Waterloo Health Unit,0.208,218.0,0.37,0.7187,0.9314
12344,2022-11-01,2238,Hastings and Prince Edward Counties Health Unit,0.1015,115.0,0.69,0.9187,0.9782
12345,2022-11-01,2263,Timiskaming Health Unit,0.0543,13.0,0.4,0.7416,0.8876
12346,2022-11-01,2270,York Regional Health Unit,0.1325,509.0,0.42,0.864,0.9619
12347,2022-11-01,2266,Wellington-Dufferin-Guelph Health Unit,0.1719,150.0,0.48,0.8665,0.9568
12348,2022-11-01,2256,Porcupine Health Unit,0.1161,44.0,0.53,0.8482,0.9604
12349,2022-11-01,2261,Sudbury and District Health Unit,0.1417,219.0,1.1,0.862,0.9445
12350,2022-11-01,2243,"Leeds, Grenville and Lanark District Health Unit",0.1765,87.0,0.5,0.8255,0.9764
12351,2022-11-01,2249,Northwestern Health Unit,0.166,69.0,0.79,0.8574,0.9617
12352,2022-11-01,2233,Grey Bruce Health Unit,0.2214,79.0,0.46,0.8229,0.9678
12353,2022-11-01,2237,City of Hamilton Health Unit,0.2283,356.0,0.6,0.8734,0.9765
12354,2022-11-01,2227,Brant County Health Unit,0.1683,103.0,0.66,0.9434,0.9836
12355,2022-11-01,3895,City of Toronto Health Unit,0.1307,1557.0,0.5,0.9113,0.984
12356,2022-10-31,2266,Wellington-Dufferin-Guelph Health Unit,0.1759,141.0,0.45,0.8703,0.9625
12357,2022-10-31,2263,Timiskaming Health Unit,0.0602,12.0,0.36,0.7978,0.9551
12358,2022-10-31,2262,Thunder Bay District Health Unit,0.1484,148.0,0.99,0.9606,0.9911
12359,2022-10-31,2261,Sudbury and District Health Unit,0.1397,219.0,1.1,0.8806,0.9548
12360,2022-10-31,2256,Porcupine Health Unit,0.1226,44.0,0.53,0.7688,0.8815
12361,2022-10-31,2253,Peel Regional Health Unit,0.1233,602.0,0.38,0.8999,0.9679
12362,2022-10-31,2249,Northwestern Health Unit,0.169,70.0,0.8,0.8641,0.9635
12363,2022-10-31,2243,"Leeds, Grenville and Lanark District Health Unit",0.1799,88.0,0.51,0.8235,0.9755
12364,2022-10-31,5183,Huron Perth Health Unit,0.2064,80.0,0.57,0.7844,0.9535
12365,2022-10-31,2238,Hastings and Prince Edward Counties Health Unit,0.1,114.0,0.68,0.9152,0.9776
12366,2022-10-31,2233,Grey Bruce Health Unit,0.2465,82.0,0.48,0.8417,0.9733
12367,2022-10-31,2230,Durham Regional Health Unit,0.1218,404.0,0.57,0.8477,0.9662
12368,2022-10-31,3895,City of Toronto Health Unit,0.135,1571.0,0.5,0.9089,0.9811
12369,2022-10-31,2227,Brant County Health Unit,0.1754,98.0,0.63,0.9499,0.9853
12370,2022-10-31,2241,"Kingston, Frontenac and Lennox and Addington Health Unit",0.1821,118.0,0.56,0.948,0.9876
12371,2022-10-31,2246,Niagara Regional Area Health Unit,0.2149,263.0,0.56,0.8114,0.9543
12372,2022-10-31,2237,City of Hamilton Health Unit,0.2262,371.0,0.63,0.8854,0.9781
12373,2022-10-31,2235,"Haliburton, Kawartha, Pine Ridge District Health Unit",0.1705,106.0,0.56,0.8709,0.9725
12374,2022-10-31,2234,Haldimand-Norfolk Health Unit,0.2892,47.0,0.42,0.8757,0.9831
12375,2022-10-31,35,Ontario,0.1636,7545.0,0.51,0.8781,0.9699
12376,2022-10-31,2260,Simcoe Muskoka District Health Unit,0.173,325.0,0.54,0.8684,0.9676
12377,2022-10-31,2257,Renfrew County and District Health Unit,0.1527,58.0,0.53,0.7512,0.9279
12378,2022-10-31,2270,York Regional Health Unit,0.133,522.0,0.43,0.8705,0.9602
12379,2022-10-31,2242,Lambton Health Unit,0.307,61.0,0.47,0.8322,0.966
12380,2022-10-31,2268,Windsor-Essex County Health Unit,0.1409,267.0,0.63,0.8483,0.9759
12381,2022-10-31,4913,Southwestern Public Health,0.2023,126.0,0.59,0.8683,0.9721
12382,2022-10-31,2265,Waterloo Health Unit,0.2074,223.0,0.38,0.6934,0.927
12383,2022-10-31,2244,Middlesex-London Health Unit,0.1741,272.0,0.54,0.8462,0.963
12384,2022-10-31,2247,North Bay Parry Sound District Health Unit,0.1621,99.0,0.76,0.9636,0.9958
12385,2022-10-31,2255,Peterborough County-City Health Unit,0.1778,134.0,0.91,0.9443,0.9822
12386,2022-10-31,2236,Halton Regional Health Unit,0.2114,181.0,0.29,0.8751,0.9518
12387,2022-10-31,2240,Chatham-Kent Health Unit,0.1823,74.0,0.7,0.8579,0.9854
12388,2022-10-31,2226,District of Algoma Health Unit,0.2266,99.0,0.87,0.936,0.9787
12389,2022-10-31,2251,City of Ottawa Health Unit,0.2209,360.0,0.34,0.9072,0.9766
12390,2022-10-31,2258,Eastern Ontario Health Unit,0.1487,97.0,0.46,0.9277,0.9849
12391,2022-10-30,2266,Wellington-Dufferin-Guelph Health Unit,0.1728,143.0,0.46,0.8742,0.9696
12392,2022-10-30,2265,Waterloo Health Unit,0.1941,213.0,0.36,0.6837,0.9329
12393,2022-10-30,4913,Southwestern Public Health,0.2071,128.0,0.61,0.8664,0.9759
12394,2022-10-30,2257,Renfrew County and District Health Unit,0.1816,57.0,0.53,0.7475,0.9233
12395,2022-10-30,2255,Peterborough County-City Health Unit,0.2126,125.0,0.84,0.9458,0.9831
12396,2022-10-30,2247,North Bay Parry Sound District Health Unit,0.1671,106.0,0.82,0.9528,0.996
12397,2022-10-30,2244,Middlesex-London Health Unit,0.1734,290.0,0.57,0.853,0.9664
12398,2022-10-30,2243,"Leeds, Grenville and Lanark District Health Unit",0.1878,91.0,0.53,0.8292,0.9662
12399,2022-10-30,2242,Lambton Health Unit,0.3267,65.0,0.49,0.8519,0.9749
12400,2022-10-30,2236,Halton Regional Health Unit,0.2071,181.0,0.29,0.8747,0.9537
12401,2022-10-30,2234,Haldimand-Norfolk Health Unit,0.3101,51.0,0.45,0.8591,0.9675
12402,2022-10-30,2258,Eastern Ontario Health Unit,0.1501,98.0,0.47,0.8512,0.9035
12403,2022-10-30,2251,City of Ottawa Health Unit,0.2259,370.0,0.35,0.9057,0.9754
12404,2022-10-30,2227,Brant County Health Unit,0.1784,98.0,0.63,0.9484,0.9885
12405,2022-10-30,2249,Northwestern Health Unit,0.1914,69.0,0.79,0.8844,0.9786
12406,2022-10-30,35,Ontario,0.167,7684.0,0.52,0.8749,0.968
12407,2022-10-30,2240,Chatham-Kent Health Unit,0.1902,79.0,0.74,0.8592,0.9835
12408,2022-10-30,2268,Windsor-Essex County Health Unit,0.1392,266.0,0.63,0.8069,0.9336
12409,2022-10-30,2226,District of Algoma Health Unit,0.2479,102.0,0.89,0.9436,0.9873
12410,2022-10-30,5183,Huron Perth Health Unit,0.2039,80.0,0.57,0.7802,0.9652
12411,2022-10-30,2238,Hastings and Prince Edward Counties Health Unit,0.104,117.0,0.69,0.9168,0.9792
12412,2022-10-30,2256,Porcupine Health Unit,0.1182,50.0,0.59,0.7677,0.881
12413,2022-10-30,2262,Thunder Bay District Health Unit,0.1357,151.0,1.0,0.9388,0.9796
12414,2022-10-30,2261,Sudbury and District Health Unit,0.1364,245.0,1.23,0.8811,0.9542
12415,2022-10-30,2246,Niagara Regional Area Health Unit,0.2166,266.0,0.56,0.8036,0.952
12416,2022-10-30,2263,Timiskaming Health Unit,0.0619,14.0,0.42,0.8022,0.956
12417,2022-10-30,2270,York Regional Health Unit,0.139,520.0,0.42,0.8638,0.9576
12418,2022-10-30,2253,Peel Regional Health Unit,0.1246,625.0,0.39,0.8923,0.9669
12419,2022-10-30,2260,Simcoe Muskoka District Health Unit,0.1891,338.0,0.56,0.8704,0.966
12420,2022-10-30,2241,"Kingston, Frontenac and Lennox and Addington Health Unit",0.1921,119.0,0.56,0.9518,0.9867
12421,2022-10-30,3895,City of Toronto Health Unit,0.1348,1580.0,0.51,0.9102,0.983
12422,2022-10-30,2233,Grey Bruce Health Unit,0.2467,87.0,0.51,0.8416,0.9785
12423,2022-10-30,2230,Durham Regional Health Unit,0.1266,410.0,0.58,0.8527,0.9693
12424,2022-10-30,2235,"Haliburton, Kawartha, Pine Ridge District Health Unit",0.1774,106.0,0.56,0.8877,0.9778
12425,2022-10-30,2237,City of Hamilton Health Unit,0.2292,382.0,0.65,0.8835,0.9784
12426,2022-10-29,2270,York Regional Health Unit,0.1409,522.0,0.43,0.8792,0.9662
12427,2022-10-29,2263,Timiskaming Health Unit,0.0714,14.0,0.43,0.8,0.9579
12428,2022-10-29,2261,Sudbury and District Health Unit,0.1373,250.0,1.25,0.8639,0.9558
12429,2022-10-29,2260,Simcoe Muskoka District Health Unit,0.1866,341.0,0.57,0.8838,0.9703
12430,2022-10-29,2253,Peel Regional Health Unit,0.1313,622.0,0.39,0.8937,0.967
12431,2022-10-29,2249,Northwestern Health Unit,0.1906,70.0,0.8,0.8727,0.9636
12432,2022-10-29,2247,North Bay Parry Sound District Health Unit,0.1617,105.0,0.81,0.9528,0.9973
12433,2022-10-29,2246,Niagara Regional Area Health Unit,0.2268,268.0,0.57,0.8112,0.9546
12434,2022-10-29,2241,"Kingston, Frontenac and Lennox and Addington Health Unit",0.1959,119.0,0.56,0.9508,0.988
12435,2022-10-29,2238,Hastings and Prince Edward Counties Health Unit,0.1035,119.0,0.7,0.9225,0.9785
12436,2022-10-29,2235,"Haliburton, Kawartha, Pine Ridge District Health Unit",0.1791,105.0,0.56,0.8901,0.9849
12437,2022-10-29,2230,Durham Regional Health Unit,0.128,411.0,0.58,0.8438,0.9712
12438,2022-10-29,3895,City of Toronto Health Unit,0.1385,1573.0,0.5,0.9033,0.9809
12439,2022-10-29,2251,City of Ottawa Health Unit,0.2299,370.0,0.35,0.9034,0.9747
12440,2022-10-29,2237,City of Hamilton Health Unit,0.2258,382.0,0.65,0.8845,0.9772
12441,2022-10-29,2256,Porcupine Health Unit,0.113,49.0,0.59,0.7821,0.8911
12442,2022-10-29,2227,Brant County Health Unit,0.1866,100.0,0.65,0.9509,0.9874
12443,2022-10-29,2233,Grey Bruce Health Unit,0.2421,86.0,0.51,0.8402,0.9802
12444,2022-10-29,2243,"Leeds, Grenville and Lanark District Health Unit",0.1963,92.0,0.53,0.8303,0.9685
12445,2022-10-29,2242,Lambton Health Unit,0.3237,64.0,0.49,0.8446,0.9775
12446,2022-10-29,4913,Southwestern Public Health,0.2067,131.0,0.62,0.8593,0.9767
12447,2022-10-29,2266,Wellington-Dufferin-Guelph Health Unit,0.178,141.0,0.45,0.8797,0.9699
12448,2022-10-29,2265,Waterloo Health Unit,0.1969,213.0,0.36,0.6855,0.9321
12449,2022-10-29,35,Ontario,0.1697,7709.0,0.52,0.8739,0.9683
12450,2022-10-29,2268,Windsor-Essex County Health Unit,0.1386,272.0,0.64,0.8075,0.9343
12451,2022-10-29,2255,Peterborough County-City Health Unit,0.2209,129.0,0.87,0.9478,0.9834
12452,2022-10-29,2262,Thunder Bay District Health Unit,0.1336,150.0,1.0,0.9098,0.9632
12453,2022-10-29,2257,Renfrew County and District Health Unit,0.1836,59.0,0.54,0.7833,0.9452
12454,2022-10-29,2244,Middlesex-London Health Unit,0.1783,302.0,0.6,0.8492,0.965
12455,2022-10-29,2258,Eastern Ontario Health Unit,0.1529,97.0,0.47,0.8492,0.9061
12456,2022-10-29,2236,Halton Regional Health Unit,0.2125,181.0,0.29,0.8704,0.9444
12457,2022-10-29,2234,Haldimand-Norfolk Health Unit,0.312,51.0,0.45,0.8629,0.9677
12458,2022-10-29,5183,Huron Perth Health Unit,0.2047,79.0,0.56,0.7786,0.9705
12459,2022-10-29,2240,Chatham-Kent Health Unit,0.1956,78.0,0.73,0.8661,0.9835
12460,2022-10-29,2226,District of Algoma Health Unit,0.2528,102.0,0.89,0.938,0.9873
12461,2022-10-28,2268,Windsor-Essex County Health Unit,0.1441,273.0,0.64,0.7507,0.9362
12462,2022-10-28,2265,Waterloo Health Unit,0.1997,220.0,0.38,0.6753,0.9295
12463,2022-10-28,2262,Thunder Bay District Health Unit,0.1404,149.0,0.99,0.9106,0.9631
12464,2022-10-28,2257,Renfrew County and District Health Unit,0.191,61.0,0.56,0.7786,0.9347
12465,2022-10-28,2255,Peterborough County-City Health Unit,0.2231,125.0,0.84,0.9436,0.9831
12466,2022-10-28,2253,Peel Regional Health Unit,0.1337,626.0,0.39,0.8994,0.9701
12467,2022-10-28,35,Ontario,0.1716,7784.0,0.52,0.8695,0.9686
12468,2022-10-28,2244,Middlesex-London Health Unit,0.177,305.0,0.6,0.8359,0.9655
12469,2022-10-28,2242,Lambton Health Unit,0.3094,64.0,0.49,0.8234,0.9779
12470,2022-10-28,5183,Huron Perth Health Unit,0.2218,79.0,0.56,0.7711,0.9754
12471,2022-10-28,2234,Haldimand-Norfolk Health Unit,0.3298,54.0,0.47,0.8753,0.9676
12472,2022-10-28,2258,Eastern Ontario Health Unit,0.1412,99.0,0.48,0.8318,0.908
12473,2022-10-28,2230,Durham Regional Health Unit,0.1309,416.0,0.58,0.8388,0.9728
12474,2022-10-28,2226,District of Algoma Health Unit,0.242,103.0,0.9,0.9355,0.9866
12475,2022-10-28,2240,Chatham-Kent Health Unit,0.1898,78.0,0.74,0.8711,0.9853
12476,2022-10-28,4913,Southwestern Public Health,0.2115,134.0,0.63,0.8506,0.973
12477,2022-10-28,2260,Simcoe Muskoka District Health Unit,0.1907,342.0,0.57,0.8861,0.9703
12478,2022-10-28,2251,City of Ottawa Health Unit,0.2325,378.0,0.36,0.9048,0.9803
12479,2022-10-28,2237,City of Hamilton Health Unit,0.2217,383.0,0.65,0.8863,0.9767
12480,2022-10-28,2236,Halton Regional Health Unit,0.2114,180.0,0.29,0.8697,0.9487
12481,2022-10-28,2247,North Bay Parry Sound District Health Unit,0.1671,106.0,0.82,0.951,0.9944
12482,2022-10-28,2246,Niagara Regional Area Health Unit,0.232,272.0,0.57,0.8036,0.955
12483,2022-10-28,2263,Timiskaming Health Unit,0.08,14.0,0.44,0.7981,0.9615
12484,2022-10-28,2270,York Regional Health Unit,0.1384,524.0,0.43,0.8795,0.9655
12485,2022-10-28,2256,Porcupine Health Unit,0.117,51.0,0.61,0.8038,0.891
12486,2022-10-28,2266,Wellington-Dufferin-Guelph Health Unit,0.1841,140.0,0.45,0.8762,0.9711
12487,2022-10-28,2261,Sudbury and District Health Unit,0.1468,257.0,1.29,0.8516,0.9592
12488,2022-10-28,2249,Northwestern Health Unit,0.1796,72.0,0.82,0.8946,0.9628
12489,2022-10-28,2235,"Haliburton, Kawartha, Pine Ridge District Health Unit",0.1865,103.0,0.55,0.8693,0.9843
12490,2022-10-28,2241,"Kingston, Frontenac and Lennox and Addington Health Unit",0.1978,118.0,0.55,0.9445,0.987
12491,2022-10-28,2243,"Leeds, Grenville and Lanark District Health Unit",0.1874,93.0,0.54,0.8186,0.967
12492,2022-10-28,2238,Hastings and Prince Edward Counties Health Unit,0.1051,121.0,0.72,0.9223,0.9788
12493,2022-10-28,3895,City of Toronto Health Unit,0.1411,1590.0,0.51,0.9015,0.9789
12494,2022-10-28,2233,Grey Bruce Health Unit,0.2504,88.0,0.52,0.8419,0.9839
12495,2022-10-28,2227,Brant County Health Unit,0.1797,104.0,0.67,0.9405,0.9844
12496,2022-10-27,2270,York Regional Health Unit,0.1382,538.0,0.44,0.8808,0.9634
12497,2022-10-27,2266,Wellington-Dufferin-Guelph Health Unit,0.1913,142.0,0.45,0.8636,0.9664
12498,2022-10-27,2261,Sudbury and District Health Unit,0.152,260.0,1.31,0.835,0.9562
12499,2022-10-27,2257,Renfrew County and District Health Unit,0.1889,62.0,0.57,0.8186,0.9427
12500,2022-10-27,2256,Porcupine Health Unit,0.1212,52.0,0.62,0.7974,0.8868
12501,2022-10-27,2249,Northwestern Health Unit,0.167,72.0,0.82,0.9226,0.9674
12502,2022-10-27,2246,Niagara Regional Area Health Unit,0.2342,267.0,0.57,0.8046,0.9544
12503,2022-10-27,2243,"Leeds, Grenville and Lanark District Health Unit",0.2,94.0,0.54,0.8009,0.9617
12504,2022-10-27,2238,Hastings and Prince Edward Counties Health Unit,0.1135,120.0,0.71,0.9396,0.9928
12505,2022-10-27,2234,Haldimand-Norfolk Health Unit,0.2981,59.0,0.52,0.8284,0.9602
12506,2022-10-27,2233,Grey Bruce Health Unit,0.2524,89.0,0.52,0.8519,0.9861
12507,2022-10-27,3895,City of Toronto Health Unit,0.1429,1647.0,0.53,0.9043,0.9788
12508,2022-10-27,2237,City of Hamilton Health Unit,0.2123,384.0,0.65,0.9051,0.9785
12509,2022-10-27,2227,Brant County Health Unit,0.1827,102.0,0.66,0.9405,0.9869
12510,2022-10-27,2263,Timiskaming Health Unit,0.1038,15.0,0.46,0.7795,0.9685
12511,2022-10-27,2260,Simcoe Muskoka District Health Unit,0.187,343.0,0.57,0.8904,0.9706
12512,2022-10-27,2235,"Haliburton, Kawartha, Pine Ridge District Health Unit",0.1829,107.0,0.57,0.8785,0.9868
12513,2022-10-27,2240,Chatham-Kent Health Unit,0.1895,87.0,0.82,0.8333,0.983
12514,2022-10-27,2230,Durham Regional Health Unit,0.1348,427.0,0.6,0.8541,0.9724
12515,2022-10-27,2226,District of Algoma Health Unit,0.2647,107.0,0.93,0.939,0.9867
12516,2022-10-27,2241,"Kingston, Frontenac and Lennox and Addington Health Unit",0.1895,120.0,0.56,0.9445,0.9898
12517,2022-10-27,2253,Peel Regional Health Unit,0.1363,638.0,0.4,0.9065,0.9749
12518,2022-10-27,35,Ontario,0.1722,7926.0,0.53,0.8724,0.9693
12519,2022-10-27,2268,Windsor-Essex County Health Unit,0.1389,269.0,0.63,0.7366,0.9309
12520,2022-10-27,4913,Southwestern Public Health,0.2169,137.0,0.65,0.8446,0.9735
12521,2022-10-27,2262,Thunder Bay District Health Unit,0.1415,153.0,1.02,0.8973,0.9621
12522,2022-10-27,2265,Waterloo Health Unit,0.1866,217.0,0.37,0.6889,0.9333
12523,2022-10-27,2255,Peterborough County-City Health Unit,0.2268,129.0,0.87,0.9298,0.9845
12524,2022-10-27,5183,Huron Perth Health Unit,0.225,80.0,0.57,0.7768,0.9875
12525,2022-10-27,2244,Middlesex-London Health Unit,0.177,306.0,0.6,0.8579,0.971
12526,2022-10-27,2242,Lambton Health Unit,0.294,64.0,0.49,0.8377,0.9784
12527,2022-10-27,2247,North Bay Parry Sound District Health Unit,0.1856,103.0,0.79,0.9512,0.9946
12528,2022-10-27,2258,Eastern Ontario Health Unit,0.1429,106.0,0.51,0.8228,0.9055
12529,2022-10-27,2236,Halton Regional Health Unit,0.2137,186.0,0.3,0.8778,0.9488
12530,2022-10-27,2251,City of Ottawa Health Unit,0.2384,381.0,0.36,0.8974,0.9796
12531,2022-10-26,2265,Waterloo Health Unit,0.1899,219.0,0.37,0.6688,0.9258
12532,2022-10-26,2262,Thunder Bay District Health Unit,0.1399,151.0,1.01,0.8432,0.9279
12533,2022-10-26,2261,Sudbury and District Health Unit,0.1442,276.0,1.39,0.8644,0.983
12534,2022-10-26,4913,Southwestern Public Health,0.21,143.0,0.68,0.8389,0.9746
12535,2022-10-26,2255,Peterborough County-City Health Unit,0.2545,135.0,0.91,0.9201,0.9872
12536,2022-10-26,2247,North Bay Parry Sound District Health Unit,0.1909,106.0,0.82,0.9439,0.9907
12537,2022-10-26,5183,Huron Perth Health Unit,0.2226,81.0,0.58,0.7637,0.9877
12538,2022-10-26,2242,Lambton Health Unit,0.2949,67.0,0.51,0.8263,0.98
12539,2022-10-26,2238,Hastings and Prince Edward Counties Health Unit,0.1161,117.0,0.69,0.9608,0.9924
12540,2022-10-26,2236,Halton Regional Health Unit,0.1998,174.0,0.28,0.8649,0.9515
12541,2022-10-26,2258,Eastern Ontario Health Unit,0.1594,108.0,0.52,0.8107,0.9041
12542,2022-10-26,2226,District of Algoma Health Unit,0.2481,112.0,0.98,0.9448,0.9872
12543,2022-10-26,2251,City of Ottawa Health Unit,0.2309,372.0,0.35,0.9001,0.9793
12544,2022-10-26,2240,Chatham-Kent Health Unit,0.1935,89.0,0.83,0.8274,0.9813
12545,2022-10-26,2268,Windsor-Essex County Health Unit,0.1321,276.0,0.65,0.725,0.9236
12546,2022-10-26,2266,Wellington-Dufferin-Guelph Health Unit,0.1859,138.0,0.44,0.8525,0.9644
12547,2022-10-26,35,Ontario,0.1703,7913.0,0.53,0.8667,0.9672
12548,2022-10-26,3895,City of Toronto Health Unit,0.1397,1641.0,0.53,0.8971,0.977
12549,2022-10-26,2234,Haldimand-Norfolk Health Unit,0.2853,56.0,0.49,0.8175,0.9621
12550,2022-10-26,2233,Grey Bruce Health Unit,0.255,94.0,0.55,0.8222,0.9848
12551,2022-10-26,2244,Middlesex-London Health Unit,0.1793,304.0,0.6,0.8518,0.971
12552,2022-10-26,2257,Renfrew County and District Health Unit,0.1812,62.0,0.57,0.8222,0.9376
12553,2022-10-26,2256,Porcupine Health Unit,0.1194,54.0,0.65,0.8127,0.8937
12554,2022-10-26,2263,Timiskaming Health Unit,0.1382,18.0,0.54,0.8,0.963
12555,2022-10-26,2270,York Regional Health Unit,0.1291,524.0,0.43,0.8669,0.9492
12556,2022-10-26,2260,Simcoe Muskoka District Health Unit,0.1839,342.0,0.57,0.8851,0.9708
12557,2022-10-26,2243,"Leeds, Grenville and Lanark District Health Unit",0.2128,94.0,0.54,0.793,0.9606
12558,2022-10-26,2249,Northwestern Health Unit,0.1762,70.0,0.8,0.8772,0.9545
12559,2022-10-26,2246,Niagara Regional Area Health Unit,0.2432,264.0,0.56,0.8103,0.9488
12560,2022-10-26,2253,Peel Regional Health Unit,0.1321,633.0,0.39,0.9003,0.9718
12561,2022-10-26,2235,"Haliburton, Kawartha, Pine Ridge District Health Unit",0.1907,107.0,0.57,0.8463,0.9864
12562,2022-10-26,2241,"Kingston, Frontenac and Lennox and Addington Health Unit",0.2099,127.0,0.6,0.9407,0.9894
12563,2022-10-26,2227,Brant County Health Unit,0.1834,100.0,0.64,0.9107,0.9807
12564,2022-10-26,2237,City of Hamilton Health Unit,0.2169,368.0,0.62,0.9387,0.9792
12565,2022-10-26,2230,Durham Regional Health Unit,0.1273,432.0,0.61,0.8501,0.974
12566,2022-10-25,2270,York Regional Health Unit,0.1303,516.0,0.42,0.8473,0.9394
12567,2022-10-25,2265,Waterloo Health Unit,0.1894,213.0,0.36,0.6493,0.916
12568,2022-10-25,2263,Timiskaming Health Unit,0.1259,19.0,0.59,0.8088,0.9559
12569,2022-10-25,2260,Simcoe Muskoka District Health Unit,0.1829,348.0,0.58,0.8557,0.969
12570,2022-10-25,2256,Porcupine Health Unit,0.1189,55.0,0.66,0.8382,0.902
12571,2022-10-25,2253,Peel Regional Health Unit,0.1317,639.0,0.4,0.8964,0.9698
12572,2022-10-25,2246,Niagara Regional Area Health Unit,0.2263,264.0,0.56,0.8174,0.9444
12573,2022-10-25,2243,"Leeds, Grenville and Lanark District Health Unit",0.2116,99.0,0.57,0.7854,0.9622
12574,2022-10-25,2242,Lambton Health Unit,0.2873,64.0,0.49,0.8407,0.9801
12575,2022-10-25,2241,"Kingston, Frontenac and Lennox and Addington Health Unit",0.2093,130.0,0.61,0.9231,0.9882
12576,2022-10-25,2235,"Haliburton, Kawartha, Pine Ridge District Health Unit",0.1958,110.0,0.58,0.8442,0.9898
12577,2022-10-25,2258,Eastern Ontario Health Unit,0.1563,110.0,0.53,0.7998,0.9073
12578,2022-10-25,2230,Durham Regional Health Unit,0.1245,423.0,0.59,0.8456,0.9642
12579,2022-10-25,2237,City of Hamilton Health Unit,0.2113,359.0,0.61,0.9432,0.9876
12580,2022-10-25,2227,Brant County Health Unit,0.1877,95.0,0.61,0.8944,0.9772
12581,2022-10-25,3895,City of Toronto Health Unit,0.1421,1638.0,0.53,0.8923,0.9763
12582,2022-10-25,2251,City of Ottawa Health Unit,0.2159,375.0,0.36,0.8871,0.978
12583,2022-10-25,2236,Halton Regional Health Unit,0.1916,173.0,0.28,0.8434,0.9434
12584,2022-10-25,2238,Hastings and Prince Edward Counties Health Unit,0.1283,118.0,0.7,0.9389,0.9927
12585,2022-10-25,2233,Grey Bruce Health Unit,0.2801,95.0,0.56,0.8041,0.9766
12586,2022-10-25,2266,Wellington-Dufferin-Guelph Health Unit,0.1786,132.0,0.42,0.8455,0.9693
12587,2022-10-25,2249,Northwestern Health Unit,0.1674,67.0,0.77,0.8545,0.9414
12588,2022-10-25,2261,Sudbury and District Health Unit,0.1445,290.0,1.45,0.828,0.9784
12589,2022-10-25,4913,Southwestern Public Health,0.2224,144.0,0.68,0.8326,0.9742
12590,2022-10-25,2240,Chatham-Kent Health Unit,0.2,91.0,0.85,0.8447,0.979
12591,2022-10-25,2268,Windsor-Essex County Health Unit,0.1234,278.0,0.65,0.7434,0.9283
12592,2022-10-25,2262,Thunder Bay District Health Unit,0.1313,148.0,0.99,0.8085,0.9042
12593,2022-10-25,2247,North Bay Parry Sound District Health Unit,0.1782,105.0,0.81,0.9466,0.989
12594,2022-10-25,2255,Peterborough County-City Health Unit,0.2593,131.0,0.88,0.928,0.9882
12595,2022-10-25,35,Ontario,0.1687,7880.0,0.53,0.8587,0.965
12596,2022-10-25,2257,Renfrew County and District Health Unit,0.1772,61.0,0.56,0.7895,0.9354
12597,2022-10-25,5183,Huron Perth Health Unit,0.223,81.0,0.58,0.7545,0.9838
12598,2022-10-25,2244,Middlesex-London Health Unit,0.182,286.0,0.56,0.851,0.9738
12599,2022-10-25,2226,District of Algoma Health Unit,0.2455,104.0,0.91,0.9333,0.9864
12600,2022-10-25,2234,Haldimand-Norfolk Health Unit,0.2646,59.0,0.52,0.8004,0.9529
12601,2022-10-24,2236,Halton Regional Health Unit,0.1766,175.0,0.28,0.8339,0.9307
12602,2022-10-24,2270,York Regional Health Unit,0.1352,509.0,0.42,0.8197,0.9333
12603,2022-10-24,2268,Windsor-Essex County Health Unit,0.1134,285.0,0.67,0.7274,0.9269
12604,2022-10-24,2262,Thunder Bay District Health Unit,0.1293,148.0,0.99,0.813,0.9065
12605,2022-10-24,4913,Southwestern Public Health,0.207,139.0,0.66,0.8412,0.9773
12606,2022-10-24,2257,Renfrew County and District Health Unit,0.1542,59.0,0.55,0.7975,0.9298
12607,2022-10-24,35,Ontario,0.1668,7966.0,0.54,0.8545,0.9637
12608,2022-10-24,2246,Niagara Regional Area Health Unit,0.2299,252.0,0.53,0.8206,0.9439
12609,2022-10-24,2244,Middlesex-London Health Unit,0.1843,287.0,0.57,0.8792,0.98
12610,2022-10-24,2258,Eastern Ontario Health Unit,0.1631,114.0,0.55,0.7993,0.9046
12611,2022-10-24,5183,Huron Perth Health Unit,0.2242,79.0,0.57,0.7629,0.9742
12612,2022-10-24,2234,Haldimand-Norfolk Health Unit,0.2517,63.0,0.55,0.7946,0.9487
12613,2022-10-24,2226,District of Algoma Health Unit,0.2465,101.0,0.89,0.9364,0.9887
12614,2022-10-24,2237,City of Hamilton Health Unit,0.2063,360.0,0.61,0.9449,0.9889
12615,2022-10-24,2240,Chatham-Kent Health Unit,0.1902,90.0,0.85,0.8367,0.98
12616,2022-10-24,2247,North Bay Parry Sound District Health Unit,0.1839,105.0,0.81,0.9459,0.9886
12617,2022-10-24,2251,City of Ottawa Health Unit,0.2156,382.0,0.36,0.8784,0.9721
12618,2022-10-24,2235,"Haliburton, Kawartha, Pine Ridge District Health Unit",0.1983,116.0,0.61,0.8258,0.9881
12619,2022-10-24,2242,Lambton Health Unit,0.2939,65.0,0.5,0.8354,0.9726
12620,2022-10-24,2241,"Kingston, Frontenac and Lennox and Addington Health Unit",0.226,133.0,0.62,0.9294,0.9874
12621,2022-10-24,2255,Peterborough County-City Health Unit,0.2465,133.0,0.9,0.9341,0.9862
12622,2022-10-24,2265,Waterloo Health Unit,0.1927,208.0,0.36,0.6539,0.9138
12623,2022-10-24,2263,Timiskaming Health Unit,0.1176,19.0,0.59,0.8,0.9739
12624,2022-10-24,3895,City of Toronto Health Unit,0.1411,1674.0,0.54,0.8865,0.9762
12625,2022-10-24,2266,Wellington-Dufferin-Guelph Health Unit,0.177,138.0,0.44,0.8467,0.9706
12626,2022-10-24,2253,Peel Regional Health Unit,0.1227,663.0,0.41,0.8981,0.9729
12627,2022-10-24,2260,Simcoe Muskoka District Health Unit,0.1823,359.0,0.6,0.848,0.9665
12628,2022-10-24,2256,Porcupine Health Unit,0.1287,58.0,0.69,0.8981,0.9678
12629,2022-10-24,2261,Sudbury and District Health Unit,0.1474,295.0,1.48,0.8163,0.9738
12630,2022-10-24,2243,"Leeds, Grenville and Lanark District Health Unit",0.2183,105.0,0.6,0.7867,0.9662
12631,2022-10-24,2230,Durham Regional Health Unit,0.1241,413.0,0.58,0.8431,0.9644
12632,2022-10-24,2249,Northwestern Health Unit,0.1663,66.0,0.75,0.8436,0.9429
12633,2022-10-24,2233,Grey Bruce Health Unit,0.2615,93.0,0.55,0.7943,0.9667
12634,2022-10-24,2238,Hastings and Prince Edward Counties Health Unit,0.1287,121.0,0.72,0.8988,0.9549
12635,2022-10-24,2227,Brant County Health Unit,0.1842,96.0,0.62,0.8868,0.971
12636,2022-10-23,2266,Wellington-Dufferin-Guelph Health Unit,0.1767,140.0,0.45,0.8458,0.9702
12637,2022-10-23,2261,Sudbury and District Health Unit,0.153,280.0,1.41,0.8234,0.9752
12638,2022-10-23,2256,Porcupine Health Unit,0.1528,53.0,0.64,0.8997,0.9694
12639,2022-10-23,35,Ontario,0.1661,7978.0,0.54,0.8567,0.9654
12640,2022-10-23,2249,Northwestern Health Unit,0.1525,66.0,0.75,0.8391,0.9378
12641,2022-10-23,2243,"Leeds, Grenville and Lanark District Health Unit",0.2204,105.0,0.61,0.7791,0.9712
12642,2022-10-23,2241,"Kingston, Frontenac and Lennox and Addington Health Unit",0.2153,142.0,0.67,0.9289,0.988
12643,2022-10-23,2238,Hastings and Prince Edward Counties Health Unit,0.146,124.0,0.74,0.9012,0.9555
12644,2022-10-23,2233,Grey Bruce Health Unit,0.2558,93.0,0.55,0.7964,0.9635
12645,2022-10-23,2230,Durham Regional Health Unit,0.1259,402.0,0.56,0.838,0.9643
12646,2022-10-23,2226,District of Algoma Health Unit,0.234,103.0,0.9,0.9354,0.9888
12647,2022-10-23,3895,City of Toronto Health Unit,0.1394,1703.0,0.55,0.8872,0.9752
12648,2022-10-23,2227,Brant County Health Unit,0.1824,97.0,0.63,0.8859,0.967
12649,2022-10-23,2235,"Haliburton, Kawartha, Pine Ridge District Health Unit",0.1956,118.0,0.62,0.8198,0.9833
12650,2022-10-23,2234,Haldimand-Norfolk Health Unit,0.2676,63.0,0.55,0.8128,0.9635
12651,2022-10-23,2263,Timiskaming Health Unit,0.1518,16.0,0.49,0.7652,0.9652
12652,2022-10-23,2253,Peel Regional Health Unit,0.1173,660.0,0.41,0.9011,0.975
12653,2022-10-23,2237,City of Hamilton Health Unit,0.2143,336.0,0.57,0.9462,0.9884
12654,2022-10-23,2240,Chatham-Kent Health Unit,0.1809,87.0,0.82,0.8401,0.9742
12655,2022-10-23,5183,Huron Perth Health Unit,0.2086,86.0,0.62,0.763,0.9686
12656,2022-10-23,2246,Niagara Regional Area Health Unit,0.2269,252.0,0.53,0.8241,0.9444
12657,2022-10-23,2244,Middlesex-London Health Unit,0.186,296.0,0.58,0.8773,0.9794
12658,2022-10-23,2260,Simcoe Muskoka District Health Unit,0.1732,360.0,0.6,0.8404,0.9622
12659,2022-10-23,2270,York Regional Health Unit,0.1317,520.0,0.42,0.8257,0.9358
12660,2022-10-23,2268,Windsor-Essex County Health Unit,0.1213,291.0,0.68,0.7415,0.9637
12661,2022-10-23,2258,Eastern Ontario Health Unit,0.1769,110.0,0.53,0.859,0.976
12662,2022-10-23,2257,Renfrew County and District Health Unit,0.161,67.0,0.62,0.7731,0.916
12663,2022-10-23,2262,Thunder Bay District Health Unit,0.1342,151.0,1.01,0.8301,0.9146
12664,2022-10-23,4913,Southwestern Public Health,0.2032,141.0,0.67,0.8246,0.9598
12665,2022-10-23,2265,Waterloo Health Unit,0.2008,205.0,0.35,0.6725,0.9146
12666,2022-10-23,2247,North Bay Parry Sound District Health Unit,0.1967,95.0,0.73,0.9539,0.9846
12667,2022-10-23,2255,Peterborough County-City Health Unit,0.232,137.0,0.93,0.9388,0.9884
12668,2022-10-23,2242,Lambton Health Unit,0.2905,68.0,0.52,0.8417,0.9729
12669,2022-10-23,2236,Halton Regional Health Unit,0.1757,175.0,0.28,0.8261,0.9209
12670,2022-10-23,2251,City of Ottawa Health Unit,0.2126,376.0,0.36,0.877,0.9702
12671,2022-10-22,2268,Windsor-Essex County Health Unit,0.1189,291.0,0.68,0.7249,0.9627
12672,2022-10-22,2265,Waterloo Health Unit,0.2071,209.0,0.36,0.6745,0.916
12673,2022-10-22,4913,Southwestern Public Health,0.2085,138.0,0.65,0.8363,0.9601
12674,2022-10-22,2256,Porcupine Health Unit,0.1645,54.0,0.65,0.8964,0.9692
12675,2022-10-22,2255,Peterborough County-City Health Unit,0.2309,132.0,0.89,0.9295,0.9882
12676,2022-10-22,2247,North Bay Parry Sound District Health Unit,0.196,94.0,0.72,0.946,0.9784
12677,2022-10-22,2244,Middlesex-London Health Unit,0.1792,293.0,0.58,0.88,0.9789
12678,2022-10-22,2242,Lambton Health Unit,0.2935,68.0,0.52,0.8361,0.9734
12679,2022-10-22,2236,Halton Regional Health Unit,0.1675,177.0,0.29,0.8266,0.9288
12680,2022-10-22,2233,Grey Bruce Health Unit,0.264,95.0,0.56,0.8,0.9585
12681,2022-10-22,2258,Eastern Ontario Health Unit,0.1758,110.0,0.53,0.8437,0.9704
12682,2022-10-22,2251,City of Ottawa Health Unit,0.2153,375.0,0.36,0.8701,0.97
12683,2022-10-22,2240,Chatham-Kent Health Unit,0.1736,89.0,0.84,0.8386,0.9736
12684,2022-10-22,2234,Haldimand-Norfolk Health Unit,0.2689,64.0,0.56,0.8212,0.9647
12685,2022-10-22,5183,Huron Perth Health Unit,0.1948,89.0,0.63,0.7673,0.9686
12686,2022-10-22,2257,Renfrew County and District Health Unit,0.1585,61.0,0.56,0.7283,0.9043
12687,2022-10-22,2226,District of Algoma Health Unit,0.2333,109.0,0.95,0.9379,0.9845
12688,2022-10-22,3895,City of Toronto Health Unit,0.1384,1720.0,0.55,0.8943,0.9774
12689,2022-10-22,2243,"Leeds, Grenville and Lanark District Health Unit",0.2144,105.0,0.61,0.7715,0.9713
12690,2022-10-22,35,Ontario,0.1645,8027.0,0.54,0.8585,0.9666
12691,2022-10-22,2249,Northwestern Health Unit,0.1581,64.0,0.73,0.8575,0.9548
12692,2022-10-22,2262,Thunder Bay District Health Unit,0.1355,151.0,1.0,0.8637,0.9309
12693,2022-10-22,2235,"Haliburton, Kawartha, Pine Ridge District Health Unit",0.1964,119.0,0.63,0.807,0.9796
12694,2022-10-22,2261,Sudbury and District Health Unit,0.1486,286.0,1.44,0.8478,0.9758
12695,2022-10-22,2266,Wellington-Dufferin-Guelph Health Unit,0.1754,139.0,0.45,0.8432,0.9695
12696,2022-10-22,2263,Timiskaming Health Unit,0.1504,16.0,0.49,0.7719,0.9649
12697,2022-10-22,2270,York Regional Health Unit,0.1268,533.0,0.43,0.8148,0.9333
12698,2022-10-22,2253,Peel Regional Health Unit,0.115,674.0,0.42,0.9016,0.9761
12699,2022-10-22,2238,Hastings and Prince Edward Counties Health Unit,0.1524,130.0,0.77,0.902,0.9589
12700,2022-10-22,2260,Simcoe Muskoka District Health Unit,0.177,359.0,0.6,0.835,0.9662
12701,2022-10-22,2241,"Kingston, Frontenac and Lennox and Addington Health Unit",0.2078,143.0,0.67,0.925,0.9867
12702,2022-10-22,2246,Niagara Regional Area Health Unit,0.2197,248.0,0.52,0.8252,0.948
12703,2022-10-22,2230,Durham Regional Health Unit,0.122,397.0,0.56,0.8509,0.9661
12704,2022-10-22,2227,Brant County Health Unit,0.1802,94.0,0.6,0.8693,0.9669
12705,2022-10-22,2237,City of Hamilton Health Unit,0.214,336.0,0.57,0.9432,0.9882
12706,2022-10-21,2270,York Regional Health Unit,0.1244,530.0,0.43,0.8058,0.9286
12707,2022-10-21,2263,Timiskaming Health Unit,0.1565,16.0,0.5,0.7661,0.9677
12708,2022-10-21,4913,Southwestern Public Health,0.2073,138.0,0.65,0.8471,0.9623
12709,2022-10-21,2260,Simcoe Muskoka District Health Unit,0.1713,369.0,0.61,0.8341,0.9628
12710,2022-10-21,2253,Peel Regional Health Unit,0.1165,677.0,0.42,0.8966,0.9743
12711,2022-10-21,2249,Northwestern Health Unit,0.1659,64.0,0.73,0.836,0.9483
12712,2022-10-21,2246,Niagara Regional Area Health Unit,0.2103,246.0,0.52,0.7801,0.9445
12713,2022-10-21,2241,"Kingston, Frontenac and Lennox and Addington Health Unit",0.2087,148.0,0.7,0.9325,0.988
12714,2022-10-21,2238,Hastings and Prince Edward Counties Health Unit,0.1553,132.0,0.79,0.8911,0.9517
12715,2022-10-21,2236,Halton Regional Health Unit,0.1676,181.0,0.29,0.8209,0.9267
12716,2022-10-21,2235,"Haliburton, Kawartha, Pine Ridge District Health Unit",0.1935,120.0,0.63,0.7923,0.9768
12717,2022-10-21,2230,Durham Regional Health Unit,0.1183,397.0,0.56,0.8434,0.9629
12718,2022-10-21,3895,City of Toronto Health Unit,0.1368,1750.0,0.56,0.8925,0.9775
12719,2022-10-21,2237,City of Hamilton Health Unit,0.2142,342.0,0.58,0.9316,0.9857
12720,2022-10-21,2242,Lambton Health Unit,0.2914,68.0,0.52,0.8365,0.9712
12721,2022-10-21,2243,"Leeds, Grenville and Lanark District Health Unit",0.2198,104.0,0.6,0.7662,0.9662
12722,2022-10-21,2261,Sudbury and District Health Unit,0.1329,304.0,1.53,0.8702,0.9754
12723,2022-10-21,2227,Brant County Health Unit,0.1823,89.0,0.57,0.8673,0.9652
12724,2022-10-21,2233,Grey Bruce Health Unit,0.2608,96.0,0.56,0.8112,0.9582
12725,2022-10-21,2258,Eastern Ontario Health Unit,0.1864,107.0,0.51,0.8489,0.9675
12726,2022-10-21,2247,North Bay Parry Sound District Health Unit,0.1813,95.0,0.73,0.9507,0.9821
12727,2022-10-21,2256,Porcupine Health Unit,0.1626,53.0,0.63,0.8845,0.9738
12728,2022-10-21,2255,Peterborough County-City Health Unit,0.2365,137.0,0.93,0.9161,0.9869
12729,2022-10-21,2266,Wellington-Dufferin-Guelph Health Unit,0.1658,140.0,0.45,0.8317,0.9688
12730,2022-10-21,5183,Huron Perth Health Unit,0.1782,91.0,0.65,0.7934,0.9581
12731,2022-10-21,2265,Waterloo Health Unit,0.2059,204.0,0.35,0.6812,0.9169
12732,2022-10-21,2268,Windsor-Essex County Health Unit,0.1168,289.0,0.68,0.723,0.9666
12733,2022-10-21,2257,Renfrew County and District Health Unit,0.1542,63.0,0.58,0.7495,0.9143
12734,2022-10-21,2262,Thunder Bay District Health Unit,0.1333,154.0,1.03,0.854,0.9347
12735,2022-10-21,2244,Middlesex-London Health Unit,0.1815,294.0,0.58,0.8844,0.9777
12736,2022-10-21,35,Ontario,0.1621,8089.0,0.55,0.8544,0.9652
12737,2022-10-21,2234,Haldimand-Norfolk Health Unit,0.2527,65.0,0.57,0.818,0.9627
12738,2022-10-21,2251,City of Ottawa Health Unit,0.2071,367.0,0.35,0.8543,0.9674
12739,2022-10-21,2240,Chatham-Kent Health Unit,0.1755,86.0,0.81,0.8295,0.969
12740,2022-10-21,2226,District of Algoma Health Unit,0.2388,109.0,0.95,0.9183,0.9831
12741,2022-10-20,2242,Lambton Health Unit,0.2949,73.0,0.56,0.8113,0.9718
12742,2022-10-20,2268,Windsor-Essex County Health Unit,0.1219,295.0,0.7,0.6627,0.9704
12743,2022-10-20,2265,Waterloo Health Unit,0.2081,208.0,0.36,0.6959,0.9097
12744,2022-10-20,2263,Timiskaming Health Unit,0.1261,17.0,0.52,0.7864,0.9612
12745,2022-10-20,2262,Thunder Bay District Health Unit,0.1371,156.0,1.04,0.8649,0.9378
12746,2022-10-20,2257,Renfrew County and District Health Unit,0.1595,66.0,0.61,0.7495,0.9287
12747,2022-10-20,2255,Peterborough County-City Health Unit,0.2259,141.0,0.95,0.8873,0.9381
12748,2022-10-20,35,Ontario,0.1613,8166.0,0.55,0.8509,0.963
12749,2022-10-20,2244,Middlesex-London Health Unit,0.1833,284.0,0.56,0.8836,0.9806
12750,2022-10-20,2241,"Kingston, Frontenac and Lennox and Addington Health Unit",0.2086,156.0,0.73,0.9421,0.9892
12751,2022-10-20,5183,Huron Perth Health Unit,0.1772,98.0,0.7,0.8151,0.9616
12752,2022-10-20,2234,Haldimand-Norfolk Health Unit,0.265,64.0,0.56,0.8575,0.9655
12753,2022-10-20,2226,District of Algoma Health Unit,0.2382,109.0,0.95,0.9206,0.9844
12754,2022-10-20,2240,Chatham-Kent Health Unit,0.1639,77.0,0.72,0.8687,0.971
12755,2022-10-20,2258,Eastern Ontario Health Unit,0.1913,102.0,0.49,0.8287,0.9565
12756,2022-10-20,2247,North Bay Parry Sound District Health Unit,0.1652,94.0,0.73,0.9496,0.9802
12757,2022-10-20,2251,City of Ottawa Health Unit,0.1949,381.0,0.36,0.8473,0.9643
12758,2022-10-20,2236,Halton Regional Health Unit,0.1657,181.0,0.29,0.8217,0.9296
12759,2022-10-20,2235,"Haliburton, Kawartha, Pine Ridge District Health Unit",0.2021,122.0,0.64,0.7915,0.9709
12760,2022-10-20,2253,Peel Regional Health Unit,0.1146,682.0,0.42,0.8978,0.9728
12761,2022-10-20,4913,Southwestern Public Health,0.208,139.0,0.66,0.8642,0.9647
12762,2022-10-20,2260,Simcoe Muskoka District Health Unit,0.1726,378.0,0.63,0.8215,0.9592
12763,2022-10-20,2243,"Leeds, Grenville and Lanark District Health Unit",0.2215,104.0,0.6,0.7824,0.972
12764,2022-10-20,2270,York Regional Health Unit,0.1301,525.0,0.43,0.8033,0.927
12765,2022-10-20,2266,Wellington-Dufferin-Guelph Health Unit,0.1495,144.0,0.46,0.8438,0.9767
12766,2022-10-20,2261,Sudbury and District Health Unit,0.129,307.0,1.54,0.872,0.9748
12767,2022-10-20,2246,Niagara Regional Area Health Unit,0.2018,244.0,0.52,0.7925,0.9494
12768,2022-10-20,2249,Northwestern Health Unit,0.1783,67.0,0.77,0.8458,0.9493
12769,2022-10-20,2256,Porcupine Health Unit,0.1641,56.0,0.67,0.8691,0.9556
12770,2022-10-20,2238,Hastings and Prince Edward Counties Health Unit,0.1477,144.0,0.86,0.8733,0.929
12771,2022-10-20,2237,City of Hamilton Health Unit,0.2136,354.0,0.6,0.931,0.985
12772,2022-10-20,2230,Durham Regional Health Unit,0.1151,389.0,0.55,0.8291,0.9606
12773,2022-10-20,3895,City of Toronto Health Unit,0.1361,1755.0,0.56,0.891,0.9747
12774,2022-10-20,2233,Grey Bruce Health Unit,0.2637,99.0,0.58,0.811,0.9573
12775,2022-10-20,2227,Brant County Health Unit,0.1892,88.0,0.56,0.8478,0.9519
12776,2022-10-19,2268,Windsor-Essex County Health Unit,0.1269,305.0,0.72,0.646,0.9761
12777,2022-10-19,2266,Wellington-Dufferin-Guelph Health Unit,0.149,149.0,0.48,0.834,0.9747
12778,2022-10-19,2261,Sudbury and District Health Unit,0.1345,285.0,1.43,0.8687,0.9802
12779,2022-10-19,2260,Simcoe Muskoka District Health Unit,0.1768,391.0,0.65,0.8076,0.9582
12780,2022-10-19,2256,Porcupine Health Unit,0.1741,57.0,0.69,0.8462,0.9591
12781,2022-10-19,2249,Northwestern Health Unit,0.1673,71.0,0.81,0.8826,0.9581
12782,2022-10-19,2246,Niagara Regional Area Health Unit,0.1869,257.0,0.54,0.7868,0.9612
12783,2022-10-19,2244,Middlesex-London Health Unit,0.181,309.0,0.61,0.879,0.9816
12784,2022-10-19,2243,"Leeds, Grenville and Lanark District Health Unit",0.2101,111.0,0.64,0.7812,0.9756
12785,2022-10-19,2238,Hastings and Prince Edward Counties Health Unit,0.1473,150.0,0.89,0.8748,0.9324
12786,2022-10-19,2235,"Haliburton, Kawartha, Pine Ridge District Health Unit",0.1918,129.0,0.68,0.7852,0.9657
12787,2022-10-19,2233,Grey Bruce Health Unit,0.2722,97.0,0.57,0.8292,0.9573
12788,2022-10-19,3895,City of Toronto Health Unit,0.137,1791.0,0.57,0.8967,0.9752
12789,2022-10-19,2240,Chatham-Kent Health Unit,0.154,79.0,0.74,0.8525,0.9674
12790,2022-10-19,2227,Brant County Health Unit,0.1871,89.0,0.57,0.8543,0.9581
12791,2022-10-19,2237,City of Hamilton Health Unit,0.2097,360.0,0.61,0.9295,0.9848
12792,2022-10-19,2253,Peel Regional Health Unit,0.1137,701.0,0.44,0.8883,0.9741
12793,2022-10-19,35,Ontario,0.1609,8362.0,0.56,0.8492,0.965
12794,2022-10-19,2270,York Regional Health Unit,0.1365,539.0,0.44,0.8099,0.9373
12795,2022-10-19,2230,Durham Regional Health Unit,0.1239,382.0,0.54,0.8222,0.9588
12796,2022-10-19,2241,"Kingston, Frontenac and Lennox and Addington Health Unit",0.1961,176.0,0.83,0.9457,0.987
12797,2022-10-19,5183,Huron Perth Health Unit,0.1593,103.0,0.74,0.8307,0.9604
12798,2022-10-19,2257,Renfrew County and District Health Unit,0.1876,67.0,0.62,0.7167,0.9241
12799,2022-10-19,2263,Timiskaming Health Unit,0.0943,15.0,0.46,0.7,0.9667
12800,2022-10-19,2262,Thunder Bay District Health Unit,0.144,163.0,1.09,0.9173,0.9712
12801,2022-10-19,2247,North Bay Parry Sound District Health Unit,0.1628,92.0,0.71,0.9586,0.9877
12802,2022-10-19,2242,Lambton Health Unit,0.295,77.0,0.59,0.762,0.9521
12803,2022-10-19,2265,Waterloo Health Unit,0.2013,218.0,0.37,0.7063,0.9169
12804,2022-10-19,2255,Peterborough County-City Health Unit,0.1964,137.0,0.92,0.8891,0.9374
12805,2022-10-19,4913,Southwestern Public Health,0.2126,136.0,0.65,0.8829,0.9661
12806,2022-10-19,2226,District of Algoma Health Unit,0.2468,112.0,0.98,0.9155,0.9834
12807,2022-10-19,2234,Haldimand-Norfolk Health Unit,0.2547,68.0,0.59,0.8539,0.9645
12808,2022-10-19,2258,Eastern Ontario Health Unit,0.1753,104.0,0.5,0.8087,0.9478
12809,2022-10-19,2236,Halton Regional Health Unit,0.1668,188.0,0.3,0.8261,0.9288
12810,2022-10-19,2251,City of Ottawa Health Unit,0.1898,392.0,0.37,0.8271,0.9635
12811,2022-10-18,2265,Waterloo Health Unit,0.212,219.0,0.37,0.7323,0.9442
12812,2022-10-18,2262,Thunder Bay District Health Unit,0.1356,173.0,1.15,0.9459,0.9873
12813,2022-10-18,4913,Southwestern Public Health,0.2023,136.0,0.64,0.9042,0.9684
12814,2022-10-18,2255,Peterborough County-City Health Unit,0.1931,133.0,0.9,0.8602,0.9448
12815,2022-10-18,2249,Northwestern Health Unit,0.1742,73.0,0.83,0.898,0.9612
12816,2022-10-18,2247,North Bay Parry Sound District Health Unit,0.175,94.0,0.72,0.9635,0.9824
12817,2022-10-18,2242,Lambton Health Unit,0.2867,83.0,0.63,0.7374,0.9466
12818,2022-10-18,5183,Huron Perth Health Unit,0.1617,114.0,0.82,0.8085,0.9255
12819,2022-10-18,2236,Halton Regional Health Unit,0.1619,191.0,0.31,0.8449,0.9334
12820,2022-10-18,2258,Eastern Ontario Health Unit,0.1738,110.0,0.53,0.8281,0.9501
12821,2022-10-18,3895,City of Toronto Health Unit,0.1373,1806.0,0.58,0.9017,0.9739
12822,2022-10-18,2251,City of Ottawa Health Unit,0.1962,397.0,0.38,0.8412,0.9634
12823,2022-10-18,2226,District of Algoma Health Unit,0.2481,115.0,1.01,0.9227,0.9822
12824,2022-10-18,35,Ontario,0.1629,8537.0,0.58,0.8595,0.9649
12825,2022-10-18,2257,Renfrew County and District Health Unit,0.2039,74.0,0.68,0.7444,0.9198
12826,2022-10-18,2240,Chatham-Kent Health Unit,0.1548,82.0,0.77,0.8463,0.962
12827,2022-10-18,2227,Brant County Health Unit,0.1899,90.0,0.58,0.8778,0.963
12828,2022-10-18,2234,Haldimand-Norfolk Health Unit,0.2511,67.0,0.59,0.9002,0.9771
12829,2022-10-18,2244,Middlesex-London Health Unit,0.1845,320.0,0.63,0.8879,0.976
12830,2022-10-18,2243,"Leeds, Grenville and Lanark District Health Unit",0.2118,116.0,0.67,0.7995,0.9772
12831,2022-10-18,2261,Sudbury and District Health Unit,0.1274,288.0,1.45,0.9194,0.9642
12832,2022-10-18,2268,Windsor-Essex County Health Unit,0.1332,319.0,0.75,0.6477,0.9723
12833,2022-10-18,2266,Wellington-Dufferin-Guelph Health Unit,0.161,150.0,0.48,0.8502,0.9729
12834,2022-10-18,2253,Peel Regional Health Unit,0.1105,714.0,0.44,0.8798,0.9702
12835,2022-10-18,2270,York Regional Health Unit,0.1353,553.0,0.45,0.8106,0.9462
12836,2022-10-18,2256,Porcupine Health Unit,0.1752,59.0,0.7,0.8246,0.9518
12837,2022-10-18,2260,Simcoe Muskoka District Health Unit,0.1832,397.0,0.66,0.8355,0.9547
12838,2022-10-18,2263,Timiskaming Health Unit,0.1163,12.0,0.38,0.76,0.95
12839,2022-10-18,2246,Niagara Regional Area Health Unit,0.1992,256.0,0.54,0.7795,0.9584
12840,2022-10-18,2233,Grey Bruce Health Unit,0.2574,97.0,0.57,0.8394,0.9634
12841,2022-10-18,2238,Hastings and Prince Edward Counties Health Unit,0.1458,160.0,0.95,0.8997,0.9368
12842,2022-10-18,2235,"Haliburton, Kawartha, Pine Ridge District Health Unit",0.1946,128.0,0.68,0.81,0.9672
12843,2022-10-18,2241,"Kingston, Frontenac and Lennox and Addington Health Unit",0.2084,180.0,0.84,0.969,0.9902
12844,2022-10-18,2237,City of Hamilton Health Unit,0.2089,372.0,0.63,0.9338,0.9828
12845,2022-10-18,2230,Durham Regional Health Unit,0.1394,398.0,0.56,0.8433,0.9641
12846,2022-10-17,2270,York Regional Health Unit,0.1337,560.0,0.46,0.8193,0.9465
12847,2022-10-17,2265,Waterloo Health Unit,0.2085,223.0,0.38,0.7096,0.9394
12848,2022-10-17,2263,Timiskaming Health Unit,0.1359,15.0,0.45,0.75,0.9545
12849,2022-10-17,2260,Simcoe Muskoka District Health Unit,0.1853,399.0,0.67,0.833,0.9501
12850,2022-10-17,2256,Porcupine Health Unit,0.1623,65.0,0.78,0.8369,0.9551
12851,2022-10-17,2255,Peterborough County-City Health Unit,0.1967,139.0,0.94,0.852,0.9429
12852,2022-10-17,2253,Peel Regional Health Unit,0.1114,707.0,0.44,0.8823,0.9687
12853,2022-10-17,2246,Niagara Regional Area Health Unit,0.203,256.0,0.54,0.7633,0.957
12854,2022-10-17,2243,"Leeds, Grenville and Lanark District Health Unit",0.2166,121.0,0.7,0.7712,0.9608
12855,2022-10-17,2241,"Kingston, Frontenac and Lennox and Addington Health Unit",0.2151,195.0,0.91,0.9642,0.9902
12856,2022-10-17,2235,"Haliburton, Kawartha, Pine Ridge District Health Unit",0.1926,139.0,0.73,0.8116,0.9643
12857,2022-10-17,2233,Grey Bruce Health Unit,0.242,102.0,0.6,0.8481,0.9729
12858,2022-10-17,2258,Eastern Ontario Health Unit,0.1621,121.0,0.58,0.8172,0.9486
12859,2022-10-17,2230,Durham Regional Health Unit,0.1389,413.0,0.58,0.8348,0.9619
12860,2022-10-17,2237,City of Hamilton Health Unit,0.2176,378.0,0.64,0.9334,0.982
12861,2022-10-17,2227,Brant County Health Unit,0.1875,91.0,0.59,0.8679,0.9666
12862,2022-10-17,2266,Wellington-Dufferin-Guelph Health Unit,0.1561,148.0,0.48,0.8317,0.9659
12863,2022-10-17,2261,Sudbury and District Health Unit,0.1244,311.0,1.56,0.893,0.96
12864,2022-10-17,4913,Southwestern Public Health,0.1961,145.0,0.69,0.8925,0.9642
12865,2022-10-17,3895,City of Toronto Health Unit,0.136,1797.0,0.58,0.9049,0.9744
12866,2022-10-17,2251,City of Ottawa Health Unit,0.1843,420.0,0.4,0.8317,0.963
12867,2022-10-17,2238,Hastings and Prince Edward Counties Health Unit,0.1804,170.0,1.01,0.9304,0.9625
12868,2022-10-17,2249,Northwestern Health Unit,0.1818,74.0,0.84,0.8992,0.9538
12869,2022-10-17,2247,North Bay Parry Sound District Health Unit,0.1471,111.0,0.85,0.9608,0.9817
12870,2022-10-17,2257,Renfrew County and District Health Unit,0.2305,77.0,0.71,0.7156,0.9267
12871,2022-10-17,2268,Windsor-Essex County Health Unit,0.1497,331.0,0.78,0.653,0.9703
12872,2022-10-17,2262,Thunder Bay District Health Unit,0.1463,179.0,1.19,0.9402,0.984
12873,2022-10-17,35,Ontario,0.1646,8768.0,0.59,0.8563,0.9643
12874,2022-10-17,2236,Halton Regional Health Unit,0.1764,193.0,0.31,0.8548,0.9454
12875,2022-10-17,2242,Lambton Health Unit,0.2832,88.0,0.67,0.7112,0.9332
12876,2022-10-17,5183,Huron Perth Health Unit,0.1663,128.0,0.92,0.7904,0.9191
12877,2022-10-17,2244,Middlesex-London Health Unit,0.1882,330.0,0.65,0.8809,0.9771
12878,2022-10-17,2226,District of Algoma Health Unit,0.2592,121.0,1.05,0.9153,0.9804
12879,2022-10-17,2234,Haldimand-Norfolk Health Unit,0.2581,70.0,0.62,0.8826,0.9789
12880,2022-10-17,2240,Chatham-Kent Health Unit,0.1589,85.0,0.8,0.8442,0.9592
12881,2022-10-16,2268,Windsor-Essex County Health Unit,0.1448,318.0,0.75,0.668,0.9735
12882,2022-10-16,2262,Thunder Bay District Health Unit,0.1455,164.0,1.09,0.9168,0.9749
12883,2022-10-16,2260,Simcoe Muskoka District Health Unit,0.1857,372.0,0.62,0.843,0.9581
12884,2022-10-16,2257,Renfrew County and District Health Unit,0.2193,65.0,0.6,0.7326,0.9438
12885,2022-10-16,35,Ontario,0.1624,8203.0,0.55,0.855,0.9651
12886,2022-10-16,2244,Middlesex-London Health Unit,0.1863,297.0,0.58,0.8763,0.974
12887,2022-10-16,5183,Huron Perth Health Unit,0.1732,120.0,0.86,0.7981,0.9233
12888,2022-10-16,2234,Haldimand-Norfolk Health Unit,0.2269,62.0,0.54,0.8813,0.9772
12889,2022-10-16,2226,District of Algoma Health Unit,0.2691,118.0,1.03,0.914,0.9806
12890,2022-10-16,2251,City of Ottawa Health Unit,0.178,399.0,0.38,0.8276,0.9666
12891,2022-10-16,2240,Chatham-Kent Health Unit,0.1416,81.0,0.76,0.854,0.9708
12892,2022-10-16,2236,Halton Regional Health Unit,0.161,176.0,0.28,0.8571,0.9507
12893,2022-10-16,2235,"Haliburton, Kawartha, Pine Ridge District Health Unit",0.1944,128.0,0.68,0.8167,0.9689
12894,2022-10-16,4913,Southwestern Public Health,0.1915,131.0,0.62,0.9163,0.9831
12895,2022-10-16,2265,Waterloo Health Unit,0.2037,215.0,0.37,0.6996,0.9413
12896,2022-10-16,2247,North Bay Parry Sound District Health Unit,0.1467,105.0,0.81,0.96,0.9827
12897,2022-10-16,2237,City of Hamilton Health Unit,0.2056,363.0,0.61,0.9302,0.9826
12898,2022-10-16,2258,Eastern Ontario Health Unit,0.1518,119.0,0.57,0.8185,0.9508
12899,2022-10-16,2230,Durham Regional Health Unit,0.1413,391.0,0.55,0.8332,0.9631
12900,2022-10-16,2242,Lambton Health Unit,0.2799,84.0,0.64,0.6961,0.9232
12901,2022-10-16,2255,Peterborough County-City Health Unit,0.1957,133.0,0.9,0.852,0.9426
12902,2022-10-16,2253,Peel Regional Health Unit,0.1147,667.0,0.42,0.8772,0.9667
12903,2022-10-16,2270,York Regional Health Unit,0.133,526.0,0.43,0.8245,0.9507
12904,2022-10-16,2261,Sudbury and District Health Unit,0.1241,284.0,1.43,0.8755,0.9506
12905,2022-10-16,2263,Timiskaming Health Unit,0.1264,12.0,0.38,0.7805,0.9634
12906,2022-10-16,2266,Wellington-Dufferin-Guelph Health Unit,0.1517,131.0,0.42,0.8317,0.9639
12907,2022-10-16,2256,Porcupine Health Unit,0.1613,62.0,0.74,0.8293,0.949
12908,2022-10-16,2241,"Kingston, Frontenac and Lennox and Addington Health Unit",0.2177,174.0,0.82,0.9635,0.9909
12909,2022-10-16,2246,Niagara Regional Area Health Unit,0.1926,239.0,0.51,0.7528,0.9579
12910,2022-10-16,2243,"Leeds, Grenville and Lanark District Health Unit",0.2245,111.0,0.64,0.7752,0.9617
12911,2022-10-16,2249,Northwestern Health Unit,0.1836,65.0,0.74,0.8914,0.9424
12912,2022-10-16,2233,Grey Bruce Health Unit,0.2414,96.0,0.56,0.8463,0.9731
12913,2022-10-16,2238,Hastings and Prince Edward Counties Health Unit,0.1786,163.0,0.97,0.9288,0.9622
12914,2022-10-16,2227,Brant County Health Unit,0.1732,83.0,0.54,0.8624,0.9665
12915,2022-10-16,3895,City of Toronto Health Unit,0.1355,1690.0,0.54,0.8998,0.9738
12916,2022-10-15,2266,Wellington-Dufferin-Guelph Health Unit,0.1544,130.0,0.42,0.8202,0.9458
12917,2022-10-15,2263,Timiskaming Health Unit,0.119,12.0,0.37,0.775,0.9625
12918,2022-10-15,2262,Thunder Bay District Health Unit,0.1541,165.0,1.1,0.9175,0.9748
12919,2022-10-15,2261,Sudbury and District Health Unit,0.1214,291.0,1.46,0.8409,0.9477
12920,2022-10-15,2256,Porcupine Health Unit,0.1486,63.0,0.76,0.8291,0.9509
12921,2022-10-15,2253,Peel Regional Health Unit,0.1098,651.0,0.41,0.8797,0.9656
12922,2022-10-15,2249,Northwestern Health Unit,0.1804,66.0,0.75,0.8933,0.9422
12923,2022-10-15,2243,"Leeds, Grenville and Lanark District Health Unit",0.2289,112.0,0.65,0.7826,0.9608
12924,2022-10-15,5183,Huron Perth Health Unit,0.1753,118.0,0.85,0.795,0.9171
12925,2022-10-15,2238,Hastings and Prince Edward Counties Health Unit,0.1747,159.0,0.95,0.9144,0.9604
12926,2022-10-15,2233,Grey Bruce Health Unit,0.237,93.0,0.55,0.8431,0.9769
12927,2022-10-15,2230,Durham Regional Health Unit,0.1433,393.0,0.55,0.8332,0.9637
12928,2022-10-15,3895,City of Toronto Health Unit,0.1345,1683.0,0.54,0.9009,0.9726
12929,2022-10-15,2227,Brant County Health Unit,0.1655,83.0,0.53,0.8569,0.9564
12930,2022-10-15,2237,City of Hamilton Health Unit,0.201,357.0,0.6,0.9279,0.9825
12931,2022-10-15,2241,"Kingston, Frontenac and Lennox and Addington Health Unit",0.2114,178.0,0.84,0.9696,0.9938
12932,2022-10-15,2270,York Regional Health Unit,0.1377,513.0,0.42,0.8336,0.9543
12933,2022-10-15,2268,Windsor-Essex County Health Unit,0.1463,314.0,0.74,0.6811,0.9743
12934,2022-10-15,2226,District of Algoma Health Unit,0.2791,112.0,0.97,0.9129,0.9834
12935,2022-10-15,2235,"Haliburton, Kawartha, Pine Ridge District Health Unit",0.2034,128.0,0.68,0.8184,0.9686
12936,2022-10-15,2234,Haldimand-Norfolk Health Unit,0.2136,63.0,0.55,0.8642,0.9766
12937,2022-10-15,2246,Niagara Regional Area Health Unit,0.1887,235.0,0.5,0.7439,0.9514
12938,2022-10-15,2260,Simcoe Muskoka District Health Unit,0.1821,369.0,0.62,0.8422,0.9506
12939,2022-10-15,2257,Renfrew County and District Health Unit,0.2165,66.0,0.61,0.7506,0.9488
12940,2022-10-15,2265,Waterloo Health Unit,0.1947,206.0,0.35,0.6985,0.9435
12941,2022-10-15,4913,Southwestern Public Health,0.1794,137.0,0.65,0.9168,0.984
12942,2022-10-15,2244,Middlesex-London Health Unit,0.1867,288.0,0.57,0.8786,0.9739
12943,2022-10-15,35,Ontario,0.1612,8152.0,0.55,0.8544,0.9639
12944,2022-10-15,2247,North Bay Parry Sound District Health Unit,0.1549,107.0,0.82,0.9537,0.9884
12945,2022-10-15,2255,Peterborough County-City Health Unit,0.1894,134.0,0.91,0.8503,0.9358
12946,2022-10-15,2242,Lambton Health Unit,0.269,84.0,0.64,0.7038,0.922
12947,2022-10-15,2236,Halton Regional Health Unit,0.1609,173.0,0.28,0.857,0.9425
12948,2022-10-15,2240,Chatham-Kent Health Unit,0.1393,81.0,0.76,0.867,0.9731
12949,2022-10-15,2258,Eastern Ontario Health Unit,0.1524,122.0,0.58,0.8141,0.9469
12950,2022-10-15,2251,City of Ottawa Health Unit,0.1804,404.0,0.38,0.833,0.9665
12951,2022-10-14,2244,Middlesex-London Health Unit,0.1864,290.0,0.57,0.8909,0.9758
12952,2022-10-14,2268,Windsor-Essex County Health Unit,0.1499,317.0,0.75,0.7,0.977
12953,2022-10-14,2266,Wellington-Dufferin-Guelph Health Unit,0.165,128.0,0.41,0.8363,0.9451
12954,2022-10-14,2265,Waterloo Health Unit,0.1967,202.0,0.35,0.6955,0.9405
12955,2022-10-14,4913,Southwestern Public Health,0.1799,135.0,0.64,0.9164,0.9829
12956,2022-10-14,2257,Renfrew County and District Health Unit,0.2165,66.0,0.61,0.7395,0.9465
12957,2022-10-14,2255,Peterborough County-City Health Unit,0.1889,132.0,0.89,0.8593,0.935
12958,2022-10-14,2247,North Bay Parry Sound District Health Unit,0.1582,107.0,0.82,0.9505,0.9831
12959,2022-10-14,2243,"Leeds, Grenville and Lanark District Health Unit",0.2293,112.0,0.65,0.7923,0.96
12960,2022-10-14,2242,Lambton Health Unit,0.2729,87.0,0.67,0.6933,0.9233
12961,2022-10-14,2236,Halton Regional Health Unit,0.1608,170.0,0.27,0.8533,0.9413
12962,2022-10-14,2234,Haldimand-Norfolk Health Unit,0.2129,60.0,0.52,0.8124,0.9691
12963,2022-10-14,2258,Eastern Ontario Health Unit,0.1507,122.0,0.59,0.8383,0.9522
12964,2022-10-14,2251,City of Ottawa Health Unit,0.1792,407.0,0.39,0.8478,0.964
12965,2022-10-14,2240,Chatham-Kent Health Unit,0.1486,86.0,0.8,0.8606,0.9712
12966,2022-10-14,2227,Brant County Health Unit,0.1682,80.0,0.51,0.8569,0.9523
12967,2022-10-14,2226,District of Algoma Health Unit,0.2699,113.0,0.99,0.9333,0.9862
12968,2022-10-14,3895,City of Toronto Health Unit,0.1338,1681.0,0.54,0.9022,0.9731
12969,2022-10-14,2233,Grey Bruce Health Unit,0.226,92.0,0.54,0.8186,0.9748
12970,2022-10-14,5183,Huron Perth Health Unit,0.1812,118.0,0.85,0.7969,0.9237
12971,2022-10-14,2238,Hastings and Prince Edward Counties Health Unit,0.1822,156.0,0.93,0.901,0.9673
12972,2022-10-14,35,Ontario,0.1621,8137.0,0.55,0.8568,0.9641
12973,2022-10-14,2262,Thunder Bay District Health Unit,0.1579,164.0,1.09,0.9111,0.9718
12974,2022-10-14,2261,Sudbury and District Health Unit,0.1284,274.0,1.38,0.8333,0.9383
12975,2022-10-14,2237,City of Hamilton Health Unit,0.2013,358.0,0.6,0.9378,0.9853
12976,2022-10-14,2270,York Regional Health Unit,0.1408,519.0,0.42,0.8344,0.9557
12977,2022-10-14,2263,Timiskaming Health Unit,0.0988,12.0,0.35,0.7164,0.9552
12978,2022-10-14,2249,Northwestern Health Unit,0.1723,63.0,0.72,0.8921,0.9483
12979,2022-10-14,2256,Porcupine Health Unit,0.1557,65.0,0.78,0.834,0.9426
12980,2022-10-14,2253,Peel Regional Health Unit,0.1074,645.0,0.4,0.8807,0.9662
12981,2022-10-14,2260,Simcoe Muskoka District Health Unit,0.184,370.0,0.62,0.8402,0.9541
12982,2022-10-14,2241,"Kingston, Frontenac and Lennox and Addington Health Unit",0.2085,185.0,0.87,0.9722,0.9931
12983,2022-10-14,2246,Niagara Regional Area Health Unit,0.1946,237.0,0.5,0.7815,0.9519
12984,2022-10-14,2230,Durham Regional Health Unit,0.1433,399.0,0.56,0.8184,0.9653
12985,2022-10-14,2235,"Haliburton, Kawartha, Pine Ridge District Health Unit",0.2036,126.0,0.67,0.827,0.97
12986,2022-10-13,2270,York Regional Health Unit,0.1391,515.0,0.42,0.8319,0.9569
12987,2022-10-13,2263,Timiskaming Health Unit,0.1061,9.0,0.29,0.7101,0.942
12988,2022-10-13,2261,Sudbury and District Health Unit,0.1134,297.0,1.49,0.8392,0.9418
12989,2022-10-13,2260,Simcoe Muskoka District Health Unit,0.1822,361.0,0.6,0.8531,0.9586
12990,2022-10-13,2253,Peel Regional Health Unit,0.1033,658.0,0.41,0.8667,0.9699
12991,2022-10-13,2249,Northwestern Health Unit,0.1614,58.0,0.67,0.8649,0.9386
12992,2022-10-13,2247,North Bay Parry Sound District Health Unit,0.1667,109.0,0.84,0.9463,0.9843
12993,2022-10-13,2246,Niagara Regional Area Health Unit,0.1977,241.0,0.51,0.7761,0.9472
12994,2022-10-13,2241,"Kingston, Frontenac and Lennox and Addington Health Unit",0.2143,189.0,0.89,0.9715,0.9925
12995,2022-10-13,2238,Hastings and Prince Edward Counties Health Unit,0.188,153.0,0.91,0.9276,0.9926
12996,2022-10-13,2235,"Haliburton, Kawartha, Pine Ridge District Health Unit",0.1991,126.0,0.66,0.8189,0.9802
12997,2022-10-13,2230,Durham Regional Health Unit,0.1435,396.0,0.56,0.8262,0.9699
12998,2022-10-13,3895,City of Toronto Health Unit,0.1305,1689.0,0.54,0.9011,0.9765
12999,2022-10-13,2251,City of Ottawa Health Unit,0.1808,413.0,0.39,0.8559,0.9671
13000,2022-10-13,2237,City of Hamilton Health Unit,0.198,358.0,0.6,0.9397,0.986
13001,2022-10-13,2233,Grey Bruce Health Unit,0.2092,90.0,0.53,0.8079,0.9604
13002,2022-10-13,2227,Brant County Health Unit,0.1673,80.0,0.52,0.8692,0.9558
13003,2022-10-13,2236,Halton Regional Health Unit,0.1602,167.0,0.27,0.8535,0.9461
13004,2022-10-13,2243,"Leeds, Grenville and Lanark District Health Unit",0.2281,113.0,0.65,0.7745,0.9606
13005,2022-10-13,2242,Lambton Health Unit,0.2848,88.0,0.67,0.6846,0.9199
13006,2022-10-13,2256,Porcupine Health Unit,0.1569,68.0,0.82,0.8389,0.9686
13007,2022-10-13,2266,Wellington-Dufferin-Guelph Health Unit,0.1649,123.0,0.39,0.8292,0.9423
13008,2022-10-13,2265,Waterloo Health Unit,0.1936,202.0,0.35,0.6773,0.9486
13009,2022-10-13,2226,District of Algoma Health Unit,0.2566,114.0,1.0,0.9358,0.9825
13010,2022-10-13,2268,Windsor-Essex County Health Unit,0.1435,335.0,0.79,0.7372,0.9786
13011,2022-10-13,2255,Peterborough County-City Health Unit,0.2035,131.0,0.89,0.9154,0.9886
13012,2022-10-13,4913,Southwestern Public Health,0.1895,133.0,0.63,0.9211,0.9836
13013,2022-10-13,2257,Renfrew County and District Health Unit,0.2073,63.0,0.58,0.714,0.9419
13014,2022-10-13,2262,Thunder Bay District Health Unit,0.1472,164.0,1.09,0.9128,0.9715
13015,2022-10-13,2244,Middlesex-London Health Unit,0.1949,296.0,0.58,0.8862,0.9733
13016,2022-10-13,2258,Eastern Ontario Health Unit,0.1381,129.0,0.62,0.8661,0.9645
13017,2022-10-13,35,Ontario,0.1599,8198.0,0.55,0.8577,0.9676
13018,2022-10-13,2234,Haldimand-Norfolk Health Unit,0.2105,57.0,0.5,0.823,0.9712
13019,2022-10-13,5183,Huron Perth Health Unit,0.1651,121.0,0.87,0.7417,0.9203
13020,2022-10-13,2240,Chatham-Kent Health Unit,0.1503,87.0,0.82,0.8519,0.968
13021,2022-10-12,2268,Windsor-Essex County Health Unit,0.1465,338.0,0.8,0.7121,0.9744
13022,2022-10-12,2262,Thunder Bay District Health Unit,0.1421,160.0,1.07,0.9044,0.9684
13023,2022-10-12,2257,Renfrew County and District Health Unit,0.1851,59.0,0.55,0.7347,0.9469
13024,2022-10-12,2253,Peel Regional Health Unit,0.0958,661.0,0.41,0.8761,0.9686
13025,2022-10-12,35,Ontario,0.1573,8152.0,0.55,0.8612,0.9679
13026,2022-10-12,2244,Middlesex-London Health Unit,0.2007,284.0,0.56,0.8965,0.973
13027,2022-10-12,2242,Lambton Health Unit,0.2777,89.0,0.68,0.7391,0.9348
13028,2022-10-12,5183,Huron Perth Health Unit,0.1736,123.0,0.88,0.7158,0.9107
13029,2022-10-12,2234,Haldimand-Norfolk Health Unit,0.2023,61.0,0.54,0.8241,0.9673
13030,2022-10-12,2258,Eastern Ontario Health Unit,0.1384,129.0,0.62,0.9008,0.9776
13031,2022-10-12,2230,Durham Regional Health Unit,0.1373,409.0,0.57,0.8268,0.9717
13032,2022-10-12,2226,District of Algoma Health Unit,0.2497,118.0,1.03,0.9387,0.9853
13033,2022-10-12,2240,Chatham-Kent Health Unit,0.1495,83.0,0.78,0.8585,0.9724
13034,2022-10-12,2235,"Haliburton, Kawartha, Pine Ridge District Health Unit",0.1966,128.0,0.68,0.8333,0.9704
13035,2022-10-12,2236,Halton Regional Health Unit,0.1523,168.0,0.27,0.8368,0.9419
13036,2022-10-12,2255,Peterborough County-City Health Unit,0.1981,138.0,0.94,0.9043,0.9727
13037,2022-10-12,2265,Waterloo Health Unit,0.1964,188.0,0.32,0.6681,0.9468
13038,2022-10-12,2251,City of Ottawa Health Unit,0.1832,414.0,0.39,0.8722,0.9665
13039,2022-10-12,2237,City of Hamilton Health Unit,0.1907,364.0,0.61,0.9324,0.9848
13040,2022-10-12,2241,"Kingston, Frontenac and Lennox and Addington Health Unit",0.2184,173.0,0.81,0.9672,0.9943
13041,2022-10-12,2247,North Bay Parry Sound District Health Unit,0.1643,111.0,0.86,0.949,0.9847
13042,2022-10-12,2246,Niagara Regional Area Health Unit,0.2055,223.0,0.47,0.7994,0.9523
13043,2022-10-12,4913,Southwestern Public Health,0.1849,132.0,0.62,0.9257,0.9851
13044,2022-10-12,2270,York Regional Health Unit,0.1308,518.0,0.42,0.8308,0.9597
13045,2022-10-12,2233,Grey Bruce Health Unit,0.1975,93.0,0.54,0.8031,0.9591
13046,2022-10-12,2260,Simcoe Muskoka District Health Unit,0.1813,358.0,0.6,0.8808,0.9619
13047,2022-10-12,2263,Timiskaming Health Unit,0.0986,10.0,0.31,0.7538,0.9385
13048,2022-10-12,2266,Wellington-Dufferin-Guelph Health Unit,0.1639,119.0,0.38,0.8379,0.948
13049,2022-10-12,2261,Sudbury and District Health Unit,0.1159,297.0,1.49,0.8041,0.9431
13050,2022-10-12,2249,Northwestern Health Unit,0.1574,56.0,0.64,0.8723,0.9433
13051,2022-10-12,2256,Porcupine Health Unit,0.1518,69.0,0.82,0.8542,0.9576
13052,2022-10-12,2243,"Leeds, Grenville and Lanark District Health Unit",0.234,103.0,0.59,0.7882,0.9524
13053,2022-10-12,2238,Hastings and Prince Edward Counties Health Unit,0.1899,158.0,0.94,0.9185,0.9928
13054,2022-10-12,3895,City of Toronto Health Unit,0.1284,1676.0,0.54,0.9056,0.9776
13055,2022-10-12,2227,Brant County Health Unit,0.1553,77.0,0.5,0.8867,0.9503
13056,2022-10-11,2270,York Regional Health Unit,0.1271,513.0,0.42,0.8365,0.9643
13057,2022-10-11,2266,Wellington-Dufferin-Guelph Health Unit,0.1382,115.0,0.37,0.8378,0.9493
13058,2022-10-11,2261,Sudbury and District Health Unit,0.1229,284.0,1.43,0.7938,0.9635
13059,2022-10-11,2257,Renfrew County and District Health Unit,0.1759,57.0,0.52,0.696,0.924
13060,2022-10-11,2256,Porcupine Health Unit,0.1415,77.0,0.92,0.8602,0.9646
13061,2022-10-11,2249,Northwestern Health Unit,0.1408,59.0,0.67,0.8629,0.9362
13062,2022-10-11,2246,Niagara Regional Area Health Unit,0.1816,226.0,0.48,0.8067,0.9584
13063,2022-10-11,2243,"Leeds, Grenville and Lanark District Health Unit",0.2394,101.0,0.59,0.7401,0.9534
13064,2022-10-11,2238,Hastings and Prince Edward Counties Health Unit,0.1924,158.0,0.94,0.8871,0.9898
13065,2022-10-11,2234,Haldimand-Norfolk Health Unit,0.1932,58.0,0.51,0.7961,0.9563
13066,2022-10-11,2233,Grey Bruce Health Unit,0.1922,88.0,0.52,0.812,0.9607
13067,2022-10-11,3895,City of Toronto Health Unit,0.121,1660.0,0.53,0.9017,0.9801
13068,2022-10-11,2237,City of Hamilton Health Unit,0.1846,368.0,0.62,0.9301,0.9859
13069,2022-10-11,2227,Brant County Health Unit,0.1333,75.0,0.48,0.8439,0.9447
13070,2022-10-11,2235,"Haliburton, Kawartha, Pine Ridge District Health Unit",0.1876,134.0,0.71,0.7998,0.9651
13071,2022-10-11,2241,"Kingston, Frontenac and Lennox and Addington Health Unit",0.2182,171.0,0.8,0.9597,0.9942
13072,2022-10-11,2260,Simcoe Muskoka District Health Unit,0.1762,352.0,0.59,0.8775,0.9689
13073,2022-10-11,2230,Durham Regional Health Unit,0.1252,397.0,0.56,0.8197,0.9739
13074,2022-10-11,2226,District of Algoma Health Unit,0.2568,116.0,1.01,0.9317,0.9851
13075,2022-10-11,2244,Middlesex-London Health Unit,0.1906,286.0,0.56,0.901,0.9792
13076,2022-10-11,2253,Peel Regional Health Unit,0.0953,663.0,0.41,0.8844,0.9728
13077,2022-10-11,35,Ontario,0.1526,8102.0,0.55,0.8549,0.9709
13078,2022-10-11,2263,Timiskaming Health Unit,0.1194,10.0,0.29,0.6731,0.9615
13079,2022-10-11,2236,Halton Regional Health Unit,0.1508,164.0,0.26,0.8374,0.9476
13080,2022-10-11,2262,Thunder Bay District Health Unit,0.1512,152.0,1.01,0.9069,0.9738
13081,2022-10-11,2268,Windsor-Essex County Health Unit,0.1495,331.0,0.78,0.6394,0.9679
13082,2022-10-11,2265,Waterloo Health Unit,0.1776,191.0,0.33,0.675,0.9427
13083,2022-10-11,2255,Peterborough County-City Health Unit,0.2046,142.0,0.96,0.9406,0.9708
13084,2022-10-11,5183,Huron Perth Health Unit,0.1715,122.0,0.88,0.7097,0.9504
13085,2022-10-11,4913,Southwestern Public Health,0.174,142.0,0.67,0.905,0.9885
13086,2022-10-11,2242,Lambton Health Unit,0.269,87.0,0.66,0.7587,0.9466
13087,2022-10-11,2247,North Bay Parry Sound District Health Unit,0.1669,112.0,0.86,0.9444,0.99
13088,2022-10-11,2258,Eastern Ontario Health Unit,0.1398,127.0,0.61,0.894,0.9793
13089,2022-10-11,2240,Chatham-Kent Health Unit,0.1255,79.0,0.74,0.8696,0.975
13090,2022-10-11,2251,City of Ottawa Health Unit,0.1859,425.0,0.4,0.8687,0.9659
13091,2022-10-10,2244,Middlesex-London Health Unit,0.1839,276.0,0.54,0.9023,0.9762
13092,2022-10-10,2265,Waterloo Health Unit,0.1525,198.0,0.34,0.6884,0.9314
13093,2022-10-10,2261,Sudbury and District Health Unit,0.121,280.0,1.41,0.8208,0.9687
13094,2022-10-10,4913,Southwestern Public Health,0.1766,134.0,0.63,0.9046,0.9844
13095,2022-10-10,2255,Peterborough County-City Health Unit,0.1966,144.0,0.97,0.937,0.9666
13096,2022-10-10,2249,Northwestern Health Unit,0.1292,60.0,0.68,0.865,0.9447
13097,2022-10-10,2247,North Bay Parry Sound District Health Unit,0.2009,97.0,0.75,0.9438,0.9877
13098,2022-10-10,2242,Lambton Health Unit,0.25,81.0,0.62,0.7544,0.9429
13099,2022-10-10,5183,Huron Perth Health Unit,0.1707,117.0,0.84,0.7304,0.9613
13100,2022-10-10,2238,Hastings and Prince Edward Counties Health Unit,0.1757,150.0,0.89,0.8948,0.992
13101,2022-10-10,2236,Halton Regional Health Unit,0.1372,170.0,0.27,0.8413,0.9441
13102,2022-10-10,2243,"Leeds, Grenville and Lanark District Health Unit",0.2422,96.0,0.56,0.7856,0.9685
13103,2022-10-10,2258,Eastern Ontario Health Unit,0.1387,118.0,0.57,0.9059,0.9812
13104,2022-10-10,2226,District of Algoma Health Unit,0.2355,113.0,0.99,0.9374,0.9852
13105,2022-10-10,2251,City of Ottawa Health Unit,0.1881,399.0,0.38,0.8713,0.9653
13106,2022-10-10,35,Ontario,0.1463,7896.0,0.53,0.8606,0.9704
13107,2022-10-10,2262,Thunder Bay District Health Unit,0.1315,148.0,0.98,0.8815,0.9726
13108,2022-10-10,2257,Renfrew County and District Health Unit,0.1425,56.0,0.52,0.6872,0.9218
13109,2022-10-10,2240,Chatham-Kent Health Unit,0.1181,80.0,0.75,0.8578,0.9709
13110,2022-10-10,2234,Haldimand-Norfolk Health Unit,0.1527,58.0,0.51,0.8371,0.9572
13111,2022-10-10,2233,Grey Bruce Health Unit,0.1808,86.0,0.51,0.8086,0.9568
13112,2022-10-10,2256,Porcupine Health Unit,0.1434,73.0,0.87,0.8325,0.935
13113,2022-10-10,2268,Windsor-Essex County Health Unit,0.1371,308.0,0.73,0.6259,0.9693
13114,2022-10-10,2241,"Kingston, Frontenac and Lennox and Addington Health Unit",0.1976,170.0,0.8,0.9651,0.9949
13115,2022-10-10,2266,Wellington-Dufferin-Guelph Health Unit,0.1391,110.0,0.35,0.8362,0.9477
13116,2022-10-10,2270,York Regional Health Unit,0.1201,512.0,0.42,0.8529,0.9665
13117,2022-10-10,2260,Simcoe Muskoka District Health Unit,0.1698,355.0,0.59,0.8814,0.9729
13118,2022-10-10,2263,Timiskaming Health Unit,0.0909,8.0,0.24,0.75,0.9583
13119,2022-10-10,2246,Niagara Regional Area Health Unit,0.1753,228.0,0.48,0.8215,0.9599
13120,2022-10-10,2253,Peel Regional Health Unit,0.095,643.0,0.4,0.8834,0.9706
13121,2022-10-10,2235,"Haliburton, Kawartha, Pine Ridge District Health Unit",0.1853,120.0,0.64,0.8097,0.9654
13122,2022-10-10,2227,Brant County Health Unit,0.118,71.0,0.46,0.8462,0.9385
13123,2022-10-10,3895,City of Toronto Health Unit,0.1186,1604.0,0.51,0.9058,0.9803
13124,2022-10-10,2237,City of Hamilton Health Unit,0.1719,375.0,0.63,0.9314,0.9846
13125,2022-10-10,2230,Durham Regional Health Unit,0.1197,399.0,0.56,0.8303,0.9706
13126,2022-10-09,2270,York Regional Health Unit,0.1162,552.0,0.45,0.8499,0.9638
13127,2022-10-09,2266,Wellington-Dufferin-Guelph Health Unit,0.1469,123.0,0.39,0.8371,0.9476
13128,2022-10-09,2265,Waterloo Health Unit,0.1469,209.0,0.36,0.6766,0.9135
13129,2022-10-09,2263,Timiskaming Health Unit,0.0541,11.0,0.32,0.75,0.9583
13130,2022-10-09,2260,Simcoe Muskoka District Health Unit,0.1669,377.0,0.63,0.8767,0.9682
13131,2022-10-09,2256,Porcupine Health Unit,0.1496,81.0,0.97,0.8313,0.9361
13132,2022-10-09,2253,Peel Regional Health Unit,0.0991,688.0,0.43,0.8916,0.9722
13133,2022-10-09,2246,Niagara Regional Area Health Unit,0.1838,239.0,0.5,0.8292,0.9573
13134,2022-10-09,2242,Lambton Health Unit,0.2239,87.0,0.67,0.7565,0.9412
13135,2022-10-09,2241,"Kingston, Frontenac and Lennox and Addington Health Unit",0.2034,203.0,0.95,0.9648,0.9944
13136,2022-10-09,2235,"Haliburton, Kawartha, Pine Ridge District Health Unit",0.2015,132.0,0.7,0.807,0.9629
13137,2022-10-09,2230,Durham Regional Health Unit,0.1156,427.0,0.6,0.8404,0.9693
13138,2022-10-09,2237,City of Hamilton Health Unit,0.1697,411.0,0.69,0.9372,0.9859
13139,2022-10-09,2227,Brant County Health Unit,0.1365,77.0,0.5,0.8527,0.9411
13140,2022-10-09,2233,Grey Bruce Health Unit,0.1563,92.0,0.54,0.811,0.9604
13141,2022-10-09,2243,"Leeds, Grenville and Lanark District Health Unit",0.2232,116.0,0.67,0.7842,0.9692
13142,2022-10-09,2249,Northwestern Health Unit,0.1444,67.0,0.77,0.88,0.9579
13143,2022-10-09,3895,City of Toronto Health Unit,0.1165,1722.0,0.55,0.9125,0.9812
13144,2022-10-09,2238,Hastings and Prince Edward Counties Health Unit,0.1676,159.0,0.95,0.9003,0.9924
13145,2022-10-09,2236,Halton Regional Health Unit,0.1583,191.0,0.31,0.8466,0.9461
13146,2022-10-09,2255,Peterborough County-City Health Unit,0.2053,156.0,1.05,0.9277,0.957
13147,2022-10-09,2261,Sudbury and District Health Unit,0.1194,299.0,1.5,0.8256,0.9747
13148,2022-10-09,4913,Southwestern Public Health,0.173,154.0,0.73,0.9031,0.9834
13149,2022-10-09,2244,Middlesex-London Health Unit,0.1735,305.0,0.6,0.899,0.9771
13150,2022-10-09,2268,Windsor-Essex County Health Unit,0.1311,326.0,0.77,0.6201,0.9586
13151,2022-10-09,2262,Thunder Bay District Health Unit,0.1318,164.0,1.09,0.9066,0.9836
13152,2022-10-09,2247,North Bay Parry Sound District Health Unit,0.1907,113.0,0.87,0.949,0.9885
13153,2022-10-09,35,Ontario,0.1451,8571.0,0.58,0.8632,0.9697
13154,2022-10-09,2257,Renfrew County and District Health Unit,0.1442,59.0,0.55,0.6957,0.9203
13155,2022-10-09,5183,Huron Perth Health Unit,0.1629,128.0,0.92,0.7202,0.9509
13156,2022-10-09,2251,City of Ottawa Health Unit,0.1877,428.0,0.41,0.8753,0.9647
13157,2022-10-09,2258,Eastern Ontario Health Unit,0.143,131.0,0.63,0.9069,0.9812
13158,2022-10-09,2226,District of Algoma Health Unit,0.2126,124.0,1.09,0.9405,0.9863
13159,2022-10-09,2234,Haldimand-Norfolk Health Unit,0.1365,70.0,0.61,0.8344,0.9571
13160,2022-10-09,2240,Chatham-Kent Health Unit,0.1267,83.0,0.78,0.8468,0.9687
13161,2022-10-08,2270,York Regional Health Unit,0.1126,544.0,0.44,0.8491,0.9633
13162,2022-10-08,2268,Windsor-Essex County Health Unit,0.1338,329.0,0.77,0.6023,0.9596
13163,2022-10-08,2262,Thunder Bay District Health Unit,0.124,168.0,1.12,0.8964,0.9823
13164,2022-10-08,4913,Southwestern Public Health,0.1793,153.0,0.72,0.9007,0.9842
13165,2022-10-08,2257,Renfrew County and District Health Unit,0.148,60.0,0.55,0.6875,0.915
13166,2022-10-08,35,Ontario,0.1441,8575.0,0.58,0.8623,0.9702
13167,2022-10-08,2247,North Bay Parry Sound District Health Unit,0.1909,110.0,0.85,0.9613,0.988
13168,2022-10-08,2246,Niagara Regional Area Health Unit,0.1796,247.0,0.52,0.8472,0.9603
13169,2022-10-08,2244,Middlesex-London Health Unit,0.1692,312.0,0.61,0.8923,0.9764
13170,2022-10-08,5183,Huron Perth Health Unit,0.1687,131.0,0.94,0.7165,0.9557
13171,2022-10-08,2234,Haldimand-Norfolk Health Unit,0.142,68.0,0.6,0.8182,0.9515
13172,2022-10-08,2236,Halton Regional Health Unit,0.1621,192.0,0.31,0.8525,0.9511
13173,2022-10-08,2226,District of Algoma Health Unit,0.1995,123.0,1.08,0.9297,0.9841
13174,2022-10-08,2237,City of Hamilton Health Unit,0.1692,415.0,0.7,0.9429,0.9864
13175,2022-10-08,2240,Chatham-Kent Health Unit,0.122,83.0,0.78,0.8354,0.9664
13176,2022-10-08,2253,Peel Regional Health Unit,0.1022,694.0,0.43,0.8909,0.9703
13177,2022-10-08,2255,Peterborough County-City Health Unit,0.2108,151.0,1.02,0.9126,0.9472
13178,2022-10-08,2251,City of Ottawa Health Unit,0.1783,429.0,0.41,0.8767,0.9651
13179,2022-10-08,2258,Eastern Ontario Health Unit,0.1364,130.0,0.62,0.9309,0.9911
13180,2022-10-08,2242,Lambton Health Unit,0.2301,88.0,0.67,0.7571,0.943
13181,2022-10-08,2241,"Kingston, Frontenac and Lennox and Addington Health Unit",0.2132,196.0,0.92,0.9648,0.9939
13182,2022-10-08,2260,Simcoe Muskoka District Health Unit,0.1643,379.0,0.63,0.8836,0.975
13183,2022-10-08,2265,Waterloo Health Unit,0.1528,217.0,0.37,0.6765,0.9108
13184,2022-10-08,2263,Timiskaming Health Unit,0.0633,11.0,0.35,0.7632,0.9605
13185,2022-10-08,2249,Northwestern Health Unit,0.1497,66.0,0.75,0.8613,0.9559
13186,2022-10-08,2266,Wellington-Dufferin-Guelph Health Unit,0.1355,124.0,0.4,0.8427,0.9656
13187,2022-10-08,2256,Porcupine Health Unit,0.1572,78.0,0.94,0.8312,0.9321
13188,2022-10-08,2261,Sudbury and District Health Unit,0.1274,284.0,1.43,0.8113,0.9733
13189,2022-10-08,2243,"Leeds, Grenville and Lanark District Health Unit",0.2173,116.0,0.67,0.7967,0.9691
13190,2022-10-08,2230,Durham Regional Health Unit,0.1123,427.0,0.6,0.8387,0.9675
13191,2022-10-08,2235,"Haliburton, Kawartha, Pine Ridge District Health Unit",0.1918,130.0,0.69,0.8218,0.9644
13192,2022-10-08,2233,Grey Bruce Health Unit,0.1375,96.0,0.56,0.8208,0.9624
13193,2022-10-08,2238,Hastings and Prince Edward Counties Health Unit,0.1662,168.0,0.99,0.9138,0.9922
13194,2022-10-08,2227,Brant County Health Unit,0.1388,75.0,0.48,0.8692,0.9448
13195,2022-10-08,3895,City of Toronto Health Unit,0.1148,1715.0,0.55,0.911,0.9825
13196,2022-10-07,2266,Wellington-Dufferin-Guelph Health Unit,0.126,126.0,0.4,0.8398,0.9647
13197,2022-10-07,2263,Timiskaming Health Unit,0.0649,11.0,0.34,0.8088,0.9559
13198,2022-10-07,2261,Sudbury and District Health Unit,0.1234,276.0,1.38,0.7717,0.9796
13199,2022-10-07,2256,Porcupine Health Unit,0.1533,76.0,0.92,0.8126,0.935
13200,2022-10-07,2253,Peel Regional Health Unit,0.0992,699.0,0.44,0.8775,0.9657
13201,2022-10-07,35,Ontario,0.1412,8532.0,0.58,0.8582,0.9687
13202,2022-10-07,2249,Northwestern Health Unit,0.1461,68.0,0.78,0.8768,0.9507
13203,2022-10-07,2243,"Leeds, Grenville and Lanark District Health Unit",0.2143,114.0,0.66,0.7935,0.9736
13204,2022-10-07,2241,"Kingston, Frontenac and Lennox and Addington Health Unit",0.2177,189.0,0.89,0.9562,0.9932
13205,2022-10-07,2238,Hastings and Prince Edward Counties Health Unit,0.1591,168.0,1.0,0.9354,0.9906
13206,2022-10-07,2233,Grey Bruce Health Unit,0.1346,99.0,0.58,0.8407,0.9631
13207,2022-10-07,2226,District of Algoma Health Unit,0.2097,121.0,1.06,0.8807,0.9825
13208,2022-10-07,3895,City of Toronto Health Unit,0.1144,1704.0,0.55,0.9067,0.9803
13209,2022-10-07,2227,Brant County Health Unit,0.1416,80.0,0.51,0.8637,0.9429
13210,2022-10-07,2260,Simcoe Muskoka District Health Unit,0.1623,370.0,0.62,0.8756,0.9713
13211,2022-10-07,2230,Durham Regional Health Unit,0.1083,425.0,0.6,0.8316,0.9639
13212,2022-10-07,2237,City of Hamilton Health Unit,0.1643,416.0,0.7,0.9437,0.9842
13213,2022-10-07,2240,Chatham-Kent Health Unit,0.1082,81.0,0.76,0.839,0.9678
13214,2022-10-07,2235,"Haliburton, Kawartha, Pine Ridge District Health Unit",0.1919,131.0,0.69,0.8407,0.9604
13215,2022-10-07,2246,Niagara Regional Area Health Unit,0.1728,243.0,0.51,0.8499,0.96
13216,2022-10-07,2244,Middlesex-London Health Unit,0.1651,311.0,0.61,0.8834,0.977
13217,2022-10-07,2262,Thunder Bay District Health Unit,0.1168,169.0,1.13,0.9074,0.9818
13218,2022-10-07,2270,York Regional Health Unit,0.1105,544.0,0.44,0.8423,0.9625
13219,2022-10-07,2268,Windsor-Essex County Health Unit,0.1274,328.0,0.77,0.5879,0.9516
13220,2022-10-07,2255,Peterborough County-City Health Unit,0.2064,151.0,1.02,0.9112,0.9432
13221,2022-10-07,2257,Renfrew County and District Health Unit,0.139,58.0,0.53,0.693,0.9185
13222,2022-10-07,4913,Southwestern Public Health,0.1744,155.0,0.73,0.9008,0.9862
13223,2022-10-07,2265,Waterloo Health Unit,0.1505,217.0,0.37,0.685,0.9118
13224,2022-10-07,2247,North Bay Parry Sound District Health Unit,0.1895,109.0,0.84,0.9413,0.9896
13225,2022-10-07,2234,Haldimand-Norfolk Health Unit,0.1426,67.0,0.59,0.8486,0.9602
13226,2022-10-07,5183,Huron Perth Health Unit,0.1712,130.0,0.93,0.7136,0.9569
13227,2022-10-07,2242,Lambton Health Unit,0.2267,86.0,0.65,0.7644,0.9388
13228,2022-10-07,2236,Halton Regional Health Unit,0.1512,192.0,0.31,0.851,0.9508
13229,2022-10-07,2251,City of Ottawa Health Unit,0.1806,424.0,0.4,0.868,0.9656
13230,2022-10-07,2258,Eastern Ontario Health Unit,0.1321,131.0,0.63,0.9053,0.9791
13231,2022-10-06,2244,Middlesex-London Health Unit,0.1513,317.0,0.63,0.8712,0.9695
13232,2022-10-06,2268,Windsor-Essex County Health Unit,0.127,312.0,0.73,0.622,0.9449
13233,2022-10-06,2265,Waterloo Health Unit,0.1533,222.0,0.38,0.6839,0.9082
13234,2022-10-06,4913,Southwestern Public Health,0.1505,155.0,0.73,0.8961,0.9852
13235,2022-10-06,2257,Renfrew County and District Health Unit,0.1358,58.0,0.53,0.7225,0.9211
13236,2022-10-06,2256,Porcupine Health Unit,0.144,70.0,0.84,0.8292,0.928
13237,2022-10-06,2255,Peterborough County-City Health Unit,0.2012,146.0,0.98,0.8665,0.9059
13238,2022-10-06,2247,North Bay Parry Sound District Health Unit,0.1896,112.0,0.87,0.94,0.9863
13239,2022-10-06,2242,Lambton Health Unit,0.2071,81.0,0.62,0.782,0.9323
13240,2022-10-06,2234,Haldimand-Norfolk Health Unit,0.1295,72.0,0.63,0.8359,0.9561
13241,2022-10-06,2236,Halton Regional Health Unit,0.1431,190.0,0.31,0.8113,0.9241
13242,2022-10-06,2233,Grey Bruce Health Unit,0.1401,98.0,0.58,0.8142,0.9737
13243,2022-10-06,2258,Eastern Ontario Health Unit,0.1388,126.0,0.6,0.9046,0.9723
13244,2022-10-06,2251,City of Ottawa Health Unit,0.1794,401.0,0.38,0.8522,0.9532
13245,2022-10-06,2240,Chatham-Kent Health Unit,0.0923,77.0,0.73,0.8571,0.9703
13246,2022-10-06,2261,Sudbury and District Health Unit,0.1375,258.0,1.29,0.755,0.9767
13247,2022-10-06,2262,Thunder Bay District Health Unit,0.129,166.0,1.11,0.9041,0.9782
13248,2022-10-06,2227,Brant County Health Unit,0.1292,77.0,0.5,0.8571,0.9451
13249,2022-10-06,2226,District of Algoma Health Unit,0.2012,115.0,1.0,0.8571,0.976
13250,2022-10-06,3895,City of Toronto Health Unit,0.115,1655.0,0.53,0.8904,0.9743
13251,2022-10-06,5183,Huron Perth Health Unit,0.1701,124.0,0.89,0.7657,0.962
13252,2022-10-06,35,Ontario,0.1393,8347.0,0.56,0.8487,0.9613
13253,2022-10-06,2249,Northwestern Health Unit,0.1386,71.0,0.81,0.885,0.9528
13254,2022-10-06,2266,Wellington-Dufferin-Guelph Health Unit,0.1319,122.0,0.39,0.8175,0.9556
13255,2022-10-06,2260,Simcoe Muskoka District Health Unit,0.1645,366.0,0.61,0.8694,0.9677
13256,2022-10-06,2263,Timiskaming Health Unit,0.0822,10.0,0.32,0.8088,0.9559
13257,2022-10-06,2270,York Regional Health Unit,0.108,542.0,0.44,0.8227,0.9508
13258,2022-10-06,2253,Peel Regional Health Unit,0.0987,672.0,0.42,0.8755,0.9532
13259,2022-10-06,2238,Hastings and Prince Edward Counties Health Unit,0.1602,174.0,1.03,0.9369,0.9903
13260,2022-10-06,2243,"Leeds, Grenville and Lanark District Health Unit",0.2139,113.0,0.65,0.8082,0.974
13261,2022-10-06,2241,"Kingston, Frontenac and Lennox and Addington Health Unit",0.2176,183.0,0.86,0.9415,0.9888
13262,2022-10-06,2246,Niagara Regional Area Health Unit,0.1651,238.0,0.5,0.8161,0.9548
13263,2022-10-06,2230,Durham Regional Health Unit,0.1055,436.0,0.61,0.8163,0.9553
13264,2022-10-06,2235,"Haliburton, Kawartha, Pine Ridge District Health Unit",0.1805,129.0,0.68,0.8466,0.9469
13265,2022-10-06,2237,City of Hamilton Health Unit,0.1608,398.0,0.67,0.9291,0.9783
13266,2022-10-05,2270,York Regional Health Unit,0.1101,537.0,0.44,0.8085,0.9412
13267,2022-10-05,2263,Timiskaming Health Unit,0.087,10.0,0.3,0.8143,0.9571
13268,2022-10-05,4913,Southwestern Public Health,0.15,154.0,0.73,0.8877,0.9791
13269,2022-10-05,2260,Simcoe Muskoka District Health Unit,0.1592,361.0,0.6,0.8416,0.9475
13270,2022-10-05,2253,Peel Regional Health Unit,0.1061,669.0,0.42,0.8495,0.9467
13271,2022-10-05,2246,Niagara Regional Area Health Unit,0.159,237.0,0.5,0.7807,0.9433
13272,2022-10-05,2241,"Kingston, Frontenac and Lennox and Addington Health Unit",0.2131,188.0,0.88,0.9336,0.9845
13273,2022-10-05,2236,Halton Regional Health Unit,0.144,188.0,0.3,0.7842,0.9014
13274,2022-10-05,2235,"Haliburton, Kawartha, Pine Ridge District Health Unit",0.1802,118.0,0.63,0.834,0.9563
13275,2022-10-05,2230,Durham Regional Health Unit,0.1018,431.0,0.6,0.791,0.952
13276,2022-10-05,3895,City of Toronto Health Unit,0.1133,1635.0,0.52,0.8584,0.9674
13277,2022-10-05,2237,City of Hamilton Health Unit,0.159,385.0,0.65,0.9178,0.9665
13278,2022-10-05,2227,Brant County Health Unit,0.1236,77.0,0.5,0.8396,0.9405
13279,2022-10-05,2238,Hastings and Prince Edward Counties Health Unit,0.1553,177.0,1.05,0.9378,0.9829
13280,2022-10-05,2249,Northwestern Health Unit,0.1488,72.0,0.82,0.8168,0.8967
13281,2022-10-05,2261,Sudbury and District Health Unit,0.136,264.0,1.33,0.7302,0.9515
13282,2022-10-05,2266,Wellington-Dufferin-Guelph Health Unit,0.1338,124.0,0.4,0.7998,0.9474
13283,2022-10-05,2251,City of Ottawa Health Unit,0.1771,402.0,0.38,0.8262,0.9464
13284,2022-10-05,2233,Grey Bruce Health Unit,0.1295,92.0,0.54,0.8109,0.9758
13285,2022-10-05,2258,Eastern Ontario Health Unit,0.1345,127.0,0.61,0.893,0.9557
13286,2022-10-05,2243,"Leeds, Grenville and Lanark District Health Unit",0.2034,117.0,0.67,0.7939,0.9707
13287,2022-10-05,2256,Porcupine Health Unit,0.1479,69.0,0.82,0.831,0.9329
13288,2022-10-05,2255,Peterborough County-City Health Unit,0.2219,140.0,0.94,0.865,0.9036
13289,2022-10-05,2262,Thunder Bay District Health Unit,0.1303,161.0,1.07,0.8144,0.9306
13290,2022-10-05,2265,Waterloo Health Unit,0.1473,232.0,0.4,0.6676,0.9005
13291,2022-10-05,2268,Windsor-Essex County Health Unit,0.1189,306.0,0.72,0.648,0.9271
13292,2022-10-05,2257,Renfrew County and District Health Unit,0.1209,61.0,0.57,0.737,0.928
13293,2022-10-05,2242,Lambton Health Unit,0.1952,78.0,0.59,0.7202,0.9152
13294,2022-10-05,2247,North Bay Parry Sound District Health Unit,0.195,114.0,0.88,0.9364,0.9816
13295,2022-10-05,2244,Middlesex-London Health Unit,0.1379,324.0,0.64,0.8614,0.9623
13296,2022-10-05,35,Ontario,0.1376,8292.0,0.56,0.827,0.9513
13297,2022-10-05,2234,Haldimand-Norfolk Health Unit,0.1326,73.0,0.64,0.8154,0.9525
13298,2022-10-05,5183,Huron Perth Health Unit,0.1627,120.0,0.86,0.748,0.9569
13299,2022-10-05,2240,Chatham-Kent Health Unit,0.0931,78.0,0.74,0.8695,0.9724
13300,2022-10-05,2226,District of Algoma Health Unit,0.2057,110.0,0.96,0.8465,0.968
13301,2022-10-04,2268,Windsor-Essex County Health Unit,0.1152,304.0,0.71,0.6884,0.9021
13302,2022-10-04,2265,Waterloo Health Unit,0.1461,242.0,0.41,0.651,0.8924
13303,2022-10-04,2263,Timiskaming Health Unit,0.0658,11.0,0.33,0.7808,0.9589
13304,2022-10-04,2262,Thunder Bay District Health Unit,0.1301,160.0,1.07,0.7753,0.8904
13305,2022-10-04,2257,Renfrew County and District Health Unit,0.1041,59.0,0.54,0.7185,0.9531
13306,2022-10-04,35,Ontario,0.1342,8318.0,0.56,0.8124,0.9377
13307,2022-10-04,2258,Eastern Ontario Health Unit,0.1251,130.0,0.62,0.8857,0.948
13308,2022-10-04,2244,Middlesex-London Health Unit,0.1368,326.0,0.64,0.8337,0.9468
13309,2022-10-04,2241,"Kingston, Frontenac and Lennox and Addington Health Unit",0.2154,193.0,0.91,0.9256,0.978
13310,2022-10-04,5183,Huron Perth Health Unit,0.1553,109.0,0.78,0.7633,0.9521
13311,2022-10-04,2234,Haldimand-Norfolk Health Unit,0.1383,75.0,0.66,0.8288,0.9519
13312,2022-10-04,2226,District of Algoma Health Unit,0.1938,111.0,0.97,0.8306,0.9576
13313,2022-10-04,2240,Chatham-Kent Health Unit,0.0954,78.0,0.73,0.8638,0.9708
13314,2022-10-04,2251,City of Ottawa Health Unit,0.1613,388.0,0.37,0.8144,0.9334
13315,2022-10-04,2255,Peterborough County-City Health Unit,0.2079,133.0,0.9,0.7455,0.8938
13316,2022-10-04,2270,York Regional Health Unit,0.1104,568.0,0.46,0.7944,0.9216
13317,2022-10-04,2242,Lambton Health Unit,0.2055,73.0,0.56,0.7037,0.8818
13318,2022-10-04,2230,Durham Regional Health Unit,0.0972,431.0,0.6,0.7822,0.9488
13319,2022-10-04,2236,Halton Regional Health Unit,0.1351,196.0,0.32,0.7558,0.8769
13320,2022-10-04,2235,"Haliburton, Kawartha, Pine Ridge District Health Unit",0.184,109.0,0.58,0.8039,0.949
13321,2022-10-04,2247,North Bay Parry Sound District Health Unit,0.203,113.0,0.87,0.9323,0.977
13322,2022-10-04,2260,Simcoe Muskoka District Health Unit,0.147,360.0,0.6,0.8308,0.9363
13323,2022-10-04,2227,Brant County Health Unit,0.128,77.0,0.5,0.8363,0.9263
13324,2022-10-04,2266,Wellington-Dufferin-Guelph Health Unit,0.1308,127.0,0.41,0.7661,0.9378
13325,2022-10-04,2261,Sudbury and District Health Unit,0.1289,258.0,1.3,0.707,0.9476
13326,2022-10-04,4913,Southwestern Public Health,0.1424,143.0,0.68,0.86,0.9732
13327,2022-10-04,2246,Niagara Regional Area Health Unit,0.1651,241.0,0.51,0.778,0.9352
13328,2022-10-04,2253,Peel Regional Health Unit,0.1029,679.0,0.42,0.8384,0.9355
13329,2022-10-04,2249,Northwestern Health Unit,0.1566,71.0,0.81,0.833,0.9013
13330,2022-10-04,2256,Porcupine Health Unit,0.1528,64.0,0.76,0.8036,0.8862
13331,2022-10-04,2243,"Leeds, Grenville and Lanark District Health Unit",0.2,115.0,0.66,0.8102,0.9656
13332,2022-10-04,2238,Hastings and Prince Edward Counties Health Unit,0.1566,181.0,1.07,0.9415,0.9777
13333,2022-10-04,2237,City of Hamilton Health Unit,0.1577,372.0,0.63,0.8884,0.9424
13334,2022-10-04,3895,City of Toronto Health Unit,0.113,1662.0,0.53,0.8383,0.951
13335,2022-10-04,2233,Grey Bruce Health Unit,0.1161,95.0,0.56,0.8214,0.9663
13336,2022-10-03,2268,Windsor-Essex County Health Unit,0.1121,310.0,0.73,0.706,0.9055
13337,2022-10-03,2266,Wellington-Dufferin-Guelph Health Unit,0.1253,130.0,0.42,0.7839,0.943
13338,2022-10-03,2261,Sudbury and District Health Unit,0.1288,250.0,1.25,0.6952,0.9408
13339,2022-10-03,2260,Simcoe Muskoka District Health Unit,0.149,357.0,0.59,0.8313,0.9396
13340,2022-10-03,2256,Porcupine Health Unit,0.1583,62.0,0.75,0.7972,0.9044
13341,2022-10-03,2249,Northwestern Health Unit,0.1414,70.0,0.8,0.8323,0.8974
13342,2022-10-03,2244,Middlesex-London Health Unit,0.13,330.0,0.65,0.8294,0.9444
13343,2022-10-03,2243,"Leeds, Grenville and Lanark District Health Unit",0.2,114.0,0.66,0.7987,0.9653
13344,2022-10-03,2238,Hastings and Prince Edward Counties Health Unit,0.1577,188.0,1.12,0.9425,0.9779
13345,2022-10-03,2234,Haldimand-Norfolk Health Unit,0.1418,75.0,0.65,0.7898,0.9508
13346,2022-10-03,2233,Grey Bruce Health Unit,0.1195,98.0,0.58,0.8284,0.9663
13347,2022-10-03,3895,City of Toronto Health Unit,0.1106,1737.0,0.56,0.8267,0.9424
13348,2022-10-03,2237,City of Hamilton Health Unit,0.1481,356.0,0.6,0.8846,0.9412
13349,2022-10-03,2240,Chatham-Kent Health Unit,0.095,74.0,0.69,0.8755,0.9732
13350,2022-10-03,2227,Brant County Health Unit,0.1273,76.0,0.49,0.8442,0.9312
13351,2022-10-03,2230,Durham Regional Health Unit,0.0956,423.0,0.59,0.7615,0.933
13352,2022-10-03,2226,District of Algoma Health Unit,0.1915,108.0,0.94,0.8226,0.9553
13353,2022-10-03,2235,"Haliburton, Kawartha, Pine Ridge District Health Unit",0.1724,109.0,0.57,0.8122,0.95
13354,2022-10-03,2270,York Regional Health Unit,0.1071,591.0,0.48,0.7811,0.9188
13355,2022-10-03,2246,Niagara Regional Area Health Unit,0.1574,255.0,0.54,0.7763,0.9303
13356,2022-10-03,2241,"Kingston, Frontenac and Lennox and Addington Health Unit",0.225,184.0,0.87,0.9226,0.9767
13357,2022-10-03,5183,Huron Perth Health Unit,0.1284,106.0,0.76,0.7802,0.9517
13358,2022-10-03,2253,Peel Regional Health Unit,0.0977,725.0,0.45,0.8362,0.9372
13359,2022-10-03,2263,Timiskaming Health Unit,0.0435,10.0,0.3,0.7802,0.956
13360,2022-10-03,2262,Thunder Bay District Health Unit,0.1295,164.0,1.1,0.7954,0.8876
13361,2022-10-03,2251,City of Ottawa Health Unit,0.1612,408.0,0.39,0.8287,0.9379
13362,2022-10-03,2265,Waterloo Health Unit,0.1536,241.0,0.41,0.6492,0.8954
13363,2022-10-03,35,Ontario,0.1313,8461.0,0.57,0.8091,0.9356
13364,2022-10-03,2257,Renfrew County and District Health Unit,0.1092,58.0,0.53,0.7167,0.9643
13365,2022-10-03,2255,Peterborough County-City Health Unit,0.232,121.0,0.82,0.7593,0.9008
13366,2022-10-03,4913,Southwestern Public Health,0.1399,143.0,0.68,0.8624,0.9772
13367,2022-10-03,2242,Lambton Health Unit,0.2167,77.0,0.59,0.7159,0.8935
13368,2022-10-03,2247,North Bay Parry Sound District Health Unit,0.1968,118.0,0.91,0.9359,0.9775
13369,2022-10-03,2258,Eastern Ontario Health Unit,0.1196,135.0,0.65,0.8895,0.9517
13370,2022-10-03,2236,Halton Regional Health Unit,0.1281,195.0,0.32,0.7493,0.877
13371,2022-10-02,5183,Huron Perth Health Unit,0.1212,107.0,0.77,0.7804,0.9536
13372,2022-10-02,2265,Waterloo Health Unit,0.1493,248.0,0.42,0.6515,0.9051
13373,2022-10-02,2262,Thunder Bay District Health Unit,0.1327,167.0,1.11,0.7848,0.8858
13374,2022-10-02,4913,Southwestern Public Health,0.1362,144.0,0.68,0.8607,0.9789
13375,2022-10-02,2255,Peterborough County-City Health Unit,0.2067,142.0,0.96,0.7676,0.91
13376,2022-10-02,35,Ontario,0.1275,8589.0,0.58,0.8025,0.9339
13377,2022-10-02,2249,Northwestern Health Unit,0.1131,71.0,0.81,0.7981,0.8692
13378,2022-10-02,2247,North Bay Parry Sound District Health Unit,0.1902,120.0,0.93,0.9374,0.9787
13379,2022-10-02,2242,Lambton Health Unit,0.2264,76.0,0.58,0.7162,0.8985
13380,2022-10-02,2236,Halton Regional Health Unit,0.1063,204.0,0.33,0.7345,0.8752
13381,2022-10-02,2258,Eastern Ontario Health Unit,0.1141,141.0,0.68,0.8851,0.9489
13382,2022-10-02,3895,City of Toronto Health Unit,0.1081,1737.0,0.56,0.8169,0.9417
13383,2022-10-02,2251,City of Ottawa Health Unit,0.1574,419.0,0.4,0.8196,0.9321
13384,2022-10-02,2234,Haldimand-Norfolk Health Unit,0.1673,71.0,0.62,0.7849,0.9477
13385,2022-10-02,2226,District of Algoma Health Unit,0.1944,107.0,0.93,0.8201,0.9537
13386,2022-10-02,2240,Chatham-Kent Health Unit,0.0942,76.0,0.71,0.8783,0.9715
13387,2022-10-02,2227,Brant County Health Unit,0.1086,75.0,0.48,0.8401,0.9283
13388,2022-10-02,2238,Hastings and Prince Edward Counties Health Unit,0.1624,201.0,1.2,0.9375,0.9738
13389,2022-10-02,2244,Middlesex-London Health Unit,0.1334,338.0,0.67,0.8294,0.9422
13390,2022-10-02,2243,"Leeds, Grenville and Lanark District Health Unit",0.2102,107.0,0.62,0.7865,0.9457
13391,2022-10-02,2257,Renfrew County and District Health Unit,0.1061,61.0,0.56,0.7273,0.9682
13392,2022-10-02,2268,Windsor-Essex County Health Unit,0.1129,305.0,0.72,0.7001,0.9014
13393,2022-10-02,2266,Wellington-Dufferin-Guelph Health Unit,0.111,133.0,0.43,0.771,0.943
13394,2022-10-02,2230,Durham Regional Health Unit,0.0896,427.0,0.6,0.7423,0.9313
13395,2022-10-02,2270,York Regional Health Unit,0.1058,594.0,0.48,0.7799,0.9155
13396,2022-10-02,2256,Porcupine Health Unit,0.1563,59.0,0.71,0.8042,0.9068
13397,2022-10-02,2261,Sudbury and District Health Unit,0.1213,252.0,1.27,0.703,0.943
13398,2022-10-02,2260,Simcoe Muskoka District Health Unit,0.1483,380.0,0.63,0.8292,0.9396
13399,2022-10-02,2263,Timiskaming Health Unit,0.0543,13.0,0.4,0.7917,0.9583
13400,2022-10-02,2246,Niagara Regional Area Health Unit,0.1559,260.0,0.55,0.7713,0.9291
13401,2022-10-02,2233,Grey Bruce Health Unit,0.1185,96.0,0.57,0.8204,0.9583
13402,2022-10-02,2253,Peel Regional Health Unit,0.0942,742.0,0.46,0.8231,0.9347
13403,2022-10-02,2235,"Haliburton, Kawartha, Pine Ridge District Health Unit",0.1366,117.0,0.62,0.8128,0.9529
13404,2022-10-02,2241,"Kingston, Frontenac and Lennox and Addington Health Unit",0.2184,173.0,0.81,0.9197,0.9732
13405,2022-10-02,2237,City of Hamilton Health Unit,0.1401,359.0,0.61,0.8779,0.9388
13406,2022-10-01,2270,York Regional Health Unit,0.1046,621.0,0.51,0.7573,0.9117
13407,2022-10-01,2263,Timiskaming Health Unit,0.0444,13.0,0.39,0.766,0.9574
13408,2022-10-01,2260,Simcoe Muskoka District Health Unit,0.1503,388.0,0.65,0.8201,0.9377
13409,2022-10-01,2255,Peterborough County-City Health Unit,0.2044,144.0,0.97,0.7786,0.9218
13410,2022-10-01,2253,Peel Regional Health Unit,0.0899,758.0,0.47,0.8036,0.9332
13411,2022-10-01,2246,Niagara Regional Area Health Unit,0.1534,260.0,0.55,0.7567,0.9274
13412,2022-10-01,2243,"Leeds, Grenville and Lanark District Health Unit",0.212,107.0,0.62,0.7682,0.9411
13413,2022-10-01,2241,"Kingston, Frontenac and Lennox and Addington Health Unit",0.2126,175.0,0.82,0.9171,0.9686
13414,2022-10-01,2235,"Haliburton, Kawartha, Pine Ridge District Health Unit",0.132,118.0,0.62,0.8061,0.9518
13415,2022-10-01,2233,Grey Bruce Health Unit,0.1167,97.0,0.57,0.8158,0.9564
13416,2022-10-01,2258,Eastern Ontario Health Unit,0.1182,141.0,0.68,0.8707,0.9418
13417,2022-10-01,2230,Durham Regional Health Unit,0.0903,441.0,0.62,0.735,0.9302
13418,2022-10-01,2237,City of Hamilton Health Unit,0.1362,369.0,0.62,0.8544,0.9283
13419,2022-10-01,2227,Brant County Health Unit,0.1105,76.0,0.49,0.8093,0.9323
13420,2022-10-01,2236,Halton Regional Health Unit,0.1049,217.0,0.35,0.7023,0.8695
13421,2022-10-01,2238,Hastings and Prince Edward Counties Health Unit,0.1715,197.0,1.17,0.9296,0.9714
13422,2022-10-01,2266,Wellington-Dufferin-Guelph Health Unit,0.1181,134.0,0.43,0.7556,0.9366
13423,2022-10-01,2256,Porcupine Health Unit,0.1481,62.0,0.74,0.8112,0.9124
13424,2022-10-01,3895,City of Toronto Health Unit,0.1068,1787.0,0.57,0.801,0.9354
13425,2022-10-01,2251,City of Ottawa Health Unit,0.1564,427.0,0.4,0.7935,0.9191
13426,2022-10-01,2242,Lambton Health Unit,0.2182,75.0,0.57,0.704,0.8861
13427,2022-10-01,2249,Northwestern Health Unit,0.1096,73.0,0.83,0.8124,0.8687
13428,2022-10-01,2247,North Bay Parry Sound District Health Unit,0.1862,120.0,0.92,0.9094,0.9771
13429,2022-10-01,2261,Sudbury and District Health Unit,0.1099,254.0,1.27,0.7363,0.9407
13430,2022-10-01,2234,Haldimand-Norfolk Health Unit,0.1594,73.0,0.64,0.7929,0.9467
13431,2022-10-01,4913,Southwestern Public Health,0.1329,148.0,0.7,0.8449,0.9756
13432,2022-10-01,2265,Waterloo Health Unit,0.1433,253.0,0.43,0.6291,0.9009
13433,2022-10-01,2268,Windsor-Essex County Health Unit,0.1104,305.0,0.72,0.703,0.8843
13434,2022-10-01,2262,Thunder Bay District Health Unit,0.131,166.0,1.11,0.7869,0.8829
13435,2022-10-01,35,Ontario,0.1258,8763.0,0.59,0.7896,0.9294
13436,2022-10-01,2257,Renfrew County and District Health Unit,0.0975,63.0,0.58,0.7344,0.97
13437,2022-10-01,5183,Huron Perth Health Unit,0.1134,105.0,0.75,0.7797,0.957
13438,2022-10-01,2244,Middlesex-London Health Unit,0.1378,342.0,0.67,0.8119,0.9392
13439,2022-10-01,2226,District of Algoma Health Unit,0.2031,109.0,0.95,0.822,0.9495
13440,2022-10-01,2240,Chatham-Kent Health Unit,0.1065,75.0,0.71,0.8566,0.9683
13441,2022-09-30,2268,Windsor-Essex County Health Unit,0.1106,311.0,0.73,0.7175,0.8827
13442,2022-09-30,2262,Thunder Bay District Health Unit,0.1356,169.0,1.12,0.7974,0.8873
13443,2022-09-30,2260,Simcoe Muskoka District Health Unit,0.1455,398.0,0.66,0.8124,0.9372
13444,2022-09-30,2257,Renfrew County and District Health Unit,0.0971,63.0,0.58,0.7196,0.9647
13445,2022-09-30,35,Ontario,0.1244,8963.0,0.6,0.7795,0.9259
13446,2022-09-30,2247,North Bay Parry Sound District Health Unit,0.1866,123.0,0.95,0.9134,0.9749
13447,2022-09-30,2244,Middlesex-London Health Unit,0.1377,342.0,0.67,0.8017,0.9317
13448,2022-09-30,5183,Huron Perth Health Unit,0.1319,108.0,0.77,0.774,0.9553
13449,2022-09-30,2235,"Haliburton, Kawartha, Pine Ridge District Health Unit",0.1264,118.0,0.62,0.7753,0.9524
13450,2022-09-30,2234,Haldimand-Norfolk Health Unit,0.1513,75.0,0.65,0.7848,0.9426
13451,2022-09-30,2226,District of Algoma Health Unit,0.1908,109.0,0.95,0.8683,0.9462
13452,2022-09-30,2251,City of Ottawa Health Unit,0.1532,435.0,0.41,0.7873,0.9169
13453,2022-09-30,2240,Chatham-Kent Health Unit,0.1061,75.0,0.71,0.8489,0.9571
13454,2022-09-30,2236,Halton Regional Health Unit,0.1103,227.0,0.37,0.6773,0.8613
13455,2022-09-30,4913,Southwestern Public Health,0.1411,148.0,0.7,0.8392,0.9724
13456,2022-09-30,2242,Lambton Health Unit,0.2146,77.0,0.58,0.7088,0.8912
13457,2022-09-30,2258,Eastern Ontario Health Unit,0.12,142.0,0.68,0.8784,0.9514
13458,2022-09-30,2230,Durham Regional Health Unit,0.0937,448.0,0.63,0.7373,0.9293
13459,2022-09-30,2246,Niagara Regional Area Health Unit,0.1488,262.0,0.55,0.7245,0.9195
13460,2022-09-30,2255,Peterborough County-City Health Unit,0.2068,144.0,0.97,0.7737,0.9242
13461,2022-09-30,2253,Peel Regional Health Unit,0.0918,808.0,0.5,0.7829,0.928
13462,2022-09-30,2265,Waterloo Health Unit,0.1427,261.0,0.45,0.6135,0.8973
13463,2022-09-30,2238,Hastings and Prince Edward Counties Health Unit,0.1712,200.0,1.19,0.9083,0.9713
13464,2022-09-30,2263,Timiskaming Health Unit,0.043,13.0,0.41,0.7429,0.9619
13465,2022-09-30,2270,York Regional Health Unit,0.1022,643.0,0.52,0.7419,0.9046
13466,2022-09-30,2266,Wellington-Dufferin-Guelph Health Unit,0.1185,135.0,0.43,0.7333,0.9323
13467,2022-09-30,2256,Porcupine Health Unit,0.1473,64.0,0.77,0.8299,0.9103
13468,2022-09-30,2241,"Kingston, Frontenac and Lennox and Addington Health Unit",0.2068,173.0,0.82,0.912,0.9635
13469,2022-09-30,2261,Sudbury and District Health Unit,0.1108,257.0,1.29,0.765,0.9387
13470,2022-09-30,2249,Northwestern Health Unit,0.1161,73.0,0.83,0.7946,0.8605
13471,2022-09-30,2243,"Leeds, Grenville and Lanark District Health Unit",0.1987,112.0,0.65,0.7855,0.9408
13472,2022-09-30,2233,Grey Bruce Health Unit,0.1056,100.0,0.59,0.816,0.9571
13473,2022-09-30,2237,City of Hamilton Health Unit,0.1348,372.0,0.63,0.8381,0.9225
13474,2022-09-30,2227,Brant County Health Unit,0.1031,73.0,0.47,0.7972,0.9413
13475,2022-09-30,3895,City of Toronto Health Unit,0.1034,1832.0,0.59,0.7849,0.9328
13476,2022-09-29,2266,Wellington-Dufferin-Guelph Health Unit,0.1127,139.0,0.45,0.7345,0.9164
13477,2022-09-29,2262,Thunder Bay District Health Unit,0.1377,177.0,1.18,0.7991,0.8857
13478,2022-09-29,2261,Sudbury and District Health Unit,0.1141,247.0,1.24,0.7452,0.9409
13479,2022-09-29,2256,Porcupine Health Unit,0.1378,64.0,0.77,0.805,0.907
13480,2022-09-29,2253,Peel Regional Health Unit,0.0929,835.0,0.52,0.7498,0.9271
13481,2022-09-29,2249,Northwestern Health Unit,0.1225,71.0,0.81,0.7919,0.8555
13482,2022-09-29,2243,"Leeds, Grenville and Lanark District Health Unit",0.184,116.0,0.67,0.7835,0.9323
13483,2022-09-29,2241,"Kingston, Frontenac and Lennox and Addington Health Unit",0.2073,172.0,0.81,0.9112,0.9585
13484,2022-09-29,5183,Huron Perth Health Unit,0.1442,109.0,0.78,0.7735,0.9485
13485,2022-09-29,2238,Hastings and Prince Edward Counties Health Unit,0.1728,199.0,1.18,0.8976,0.9659
13486,2022-09-29,2233,Grey Bruce Health Unit,0.0931,103.0,0.61,0.8451,0.9514
13487,2022-09-29,2230,Durham Regional Health Unit,0.0919,443.0,0.62,0.7085,0.9145
13488,2022-09-29,3895,City of Toronto Health Unit,0.1001,1866.0,0.6,0.7591,0.9145
13489,2022-09-29,2227,Brant County Health Unit,0.105,80.0,0.52,0.7891,0.9235
13490,2022-09-29,2246,Niagara Regional Area Health Unit,0.148,264.0,0.56,0.7186,0.9087
13491,2022-09-29,2244,Middlesex-London Health Unit,0.1335,337.0,0.66,0.7925,0.9208
13492,2022-09-29,2263,Timiskaming Health Unit,0.0303,14.0,0.43,0.7383,0.9439
13493,2022-09-29,2237,City of Hamilton Health Unit,0.1332,377.0,0.64,0.8266,0.916
13494,2022-09-29,2235,"Haliburton, Kawartha, Pine Ridge District Health Unit",0.1242,116.0,0.61,0.7026,0.8785
13495,2022-09-29,2234,Haldimand-Norfolk Health Unit,0.1484,70.0,0.62,0.7596,0.9342
13496,2022-09-29,35,Ontario,0.122,9121.0,0.61,0.7576,0.9148
13497,2022-09-29,2260,Simcoe Muskoka District Health Unit,0.1383,400.0,0.67,0.7947,0.9318
13498,2022-09-29,2257,Renfrew County and District Health Unit,0.102,64.0,0.59,0.7236,0.964
13499,2022-09-29,2270,York Regional Health Unit,0.0976,665.0,0.54,0.7163,0.9019
13500,2022-09-29,2242,Lambton Health Unit,0.2116,79.0,0.6,0.7019,0.8807
13501,2022-09-29,2268,Windsor-Essex County Health Unit,0.1079,323.0,0.76,0.6677,0.8657
13502,2022-09-29,4913,Southwestern Public Health,0.1389,150.0,0.71,0.8386,0.9685
13503,2022-09-29,2265,Waterloo Health Unit,0.1355,269.0,0.46,0.5844,0.8796
13504,2022-09-29,2247,North Bay Parry Sound District Health Unit,0.1816,123.0,0.95,0.9026,0.9718
13505,2022-09-29,2255,Peterborough County-City Health Unit,0.2119,144.0,0.97,0.7401,0.8846
13506,2022-09-29,2236,Halton Regional Health Unit,0.1093,242.0,0.39,0.6403,0.8371
13507,2022-09-29,2240,Chatham-Kent Health Unit,0.1062,74.0,0.7,0.8275,0.9499
13508,2022-09-29,2226,District of Algoma Health Unit,0.1857,110.0,0.96,0.8387,0.9346
13509,2022-09-29,2251,City of Ottawa Health Unit,0.151,450.0,0.43,0.7782,0.9148
13510,2022-09-29,2258,Eastern Ontario Health Unit,0.1228,147.0,0.7,0.861,0.9546
13511,2022-09-28,2244,Middlesex-London Health Unit,0.1305,327.0,0.64,0.7703,0.9101
13512,2022-09-28,2268,Windsor-Essex County Health Unit,0.1056,327.0,0.77,0.5987,0.8546
13513,2022-09-28,2266,Wellington-Dufferin-Guelph Health Unit,0.1071,140.0,0.45,0.7275,0.9098
13514,2022-09-28,2265,Waterloo Health Unit,0.1345,268.0,0.46,0.5876,0.8764
13515,2022-09-28,4913,Southwestern Public Health,0.1308,153.0,0.72,0.8386,0.9701
13516,2022-09-28,2257,Renfrew County and District Health Unit,0.1146,64.0,0.59,0.7279,0.9491
13517,2022-09-28,2255,Peterborough County-City Health Unit,0.1976,143.0,0.97,0.7643,0.9041
13518,2022-09-28,2247,North Bay Parry Sound District Health Unit,0.168,121.0,0.93,0.8947,0.9757
13519,2022-09-28,2243,"Leeds, Grenville and Lanark District Health Unit",0.195,114.0,0.66,0.7853,0.925
13520,2022-09-28,2242,Lambton Health Unit,0.2183,81.0,0.62,0.7302,0.8918
13521,2022-09-28,2236,Halton Regional Health Unit,0.1023,253.0,0.41,0.6264,0.82
13522,2022-09-28,2258,Eastern Ontario Health Unit,0.1306,145.0,0.7,0.8603,0.9601
13523,2022-09-28,2251,City of Ottawa Health Unit,0.145,456.0,0.43,0.7745,0.8949
13524,2022-09-28,2234,Haldimand-Norfolk Health Unit,0.1577,63.0,0.56,0.7318,0.9247
13525,2022-09-28,35,Ontario,0.118,9238.0,0.62,0.7553,0.9091
13526,2022-09-28,2240,Chatham-Kent Health Unit,0.1103,75.0,0.71,0.7823,0.9354
13527,2022-09-28,2227,Brant County Health Unit,0.1022,85.0,0.55,0.7778,0.905
13528,2022-09-28,2226,District of Algoma Health Unit,0.165,100.0,0.87,0.8455,0.934
13529,2022-09-28,5183,Huron Perth Health Unit,0.1503,110.0,0.79,0.7918,0.9564
13530,2022-09-28,2238,Hastings and Prince Edward Counties Health Unit,0.1686,202.0,1.2,0.9053,0.9682
13531,2022-09-28,2256,Porcupine Health Unit,0.1332,61.0,0.73,0.7915,0.9005
13532,2022-09-28,2262,Thunder Bay District Health Unit,0.1324,185.0,1.23,0.887,0.9272
13533,2022-09-28,2261,Sudbury and District Health Unit,0.1114,239.0,1.2,0.809,0.9609
13534,2022-09-28,2246,Niagara Regional Area Health Unit,0.1418,279.0,0.59,0.7041,0.8931
13535,2022-09-28,2263,Timiskaming Health Unit,0.0185,15.0,0.47,0.7304,0.9304
13536,2022-09-28,2249,Northwestern Health Unit,0.119,72.0,0.82,0.8525,0.9037
13537,2022-09-28,2270,York Regional Health Unit,0.0967,688.0,0.56,0.6991,0.8889
13538,2022-09-28,2253,Peel Regional Health Unit,0.0886,853.0,0.53,0.7425,0.9197
13539,2022-09-28,2260,Simcoe Muskoka District Health Unit,0.1322,404.0,0.67,0.802,0.9361
13540,2022-09-28,2241,"Kingston, Frontenac and Lennox and Addington Health Unit",0.2126,168.0,0.79,0.9078,0.9462
13541,2022-09-28,3895,City of Toronto Health Unit,0.0959,1899.0,0.61,0.7561,0.9035
13542,2022-09-28,2233,Grey Bruce Health Unit,0.0942,111.0,0.65,0.8622,0.9532
13543,2022-09-28,2230,Durham Regional Health Unit,0.0888,445.0,0.63,0.7068,0.9093
13544,2022-09-28,2235,"Haliburton, Kawartha, Pine Ridge District Health Unit",0.111,120.0,0.63,0.716,0.8778
13545,2022-09-28,2237,City of Hamilton Health Unit,0.127,390.0,0.66,0.836,0.918
13546,2022-09-27,2270,York Regional Health Unit,0.096,687.0,0.56,0.6741,0.8784
13547,2022-09-27,2263,Timiskaming Health Unit,0.0185,15.0,0.47,0.7097,0.9274
13548,2022-09-27,2261,Sudbury and District Health Unit,0.1076,259.0,1.3,0.8476,0.9567
13549,2022-09-27,2260,Simcoe Muskoka District Health Unit,0.1318,411.0,0.68,0.7946,0.9382
13550,2022-09-27,2253,Peel Regional Health Unit,0.0873,886.0,0.55,0.7156,0.918
13551,2022-09-27,2249,Northwestern Health Unit,0.1192,71.0,0.81,0.8657,0.9232
13552,2022-09-27,2247,North Bay Parry Sound District Health Unit,0.1537,125.0,0.96,0.8966,0.9777
13553,2022-09-27,2246,Niagara Regional Area Health Unit,0.1346,275.0,0.58,0.672,0.8772
13554,2022-09-27,2241,"Kingston, Frontenac and Lennox and Addington Health Unit",0.1929,172.0,0.81,0.9129,0.9472
13555,2022-09-27,2238,Hastings and Prince Edward Counties Health Unit,0.1628,204.0,1.21,0.9011,0.969
13556,2022-09-27,2235,"Haliburton, Kawartha, Pine Ridge District Health Unit",0.1031,127.0,0.67,0.7495,0.8906
13557,2022-09-27,2230,Durham Regional Health Unit,0.0875,457.0,0.64,0.6963,0.9029
13558,2022-09-27,2251,City of Ottawa Health Unit,0.1472,471.0,0.45,0.779,0.9007
13559,2022-09-27,2237,City of Hamilton Health Unit,0.1308,403.0,0.68,0.8366,0.9268
13560,2022-09-27,3895,City of Toronto Health Unit,0.0922,1928.0,0.62,0.7544,0.909
13561,2022-09-27,2256,Porcupine Health Unit,0.1306,60.0,0.72,0.8079,0.9261
13562,2022-09-27,2255,Peterborough County-City Health Unit,0.1942,159.0,1.07,0.8535,0.9078
13563,2022-09-27,2227,Brant County Health Unit,0.1038,87.0,0.56,0.776,0.9098
13564,2022-09-27,2233,Grey Bruce Health Unit,0.0948,113.0,0.67,0.8463,0.9588
13565,2022-09-27,2243,"Leeds, Grenville and Lanark District Health Unit",0.1964,112.0,0.65,0.7715,0.9178
13566,2022-09-27,2242,Lambton Health Unit,0.1932,84.0,0.64,0.7487,0.9027
13567,2022-09-27,4913,Southwestern Public Health,0.1411,154.0,0.73,0.8681,0.9685
13568,2022-09-27,2266,Wellington-Dufferin-Guelph Health Unit,0.1218,138.0,0.44,0.7261,0.9104
13569,2022-09-27,2265,Waterloo Health Unit,0.1375,271.0,0.46,0.5639,0.8721
13570,2022-09-27,35,Ontario,0.1164,9416.0,0.63,0.7502,0.9099
13571,2022-09-27,2268,Windsor-Essex County Health Unit,0.1114,333.0,0.78,0.6035,0.8626
13572,2022-09-27,2257,Renfrew County and District Health Unit,0.1111,64.0,0.59,0.7639,0.9352
13573,2022-09-27,2262,Thunder Bay District Health Unit,0.1412,187.0,1.25,0.9326,0.9642
13574,2022-09-27,2244,Middlesex-London Health Unit,0.1267,327.0,0.64,0.7709,0.9099
13575,2022-09-27,2258,Eastern Ontario Health Unit,0.1317,150.0,0.72,0.8645,0.9678
13576,2022-09-27,2236,Halton Regional Health Unit,0.0992,255.0,0.41,0.5998,0.8205
13577,2022-09-27,2234,Haldimand-Norfolk Health Unit,0.1595,60.0,0.53,0.7026,0.918
13578,2022-09-27,5183,Huron Perth Health Unit,0.1377,118.0,0.85,0.7567,0.9427
13579,2022-09-27,2240,Chatham-Kent Health Unit,0.1167,73.0,0.69,0.7313,0.8795
13580,2022-09-27,2226,District of Algoma Health Unit,0.153,99.0,0.87,0.8669,0.9426
13581,2022-09-26,2268,Windsor-Essex County Health Unit,0.1198,367.0,0.86,0.5775,0.8384
13582,2022-09-26,2265,Waterloo Health Unit,0.1352,271.0,0.46,0.5641,0.8682
13583,2022-09-26,2262,Thunder Bay District Health Unit,0.1424,190.0,1.26,0.9286,0.9606
13584,2022-09-26,2257,Renfrew County and District Health Unit,0.1106,65.0,0.59,0.766,0.9382
13585,2022-09-26,2253,Peel Regional Health Unit,0.0893,867.0,0.54,0.6928,0.9005
13586,2022-09-26,35,Ontario,0.1154,9409.0,0.63,0.7338,0.9009
13587,2022-09-26,2244,Middlesex-London Health Unit,0.1282,333.0,0.66,0.7522,0.9005
13588,2022-09-26,2242,Lambton Health Unit,0.1829,84.0,0.64,0.7547,0.9091
13589,2022-09-26,5183,Huron Perth Health Unit,0.15,117.0,0.84,0.7176,0.9207
13590,2022-09-26,2234,Haldimand-Norfolk Health Unit,0.1456,59.0,0.52,0.7213,0.918
13591,2022-09-26,2258,Eastern Ontario Health Unit,0.1266,148.0,0.71,0.8537,0.9613
13592,2022-09-26,2230,Durham Regional Health Unit,0.0915,475.0,0.67,0.6971,0.908
13593,2022-09-26,2226,District of Algoma Health Unit,0.1438,103.0,0.9,0.8636,0.9405
13594,2022-09-26,2240,Chatham-Kent Health Unit,0.1142,81.0,0.76,0.7072,0.8799
13595,2022-09-26,2255,Peterborough County-City Health Unit,0.1845,170.0,1.15,0.8391,0.8975
13596,2022-09-26,4913,Southwestern Public Health,0.1379,155.0,0.73,0.866,0.967
13597,2022-09-26,2251,City of Ottawa Health Unit,0.1404,466.0,0.44,0.7467,0.88
13598,2022-09-26,2237,City of Hamilton Health Unit,0.1351,400.0,0.67,0.8264,0.92
13599,2022-09-26,2236,Halton Regional Health Unit,0.1008,254.0,0.41,0.5607,0.8002
13600,2022-09-26,2247,North Bay Parry Sound District Health Unit,0.1502,120.0,0.92,0.884,0.98
13601,2022-09-26,2246,Niagara Regional Area Health Unit,0.135,265.0,0.56,0.6335,0.8588
13602,2022-09-26,2263,Timiskaming Health Unit,0.0256,17.0,0.51,0.72,0.928
13603,2022-09-26,2270,York Regional Health Unit,0.0978,669.0,0.55,0.6523,0.8694
13604,2022-09-26,2256,Porcupine Health Unit,0.1181,59.0,0.71,0.835,0.9416
13605,2022-09-26,2260,Simcoe Muskoka District Health Unit,0.1209,402.0,0.67,0.7833,0.9302
13606,2022-09-26,2266,Wellington-Dufferin-Guelph Health Unit,0.1247,140.0,0.45,0.7223,0.9058
13607,2022-09-26,2261,Sudbury and District Health Unit,0.1105,250.0,1.25,0.871,0.9652
13608,2022-09-26,2249,Northwestern Health Unit,0.1272,72.0,0.82,0.8643,0.9186
13609,2022-09-26,2235,"Haliburton, Kawartha, Pine Ridge District Health Unit",0.0971,132.0,0.7,0.7231,0.8788
13610,2022-09-26,2241,"Kingston, Frontenac and Lennox and Addington Health Unit",0.1855,176.0,0.83,0.9077,0.9467
13611,2022-09-26,2243,"Leeds, Grenville and Lanark District Health Unit",0.1744,107.0,0.62,0.7722,0.9161
13612,2022-09-26,2238,Hastings and Prince Edward Counties Health Unit,0.1602,193.0,1.14,0.8996,0.9661
13613,2022-09-26,3895,City of Toronto Health Unit,0.09,1919.0,0.61,0.731,0.8998
13614,2022-09-26,2233,Grey Bruce Health Unit,0.1014,111.0,0.66,0.8482,0.964
13615,2022-09-26,2227,Brant County Health Unit,0.1048,89.0,0.57,0.7746,0.9061
13616,2022-09-25,2268,Windsor-Essex County Health Unit,0.1253,368.0,0.87,0.5616,0.8291
13617,2022-09-25,2266,Wellington-Dufferin-Guelph Health Unit,0.1321,143.0,0.46,0.7292,0.892
13618,2022-09-25,2261,Sudbury and District Health Unit,0.1114,246.0,1.24,0.859,0.9582
13619,2022-09-25,2260,Simcoe Muskoka District Health Unit,0.1161,383.0,0.64,0.773,0.9213
13620,2022-09-25,2257,Renfrew County and District Health Unit,0.1091,63.0,0.58,0.7196,0.9249
13621,2022-09-25,2256,Porcupine Health Unit,0.0805,59.0,0.7,0.8073,0.9463
13622,2022-09-25,2249,Northwestern Health Unit,0.1299,73.0,0.83,0.858,0.9218
13623,2022-09-25,2246,Niagara Regional Area Health Unit,0.131,263.0,0.56,0.603,0.8328
13624,2022-09-25,2243,"Leeds, Grenville and Lanark District Health Unit",0.1658,111.0,0.64,0.7659,0.9275
13625,2022-09-25,2238,Hastings and Prince Edward Counties Health Unit,0.1694,192.0,1.14,0.8897,0.9585
13626,2022-09-25,2235,"Haliburton, Kawartha, Pine Ridge District Health Unit",0.0936,124.0,0.65,0.6404,0.7729
13627,2022-09-25,2234,Haldimand-Norfolk Health Unit,0.1332,57.0,0.5,0.7199,0.9162
13628,2022-09-25,2233,Grey Bruce Health Unit,0.0979,109.0,0.64,0.8477,0.9657
13629,2022-09-25,3895,City of Toronto Health Unit,0.0875,1917.0,0.61,0.7179,0.877
13630,2022-09-25,2237,City of Hamilton Health Unit,0.1399,416.0,0.7,0.8143,0.9067
13631,2022-09-25,2227,Brant County Health Unit,0.1108,93.0,0.6,0.7722,0.8994
13632,2022-09-25,2270,York Regional Health Unit,0.0975,673.0,0.55,0.6379,0.8506
13633,2022-09-25,2263,Timiskaming Health Unit,0.0081,18.0,0.54,0.7008,0.9213
13634,2022-09-25,2262,Thunder Bay District Health Unit,0.1358,185.0,1.23,0.9298,0.9561
13635,2022-09-25,2240,Chatham-Kent Health Unit,0.1041,84.0,0.79,0.6941,0.8691
13636,2022-09-25,2230,Durham Regional Health Unit,0.0896,480.0,0.67,0.6691,0.8674
13637,2022-09-25,2226,District of Algoma Health Unit,0.1335,98.0,0.86,0.8518,0.9295
13638,2022-09-25,2241,"Kingston, Frontenac and Lennox and Addington Health Unit",0.1881,175.0,0.82,0.904,0.9453
13639,2022-09-25,2253,Peel Regional Health Unit,0.0861,889.0,0.55,0.6819,0.8832
13640,2022-09-25,35,Ontario,0.1139,9368.0,0.63,0.721,0.8836
13641,2022-09-25,4913,Southwestern Public Health,0.1431,150.0,0.71,0.8563,0.9566
13642,2022-09-25,2265,Waterloo Health Unit,0.1475,275.0,0.47,0.5689,0.8643
13643,2022-09-25,2255,Peterborough County-City Health Unit,0.1912,143.0,0.97,0.8017,0.86
13644,2022-09-25,5183,Huron Perth Health Unit,0.1591,116.0,0.83,0.7218,0.9233
13645,2022-09-25,2244,Middlesex-London Health Unit,0.1229,318.0,0.63,0.7451,0.8889
13646,2022-09-25,2242,Lambton Health Unit,0.1766,84.0,0.64,0.7402,0.8862
13647,2022-09-25,2247,North Bay Parry Sound District Health Unit,0.143,112.0,0.86,0.8684,0.9699
13648,2022-09-25,2258,Eastern Ontario Health Unit,0.1165,137.0,0.66,0.8605,0.9628
13649,2022-09-25,2236,Halton Regional Health Unit,0.1027,260.0,0.42,0.547,0.7757
13650,2022-09-25,2251,City of Ottawa Health Unit,0.137,463.0,0.44,0.7441,0.8699
13651,2022-09-24,2265,Waterloo Health Unit,0.1389,280.0,0.48,0.554,0.8337
13652,2022-09-24,2261,Sudbury and District Health Unit,0.1154,248.0,1.24,0.8165,0.9595
13653,2022-09-24,4913,Southwestern Public Health,0.15,147.0,0.69,0.8698,0.9563
13654,2022-09-24,2255,Peterborough County-City Health Unit,0.1913,144.0,0.97,0.7924,0.8423
13655,2022-09-24,35,Ontario,0.1138,9439.0,0.64,0.7129,0.8699
13656,2022-09-24,2242,Lambton Health Unit,0.1804,85.0,0.65,0.7375,0.8904
13657,2022-09-24,2238,Hastings and Prince Edward Counties Health Unit,0.1648,189.0,1.12,0.892,0.9567
13658,2022-09-24,2236,Halton Regional Health Unit,0.0971,265.0,0.43,0.5447,0.7578
13659,2022-09-24,2258,Eastern Ontario Health Unit,0.1181,142.0,0.68,0.8645,0.9596
13660,2022-09-24,2226,District of Algoma Health Unit,0.1307,97.0,0.85,0.8528,0.9271
13661,2022-09-24,2251,City of Ottawa Health Unit,0.1371,469.0,0.44,0.7569,0.8684
13662,2022-09-24,5183,Huron Perth Health Unit,0.1585,116.0,0.83,0.7102,0.9154
13663,2022-09-24,2247,North Bay Parry Sound District Health Unit,0.1476,115.0,0.89,0.8882,0.972
13664,2022-09-24,2240,Chatham-Kent Health Unit,0.0899,91.0,0.85,0.7095,0.8669
13665,2022-09-24,2227,Brant County Health Unit,0.107,96.0,0.62,0.7846,0.8916
13666,2022-09-24,2262,Thunder Bay District Health Unit,0.136,181.0,1.21,0.8977,0.9194
13667,2022-09-24,2268,Windsor-Essex County Health Unit,0.1238,368.0,0.87,0.5626,0.821
13668,2022-09-24,3895,City of Toronto Health Unit,0.087,1936.0,0.62,0.7082,0.8588
13669,2022-09-24,2234,Haldimand-Norfolk Health Unit,0.125,55.0,0.48,0.7299,0.9117
13670,2022-09-24,2233,Grey Bruce Health Unit,0.1068,106.0,0.62,0.8338,0.9585
13671,2022-09-24,2244,Middlesex-London Health Unit,0.12,324.0,0.64,0.7518,0.8809
13672,2022-09-24,2257,Renfrew County and District Health Unit,0.1376,62.0,0.57,0.7028,0.9046
13673,2022-09-24,2256,Porcupine Health Unit,0.0741,58.0,0.69,0.799,0.9433
13674,2022-09-24,2263,Timiskaming Health Unit,0.0079,18.0,0.56,0.7077,0.9154
13675,2022-09-24,2266,Wellington-Dufferin-Guelph Health Unit,0.1271,147.0,0.47,0.7224,0.865
13676,2022-09-24,2270,York Regional Health Unit,0.0984,681.0,0.56,0.6267,0.8329
13677,2022-09-24,2260,Simcoe Muskoka District Health Unit,0.1147,376.0,0.63,0.7711,0.9183
13678,2022-09-24,2243,"Leeds, Grenville and Lanark District Health Unit",0.1722,112.0,0.65,0.7692,0.9218
13679,2022-09-24,2249,Northwestern Health Unit,0.1255,73.0,0.83,0.8485,0.9091
13680,2022-09-24,2246,Niagara Regional Area Health Unit,0.1319,268.0,0.57,0.5926,0.8157
13681,2022-09-24,2253,Peel Regional Health Unit,0.0904,913.0,0.57,0.6671,0.8631
13682,2022-09-24,2235,"Haliburton, Kawartha, Pine Ridge District Health Unit",0.0945,125.0,0.66,0.6359,0.7717
13683,2022-09-24,2241,"Kingston, Frontenac and Lennox and Addington Health Unit",0.1908,177.0,0.83,0.8984,0.9415
13684,2022-09-24,2237,City of Hamilton Health Unit,0.139,406.0,0.69,0.8111,0.8989
13685,2022-09-24,2230,Durham Regional Health Unit,0.0897,476.0,0.67,0.6503,0.8464
13686,2022-09-23,2270,York Regional Health Unit,0.0989,686.0,0.56,0.617,0.8119
13687,2022-09-23,2265,Waterloo Health Unit,0.1379,286.0,0.49,0.551,0.8124
13688,2022-09-23,2263,Timiskaming Health Unit,0.0079,18.0,0.55,0.6992,0.9023
13689,2022-09-23,2260,Simcoe Muskoka District Health Unit,0.1149,372.0,0.62,0.7711,0.9048
13690,2022-09-23,2256,Porcupine Health Unit,0.0727,57.0,0.68,0.8029,0.9471
13691,2022-09-23,2253,Peel Regional Health Unit,0.0879,896.0,0.56,0.6684,0.8478
13692,2022-09-23,2246,Niagara Regional Area Health Unit,0.1326,272.0,0.57,0.6014,0.7957
13693,2022-09-23,2242,Lambton Health Unit,0.1866,83.0,0.64,0.7244,0.8908
13694,2022-09-23,2241,"Kingston, Frontenac and Lennox and Addington Health Unit",0.194,176.0,0.83,0.8944,0.9355
13695,2022-09-23,2235,"Haliburton, Kawartha, Pine Ridge District Health Unit",0.0979,125.0,0.66,0.6428,0.7691
13696,2022-09-23,2233,Grey Bruce Health Unit,0.1216,100.0,0.59,0.8293,0.9516
13697,2022-09-23,2230,Durham Regional Health Unit,0.0853,471.0,0.66,0.637,0.8363
13698,2022-09-23,2237,City of Hamilton Health Unit,0.1397,408.0,0.69,0.8005,0.8854
13699,2022-09-23,2227,Brant County Health Unit,0.1174,99.0,0.64,0.7917,0.8774
13700,2022-09-23,3895,City of Toronto Health Unit,0.0852,1937.0,0.62,0.7091,0.8434
13701,2022-09-23,2243,"Leeds, Grenville and Lanark District Health Unit",0.1751,110.0,0.64,0.7566,0.9215
13702,2022-09-23,2266,Wellington-Dufferin-Guelph Health Unit,0.1263,147.0,0.47,0.7081,0.835
13703,2022-09-23,2258,Eastern Ontario Health Unit,0.1176,142.0,0.68,0.8522,0.9565
13704,2022-09-23,2238,Hastings and Prince Edward Counties Health Unit,0.1623,191.0,1.13,0.9119,0.9516
13705,2022-09-23,2236,Halton Regional Health Unit,0.0974,268.0,0.43,0.5346,0.7304
13706,2022-09-23,2249,Northwestern Health Unit,0.1213,72.0,0.82,0.8304,0.8902
13707,2022-09-23,2261,Sudbury and District Health Unit,0.1085,246.0,1.24,0.8104,0.9375
13708,2022-09-23,4913,Southwestern Public Health,0.1335,151.0,0.71,0.876,0.955
13709,2022-09-23,2240,Chatham-Kent Health Unit,0.0898,94.0,0.88,0.7362,0.8885
13710,2022-09-23,2268,Windsor-Essex County Health Unit,0.1229,379.0,0.89,0.538,0.8181
13711,2022-09-23,2262,Thunder Bay District Health Unit,0.1317,176.0,1.17,0.8747,0.896
13712,2022-09-23,2247,North Bay Parry Sound District Health Unit,0.1462,111.0,0.86,0.8874,0.9725
13713,2022-09-23,2255,Peterborough County-City Health Unit,0.1892,143.0,0.97,0.7894,0.8368
13714,2022-09-23,35,Ontario,0.1124,9445.0,0.64,0.7088,0.857
13715,2022-09-23,2257,Renfrew County and District Health Unit,0.139,63.0,0.58,0.7136,0.9
13716,2022-09-23,5183,Huron Perth Health Unit,0.1329,113.0,0.81,0.7207,0.9134
13717,2022-09-23,2251,City of Ottawa Health Unit,0.134,477.0,0.45,0.7535,0.8592
13718,2022-09-23,2244,Middlesex-London Health Unit,0.1181,327.0,0.64,0.7475,0.8688
13719,2022-09-23,2226,District of Algoma Health Unit,0.1303,98.0,0.85,0.848,0.9195
13720,2022-09-23,2234,Haldimand-Norfolk Health Unit,0.1355,56.0,0.49,0.6628,0.9106
13721,2022-09-22,2247,North Bay Parry Sound District Health Unit,0.133,105.0,0.81,0.8449,0.9744
13722,2022-09-22,2270,York Regional Health Unit,0.0972,692.0,0.56,0.616,0.7929
13723,2022-09-22,2268,Windsor-Essex County Health Unit,0.1307,387.0,0.91,0.5767,0.8312
13724,2022-09-22,2262,Thunder Bay District Health Unit,0.1216,168.0,1.12,0.8109,0.8404
13725,2022-09-22,4913,Southwestern Public Health,0.1341,154.0,0.73,0.8671,0.9518
13726,2022-09-22,2257,Renfrew County and District Health Unit,0.1395,61.0,0.57,0.6961,0.8866
13727,2022-09-22,35,Ontario,0.1107,9519.0,0.64,0.7154,0.8532
13728,2022-09-22,2246,Niagara Regional Area Health Unit,0.1284,272.0,0.57,0.6071,0.7797
13729,2022-09-22,2244,Middlesex-London Health Unit,0.1213,323.0,0.64,0.7491,0.8702
13730,2022-09-22,5183,Huron Perth Health Unit,0.1265,116.0,0.83,0.7199,0.9176
13731,2022-09-22,2236,Halton Regional Health Unit,0.0966,272.0,0.44,0.5531,0.7368
13732,2022-09-22,2234,Haldimand-Norfolk Health Unit,0.1382,57.0,0.5,0.6712,0.9087
13733,2022-09-22,2226,District of Algoma Health Unit,0.1325,97.0,0.85,0.8607,0.9419
13734,2022-09-22,2251,City of Ottawa Health Unit,0.133,487.0,0.46,0.7647,0.8557
13735,2022-09-22,2237,City of Hamilton Health Unit,0.1371,414.0,0.7,0.7997,0.8878
13736,2022-09-22,2240,Chatham-Kent Health Unit,0.0913,108.0,1.02,0.7422,0.8899
13737,2022-09-22,2258,Eastern Ontario Health Unit,0.1172,139.0,0.67,0.855,0.9537
13738,2022-09-22,2230,Durham Regional Health Unit,0.0831,475.0,0.67,0.6533,0.8355
13739,2022-09-22,2235,"Haliburton, Kawartha, Pine Ridge District Health Unit",0.0972,128.0,0.68,0.7069,0.8245
13740,2022-09-22,2242,Lambton Health Unit,0.1801,85.0,0.65,0.736,0.9038
13741,2022-09-22,2241,"Kingston, Frontenac and Lennox and Addington Health Unit",0.1826,175.0,0.82,0.8976,0.9376
13742,2022-09-22,2255,Peterborough County-City Health Unit,0.1778,139.0,0.94,0.8537,0.9014
13743,2022-09-22,2265,Waterloo Health Unit,0.1461,283.0,0.48,0.5599,0.8037
13744,2022-09-22,2263,Timiskaming Health Unit,0.0078,18.0,0.56,0.705,0.9209
13745,2022-09-22,3895,City of Toronto Health Unit,0.0831,1952.0,0.63,0.7098,0.84
13746,2022-09-22,2266,Wellington-Dufferin-Guelph Health Unit,0.1339,145.0,0.47,0.7094,0.8387
13747,2022-09-22,2253,Peel Regional Health Unit,0.0848,905.0,0.56,0.6753,0.8289
13748,2022-09-22,2260,Simcoe Muskoka District Health Unit,0.1178,371.0,0.62,0.777,0.8956
13749,2022-09-22,2256,Porcupine Health Unit,0.0833,60.0,0.72,0.7394,0.8475
13750,2022-09-22,2261,Sudbury and District Health Unit,0.0911,279.0,1.4,0.8228,0.9328
13751,2022-09-22,2243,"Leeds, Grenville and Lanark District Health Unit",0.1889,106.0,0.61,0.7493,0.9204
13752,2022-09-22,2249,Northwestern Health Unit,0.1129,72.0,0.82,0.8231,0.8769
13753,2022-09-22,2233,Grey Bruce Health Unit,0.1218,100.0,0.59,0.838,0.9539
13754,2022-09-22,2238,Hastings and Prince Edward Counties Health Unit,0.1627,181.0,1.07,0.913,0.9525
13755,2022-09-22,2227,Brant County Health Unit,0.1176,97.0,0.63,0.803,0.8894
13756,2022-09-21,2266,Wellington-Dufferin-Guelph Health Unit,0.1313,147.0,0.47,0.715,0.836
13757,2022-09-21,2263,Timiskaming Health Unit,0.0221,19.0,0.59,0.7361,0.9375
13758,2022-09-21,2261,Sudbury and District Health Unit,0.0851,287.0,1.44,0.7873,0.9235
13759,2022-09-21,2256,Porcupine Health Unit,0.0826,64.0,0.77,0.7273,0.8485
13760,2022-09-21,2253,Peel Regional Health Unit,0.0847,921.0,0.57,0.6747,0.8145
13761,2022-09-21,35,Ontario,0.1095,9596.0,0.65,0.7053,0.8384
13762,2022-09-21,2249,Northwestern Health Unit,0.106,71.0,0.81,0.8092,0.855
13763,2022-09-21,2243,"Leeds, Grenville and Lanark District Health Unit",0.1765,108.0,0.63,0.7658,0.9306
13764,2022-09-21,2241,"Kingston, Frontenac and Lennox and Addington Health Unit",0.1735,175.0,0.82,0.8938,0.9421
13765,2022-09-21,2238,Hastings and Prince Edward Counties Health Unit,0.1823,179.0,1.06,0.8954,0.9382
13766,2022-09-21,2233,Grey Bruce Health Unit,0.1226,97.0,0.57,0.8219,0.9461
13767,2022-09-21,2226,District of Algoma Health Unit,0.1314,98.0,0.86,0.8658,0.9433
13768,2022-09-21,3895,City of Toronto Health Unit,0.0844,1973.0,0.63,0.6965,0.8197
13769,2022-09-21,2227,Brant County Health Unit,0.1215,91.0,0.58,0.7898,0.8854
13770,2022-09-21,2230,Durham Regional Health Unit,0.0849,485.0,0.68,0.6325,0.7965
13771,2022-09-21,2235,"Haliburton, Kawartha, Pine Ridge District Health Unit",0.1067,127.0,0.67,0.6284,0.7423
13772,2022-09-21,2237,City of Hamilton Health Unit,0.1425,417.0,0.7,0.7725,0.8674
13773,2022-09-21,2240,Chatham-Kent Health Unit,0.0885,110.0,1.03,0.7321,0.8988
13774,2022-09-21,5183,Huron Perth Health Unit,0.1081,112.0,0.8,0.713,0.9056
13775,2022-09-21,2246,Niagara Regional Area Health Unit,0.1288,261.0,0.55,0.6338,0.7887
13776,2022-09-21,2244,Middlesex-London Health Unit,0.1191,322.0,0.63,0.7509,0.8661
13777,2022-09-21,2260,Simcoe Muskoka District Health Unit,0.1165,364.0,0.61,0.7652,0.8936
13778,2022-09-21,2270,York Regional Health Unit,0.0908,689.0,0.56,0.6039,0.7776
13779,2022-09-21,2268,Windsor-Essex County Health Unit,0.1281,418.0,0.98,0.6125,0.8141
13780,2022-09-21,2258,Eastern Ontario Health Unit,0.1145,142.0,0.68,0.8386,0.9522
13781,2022-09-21,2257,Renfrew County and District Health Unit,0.1299,62.0,0.57,0.7034,0.8989
13782,2022-09-21,2262,Thunder Bay District Health Unit,0.1202,170.0,1.13,0.7822,0.8131
13783,2022-09-21,4913,Southwestern Public Health,0.1406,155.0,0.73,0.8556,0.9424
13784,2022-09-21,2265,Waterloo Health Unit,0.1436,281.0,0.48,0.5593,0.7915
13785,2022-09-21,2247,North Bay Parry Sound District Health Unit,0.1343,103.0,0.79,0.8347,0.9583
13786,2022-09-21,2234,Haldimand-Norfolk Health Unit,0.1174,61.0,0.53,0.6872,0.8973
13787,2022-09-21,2255,Peterborough County-City Health Unit,0.1693,137.0,0.92,0.8024,0.8463
13788,2022-09-21,2242,Lambton Health Unit,0.1601,84.0,0.64,0.7391,0.8957
13789,2022-09-21,2236,Halton Regional Health Unit,0.0981,274.0,0.44,0.5373,0.7107
13790,2022-09-21,2251,City of Ottawa Health Unit,0.1293,492.0,0.47,0.7582,0.8631
13791,2022-09-20,2265,Waterloo Health Unit,0.1352,275.0,0.47,0.5637,0.805
13792,2022-09-20,4913,Southwestern Public Health,0.1339,166.0,0.79,0.8397,0.9382
13793,2022-09-20,2256,Porcupine Health Unit,0.0863,60.0,0.71,0.7435,0.863
13794,2022-09-20,2255,Peterborough County-City Health Unit,0.1679,120.0,0.81,0.7246,0.8145
13795,2022-09-20,2247,North Bay Parry Sound District Health Unit,0.125,104.0,0.8,0.8196,0.9594
13796,2022-09-20,2244,Middlesex-London Health Unit,0.1166,323.0,0.64,0.7549,0.8613
13797,2022-09-20,2242,Lambton Health Unit,0.1672,85.0,0.65,0.7216,0.8812
13798,2022-09-20,2236,Halton Regional Health Unit,0.1084,282.0,0.46,0.5546,0.7064
13799,2022-09-20,2234,Haldimand-Norfolk Health Unit,0.1169,64.0,0.56,0.6845,0.9005
13800,2022-09-20,2233,Grey Bruce Health Unit,0.1237,95.0,0.56,0.8325,0.9442
13801,2022-09-20,2258,Eastern Ontario Health Unit,0.1143,140.0,0.67,0.8078,0.9484
13802,2022-09-20,2251,City of Ottawa Health Unit,0.1288,496.0,0.47,0.7306,0.8527
13803,2022-09-20,2238,Hastings and Prince Edward Counties Health Unit,0.1882,169.0,1.0,0.9142,0.9426
13804,2022-09-20,5183,Huron Perth Health Unit,0.1122,112.0,0.8,0.7521,0.9247
13805,2022-09-20,2240,Chatham-Kent Health Unit,0.0787,114.0,1.08,0.7778,0.9456
13806,2022-09-20,2257,Renfrew County and District Health Unit,0.1202,63.0,0.58,0.6321,0.8668
13807,2022-09-20,2268,Windsor-Essex County Health Unit,0.119,425.0,1.0,0.6031,0.8208
13808,2022-09-20,2226,District of Algoma Health Unit,0.1331,104.0,0.91,0.8436,0.9401
13809,2022-09-20,3895,City of Toronto Health Unit,0.084,1967.0,0.63,0.6753,0.8078
13810,2022-09-20,2243,"Leeds, Grenville and Lanark District Health Unit",0.1663,114.0,0.66,0.787,0.9303
13811,2022-09-20,35,Ontario,0.1077,9540.0,0.64,0.6912,0.8328
13812,2022-09-20,2249,Northwestern Health Unit,0.1075,74.0,0.85,0.7363,0.8082
13813,2022-09-20,2262,Thunder Bay District Health Unit,0.1045,172.0,1.15,0.6874,0.7209
13814,2022-09-20,2235,"Haliburton, Kawartha, Pine Ridge District Health Unit",0.1039,118.0,0.63,0.6014,0.7215
13815,2022-09-20,2230,Durham Regional Health Unit,0.0818,475.0,0.67,0.5897,0.7784
13816,2022-09-20,2261,Sudbury and District Health Unit,0.0787,280.0,1.4,0.7259,0.9318
13817,2022-09-20,2266,Wellington-Dufferin-Guelph Health Unit,0.1209,149.0,0.48,0.7141,0.8263
13818,2022-09-20,2263,Timiskaming Health Unit,0.0347,21.0,0.63,0.7566,0.9539
13819,2022-09-20,2270,York Regional Health Unit,0.0897,682.0,0.56,0.5887,0.7776
13820,2022-09-20,2253,Peel Regional Health Unit,0.0821,909.0,0.57,0.6776,0.8091
13821,2022-09-20,2260,Simcoe Muskoka District Health Unit,0.1183,351.0,0.59,0.7626,0.8908
13822,2022-09-20,2241,"Kingston, Frontenac and Lennox and Addington Health Unit",0.1813,160.0,0.75,0.8878,0.9425
13823,2022-09-20,2246,Niagara Regional Area Health Unit,0.1361,263.0,0.56,0.6205,0.8002
13824,2022-09-20,2227,Brant County Health Unit,0.1216,90.0,0.58,0.8177,0.8935
13825,2022-09-20,2237,City of Hamilton Health Unit,0.1383,418.0,0.71,0.7851,0.8719
13826,2022-09-19,2270,York Regional Health Unit,0.0891,693.0,0.57,0.5891,0.7686
13827,2022-09-19,2263,Timiskaming Health Unit,0.0265,22.0,0.66,0.7362,0.9202
13828,2022-09-19,4913,Southwestern Public Health,0.1548,170.0,0.8,0.8372,0.9364
13829,2022-09-19,2260,Simcoe Muskoka District Health Unit,0.1184,343.0,0.57,0.757,0.8841
13830,2022-09-19,2253,Peel Regional Health Unit,0.0792,920.0,0.57,0.6777,0.8028
13831,2022-09-19,2246,Niagara Regional Area Health Unit,0.1314,258.0,0.55,0.6333,0.798
13832,2022-09-19,2241,"Kingston, Frontenac and Lennox and Addington Health Unit",0.1732,150.0,0.71,0.8787,0.9342
13833,2022-09-19,2236,Halton Regional Health Unit,0.1097,285.0,0.46,0.555,0.6962
13834,2022-09-19,2235,"Haliburton, Kawartha, Pine Ridge District Health Unit",0.0975,110.0,0.58,0.5923,0.7302
13835,2022-09-19,2230,Durham Regional Health Unit,0.0759,454.0,0.64,0.5816,0.7689
13836,2022-09-19,3895,City of Toronto Health Unit,0.0844,1940.0,0.62,0.6831,0.801
13837,2022-09-19,2237,City of Hamilton Health Unit,0.1386,430.0,0.73,0.7795,0.8705
13838,2022-09-19,2238,Hastings and Prince Edward Counties Health Unit,0.1948,177.0,1.05,0.909,0.9399
13839,2022-09-19,2249,Northwestern Health Unit,0.0976,76.0,0.87,0.7354,0.8058
13840,2022-09-19,2243,"Leeds, Grenville and Lanark District Health Unit",0.1864,117.0,0.68,0.79,0.9287
13841,2022-09-19,2261,Sudbury and District Health Unit,0.0756,300.0,1.51,0.7018,0.9198
13842,2022-09-19,2227,Brant County Health Unit,0.1246,93.0,0.6,0.8155,0.8918
13843,2022-09-19,2233,Grey Bruce Health Unit,0.109,90.0,0.53,0.7789,0.9283
13844,2022-09-19,2258,Eastern Ontario Health Unit,0.1391,143.0,0.68,0.8076,0.9505
13845,2022-09-19,2247,North Bay Parry Sound District Health Unit,0.1221,97.0,0.75,0.8398,0.9574
13846,2022-09-19,2256,Porcupine Health Unit,0.0879,60.0,0.72,0.7589,0.8595
13847,2022-09-19,2255,Peterborough County-City Health Unit,0.1607,103.0,0.7,0.7126,0.8106
13848,2022-09-19,2266,Wellington-Dufferin-Guelph Health Unit,0.1186,147.0,0.47,0.7071,0.8225
13849,2022-09-19,5183,Huron Perth Health Unit,0.1123,109.0,0.78,0.7866,0.9456
13850,2022-09-19,2265,Waterloo Health Unit,0.1377,270.0,0.46,0.541,0.8029
13851,2022-09-19,2268,Windsor-Essex County Health Unit,0.1132,414.0,0.97,0.6182,0.8343
13852,2022-09-19,2257,Renfrew County and District Health Unit,0.1103,61.0,0.56,0.6193,0.8434
13853,2022-09-19,2242,Lambton Health Unit,0.1753,82.0,0.63,0.705,0.8687
13854,2022-09-19,2262,Thunder Bay District Health Unit,0.1025,169.0,1.13,0.6794,0.7154
13855,2022-09-19,2244,Middlesex-London Health Unit,0.1135,318.0,0.63,0.7675,0.8662
13856,2022-09-19,35,Ontario,0.1071,9473.0,0.64,0.6913,0.8282
13857,2022-09-19,2234,Haldimand-Norfolk Health Unit,0.1373,59.0,0.52,0.6852,0.8935
13858,2022-09-19,2251,City of Ottawa Health Unit,0.1233,486.0,0.46,0.7426,0.8543
13859,2022-09-19,2240,Chatham-Kent Health Unit,0.0847,127.0,1.19,0.8127,0.9476
13860,2022-09-19,2226,District of Algoma Health Unit,0.146,99.0,0.86,0.8419,0.9383
13861,2022-09-18,2246,Niagara Regional Area Health Unit,0.1213,260.0,0.55,0.6389,0.7973
13862,2022-09-18,2268,Windsor-Essex County Health Unit,0.1104,437.0,1.03,0.6233,0.8331
13863,2022-09-18,2263,Timiskaming Health Unit,0.0256,22.0,0.68,0.7421,0.9182
13864,2022-09-18,2262,Thunder Bay District Health Unit,0.1124,170.0,1.14,0.6794,0.7101
13865,2022-09-18,2247,North Bay Parry Sound District Health Unit,0.1074,102.0,0.79,0.8326,0.9571
13866,2022-09-18,2257,Renfrew County and District Health Unit,0.1076,58.0,0.54,0.6423,0.8489
13867,2022-09-18,2253,Peel Regional Health Unit,0.0826,923.0,0.57,0.6684,0.7907
13868,2022-09-18,35,Ontario,0.1072,9571.0,0.65,0.6851,0.8217
13869,2022-09-18,2244,Middlesex-London Health Unit,0.1144,312.0,0.62,0.7546,0.8542
13870,2022-09-18,2242,Lambton Health Unit,0.1805,78.0,0.59,0.7243,0.8971
13871,2022-09-18,2241,"Kingston, Frontenac and Lennox and Addington Health Unit",0.174,144.0,0.68,0.8837,0.9342
13872,2022-09-18,5183,Huron Perth Health Unit,0.1017,108.0,0.77,0.7733,0.9298
13873,2022-09-18,2234,Haldimand-Norfolk Health Unit,0.1341,59.0,0.51,0.6774,0.8834
13874,2022-09-18,2258,Eastern Ontario Health Unit,0.1552,152.0,0.73,0.7765,0.9357
13875,2022-09-18,2226,District of Algoma Health Unit,0.1409,95.0,0.83,0.8484,0.9449
13876,2022-09-18,2240,Chatham-Kent Health Unit,0.1056,137.0,1.28,0.8218,0.9532
13877,2022-09-18,2255,Peterborough County-City Health Unit,0.1522,99.0,0.67,0.721,0.8261
13878,2022-09-18,2265,Waterloo Health Unit,0.135,274.0,0.47,0.5049,0.7573
13879,2022-09-18,2251,City of Ottawa Health Unit,0.1247,496.0,0.47,0.731,0.8465
13880,2022-09-18,2236,Halton Regional Health Unit,0.112,279.0,0.45,0.5458,0.6856
13881,2022-09-18,2235,"Haliburton, Kawartha, Pine Ridge District Health Unit",0.0964,108.0,0.57,0.6571,0.8165
13882,2022-09-18,4913,Southwestern Public Health,0.1729,171.0,0.81,0.8426,0.9442
13883,2022-09-18,2260,Simcoe Muskoka District Health Unit,0.1145,341.0,0.57,0.7556,0.8811
13884,2022-09-18,2243,"Leeds, Grenville and Lanark District Health Unit",0.1879,109.0,0.63,0.7986,0.927
13885,2022-09-18,2270,York Regional Health Unit,0.0848,704.0,0.57,0.5697,0.7523
13886,2022-09-18,2266,Wellington-Dufferin-Guelph Health Unit,0.1157,143.0,0.46,0.6633,0.7968
13887,2022-09-18,2261,Sudbury and District Health Unit,0.0691,320.0,1.61,0.6915,0.9059
13888,2022-09-18,2249,Northwestern Health Unit,0.0948,77.0,0.88,0.7685,0.8228
13889,2022-09-18,2256,Porcupine Health Unit,0.1067,64.0,0.77,0.7747,0.8455
13890,2022-09-18,2238,Hastings and Prince Edward Counties Health Unit,0.1903,168.0,1.0,0.917,0.95
13891,2022-09-18,2237,City of Hamilton Health Unit,0.1362,421.0,0.71,0.7791,0.87
13892,2022-09-18,2230,Durham Regional Health Unit,0.0799,460.0,0.65,0.5901,0.7721
13893,2022-09-18,3895,City of Toronto Health Unit,0.0861,1995.0,0.64,0.6704,0.7888
13894,2022-09-18,2233,Grey Bruce Health Unit,0.1134,92.0,0.54,0.7828,0.9242
13895,2022-09-18,2227,Brant County Health Unit,0.1332,93.0,0.6,0.8182,0.8995
13896,2022-09-17,2270,York Regional Health Unit,0.0817,713.0,0.58,0.5703,0.7417
13897,2022-09-17,2268,Windsor-Essex County Health Unit,0.1093,447.0,1.05,0.619,0.8251
13898,2022-09-17,2266,Wellington-Dufferin-Guelph Health Unit,0.1156,138.0,0.44,0.6754,0.8125
13899,2022-09-17,2261,Sudbury and District Health Unit,0.0662,328.0,1.65,0.7031,0.9053
13900,2022-09-17,2256,Porcupine Health Unit,0.1114,63.0,0.75,0.771,0.8445
13901,2022-09-17,2249,Northwestern Health Unit,0.0983,76.0,0.86,0.7527,0.8274
13902,2022-09-17,2244,Middlesex-London Health Unit,0.1102,307.0,0.61,0.7563,0.8547
13903,2022-09-17,2243,"Leeds, Grenville and Lanark District Health Unit",0.1807,105.0,0.61,0.776,0.9289
13904,2022-09-17,2238,Hastings and Prince Edward Counties Health Unit,0.1902,177.0,1.05,0.9104,0.954
13905,2022-09-17,2235,"Haliburton, Kawartha, Pine Ridge District Health Unit",0.0904,109.0,0.58,0.6624,0.8148
13906,2022-09-17,2233,Grey Bruce Health Unit,0.1093,95.0,0.56,0.7844,0.9222
13907,2022-09-17,3895,City of Toronto Health Unit,0.0845,1966.0,0.63,0.6767,0.7926
13908,2022-09-17,2227,Brant County Health Unit,0.1346,89.0,0.57,0.8041,0.8863
13909,2022-09-17,2240,Chatham-Kent Health Unit,0.1145,130.0,1.22,0.8035,0.9531
13910,2022-09-17,2237,City of Hamilton Health Unit,0.1363,422.0,0.71,0.7888,0.8728
13911,2022-09-17,2246,Niagara Regional Area Health Unit,0.1199,261.0,0.55,0.6333,0.7906
13912,2022-09-17,2260,Simcoe Muskoka District Health Unit,0.1078,339.0,0.57,0.7435,0.8768
13913,2022-09-17,2253,Peel Regional Health Unit,0.0825,910.0,0.57,0.6704,0.7852
13914,2022-09-17,2230,Durham Regional Health Unit,0.0813,459.0,0.64,0.5984,0.7809
13915,2022-09-17,2241,"Kingston, Frontenac and Lennox and Addington Health Unit",0.1737,142.0,0.67,0.8804,0.9362
13916,2022-09-17,5183,Huron Perth Health Unit,0.0959,107.0,0.77,0.7898,0.9304
13917,2022-09-17,2257,Renfrew County and District Health Unit,0.0789,56.0,0.52,0.6552,0.8674
13918,2022-09-17,2263,Timiskaming Health Unit,0.0256,22.0,0.68,0.7516,0.9193
13919,2022-09-17,2262,Thunder Bay District Health Unit,0.1363,175.0,1.17,0.6491,0.6837
13920,2022-09-17,2247,North Bay Parry Sound District Health Unit,0.0978,99.0,0.77,0.8234,0.952
13921,2022-09-17,2265,Waterloo Health Unit,0.1493,271.0,0.46,0.5139,0.7511
13922,2022-09-17,35,Ontario,0.1065,9522.0,0.64,0.6868,0.8209
13923,2022-09-17,2255,Peterborough County-City Health Unit,0.1466,97.0,0.66,0.7378,0.8452
13924,2022-09-17,4913,Southwestern Public Health,0.1683,171.0,0.81,0.8375,0.9411
13925,2022-09-17,2242,Lambton Health Unit,0.1783,78.0,0.59,0.7309,0.8969
13926,2022-09-17,2226,District of Algoma Health Unit,0.1433,96.0,0.84,0.8567,0.9512
13927,2022-09-17,2234,Haldimand-Norfolk Health Unit,0.1404,58.0,0.51,0.6476,0.8444
13928,2022-09-17,2258,Eastern Ontario Health Unit,0.1614,150.0,0.72,0.7761,0.9433
13929,2022-09-17,2236,Halton Regional Health Unit,0.1106,278.0,0.45,0.5472,0.6748
13930,2022-09-17,2251,City of Ottawa Health Unit,0.1205,487.0,0.46,0.7198,0.8437
13931,2022-09-16,2235,"Haliburton, Kawartha, Pine Ridge District Health Unit",0.0894,109.0,0.58,0.6667,0.8134
13932,2022-09-16,2265,Waterloo Health Unit,0.1499,262.0,0.45,0.506,0.7386
13933,2022-09-16,2262,Thunder Bay District Health Unit,0.1371,175.0,1.17,0.6201,0.6558
13934,2022-09-16,4913,Southwestern Public Health,0.1775,170.0,0.8,0.837,0.9415
13935,2022-09-16,2255,Peterborough County-City Health Unit,0.1478,96.0,0.65,0.7205,0.8343
13936,2022-09-16,35,Ontario,0.1078,9488.0,0.64,0.6843,0.819
13937,2022-09-16,2249,Northwestern Health Unit,0.0989,77.0,0.87,0.7564,0.826
13938,2022-09-16,2247,North Bay Parry Sound District Health Unit,0.0873,97.0,0.74,0.7463,0.9503
13939,2022-09-16,2242,Lambton Health Unit,0.1758,78.0,0.6,0.7365,0.8788
13940,2022-09-16,2236,Halton Regional Health Unit,0.1077,278.0,0.45,0.554,0.6738
13941,2022-09-16,2258,Eastern Ontario Health Unit,0.1744,155.0,0.74,0.7878,0.9435
13942,2022-09-16,3895,City of Toronto Health Unit,0.0859,1970.0,0.63,0.6743,0.7915
13943,2022-09-16,2251,City of Ottawa Health Unit,0.1191,481.0,0.46,0.7253,0.8475
13944,2022-09-16,5183,Huron Perth Health Unit,0.0991,108.0,0.77,0.7808,0.9278
13945,2022-09-16,2256,Porcupine Health Unit,0.1023,63.0,0.75,0.7605,0.8466
13946,2022-09-16,2257,Renfrew County and District Health Unit,0.0724,55.0,0.51,0.6675,0.878
13947,2022-09-16,2226,District of Algoma Health Unit,0.1369,93.0,0.81,0.8505,0.9476
13948,2022-09-16,2240,Chatham-Kent Health Unit,0.1156,127.0,1.2,0.7792,0.9468
13949,2022-09-16,2227,Brant County Health Unit,0.1277,87.0,0.56,0.8115,0.8885
13950,2022-09-16,2234,Haldimand-Norfolk Health Unit,0.1325,57.0,0.5,0.7249,0.828
13951,2022-09-16,2244,Middlesex-London Health Unit,0.1125,305.0,0.6,0.7711,0.8622
13952,2022-09-16,2243,"Leeds, Grenville and Lanark District Health Unit",0.1857,104.0,0.6,0.7588,0.9166
13953,2022-09-16,2261,Sudbury and District Health Unit,0.0718,330.0,1.66,0.6635,0.8781
13954,2022-09-16,2268,Windsor-Essex County Health Unit,0.1095,438.0,1.03,0.6426,0.8243
13955,2022-09-16,2266,Wellington-Dufferin-Guelph Health Unit,0.1202,143.0,0.46,0.7042,0.841
13956,2022-09-16,2253,Peel Regional Health Unit,0.0854,914.0,0.57,0.6634,0.7897
13957,2022-09-16,2270,York Regional Health Unit,0.0825,710.0,0.58,0.5668,0.7377
13958,2022-09-16,2260,Simcoe Muskoka District Health Unit,0.1079,332.0,0.55,0.7338,0.875
13959,2022-09-16,2263,Timiskaming Health Unit,0.0256,22.0,0.68,0.7744,0.9329
13960,2022-09-16,2246,Niagara Regional Area Health Unit,0.1214,255.0,0.54,0.632,0.8028
13961,2022-09-16,2233,Grey Bruce Health Unit,0.1091,94.0,0.56,0.7625,0.9142
13962,2022-09-16,2238,Hastings and Prince Edward Counties Health Unit,0.1981,180.0,1.07,0.9119,0.9552
13963,2022-09-16,2241,"Kingston, Frontenac and Lennox and Addington Health Unit",0.1758,141.0,0.66,0.8877,0.9414
13964,2022-09-16,2230,Durham Regional Health Unit,0.0847,460.0,0.65,0.5888,0.7722
13965,2022-09-16,2237,City of Hamilton Health Unit,0.1368,423.0,0.71,0.7951,0.8762
13966,2022-09-15,35,Ontario,0.1079,9482.0,0.64,0.676,0.8143
13967,2022-09-15,2236,Halton Regional Health Unit,0.1073,274.0,0.44,0.5505,0.6745
13968,2022-09-15,2242,Lambton Health Unit,0.1815,76.0,0.58,0.7124,0.8707
13969,2022-09-15,2244,Middlesex-London Health Unit,0.1078,321.0,0.63,0.7621,0.859
13970,2022-09-15,5183,Huron Perth Health Unit,0.0942,108.0,0.77,0.7694,0.9175
13971,2022-09-15,2234,Haldimand-Norfolk Health Unit,0.1418,56.0,0.49,0.6909,0.828
13972,2022-09-15,2226,District of Algoma Health Unit,0.1409,92.0,0.81,0.856,0.9211
13973,2022-09-15,2240,Chatham-Kent Health Unit,0.1183,121.0,1.14,0.7676,0.9397
13974,2022-09-15,2270,York Regional Health Unit,0.0848,713.0,0.58,0.5683,0.7398
13975,2022-09-15,2266,Wellington-Dufferin-Guelph Health Unit,0.1174,148.0,0.48,0.7072,0.8451
13976,2022-09-15,2263,Timiskaming Health Unit,0.0242,24.0,0.72,0.7593,0.9136
13977,2022-09-15,2260,Simcoe Muskoka District Health Unit,0.1029,326.0,0.54,0.7211,0.8687
13978,2022-09-15,2255,Peterborough County-City Health Unit,0.1497,93.0,0.63,0.6563,0.7753
13979,2022-09-15,2253,Peel Regional Health Unit,0.0901,910.0,0.57,0.6634,0.7945
13980,2022-09-15,2246,Niagara Regional Area Health Unit,0.1276,256.0,0.54,0.6283,0.8103
13981,2022-09-15,2243,"Leeds, Grenville and Lanark District Health Unit",0.1707,107.0,0.62,0.7564,0.9139
13982,2022-09-15,2241,"Kingston, Frontenac and Lennox and Addington Health Unit",0.1846,134.0,0.63,0.8794,0.9336
13983,2022-09-15,2235,"Haliburton, Kawartha, Pine Ridge District Health Unit",0.101,105.0,0.55,0.5401,0.6835
13984,2022-09-15,2258,Eastern Ontario Health Unit,0.176,157.0,0.75,0.7933,0.9431
13985,2022-09-15,2230,Durham Regional Health Unit,0.0845,456.0,0.64,0.5675,0.7692
13986,2022-09-15,2237,City of Hamilton Health Unit,0.1397,431.0,0.73,0.7982,0.8731
13987,2022-09-15,2227,Brant County Health Unit,0.1206,85.0,0.55,0.7767,0.8522
13988,2022-09-15,2256,Porcupine Health Unit,0.0977,61.0,0.74,0.8254,0.941
13989,2022-09-15,2261,Sudbury and District Health Unit,0.0739,309.0,1.55,0.6597,0.8801
13990,2022-09-15,2233,Grey Bruce Health Unit,0.1024,96.0,0.57,0.7571,0.9151
13991,2022-09-15,3895,City of Toronto Health Unit,0.0867,1978.0,0.63,0.6752,0.7881
13992,2022-09-15,2251,City of Ottawa Health Unit,0.1139,485.0,0.46,0.7069,0.8432
13993,2022-09-15,2238,Hastings and Prince Edward Counties Health Unit,0.1989,187.0,1.11,0.9024,0.9462
13994,2022-09-15,2249,Northwestern Health Unit,0.098,77.0,0.88,0.7308,0.8217
13995,2022-09-15,2247,North Bay Parry Sound District Health Unit,0.0883,94.0,0.72,0.7642,0.9334
13996,2022-09-15,2265,Waterloo Health Unit,0.1388,257.0,0.44,0.5028,0.7386
13997,2022-09-15,2257,Renfrew County and District Health Unit,0.0719,60.0,0.55,0.6802,0.8832
13998,2022-09-15,4913,Southwestern Public Health,0.1831,169.0,0.8,0.8423,0.9417
13999,2022-09-15,2268,Windsor-Essex County Health Unit,0.1036,440.0,1.04,0.591,0.7986
14000,2022-09-15,2262,Thunder Bay District Health Unit,0.1323,176.0,1.17,0.6209,0.6575
14001,2022-09-14,2266,Wellington-Dufferin-Guelph Health Unit,0.1219,144.0,0.46,0.6961,0.8461
14002,2022-09-14,2256,Porcupine Health Unit,0.1068,63.0,0.75,0.8356,0.94
14003,2022-09-14,2241,"Kingston, Frontenac and Lennox and Addington Health Unit",0.1905,127.0,0.6,0.8929,0.9408
14004,2022-09-14,2246,Niagara Regional Area Health Unit,0.1234,260.0,0.55,0.6006,0.8138
14005,2022-09-14,2249,Northwestern Health Unit,0.0945,79.0,0.9,0.7403,0.833
14006,2022-09-14,2243,"Leeds, Grenville and Lanark District Health Unit",0.161,106.0,0.61,0.7346,0.9024
14007,2022-09-14,2238,Hastings and Prince Edward Counties Health Unit,0.1893,177.0,1.05,0.9192,0.9604
14008,2022-09-14,2233,Grey Bruce Health Unit,0.1057,95.0,0.56,0.7108,0.9201
14009,2022-09-14,3895,City of Toronto Health Unit,0.0865,1958.0,0.63,0.6856,0.8159
14010,2022-09-14,2227,Brant County Health Unit,0.1317,86.0,0.55,0.7983,0.8694
14011,2022-09-14,2268,Windsor-Essex County Health Unit,0.0994,423.0,0.99,0.5652,0.8182
14012,2022-09-14,2262,Thunder Bay District Health Unit,0.1337,178.0,1.19,0.6302,0.665
14013,2022-09-14,4913,Southwestern Public Health,0.1794,169.0,0.8,0.8336,0.9516
14014,2022-09-14,2260,Simcoe Muskoka District Health Unit,0.103,330.0,0.55,0.7213,0.873
14015,2022-09-14,2257,Renfrew County and District Health Unit,0.084,58.0,0.53,0.649,0.8942
14016,2022-09-14,35,Ontario,0.1078,9404.0,0.63,0.6786,0.8337
14017,2022-09-14,2247,North Bay Parry Sound District Health Unit,0.0802,103.0,0.8,0.7689,0.9458
14018,2022-09-14,2244,Middlesex-London Health Unit,0.1145,322.0,0.63,0.7522,0.8684
14019,2022-09-14,5183,Huron Perth Health Unit,0.0916,114.0,0.81,0.7858,0.9278
14020,2022-09-14,2235,"Haliburton, Kawartha, Pine Ridge District Health Unit",0.0948,98.0,0.52,0.6051,0.7606
14021,2022-09-14,2234,Haldimand-Norfolk Health Unit,0.1401,52.0,0.46,0.6676,0.8459
14022,2022-09-14,2226,District of Algoma Health Unit,0.1368,97.0,0.85,0.8537,0.9291
14023,2022-09-14,2240,Chatham-Kent Health Unit,0.122,125.0,1.18,0.7646,0.9245
14024,2022-09-14,2236,Halton Regional Health Unit,0.1124,272.0,0.44,0.5532,0.7161
14025,2022-09-14,2251,City of Ottawa Health Unit,0.1128,477.0,0.45,0.7182,0.8483
14026,2022-09-14,2265,Waterloo Health Unit,0.1406,257.0,0.44,0.4956,0.7486
14027,2022-09-14,2263,Timiskaming Health Unit,0.013,22.0,0.67,0.7244,0.891
14028,2022-09-14,2237,City of Hamilton Health Unit,0.1402,423.0,0.71,0.8127,0.8972
14029,2022-09-14,2258,Eastern Ontario Health Unit,0.1656,159.0,0.76,0.8026,0.9526
14030,2022-09-14,2230,Durham Regional Health Unit,0.0815,445.0,0.63,0.576,0.811
14031,2022-09-14,2242,Lambton Health Unit,0.186,71.0,0.55,0.6928,0.8594
14032,2022-09-14,2255,Peterborough County-City Health Unit,0.1602,85.0,0.57,0.6753,0.8207
14033,2022-09-14,2253,Peel Regional Health Unit,0.0907,912.0,0.57,0.6519,0.8113
14034,2022-09-14,2270,York Regional Health Unit,0.087,723.0,0.59,0.5722,0.7626
14035,2022-09-14,2261,Sudbury and District Health Unit,0.0802,301.0,1.51,0.6773,0.8978
14036,2022-09-13,2268,Windsor-Essex County Health Unit,0.1051,413.0,0.97,0.5362,0.8066
14037,2022-09-13,4913,Southwestern Public Health,0.1813,161.0,0.76,0.8387,0.9533
14038,2022-09-13,2244,Middlesex-London Health Unit,0.1211,323.0,0.64,0.7578,0.8703
14039,2022-09-13,35,Ontario,0.1086,9439.0,0.64,0.6896,0.8328
14040,2022-09-13,2255,Peterborough County-City Health Unit,0.1602,85.0,0.57,0.7748,0.8562
14041,2022-09-13,2247,North Bay Parry Sound District Health Unit,0.0843,98.0,0.76,0.7835,0.9459
14042,2022-09-13,2242,Lambton Health Unit,0.1942,69.0,0.53,0.6959,0.8735
14043,2022-09-13,2236,Halton Regional Health Unit,0.1053,269.0,0.43,0.5358,0.717
14044,2022-09-13,2258,Eastern Ontario Health Unit,0.1905,169.0,0.81,0.8364,0.9529
14045,2022-09-13,2251,City of Ottawa Health Unit,0.1073,477.0,0.45,0.7316,0.8475
14046,2022-09-13,2266,Wellington-Dufferin-Guelph Health Unit,0.1281,144.0,0.46,0.7013,0.8472
14047,2022-09-13,2262,Thunder Bay District Health Unit,0.1425,178.0,1.19,0.6764,0.7456
14048,2022-09-13,2261,Sudbury and District Health Unit,0.0836,327.0,1.64,0.7664,0.897
14049,2022-09-13,2256,Porcupine Health Unit,0.1078,66.0,0.79,0.8433,0.9335
14050,2022-09-13,2249,Northwestern Health Unit,0.0826,78.0,0.89,0.8135,0.8791
14051,2022-09-13,2243,"Leeds, Grenville and Lanark District Health Unit",0.1614,99.0,0.57,0.7299,0.9109
14052,2022-09-13,5183,Huron Perth Health Unit,0.0959,116.0,0.83,0.7895,0.9209
14053,2022-09-13,2238,Hastings and Prince Edward Counties Health Unit,0.1826,185.0,1.1,0.9116,0.9585
14054,2022-09-13,2233,Grey Bruce Health Unit,0.1014,94.0,0.56,0.7302,0.9193
14055,2022-09-13,2230,Durham Regional Health Unit,0.0881,464.0,0.65,0.6167,0.8237
14056,2022-09-13,3895,City of Toronto Health Unit,0.0859,1965.0,0.63,0.6967,0.8127
14057,2022-09-13,2227,Brant County Health Unit,0.1386,81.0,0.52,0.7885,0.8571
14058,2022-09-13,2237,City of Hamilton Health Unit,0.138,424.0,0.72,0.8057,0.8862
14059,2022-09-13,2240,Chatham-Kent Health Unit,0.1394,123.0,1.16,0.7518,0.9218
14060,2022-09-13,2253,Peel Regional Health Unit,0.0937,909.0,0.57,0.6385,0.8014
14061,2022-09-13,2270,York Regional Health Unit,0.0866,730.0,0.6,0.5669,0.7563
14062,2022-09-13,2263,Timiskaming Health Unit,0.0066,22.0,0.66,0.6576,0.8967
14063,2022-09-13,2241,"Kingston, Frontenac and Lennox and Addington Health Unit",0.1923,123.0,0.58,0.9063,0.9452
14064,2022-09-13,2226,District of Algoma Health Unit,0.1354,91.0,0.79,0.867,0.9297
14065,2022-09-13,2235,"Haliburton, Kawartha, Pine Ridge District Health Unit",0.0942,99.0,0.52,0.6366,0.7593
14066,2022-09-13,2234,Haldimand-Norfolk Health Unit,0.112,51.0,0.45,0.6751,0.8375
14067,2022-09-13,2246,Niagara Regional Area Health Unit,0.1142,258.0,0.55,0.6263,0.8001
14068,2022-09-13,2260,Simcoe Muskoka District Health Unit,0.0978,336.0,0.56,0.7351,0.8725
14069,2022-09-13,2257,Renfrew County and District Health Unit,0.09,57.0,0.53,0.7132,0.9216
14070,2022-09-13,2265,Waterloo Health Unit,0.1437,260.0,0.45,0.5335,0.7378
14071,2022-09-12,2263,Timiskaming Health Unit,0.0123,23.0,0.71,0.6131,0.9197
14072,2022-09-12,2249,Northwestern Health Unit,0.1111,76.0,0.87,0.7642,0.8577
14073,2022-09-12,2256,Porcupine Health Unit,0.1167,71.0,0.85,0.8354,0.9298
14074,2022-09-12,2260,Simcoe Muskoka District Health Unit,0.1029,355.0,0.59,0.7266,0.8661
14075,2022-09-12,2253,Peel Regional Health Unit,0.0973,919.0,0.57,0.6117,0.7872
14076,2022-09-12,2246,Niagara Regional Area Health Unit,0.115,262.0,0.55,0.625,0.799
14077,2022-09-12,2241,"Kingston, Frontenac and Lennox and Addington Health Unit",0.1986,138.0,0.65,0.9003,0.9419
14078,2022-09-12,3895,City of Toronto Health Unit,0.0857,2009.0,0.64,0.654,0.7794
14079,2022-09-12,2235,"Haliburton, Kawartha, Pine Ridge District Health Unit",0.0968,102.0,0.54,0.635,0.7313
14080,2022-09-12,2230,Durham Regional Health Unit,0.0872,480.0,0.67,0.5821,0.8025
14081,2022-09-12,2244,Middlesex-London Health Unit,0.1287,332.0,0.65,0.7485,0.8692
14082,2022-09-12,2268,Windsor-Essex County Health Unit,0.1102,402.0,0.95,0.5119,0.797
14083,2022-09-12,2266,Wellington-Dufferin-Guelph Health Unit,0.1261,145.0,0.46,0.6645,0.8349
14084,2022-09-12,2265,Waterloo Health Unit,0.1443,267.0,0.46,0.4997,0.6902
14085,2022-09-12,4913,Southwestern Public Health,0.174,159.0,0.75,0.8239,0.9496
14086,2022-09-12,2255,Peterborough County-City Health Unit,0.1547,91.0,0.62,0.7571,0.8369
14087,2022-09-12,2247,North Bay Parry Sound District Health Unit,0.093,108.0,0.83,0.7508,0.9397
14088,2022-09-12,2243,"Leeds, Grenville and Lanark District Health Unit",0.1399,97.0,0.56,0.684,0.8931
14089,2022-09-12,2242,Lambton Health Unit,0.1816,70.0,0.53,0.6884,0.8721
14090,2022-09-12,2236,Halton Regional Health Unit,0.1088,278.0,0.45,0.5057,0.6955
14091,2022-09-12,2258,Eastern Ontario Health Unit,0.1739,168.0,0.81,0.8211,0.9497
14092,2022-09-12,2251,City of Ottawa Health Unit,0.1103,479.0,0.45,0.6978,0.8243
14093,2022-09-12,2227,Brant County Health Unit,0.1415,74.0,0.47,0.7736,0.8449
14094,2022-09-12,2234,Haldimand-Norfolk Health Unit,0.1086,51.0,0.45,0.6347,0.8235
14095,2022-09-12,2226,District of Algoma Health Unit,0.124,91.0,0.8,0.8574,0.9295
14096,2022-09-12,2240,Chatham-Kent Health Unit,0.1464,115.0,1.08,0.7147,0.9189
14097,2022-09-12,2257,Renfrew County and District Health Unit,0.0986,62.0,0.57,0.7,0.9114
14098,2022-09-12,2233,Grey Bruce Health Unit,0.1207,104.0,0.61,0.7706,0.9297
14099,2022-09-12,5183,Huron Perth Health Unit,0.0935,119.0,0.85,0.783,0.919
14100,2022-09-12,2238,Hastings and Prince Edward Counties Health Unit,0.1684,182.0,1.08,0.9065,0.9544
14101,2022-09-12,35,Ontario,0.1096,9632.0,0.65,0.6645,0.8144
14102,2022-09-12,2262,Thunder Bay District Health Unit,0.1494,179.0,1.19,0.6729,0.7429
14103,2022-09-12,2261,Sudbury and District Health Unit,0.0807,354.0,1.78,0.7724,0.9046
14104,2022-09-12,2237,City of Hamilton Health Unit,0.1416,419.0,0.71,0.7992,0.8734
14105,2022-09-12,2270,York Regional Health Unit,0.0884,755.0,0.62,0.5472,0.7371
14106,2022-09-11,2268,Windsor-Essex County Health Unit,0.1056,368.0,0.87,0.4975,0.7959
14107,2022-09-11,2255,Peterborough County-City Health Unit,0.1494,78.0,0.53,0.7746,0.8561
14108,2022-09-11,4913,Southwestern Public Health,0.1598,146.0,0.69,0.8204,0.9369
14109,2022-09-11,2262,Thunder Bay District Health Unit,0.1526,166.0,1.11,0.5777,0.6865
14110,2022-09-11,2257,Renfrew County and District Health Unit,0.0917,62.0,0.57,0.7042,0.9051
14111,2022-09-11,35,Ontario,0.1066,8907.0,0.6,0.6548,0.8072
14112,2022-09-11,2244,Middlesex-London Health Unit,0.1303,322.0,0.64,0.7409,0.8602
14113,2022-09-11,5183,Huron Perth Health Unit,0.0911,114.0,0.82,0.8,0.9301
14114,2022-09-11,2234,Haldimand-Norfolk Health Unit,0.1016,45.0,0.39,0.6402,0.8232
14115,2022-09-11,2240,Chatham-Kent Health Unit,0.1252,94.0,0.88,0.7139,0.9124
14116,2022-09-11,2270,York Regional Health Unit,0.0916,746.0,0.61,0.5465,0.7355
14117,2022-09-11,2263,Timiskaming Health Unit,0.0211,20.0,0.62,0.6176,0.9265
14118,2022-09-11,2261,Sudbury and District Health Unit,0.0905,305.0,1.53,0.7637,0.9154
14119,2022-09-11,2260,Simcoe Muskoka District Health Unit,0.0984,328.0,0.55,0.7195,0.8585
14120,2022-09-11,2253,Peel Regional Health Unit,0.0959,858.0,0.53,0.6027,0.778
14121,2022-09-11,2247,North Bay Parry Sound District Health Unit,0.1003,90.0,0.69,0.7364,0.9265
14122,2022-09-11,2246,Niagara Regional Area Health Unit,0.1163,253.0,0.54,0.6185,0.7911
14123,2022-09-11,2241,"Kingston, Frontenac and Lennox and Addington Health Unit",0.1874,120.0,0.56,0.8905,0.9352
14124,2022-09-11,2236,Halton Regional Health Unit,0.1026,266.0,0.43,0.4574,0.6474
14125,2022-09-11,2235,"Haliburton, Kawartha, Pine Ridge District Health Unit",0.0951,90.0,0.48,0.6424,0.74
14126,2022-09-11,2230,Durham Regional Health Unit,0.0865,444.0,0.62,0.569,0.7992
14127,2022-09-11,3895,City of Toronto Health Unit,0.084,1871.0,0.6,0.6498,0.7767
14128,2022-09-11,2251,City of Ottawa Health Unit,0.0987,434.0,0.41,0.6966,0.8196
14129,2022-09-11,2237,City of Hamilton Health Unit,0.1368,377.0,0.64,0.7848,0.8619
14130,2022-09-11,2233,Grey Bruce Health Unit,0.1196,97.0,0.57,0.7637,0.9311
14131,2022-09-11,2258,Eastern Ontario Health Unit,0.1695,150.0,0.72,0.8469,0.9607
14132,2022-09-11,2243,"Leeds, Grenville and Lanark District Health Unit",0.126,88.0,0.51,0.6844,0.8854
14133,2022-09-11,2238,Hastings and Prince Edward Counties Health Unit,0.1608,171.0,1.02,0.8918,0.9429
14134,2022-09-11,2249,Northwestern Health Unit,0.1245,68.0,0.77,0.7114,0.813
14135,2022-09-11,2227,Brant County Health Unit,0.1313,65.0,0.42,0.7622,0.8301
14136,2022-09-11,2242,Lambton Health Unit,0.1682,64.0,0.49,0.6644,0.847
14137,2022-09-11,2256,Porcupine Health Unit,0.1172,60.0,0.72,0.8417,0.9372
14138,2022-09-11,2266,Wellington-Dufferin-Guelph Health Unit,0.116,133.0,0.43,0.6916,0.8447
14139,2022-09-11,2265,Waterloo Health Unit,0.1374,241.0,0.41,0.5078,0.704
14140,2022-09-11,2226,District of Algoma Health Unit,0.1218,84.0,0.74,0.8511,0.9239
14141,2022-09-10,2260,Simcoe Muskoka District Health Unit,0.1008,327.0,0.55,0.7101,0.844
14142,2022-09-10,2263,Timiskaming Health Unit,0.0288,20.0,0.61,0.6,0.9333
14143,2022-09-10,2266,Wellington-Dufferin-Guelph Health Unit,0.1175,136.0,0.44,0.7012,0.8545
14144,2022-09-10,2261,Sudbury and District Health Unit,0.0955,292.0,1.47,0.7222,0.9167
14145,2022-09-10,2256,Porcupine Health Unit,0.1206,60.0,0.72,0.8469,0.9432
14146,2022-09-10,2249,Northwestern Health Unit,0.1278,69.0,0.79,0.7064,0.7988
14147,2022-09-10,2235,"Haliburton, Kawartha, Pine Ridge District Health Unit",0.0993,85.0,0.45,0.6369,0.7344
14148,2022-09-10,2243,"Leeds, Grenville and Lanark District Health Unit",0.124,88.0,0.51,0.719,0.8848
14149,2022-09-10,2238,Hastings and Prince Edward Counties Health Unit,0.1647,160.0,0.95,0.8998,0.943
14150,2022-09-10,3895,City of Toronto Health Unit,0.0847,1883.0,0.6,0.6457,0.7719
14151,2022-09-10,2227,Brant County Health Unit,0.1269,66.0,0.43,0.7808,0.8479
14152,2022-09-10,2236,Halton Regional Health Unit,0.1049,267.0,0.43,0.4463,0.6401
14153,2022-09-10,2242,Lambton Health Unit,0.1644,62.0,0.47,0.6674,0.8348
14154,2022-09-10,2268,Windsor-Essex County Health Unit,0.1063,366.0,0.86,0.5088,0.8054
14155,2022-09-10,2265,Waterloo Health Unit,0.1271,239.0,0.41,0.5082,0.71
14156,2022-09-10,2262,Thunder Bay District Health Unit,0.1304,159.0,1.06,0.6057,0.7233
14157,2022-09-10,2257,Renfrew County and District Health Unit,0.0955,63.0,0.58,0.6687,0.9039
14158,2022-09-10,2255,Peterborough County-City Health Unit,0.1543,75.0,0.51,0.7524,0.8393
14159,2022-09-10,2253,Peel Regional Health Unit,0.0908,887.0,0.55,0.6021,0.7761
14160,2022-09-10,35,Ontario,0.1062,8899.0,0.6,0.6514,0.8049
14161,2022-09-10,2244,Middlesex-London Health Unit,0.1327,326.0,0.64,0.7348,0.8519
14162,2022-09-10,5183,Huron Perth Health Unit,0.0933,118.0,0.84,0.7944,0.9241
14163,2022-09-10,2234,Haldimand-Norfolk Health Unit,0.1031,46.0,0.4,0.6519,0.8601
14164,2022-09-10,2230,Durham Regional Health Unit,0.0842,441.0,0.62,0.5673,0.7928
14165,2022-09-10,2226,District of Algoma Health Unit,0.0995,82.0,0.72,0.8377,0.9171
14166,2022-09-10,2240,Chatham-Kent Health Unit,0.1295,99.0,0.93,0.7183,0.9056
14167,2022-09-10,2258,Eastern Ontario Health Unit,0.1644,149.0,0.71,0.8554,0.9566
14168,2022-09-10,2251,City of Ottawa Health Unit,0.1005,429.0,0.41,0.7095,0.8193
14169,2022-09-10,2237,City of Hamilton Health Unit,0.1395,369.0,0.62,0.7699,0.8543
14170,2022-09-10,2241,"Kingston, Frontenac and Lennox and Addington Health Unit",0.1866,119.0,0.56,0.8851,0.9369
14171,2022-09-10,2247,North Bay Parry Sound District Health Unit,0.1092,90.0,0.7,0.7425,0.9242
14172,2022-09-10,2246,Niagara Regional Area Health Unit,0.1197,253.0,0.54,0.5952,0.7952
14173,2022-09-10,4913,Southwestern Public Health,0.1589,147.0,0.7,0.8247,0.9383
14174,2022-09-10,2270,York Regional Health Unit,0.0931,749.0,0.61,0.5416,0.729
14175,2022-09-10,2233,Grey Bruce Health Unit,0.1172,94.0,0.55,0.764,0.9332
14176,2022-09-09,2262,Thunder Bay District Health Unit,0.1363,166.0,1.1,0.6267,0.7432
14177,2022-09-09,2268,Windsor-Essex County Health Unit,0.1078,374.0,0.88,0.5055,0.7986
14178,2022-09-09,2265,Waterloo Health Unit,0.1289,242.0,0.41,0.5117,0.7098
14179,2022-09-09,4913,Southwestern Public Health,0.1561,146.0,0.69,0.8029,0.9363
14180,2022-09-09,2255,Peterborough County-City Health Unit,0.145,76.0,0.51,0.772,0.8505
14181,2022-09-09,2247,North Bay Parry Sound District Health Unit,0.1161,90.0,0.69,0.8378,0.9234
14182,2022-09-09,2242,Lambton Health Unit,0.1613,62.0,0.47,0.6584,0.8472
14183,2022-09-09,2258,Eastern Ontario Health Unit,0.1476,145.0,0.7,0.8527,0.9512
14184,2022-09-09,2240,Chatham-Kent Health Unit,0.1327,98.0,0.92,0.7168,0.8949
14185,2022-09-09,2251,City of Ottawa Health Unit,0.1027,434.0,0.41,0.7055,0.8117
14186,2022-09-09,2266,Wellington-Dufferin-Guelph Health Unit,0.1107,130.0,0.42,0.6752,0.8298
14187,2022-09-09,2261,Sudbury and District Health Unit,0.0943,298.0,1.5,0.7637,0.9641
14188,2022-09-09,2257,Renfrew County and District Health Unit,0.1047,64.0,0.59,0.6601,0.8991
14189,2022-09-09,2256,Porcupine Health Unit,0.125,58.0,0.7,0.8591,0.9377
14190,2022-09-09,2249,Northwestern Health Unit,0.138,71.0,0.81,0.7004,0.8016
14191,2022-09-09,2246,Niagara Regional Area Health Unit,0.1172,254.0,0.54,0.6103,0.7938
14192,2022-09-09,2243,"Leeds, Grenville and Lanark District Health Unit",0.1192,86.0,0.5,0.7317,0.8962
14193,2022-09-09,2238,Hastings and Prince Edward Counties Health Unit,0.1637,159.0,0.94,0.8946,0.942
14194,2022-09-09,2234,Haldimand-Norfolk Health Unit,0.1042,44.0,0.38,0.5955,0.8479
14195,2022-09-09,2233,Grey Bruce Health Unit,0.112,94.0,0.56,0.7515,0.9494
14196,2022-09-09,3895,City of Toronto Health Unit,0.0861,1865.0,0.6,0.6442,0.7673
14197,2022-09-09,2237,City of Hamilton Health Unit,0.1379,363.0,0.61,0.7672,0.8451
14198,2022-09-09,2227,Brant County Health Unit,0.1202,67.0,0.43,0.7578,0.8341
14199,2022-09-09,5183,Huron Perth Health Unit,0.09,117.0,0.84,0.7913,0.926
14200,2022-09-09,2235,"Haliburton, Kawartha, Pine Ridge District Health Unit",0.1002,87.0,0.46,0.6397,0.7233
14201,2022-09-09,2241,"Kingston, Frontenac and Lennox and Addington Health Unit",0.1915,125.0,0.59,0.8842,0.9373
14202,2022-09-09,2270,York Regional Health Unit,0.0933,748.0,0.61,0.541,0.7205
14203,2022-09-09,2260,Simcoe Muskoka District Health Unit,0.0999,326.0,0.54,0.7125,0.8546
14204,2022-09-09,2230,Durham Regional Health Unit,0.0854,447.0,0.63,0.5692,0.7806
14205,2022-09-09,2226,District of Algoma Health Unit,0.1042,88.0,0.77,0.8588,0.9302
14206,2022-09-09,2244,Middlesex-London Health Unit,0.1306,333.0,0.66,0.7384,0.8604
14207,2022-09-09,2253,Peel Regional Health Unit,0.0878,874.0,0.54,0.6021,0.7585
14208,2022-09-09,35,Ontario,0.1062,8907.0,0.6,0.6526,0.8017
14209,2022-09-09,2263,Timiskaming Health Unit,0.029,20.0,0.6,0.5748,0.9213
14210,2022-09-09,2236,Halton Regional Health Unit,0.1096,274.0,0.44,0.4293,0.6291
14211,2022-09-08,2266,Wellington-Dufferin-Guelph Health Unit,0.1121,126.0,0.4,0.6678,0.8102
14212,2022-09-08,2270,York Regional Health Unit,0.0927,752.0,0.61,0.5375,0.7025
14213,2022-09-08,2263,Timiskaming Health Unit,0.0308,19.0,0.57,0.5878,0.9237
14214,2022-09-08,2260,Simcoe Muskoka District Health Unit,0.1038,332.0,0.55,0.7096,0.8423
14215,2022-09-08,2243,"Leeds, Grenville and Lanark District Health Unit",0.1101,80.0,0.46,0.7347,0.8969
14216,2022-09-08,2253,Peel Regional Health Unit,0.083,876.0,0.55,0.5785,0.7211
14217,2022-09-08,2246,Niagara Regional Area Health Unit,0.119,270.0,0.57,0.6016,0.7813
14218,2022-09-08,2235,"Haliburton, Kawartha, Pine Ridge District Health Unit",0.0903,89.0,0.47,0.7504,0.8768
14219,2022-09-08,2227,Brant County Health Unit,0.1284,62.0,0.4,0.7812,0.8706
14220,2022-09-08,3895,City of Toronto Health Unit,0.0885,1864.0,0.6,0.6367,0.7452
14221,2022-09-08,2230,Durham Regional Health Unit,0.0855,458.0,0.64,0.5884,0.7692
14222,2022-09-08,2237,City of Hamilton Health Unit,0.1427,354.0,0.6,0.7494,0.8181
14223,2022-09-08,2244,Middlesex-London Health Unit,0.135,338.0,0.67,0.7457,0.8626
14224,2022-09-08,2265,Waterloo Health Unit,0.1271,249.0,0.43,0.5117,0.6952
14225,2022-09-08,2261,Sudbury and District Health Unit,0.0921,317.0,1.59,0.7579,0.967
14226,2022-09-08,4913,Southwestern Public Health,0.1609,141.0,0.67,0.7922,0.9262
14227,2022-09-08,2255,Peterborough County-City Health Unit,0.1346,76.0,0.52,0.8277,0.9064
14228,2022-09-08,35,Ontario,0.1071,8924.0,0.6,0.6492,0.7876
14229,2022-09-08,2247,North Bay Parry Sound District Health Unit,0.108,93.0,0.71,0.8651,0.9335
14230,2022-09-08,2242,Lambton Health Unit,0.16,61.0,0.46,0.6384,0.8103
14231,2022-09-08,5183,Huron Perth Health Unit,0.0863,116.0,0.83,0.8033,0.9302
14232,2022-09-08,2238,Hastings and Prince Edward Counties Health Unit,0.1603,160.0,0.95,0.9101,0.9507
14233,2022-09-08,2236,Halton Regional Health Unit,0.1116,269.0,0.43,0.3992,0.5716
14234,2022-09-08,2258,Eastern Ontario Health Unit,0.1384,141.0,0.68,0.8461,0.9469
14235,2022-09-08,2226,District of Algoma Health Unit,0.0976,88.0,0.77,0.8875,0.9518
14236,2022-09-08,2251,City of Ottawa Health Unit,0.1034,412.0,0.39,0.7031,0.7969
14237,2022-09-08,2262,Thunder Bay District Health Unit,0.1384,168.0,1.12,0.6057,0.7471
14238,2022-09-08,2240,Chatham-Kent Health Unit,0.1397,97.0,0.91,0.7193,0.8938
14239,2022-09-08,2234,Haldimand-Norfolk Health Unit,0.1093,43.0,0.38,0.62,0.82
14240,2022-09-08,2233,Grey Bruce Health Unit,0.124,91.0,0.54,0.7459,0.9435
14241,2022-09-08,2249,Northwestern Health Unit,0.1647,74.0,0.84,0.6826,0.789
14242,2022-09-08,2257,Renfrew County and District Health Unit,0.0923,65.0,0.6,0.6523,0.9006
14243,2022-09-08,2256,Porcupine Health Unit,0.136,57.0,0.68,0.8892,0.9393
14244,2022-09-08,2268,Windsor-Essex County Health Unit,0.1106,372.0,0.88,0.5212,0.7952
14245,2022-09-08,2241,"Kingston, Frontenac and Lennox and Addington Health Unit",0.2114,133.0,0.63,0.877,0.9309
14246,2022-09-07,2268,Windsor-Essex County Health Unit,0.1171,363.0,0.86,0.5597,0.7666
14247,2022-09-07,2262,Thunder Bay District Health Unit,0.1391,163.0,1.09,0.5762,0.7161
14248,2022-09-07,2257,Renfrew County and District Health Unit,0.0815,65.0,0.6,0.6398,0.8886
14249,2022-09-07,35,Ontario,0.1075,8954.0,0.6,0.6532,0.769
14250,2022-09-07,5183,Huron Perth Health Unit,0.0908,115.0,0.82,0.7879,0.9406
14251,2022-09-07,2251,City of Ottawa Health Unit,0.102,406.0,0.39,0.6924,0.7782
14252,2022-09-07,2258,Eastern Ontario Health Unit,0.1398,133.0,0.64,0.8662,0.9401
14253,2022-09-07,2234,Haldimand-Norfolk Health Unit,0.1364,44.0,0.39,0.656,0.805
14254,2022-09-07,2226,District of Algoma Health Unit,0.1148,87.0,0.76,0.8891,0.9489
14255,2022-09-07,2240,Chatham-Kent Health Unit,0.1394,93.0,0.88,0.7467,0.8983
14256,2022-09-07,2270,York Regional Health Unit,0.0965,746.0,0.61,0.5367,0.6689
14257,2022-09-07,2265,Waterloo Health Unit,0.1162,254.0,0.44,0.5194,0.6801
14258,2022-09-07,2263,Timiskaming Health Unit,0.0303,19.0,0.58,0.5785,0.9256
14259,2022-09-07,2260,Simcoe Muskoka District Health Unit,0.1046,333.0,0.56,0.7034,0.8421
14260,2022-09-07,2256,Porcupine Health Unit,0.1765,58.0,0.7,0.8952,0.9382
14261,2022-09-07,2253,Peel Regional Health Unit,0.0844,852.0,0.53,0.5716,0.6889
14262,2022-09-07,2246,Niagara Regional Area Health Unit,0.1197,277.0,0.59,0.6229,0.7713
14263,2022-09-07,2242,Lambton Health Unit,0.159,62.0,0.47,0.6545,0.8146
14264,2022-09-07,2241,"Kingston, Frontenac and Lennox and Addington Health Unit",0.207,135.0,0.63,0.875,0.9223
14265,2022-09-07,2235,"Haliburton, Kawartha, Pine Ridge District Health Unit",0.0874,85.0,0.45,0.7421,0.8553
14266,2022-09-07,2233,Grey Bruce Health Unit,0.1134,96.0,0.56,0.7948,0.9418
14267,2022-09-07,2230,Durham Regional Health Unit,0.0847,461.0,0.65,0.6073,0.7515
14268,2022-09-07,2237,City of Hamilton Health Unit,0.145,358.0,0.6,0.7477,0.7928
14269,2022-09-07,2227,Brant County Health Unit,0.1195,62.0,0.4,0.759,0.8221
14270,2022-09-07,2243,"Leeds, Grenville and Lanark District Health Unit",0.1045,77.0,0.44,0.744,0.8776
14271,2022-09-07,2249,Northwestern Health Unit,0.1811,76.0,0.86,0.6575,0.762
14272,2022-09-07,2247,North Bay Parry Sound District Health Unit,0.1305,81.0,0.62,0.8733,0.9291
14273,2022-09-07,2266,Wellington-Dufferin-Guelph Health Unit,0.1139,127.0,0.41,0.6736,0.7996
14274,2022-09-07,3895,City of Toronto Health Unit,0.0891,1867.0,0.6,0.6399,0.7281
14275,2022-09-07,2238,Hastings and Prince Edward Counties Health Unit,0.1524,178.0,1.06,0.9005,0.9426
14276,2022-09-07,2236,Halton Regional Health Unit,0.1051,276.0,0.45,0.4071,0.5464
14277,2022-09-07,2255,Peterborough County-City Health Unit,0.125,77.0,0.52,0.8208,0.8921
14278,2022-09-07,2261,Sudbury and District Health Unit,0.0845,343.0,1.72,0.7808,0.966
14279,2022-09-07,4913,Southwestern Public Health,0.1696,144.0,0.68,0.79,0.9174
14280,2022-09-07,2244,Middlesex-London Health Unit,0.1251,355.0,0.7,0.7634,0.8545
14281,2022-09-06,2266,Wellington-Dufferin-Guelph Health Unit,0.11,127.0,0.41,0.6529,0.7799
14282,2022-09-06,2253,Peel Regional Health Unit,0.0827,854.0,0.53,0.5793,0.6754
14283,2022-09-06,2261,Sudbury and District Health Unit,0.0922,330.0,1.66,0.6994,0.9655
14284,2022-09-06,2256,Porcupine Health Unit,0.1861,58.0,0.69,0.898,0.9475
14285,2022-09-06,2243,"Leeds, Grenville and Lanark District Health Unit",0.0839,78.0,0.45,0.75,0.8673
14286,2022-09-06,2230,Durham Regional Health Unit,0.0849,466.0,0.65,0.577,0.7228
14287,2022-09-06,2235,"Haliburton, Kawartha, Pine Ridge District Health Unit",0.0909,90.0,0.47,0.6671,0.86
14288,2022-09-06,2238,Hastings and Prince Edward Counties Health Unit,0.1512,177.0,1.05,0.8994,0.9444
14289,2022-09-06,2233,Grey Bruce Health Unit,0.1211,96.0,0.56,0.7382,0.9385
14290,2022-09-06,3895,City of Toronto Health Unit,0.0911,1856.0,0.59,0.6338,0.716
14291,2022-09-06,2227,Brant County Health Unit,0.1175,64.0,0.42,0.7461,0.8079
14292,2022-09-06,2247,North Bay Parry Sound District Health Unit,0.1304,85.0,0.66,0.8727,0.9244
14293,2022-09-06,2270,York Regional Health Unit,0.0972,761.0,0.62,0.5482,0.6562
14294,2022-09-06,2268,Windsor-Essex County Health Unit,0.1214,378.0,0.89,0.6047,0.7867
14295,2022-09-06,2262,Thunder Bay District Health Unit,0.1333,164.0,1.09,0.592,0.7189
14296,2022-09-06,4913,Southwestern Public Health,0.1777,141.0,0.67,0.7876,0.9192
14297,2022-09-06,2257,Renfrew County and District Health Unit,0.0913,61.0,0.56,0.6456,0.9114
14298,2022-09-06,35,Ontario,0.1086,8983.0,0.61,0.6451,0.7603
14299,2022-09-06,2246,Niagara Regional Area Health Unit,0.1289,276.0,0.58,0.6147,0.7832
14300,2022-09-06,2244,Middlesex-London Health Unit,0.1242,373.0,0.73,0.7629,0.8575
14301,2022-09-06,5183,Huron Perth Health Unit,0.0902,116.0,0.83,0.7873,0.933
14302,2022-09-06,2234,Haldimand-Norfolk Health Unit,0.1473,42.0,0.37,0.6405,0.817
14303,2022-09-06,2236,Halton Regional Health Unit,0.1034,286.0,0.46,0.3891,0.503
14304,2022-09-06,2226,District of Algoma Health Unit,0.1214,85.0,0.74,0.8842,0.9504
14305,2022-09-06,2237,City of Hamilton Health Unit,0.1416,354.0,0.6,0.7422,0.7944
14306,2022-09-06,2240,Chatham-Kent Health Unit,0.134,92.0,0.86,0.7143,0.878
14307,2022-09-06,2255,Peterborough County-City Health Unit,0.1213,73.0,0.49,0.7793,0.8688
14308,2022-09-06,2251,City of Ottawa Health Unit,0.1067,406.0,0.38,0.6898,0.7697
14309,2022-09-06,2258,Eastern Ontario Health Unit,0.103,122.0,0.58,0.863,0.9396
14310,2022-09-06,2242,Lambton Health Unit,0.159,62.0,0.47,0.6395,0.8302
14311,2022-09-06,2241,"Kingston, Frontenac and Lennox and Addington Health Unit",0.1998,151.0,0.71,0.8506,0.906
14312,2022-09-06,2260,Simcoe Muskoka District Health Unit,0.1115,330.0,0.55,0.6587,0.8335
14313,2022-09-06,2265,Waterloo Health Unit,0.1124,250.0,0.43,0.4926,0.6488
14314,2022-09-06,2263,Timiskaming Health Unit,0.0246,17.0,0.53,0.6923,0.9231
14315,2022-09-06,2249,Northwestern Health Unit,0.2118,78.0,0.88,0.6418,0.747
14316,2022-09-05,2265,Waterloo Health Unit,0.1112,254.0,0.44,0.5343,0.6721
14317,2022-09-05,4913,Southwestern Public Health,0.1737,135.0,0.64,0.7864,0.9095
14318,2022-09-05,2234,Haldimand-Norfolk Health Unit,0.1554,42.0,0.37,0.6802,0.8314
14319,2022-09-05,5183,Huron Perth Health Unit,0.0826,121.0,0.87,0.7594,0.9119
14320,2022-09-05,2242,Lambton Health Unit,0.1537,59.0,0.45,0.6481,0.8374
14321,2022-09-05,2236,Halton Regional Health Unit,0.0976,280.0,0.45,0.4043,0.4949
14322,2022-09-05,2258,Eastern Ontario Health Unit,0.1008,122.0,0.58,0.8825,0.9418
14323,2022-09-05,2251,City of Ottawa Health Unit,0.1019,402.0,0.38,0.7302,0.7952
14324,2022-09-05,2266,Wellington-Dufferin-Guelph Health Unit,0.1151,132.0,0.42,0.6832,0.7882
14325,2022-09-05,2263,Timiskaming Health Unit,0.0233,18.0,0.56,0.7643,0.9363
14326,2022-09-05,2261,Sudbury and District Health Unit,0.1064,281.0,1.41,0.7212,0.9643
14327,2022-09-05,2256,Porcupine Health Unit,0.2128,54.0,0.64,0.8909,0.9442
14328,2022-09-05,35,Ontario,0.1091,8898.0,0.6,0.6723,0.7754
14329,2022-09-05,2249,Northwestern Health Unit,0.2107,80.0,0.91,0.7005,0.7823
14330,2022-09-05,2243,"Leeds, Grenville and Lanark District Health Unit",0.0833,75.0,0.44,0.742,0.9006
14331,2022-09-05,2241,"Kingston, Frontenac and Lennox and Addington Health Unit",0.1858,143.0,0.67,0.8594,0.9111
14332,2022-09-05,2238,Hastings and Prince Edward Counties Health Unit,0.1554,176.0,1.04,0.9045,0.9468
14333,2022-09-05,2233,Grey Bruce Health Unit,0.1012,86.0,0.51,0.7511,0.9389
14334,2022-09-05,2226,District of Algoma Health Unit,0.1168,87.0,0.76,0.904,0.9582
14335,2022-09-05,3895,City of Toronto Health Unit,0.0954,1848.0,0.59,0.6825,0.7488
14336,2022-09-05,2227,Brant County Health Unit,0.1099,64.0,0.41,0.7684,0.8258
14337,2022-09-05,2230,Durham Regional Health Unit,0.0884,456.0,0.64,0.6097,0.7412
14338,2022-09-05,2253,Peel Regional Health Unit,0.0843,863.0,0.54,0.6103,0.6889
14339,2022-09-05,2260,Simcoe Muskoka District Health Unit,0.1101,322.0,0.54,0.6704,0.8397
14340,2022-09-05,2257,Renfrew County and District Health Unit,0.0956,58.0,0.54,0.6235,0.9071
14341,2022-09-05,2237,City of Hamilton Health Unit,0.1381,374.0,0.63,0.7596,0.8045
14342,2022-09-05,2240,Chatham-Kent Health Unit,0.1222,82.0,0.77,0.7276,0.8777
14343,2022-09-05,2235,"Haliburton, Kawartha, Pine Ridge District Health Unit",0.1016,90.0,0.48,0.6964,0.872
14344,2022-09-05,2262,Thunder Bay District Health Unit,0.1319,168.0,1.12,0.6066,0.7278
14345,2022-09-05,2270,York Regional Health Unit,0.0983,747.0,0.61,0.5717,0.6627
14346,2022-09-05,2268,Windsor-Essex County Health Unit,0.1126,375.0,0.88,0.6016,0.7707
14347,2022-09-05,2255,Peterborough County-City Health Unit,0.1223,72.0,0.49,0.7892,0.8798
14348,2022-09-05,2247,North Bay Parry Sound District Health Unit,0.1278,76.0,0.59,0.8524,0.917
14349,2022-09-05,2246,Niagara Regional Area Health Unit,0.1368,286.0,0.61,0.6278,0.7952
14350,2022-09-05,2244,Middlesex-London Health Unit,0.1202,385.0,0.76,0.7683,0.8533
14351,2022-09-04,2261,Sudbury and District Health Unit,0.0966,352.0,1.77,0.7481,0.9728
14352,2022-09-04,2270,York Regional Health Unit,0.0972,770.0,0.63,0.586,0.6771
14353,2022-09-04,2263,Timiskaming Health Unit,0.0443,23.0,0.69,0.7628,0.9359
14354,2022-09-04,2253,Peel Regional Health Unit,0.0863,917.0,0.57,0.6287,0.7042
14355,2022-09-04,2238,Hastings and Prince Edward Counties Health Unit,0.1561,196.0,1.16,0.9185,0.9549
14356,2022-09-04,2243,"Leeds, Grenville and Lanark District Health Unit",0.0929,85.0,0.49,0.7476,0.9079
14357,2022-09-04,2246,Niagara Regional Area Health Unit,0.1427,318.0,0.67,0.6347,0.8111
14358,2022-09-04,2241,"Kingston, Frontenac and Lennox and Addington Health Unit",0.1836,167.0,0.79,0.8615,0.9115
14359,2022-09-04,2235,"Haliburton, Kawartha, Pine Ridge District Health Unit",0.1044,114.0,0.6,0.7002,0.8747
14360,2022-09-04,2230,Durham Regional Health Unit,0.0953,501.0,0.7,0.6275,0.77
14361,2022-09-04,2237,City of Hamilton Health Unit,0.1399,420.0,0.71,0.7727,0.8167
14362,2022-09-04,2268,Windsor-Essex County Health Unit,0.123,396.0,0.93,0.623,0.7733
14363,2022-09-04,2265,Waterloo Health Unit,0.1017,281.0,0.48,0.5679,0.6947
14364,2022-09-04,4913,Southwestern Public Health,0.1614,148.0,0.7,0.7733,0.9089
14365,2022-09-04,2256,Porcupine Health Unit,0.2094,64.0,0.77,0.9,0.9488
14366,2022-09-04,2255,Peterborough County-City Health Unit,0.1368,84.0,0.56,0.8014,0.8879
14367,2022-09-04,2247,North Bay Parry Sound District Health Unit,0.1293,80.0,0.61,0.8796,0.9426
14368,2022-09-04,2244,Middlesex-London Health Unit,0.1223,410.0,0.81,0.787,0.8713
14369,2022-09-04,2242,Lambton Health Unit,0.1444,68.0,0.52,0.6639,0.8613
14370,2022-09-04,2236,Halton Regional Health Unit,0.0976,294.0,0.48,0.4513,0.5344
14371,2022-09-04,2233,Grey Bruce Health Unit,0.1314,98.0,0.58,0.7559,0.9412
14372,2022-09-04,2258,Eastern Ontario Health Unit,0.0942,133.0,0.64,0.8867,0.945
14373,2022-09-04,2251,City of Ottawa Health Unit,0.1066,436.0,0.41,0.7443,0.8102
14374,2022-09-04,2227,Brant County Health Unit,0.1111,71.0,0.46,0.7725,0.8283
14375,2022-09-04,2234,Haldimand-Norfolk Health Unit,0.1404,50.0,0.44,0.6696,0.8261
14376,2022-09-04,2240,Chatham-Kent Health Unit,0.1308,92.0,0.86,0.728,0.8836
14377,2022-09-04,2257,Renfrew County and District Health Unit,0.1029,58.0,0.54,0.6359,0.9152
14378,2022-09-04,2262,Thunder Bay District Health Unit,0.1285,186.0,1.24,0.6888,0.7768
14379,2022-09-04,2226,District of Algoma Health Unit,0.1303,98.0,0.85,0.9094,0.9629
14380,2022-09-04,3895,City of Toronto Health Unit,0.0978,1984.0,0.64,0.7006,0.7655
14381,2022-09-04,5183,Huron Perth Health Unit,0.0773,126.0,0.9,0.754,0.912
14382,2022-09-04,35,Ontario,0.1117,9699.0,0.65,0.6924,0.7929
14383,2022-09-04,2249,Northwestern Health Unit,0.2202,92.0,1.05,0.7488,0.8229
14384,2022-09-04,2266,Wellington-Dufferin-Guelph Health Unit,0.1337,144.0,0.46,0.6961,0.8049
14385,2022-09-04,2260,Simcoe Muskoka District Health Unit,0.1129,354.0,0.59,0.6834,0.8532
14386,2022-09-03,2268,Windsor-Essex County Health Unit,0.126,391.0,0.92,0.6033,0.7666
14387,2022-09-03,2257,Renfrew County and District Health Unit,0.1247,61.0,0.56,0.6839,0.9249
14388,2022-09-03,2242,Lambton Health Unit,0.1449,69.0,0.53,0.6577,0.8557
14389,2022-09-03,2247,North Bay Parry Sound District Health Unit,0.1225,78.0,0.6,0.878,0.9445
14390,2022-09-03,35,Ontario,0.1125,9686.0,0.65,0.6887,0.7899
14391,2022-09-03,2244,Middlesex-London Health Unit,0.1234,411.0,0.81,0.7928,0.8732
14392,2022-09-03,5183,Huron Perth Health Unit,0.0746,124.0,0.89,0.7295,0.8869
14393,2022-09-03,2234,Haldimand-Norfolk Health Unit,0.1487,49.0,0.43,0.6789,0.8451
14394,2022-09-03,2226,District of Algoma Health Unit,0.1364,97.0,0.85,0.9205,0.9679
14395,2022-09-03,2240,Chatham-Kent Health Unit,0.1232,88.0,0.83,0.7155,0.8701
14396,2022-09-03,2270,York Regional Health Unit,0.1,750.0,0.61,0.5833,0.671
14397,2022-09-03,2263,Timiskaming Health Unit,0.038,23.0,0.69,0.7193,0.8947
14398,2022-09-03,2261,Sudbury and District Health Unit,0.0947,350.0,1.76,0.7688,0.9765
14399,2022-09-03,4913,Southwestern Public Health,0.1582,144.0,0.68,0.7617,0.8947
14400,2022-09-03,2260,Simcoe Muskoka District Health Unit,0.1156,355.0,0.59,0.6715,0.8556
14401,2022-09-03,2253,Peel Regional Health Unit,0.0876,887.0,0.55,0.6222,0.6984
14402,2022-09-03,2249,Northwestern Health Unit,0.2222,93.0,1.06,0.7675,0.8358
14403,2022-09-03,2246,Niagara Regional Area Health Unit,0.1441,322.0,0.68,0.6644,0.8148
14404,2022-09-03,2241,"Kingston, Frontenac and Lennox and Addington Health Unit",0.1852,171.0,0.81,0.8672,0.9056
14405,2022-09-03,2238,Hastings and Prince Edward Counties Health Unit,0.1439,202.0,1.2,0.9145,0.9487
14406,2022-09-03,2236,Halton Regional Health Unit,0.0955,295.0,0.48,0.4367,0.5194
14407,2022-09-03,2235,"Haliburton, Kawartha, Pine Ridge District Health Unit",0.1033,118.0,0.62,0.7041,0.8764
14408,2022-09-03,2230,Durham Regional Health Unit,0.0977,509.0,0.71,0.6254,0.767
14409,2022-09-03,3895,City of Toronto Health Unit,0.0994,1977.0,0.63,0.6958,0.7629
14410,2022-09-03,2237,City of Hamilton Health Unit,0.1383,435.0,0.73,0.774,0.8167
14411,2022-09-03,2227,Brant County Health Unit,0.1152,71.0,0.46,0.7619,0.8229
14412,2022-09-03,2266,Wellington-Dufferin-Guelph Health Unit,0.1389,146.0,0.47,0.6854,0.7972
14413,2022-09-03,2265,Waterloo Health Unit,0.1037,284.0,0.49,0.5549,0.6924
14414,2022-09-03,2251,City of Ottawa Health Unit,0.1058,436.0,0.41,0.727,0.8063
14415,2022-09-03,2233,Grey Bruce Health Unit,0.1288,99.0,0.58,0.7561,0.9415
14416,2022-09-03,2258,Eastern Ontario Health Unit,0.0897,131.0,0.63,0.8727,0.945
14417,2022-09-03,2243,"Leeds, Grenville and Lanark District Health Unit",0.0853,90.0,0.52,0.7315,0.9043
14418,2022-09-03,2256,Porcupine Health Unit,0.2103,64.0,0.77,0.8879,0.9486
14419,2022-09-03,2255,Peterborough County-City Health Unit,0.1326,87.0,0.59,0.8244,0.908
14420,2022-09-03,2262,Thunder Bay District Health Unit,0.1318,188.0,1.25,0.6913,0.8108
14421,2022-09-02,2270,York Regional Health Unit,0.1001,753.0,0.61,0.5905,0.6774
14422,2022-09-02,2261,Sudbury and District Health Unit,0.0962,337.0,1.69,0.7767,0.9776
14423,2022-09-02,2246,Niagara Regional Area Health Unit,0.1489,332.0,0.7,0.65,0.8145
14424,2022-09-02,2253,Peel Regional Health Unit,0.0892,892.0,0.56,0.6169,0.6996
14425,2022-09-02,2256,Porcupine Health Unit,0.2108,64.0,0.76,0.8698,0.9284
14426,2022-09-02,2249,Northwestern Health Unit,0.2206,90.0,1.03,0.7664,0.8305
14427,2022-09-02,2243,"Leeds, Grenville and Lanark District Health Unit",0.0836,91.0,0.52,0.7465,0.903
14428,2022-09-02,2238,Hastings and Prince Edward Counties Health Unit,0.1465,207.0,1.23,0.9212,0.9536
14429,2022-09-02,2233,Grey Bruce Health Unit,0.1348,99.0,0.58,0.8049,0.9422
14430,2022-09-02,3895,City of Toronto Health Unit,0.0974,1985.0,0.64,0.6913,0.7623
14431,2022-09-02,2242,Lambton Health Unit,0.1429,70.0,0.53,0.6488,0.8571
14432,2022-09-02,2268,Windsor-Essex County Health Unit,0.1303,380.0,0.9,0.6058,0.7559
14433,2022-09-02,2263,Timiskaming Health Unit,0.037,23.0,0.71,0.7126,0.8862
14434,2022-09-02,2262,Thunder Bay District Health Unit,0.1275,183.0,1.22,0.6973,0.845
14435,2022-09-02,2257,Renfrew County and District Health Unit,0.1289,60.0,0.55,0.6899,0.9375
14436,2022-09-02,35,Ontario,0.1134,9693.0,0.65,0.689,0.7921
14437,2022-09-02,2244,Middlesex-London Health Unit,0.1241,416.0,0.82,0.7933,0.8677
14438,2022-09-02,2241,"Kingston, Frontenac and Lennox and Addington Health Unit",0.1838,171.0,0.8,0.8697,0.9027
14439,2022-09-02,5183,Huron Perth Health Unit,0.0811,123.0,0.88,0.7362,0.8874
14440,2022-09-02,2234,Haldimand-Norfolk Health Unit,0.1469,51.0,0.44,0.6583,0.8
14441,2022-09-02,2258,Eastern Ontario Health Unit,0.0916,128.0,0.61,0.8549,0.9506
14442,2022-09-02,2226,District of Algoma Health Unit,0.1379,91.0,0.8,0.9216,0.9664
14443,2022-09-02,2240,Chatham-Kent Health Unit,0.1218,88.0,0.83,0.7409,0.8792
14444,2022-09-02,2251,City of Ottawa Health Unit,0.1054,434.0,0.41,0.7338,0.8141
14445,2022-09-02,2237,City of Hamilton Health Unit,0.1441,441.0,0.75,0.7743,0.8241
14446,2022-09-02,2265,Waterloo Health Unit,0.1018,282.0,0.48,0.5513,0.6965
14447,2022-09-02,2255,Peterborough County-City Health Unit,0.1349,92.0,0.62,0.7686,0.9148
14448,2022-09-02,2230,Durham Regional Health Unit,0.0993,518.0,0.73,0.6287,0.7798
14449,2022-09-02,2236,Halton Regional Health Unit,0.0965,292.0,0.47,0.4503,0.5241
14450,2022-09-02,2235,"Haliburton, Kawartha, Pine Ridge District Health Unit",0.1048,116.0,0.61,0.6731,0.8766
14451,2022-09-02,2247,North Bay Parry Sound District Health Unit,0.1203,80.0,0.61,0.8807,0.9472
14452,2022-09-02,4913,Southwestern Public Health,0.1539,140.0,0.66,0.7651,0.8949
14453,2022-09-02,2260,Simcoe Muskoka District Health Unit,0.1216,354.0,0.59,0.6686,0.8486
14454,2022-09-02,2227,Brant County Health Unit,0.1159,70.0,0.45,0.7638,0.8248
14455,2022-09-02,2266,Wellington-Dufferin-Guelph Health Unit,0.1411,151.0,0.48,0.7003,0.8048
14456,2022-09-01,2265,Waterloo Health Unit,0.1108,285.0,0.49,0.5408,0.6836
14457,2022-09-01,35,Ontario,0.1165,9755.0,0.66,0.6955,0.8012
14458,2022-09-01,2257,Renfrew County and District Health Unit,0.1501,59.0,0.54,0.6871,0.9365
14459,2022-09-01,4913,Southwestern Public Health,0.1465,144.0,0.68,0.7833,0.906
14460,2022-09-01,2255,Peterborough County-City Health Unit,0.1359,91.0,0.62,0.7215,0.8985
14461,2022-09-01,2247,North Bay Parry Sound District Health Unit,0.1339,86.0,0.67,0.8921,0.9476
14462,2022-09-01,2242,Lambton Health Unit,0.146,71.0,0.55,0.6473,0.8672
14463,2022-09-01,2226,District of Algoma Health Unit,0.1354,90.0,0.78,0.9111,0.9564
14464,2022-09-01,2236,Halton Regional Health Unit,0.0981,297.0,0.48,0.4694,0.5474
14465,2022-09-01,2258,Eastern Ontario Health Unit,0.0895,136.0,0.65,0.8433,0.9527
14466,2022-09-01,2268,Windsor-Essex County Health Unit,0.1423,394.0,0.93,0.631,0.7673
14467,2022-09-01,2266,Wellington-Dufferin-Guelph Health Unit,0.1382,154.0,0.49,0.6871,0.8025
14468,2022-09-01,2261,Sudbury and District Health Unit,0.1066,320.0,1.61,0.7899,0.9731
14469,2022-09-01,2260,Simcoe Muskoka District Health Unit,0.1251,360.0,0.6,0.6797,0.8633
14470,2022-09-01,2256,Porcupine Health Unit,0.2075,69.0,0.83,0.8742,0.9371
14471,2022-09-01,2249,Northwestern Health Unit,0.2111,93.0,1.06,0.8288,0.8712
14472,2022-09-01,2244,Middlesex-London Health Unit,0.1304,405.0,0.8,0.7932,0.8597
14473,2022-09-01,2243,"Leeds, Grenville and Lanark District Health Unit",0.107,93.0,0.54,0.7526,0.904
14474,2022-09-01,2238,Hastings and Prince Edward Counties Health Unit,0.1475,202.0,1.2,0.9115,0.9486
14475,2022-09-01,2235,"Haliburton, Kawartha, Pine Ridge District Health Unit",0.1082,114.0,0.6,0.6749,0.8608
14476,2022-09-01,2233,Grey Bruce Health Unit,0.1461,106.0,0.62,0.8051,0.9407
14477,2022-09-01,3895,City of Toronto Health Unit,0.0992,1994.0,0.64,0.7004,0.777
14478,2022-09-01,2237,City of Hamilton Health Unit,0.1396,442.0,0.75,0.7865,0.8376
14479,2022-09-01,2240,Chatham-Kent Health Unit,0.1209,91.0,0.86,0.7521,0.8785
14480,2022-09-01,2227,Brant County Health Unit,0.126,75.0,0.48,0.7722,0.8263
14481,2022-09-01,2230,Durham Regional Health Unit,0.0985,506.0,0.71,0.614,0.7851
14482,2022-09-01,2246,Niagara Regional Area Health Unit,0.1459,315.0,0.67,0.6674,0.8259
14483,2022-09-01,2270,York Regional Health Unit,0.1042,761.0,0.62,0.5856,0.6754
14484,2022-09-01,2234,Haldimand-Norfolk Health Unit,0.1485,51.0,0.45,0.6667,0.8199
14485,2022-09-01,2241,"Kingston, Frontenac and Lennox and Addington Health Unit",0.195,182.0,0.86,0.885,0.9139
14486,2022-09-01,5183,Huron Perth Health Unit,0.0868,127.0,0.91,0.7223,0.8891
14487,2022-09-01,2253,Peel Regional Health Unit,0.0939,884.0,0.55,0.6244,0.7145
14488,2022-09-01,2263,Timiskaming Health Unit,0.0375,23.0,0.7,0.673,0.8994
14489,2022-09-01,2262,Thunder Bay District Health Unit,0.131,186.0,1.24,0.7767,0.8964
14490,2022-09-01,2251,City of Ottawa Health Unit,0.1038,455.0,0.43,0.732,0.826
14491,2022-08-31,2270,York Regional Health Unit,0.1037,755.0,0.62,0.5807,0.6826
14492,2022-08-31,2256,Porcupine Health Unit,0.1724,66.0,0.79,0.8714,0.9424
14493,2022-08-31,2261,Sudbury and District Health Unit,0.114,301.0,1.51,0.7831,0.9699
14494,2022-08-31,2263,Timiskaming Health Unit,0.0397,22.0,0.66,0.7234,0.9149
14495,2022-08-31,2260,Simcoe Muskoka District Health Unit,0.1267,361.0,0.6,0.6846,0.8628
14496,2022-08-31,2253,Peel Regional Health Unit,0.0929,882.0,0.55,0.6305,0.7227
14497,2022-08-31,2246,Niagara Regional Area Health Unit,0.1499,328.0,0.69,0.6539,0.8133
14498,2022-08-31,2241,"Kingston, Frontenac and Lennox and Addington Health Unit",0.1957,185.0,0.87,0.883,0.9164
14499,2022-08-31,2235,"Haliburton, Kawartha, Pine Ridge District Health Unit",0.1109,122.0,0.65,0.655,0.8744
14500,2022-08-31,2237,City of Hamilton Health Unit,0.1403,457.0,0.77,0.7795,0.8337
14501,2022-08-31,2265,Waterloo Health Unit,0.1248,290.0,0.5,0.5394,0.6952
14502,2022-08-31,2262,Thunder Bay District Health Unit,0.1366,189.0,1.26,0.8325,0.9467
14503,2022-08-31,4913,Southwestern Public Health,0.1326,150.0,0.71,0.7979,0.9105
14504,2022-08-31,2255,Peterborough County-City Health Unit,0.1301,104.0,0.7,0.7491,0.9168
14505,2022-08-31,2249,Northwestern Health Unit,0.2071,89.0,1.02,0.8438,0.9079
14506,2022-08-31,2247,North Bay Parry Sound District Health Unit,0.122,95.0,0.73,0.8792,0.9452
14507,2022-08-31,2242,Lambton Health Unit,0.154,70.0,0.53,0.668,0.8697
14508,2022-08-31,5183,Huron Perth Health Unit,0.0939,128.0,0.91,0.7275,0.8759
14509,2022-08-31,2236,Halton Regional Health Unit,0.104,288.0,0.47,0.4669,0.5456
14510,2022-08-31,2258,Eastern Ontario Health Unit,0.0964,144.0,0.69,0.8165,0.9416
14511,2022-08-31,3895,City of Toronto Health Unit,0.0988,2002.0,0.64,0.6984,0.7791
14512,2022-08-31,2251,City of Ottawa Health Unit,0.104,459.0,0.43,0.7459,0.8405
14513,2022-08-31,35,Ontario,0.1177,9770.0,0.66,0.6962,0.8063
14514,2022-08-31,2234,Haldimand-Norfolk Health Unit,0.1388,50.0,0.44,0.648,0.7973
14515,2022-08-31,2226,District of Algoma Health Unit,0.1328,83.0,0.72,0.901,0.9514
14516,2022-08-31,2233,Grey Bruce Health Unit,0.1489,102.0,0.6,0.8082,0.9385
14517,2022-08-31,2240,Chatham-Kent Health Unit,0.1204,89.0,0.84,0.7717,0.8842
14518,2022-08-31,2227,Brant County Health Unit,0.1238,75.0,0.48,0.7786,0.8563
14519,2022-08-31,2238,Hastings and Prince Edward Counties Health Unit,0.1528,182.0,1.08,0.9151,0.9504
14520,2022-08-31,2244,Middlesex-London Health Unit,0.1349,405.0,0.8,0.8004,0.869
14521,2022-08-31,2243,"Leeds, Grenville and Lanark District Health Unit",0.1056,95.0,0.55,0.7413,0.9227
14522,2022-08-31,2257,Renfrew County and District Health Unit,0.1569,61.0,0.56,0.6333,0.9424
14523,2022-08-31,2268,Windsor-Essex County Health Unit,0.1462,388.0,0.91,0.6329,0.7718
14524,2022-08-31,2266,Wellington-Dufferin-Guelph Health Unit,0.1349,157.0,0.5,0.6984,0.809
14525,2022-08-31,2230,Durham Regional Health Unit,0.1032,505.0,0.71,0.6062,0.7891
14526,2022-08-30,4913,Southwestern Public Health,0.1275,152.0,0.72,0.815,0.9136
14527,2022-08-30,2265,Waterloo Health Unit,0.1269,297.0,0.51,0.5558,0.7242
14528,2022-08-30,2268,Windsor-Essex County Health Unit,0.1476,380.0,0.9,0.6476,0.7766
14529,2022-08-30,2262,Thunder Bay District Health Unit,0.1327,193.0,1.29,0.8644,0.9659
14530,2022-08-30,2257,Renfrew County and District Health Unit,0.1492,61.0,0.56,0.6155,0.9569
14531,2022-08-30,35,Ontario,0.1185,9735.0,0.66,0.7047,0.8173
14532,2022-08-30,2236,Halton Regional Health Unit,0.1062,284.0,0.46,0.482,0.5822
14533,2022-08-30,2244,Middlesex-London Health Unit,0.1355,392.0,0.77,0.805,0.8698
14534,2022-08-30,5183,Huron Perth Health Unit,0.0875,121.0,0.86,0.7214,0.8905
14535,2022-08-30,2226,District of Algoma Health Unit,0.1246,85.0,0.74,0.907,0.9568
14536,2022-08-30,2240,Chatham-Kent Health Unit,0.1168,92.0,0.86,0.8157,0.9028
14537,2022-08-30,2270,York Regional Health Unit,0.1027,729.0,0.59,0.5883,0.6964
14538,2022-08-30,2266,Wellington-Dufferin-Guelph Health Unit,0.1349,160.0,0.51,0.7282,0.8458
14539,2022-08-30,2263,Timiskaming Health Unit,0.0466,28.0,0.84,0.6608,0.8889
14540,2022-08-30,2260,Simcoe Muskoka District Health Unit,0.1225,370.0,0.62,0.6952,0.8714
14541,2022-08-30,2256,Porcupine Health Unit,0.1674,68.0,0.82,0.8753,0.9459
14542,2022-08-30,2255,Peterborough County-City Health Unit,0.1151,120.0,0.81,0.7356,0.9151
14543,2022-08-30,2253,Peel Regional Health Unit,0.0941,882.0,0.55,0.6314,0.7406
14544,2022-08-30,2246,Niagara Regional Area Health Unit,0.1468,345.0,0.73,0.6736,0.8146
14545,2022-08-30,2243,"Leeds, Grenville and Lanark District Health Unit",0.1159,89.0,0.51,0.7371,0.9296
14546,2022-08-30,2241,"Kingston, Frontenac and Lennox and Addington Health Unit",0.1987,178.0,0.84,0.894,0.9245
14547,2022-08-30,2235,"Haliburton, Kawartha, Pine Ridge District Health Unit",0.1202,120.0,0.64,0.6908,0.8716
14548,2022-08-30,2258,Eastern Ontario Health Unit,0.0998,149.0,0.71,0.7934,0.9434
14549,2022-08-30,2230,Durham Regional Health Unit,0.1028,489.0,0.69,0.6002,0.8099
14550,2022-08-30,2237,City of Hamilton Health Unit,0.15,456.0,0.77,0.788,0.8422
14551,2022-08-30,2227,Brant County Health Unit,0.1219,75.0,0.48,0.7608,0.8471
14552,2022-08-30,2233,Grey Bruce Health Unit,0.1433,101.0,0.59,0.8537,0.9412
14553,2022-08-30,2238,Hastings and Prince Edward Counties Health Unit,0.1533,182.0,1.08,0.9215,0.9516
14554,2022-08-30,3895,City of Toronto Health Unit,0.1017,1989.0,0.64,0.7031,0.7884
14555,2022-08-30,2251,City of Ottawa Health Unit,0.1044,464.0,0.44,0.7374,0.8501
14556,2022-08-30,2242,Lambton Health Unit,0.1479,72.0,0.55,0.6874,0.8637
14557,2022-08-30,2249,Northwestern Health Unit,0.194,90.0,1.02,0.8616,0.9242
14558,2022-08-30,2247,North Bay Parry Sound District Health Unit,0.1258,89.0,0.68,0.8824,0.9467
14559,2022-08-30,2261,Sudbury and District Health Unit,0.1164,290.0,1.45,0.8629,0.9712
14560,2022-08-30,2234,Haldimand-Norfolk Health Unit,0.1226,52.0,0.46,0.6108,0.7841
14561,2022-08-29,2263,Timiskaming Health Unit,0.0533,24.0,0.74,0.5928,0.8563
14562,2022-08-29,2270,York Regional Health Unit,0.1044,735.0,0.6,0.6029,0.7128
14563,2022-08-29,2266,Wellington-Dufferin-Guelph Health Unit,0.1314,162.0,0.52,0.7424,0.8573
14564,2022-08-29,2261,Sudbury and District Health Unit,0.1089,303.0,1.52,0.8531,0.9729
14565,2022-08-29,2256,Porcupine Health Unit,0.1471,68.0,0.81,0.893,0.9591
14566,2022-08-29,2249,Northwestern Health Unit,0.1945,94.0,1.07,0.8339,0.9013
14567,2022-08-29,2243,"Leeds, Grenville and Lanark District Health Unit",0.1186,92.0,0.53,0.7741,0.9153
14568,2022-08-29,2233,Grey Bruce Health Unit,0.1489,98.0,0.58,0.8423,0.9401
14569,2022-08-29,2237,City of Hamilton Health Unit,0.1494,443.0,0.75,0.7855,0.8511
14570,2022-08-29,3895,City of Toronto Health Unit,0.1004,1988.0,0.64,0.7003,0.7942
14571,2022-08-29,2227,Brant County Health Unit,0.1335,78.0,0.5,0.7491,0.8427
14572,2022-08-29,2242,Lambton Health Unit,0.1492,74.0,0.56,0.7209,0.8743
14573,2022-08-29,2268,Windsor-Essex County Health Unit,0.1551,388.0,0.91,0.6675,0.7974
14574,2022-08-29,2262,Thunder Bay District Health Unit,0.1295,185.0,1.24,0.8651,0.9661
14575,2022-08-29,2260,Simcoe Muskoka District Health Unit,0.1236,368.0,0.61,0.7039,0.8758
14576,2022-08-29,2257,Renfrew County and District Health Unit,0.1489,75.0,0.69,0.6774,0.9663
14577,2022-08-29,35,Ontario,0.1196,9718.0,0.66,0.7093,0.8269
14578,2022-08-29,2247,North Bay Parry Sound District Health Unit,0.1481,93.0,0.71,0.9054,0.9541
14579,2022-08-29,2244,Middlesex-London Health Unit,0.1408,385.0,0.76,0.8015,0.88
14580,2022-08-29,5183,Huron Perth Health Unit,0.0878,114.0,0.81,0.7415,0.9223
14581,2022-08-29,2236,Halton Regional Health Unit,0.1099,278.0,0.45,0.4877,0.606
14582,2022-08-29,2235,"Haliburton, Kawartha, Pine Ridge District Health Unit",0.1264,124.0,0.66,0.7046,0.8804
14583,2022-08-29,2234,Haldimand-Norfolk Health Unit,0.1182,50.0,0.43,0.6201,0.7905
14584,2022-08-29,2226,District of Algoma Health Unit,0.1342,80.0,0.7,0.9052,0.9534
14585,2022-08-29,2240,Chatham-Kent Health Unit,0.122,90.0,0.85,0.8119,0.9092
14586,2022-08-29,2241,"Kingston, Frontenac and Lennox and Addington Health Unit",0.2119,173.0,0.81,0.9066,0.9361
14587,2022-08-29,2251,City of Ottawa Health Unit,0.1128,466.0,0.44,0.7258,0.8592
14588,2022-08-29,4913,Southwestern Public Health,0.1233,156.0,0.74,0.8369,0.9273
14589,2022-08-29,2258,Eastern Ontario Health Unit,0.1066,145.0,0.69,0.7817,0.9417
14590,2022-08-29,2230,Durham Regional Health Unit,0.1026,494.0,0.69,0.6186,0.8289
14591,2022-08-29,2246,Niagara Regional Area Health Unit,0.1403,338.0,0.72,0.6816,0.8156
14592,2022-08-29,2255,Peterborough County-City Health Unit,0.1147,118.0,0.8,0.7577,0.9211
14593,2022-08-29,2253,Peel Regional Health Unit,0.0936,864.0,0.54,0.6278,0.7488
14594,2022-08-29,2265,Waterloo Health Unit,0.1359,301.0,0.51,0.5648,0.7518
14595,2022-08-29,2238,Hastings and Prince Edward Counties Health Unit,0.1443,182.0,1.08,0.9223,0.9519
14596,2022-08-28,2268,Windsor-Essex County Health Unit,0.1544,366.0,0.86,0.6628,0.7914
14597,2022-08-28,2265,Waterloo Health Unit,0.15,304.0,0.52,0.5396,0.7382
14598,2022-08-28,4913,Southwestern Public Health,0.131,160.0,0.76,0.8388,0.9208
14599,2022-08-28,2244,Middlesex-London Health Unit,0.1322,387.0,0.76,0.7956,0.8779
14600,2022-08-28,2255,Peterborough County-City Health Unit,0.1036,127.0,0.86,0.7514,0.9168
14601,2022-08-28,2247,North Bay Parry Sound District Health Unit,0.1537,109.0,0.84,0.8868,0.9313
14602,2022-08-28,2236,Halton Regional Health Unit,0.117,284.0,0.46,0.481,0.5938
14603,2022-08-28,2240,Chatham-Kent Health Unit,0.1168,89.0,0.84,0.802,0.8993
14604,2022-08-28,2226,District of Algoma Health Unit,0.1572,83.0,0.72,0.8935,0.9442
14605,2022-08-28,2258,Eastern Ontario Health Unit,0.1067,149.0,0.71,0.7784,0.9394
14606,2022-08-28,2251,City of Ottawa Health Unit,0.1143,476.0,0.45,0.7167,0.8504
14607,2022-08-28,2266,Wellington-Dufferin-Guelph Health Unit,0.1563,173.0,0.55,0.7324,0.8523
14608,2022-08-28,2262,Thunder Bay District Health Unit,0.1367,181.0,1.21,0.8562,0.9668
14609,2022-08-28,2261,Sudbury and District Health Unit,0.1267,239.0,1.2,0.8437,0.969
14610,2022-08-28,2256,Porcupine Health Unit,0.1219,74.0,0.89,0.8706,0.9412
14611,2022-08-28,2253,Peel Regional Health Unit,0.094,863.0,0.54,0.6243,0.7456
14612,2022-08-28,2249,Northwestern Health Unit,0.185,90.0,1.02,0.8276,0.9008
14613,2022-08-28,2243,"Leeds, Grenville and Lanark District Health Unit",0.1182,92.0,0.53,0.7684,0.9168
14614,2022-08-28,5183,Huron Perth Health Unit,0.0935,121.0,0.86,0.7272,0.9052
14615,2022-08-28,2238,Hastings and Prince Edward Counties Health Unit,0.1579,176.0,1.04,0.9202,0.951
14616,2022-08-28,2233,Grey Bruce Health Unit,0.12,96.0,0.57,0.8475,0.9324
14617,2022-08-28,2230,Durham Regional Health Unit,0.0966,497.0,0.7,0.6036,0.7919
14618,2022-08-28,3895,City of Toronto Health Unit,0.1014,1991.0,0.64,0.6968,0.7902
14619,2022-08-28,2227,Brant County Health Unit,0.1336,77.0,0.5,0.7481,0.8466
14620,2022-08-28,2241,"Kingston, Frontenac and Lennox and Addington Health Unit",0.2103,181.0,0.85,0.911,0.9399
14621,2022-08-28,2246,Niagara Regional Area Health Unit,0.1475,327.0,0.69,0.6798,0.8053
14622,2022-08-28,2263,Timiskaming Health Unit,0.0458,22.0,0.67,0.5893,0.8512
14623,2022-08-28,2237,City of Hamilton Health Unit,0.1564,440.0,0.74,0.779,0.8465
14624,2022-08-28,2235,"Haliburton, Kawartha, Pine Ridge District Health Unit",0.146,123.0,0.65,0.7051,0.8823
14625,2022-08-28,2234,Haldimand-Norfolk Health Unit,0.1339,50.0,0.44,0.6208,0.7949
14626,2022-08-28,35,Ontario,0.1225,9742.0,0.66,0.7014,0.8186
14627,2022-08-28,2260,Simcoe Muskoka District Health Unit,0.1294,372.0,0.62,0.691,0.861
14628,2022-08-28,2257,Renfrew County and District Health Unit,0.1649,93.0,0.85,0.6608,0.9501
14629,2022-08-28,2270,York Regional Health Unit,0.1096,760.0,0.62,0.5977,0.7086
14630,2022-08-28,2242,Lambton Health Unit,0.154,77.0,0.59,0.7284,0.8723
14631,2022-08-27,2270,York Regional Health Unit,0.1088,768.0,0.63,0.6047,0.7171
14632,2022-08-27,2263,Timiskaming Health Unit,0.0452,22.0,0.68,0.6259,0.8844
14633,2022-08-27,2260,Simcoe Muskoka District Health Unit,0.1346,378.0,0.63,0.7162,0.8698
14634,2022-08-27,2253,Peel Regional Health Unit,0.096,873.0,0.54,0.6185,0.7464
14635,2022-08-27,2241,"Kingston, Frontenac and Lennox and Addington Health Unit",0.2065,177.0,0.83,0.9144,0.9443
14636,2022-08-27,3895,City of Toronto Health Unit,0.1014,1988.0,0.64,0.7017,0.7932
14637,2022-08-27,2233,Grey Bruce Health Unit,0.1282,99.0,0.58,0.8402,0.9242
14638,2022-08-27,2235,"Haliburton, Kawartha, Pine Ridge District Health Unit",0.1543,123.0,0.65,0.6944,0.8794
14639,2022-08-27,2230,Durham Regional Health Unit,0.0933,493.0,0.69,0.5963,0.7898
14640,2022-08-27,2237,City of Hamilton Health Unit,0.1592,442.0,0.75,0.7847,0.8516
14641,2022-08-27,2234,Haldimand-Norfolk Health Unit,0.125,51.0,0.45,0.6116,0.7713
14642,2022-08-27,2266,Wellington-Dufferin-Guelph Health Unit,0.1557,170.0,0.54,0.7203,0.8491
14643,2022-08-27,2265,Waterloo Health Unit,0.1513,308.0,0.53,0.549,0.7359
14644,2022-08-27,2249,Northwestern Health Unit,0.187,88.0,1.0,0.7957,0.8824
14645,2022-08-27,4913,Southwestern Public Health,0.1313,160.0,0.76,0.8503,0.9306
14646,2022-08-27,2256,Porcupine Health Unit,0.1191,73.0,0.88,0.8837,0.9388
14647,2022-08-27,2255,Peterborough County-City Health Unit,0.1044,126.0,0.85,0.7453,0.9136
14648,2022-08-27,2247,North Bay Parry Sound District Health Unit,0.1561,111.0,0.85,0.8978,0.9336
14649,2022-08-27,2244,Middlesex-London Health Unit,0.1317,396.0,0.78,0.7916,0.8802
14650,2022-08-27,2243,"Leeds, Grenville and Lanark District Health Unit",0.1326,87.0,0.5,0.7696,0.9052
14651,2022-08-27,2242,Lambton Health Unit,0.1554,80.0,0.61,0.7268,0.8852
14652,2022-08-27,2236,Halton Regional Health Unit,0.1185,288.0,0.47,0.4962,0.6087
14653,2022-08-27,2258,Eastern Ontario Health Unit,0.0997,155.0,0.74,0.7859,0.9414
14654,2022-08-27,2251,City of Ottawa Health Unit,0.1166,487.0,0.46,0.7298,0.8524
14655,2022-08-27,2227,Brant County Health Unit,0.1348,78.0,0.51,0.7335,0.8401
14656,2022-08-27,35,Ontario,0.1233,9790.0,0.66,0.7057,0.8207
14657,2022-08-27,2240,Chatham-Kent Health Unit,0.1177,89.0,0.83,0.828,0.9182
14658,2022-08-27,2262,Thunder Bay District Health Unit,0.1293,179.0,1.19,0.8803,0.9554
14659,2022-08-27,2261,Sudbury and District Health Unit,0.1293,243.0,1.22,0.8984,0.9668
14660,2022-08-27,2257,Renfrew County and District Health Unit,0.1575,96.0,0.89,0.6511,0.9393
14661,2022-08-27,2268,Windsor-Essex County Health Unit,0.1566,361.0,0.85,0.6795,0.8045
14662,2022-08-27,2226,District of Algoma Health Unit,0.1524,85.0,0.75,0.8916,0.9392
14663,2022-08-27,5183,Huron Perth Health Unit,0.0924,124.0,0.89,0.7579,0.9383
14664,2022-08-27,2238,Hastings and Prince Edward Counties Health Unit,0.1675,174.0,1.03,0.9161,0.9471
14665,2022-08-27,2246,Niagara Regional Area Health Unit,0.1504,323.0,0.68,0.642,0.79
14666,2022-08-26,2268,Windsor-Essex County Health Unit,0.1541,371.0,0.87,0.6558,0.8247
14667,2022-08-26,2255,Peterborough County-City Health Unit,0.1091,120.0,0.81,0.8018,0.916
14668,2022-08-26,2262,Thunder Bay District Health Unit,0.1277,179.0,1.19,0.9081,0.9541
14669,2022-08-26,2257,Renfrew County and District Health Unit,0.165,99.0,0.91,0.6574,0.9338
14670,2022-08-26,2244,Middlesex-London Health Unit,0.1362,399.0,0.79,0.7728,0.8703
14671,2022-08-26,2258,Eastern Ontario Health Unit,0.1106,158.0,0.75,0.7954,0.927
14672,2022-08-26,2236,Halton Regional Health Unit,0.1166,283.0,0.46,0.4834,0.5961
14673,2022-08-26,5183,Huron Perth Health Unit,0.0864,124.0,0.89,0.7542,0.9309
14674,2022-08-26,2234,Haldimand-Norfolk Health Unit,0.1397,51.0,0.45,0.6649,0.815
14675,2022-08-26,2226,District of Algoma Health Unit,0.162,86.0,0.76,0.8799,0.9326
14676,2022-08-26,2240,Chatham-Kent Health Unit,0.1195,87.0,0.82,0.7958,0.918
14677,2022-08-26,2270,York Regional Health Unit,0.1087,769.0,0.63,0.5972,0.7127
14678,2022-08-26,2263,Timiskaming Health Unit,0.0438,23.0,0.7,0.7113,0.9227
14679,2022-08-26,2260,Simcoe Muskoka District Health Unit,0.1322,376.0,0.63,0.7074,0.856
14680,2022-08-26,2253,Peel Regional Health Unit,0.0968,872.0,0.54,0.606,0.7337
14681,2022-08-26,2247,North Bay Parry Sound District Health Unit,0.1646,114.0,0.88,0.9005,0.9273
14682,2022-08-26,2246,Niagara Regional Area Health Unit,0.1506,315.0,0.67,0.6305,0.7783
14683,2022-08-26,2241,"Kingston, Frontenac and Lennox and Addington Health Unit",0.2036,176.0,0.83,0.9059,0.9395
14684,2022-08-26,2235,"Haliburton, Kawartha, Pine Ridge District Health Unit",0.1578,123.0,0.65,0.7262,0.8794
14685,2022-08-26,2230,Durham Regional Health Unit,0.0904,472.0,0.66,0.6096,0.7805
14686,2022-08-26,2251,City of Ottawa Health Unit,0.122,487.0,0.46,0.7272,0.8358
14687,2022-08-26,2237,City of Hamilton Health Unit,0.1568,448.0,0.76,0.7839,0.8426
14688,2022-08-26,3895,City of Toronto Health Unit,0.1048,2010.0,0.64,0.7,0.7903
14689,2022-08-26,2238,Hastings and Prince Edward Counties Health Unit,0.1511,166.0,0.99,0.8923,0.9347
14690,2022-08-26,2249,Northwestern Health Unit,0.1909,88.0,1.01,0.8215,0.9099
14691,2022-08-26,2261,Sudbury and District Health Unit,0.127,244.0,1.23,0.8893,0.9619
14692,2022-08-26,2256,Porcupine Health Unit,0.1226,73.0,0.88,0.9031,0.9567
14693,2022-08-26,2227,Brant County Health Unit,0.1408,80.0,0.52,0.7473,0.8473
14694,2022-08-26,2233,Grey Bruce Health Unit,0.1279,99.0,0.59,0.8253,0.9134
14695,2022-08-26,2243,"Leeds, Grenville and Lanark District Health Unit",0.1329,90.0,0.52,0.7618,0.8981
14696,2022-08-26,2242,Lambton Health Unit,0.1558,79.0,0.6,0.7706,0.8917
14697,2022-08-26,4913,Southwestern Public Health,0.134,164.0,0.78,0.8657,0.932
14698,2022-08-26,2266,Wellington-Dufferin-Guelph Health Unit,0.16,172.0,0.55,0.7183,0.8519
14699,2022-08-26,2265,Waterloo Health Unit,0.1473,315.0,0.54,0.5508,0.739
14700,2022-08-26,35,Ontario,0.1243,9809.0,0.66,0.7027,0.8153
14701,2022-08-25,2266,Wellington-Dufferin-Guelph Health Unit,0.1637,168.0,0.54,0.743,0.8645
14702,2022-08-25,2261,Sudbury and District Health Unit,0.1258,228.0,1.15,0.8541,0.9579
14703,2022-08-25,2249,Northwestern Health Unit,0.2027,83.0,0.95,0.7717,0.9117
14704,2022-08-25,2235,"Haliburton, Kawartha, Pine Ridge District Health Unit",0.1611,129.0,0.68,0.7649,0.8872
14705,2022-08-25,2241,"Kingston, Frontenac and Lennox and Addington Health Unit",0.1764,166.0,0.78,0.9093,0.9434
14706,2022-08-25,2243,"Leeds, Grenville and Lanark District Health Unit",0.1194,89.0,0.51,0.7515,0.9021
14707,2022-08-25,2238,Hastings and Prince Edward Counties Health Unit,0.1522,164.0,0.98,0.891,0.9296
14708,2022-08-25,2233,Grey Bruce Health Unit,0.1052,94.0,0.55,0.807,0.8997
14709,2022-08-25,3895,City of Toronto Health Unit,0.1039,2001.0,0.64,0.7001,0.7844
14710,2022-08-25,2227,Brant County Health Unit,0.1315,79.0,0.51,0.7414,0.8397
14711,2022-08-25,2255,Peterborough County-City Health Unit,0.1034,137.0,0.92,0.8207,0.9061
14712,2022-08-25,2268,Windsor-Essex County Health Unit,0.1442,349.0,0.82,0.6288,0.8127
14713,2022-08-25,2265,Waterloo Health Unit,0.1504,308.0,0.53,0.5531,0.7505
14714,2022-08-25,2262,Thunder Bay District Health Unit,0.1302,174.0,1.16,0.8915,0.9544
14715,2022-08-25,2257,Renfrew County and District Health Unit,0.1609,99.0,0.91,0.6652,0.9313
14716,2022-08-25,2253,Peel Regional Health Unit,0.0941,879.0,0.55,0.6174,0.7371
14717,2022-08-25,35,Ontario,0.1231,9770.0,0.66,0.7014,0.8098
14718,2022-08-25,2260,Simcoe Muskoka District Health Unit,0.1273,369.0,0.62,0.7025,0.8395
14719,2022-08-25,2244,Middlesex-London Health Unit,0.1312,405.0,0.8,0.7617,0.8659
14720,2022-08-25,5183,Huron Perth Health Unit,0.0868,117.0,0.84,0.7365,0.9314
14721,2022-08-25,2234,Haldimand-Norfolk Health Unit,0.1197,54.0,0.47,0.6522,0.7935
14722,2022-08-25,2226,District of Algoma Health Unit,0.17,85.0,0.74,0.8787,0.9369
14723,2022-08-25,2240,Chatham-Kent Health Unit,0.1307,82.0,0.77,0.7904,0.9201
14724,2022-08-25,2242,Lambton Health Unit,0.1503,82.0,0.62,0.778,0.9034
14725,2022-08-25,2258,Eastern Ontario Health Unit,0.1128,153.0,0.73,0.8286,0.929
14726,2022-08-25,2230,Durham Regional Health Unit,0.0939,493.0,0.69,0.5829,0.7233
14727,2022-08-25,4913,Southwestern Public Health,0.1374,165.0,0.78,0.8649,0.932
14728,2022-08-25,2251,City of Ottawa Health Unit,0.125,481.0,0.46,0.752,0.8443
14729,2022-08-25,2237,City of Hamilton Health Unit,0.1562,450.0,0.76,0.7907,0.8458
14730,2022-08-25,2236,Halton Regional Health Unit,0.1157,293.0,0.47,0.4731,0.5785
14731,2022-08-25,2247,North Bay Parry Sound District Health Unit,0.1598,114.0,0.88,0.9053,0.939
14732,2022-08-25,2246,Niagara Regional Area Health Unit,0.1526,334.0,0.71,0.6196,0.7625
14733,2022-08-25,2263,Timiskaming Health Unit,0.0796,29.0,0.88,0.7411,0.9239
14734,2022-08-25,2270,York Regional Health Unit,0.1104,754.0,0.62,0.6044,0.7122
14735,2022-08-25,2256,Porcupine Health Unit,0.1215,72.0,0.86,0.8837,0.9535
14736,2022-08-24,2262,Thunder Bay District Health Unit,0.1303,173.0,1.16,0.8717,0.9554
14737,2022-08-24,2265,Waterloo Health Unit,0.1491,302.0,0.52,0.5554,0.742
14738,2022-08-24,2255,Peterborough County-City Health Unit,0.1127,123.0,0.83,0.8066,0.9027
14739,2022-08-24,5183,Huron Perth Health Unit,0.08,114.0,0.82,0.7146,0.9292
14740,2022-08-24,2244,Middlesex-London Health Unit,0.1397,403.0,0.79,0.7647,0.8574
14741,2022-08-24,2247,North Bay Parry Sound District Health Unit,0.1741,112.0,0.87,0.9216,0.9501
14742,2022-08-24,2242,Lambton Health Unit,0.1486,88.0,0.68,0.7723,0.9056
14743,2022-08-24,2236,Halton Regional Health Unit,0.1146,294.0,0.48,0.4699,0.5739
14744,2022-08-24,2266,Wellington-Dufferin-Guelph Health Unit,0.1751,166.0,0.53,0.7432,0.8686
14745,2022-08-24,2258,Eastern Ontario Health Unit,0.1063,156.0,0.75,0.8369,0.925
14746,2022-08-24,2261,Sudbury and District Health Unit,0.129,224.0,1.12,0.8604,0.9604
14747,2022-08-24,2260,Simcoe Muskoka District Health Unit,0.1295,370.0,0.62,0.7075,0.8291
14748,2022-08-24,2257,Renfrew County and District Health Unit,0.1657,100.0,0.92,0.7165,0.9281
14749,2022-08-24,2256,Porcupine Health Unit,0.1194,73.0,0.87,0.8859,0.942
14750,2022-08-24,2249,Northwestern Health Unit,0.2007,87.0,0.99,0.7613,0.9092
14751,2022-08-24,2243,"Leeds, Grenville and Lanark District Health Unit",0.128,94.0,0.54,0.7788,0.9091
14752,2022-08-24,2238,Hastings and Prince Edward Counties Health Unit,0.168,162.0,0.96,0.8932,0.9359
14753,2022-08-24,2233,Grey Bruce Health Unit,0.1132,91.0,0.53,0.8025,0.8974
14754,2022-08-24,2251,City of Ottawa Health Unit,0.1302,490.0,0.47,0.7429,0.838
14755,2022-08-24,3895,City of Toronto Health Unit,0.1075,2006.0,0.64,0.7039,0.78
14756,2022-08-24,2227,Brant County Health Unit,0.1323,81.0,0.52,0.7431,0.8281
14757,2022-08-24,2237,City of Hamilton Health Unit,0.1594,443.0,0.75,0.7938,0.8512
14758,2022-08-24,2246,Niagara Regional Area Health Unit,0.1533,328.0,0.69,0.6295,0.7678
14759,2022-08-24,2240,Chatham-Kent Health Unit,0.1235,81.0,0.76,0.7759,0.9275
14760,2022-08-24,2263,Timiskaming Health Unit,0.0762,30.0,0.92,0.7043,0.914
14761,2022-08-24,2270,York Regional Health Unit,0.1129,760.0,0.62,0.6085,0.707
14762,2022-08-24,2230,Durham Regional Health Unit,0.0914,485.0,0.68,0.5959,0.7233
14763,2022-08-24,2226,District of Algoma Health Unit,0.1711,87.0,0.76,0.8875,0.9382
14764,2022-08-24,2235,"Haliburton, Kawartha, Pine Ridge District Health Unit",0.159,137.0,0.73,0.7926,0.8843
14765,2022-08-24,2241,"Kingston, Frontenac and Lennox and Addington Health Unit",0.1779,161.0,0.76,0.9128,0.9461
14766,2022-08-24,2253,Peel Regional Health Unit,0.0944,894.0,0.56,0.619,0.7332
14767,2022-08-24,35,Ontario,0.1253,9766.0,0.66,0.7039,0.8078
14768,2022-08-24,2234,Haldimand-Norfolk Health Unit,0.1176,53.0,0.47,0.6722,0.8044
14769,2022-08-24,2268,Windsor-Essex County Health Unit,0.1397,344.0,0.81,0.6188,0.8345
14770,2022-08-24,4913,Southwestern Public Health,0.1376,159.0,0.75,0.8645,0.93
14771,2022-08-23,2237,City of Hamilton Health Unit,0.1548,430.0,0.73,0.786,0.8381
14772,2022-08-23,2230,Durham Regional Health Unit,0.085,491.0,0.69,0.6096,0.7056
14773,2022-08-23,2235,"Haliburton, Kawartha, Pine Ridge District Health Unit",0.159,137.0,0.73,0.7534,0.8798
14774,2022-08-23,2246,Niagara Regional Area Health Unit,0.1613,322.0,0.68,0.5836,0.7601
14775,2022-08-23,2253,Peel Regional Health Unit,0.0986,889.0,0.55,0.6157,0.7144
14776,2022-08-23,2260,Simcoe Muskoka District Health Unit,0.1332,367.0,0.61,0.7213,0.8177
14777,2022-08-23,2268,Windsor-Essex County Health Unit,0.138,341.0,0.8,0.5835,0.816
14778,2022-08-23,2266,Wellington-Dufferin-Guelph Health Unit,0.1785,169.0,0.54,0.7253,0.838
14779,2022-08-23,2265,Waterloo Health Unit,0.1604,299.0,0.51,0.5512,0.7251
14780,2022-08-23,2262,Thunder Bay District Health Unit,0.1362,172.0,1.15,0.8769,0.9544
14781,2022-08-23,2261,Sudbury and District Health Unit,0.117,236.0,1.18,0.8148,0.9589
14782,2022-08-23,4913,Southwestern Public Health,0.1352,154.0,0.73,0.8588,0.9256
14783,2022-08-23,2256,Porcupine Health Unit,0.1179,73.0,0.87,0.8774,0.9261
14784,2022-08-23,2257,Renfrew County and District Health Unit,0.1573,104.0,0.96,0.7516,0.9075
14785,2022-08-23,2255,Peterborough County-City Health Unit,0.1193,115.0,0.78,0.8056,0.9115
14786,2022-08-23,2270,York Regional Health Unit,0.1164,767.0,0.63,0.6122,0.6948
14787,2022-08-23,35,Ontario,0.1265,9785.0,0.66,0.7001,0.7967
14788,2022-08-23,2249,Northwestern Health Unit,0.2148,87.0,0.99,0.7589,0.91
14789,2022-08-23,2247,North Bay Parry Sound District Health Unit,0.1743,125.0,0.97,0.889,0.9462
14790,2022-08-23,2244,Middlesex-London Health Unit,0.1337,421.0,0.83,0.7653,0.8639
14791,2022-08-23,2243,"Leeds, Grenville and Lanark District Health Unit",0.1274,98.0,0.56,0.8037,0.9163
14792,2022-08-23,2242,Lambton Health Unit,0.1475,84.0,0.64,0.7479,0.9132
14793,2022-08-23,2241,"Kingston, Frontenac and Lennox and Addington Health Unit",0.1696,161.0,0.76,0.9092,0.9414
14794,2022-08-23,5183,Huron Perth Health Unit,0.0847,118.0,0.84,0.7218,0.9268
14795,2022-08-23,2238,Hastings and Prince Edward Counties Health Unit,0.1677,157.0,0.93,0.8948,0.9353
14796,2022-08-23,2236,Halton Regional Health Unit,0.1213,292.0,0.47,0.4714,0.5502
14797,2022-08-23,2234,Haldimand-Norfolk Health Unit,0.135,52.0,0.45,0.7123,0.8006
14798,2022-08-23,2233,Grey Bruce Health Unit,0.1192,90.0,0.53,0.7673,0.8994
14799,2022-08-23,2258,Eastern Ontario Health Unit,0.0984,155.0,0.74,0.8687,0.9289
14800,2022-08-23,2226,District of Algoma Health Unit,0.1656,88.0,0.77,0.8766,0.9286
14801,2022-08-23,3895,City of Toronto Health Unit,0.1106,2030.0,0.65,0.7032,0.7664
14802,2022-08-23,2251,City of Ottawa Health Unit,0.1313,477.0,0.45,0.756,0.8305
14803,2022-08-23,2240,Chatham-Kent Health Unit,0.1187,82.0,0.77,0.725,0.9117
14804,2022-08-23,2227,Brant County Health Unit,0.1385,84.0,0.54,0.7435,0.8475
14805,2022-08-23,2263,Timiskaming Health Unit,0.0722,26.0,0.79,0.7182,0.9116
14806,2022-08-22,2226,District of Algoma Health Unit,0.1738,86.0,0.75,0.8498,0.9176
14807,2022-08-22,2234,Haldimand-Norfolk Health Unit,0.1472,51.0,0.45,0.6762,0.7679
14808,2022-08-22,5183,Huron Perth Health Unit,0.0814,126.0,0.9,0.7637,0.9281
14809,2022-08-22,35,Ontario,0.1269,9826.0,0.66,0.6989,0.7907
14810,2022-08-22,2257,Renfrew County and District Health Unit,0.1707,94.0,0.86,0.7253,0.9147
14811,2022-08-22,2262,Thunder Bay District Health Unit,0.1494,180.0,1.2,0.8625,0.9447
14812,2022-08-22,2270,York Regional Health Unit,0.1137,785.0,0.64,0.6051,0.6848
14813,2022-08-22,2268,Windsor-Essex County Health Unit,0.1284,337.0,0.79,0.5949,0.8192
14814,2022-08-22,2266,Wellington-Dufferin-Guelph Health Unit,0.1861,164.0,0.53,0.7016,0.8248
14815,2022-08-22,2265,Waterloo Health Unit,0.1586,298.0,0.51,0.5433,0.7098
14816,2022-08-22,2263,Timiskaming Health Unit,0.071,26.0,0.8,0.6695,0.9449
14817,2022-08-22,2261,Sudbury and District Health Unit,0.1185,223.0,1.12,0.8147,0.9594
14818,2022-08-22,4913,Southwestern Public Health,0.1331,149.0,0.71,0.8653,0.9267
14819,2022-08-22,2260,Simcoe Muskoka District Health Unit,0.1412,370.0,0.62,0.7073,0.8096
14820,2022-08-22,2256,Porcupine Health Unit,0.124,73.0,0.87,0.8615,0.926
14821,2022-08-22,2255,Peterborough County-City Health Unit,0.108,122.0,0.82,0.7964,0.9048
14822,2022-08-22,2253,Peel Regional Health Unit,0.0974,883.0,0.55,0.6105,0.6995
14823,2022-08-22,2249,Northwestern Health Unit,0.2203,83.0,0.95,0.7853,0.9267
14824,2022-08-22,2247,North Bay Parry Sound District Health Unit,0.1653,125.0,0.97,0.8966,0.9504
14825,2022-08-22,2246,Niagara Regional Area Health Unit,0.1667,327.0,0.69,0.5786,0.7533
14826,2022-08-22,2244,Middlesex-London Health Unit,0.1298,420.0,0.83,0.7803,0.8621
14827,2022-08-22,2243,"Leeds, Grenville and Lanark District Health Unit",0.1295,96.0,0.55,0.8065,0.9247
14828,2022-08-22,2242,Lambton Health Unit,0.1567,84.0,0.64,0.7325,0.9091
14829,2022-08-22,2241,"Kingston, Frontenac and Lennox and Addington Health Unit",0.1741,164.0,0.77,0.9009,0.931
14830,2022-08-22,2238,Hastings and Prince Edward Counties Health Unit,0.1812,162.0,0.96,0.8948,0.9337
14831,2022-08-22,2236,Halton Regional Health Unit,0.1181,298.0,0.48,0.4705,0.5349
14832,2022-08-22,2235,"Haliburton, Kawartha, Pine Ridge District Health Unit",0.1613,128.0,0.68,0.7345,0.8706
14833,2022-08-22,2233,Grey Bruce Health Unit,0.1106,92.0,0.54,0.7764,0.8961
14834,2022-08-22,2258,Eastern Ontario Health Unit,0.0998,160.0,0.77,0.8771,0.9313
14835,2022-08-22,2230,Durham Regional Health Unit,0.0875,501.0,0.7,0.5861,0.6779
14836,2022-08-22,3895,City of Toronto Health Unit,0.1114,2034.0,0.65,0.7054,0.7623
14837,2022-08-22,2251,City of Ottawa Health Unit,0.1272,491.0,0.47,0.7716,0.8309
14838,2022-08-22,2237,City of Hamilton Health Unit,0.1587,430.0,0.73,0.7971,0.8408
14839,2022-08-22,2240,Chatham-Kent Health Unit,0.1287,91.0,0.86,0.73,0.9042
14840,2022-08-22,2227,Brant County Health Unit,0.1369,82.0,0.53,0.7129,0.8097
14841,2022-08-21,2227,Brant County Health Unit,0.1388,86.0,0.56,0.7271,0.8155
14842,2022-08-21,2233,Grey Bruce Health Unit,0.119,92.0,0.54,0.7631,0.8801
14843,2022-08-21,2238,Hastings and Prince Edward Counties Health Unit,0.1522,161.0,0.96,0.8864,0.9272
14844,2022-08-21,2243,"Leeds, Grenville and Lanark District Health Unit",0.1293,95.0,0.55,0.7632,0.8918
14845,2022-08-21,2256,Porcupine Health Unit,0.1263,71.0,0.85,0.851,0.9125
14846,2022-08-21,2261,Sudbury and District Health Unit,0.1081,235.0,1.18,0.8207,0.9619
14847,2022-08-21,2270,York Regional Health Unit,0.1147,747.0,0.61,0.6164,0.6909
14848,2022-08-21,2268,Windsor-Essex County Health Unit,0.1196,361.0,0.85,0.6014,0.8357
14849,2022-08-21,2265,Waterloo Health Unit,0.1559,300.0,0.51,0.5634,0.7157
14850,2022-08-21,2263,Timiskaming Health Unit,0.0616,30.0,0.92,0.6818,0.9504
14851,2022-08-21,2262,Thunder Bay District Health Unit,0.1416,188.0,1.25,0.8789,0.9499
14852,2022-08-21,4913,Southwestern Public Health,0.1299,153.0,0.72,0.8742,0.933
14853,2022-08-21,2260,Simcoe Muskoka District Health Unit,0.142,360.0,0.6,0.6976,0.7981
14854,2022-08-21,2257,Renfrew County and District Health Unit,0.1487,81.0,0.74,0.7469,0.9323
14855,2022-08-21,2255,Peterborough County-City Health Unit,0.1093,122.0,0.82,0.7897,0.8984
14856,2022-08-21,2253,Peel Regional Health Unit,0.0993,868.0,0.54,0.6042,0.6911
14857,2022-08-21,35,Ontario,0.126,9825.0,0.66,0.7012,0.7907
14858,2022-08-21,2249,Northwestern Health Unit,0.2151,87.0,0.99,0.7895,0.9276
14859,2022-08-21,2247,North Bay Parry Sound District Health Unit,0.162,132.0,1.02,0.9104,0.9691
14860,2022-08-21,2246,Niagara Regional Area Health Unit,0.1688,341.0,0.72,0.5787,0.7505
14861,2022-08-21,2244,Middlesex-London Health Unit,0.1369,443.0,0.87,0.7769,0.8547
14862,2022-08-21,2242,Lambton Health Unit,0.1515,85.0,0.65,0.7223,0.8995
14863,2022-08-21,2241,"Kingston, Frontenac and Lennox and Addington Health Unit",0.1815,156.0,0.73,0.8882,0.9188
14864,2022-08-21,5183,Huron Perth Health Unit,0.0955,130.0,0.93,0.7731,0.9277
14865,2022-08-21,2236,Halton Regional Health Unit,0.1199,295.0,0.48,0.4743,0.5376
14866,2022-08-21,2235,"Haliburton, Kawartha, Pine Ridge District Health Unit",0.1491,124.0,0.65,0.7224,0.8601
14867,2022-08-21,2234,Haldimand-Norfolk Health Unit,0.1382,49.0,0.43,0.696,0.7841
14868,2022-08-21,2258,Eastern Ontario Health Unit,0.1058,159.0,0.76,0.8786,0.9321
14869,2022-08-21,2230,Durham Regional Health Unit,0.0889,498.0,0.7,0.5972,0.6859
14870,2022-08-21,2226,District of Algoma Health Unit,0.1436,78.0,0.68,0.8639,0.9292
14871,2022-08-21,3895,City of Toronto Health Unit,0.1127,2010.0,0.64,0.7027,0.7571
14872,2022-08-21,2251,City of Ottawa Health Unit,0.1255,507.0,0.48,0.7759,0.8355
14873,2022-08-21,2237,City of Hamilton Health Unit,0.1604,447.0,0.76,0.8072,0.8463
14874,2022-08-21,2240,Chatham-Kent Health Unit,0.1306,96.0,0.91,0.743,0.9106
14875,2022-08-21,2266,Wellington-Dufferin-Guelph Health Unit,0.1596,154.0,0.49,0.6923,0.8117
14876,2022-08-20,2251,City of Ottawa Health Unit,0.1254,500.0,0.47,0.7757,0.8325
14877,2022-08-20,2242,Lambton Health Unit,0.1521,82.0,0.62,0.7358,0.9022
14878,2022-08-20,2247,North Bay Parry Sound District Health Unit,0.1615,134.0,1.04,0.9116,0.967
14879,2022-08-20,4913,Southwestern Public Health,0.13,155.0,0.73,0.8752,0.9348
14880,2022-08-20,2265,Waterloo Health Unit,0.1627,302.0,0.52,0.5784,0.7242
14881,2022-08-20,2270,York Regional Health Unit,0.1139,755.0,0.62,0.6057,0.6801
14882,2022-08-20,2268,Windsor-Essex County Health Unit,0.1162,371.0,0.87,0.6018,0.8299
14883,2022-08-20,2266,Wellington-Dufferin-Guelph Health Unit,0.1614,158.0,0.51,0.7087,0.8191
14884,2022-08-20,2263,Timiskaming Health Unit,0.0683,36.0,1.09,0.6831,0.9506
14885,2022-08-20,2262,Thunder Bay District Health Unit,0.1426,192.0,1.28,0.8774,0.9587
14886,2022-08-20,2261,Sudbury and District Health Unit,0.1094,230.0,1.15,0.8277,0.9618
14887,2022-08-20,2260,Simcoe Muskoka District Health Unit,0.1399,360.0,0.6,0.6985,0.7909
14888,2022-08-20,2257,Renfrew County and District Health Unit,0.1393,80.0,0.74,0.7744,0.9455
14889,2022-08-20,2256,Porcupine Health Unit,0.1243,76.0,0.91,0.8533,0.9123
14890,2022-08-20,2255,Peterborough County-City Health Unit,0.1127,123.0,0.83,0.7901,0.8986
14891,2022-08-20,2253,Peel Regional Health Unit,0.1015,849.0,0.53,0.6125,0.6933
14892,2022-08-20,35,Ontario,0.1265,9839.0,0.66,0.7068,0.7909
14893,2022-08-20,2249,Northwestern Health Unit,0.2157,87.0,1.0,0.805,0.9517
14894,2022-08-20,2246,Niagara Regional Area Health Unit,0.1684,338.0,0.71,0.6263,0.7633
14895,2022-08-20,2244,Middlesex-London Health Unit,0.1366,440.0,0.87,0.786,0.864
14896,2022-08-20,2243,"Leeds, Grenville and Lanark District Health Unit",0.1279,94.0,0.54,0.7663,0.9083
14897,2022-08-20,2241,"Kingston, Frontenac and Lennox and Addington Health Unit",0.1859,158.0,0.74,0.8909,0.9193
14898,2022-08-20,5183,Huron Perth Health Unit,0.0972,129.0,0.93,0.7707,0.9228
14899,2022-08-20,2238,Hastings and Prince Edward Counties Health Unit,0.1514,158.0,0.94,0.8878,0.9372
14900,2022-08-20,2236,Halton Regional Health Unit,0.1211,299.0,0.48,0.4789,0.5417
14901,2022-08-20,2235,"Haliburton, Kawartha, Pine Ridge District Health Unit",0.1514,124.0,0.65,0.7346,0.861
14902,2022-08-20,2234,Haldimand-Norfolk Health Unit,0.142,48.0,0.42,0.7181,0.7953
14903,2022-08-20,2233,Grey Bruce Health Unit,0.1157,93.0,0.54,0.7665,0.8824
14904,2022-08-20,2258,Eastern Ontario Health Unit,0.1102,154.0,0.74,0.8839,0.932
14905,2022-08-20,2230,Durham Regional Health Unit,0.0949,497.0,0.7,0.6091,0.6814
14906,2022-08-20,2226,District of Algoma Health Unit,0.1437,76.0,0.66,0.8674,0.9337
14907,2022-08-20,3895,City of Toronto Health Unit,0.1118,2027.0,0.65,0.7025,0.7527
14908,2022-08-20,2237,City of Hamilton Health Unit,0.157,449.0,0.76,0.8101,0.8449
14909,2022-08-20,2240,Chatham-Kent Health Unit,0.1361,100.0,0.94,0.742,0.9096
14910,2022-08-20,2227,Brant County Health Unit,0.1554,85.0,0.54,0.7533,0.8207
14911,2022-08-19,2237,City of Hamilton Health Unit,0.157,450.0,0.76,0.8163,0.8545
14912,2022-08-19,2230,Durham Regional Health Unit,0.0977,502.0,0.7,0.5887,0.6751
14913,2022-08-19,2241,"Kingston, Frontenac and Lennox and Addington Health Unit",0.1823,157.0,0.74,0.8939,0.9234
14914,2022-08-19,2246,Niagara Regional Area Health Unit,0.1651,343.0,0.73,0.6339,0.7715
14915,2022-08-19,2253,Peel Regional Health Unit,0.1025,843.0,0.53,0.6391,0.7104
14916,2022-08-19,2263,Timiskaming Health Unit,0.0779,35.0,1.07,0.6232,0.9372
14917,2022-08-19,2270,York Regional Health Unit,0.1155,751.0,0.61,0.6135,0.6858
14918,2022-08-19,2268,Windsor-Essex County Health Unit,0.1216,368.0,0.87,0.6366,0.8291
14919,2022-08-19,2266,Wellington-Dufferin-Guelph Health Unit,0.1629,156.0,0.5,0.7158,0.8201
14920,2022-08-19,2265,Waterloo Health Unit,0.1711,297.0,0.51,0.5847,0.723
14921,2022-08-19,2262,Thunder Bay District Health Unit,0.1496,194.0,1.29,0.8764,0.96
14922,2022-08-19,2261,Sudbury and District Health Unit,0.1087,231.0,1.16,0.8267,0.965
14923,2022-08-19,4913,Southwestern Public Health,0.1319,151.0,0.71,0.8624,0.9249
14924,2022-08-19,2260,Simcoe Muskoka District Health Unit,0.1369,365.0,0.61,0.7123,0.7988
14925,2022-08-19,2257,Renfrew County and District Health Unit,0.1306,80.0,0.74,0.7416,0.915
14926,2022-08-19,2256,Porcupine Health Unit,0.1236,77.0,0.93,0.8366,0.9165
14927,2022-08-19,2255,Peterborough County-City Health Unit,0.1058,123.0,0.83,0.7751,0.892
14928,2022-08-19,35,Ontario,0.1264,9857.0,0.66,0.7148,0.7985
14929,2022-08-19,2249,Northwestern Health Unit,0.2081,88.0,1.0,0.8138,0.9535
14930,2022-08-19,2247,North Bay Parry Sound District Health Unit,0.1594,134.0,1.04,0.9147,0.9701
14931,2022-08-19,2244,Middlesex-London Health Unit,0.1295,441.0,0.87,0.7978,0.8661
14932,2022-08-19,2243,"Leeds, Grenville and Lanark District Health Unit",0.1469,90.0,0.52,0.7556,0.9126
14933,2022-08-19,2242,Lambton Health Unit,0.1609,83.0,0.63,0.7167,0.8908
14934,2022-08-19,5183,Huron Perth Health Unit,0.1015,129.0,0.93,0.7464,0.9315
14935,2022-08-19,2238,Hastings and Prince Edward Counties Health Unit,0.1544,163.0,0.97,0.9084,0.9468
14936,2022-08-19,2236,Halton Regional Health Unit,0.1187,305.0,0.49,0.4782,0.5445
14937,2022-08-19,2235,"Haliburton, Kawartha, Pine Ridge District Health Unit",0.1447,123.0,0.65,0.7483,0.8695
14938,2022-08-19,2234,Haldimand-Norfolk Health Unit,0.1287,49.0,0.43,0.7093,0.7955
14939,2022-08-19,2233,Grey Bruce Health Unit,0.1178,90.0,0.53,0.7767,0.8915
14940,2022-08-19,2258,Eastern Ontario Health Unit,0.099,152.0,0.73,0.8849,0.9429
14941,2022-08-19,2226,District of Algoma Health Unit,0.1375,76.0,0.66,0.8765,0.9418
14942,2022-08-19,3895,City of Toronto Health Unit,0.1111,2037.0,0.65,0.7195,0.7674
14943,2022-08-19,2251,City of Ottawa Health Unit,0.1232,507.0,0.48,0.7818,0.8477
14944,2022-08-19,2240,Chatham-Kent Health Unit,0.1391,104.0,0.98,0.74,0.9172
14945,2022-08-19,2227,Brant County Health Unit,0.1619,85.0,0.55,0.6922,0.8378
14946,2022-08-18,2240,Chatham-Kent Health Unit,0.1273,107.0,1.0,0.7378,0.9189
14947,2022-08-18,2226,District of Algoma Health Unit,0.134,85.0,0.75,0.8921,0.946
14948,2022-08-18,2234,Haldimand-Norfolk Health Unit,0.1441,48.0,0.42,0.7039,0.8017
14949,2022-08-18,2244,Middlesex-London Health Unit,0.1303,445.0,0.88,0.8216,0.8799
14950,2022-08-18,35,Ontario,0.1282,9905.0,0.67,0.7221,0.8084
14951,2022-08-18,2257,Renfrew County and District Health Unit,0.1421,77.0,0.71,0.7445,0.921
14952,2022-08-18,2268,Windsor-Essex County Health Unit,0.1228,367.0,0.86,0.6704,0.8533
14953,2022-08-18,2270,York Regional Health Unit,0.1157,760.0,0.62,0.6207,0.6945
14954,2022-08-18,2266,Wellington-Dufferin-Guelph Health Unit,0.1655,159.0,0.51,0.6898,0.8141
14955,2022-08-18,2265,Waterloo Health Unit,0.178,303.0,0.52,0.5989,0.7279
14956,2022-08-18,2263,Timiskaming Health Unit,0.0537,29.0,0.9,0.6291,0.9437
14957,2022-08-18,2262,Thunder Bay District Health Unit,0.1629,202.0,1.35,0.8941,0.9645
14958,2022-08-18,2261,Sudbury and District Health Unit,0.1047,243.0,1.22,0.8834,0.9705
14959,2022-08-18,4913,Southwestern Public Health,0.1401,146.0,0.69,0.8563,0.9253
14960,2022-08-18,2260,Simcoe Muskoka District Health Unit,0.1398,371.0,0.62,0.7112,0.81
14961,2022-08-18,2256,Porcupine Health Unit,0.1298,75.0,0.9,0.8411,0.9167
14962,2022-08-18,2255,Peterborough County-City Health Unit,0.1147,116.0,0.78,0.7849,0.9022
14963,2022-08-18,2253,Peel Regional Health Unit,0.1045,842.0,0.52,0.6296,0.7106
14964,2022-08-18,2249,Northwestern Health Unit,0.1949,89.0,1.02,0.8562,0.9408
14965,2022-08-18,2247,North Bay Parry Sound District Health Unit,0.1747,136.0,1.05,0.92,0.9699
14966,2022-08-18,2246,Niagara Regional Area Health Unit,0.1717,329.0,0.7,0.6214,0.7806
14967,2022-08-18,2243,"Leeds, Grenville and Lanark District Health Unit",0.1407,96.0,0.56,0.7534,0.9107
14968,2022-08-18,2242,Lambton Health Unit,0.1641,83.0,0.63,0.7243,0.8831
14969,2022-08-18,2241,"Kingston, Frontenac and Lennox and Addington Health Unit",0.1854,149.0,0.7,0.8925,0.924
14970,2022-08-18,5183,Huron Perth Health Unit,0.11,134.0,0.96,0.7417,0.9357
14971,2022-08-18,2238,Hastings and Prince Edward Counties Health Unit,0.1464,171.0,1.01,0.9215,0.9591
14972,2022-08-18,2236,Halton Regional Health Unit,0.1187,297.0,0.48,0.4928,0.5723
14973,2022-08-18,2235,"Haliburton, Kawartha, Pine Ridge District Health Unit",0.1447,123.0,0.65,0.7585,0.8871
14974,2022-08-18,2233,Grey Bruce Health Unit,0.1194,90.0,0.53,0.7942,0.8987
14975,2022-08-18,2258,Eastern Ontario Health Unit,0.098,150.0,0.72,0.8727,0.9399
14976,2022-08-18,2230,Durham Regional Health Unit,0.0999,485.0,0.68,0.6391,0.7411
14977,2022-08-18,3895,City of Toronto Health Unit,0.1128,2071.0,0.66,0.722,0.7778
14978,2022-08-18,2251,City of Ottawa Health Unit,0.1237,510.0,0.48,0.7752,0.8456
14979,2022-08-18,2237,City of Hamilton Health Unit,0.1598,452.0,0.76,0.8141,0.856
14980,2022-08-18,2227,Brant County Health Unit,0.1672,86.0,0.56,0.6672,0.8071
14981,2022-08-17,3895,City of Toronto Health Unit,0.114,2066.0,0.66,0.7116,0.7718
14982,2022-08-17,2233,Grey Bruce Health Unit,0.1123,93.0,0.55,0.7948,0.9061
14983,2022-08-17,2238,Hastings and Prince Edward Counties Health Unit,0.135,177.0,1.05,0.9143,0.9491
14984,2022-08-17,2249,Northwestern Health Unit,0.1924,87.0,0.99,0.8943,0.9497
14985,2022-08-17,2256,Porcupine Health Unit,0.1327,72.0,0.86,0.8419,0.922
14986,2022-08-17,2261,Sudbury and District Health Unit,0.1008,237.0,1.19,0.8577,0.9702
14987,2022-08-17,2270,York Regional Health Unit,0.1162,769.0,0.63,0.6252,0.7003
14988,2022-08-17,2268,Windsor-Essex County Health Unit,0.1308,373.0,0.88,0.698,0.8434
14989,2022-08-17,2266,Wellington-Dufferin-Guelph Health Unit,0.1589,160.0,0.51,0.6812,0.8026
14990,2022-08-17,2265,Waterloo Health Unit,0.1757,305.0,0.52,0.5878,0.7116
14991,2022-08-17,2263,Timiskaming Health Unit,0.0616,30.0,0.92,0.6739,0.9609
14992,2022-08-17,2262,Thunder Bay District Health Unit,0.158,209.0,1.39,0.9052,0.9609
14993,2022-08-17,4913,Southwestern Public Health,0.1369,147.0,0.7,0.8672,0.9278
14994,2022-08-17,2260,Simcoe Muskoka District Health Unit,0.1465,373.0,0.62,0.7055,0.8195
14995,2022-08-17,2257,Renfrew County and District Health Unit,0.1293,75.0,0.69,0.7455,0.9238
14996,2022-08-17,2255,Peterborough County-City Health Unit,0.1085,117.0,0.79,0.7925,0.8893
14997,2022-08-17,2253,Peel Regional Health Unit,0.1037,824.0,0.51,0.6369,0.7143
14998,2022-08-17,35,Ontario,0.1283,9952.0,0.67,0.7217,0.8075
14999,2022-08-17,2247,North Bay Parry Sound District Health Unit,0.1628,142.0,1.1,0.9183,0.9717
15000,2022-08-17,2246,Niagara Regional Area Health Unit,0.1716,324.0,0.69,0.6184,0.7843
15001,2022-08-17,2244,Middlesex-London Health Unit,0.1231,439.0,0.86,0.8302,0.8921
15002,2022-08-17,2243,"Leeds, Grenville and Lanark District Health Unit",0.1472,94.0,0.54,0.7304,0.8948
15003,2022-08-17,2242,Lambton Health Unit,0.1735,81.0,0.62,0.736,0.8795
15004,2022-08-17,2241,"Kingston, Frontenac and Lennox and Addington Health Unit",0.1929,161.0,0.76,0.8954,0.9261
15005,2022-08-17,5183,Huron Perth Health Unit,0.1084,137.0,0.98,0.7543,0.9359
15006,2022-08-17,2236,Halton Regional Health Unit,0.1182,301.0,0.49,0.5029,0.5778
15007,2022-08-17,2235,"Haliburton, Kawartha, Pine Ridge District Health Unit",0.1492,116.0,0.61,0.7623,0.8922
15008,2022-08-17,2234,Haldimand-Norfolk Health Unit,0.1433,49.0,0.43,0.7135,0.8138
15009,2022-08-17,2258,Eastern Ontario Health Unit,0.1001,144.0,0.69,0.8876,0.9521
15010,2022-08-17,2230,Durham Regional Health Unit,0.105,497.0,0.7,0.624,0.742
15011,2022-08-17,2226,District of Algoma Health Unit,0.1306,86.0,0.76,0.9003,0.9485
15012,2022-08-17,2251,City of Ottawa Health Unit,0.1229,518.0,0.49,0.7749,0.8387
15013,2022-08-17,2237,City of Hamilton Health Unit,0.159,461.0,0.78,0.8099,0.8526
15014,2022-08-17,2240,Chatham-Kent Health Unit,0.1398,112.0,1.06,0.7541,0.9197
15015,2022-08-17,2227,Brant County Health Unit,0.1667,98.0,0.63,0.6971,0.8186
15016,2022-08-16,2258,Eastern Ontario Health Unit,0.1048,140.0,0.67,0.8747,0.9459
15017,2022-08-16,2236,Halton Regional Health Unit,0.1188,299.0,0.48,0.4866,0.5734
15018,2022-08-16,2242,Lambton Health Unit,0.1824,85.0,0.65,0.7691,0.8819
15019,2022-08-16,2255,Peterborough County-City Health Unit,0.1165,114.0,0.77,0.8287,0.8774
15020,2022-08-16,4913,Southwestern Public Health,0.1313,160.0,0.76,0.8381,0.9248
15021,2022-08-16,2265,Waterloo Health Unit,0.1705,297.0,0.51,0.5853,0.713
15022,2022-08-16,2270,York Regional Health Unit,0.1151,778.0,0.64,0.6132,0.7004
15023,2022-08-16,2268,Windsor-Essex County Health Unit,0.1258,382.0,0.9,0.7128,0.8553
15024,2022-08-16,2266,Wellington-Dufferin-Guelph Health Unit,0.1568,161.0,0.52,0.6934,0.8153
15025,2022-08-16,2263,Timiskaming Health Unit,0.0601,33.0,1.02,0.6941,0.9726
15026,2022-08-16,2262,Thunder Bay District Health Unit,0.1613,201.0,1.34,0.8971,0.9553
15027,2022-08-16,2261,Sudbury and District Health Unit,0.1042,237.0,1.19,0.8246,0.9657
15028,2022-08-16,2260,Simcoe Muskoka District Health Unit,0.1531,376.0,0.63,0.6945,0.8142
15029,2022-08-16,2257,Renfrew County and District Health Unit,0.1359,74.0,0.68,0.7717,0.9283
15030,2022-08-16,2256,Porcupine Health Unit,0.129,68.0,0.81,0.8249,0.9322
15031,2022-08-16,2253,Peel Regional Health Unit,0.1025,835.0,0.52,0.6425,0.714
15032,2022-08-16,35,Ontario,0.129,10062.0,0.68,0.722,0.808
15033,2022-08-16,2249,Northwestern Health Unit,0.181,84.0,0.96,0.8945,0.9514
15034,2022-08-16,2247,North Bay Parry Sound District Health Unit,0.162,137.0,1.05,0.9459,0.9751
15035,2022-08-16,2246,Niagara Regional Area Health Unit,0.1639,335.0,0.71,0.6486,0.7649
15036,2022-08-16,2244,Middlesex-London Health Unit,0.1372,420.0,0.83,0.8086,0.8658
15037,2022-08-16,2243,"Leeds, Grenville and Lanark District Health Unit",0.1468,93.0,0.54,0.6754,0.8884
15038,2022-08-16,2241,"Kingston, Frontenac and Lennox and Addington Health Unit",0.2049,157.0,0.74,0.898,0.9291
15039,2022-08-16,5183,Huron Perth Health Unit,0.1092,135.0,0.96,0.7427,0.933
15040,2022-08-16,2238,Hastings and Prince Edward Counties Health Unit,0.1353,178.0,1.06,0.9141,0.9493
15041,2022-08-16,2235,"Haliburton, Kawartha, Pine Ridge District Health Unit",0.1496,113.0,0.6,0.7932,0.8784
15042,2022-08-16,2234,Haldimand-Norfolk Health Unit,0.1487,49.0,0.43,0.7045,0.8068
15043,2022-08-16,2233,Grey Bruce Health Unit,0.1097,99.0,0.58,0.8156,0.9008
15044,2022-08-16,2230,Durham Regional Health Unit,0.1181,486.0,0.68,0.6216,0.7363
15045,2022-08-16,2226,District of Algoma Health Unit,0.1293,83.0,0.72,0.9184,0.9494
15046,2022-08-16,3895,City of Toronto Health Unit,0.1109,2129.0,0.68,0.7132,0.7803
15047,2022-08-16,2251,City of Ottawa Health Unit,0.1251,556.0,0.53,0.7779,0.8477
15048,2022-08-16,2237,City of Hamilton Health Unit,0.1643,471.0,0.8,0.8043,0.8502
15049,2022-08-16,2240,Chatham-Kent Health Unit,0.1469,116.0,1.09,0.7659,0.9202
15050,2022-08-16,2227,Brant County Health Unit,0.1674,101.0,0.65,0.7052,0.8071
15051,2022-08-15,2237,City of Hamilton Health Unit,0.1622,483.0,0.82,0.8077,0.854
15052,2022-08-15,2235,"Haliburton, Kawartha, Pine Ridge District Health Unit",0.1348,120.0,0.63,0.7982,0.8693
15053,2022-08-15,2241,"Kingston, Frontenac and Lennox and Addington Health Unit",0.2036,166.0,0.78,0.9007,0.9341
15054,2022-08-15,2246,Niagara Regional Area Health Unit,0.1567,331.0,0.7,0.6499,0.7601
15055,2022-08-15,2260,Simcoe Muskoka District Health Unit,0.1464,372.0,0.62,0.6986,0.8195
15056,2022-08-15,2263,Timiskaming Health Unit,0.0563,33.0,1.01,0.7299,0.9138
15057,2022-08-15,2270,York Regional Health Unit,0.115,775.0,0.63,0.6237,0.7162
15058,2022-08-15,2268,Windsor-Essex County Health Unit,0.1327,382.0,0.9,0.6954,0.8626
15059,2022-08-15,2266,Wellington-Dufferin-Guelph Health Unit,0.1581,158.0,0.51,0.6982,0.8156
15060,2022-08-15,2265,Waterloo Health Unit,0.1719,292.0,0.5,0.6123,0.731
15061,2022-08-15,2262,Thunder Bay District Health Unit,0.1537,197.0,1.31,0.893,0.9484
15062,2022-08-15,2261,Sudbury and District Health Unit,0.0941,257.0,1.29,0.827,0.9628
15063,2022-08-15,4913,Southwestern Public Health,0.1316,166.0,0.79,0.8259,0.9235
15064,2022-08-15,2257,Renfrew County and District Health Unit,0.1032,71.0,0.65,0.8034,0.9239
15065,2022-08-15,2256,Porcupine Health Unit,0.1311,64.0,0.77,0.8186,0.9167
15066,2022-08-15,2255,Peterborough County-City Health Unit,0.1161,114.0,0.77,0.8285,0.8815
15067,2022-08-15,2253,Peel Regional Health Unit,0.105,840.0,0.52,0.6518,0.7243
15068,2022-08-15,35,Ontario,0.1276,10159.0,0.68,0.7253,0.8119
15069,2022-08-15,2249,Northwestern Health Unit,0.1541,83.0,0.95,0.873,0.9445
15070,2022-08-15,2247,North Bay Parry Sound District Health Unit,0.1555,139.0,1.07,0.9415,0.9742
15071,2022-08-15,2244,Middlesex-London Health Unit,0.1348,404.0,0.8,0.7943,0.8599
15072,2022-08-15,2243,"Leeds, Grenville and Lanark District Health Unit",0.138,93.0,0.54,0.6755,0.8867
15073,2022-08-15,2242,Lambton Health Unit,0.1644,84.0,0.64,0.7816,0.8883
15074,2022-08-15,5183,Huron Perth Health Unit,0.1201,131.0,0.94,0.7301,0.9299
15075,2022-08-15,2238,Hastings and Prince Edward Counties Health Unit,0.1214,177.0,1.05,0.9167,0.9534
15076,2022-08-15,2236,Halton Regional Health Unit,0.1204,299.0,0.48,0.5033,0.5848
15077,2022-08-15,2234,Haldimand-Norfolk Health Unit,0.1236,52.0,0.46,0.7396,0.8421
15078,2022-08-15,2233,Grey Bruce Health Unit,0.1346,102.0,0.6,0.8038,0.908
15079,2022-08-15,2258,Eastern Ontario Health Unit,0.1058,140.0,0.67,0.8683,0.9288
15080,2022-08-15,2230,Durham Regional Health Unit,0.1132,494.0,0.69,0.6361,0.7487
15081,2022-08-15,2226,District of Algoma Health Unit,0.1195,88.0,0.77,0.9176,0.9407
15082,2022-08-15,3895,City of Toronto Health Unit,0.1123,2186.0,0.7,0.7188,0.7867
15083,2022-08-15,2251,City of Ottawa Health Unit,0.13,565.0,0.54,0.7776,0.8425
15084,2022-08-15,2240,Chatham-Kent Health Unit,0.134,111.0,1.04,0.7808,0.9244
15085,2022-08-15,2227,Brant County Health Unit,0.1612,105.0,0.67,0.7272,0.8253
15086,2022-08-14,2240,Chatham-Kent Health Unit,0.1578,110.0,1.04,0.7795,0.9301
15087,2022-08-14,2226,District of Algoma Health Unit,0.1148,87.0,0.76,0.9092,0.9385
15088,2022-08-14,5183,Huron Perth Health Unit,0.105,132.0,0.94,0.7397,0.952
15089,2022-08-14,2244,Middlesex-London Health Unit,0.1369,371.0,0.73,0.8122,0.877
15090,2022-08-14,35,Ontario,0.1287,10182.0,0.69,0.7308,0.8194
15091,2022-08-14,2262,Thunder Bay District Health Unit,0.1535,190.0,1.27,0.8734,0.9455
15092,2022-08-14,2268,Windsor-Essex County Health Unit,0.1409,388.0,0.91,0.6965,0.8533
15093,2022-08-14,2270,York Regional Health Unit,0.1133,808.0,0.66,0.6238,0.7221
15094,2022-08-14,2266,Wellington-Dufferin-Guelph Health Unit,0.1561,159.0,0.51,0.7259,0.8381
15095,2022-08-14,2265,Waterloo Health Unit,0.1793,292.0,0.5,0.6078,0.7329
15096,2022-08-14,2263,Timiskaming Health Unit,0.0674,28.0,0.84,0.7066,0.9042
15097,2022-08-14,2261,Sudbury and District Health Unit,0.0933,272.0,1.37,0.8247,0.9637
15098,2022-08-14,4913,Southwestern Public Health,0.1268,160.0,0.76,0.829,0.9321
15099,2022-08-14,2260,Simcoe Muskoka District Health Unit,0.1466,368.0,0.61,0.7191,0.8372
15100,2022-08-14,2257,Renfrew County and District Health Unit,0.1235,71.0,0.65,0.8044,0.9133
15101,2022-08-14,2256,Porcupine Health Unit,0.1508,57.0,0.68,0.8481,0.9558
15102,2022-08-14,2255,Peterborough County-City Health Unit,0.1144,111.0,0.75,0.8347,0.8871
15103,2022-08-14,2253,Peel Regional Health Unit,0.0999,854.0,0.53,0.6581,0.7315
15104,2022-08-14,2249,Northwestern Health Unit,0.1502,78.0,0.89,0.8615,0.9424
15105,2022-08-14,2247,North Bay Parry Sound District Health Unit,0.1473,146.0,1.13,0.9501,0.977
15106,2022-08-14,2246,Niagara Regional Area Health Unit,0.1514,311.0,0.66,0.6496,0.7704
15107,2022-08-14,2243,"Leeds, Grenville and Lanark District Health Unit",0.1541,98.0,0.57,0.7132,0.9189
15108,2022-08-14,2242,Lambton Health Unit,0.1843,84.0,0.64,0.7912,0.8973
15109,2022-08-14,2241,"Kingston, Frontenac and Lennox and Addington Health Unit",0.2055,161.0,0.76,0.9068,0.9443
15110,2022-08-14,2238,Hastings and Prince Edward Counties Health Unit,0.1351,177.0,1.05,0.9233,0.9592
15111,2022-08-14,2236,Halton Regional Health Unit,0.131,309.0,0.5,0.505,0.5905
15112,2022-08-14,2235,"Haliburton, Kawartha, Pine Ridge District Health Unit",0.1372,119.0,0.63,0.8082,0.8772
15113,2022-08-14,2234,Haldimand-Norfolk Health Unit,0.1326,52.0,0.45,0.7291,0.838
15114,2022-08-14,2233,Grey Bruce Health Unit,0.1505,102.0,0.6,0.8068,0.9309
15115,2022-08-14,2258,Eastern Ontario Health Unit,0.1056,146.0,0.7,0.8685,0.9272
15116,2022-08-14,2230,Durham Regional Health Unit,0.1155,481.0,0.68,0.6434,0.7605
15117,2022-08-14,3895,City of Toronto Health Unit,0.1118,2236.0,0.72,0.7284,0.7982
15118,2022-08-14,2251,City of Ottawa Health Unit,0.1412,561.0,0.53,0.7737,0.8419
15119,2022-08-14,2237,City of Hamilton Health Unit,0.1579,478.0,0.81,0.8029,0.8511
15120,2022-08-14,2227,Brant County Health Unit,0.165,101.0,0.65,0.7182,0.8181
15121,2022-08-13,3895,City of Toronto Health Unit,0.1129,2261.0,0.72,0.7364,0.8061
15122,2022-08-13,2233,Grey Bruce Health Unit,0.1501,102.0,0.6,0.7838,0.9243
15123,2022-08-13,2243,"Leeds, Grenville and Lanark District Health Unit",0.1542,99.0,0.57,0.7026,0.9038
15124,2022-08-13,2249,Northwestern Health Unit,0.1436,79.0,0.9,0.8876,0.9419
15125,2022-08-13,2256,Porcupine Health Unit,0.1524,53.0,0.64,0.8515,0.9608
15126,2022-08-13,2266,Wellington-Dufferin-Guelph Health Unit,0.1604,159.0,0.51,0.7196,0.8403
15127,2022-08-13,2270,York Regional Health Unit,0.1121,808.0,0.66,0.6451,0.7416
15128,2022-08-13,2268,Windsor-Essex County Health Unit,0.1487,386.0,0.91,0.6803,0.8642
15129,2022-08-13,2265,Waterloo Health Unit,0.1765,279.0,0.48,0.5997,0.7357
15130,2022-08-13,2263,Timiskaming Health Unit,0.0577,22.0,0.68,0.6988,0.8976
15131,2022-08-13,2262,Thunder Bay District Health Unit,0.157,187.0,1.24,0.8882,0.9495
15132,2022-08-13,2261,Sudbury and District Health Unit,0.0929,274.0,1.38,0.7429,0.9622
15133,2022-08-13,4913,Southwestern Public Health,0.1304,158.0,0.75,0.8287,0.9308
15134,2022-08-13,2260,Simcoe Muskoka District Health Unit,0.1429,372.0,0.62,0.7203,0.8368
15135,2022-08-13,2257,Renfrew County and District Health Unit,0.1297,65.0,0.6,0.8009,0.9097
15136,2022-08-13,2255,Peterborough County-City Health Unit,0.1048,113.0,0.76,0.8502,0.8948
15137,2022-08-13,2253,Peel Regional Health Unit,0.0961,861.0,0.54,0.6575,0.7309
15138,2022-08-13,35,Ontario,0.1285,10199.0,0.69,0.7307,0.8241
15139,2022-08-13,2247,North Bay Parry Sound District Health Unit,0.1411,148.0,1.14,0.9365,0.9795
15140,2022-08-13,2246,Niagara Regional Area Health Unit,0.1516,308.0,0.65,0.6515,0.7751
15141,2022-08-13,2244,Middlesex-London Health Unit,0.1344,369.0,0.73,0.8159,0.88
15142,2022-08-13,2242,Lambton Health Unit,0.1854,86.0,0.66,0.7805,0.896
15143,2022-08-13,2241,"Kingston, Frontenac and Lennox and Addington Health Unit",0.2033,162.0,0.76,0.9005,0.9418
15144,2022-08-13,5183,Huron Perth Health Unit,0.1074,129.0,0.92,0.7426,0.9595
15145,2022-08-13,2238,Hastings and Prince Edward Counties Health Unit,0.1326,180.0,1.07,0.9314,0.9567
15146,2022-08-13,2236,Halton Regional Health Unit,0.1307,303.0,0.49,0.5113,0.5944
15147,2022-08-13,2235,"Haliburton, Kawartha, Pine Ridge District Health Unit",0.134,123.0,0.65,0.8071,0.8792
15148,2022-08-13,2234,Haldimand-Norfolk Health Unit,0.1459,53.0,0.46,0.7209,0.8374
15149,2022-08-13,2258,Eastern Ontario Health Unit,0.104,148.0,0.71,0.8688,0.9256
15150,2022-08-13,2230,Durham Regional Health Unit,0.1127,478.0,0.67,0.6328,0.7465
15151,2022-08-13,2226,District of Algoma Health Unit,0.1123,90.0,0.79,0.887,0.9359
15152,2022-08-13,2251,City of Ottawa Health Unit,0.1447,572.0,0.54,0.7715,0.8467
15153,2022-08-13,2237,City of Hamilton Health Unit,0.1603,476.0,0.8,0.8138,0.8638
15154,2022-08-13,2240,Chatham-Kent Health Unit,0.1533,105.0,0.99,0.7699,0.9344
15155,2022-08-13,2227,Brant County Health Unit,0.1576,105.0,0.68,0.7178,0.8182
15156,2022-08-12,2251,City of Ottawa Health Unit,0.1485,572.0,0.54,0.782,0.8524
15157,2022-08-12,2258,Eastern Ontario Health Unit,0.107,150.0,0.72,0.8574,0.9082
15158,2022-08-12,2236,Halton Regional Health Unit,0.1351,300.0,0.49,0.5147,0.6069
15159,2022-08-12,2247,North Bay Parry Sound District Health Unit,0.1369,145.0,1.12,0.9306,0.9779
15160,2022-08-12,2255,Peterborough County-City Health Unit,0.1014,123.0,0.83,0.8579,0.8964
15161,2022-08-12,4913,Southwestern Public Health,0.1252,161.0,0.76,0.8471,0.9409
15162,2022-08-12,2270,York Regional Health Unit,0.116,809.0,0.66,0.6519,0.7547
15163,2022-08-12,2268,Windsor-Essex County Health Unit,0.1438,384.0,0.9,0.6451,0.8609
15164,2022-08-12,2266,Wellington-Dufferin-Guelph Health Unit,0.1615,157.0,0.5,0.7067,0.8366
15165,2022-08-12,2265,Waterloo Health Unit,0.1749,282.0,0.48,0.6264,0.7588
15166,2022-08-12,2263,Timiskaming Health Unit,0.0438,23.0,0.7,0.7143,0.9006
15167,2022-08-12,2262,Thunder Bay District Health Unit,0.1516,184.0,1.23,0.8899,0.9515
15168,2022-08-12,2261,Sudbury and District Health Unit,0.0924,283.0,1.42,0.7428,0.9651
15169,2022-08-12,2260,Simcoe Muskoka District Health Unit,0.1468,369.0,0.61,0.7314,0.8429
15170,2022-08-12,2257,Renfrew County and District Health Unit,0.1247,61.0,0.56,0.8292,0.9381
15171,2022-08-12,2256,Porcupine Health Unit,0.1536,51.0,0.61,0.87,0.9536
15172,2022-08-12,2253,Peel Regional Health Unit,0.097,872.0,0.54,0.6616,0.7378
15173,2022-08-12,35,Ontario,0.1294,10225.0,0.69,0.7339,0.8277
15174,2022-08-12,2249,Northwestern Health Unit,0.1507,76.0,0.87,0.848,0.9357
15175,2022-08-12,2246,Niagara Regional Area Health Unit,0.1545,312.0,0.66,0.682,0.7927
15176,2022-08-12,2244,Middlesex-London Health Unit,0.1408,369.0,0.73,0.8277,0.8945
15177,2022-08-12,2243,"Leeds, Grenville and Lanark District Health Unit",0.1359,100.0,0.58,0.7179,0.9065
15178,2022-08-12,2242,Lambton Health Unit,0.1749,87.0,0.66,0.7876,0.8963
15179,2022-08-12,2241,"Kingston, Frontenac and Lennox and Addington Health Unit",0.2111,162.0,0.76,0.9041,0.9489
15180,2022-08-12,5183,Huron Perth Health Unit,0.1066,133.0,0.95,0.7693,0.9573
15181,2022-08-12,2238,Hastings and Prince Edward Counties Health Unit,0.1345,175.0,1.04,0.9292,0.9522
15182,2022-08-12,2235,"Haliburton, Kawartha, Pine Ridge District Health Unit",0.1324,127.0,0.67,0.8048,0.8783
15183,2022-08-12,2234,Haldimand-Norfolk Health Unit,0.1471,52.0,0.46,0.7531,0.8628
15184,2022-08-12,2233,Grey Bruce Health Unit,0.1495,105.0,0.62,0.792,0.9248
15185,2022-08-12,2230,Durham Regional Health Unit,0.1099,484.0,0.68,0.6265,0.7503
15186,2022-08-12,2226,District of Algoma Health Unit,0.1092,90.0,0.79,0.8792,0.9275
15187,2022-08-12,3895,City of Toronto Health Unit,0.1151,2253.0,0.72,0.7344,0.804
15188,2022-08-12,2237,City of Hamilton Health Unit,0.1624,478.0,0.81,0.8141,0.865
15189,2022-08-12,2240,Chatham-Kent Health Unit,0.1488,104.0,0.98,0.8029,0.9266
15190,2022-08-12,2227,Brant County Health Unit,0.1579,106.0,0.68,0.7762,0.8067
15191,2022-08-11,2230,Durham Regional Health Unit,0.1121,485.0,0.68,0.609,0.742
15192,2022-08-11,2235,"Haliburton, Kawartha, Pine Ridge District Health Unit",0.1273,134.0,0.71,0.7811,0.888
15193,2022-08-11,2241,"Kingston, Frontenac and Lennox and Addington Health Unit",0.2173,165.0,0.78,0.895,0.9381
15194,2022-08-11,2253,Peel Regional Health Unit,0.099,883.0,0.55,0.6713,0.7464
15195,2022-08-11,2260,Simcoe Muskoka District Health Unit,0.1454,367.0,0.61,0.7394,0.8388
15196,2022-08-11,2263,Timiskaming Health Unit,0.0427,23.0,0.72,0.7278,0.8994
15197,2022-08-11,2270,York Regional Health Unit,0.1123,818.0,0.67,0.6535,0.762
15198,2022-08-11,2268,Windsor-Essex County Health Unit,0.1412,383.0,0.9,0.6317,0.843
15199,2022-08-11,2266,Wellington-Dufferin-Guelph Health Unit,0.1594,160.0,0.51,0.7199,0.844
15200,2022-08-11,2265,Waterloo Health Unit,0.1739,284.0,0.49,0.6121,0.7534
15201,2022-08-11,2262,Thunder Bay District Health Unit,0.1369,172.0,1.15,0.8555,0.9282
15202,2022-08-11,2261,Sudbury and District Health Unit,0.0864,322.0,1.62,0.7092,0.9652
15203,2022-08-11,4913,Southwestern Public Health,0.1163,176.0,0.83,0.8493,0.9353
15204,2022-08-11,2257,Renfrew County and District Health Unit,0.1127,61.0,0.56,0.8365,0.9351
15205,2022-08-11,2256,Porcupine Health Unit,0.1352,51.0,0.61,0.8617,0.9366
15206,2022-08-11,2255,Peterborough County-City Health Unit,0.0994,116.0,0.79,0.8537,0.9067
15207,2022-08-11,35,Ontario,0.1285,10383.0,0.7,0.7308,0.8267
15208,2022-08-11,2249,Northwestern Health Unit,0.1417,74.0,0.84,0.8155,0.9362
15209,2022-08-11,2247,North Bay Parry Sound District Health Unit,0.1247,135.0,1.04,0.9164,0.9752
15210,2022-08-11,2246,Niagara Regional Area Health Unit,0.1481,327.0,0.69,0.7079,0.805
15211,2022-08-11,2244,Middlesex-London Health Unit,0.1401,377.0,0.74,0.7838,0.8721
15212,2022-08-11,2243,"Leeds, Grenville and Lanark District Health Unit",0.1544,103.0,0.59,0.6625,0.8174
15213,2022-08-11,2242,Lambton Health Unit,0.1647,86.0,0.66,0.7744,0.8945
15214,2022-08-11,5183,Huron Perth Health Unit,0.0948,130.0,0.93,0.808,0.9534
15215,2022-08-11,2238,Hastings and Prince Edward Counties Health Unit,0.1316,169.0,1.0,0.9243,0.9518
15216,2022-08-11,2236,Halton Regional Health Unit,0.1435,304.0,0.49,0.5251,0.6108
15217,2022-08-11,2234,Haldimand-Norfolk Health Unit,0.1364,57.0,0.5,0.7834,0.8892
15218,2022-08-11,2233,Grey Bruce Health Unit,0.1796,112.0,0.66,0.7984,0.9282
15219,2022-08-11,2258,Eastern Ontario Health Unit,0.1194,157.0,0.75,0.8604,0.9067
15220,2022-08-11,2226,District of Algoma Health Unit,0.1147,85.0,0.74,0.8654,0.9261
15221,2022-08-11,3895,City of Toronto Health Unit,0.1137,2272.0,0.73,0.7411,0.8093
15222,2022-08-11,2251,City of Ottawa Health Unit,0.1489,593.0,0.56,0.7732,0.8401
15223,2022-08-11,2237,City of Hamilton Health Unit,0.1641,499.0,0.84,0.8128,0.8692
15224,2022-08-11,2240,Chatham-Kent Health Unit,0.1405,106.0,0.99,0.8075,0.9262
15225,2022-08-11,2227,Brant County Health Unit,0.162,107.0,0.69,0.8003,0.8385
15226,2022-08-10,2240,Chatham-Kent Health Unit,0.1271,102.0,0.96,0.7921,0.9268
15227,2022-08-10,2234,Haldimand-Norfolk Health Unit,0.1435,61.0,0.53,0.7477,0.8932
15228,2022-08-10,5183,Huron Perth Health Unit,0.0941,132.0,0.95,0.8098,0.9532
15229,2022-08-10,2244,Middlesex-London Health Unit,0.1404,371.0,0.73,0.7802,0.8753
15230,2022-08-10,2257,Renfrew County and District Health Unit,0.1224,61.0,0.56,0.8529,0.9424
15231,2022-08-10,2262,Thunder Bay District Health Unit,0.1385,164.0,1.09,0.8545,0.9346
15232,2022-08-10,2268,Windsor-Essex County Health Unit,0.1358,401.0,0.94,0.6368,0.8457
15233,2022-08-10,2270,York Regional Health Unit,0.1095,826.0,0.67,0.6626,0.7711
15234,2022-08-10,2266,Wellington-Dufferin-Guelph Health Unit,0.1566,163.0,0.52,0.702,0.83
15235,2022-08-10,2265,Waterloo Health Unit,0.1817,279.0,0.48,0.629,0.7813
15236,2022-08-10,2263,Timiskaming Health Unit,0.0366,23.0,0.72,0.6554,0.8716
15237,2022-08-10,2261,Sudbury and District Health Unit,0.0877,340.0,1.71,0.6893,0.9682
15238,2022-08-10,4913,Southwestern Public Health,0.1188,176.0,0.83,0.8395,0.9351
15239,2022-08-10,2260,Simcoe Muskoka District Health Unit,0.1396,372.0,0.62,0.7419,0.8319
15240,2022-08-10,2256,Porcupine Health Unit,0.144,53.0,0.63,0.8431,0.9282
15241,2022-08-10,2255,Peterborough County-City Health Unit,0.1051,118.0,0.8,0.8358,0.9111
15242,2022-08-10,2253,Peel Regional Health Unit,0.1003,912.0,0.57,0.6618,0.739
15243,2022-08-10,35,Ontario,0.1275,10574.0,0.71,0.7304,0.8301
15244,2022-08-10,2249,Northwestern Health Unit,0.1507,78.0,0.89,0.8136,0.9355
15245,2022-08-10,2247,North Bay Parry Sound District Health Unit,0.1312,138.0,1.07,0.9134,0.9735
15246,2022-08-10,2246,Niagara Regional Area Health Unit,0.1459,327.0,0.69,0.6988,0.7982
15247,2022-08-10,2243,"Leeds, Grenville and Lanark District Health Unit",0.1453,101.0,0.58,0.6504,0.8317
15248,2022-08-10,2242,Lambton Health Unit,0.1622,85.0,0.65,0.7374,0.899
15249,2022-08-10,2241,"Kingston, Frontenac and Lennox and Addington Health Unit",0.2244,158.0,0.74,0.9052,0.9464
15250,2022-08-10,2238,Hastings and Prince Edward Counties Health Unit,0.1342,167.0,0.99,0.9316,0.9614
15251,2022-08-10,2236,Halton Regional Health Unit,0.1407,312.0,0.5,0.5191,0.6114
15252,2022-08-10,2235,"Haliburton, Kawartha, Pine Ridge District Health Unit",0.1297,135.0,0.72,0.7555,0.8852
15253,2022-08-10,2233,Grey Bruce Health Unit,0.1892,122.0,0.72,0.7595,0.9221
15254,2022-08-10,2258,Eastern Ontario Health Unit,0.1263,156.0,0.75,0.8678,0.9139
15255,2022-08-10,2230,Durham Regional Health Unit,0.1064,515.0,0.72,0.6117,0.7418
15256,2022-08-10,2226,District of Algoma Health Unit,0.1027,85.0,0.74,0.8643,0.928
15257,2022-08-10,3895,City of Toronto Health Unit,0.113,2358.0,0.76,0.7482,0.8148
15258,2022-08-10,2251,City of Ottawa Health Unit,0.1477,600.0,0.57,0.7859,0.8565
15259,2022-08-10,2237,City of Hamilton Health Unit,0.16,494.0,0.83,0.8173,0.8778
15260,2022-08-10,2227,Brant County Health Unit,0.1655,100.0,0.65,0.7744,0.8331
15261,2022-08-09,2227,Brant County Health Unit,0.1704,96.0,0.62,0.8039,0.8548
15262,2022-08-09,3895,City of Toronto Health Unit,0.1179,2370.0,0.76,0.7737,0.8305
15263,2022-08-09,2238,Hastings and Prince Edward Counties Health Unit,0.1316,164.0,0.97,0.9399,0.9625
15264,2022-08-09,2243,"Leeds, Grenville and Lanark District Health Unit",0.1323,105.0,0.6,0.7064,0.8405
15265,2022-08-09,2249,Northwestern Health Unit,0.1495,80.0,0.92,0.782,0.9068
15266,2022-08-09,2261,Sudbury and District Health Unit,0.0792,359.0,1.8,0.7534,0.9706
15267,2022-08-09,2266,Wellington-Dufferin-Guelph Health Unit,0.1609,161.0,0.52,0.7074,0.827
15268,2022-08-09,2270,York Regional Health Unit,0.1113,843.0,0.69,0.6749,0.7804
15269,2022-08-09,2268,Windsor-Essex County Health Unit,0.1399,398.0,0.94,0.6128,0.8415
15270,2022-08-09,2265,Waterloo Health Unit,0.1862,287.0,0.49,0.6329,0.7648
15271,2022-08-09,2263,Timiskaming Health Unit,0.034,21.0,0.64,0.7095,0.8771
15272,2022-08-09,2262,Thunder Bay District Health Unit,0.1393,172.0,1.15,0.8528,0.9369
15273,2022-08-09,4913,Southwestern Public Health,0.1247,170.0,0.8,0.8806,0.9478
15274,2022-08-09,2260,Simcoe Muskoka District Health Unit,0.1322,365.0,0.61,0.7548,0.8509
15275,2022-08-09,2257,Renfrew County and District Health Unit,0.1291,65.0,0.6,0.8571,0.9482
15276,2022-08-09,2256,Porcupine Health Unit,0.1514,55.0,0.66,0.7988,0.861
15277,2022-08-09,2255,Peterborough County-City Health Unit,0.1056,123.0,0.83,0.8461,0.9178
15278,2022-08-09,2253,Peel Regional Health Unit,0.1014,924.0,0.58,0.688,0.7663
15279,2022-08-09,35,Ontario,0.1288,10717.0,0.72,0.7499,0.8432
15280,2022-08-09,2247,North Bay Parry Sound District Health Unit,0.1308,142.0,1.09,0.8968,0.9762
15281,2022-08-09,2246,Niagara Regional Area Health Unit,0.156,318.0,0.67,0.7228,0.8308
15282,2022-08-09,2244,Middlesex-London Health Unit,0.1283,384.0,0.76,0.8122,0.9082
15283,2022-08-09,2242,Lambton Health Unit,0.1592,83.0,0.63,0.7321,0.89
15284,2022-08-09,2241,"Kingston, Frontenac and Lennox and Addington Health Unit",0.2258,165.0,0.78,0.9055,0.9491
15285,2022-08-09,5183,Huron Perth Health Unit,0.0899,137.0,0.98,0.8229,0.957
15286,2022-08-09,2236,Halton Regional Health Unit,0.1406,323.0,0.52,0.5627,0.6417
15287,2022-08-09,2235,"Haliburton, Kawartha, Pine Ridge District Health Unit",0.1252,145.0,0.77,0.7775,0.8999
15288,2022-08-09,2234,Haldimand-Norfolk Health Unit,0.1498,62.0,0.54,0.7789,0.905
15289,2022-08-09,2233,Grey Bruce Health Unit,0.1935,120.0,0.7,0.752,0.9173
15290,2022-08-09,2258,Eastern Ontario Health Unit,0.1342,160.0,0.77,0.8617,0.9083
15291,2022-08-09,2230,Durham Regional Health Unit,0.1037,532.0,0.75,0.6397,0.7657
15292,2022-08-09,2226,District of Algoma Health Unit,0.108,87.0,0.76,0.87,0.9398
15293,2022-08-09,2251,City of Ottawa Health Unit,0.1489,589.0,0.56,0.8004,0.863
15294,2022-08-09,2237,City of Hamilton Health Unit,0.1615,523.0,0.88,0.8508,0.9009
15295,2022-08-09,2240,Chatham-Kent Health Unit,0.1324,96.0,0.9,0.7863,0.9244
15296,2022-08-08,2251,City of Ottawa Health Unit,0.1524,591.0,0.56,0.8027,0.8691
15297,2022-08-08,2258,Eastern Ontario Health Unit,0.1351,164.0,0.79,0.8653,0.9194
15298,2022-08-08,2242,Lambton Health Unit,0.1739,89.0,0.68,0.6979,0.8757
15299,2022-08-08,2247,North Bay Parry Sound District Health Unit,0.1396,143.0,1.1,0.8663,0.957
15300,2022-08-08,2255,Peterborough County-City Health Unit,0.122,125.0,0.85,0.8367,0.915
15301,2022-08-08,2265,Waterloo Health Unit,0.183,287.0,0.49,0.6001,0.7321
15302,2022-08-08,2270,York Regional Health Unit,0.113,841.0,0.69,0.6552,0.7561
15303,2022-08-08,2268,Windsor-Essex County Health Unit,0.1401,400.0,0.94,0.6307,0.8392
15304,2022-08-08,2266,Wellington-Dufferin-Guelph Health Unit,0.1595,166.0,0.53,0.692,0.8229
15305,2022-08-08,2263,Timiskaming Health Unit,0.0291,25.0,0.75,0.7328,0.916
15306,2022-08-08,2262,Thunder Bay District Health Unit,0.1524,182.0,1.21,0.8651,0.9523
15307,2022-08-08,2261,Sudbury and District Health Unit,0.0819,379.0,1.9,0.7406,0.9719
15308,2022-08-08,4913,Southwestern Public Health,0.12,171.0,0.81,0.8784,0.944
15309,2022-08-08,2260,Simcoe Muskoka District Health Unit,0.1347,373.0,0.62,0.7462,0.8415
15310,2022-08-08,2257,Renfrew County and District Health Unit,0.1587,68.0,0.63,0.803,0.9091
15311,2022-08-08,2256,Porcupine Health Unit,0.1467,63.0,0.76,0.7756,0.8689
15312,2022-08-08,2253,Peel Regional Health Unit,0.1042,954.0,0.59,0.685,0.7651
15313,2022-08-08,35,Ontario,0.1328,10970.0,0.74,0.741,0.8376
15314,2022-08-08,2249,Northwestern Health Unit,0.1678,83.0,0.95,0.79,0.911
15315,2022-08-08,2246,Niagara Regional Area Health Unit,0.1685,331.0,0.7,0.7113,0.8409
15316,2022-08-08,2244,Middlesex-London Health Unit,0.1333,397.0,0.78,0.8052,0.8961
15317,2022-08-08,2243,"Leeds, Grenville and Lanark District Health Unit",0.1335,124.0,0.72,0.6776,0.8237
15318,2022-08-08,2241,"Kingston, Frontenac and Lennox and Addington Health Unit",0.2324,166.0,0.78,0.9027,0.9449
15319,2022-08-08,5183,Huron Perth Health Unit,0.0913,138.0,0.99,0.7883,0.9319
15320,2022-08-08,2238,Hastings and Prince Edward Counties Health Unit,0.1221,166.0,0.99,0.9296,0.9545
15321,2022-08-08,2236,Halton Regional Health Unit,0.1568,332.0,0.54,0.5613,0.6475
15322,2022-08-08,2235,"Haliburton, Kawartha, Pine Ridge District Health Unit",0.1452,147.0,0.78,0.761,0.9046
15323,2022-08-08,2234,Haldimand-Norfolk Health Unit,0.1684,69.0,0.6,0.7522,0.8817
15324,2022-08-08,2233,Grey Bruce Health Unit,0.1809,124.0,0.73,0.7491,0.9047
15325,2022-08-08,2230,Durham Regional Health Unit,0.107,534.0,0.75,0.6218,0.7541
15326,2022-08-08,2226,District of Algoma Health Unit,0.1011,90.0,0.79,0.8727,0.9464
15327,2022-08-08,3895,City of Toronto Health Unit,0.1194,2410.0,0.77,0.7693,0.8301
15328,2022-08-08,2237,City of Hamilton Health Unit,0.1737,551.0,0.93,0.8402,0.893
15329,2022-08-08,2240,Chatham-Kent Health Unit,0.1422,95.0,0.9,0.7571,0.9238
15330,2022-08-08,2227,Brant County Health Unit,0.1775,97.0,0.62,0.7901,0.8472
15331,2022-08-07,2237,City of Hamilton Health Unit,0.1756,496.0,0.84,0.8512,0.9035
15332,2022-08-07,2230,Durham Regional Health Unit,0.1042,506.0,0.71,0.6325,0.7655
15333,2022-08-07,2246,Niagara Regional Area Health Unit,0.1632,312.0,0.66,0.7324,0.8525
15334,2022-08-07,2253,Peel Regional Health Unit,0.1069,922.0,0.57,0.7039,0.781
15335,2022-08-07,2260,Simcoe Muskoka District Health Unit,0.1289,368.0,0.61,0.7545,0.851
15336,2022-08-07,2270,York Regional Health Unit,0.1146,785.0,0.64,0.6636,0.7665
15337,2022-08-07,2235,"Haliburton, Kawartha, Pine Ridge District Health Unit",0.1507,135.0,0.71,0.7636,0.9123
15338,2022-08-07,2268,Windsor-Essex County Health Unit,0.1298,394.0,0.93,0.6399,0.8511
15339,2022-08-07,2266,Wellington-Dufferin-Guelph Health Unit,0.1567,156.0,0.5,0.6881,0.8243
15340,2022-08-07,2265,Waterloo Health Unit,0.1835,261.0,0.45,0.6055,0.7401
15341,2022-08-07,2263,Timiskaming Health Unit,0.0135,21.0,0.65,0.7481,0.9237
15342,2022-08-07,2262,Thunder Bay District Health Unit,0.1543,166.0,1.11,0.8487,0.9398
15343,2022-08-07,2261,Sudbury and District Health Unit,0.0826,342.0,1.72,0.7328,0.9653
15344,2022-08-07,4913,Southwestern Public Health,0.1205,156.0,0.74,0.8844,0.945
15345,2022-08-07,2257,Renfrew County and District Health Unit,0.1602,62.0,0.57,0.805,0.9116
15346,2022-08-07,2256,Porcupine Health Unit,0.1421,56.0,0.67,0.7694,0.8653
15347,2022-08-07,2255,Peterborough County-City Health Unit,0.1276,111.0,0.75,0.848,0.9281
15348,2022-08-07,35,Ontario,0.1325,10212.0,0.69,0.7466,0.8441
15349,2022-08-07,2249,Northwestern Health Unit,0.1732,77.0,0.87,0.7942,0.9134
15350,2022-08-07,2247,North Bay Parry Sound District Health Unit,0.1489,111.0,0.86,0.8511,0.9504
15351,2022-08-07,2244,Middlesex-London Health Unit,0.1302,385.0,0.76,0.8036,0.8984
15352,2022-08-07,2243,"Leeds, Grenville and Lanark District Health Unit",0.12,111.0,0.64,0.6828,0.8265
15353,2022-08-07,2242,Lambton Health Unit,0.1645,76.0,0.58,0.691,0.8733
15354,2022-08-07,2241,"Kingston, Frontenac and Lennox and Addington Health Unit",0.2387,146.0,0.69,0.9106,0.9517
15355,2022-08-07,5183,Huron Perth Health Unit,0.0928,117.0,0.84,0.7954,0.9346
15356,2022-08-07,2238,Hastings and Prince Edward Counties Health Unit,0.1173,152.0,0.9,0.936,0.9607
15357,2022-08-07,2236,Halton Regional Health Unit,0.1435,304.0,0.49,0.5765,0.6627
15358,2022-08-07,2234,Haldimand-Norfolk Health Unit,0.1681,65.0,0.57,0.7668,0.8901
15359,2022-08-07,2233,Grey Bruce Health Unit,0.1689,117.0,0.69,0.7568,0.9066
15360,2022-08-07,2258,Eastern Ontario Health Unit,0.141,144.0,0.69,0.8627,0.9227
15361,2022-08-07,2226,District of Algoma Health Unit,0.1126,85.0,0.74,0.872,0.9452
15362,2022-08-07,3895,City of Toronto Health Unit,0.1235,2247.0,0.72,0.771,0.8354
15363,2022-08-07,2251,City of Ottawa Health Unit,0.1521,554.0,0.53,0.8096,0.8717
15364,2022-08-07,2240,Chatham-Kent Health Unit,0.1055,83.0,0.78,0.7521,0.9248
15365,2022-08-07,2227,Brant County Health Unit,0.1788,92.0,0.59,0.7911,0.852
15366,2022-08-06,2226,District of Algoma Health Unit,0.1214,79.0,0.69,0.8831,0.9387
15367,2022-08-06,2234,Haldimand-Norfolk Health Unit,0.1678,63.0,0.55,0.7372,0.8931
15368,2022-08-06,5183,Huron Perth Health Unit,0.0902,117.0,0.84,0.7839,0.934
15369,2022-08-06,35,Ontario,0.1352,10193.0,0.69,0.7488,0.8529
15370,2022-08-06,2257,Renfrew County and District Health Unit,0.1585,61.0,0.56,0.7892,0.9126
15371,2022-08-06,2262,Thunder Bay District Health Unit,0.155,167.0,1.11,0.8497,0.9402
15372,2022-08-06,2270,York Regional Health Unit,0.1205,782.0,0.64,0.6683,0.777
15373,2022-08-06,2268,Windsor-Essex County Health Unit,0.125,390.0,0.92,0.6316,0.8639
15374,2022-08-06,2266,Wellington-Dufferin-Guelph Health Unit,0.1434,157.0,0.5,0.7155,0.8379
15375,2022-08-06,2265,Waterloo Health Unit,0.1773,261.0,0.45,0.616,0.7438
15376,2022-08-06,2263,Timiskaming Health Unit,0.0138,21.0,0.63,0.7537,0.9328
15377,2022-08-06,2261,Sudbury and District Health Unit,0.0837,343.0,1.72,0.7586,0.9655
15378,2022-08-06,4913,Southwestern Public Health,0.1257,159.0,0.75,0.8824,0.9468
15379,2022-08-06,2260,Simcoe Muskoka District Health Unit,0.1312,359.0,0.6,0.7519,0.8634
15380,2022-08-06,2256,Porcupine Health Unit,0.1337,58.0,0.69,0.7642,0.8662
15381,2022-08-06,2255,Peterborough County-City Health Unit,0.1425,108.0,0.73,0.8316,0.9347
15382,2022-08-06,2253,Peel Regional Health Unit,0.1106,935.0,0.58,0.7166,0.7968
15383,2022-08-06,2249,Northwestern Health Unit,0.1676,79.0,0.9,0.8028,0.9183
15384,2022-08-06,2247,North Bay Parry Sound District Health Unit,0.1609,107.0,0.83,0.8623,0.9444
15385,2022-08-06,2246,Niagara Regional Area Health Unit,0.1617,319.0,0.67,0.7271,0.8633
15386,2022-08-06,2244,Middlesex-London Health Unit,0.1361,377.0,0.74,0.803,0.8953
15387,2022-08-06,2243,"Leeds, Grenville and Lanark District Health Unit",0.1195,114.0,0.66,0.6744,0.8366
15388,2022-08-06,2242,Lambton Health Unit,0.1692,74.0,0.57,0.6986,0.8743
15389,2022-08-06,2241,"Kingston, Frontenac and Lennox and Addington Health Unit",0.2515,141.0,0.66,0.9068,0.9498
15390,2022-08-06,2238,Hastings and Prince Edward Counties Health Unit,0.131,157.0,0.93,0.9407,0.9654
15391,2022-08-06,2236,Halton Regional Health Unit,0.1497,300.0,0.48,0.5935,0.6895
15392,2022-08-06,2235,"Haliburton, Kawartha, Pine Ridge District Health Unit",0.1519,131.0,0.69,0.7149,0.9231
15393,2022-08-06,2233,Grey Bruce Health Unit,0.1675,114.0,0.67,0.7821,0.9118
15394,2022-08-06,2258,Eastern Ontario Health Unit,0.1471,143.0,0.68,0.839,0.9274
15395,2022-08-06,2230,Durham Regional Health Unit,0.1057,508.0,0.71,0.6431,0.7956
15396,2022-08-06,3895,City of Toronto Health Unit,0.1261,2255.0,0.72,0.7695,0.8435
15397,2022-08-06,2251,City of Ottawa Health Unit,0.1576,550.0,0.52,0.8095,0.8788
15398,2022-08-06,2237,City of Hamilton Health Unit,0.1834,493.0,0.83,0.8417,0.9035
15399,2022-08-06,2240,Chatham-Kent Health Unit,0.1046,85.0,0.8,0.7674,0.9231
15400,2022-08-06,2227,Brant County Health Unit,0.1793,88.0,0.57,0.7718,0.8456
15401,2022-08-05,2227,Brant County Health Unit,0.1863,87.0,0.56,0.7591,0.8422
15402,2022-08-05,2233,Grey Bruce Health Unit,0.1642,116.0,0.68,0.7883,0.9176
15403,2022-08-05,2238,Hastings and Prince Edward Counties Health Unit,0.1391,154.0,0.91,0.9349,0.9665
15404,2022-08-05,2243,"Leeds, Grenville and Lanark District Health Unit",0.1228,113.0,0.65,0.6493,0.8166
15405,2022-08-05,2261,Sudbury and District Health Unit,0.086,335.0,1.69,0.753,0.9559
15406,2022-08-05,2266,Wellington-Dufferin-Guelph Health Unit,0.1417,161.0,0.52,0.7212,0.8559
15407,2022-08-05,2270,York Regional Health Unit,0.1189,780.0,0.64,0.6718,0.7782
15408,2022-08-05,2268,Windsor-Essex County Health Unit,0.1226,387.0,0.91,0.6563,0.8637
15409,2022-08-05,2265,Waterloo Health Unit,0.177,256.0,0.44,0.5849,0.7355
15410,2022-08-05,2263,Timiskaming Health Unit,0.0134,21.0,0.65,0.7551,0.9184
15411,2022-08-05,2262,Thunder Bay District Health Unit,0.1535,169.0,1.13,0.8427,0.9345
15412,2022-08-05,4913,Southwestern Public Health,0.124,156.0,0.74,0.8772,0.9423
15413,2022-08-05,2260,Simcoe Muskoka District Health Unit,0.1301,364.0,0.61,0.738,0.87
15414,2022-08-05,2257,Renfrew County and District Health Unit,0.15,63.0,0.58,0.8027,0.9246
15415,2022-08-05,2256,Porcupine Health Unit,0.1287,58.0,0.69,0.7741,0.8787
15416,2022-08-05,2255,Peterborough County-City Health Unit,0.1551,99.0,0.67,0.7224,0.9344
15417,2022-08-05,2253,Peel Regional Health Unit,0.1136,934.0,0.58,0.7223,0.8083
15418,2022-08-05,35,Ontario,0.1352,10174.0,0.69,0.7475,0.8563
15419,2022-08-05,2249,Northwestern Health Unit,0.1597,82.0,0.94,0.8404,0.9211
15420,2022-08-05,2247,North Bay Parry Sound District Health Unit,0.1644,106.0,0.82,0.8547,0.9494
15421,2022-08-05,2246,Niagara Regional Area Health Unit,0.1615,334.0,0.71,0.6924,0.8471
15422,2022-08-05,2244,Middlesex-London Health Unit,0.1324,368.0,0.73,0.792,0.8903
15423,2022-08-05,2242,Lambton Health Unit,0.1816,73.0,0.56,0.6781,0.8664
15424,2022-08-05,2241,"Kingston, Frontenac and Lennox and Addington Health Unit",0.2452,142.0,0.67,0.9128,0.9496
15425,2022-08-05,5183,Huron Perth Health Unit,0.0887,116.0,0.83,0.7923,0.9384
15426,2022-08-05,2236,Halton Regional Health Unit,0.1455,299.0,0.48,0.6026,0.7
15427,2022-08-05,2235,"Haliburton, Kawartha, Pine Ridge District Health Unit",0.1621,126.0,0.67,0.6938,0.9209
15428,2022-08-05,2234,Haldimand-Norfolk Health Unit,0.1709,62.0,0.54,0.7198,0.8841
15429,2022-08-05,2258,Eastern Ontario Health Unit,0.1555,143.0,0.69,0.8512,0.9453
15430,2022-08-05,2230,Durham Regional Health Unit,0.1069,498.0,0.7,0.6788,0.8166
15431,2022-08-05,2226,District of Algoma Health Unit,0.1241,76.0,0.66,0.8523,0.9308
15432,2022-08-05,3895,City of Toronto Health Unit,0.1262,2281.0,0.73,0.7748,0.8515
15433,2022-08-05,2251,City of Ottawa Health Unit,0.1567,551.0,0.52,0.7943,0.8782
15434,2022-08-05,2237,City of Hamilton Health Unit,0.1789,484.0,0.82,0.8324,0.9123
15435,2022-08-05,2240,Chatham-Kent Health Unit,0.1121,83.0,0.78,0.735,0.9098
15436,2022-08-04,2251,City of Ottawa Health Unit,0.1619,545.0,0.52,0.8074,0.8923
15437,2022-08-04,2236,Halton Regional Health Unit,0.1402,300.0,0.48,0.6143,0.7269
15438,2022-08-04,2242,Lambton Health Unit,0.1878,70.0,0.53,0.7044,0.8822
15439,2022-08-04,2247,North Bay Parry Sound District Health Unit,0.1684,109.0,0.84,0.8706,0.951
15440,2022-08-04,4913,Southwestern Public Health,0.1288,140.0,0.66,0.8809,0.9464
15441,2022-08-04,2265,Waterloo Health Unit,0.1656,251.0,0.43,0.5972,0.7581
15442,2022-08-04,2270,York Regional Health Unit,0.127,780.0,0.64,0.6914,0.7916
15443,2022-08-04,2268,Windsor-Essex County Health Unit,0.1233,392.0,0.92,0.6582,0.8745
15444,2022-08-04,2266,Wellington-Dufferin-Guelph Health Unit,0.1395,157.0,0.5,0.734,0.854
15445,2022-08-04,2263,Timiskaming Health Unit,0.007,20.0,0.62,0.7,0.85
15446,2022-08-04,2262,Thunder Bay District Health Unit,0.161,172.0,1.15,0.8683,0.9573
15447,2022-08-04,2261,Sudbury and District Health Unit,0.0897,301.0,1.51,0.7424,0.9432
15448,2022-08-04,2260,Simcoe Muskoka District Health Unit,0.1285,368.0,0.61,0.7404,0.891
15449,2022-08-04,2257,Renfrew County and District Health Unit,0.1422,64.0,0.59,0.7882,0.9271
15450,2022-08-04,2256,Porcupine Health Unit,0.127,62.0,0.74,0.7381,0.8825
15451,2022-08-04,2255,Peterborough County-City Health Unit,0.1716,101.0,0.68,0.7212,0.9442
15452,2022-08-04,2253,Peel Regional Health Unit,0.1117,967.0,0.6,0.7491,0.8321
15453,2022-08-04,35,Ontario,0.1363,10124.0,0.68,0.7571,0.8691
15454,2022-08-04,2249,Northwestern Health Unit,0.1655,84.0,0.95,0.8582,0.913
15455,2022-08-04,2246,Niagara Regional Area Health Unit,0.1702,314.0,0.66,0.6937,0.8529
15456,2022-08-04,2244,Middlesex-London Health Unit,0.1311,348.0,0.69,0.8293,0.91
15457,2022-08-04,2243,"Leeds, Grenville and Lanark District Health Unit",0.1169,106.0,0.61,0.7047,0.8991
15458,2022-08-04,2241,"Kingston, Frontenac and Lennox and Addington Health Unit",0.2285,143.0,0.67,0.9195,0.9577
15459,2022-08-04,5183,Huron Perth Health Unit,0.0903,120.0,0.86,0.768,0.9454
15460,2022-08-04,2238,Hastings and Prince Edward Counties Health Unit,0.15,150.0,0.89,0.9309,0.963
15461,2022-08-04,2235,"Haliburton, Kawartha, Pine Ridge District Health Unit",0.1618,127.0,0.67,0.7167,0.9238
15462,2022-08-04,2234,Haldimand-Norfolk Health Unit,0.177,60.0,0.52,0.7147,0.892
15463,2022-08-04,2233,Grey Bruce Health Unit,0.1304,115.0,0.68,0.7806,0.9202
15464,2022-08-04,2258,Eastern Ontario Health Unit,0.1482,146.0,0.7,0.8542,0.9464
15465,2022-08-04,2230,Durham Regional Health Unit,0.1056,504.0,0.71,0.6917,0.8281
15466,2022-08-04,2226,District of Algoma Health Unit,0.1298,75.0,0.65,0.7894,0.9204
15467,2022-08-04,3895,City of Toronto Health Unit,0.1281,2310.0,0.74,0.7782,0.8647
15468,2022-08-04,2237,City of Hamilton Health Unit,0.184,467.0,0.79,0.8382,0.9183
15469,2022-08-04,2240,Chatham-Kent Health Unit,0.1269,75.0,0.71,0.7303,0.9171
15470,2022-08-04,2227,Brant County Health Unit,0.182,87.0,0.56,0.7491,0.8298
15471,2022-08-03,2237,City of Hamilton Health Unit,0.1829,472.0,0.8,0.8508,0.928
15472,2022-08-03,2230,Durham Regional Health Unit,0.1065,472.0,0.66,0.7127,0.8424
15473,2022-08-03,2241,"Kingston, Frontenac and Lennox and Addington Health Unit",0.2047,140.0,0.66,0.914,0.9497
15474,2022-08-03,2246,Niagara Regional Area Health Unit,0.1774,317.0,0.67,0.7177,0.866
15475,2022-08-03,2253,Peel Regional Health Unit,0.1125,983.0,0.61,0.7627,0.8586
15476,2022-08-03,2263,Timiskaming Health Unit,0.0,20.0,0.6,0.7266,0.8438
15477,2022-08-03,2270,York Regional Health Unit,0.1303,773.0,0.63,0.7042,0.8203
15478,2022-08-03,2268,Windsor-Essex County Health Unit,0.1257,364.0,0.86,0.6161,0.886
15479,2022-08-03,2266,Wellington-Dufferin-Guelph Health Unit,0.1481,160.0,0.51,0.7469,0.8773
15480,2022-08-03,2265,Waterloo Health Unit,0.1645,254.0,0.44,0.6071,0.7596
15481,2022-08-03,2262,Thunder Bay District Health Unit,0.1605,174.0,1.16,0.8519,0.9523
15482,2022-08-03,2261,Sudbury and District Health Unit,0.0839,307.0,1.54,0.7426,0.9378
15483,2022-08-03,4913,Southwestern Public Health,0.1294,134.0,0.63,0.8834,0.9439
15484,2022-08-03,2260,Simcoe Muskoka District Health Unit,0.1272,366.0,0.61,0.7471,0.8996
15485,2022-08-03,2257,Renfrew County and District Health Unit,0.1512,63.0,0.58,0.7612,0.9104
15486,2022-08-03,2256,Porcupine Health Unit,0.1127,61.0,0.73,0.7599,0.8935
15487,2022-08-03,2255,Peterborough County-City Health Unit,0.146,118.0,0.8,0.7361,0.9457
15488,2022-08-03,35,Ontario,0.138,10069.0,0.68,0.7628,0.8816
15489,2022-08-03,2249,Northwestern Health Unit,0.1735,80.0,0.91,0.8271,0.9109
15490,2022-08-03,2247,North Bay Parry Sound District Health Unit,0.1784,111.0,0.86,0.862,0.9375
15491,2022-08-03,2244,Middlesex-London Health Unit,0.1344,343.0,0.68,0.8158,0.9047
15492,2022-08-03,2243,"Leeds, Grenville and Lanark District Health Unit",0.127,108.0,0.62,0.7462,0.901
15493,2022-08-03,2242,Lambton Health Unit,0.1891,68.0,0.52,0.7202,0.8716
15494,2022-08-03,5183,Huron Perth Health Unit,0.093,112.0,0.8,0.7624,0.9448
15495,2022-08-03,2238,Hastings and Prince Edward Counties Health Unit,0.149,146.0,0.86,0.9247,0.957
15496,2022-08-03,2236,Halton Regional Health Unit,0.1452,296.0,0.48,0.6336,0.758
15497,2022-08-03,2235,"Haliburton, Kawartha, Pine Ridge District Health Unit",0.1551,128.0,0.68,0.7469,0.9173
15498,2022-08-03,2234,Haldimand-Norfolk Health Unit,0.1771,57.0,0.5,0.7446,0.8898
15499,2022-08-03,2233,Grey Bruce Health Unit,0.1171,101.0,0.6,0.82,0.9246
15500,2022-08-03,2258,Eastern Ontario Health Unit,0.1655,159.0,0.76,0.849,0.9451
15501,2022-08-03,2226,District of Algoma Health Unit,0.1467,75.0,0.66,0.7785,0.9118
15502,2022-08-03,3895,City of Toronto Health Unit,0.1288,2306.0,0.74,0.7833,0.8853
15503,2022-08-03,2251,City of Ottawa Health Unit,0.1725,552.0,0.52,0.8126,0.8992
15504,2022-08-03,2240,Chatham-Kent Health Unit,0.1283,71.0,0.67,0.6841,0.9014
15505,2022-08-03,2227,Brant County Health Unit,0.1879,83.0,0.53,0.7469,0.8278
15506,2022-08-02,2240,Chatham-Kent Health Unit,0.1253,70.0,0.65,0.7295,0.9057
15507,2022-08-02,2226,District of Algoma Health Unit,0.1691,79.0,0.69,0.7466,0.8944
15508,2022-08-02,2234,Haldimand-Norfolk Health Unit,0.163,58.0,0.51,0.7018,0.9126
15509,2022-08-02,2244,Middlesex-London Health Unit,0.1406,323.0,0.64,0.8116,0.8943
15510,2022-08-02,35,Ontario,0.1387,9945.0,0.67,0.7526,0.8792
15511,2022-08-02,2257,Renfrew County and District Health Unit,0.1561,59.0,0.54,0.7251,0.9031
15512,2022-08-02,2268,Windsor-Essex County Health Unit,0.1197,358.0,0.84,0.5754,0.8705
15513,2022-08-02,2270,York Regional Health Unit,0.1312,766.0,0.63,0.7233,0.8363
15514,2022-08-02,2266,Wellington-Dufferin-Guelph Health Unit,0.144,158.0,0.51,0.7196,0.8682
15515,2022-08-02,2265,Waterloo Health Unit,0.1641,252.0,0.43,0.6234,0.7845
15516,2022-08-02,2263,Timiskaming Health Unit,0.0159,18.0,0.55,0.6742,0.8202
15517,2022-08-02,2262,Thunder Bay District Health Unit,0.1569,167.0,1.11,0.857,0.9546
15518,2022-08-02,2261,Sudbury and District Health Unit,0.0815,288.0,1.44,0.734,0.9405
15519,2022-08-02,4913,Southwestern Public Health,0.1243,128.0,0.6,0.8619,0.9362
15520,2022-08-02,2260,Simcoe Muskoka District Health Unit,0.1287,382.0,0.64,0.7415,0.8937
15521,2022-08-02,2256,Porcupine Health Unit,0.1055,62.0,0.75,0.8059,0.9761
15522,2022-08-02,2255,Peterborough County-City Health Unit,0.1408,117.0,0.79,0.7059,0.933
15523,2022-08-02,2253,Peel Regional Health Unit,0.1156,981.0,0.61,0.7563,0.8484
15524,2022-08-02,2249,Northwestern Health Unit,0.1682,77.0,0.88,0.8491,0.9336
15525,2022-08-02,2247,North Bay Parry Sound District Health Unit,0.1901,104.0,0.8,0.8851,0.9325
15526,2022-08-02,2246,Niagara Regional Area Health Unit,0.1662,326.0,0.69,0.6815,0.8405
15527,2022-08-02,2243,"Leeds, Grenville and Lanark District Health Unit",0.1329,115.0,0.66,0.7179,0.8854
15528,2022-08-02,2242,Lambton Health Unit,0.2022,66.0,0.51,0.6957,0.8456
15529,2022-08-02,2241,"Kingston, Frontenac and Lennox and Addington Health Unit",0.1938,138.0,0.65,0.9088,0.9444
15530,2022-08-02,5183,Huron Perth Health Unit,0.0927,106.0,0.76,0.7592,0.9391
15531,2022-08-02,2238,Hastings and Prince Edward Counties Health Unit,0.1453,142.0,0.84,0.9186,0.953
15532,2022-08-02,2236,Halton Regional Health Unit,0.1503,288.0,0.47,0.6176,0.7605
15533,2022-08-02,2235,"Haliburton, Kawartha, Pine Ridge District Health Unit",0.163,124.0,0.65,0.7331,0.9004
15534,2022-08-02,2233,Grey Bruce Health Unit,0.1122,99.0,0.58,0.8356,0.933
15535,2022-08-02,2258,Eastern Ontario Health Unit,0.1748,161.0,0.77,0.861,0.9564
15536,2022-08-02,2230,Durham Regional Health Unit,0.1131,462.0,0.65,0.6831,0.8436
15537,2022-08-02,3895,City of Toronto Health Unit,0.1297,2282.0,0.73,0.7732,0.8871
15538,2022-08-02,2251,City of Ottawa Health Unit,0.179,556.0,0.53,0.7914,0.8891
15539,2022-08-02,2237,City of Hamilton Health Unit,0.1742,468.0,0.79,0.8399,0.9209
15540,2022-08-02,2227,Brant County Health Unit,0.1711,80.0,0.52,0.7129,0.8086
15541,2022-08-01,3895,City of Toronto Health Unit,0.1305,2285.0,0.73,0.787,0.8921
15542,2022-08-01,2233,Grey Bruce Health Unit,0.1043,97.0,0.57,0.8478,0.9435
15543,2022-08-01,2238,Hastings and Prince Edward Counties Health Unit,0.1624,128.0,0.76,0.9256,0.9587
15544,2022-08-01,2249,Northwestern Health Unit,0.1679,76.0,0.86,0.8514,0.9375
15545,2022-08-01,2256,Porcupine Health Unit,0.0738,56.0,0.67,0.8283,0.9722
15546,2022-08-01,2261,Sudbury and District Health Unit,0.0827,294.0,1.48,0.7256,0.9176
15547,2022-08-01,2270,York Regional Health Unit,0.1308,775.0,0.63,0.7286,0.8454
15548,2022-08-01,2268,Windsor-Essex County Health Unit,0.1183,358.0,0.84,0.538,0.867
15549,2022-08-01,2266,Wellington-Dufferin-Guelph Health Unit,0.1351,155.0,0.5,0.7522,0.8827
15550,2022-08-01,2265,Waterloo Health Unit,0.1674,254.0,0.44,0.6681,0.8206
15551,2022-08-01,2263,Timiskaming Health Unit,0.022,13.0,0.4,0.7542,0.8729
15552,2022-08-01,2262,Thunder Bay District Health Unit,0.142,150.0,1.0,0.8705,0.9586
15553,2022-08-01,4913,Southwestern Public Health,0.1315,118.0,0.56,0.8735,0.9426
15554,2022-08-01,2260,Simcoe Muskoka District Health Unit,0.1294,374.0,0.62,0.7577,0.9028
15555,2022-08-01,2257,Renfrew County and District Health Unit,0.1432,53.0,0.49,0.7784,0.9525
15556,2022-08-01,2255,Peterborough County-City Health Unit,0.1358,109.0,0.74,0.7224,0.9372
15557,2022-08-01,2253,Peel Regional Health Unit,0.1188,981.0,0.61,0.7657,0.8575
15558,2022-08-01,35,Ontario,0.1365,9781.0,0.66,0.7657,0.8873
15559,2022-08-01,2247,North Bay Parry Sound District Health Unit,0.1719,100.0,0.77,0.911,0.9555
15560,2022-08-01,2246,Niagara Regional Area Health Unit,0.1686,315.0,0.67,0.6882,0.8391
15561,2022-08-01,2244,Middlesex-London Health Unit,0.1323,320.0,0.63,0.831,0.9149
15562,2022-08-01,2243,"Leeds, Grenville and Lanark District Health Unit",0.1349,100.0,0.57,0.7584,0.9031
15563,2022-08-01,2242,Lambton Health Unit,0.1968,63.0,0.48,0.7159,0.8504
15564,2022-08-01,2241,"Kingston, Frontenac and Lennox and Addington Health Unit",0.1757,132.0,0.62,0.9191,0.9509
15565,2022-08-01,5183,Huron Perth Health Unit,0.0853,102.0,0.73,0.8087,0.9711
15566,2022-08-01,2236,Halton Regional Health Unit,0.1426,282.0,0.45,0.6228,0.765
15567,2022-08-01,2235,"Haliburton, Kawartha, Pine Ridge District Health Unit",0.1491,115.0,0.61,0.7562,0.9047
15568,2022-08-01,2234,Haldimand-Norfolk Health Unit,0.1583,60.0,0.52,0.7335,0.936
15569,2022-08-01,2258,Eastern Ontario Health Unit,0.1642,162.0,0.78,0.8612,0.9504
15570,2022-08-01,2230,Durham Regional Health Unit,0.1096,439.0,0.62,0.7076,0.8582
15571,2022-08-01,2226,District of Algoma Health Unit,0.1804,73.0,0.64,0.7477,0.8924
15572,2022-08-01,2251,City of Ottawa Health Unit,0.1853,547.0,0.52,0.7982,0.896
15573,2022-08-01,2237,City of Hamilton Health Unit,0.1523,451.0,0.76,0.8571,0.9347
15574,2022-08-01,2240,Chatham-Kent Health Unit,0.1161,82.0,0.78,0.7363,0.9074
15575,2022-08-01,2227,Brant County Health Unit,0.17,78.0,0.5,0.7397,0.8294
15576,2022-07-31,2258,Eastern Ontario Health Unit,0.1544,190.0,0.91,0.8613,0.9518
15577,2022-07-31,2236,Halton Regional Health Unit,0.1591,292.0,0.47,0.6162,0.7572
15578,2022-07-31,2242,Lambton Health Unit,0.1882,73.0,0.56,0.733,0.858
15579,2022-07-31,2255,Peterborough County-City Health Unit,0.1395,115.0,0.78,0.7035,0.9183
15580,2022-07-31,4913,Southwestern Public Health,0.1254,133.0,0.63,0.8677,0.9382
15581,2022-07-31,2265,Waterloo Health Unit,0.1675,275.0,0.47,0.6683,0.8116
15582,2022-07-31,2270,York Regional Health Unit,0.1304,805.0,0.66,0.7249,0.8389
15583,2022-07-31,2268,Windsor-Essex County Health Unit,0.1302,358.0,0.84,0.5286,0.8605
15584,2022-07-31,2266,Wellington-Dufferin-Guelph Health Unit,0.1509,168.0,0.54,0.7407,0.8742
15585,2022-07-31,2263,Timiskaming Health Unit,0.0248,17.0,0.53,0.748,0.8699
15586,2022-07-31,2262,Thunder Bay District Health Unit,0.1437,168.0,1.12,0.903,0.9694
15587,2022-07-31,2261,Sudbury and District Health Unit,0.0904,316.0,1.59,0.7463,0.9295
15588,2022-07-31,2260,Simcoe Muskoka District Health Unit,0.1401,376.0,0.63,0.7513,0.9055
15589,2022-07-31,2257,Renfrew County and District Health Unit,0.1493,57.0,0.53,0.7301,0.9566
15590,2022-07-31,2256,Porcupine Health Unit,0.0874,62.0,0.74,0.8325,0.967
15591,2022-07-31,2253,Peel Regional Health Unit,0.1238,999.0,0.62,0.7506,0.8542
15592,2022-07-31,35,Ontario,0.1395,10477.0,0.71,0.7646,0.8867
15593,2022-07-31,2249,Northwestern Health Unit,0.1647,87.0,0.99,0.8206,0.9095
15594,2022-07-31,2247,North Bay Parry Sound District Health Unit,0.1774,105.0,0.81,0.9163,0.9582
15595,2022-07-31,2246,Niagara Regional Area Health Unit,0.1743,336.0,0.71,0.6836,0.8412
15596,2022-07-31,2244,Middlesex-London Health Unit,0.1316,350.0,0.69,0.83,0.9127
15597,2022-07-31,2243,"Leeds, Grenville and Lanark District Health Unit",0.1359,105.0,0.61,0.751,0.904
15598,2022-07-31,2241,"Kingston, Frontenac and Lennox and Addington Health Unit",0.1779,163.0,0.77,0.9209,0.9509
15599,2022-07-31,5183,Huron Perth Health Unit,0.0942,121.0,0.87,0.7995,0.9542
15600,2022-07-31,2238,Hastings and Prince Edward Counties Health Unit,0.1471,139.0,0.82,0.9213,0.9564
15601,2022-07-31,2235,"Haliburton, Kawartha, Pine Ridge District Health Unit",0.1588,118.0,0.62,0.7506,0.8985
15602,2022-07-31,2234,Haldimand-Norfolk Health Unit,0.1615,69.0,0.6,0.7203,0.9295
15603,2022-07-31,2233,Grey Bruce Health Unit,0.1083,102.0,0.6,0.8558,0.9473
15604,2022-07-31,2230,Durham Regional Health Unit,0.1171,475.0,0.67,0.7003,0.8494
15605,2022-07-31,2226,District of Algoma Health Unit,0.1935,79.0,0.69,0.7439,0.8825
15606,2022-07-31,3895,City of Toronto Health Unit,0.1295,2488.0,0.8,0.793,0.8965
15607,2022-07-31,2251,City of Ottawa Health Unit,0.1846,584.0,0.55,0.7999,0.9035
15608,2022-07-31,2237,City of Hamilton Health Unit,0.1577,493.0,0.83,0.8553,0.9324
15609,2022-07-31,2240,Chatham-Kent Health Unit,0.1184,89.0,0.84,0.7433,0.9077
15610,2022-07-31,2227,Brant County Health Unit,0.1542,84.0,0.54,0.7509,0.8362
15611,2022-07-30,2237,City of Hamilton Health Unit,0.1547,488.0,0.82,0.8561,0.9307
15612,2022-07-30,2235,"Haliburton, Kawartha, Pine Ridge District Health Unit",0.1524,118.0,0.63,0.7977,0.8899
15613,2022-07-30,2241,"Kingston, Frontenac and Lennox and Addington Health Unit",0.1635,170.0,0.8,0.9308,0.9591
15614,2022-07-30,2246,Niagara Regional Area Health Unit,0.1756,346.0,0.73,0.6621,0.8273
15615,2022-07-30,2260,Simcoe Muskoka District Health Unit,0.1383,380.0,0.63,0.7515,0.9042
15616,2022-07-30,2263,Timiskaming Health Unit,0.0303,19.0,0.58,0.7761,0.8806
15617,2022-07-30,2270,York Regional Health Unit,0.1314,793.0,0.65,0.7116,0.8397
15618,2022-07-30,2268,Windsor-Essex County Health Unit,0.1267,364.0,0.86,0.5488,0.8439
15619,2022-07-30,2266,Wellington-Dufferin-Guelph Health Unit,0.1598,164.0,0.52,0.7159,0.8652
15620,2022-07-30,2265,Waterloo Health Unit,0.1721,274.0,0.47,0.6689,0.824
15621,2022-07-30,2262,Thunder Bay District Health Unit,0.1393,168.0,1.12,0.8993,0.9698
15622,2022-07-30,2261,Sudbury and District Health Unit,0.0831,330.0,1.66,0.7806,0.9332
15623,2022-07-30,4913,Southwestern Public Health,0.1135,131.0,0.62,0.8668,0.9356
15624,2022-07-30,2257,Renfrew County and District Health Unit,0.1544,58.0,0.54,0.7453,0.9575
15625,2022-07-30,2256,Porcupine Health Unit,0.0915,61.0,0.73,0.8365,0.9668
15626,2022-07-30,2255,Peterborough County-City Health Unit,0.1354,113.0,0.76,0.6923,0.9119
15627,2022-07-30,2253,Peel Regional Health Unit,0.1271,991.0,0.62,0.7448,0.8546
15628,2022-07-30,35,Ontario,0.1392,10471.0,0.71,0.766,0.8873
15629,2022-07-30,2249,Northwestern Health Unit,0.1629,88.0,1.0,0.823,0.9115
15630,2022-07-30,2247,North Bay Parry Sound District Health Unit,0.1739,105.0,0.81,0.912,0.9629
15631,2022-07-30,2244,Middlesex-London Health Unit,0.1317,347.0,0.68,0.8341,0.9183
15632,2022-07-30,2243,"Leeds, Grenville and Lanark District Health Unit",0.1393,104.0,0.6,0.7718,0.9044
15633,2022-07-30,2242,Lambton Health Unit,0.179,75.0,0.57,0.7145,0.8473
15634,2022-07-30,5183,Huron Perth Health Unit,0.0885,126.0,0.9,0.82,0.9559
15635,2022-07-30,2238,Hastings and Prince Edward Counties Health Unit,0.132,131.0,0.78,0.9137,0.9519
15636,2022-07-30,2236,Halton Regional Health Unit,0.1619,283.0,0.46,0.6097,0.7594
15637,2022-07-30,2234,Haldimand-Norfolk Health Unit,0.155,67.0,0.59,0.7363,0.9407
15638,2022-07-30,2233,Grey Bruce Health Unit,0.1182,105.0,0.62,0.8511,0.9565
15639,2022-07-30,2258,Eastern Ontario Health Unit,0.1574,192.0,0.92,0.8541,0.9421
15640,2022-07-30,2230,Durham Regional Health Unit,0.1182,474.0,0.67,0.7017,0.8457
15641,2022-07-30,2226,District of Algoma Health Unit,0.1939,80.0,0.7,0.7491,0.8897
15642,2022-07-30,3895,City of Toronto Health Unit,0.131,2467.0,0.79,0.8003,0.9026
15643,2022-07-30,2251,City of Ottawa Health Unit,0.1835,598.0,0.57,0.7902,0.9026
15644,2022-07-30,2240,Chatham-Kent Health Unit,0.1136,91.0,0.85,0.7449,0.9062
15645,2022-07-30,2227,Brant County Health Unit,0.1506,84.0,0.54,0.7513,0.8435
15646,2022-07-29,2240,Chatham-Kent Health Unit,0.1093,95.0,0.9,0.7666,0.9199
15647,2022-07-29,2226,District of Algoma Health Unit,0.1961,80.0,0.7,0.7906,0.9079
15648,2022-07-29,2244,Middlesex-London Health Unit,0.1322,346.0,0.68,0.8507,0.9257
15649,2022-07-29,35,Ontario,0.1399,10545.0,0.71,0.7721,0.8918
15650,2022-07-29,2262,Thunder Bay District Health Unit,0.1389,169.0,1.13,0.8696,0.9668
15651,2022-07-29,2268,Windsor-Essex County Health Unit,0.1287,366.0,0.86,0.5582,0.8473
15652,2022-07-29,2270,York Regional Health Unit,0.1321,802.0,0.65,0.7157,0.8452
15653,2022-07-29,2266,Wellington-Dufferin-Guelph Health Unit,0.1532,166.0,0.53,0.7116,0.857
15654,2022-07-29,2265,Waterloo Health Unit,0.172,280.0,0.48,0.6904,0.8309
15655,2022-07-29,2263,Timiskaming Health Unit,0.0308,19.0,0.57,0.7727,0.9015
15656,2022-07-29,2261,Sudbury and District Health Unit,0.0788,339.0,1.7,0.7984,0.9433
15657,2022-07-29,4913,Southwestern Public Health,0.1169,131.0,0.62,0.8558,0.931
15658,2022-07-29,2260,Simcoe Muskoka District Health Unit,0.1376,386.0,0.64,0.7684,0.906
15659,2022-07-29,2257,Renfrew County and District Health Unit,0.1747,62.0,0.57,0.7344,0.9561
15660,2022-07-29,2256,Porcupine Health Unit,0.0989,65.0,0.78,0.781,0.969
15661,2022-07-29,2255,Peterborough County-City Health Unit,0.1298,112.0,0.76,0.7685,0.901
15662,2022-07-29,2253,Peel Regional Health Unit,0.1237,1010.0,0.63,0.749,0.8581
15663,2022-07-29,2249,Northwestern Health Unit,0.1699,88.0,1.01,0.8107,0.9145
15664,2022-07-29,2247,North Bay Parry Sound District Health Unit,0.1709,108.0,0.83,0.926,0.9617
15665,2022-07-29,2246,Niagara Regional Area Health Unit,0.1765,333.0,0.7,0.6853,0.8403
15666,2022-07-29,2243,"Leeds, Grenville and Lanark District Health Unit",0.1442,105.0,0.61,0.7872,0.9249
15667,2022-07-29,2242,Lambton Health Unit,0.1785,74.0,0.57,0.7408,0.8603
15668,2022-07-29,2241,"Kingston, Frontenac and Lennox and Addington Health Unit",0.1703,172.0,0.81,0.9269,0.9592
15669,2022-07-29,5183,Huron Perth Health Unit,0.0908,124.0,0.89,0.8164,0.951
15670,2022-07-29,2238,Hastings and Prince Edward Counties Health Unit,0.1198,131.0,0.78,0.9175,0.9522
15671,2022-07-29,2236,Halton Regional Health Unit,0.1638,285.0,0.46,0.6233,0.7737
15672,2022-07-29,2235,"Haliburton, Kawartha, Pine Ridge District Health Unit",0.1442,120.0,0.63,0.8038,0.8971
15673,2022-07-29,2234,Haldimand-Norfolk Health Unit,0.1534,68.0,0.6,0.7263,0.9404
15674,2022-07-29,2233,Grey Bruce Health Unit,0.1152,105.0,0.62,0.8491,0.9549
15675,2022-07-29,2258,Eastern Ontario Health Unit,0.1502,191.0,0.92,0.8458,0.9415
15676,2022-07-29,2230,Durham Regional Health Unit,0.1211,474.0,0.67,0.6961,0.8456
15677,2022-07-29,3895,City of Toronto Health Unit,0.1333,2481.0,0.79,0.805,0.9085
15678,2022-07-29,2251,City of Ottawa Health Unit,0.1898,600.0,0.57,0.7863,0.9033
15679,2022-07-29,2237,City of Hamilton Health Unit,0.1596,489.0,0.83,0.8625,0.925
15680,2022-07-29,2227,Brant County Health Unit,0.1387,83.0,0.54,0.7339,0.8322
15681,2022-07-28,2227,Brant County Health Unit,0.1259,83.0,0.53,0.7247,0.8449
15682,2022-07-28,3895,City of Toronto Health Unit,0.1325,2537.0,0.81,0.8158,0.9184
15683,2022-07-28,2233,Grey Bruce Health Unit,0.1198,103.0,0.6,0.8295,0.9544
15684,2022-07-28,2243,"Leeds, Grenville and Lanark District Health Unit",0.1362,105.0,0.61,0.8092,0.9276
15685,2022-07-28,2249,Northwestern Health Unit,0.1688,90.0,1.02,0.8146,0.9271
15686,2022-07-28,2256,Porcupine Health Unit,0.0964,64.0,0.76,0.8255,0.9754
15687,2022-07-28,2266,Wellington-Dufferin-Guelph Health Unit,0.154,172.0,0.55,0.6895,0.8737
15688,2022-07-28,2270,York Regional Health Unit,0.1327,815.0,0.66,0.7027,0.8542
15689,2022-07-28,2268,Windsor-Essex County Health Unit,0.1305,366.0,0.86,0.5174,0.8478
15690,2022-07-28,2265,Waterloo Health Unit,0.1711,281.0,0.48,0.7087,0.8435
15691,2022-07-28,2263,Timiskaming Health Unit,0.0373,19.0,0.59,0.8175,0.9708
15692,2022-07-28,2262,Thunder Bay District Health Unit,0.1249,170.0,1.14,0.8728,0.9686
15693,2022-07-28,2261,Sudbury and District Health Unit,0.0803,368.0,1.85,0.8425,0.9554
15694,2022-07-28,4913,Southwestern Public Health,0.1123,134.0,0.63,0.8487,0.934
15695,2022-07-28,2260,Simcoe Muskoka District Health Unit,0.1446,385.0,0.64,0.7639,0.8971
15696,2022-07-28,2257,Renfrew County and District Health Unit,0.1835,61.0,0.56,0.7283,0.9532
15697,2022-07-28,2255,Peterborough County-City Health Unit,0.1221,111.0,0.75,0.7871,0.8968
15698,2022-07-28,2253,Peel Regional Health Unit,0.127,1033.0,0.64,0.7494,0.8628
15699,2022-07-28,35,Ontario,0.1389,10724.0,0.72,0.7742,0.8982
15700,2022-07-28,2247,North Bay Parry Sound District Health Unit,0.1737,112.0,0.86,0.9236,0.9633
15701,2022-07-28,2246,Niagara Regional Area Health Unit,0.1726,335.0,0.71,0.6896,0.8446
15702,2022-07-28,2244,Middlesex-London Health Unit,0.1216,374.0,0.74,0.8523,0.9358
15703,2022-07-28,2242,Lambton Health Unit,0.1766,79.0,0.61,0.7332,0.8554
15704,2022-07-28,2241,"Kingston, Frontenac and Lennox and Addington Health Unit",0.1755,178.0,0.84,0.9248,0.9612
15705,2022-07-28,5183,Huron Perth Health Unit,0.0924,124.0,0.89,0.8248,0.9397
15706,2022-07-28,2238,Hastings and Prince Edward Counties Health Unit,0.1147,132.0,0.78,0.9187,0.9523
15707,2022-07-28,2236,Halton Regional Health Unit,0.1675,282.0,0.46,0.6264,0.7882
15708,2022-07-28,2235,"Haliburton, Kawartha, Pine Ridge District Health Unit",0.1415,116.0,0.61,0.7887,0.8845
15709,2022-07-28,2234,Haldimand-Norfolk Health Unit,0.1466,66.0,0.58,0.6915,0.9358
15710,2022-07-28,2258,Eastern Ontario Health Unit,0.1614,190.0,0.91,0.8442,0.9448
15711,2022-07-28,2230,Durham Regional Health Unit,0.1189,465.0,0.65,0.6861,0.8603
15712,2022-07-28,2226,District of Algoma Health Unit,0.1858,82.0,0.72,0.8599,0.9261
15713,2022-07-28,2251,City of Ottawa Health Unit,0.1927,603.0,0.57,0.7953,0.91
15714,2022-07-28,2237,City of Hamilton Health Unit,0.149,497.0,0.84,0.8678,0.9286
15715,2022-07-28,2240,Chatham-Kent Health Unit,0.108,102.0,0.96,0.7788,0.915
15716,2022-07-27,2251,City of Ottawa Health Unit,0.1886,628.0,0.6,0.7905,0.9117
15717,2022-07-27,2258,Eastern Ontario Health Unit,0.1437,190.0,0.91,0.8281,0.9375
15718,2022-07-27,2236,Halton Regional Health Unit,0.1696,272.0,0.44,0.6399,0.795
15719,2022-07-27,2247,North Bay Parry Sound District Health Unit,0.1628,99.0,0.76,0.9183,0.9733
15720,2022-07-27,2255,Peterborough County-City Health Unit,0.1346,93.0,0.63,0.789,0.8937
15721,2022-07-27,4913,Southwestern Public Health,0.1061,139.0,0.66,0.8423,0.9329
15722,2022-07-27,2270,York Regional Health Unit,0.1338,824.0,0.67,0.7031,0.8514
15723,2022-07-27,2268,Windsor-Essex County Health Unit,0.1316,371.0,0.87,0.5263,0.8416
15724,2022-07-27,2266,Wellington-Dufferin-Guelph Health Unit,0.1481,170.0,0.54,0.6991,0.8757
15725,2022-07-27,2265,Waterloo Health Unit,0.1679,286.0,0.49,0.699,0.8323
15726,2022-07-27,2263,Timiskaming Health Unit,0.0423,20.0,0.62,0.8027,0.966
15727,2022-07-27,2262,Thunder Bay District Health Unit,0.1272,168.0,1.12,0.894,0.9702
15728,2022-07-27,2261,Sudbury and District Health Unit,0.0864,357.0,1.8,0.7974,0.9554
15729,2022-07-27,2260,Simcoe Muskoka District Health Unit,0.1491,379.0,0.63,0.7526,0.8892
15730,2022-07-27,2257,Renfrew County and District Health Unit,0.173,64.0,0.59,0.7549,0.965
15731,2022-07-27,2256,Porcupine Health Unit,0.0941,68.0,0.82,0.7983,0.9653
15732,2022-07-27,2253,Peel Regional Health Unit,0.1303,1041.0,0.65,0.7685,0.8739
15733,2022-07-27,35,Ontario,0.1396,10837.0,0.73,0.7765,0.8977
15734,2022-07-27,2249,Northwestern Health Unit,0.1651,90.0,1.03,0.8242,0.9258
15735,2022-07-27,2246,Niagara Regional Area Health Unit,0.1666,346.0,0.73,0.6638,0.8311
15736,2022-07-27,2244,Middlesex-London Health Unit,0.1229,373.0,0.73,0.8593,0.9318
15737,2022-07-27,2243,"Leeds, Grenville and Lanark District Health Unit",0.143,107.0,0.62,0.817,0.9291
15738,2022-07-27,2242,Lambton Health Unit,0.1766,82.0,0.62,0.7007,0.8092
15739,2022-07-27,2241,"Kingston, Frontenac and Lennox and Addington Health Unit",0.1862,183.0,0.86,0.9238,0.96
15740,2022-07-27,5183,Huron Perth Health Unit,0.095,129.0,0.93,0.7886,0.9349
15741,2022-07-27,2238,Hastings and Prince Edward Counties Health Unit,0.1143,134.0,0.79,0.9164,0.9443
15742,2022-07-27,2235,"Haliburton, Kawartha, Pine Ridge District Health Unit",0.1376,112.0,0.59,0.7924,0.8861
15743,2022-07-27,2234,Haldimand-Norfolk Health Unit,0.1325,65.0,0.57,0.6879,0.9324
15744,2022-07-27,2233,Grey Bruce Health Unit,0.1205,104.0,0.61,0.8241,0.9508
15745,2022-07-27,2230,Durham Regional Health Unit,0.1213,475.0,0.67,0.6728,0.8528
15746,2022-07-27,2226,District of Algoma Health Unit,0.1801,82.0,0.71,0.843,0.9302
15747,2022-07-27,3895,City of Toronto Health Unit,0.1332,2598.0,0.83,0.8257,0.9186
15748,2022-07-27,2237,City of Hamilton Health Unit,0.1575,492.0,0.83,0.873,0.9312
15749,2022-07-27,2240,Chatham-Kent Health Unit,0.1171,115.0,1.08,0.8135,0.9237
15750,2022-07-27,2227,Brant County Health Unit,0.1151,87.0,0.56,0.7296,0.8443
15751,2022-07-26,2230,Durham Regional Health Unit,0.1231,485.0,0.68,0.6979,0.8602
15752,2022-07-26,2235,"Haliburton, Kawartha, Pine Ridge District Health Unit",0.1382,111.0,0.59,0.7842,0.894
15753,2022-07-26,2241,"Kingston, Frontenac and Lennox and Addington Health Unit",0.1885,192.0,0.9,0.9289,0.9685
15754,2022-07-26,2253,Peel Regional Health Unit,0.1281,1044.0,0.65,0.7763,0.8871
15755,2022-07-26,2260,Simcoe Muskoka District Health Unit,0.1529,367.0,0.61,0.7559,0.8927
15756,2022-07-26,2263,Timiskaming Health Unit,0.0331,22.0,0.66,0.8,0.9647
15757,2022-07-26,2270,York Regional Health Unit,0.1393,822.0,0.67,0.7134,0.8626
15758,2022-07-26,2268,Windsor-Essex County Health Unit,0.1278,389.0,0.92,0.5383,0.849
15759,2022-07-26,2266,Wellington-Dufferin-Guelph Health Unit,0.1523,175.0,0.56,0.7198,0.8886
15760,2022-07-26,2265,Waterloo Health Unit,0.1628,288.0,0.49,0.7198,0.8531
15761,2022-07-26,2262,Thunder Bay District Health Unit,0.1236,185.0,1.23,0.8924,0.969
15762,2022-07-26,2261,Sudbury and District Health Unit,0.0957,345.0,1.73,0.7886,0.9555
15763,2022-07-26,4913,Southwestern Public Health,0.1128,142.0,0.67,0.8508,0.9298
15764,2022-07-26,2257,Renfrew County and District Health Unit,0.1754,65.0,0.6,0.7309,0.9618
15765,2022-07-26,2256,Porcupine Health Unit,0.1128,67.0,0.8,0.804,0.9666
15766,2022-07-26,2255,Peterborough County-City Health Unit,0.1358,86.0,0.58,0.7788,0.9088
15767,2022-07-26,35,Ontario,0.1409,10890.0,0.73,0.7821,0.9048
15768,2022-07-26,2249,Northwestern Health Unit,0.1632,90.0,1.03,0.8352,0.9271
15769,2022-07-26,2247,North Bay Parry Sound District Health Unit,0.1496,96.0,0.74,0.8847,0.9679
15770,2022-07-26,2246,Niagara Regional Area Health Unit,0.1718,328.0,0.69,0.6379,0.8241
15771,2022-07-26,2244,Middlesex-London Health Unit,0.1244,377.0,0.74,0.8565,0.9336
15772,2022-07-26,2243,"Leeds, Grenville and Lanark District Health Unit",0.1376,104.0,0.6,0.81,0.9308
15773,2022-07-26,2242,Lambton Health Unit,0.1599,81.0,0.62,0.7163,0.8249
15774,2022-07-26,5183,Huron Perth Health Unit,0.0943,133.0,0.95,0.7849,0.9361
15775,2022-07-26,2238,Hastings and Prince Edward Counties Health Unit,0.1249,133.0,0.79,0.9068,0.9403
15776,2022-07-26,2236,Halton Regional Health Unit,0.1675,271.0,0.44,0.6496,0.8019
15777,2022-07-26,2234,Haldimand-Norfolk Health Unit,0.1452,69.0,0.6,0.7289,0.9271
15778,2022-07-26,2233,Grey Bruce Health Unit,0.1182,108.0,0.63,0.7977,0.9539
15779,2022-07-26,2258,Eastern Ontario Health Unit,0.1362,188.0,0.9,0.8182,0.9433
15780,2022-07-26,2226,District of Algoma Health Unit,0.1782,75.0,0.65,0.8506,0.9357
15781,2022-07-26,3895,City of Toronto Health Unit,0.1357,2645.0,0.85,0.8323,0.9254
15782,2022-07-26,2251,City of Ottawa Health Unit,0.1875,620.0,0.59,0.803,0.9239
15783,2022-07-26,2237,City of Hamilton Health Unit,0.1634,482.0,0.81,0.8694,0.9347
15784,2022-07-26,2240,Chatham-Kent Health Unit,0.1115,117.0,1.1,0.8061,0.9266
15785,2022-07-26,2227,Brant County Health Unit,0.1252,92.0,0.6,0.7455,0.8576
15786,2022-07-25,2240,Chatham-Kent Health Unit,0.107,104.0,0.98,0.8249,0.9345
15787,2022-07-25,2234,Haldimand-Norfolk Health Unit,0.1435,69.0,0.6,0.7403,0.9249
15788,2022-07-25,5183,Huron Perth Health Unit,0.0978,143.0,1.02,0.7457,0.9339
15789,2022-07-25,2244,Middlesex-London Health Unit,0.131,371.0,0.73,0.8634,0.9412
15790,2022-07-25,2257,Renfrew County and District Health Unit,0.1761,68.0,0.63,0.7219,0.9632
15791,2022-07-25,2262,Thunder Bay District Health Unit,0.1234,188.0,1.25,0.8953,0.9686
15792,2022-07-25,2268,Windsor-Essex County Health Unit,0.1229,374.0,0.88,0.5479,0.8419
15793,2022-07-25,2270,York Regional Health Unit,0.1489,796.0,0.65,0.7366,0.8867
15794,2022-07-25,2266,Wellington-Dufferin-Guelph Health Unit,0.1606,172.0,0.55,0.7111,0.8858
15795,2022-07-25,2265,Waterloo Health Unit,0.1671,289.0,0.49,0.6904,0.8343
15796,2022-07-25,2263,Timiskaming Health Unit,0.0349,25.0,0.75,0.7933,0.9441
15797,2022-07-25,2261,Sudbury and District Health Unit,0.1042,355.0,1.78,0.8105,0.9794
15798,2022-07-25,4913,Southwestern Public Health,0.1099,146.0,0.69,0.8332,0.9319
15799,2022-07-25,2260,Simcoe Muskoka District Health Unit,0.1502,371.0,0.62,0.7506,0.9004
15800,2022-07-25,2256,Porcupine Health Unit,0.1263,67.0,0.8,0.7913,0.938
15801,2022-07-25,2255,Peterborough County-City Health Unit,0.144,87.0,0.59,0.7104,0.8354
15802,2022-07-25,2253,Peel Regional Health Unit,0.1246,1027.0,0.64,0.7883,0.8957
15803,2022-07-25,35,Ontario,0.1451,10774.0,0.73,0.7825,0.9047
15804,2022-07-25,2249,Northwestern Health Unit,0.1564,90.0,1.03,0.8403,0.9227
15805,2022-07-25,2247,North Bay Parry Sound District Health Unit,0.1664,97.0,0.75,0.8879,0.9709
15806,2022-07-25,2246,Niagara Regional Area Health Unit,0.1661,316.0,0.67,0.6403,0.8124
15807,2022-07-25,2243,"Leeds, Grenville and Lanark District Health Unit",0.1488,106.0,0.61,0.7987,0.9172
15808,2022-07-25,2242,Lambton Health Unit,0.1517,78.0,0.6,0.725,0.825
15809,2022-07-25,2241,"Kingston, Frontenac and Lennox and Addington Health Unit",0.1882,204.0,0.96,0.9233,0.9667
15810,2022-07-25,2238,Hastings and Prince Edward Counties Health Unit,0.1322,137.0,0.81,0.9117,0.945
15811,2022-07-25,2236,Halton Regional Health Unit,0.1711,267.0,0.43,0.6739,0.8232
15812,2022-07-25,2235,"Haliburton, Kawartha, Pine Ridge District Health Unit",0.1418,113.0,0.6,0.7443,0.842
15813,2022-07-25,2233,Grey Bruce Health Unit,0.1177,108.0,0.64,0.7949,0.9449
15814,2022-07-25,2258,Eastern Ontario Health Unit,0.1552,197.0,0.94,0.812,0.938
15815,2022-07-25,2230,Durham Regional Health Unit,0.1312,488.0,0.68,0.6861,0.8441
15816,2022-07-25,2226,District of Algoma Health Unit,0.1928,71.0,0.62,0.8482,0.9393
15817,2022-07-25,3895,City of Toronto Health Unit,0.1408,2550.0,0.82,0.8282,0.9225
15818,2022-07-25,2251,City of Ottawa Health Unit,0.1956,632.0,0.6,0.8031,0.9226
15819,2022-07-25,2237,City of Hamilton Health Unit,0.1765,475.0,0.8,0.8717,0.9336
15820,2022-07-25,2227,Brant County Health Unit,0.1173,95.0,0.61,0.7161,0.822
15821,2022-07-24,2227,Brant County Health Unit,0.1399,97.0,0.62,0.7121,0.8184
15822,2022-07-24,3895,City of Toronto Health Unit,0.1461,2578.0,0.83,0.8125,0.9081
15823,2022-07-24,2238,Hastings and Prince Edward Counties Health Unit,0.1401,140.0,0.83,0.913,0.9453
15824,2022-07-24,2243,"Leeds, Grenville and Lanark District Health Unit",0.1511,112.0,0.64,0.8127,0.9218
15825,2022-07-24,2249,Northwestern Health Unit,0.1554,89.0,1.02,0.8789,0.9516
15826,2022-07-24,2261,Sudbury and District Health Unit,0.1113,364.0,1.83,0.8057,0.9746
15827,2022-07-24,2266,Wellington-Dufferin-Guelph Health Unit,0.1489,170.0,0.54,0.7266,0.8992
15828,2022-07-24,2270,York Regional Health Unit,0.1573,800.0,0.65,0.7277,0.879
15829,2022-07-24,2268,Windsor-Essex County Health Unit,0.1237,363.0,0.85,0.5416,0.8296
15830,2022-07-24,2265,Waterloo Health Unit,0.1689,284.0,0.49,0.7103,0.8514
15831,2022-07-24,2263,Timiskaming Health Unit,0.0282,25.0,0.77,0.8023,0.9492
15832,2022-07-24,2262,Thunder Bay District Health Unit,0.112,190.0,1.27,0.8775,0.9703
15833,2022-07-24,4913,Southwestern Public Health,0.1089,142.0,0.67,0.8335,0.9332
15834,2022-07-24,2260,Simcoe Muskoka District Health Unit,0.1504,384.0,0.64,0.7484,0.8979
15835,2022-07-24,2257,Renfrew County and District Health Unit,0.1698,69.0,0.64,0.7271,0.9562
15836,2022-07-24,2256,Porcupine Health Unit,0.1226,75.0,0.89,0.7973,0.9388
15837,2022-07-24,2255,Peterborough County-City Health Unit,0.1391,87.0,0.59,0.7262,0.8517
15838,2022-07-24,2253,Peel Regional Health Unit,0.1268,1063.0,0.66,0.8045,0.9063
15839,2022-07-24,35,Ontario,0.1476,10903.0,0.74,0.781,0.9027
15840,2022-07-24,2247,North Bay Parry Sound District Health Unit,0.1627,103.0,0.79,0.8881,0.9734
15841,2022-07-24,2246,Niagara Regional Area Health Unit,0.1611,325.0,0.69,0.6347,0.8024
15842,2022-07-24,2244,Middlesex-London Health Unit,0.1271,357.0,0.7,0.86,0.9381
15843,2022-07-24,2242,Lambton Health Unit,0.1588,82.0,0.63,0.7185,0.8208
15844,2022-07-24,2241,"Kingston, Frontenac and Lennox and Addington Health Unit",0.1914,199.0,0.94,0.9214,0.9674
15845,2022-07-24,5183,Huron Perth Health Unit,0.0986,136.0,0.97,0.7355,0.9461
15846,2022-07-24,2236,Halton Regional Health Unit,0.1761,270.0,0.44,0.6946,0.8436
15847,2022-07-24,2235,"Haliburton, Kawartha, Pine Ridge District Health Unit",0.1153,120.0,0.64,0.7463,0.8457
15848,2022-07-24,2234,Haldimand-Norfolk Health Unit,0.1652,67.0,0.58,0.7473,0.9299
15849,2022-07-24,2233,Grey Bruce Health Unit,0.1155,113.0,0.66,0.7877,0.9413
15850,2022-07-24,2258,Eastern Ontario Health Unit,0.1659,199.0,0.95,0.8188,0.9381
15851,2022-07-24,2230,Durham Regional Health Unit,0.1307,486.0,0.68,0.6843,0.8423
15852,2022-07-24,2226,District of Algoma Health Unit,0.1687,69.0,0.61,0.8651,0.9544
15853,2022-07-24,2251,City of Ottawa Health Unit,0.2057,649.0,0.61,0.807,0.925
15854,2022-07-24,2237,City of Hamilton Health Unit,0.1746,489.0,0.83,0.8721,0.9344
15855,2022-07-24,2240,Chatham-Kent Health Unit,0.1149,109.0,1.03,0.8262,0.9324
15856,2022-07-23,2251,City of Ottawa Health Unit,0.2022,650.0,0.62,0.8277,0.9324
15857,2022-07-23,2258,Eastern Ontario Health Unit,0.1647,198.0,0.95,0.8315,0.9433
15858,2022-07-23,2242,Lambton Health Unit,0.1604,79.0,0.61,0.741,0.8336
15859,2022-07-23,2247,North Bay Parry Sound District Health Unit,0.1632,102.0,0.78,0.8969,0.9735
15860,2022-07-23,2265,Waterloo Health Unit,0.1704,290.0,0.5,0.7209,0.8589
15861,2022-07-23,2255,Peterborough County-City Health Unit,0.1369,89.0,0.6,0.7333,0.8409
15862,2022-07-23,2270,York Regional Health Unit,0.1569,808.0,0.66,0.739,0.884
15863,2022-07-23,2268,Windsor-Essex County Health Unit,0.126,355.0,0.84,0.568,0.8375
15864,2022-07-23,2266,Wellington-Dufferin-Guelph Health Unit,0.1542,169.0,0.54,0.7416,0.9059
15865,2022-07-23,2263,Timiskaming Health Unit,0.0305,23.0,0.72,0.7879,0.9455
15866,2022-07-23,2262,Thunder Bay District Health Unit,0.1157,188.0,1.25,0.8797,0.9697
15867,2022-07-23,2261,Sudbury and District Health Unit,0.124,353.0,1.77,0.7788,0.9641
15868,2022-07-23,4913,Southwestern Public Health,0.1051,144.0,0.68,0.8398,0.9413
15869,2022-07-23,2260,Simcoe Muskoka District Health Unit,0.1523,394.0,0.66,0.7585,0.903
15870,2022-07-23,2257,Renfrew County and District Health Unit,0.1694,71.0,0.65,0.7108,0.9584
15871,2022-07-23,2256,Porcupine Health Unit,0.1275,78.0,0.94,0.8015,0.9393
15872,2022-07-23,2253,Peel Regional Health Unit,0.1253,1066.0,0.66,0.8204,0.9106
15873,2022-07-23,35,Ontario,0.1486,10909.0,0.74,0.7892,0.9062
15874,2022-07-23,2249,Northwestern Health Unit,0.1567,86.0,0.98,0.8705,0.9482
15875,2022-07-23,2246,Niagara Regional Area Health Unit,0.1648,313.0,0.66,0.6575,0.8166
15876,2022-07-23,2244,Middlesex-London Health Unit,0.1242,357.0,0.7,0.8609,0.9401
15877,2022-07-23,2243,"Leeds, Grenville and Lanark District Health Unit",0.1476,116.0,0.67,0.8216,0.9261
15878,2022-07-23,2241,"Kingston, Frontenac and Lennox and Addington Health Unit",0.1996,204.0,0.96,0.928,0.9697
15879,2022-07-23,5183,Huron Perth Health Unit,0.1034,137.0,0.98,0.7164,0.9444
15880,2022-07-23,2238,Hastings and Prince Edward Counties Health Unit,0.1433,143.0,0.85,0.9142,0.9491
15881,2022-07-23,2236,Halton Regional Health Unit,0.1737,273.0,0.44,0.707,0.8458
15882,2022-07-23,2235,"Haliburton, Kawartha, Pine Ridge District Health Unit",0.115,118.0,0.62,0.7468,0.8444
15883,2022-07-23,2234,Haldimand-Norfolk Health Unit,0.1568,67.0,0.59,0.7726,0.9272
15884,2022-07-23,2233,Grey Bruce Health Unit,0.1067,107.0,0.63,0.7964,0.9385
15885,2022-07-23,2230,Durham Regional Health Unit,0.1336,485.0,0.68,0.6902,0.8428
15886,2022-07-23,2226,District of Algoma Health Unit,0.1694,71.0,0.62,0.8668,0.959
15887,2022-07-23,3895,City of Toronto Health Unit,0.1475,2586.0,0.83,0.816,0.9102
15888,2022-07-23,2237,City of Hamilton Health Unit,0.1736,488.0,0.82,0.8825,0.9396
15889,2022-07-23,2240,Chatham-Kent Health Unit,0.1184,107.0,1.01,0.8329,0.9308
15890,2022-07-23,2227,Brant County Health Unit,0.1509,97.0,0.62,0.7317,0.825
15891,2022-07-22,2230,Durham Regional Health Unit,0.1339,495.0,0.69,0.6899,0.8475
15892,2022-07-22,2235,"Haliburton, Kawartha, Pine Ridge District Health Unit",0.1165,118.0,0.62,0.7421,0.8285
15893,2022-07-22,2246,Niagara Regional Area Health Unit,0.1603,319.0,0.68,0.6695,0.8229
15894,2022-07-22,2253,Peel Regional Health Unit,0.1301,1050.0,0.65,0.8258,0.9195
15895,2022-07-22,2260,Simcoe Muskoka District Health Unit,0.1524,390.0,0.65,0.7469,0.908
15896,2022-07-22,2270,York Regional Health Unit,0.1608,795.0,0.65,0.7511,0.8941
15897,2022-07-22,2268,Windsor-Essex County Health Unit,0.1185,369.0,0.87,0.5714,0.839
15898,2022-07-22,2266,Wellington-Dufferin-Guelph Health Unit,0.1578,164.0,0.53,0.7557,0.921
15899,2022-07-22,2265,Waterloo Health Unit,0.1744,282.0,0.48,0.7137,0.8661
15900,2022-07-22,2263,Timiskaming Health Unit,0.0373,23.0,0.7,0.7821,0.9423
15901,2022-07-22,2262,Thunder Bay District Health Unit,0.1167,190.0,1.27,0.9157,0.9772
15902,2022-07-22,2261,Sudbury and District Health Unit,0.1308,345.0,1.73,0.7365,0.9632
15903,2022-07-22,4913,Southwestern Public Health,0.1065,145.0,0.68,0.8604,0.9528
15904,2022-07-22,2257,Renfrew County and District Health Unit,0.164,72.0,0.67,0.7202,0.9603
15905,2022-07-22,2256,Porcupine Health Unit,0.1241,77.0,0.92,0.8377,0.9319
15906,2022-07-22,2255,Peterborough County-City Health Unit,0.135,91.0,0.61,0.7204,0.8082
15907,2022-07-22,35,Ontario,0.1486,10851.0,0.73,0.7931,0.9111
15908,2022-07-22,2249,Northwestern Health Unit,0.1521,86.0,0.99,0.8641,0.9531
15909,2022-07-22,2247,North Bay Parry Sound District Health Unit,0.1601,101.0,0.78,0.891,0.9764
15910,2022-07-22,2244,Middlesex-London Health Unit,0.1238,361.0,0.71,0.8516,0.9415
15911,2022-07-22,2243,"Leeds, Grenville and Lanark District Health Unit",0.1437,120.0,0.69,0.8447,0.9305
15912,2022-07-22,2242,Lambton Health Unit,0.1441,80.0,0.61,0.7348,0.8398
15913,2022-07-22,2241,"Kingston, Frontenac and Lennox and Addington Health Unit",0.1921,214.0,1.01,0.932,0.9714
15914,2022-07-22,5183,Huron Perth Health Unit,0.1093,144.0,1.03,0.7163,0.9465
15915,2022-07-22,2238,Hastings and Prince Edward Counties Health Unit,0.1477,143.0,0.85,0.9196,0.9548
15916,2022-07-22,2236,Halton Regional Health Unit,0.1817,266.0,0.43,0.7212,0.8641
15917,2022-07-22,2234,Haldimand-Norfolk Health Unit,0.1591,66.0,0.58,0.7906,0.9316
15918,2022-07-22,2233,Grey Bruce Health Unit,0.1082,104.0,0.61,0.7725,0.939
15919,2022-07-22,2258,Eastern Ontario Health Unit,0.1687,196.0,0.94,0.8356,0.9515
15920,2022-07-22,2226,District of Algoma Health Unit,0.1622,70.0,0.61,0.8603,0.9534
15921,2022-07-22,3895,City of Toronto Health Unit,0.1469,2550.0,0.82,0.8203,0.9135
15922,2022-07-22,2251,City of Ottawa Health Unit,0.1962,643.0,0.61,0.8403,0.9386
15923,2022-07-22,2237,City of Hamilton Health Unit,0.1715,485.0,0.82,0.9013,0.9523
15924,2022-07-22,2240,Chatham-Kent Health Unit,0.1194,102.0,0.96,0.838,0.9316
15925,2022-07-22,2227,Brant County Health Unit,0.1473,97.0,0.62,0.7585,0.837
15926,2022-07-21,2226,District of Algoma Health Unit,0.1552,64.0,0.56,0.8575,0.948
15927,2022-07-21,2234,Haldimand-Norfolk Health Unit,0.1656,67.0,0.59,0.8593,0.9451
15928,2022-07-21,5183,Huron Perth Health Unit,0.1108,148.0,1.06,0.7274,0.9533
15929,2022-07-21,35,Ontario,0.1518,10673.0,0.72,0.8025,0.9147
15930,2022-07-21,2257,Renfrew County and District Health Unit,0.155,77.0,0.71,0.7243,0.9632
15931,2022-07-21,2262,Thunder Bay District Health Unit,0.1163,188.0,1.25,0.9179,0.9771
15932,2022-07-21,2270,York Regional Health Unit,0.1659,777.0,0.63,0.7698,0.8979
15933,2022-07-21,2268,Windsor-Essex County Health Unit,0.1172,359.0,0.85,0.6296,0.8536
15934,2022-07-21,2266,Wellington-Dufferin-Guelph Health Unit,0.1625,158.0,0.51,0.7613,0.9211
15935,2022-07-21,2265,Waterloo Health Unit,0.1781,278.0,0.47,0.707,0.8655
15936,2022-07-21,2263,Timiskaming Health Unit,0.0438,23.0,0.7,0.7922,0.9416
15937,2022-07-21,2261,Sudbury and District Health Unit,0.1396,310.0,1.56,0.7347,0.9556
15938,2022-07-21,4913,Southwestern Public Health,0.1031,145.0,0.69,0.8643,0.9614
15939,2022-07-21,2260,Simcoe Muskoka District Health Unit,0.147,389.0,0.65,0.7549,0.9184
15940,2022-07-21,2256,Porcupine Health Unit,0.1176,75.0,0.9,0.8323,0.9329
15941,2022-07-21,2255,Peterborough County-City Health Unit,0.1274,90.0,0.61,0.7068,0.7959
15942,2022-07-21,2253,Peel Regional Health Unit,0.1308,996.0,0.62,0.8315,0.9216
15943,2022-07-21,2249,Northwestern Health Unit,0.1584,87.0,0.99,0.8704,0.9512
15944,2022-07-21,2247,North Bay Parry Sound District Health Unit,0.1585,94.0,0.72,0.892,0.9762
15945,2022-07-21,2246,Niagara Regional Area Health Unit,0.1571,332.0,0.7,0.6649,0.8217
15946,2022-07-21,2244,Middlesex-London Health Unit,0.1435,340.0,0.67,0.8705,0.9489
15947,2022-07-21,2243,"Leeds, Grenville and Lanark District Health Unit",0.1474,127.0,0.73,0.8395,0.9387
15948,2022-07-21,2242,Lambton Health Unit,0.1429,78.0,0.6,0.7331,0.8491
15949,2022-07-21,2241,"Kingston, Frontenac and Lennox and Addington Health Unit",0.1904,212.0,0.99,0.9361,0.9735
15950,2022-07-21,2238,Hastings and Prince Edward Counties Health Unit,0.1404,152.0,0.9,0.9153,0.9553
15951,2022-07-21,2236,Halton Regional Health Unit,0.1832,256.0,0.41,0.7528,0.8767
15952,2022-07-21,2235,"Haliburton, Kawartha, Pine Ridge District Health Unit",0.1207,108.0,0.57,0.7506,0.8387
15953,2022-07-21,2233,Grey Bruce Health Unit,0.11,103.0,0.6,0.8052,0.9448
15954,2022-07-21,2258,Eastern Ontario Health Unit,0.1674,193.0,0.92,0.8232,0.9533
15955,2022-07-21,2230,Durham Regional Health Unit,0.14,494.0,0.69,0.709,0.8486
15956,2022-07-21,3895,City of Toronto Health Unit,0.1517,2531.0,0.81,0.8259,0.9133
15957,2022-07-21,2251,City of Ottawa Health Unit,0.1963,648.0,0.61,0.8386,0.9495
15958,2022-07-21,2237,City of Hamilton Health Unit,0.1783,486.0,0.82,0.9092,0.9563
15959,2022-07-21,2240,Chatham-Kent Health Unit,0.1101,97.0,0.92,0.8429,0.9392
15960,2022-07-21,2227,Brant County Health Unit,0.1707,101.0,0.65,0.7936,0.8464
15961,2022-07-20,2227,Brant County Health Unit,0.1753,97.0,0.62,0.7766,0.8505
15962,2022-07-20,2233,Grey Bruce Health Unit,0.1039,107.0,0.63,0.8202,0.9447
15963,2022-07-20,2238,Hastings and Prince Edward Counties Health Unit,0.1446,149.0,0.89,0.9215,0.9651
15964,2022-07-20,2243,"Leeds, Grenville and Lanark District Health Unit",0.139,126.0,0.73,0.8352,0.9418
15965,2022-07-20,2256,Porcupine Health Unit,0.1267,73.0,0.88,0.8566,0.9438
15966,2022-07-20,2261,Sudbury and District Health Unit,0.1371,320.0,1.61,0.7942,0.9558
15967,2022-07-20,2266,Wellington-Dufferin-Guelph Health Unit,0.1645,153.0,0.49,0.7447,0.9287
15968,2022-07-20,2270,York Regional Health Unit,0.1713,754.0,0.61,0.7723,0.9006
15969,2022-07-20,2268,Windsor-Essex County Health Unit,0.1107,361.0,0.85,0.6527,0.8747
15970,2022-07-20,2265,Waterloo Health Unit,0.1868,275.0,0.47,0.7224,0.888
15971,2022-07-20,2263,Timiskaming Health Unit,0.038,23.0,0.69,0.7939,0.9455
15972,2022-07-20,2262,Thunder Bay District Health Unit,0.107,187.0,1.25,0.914,0.9744
15973,2022-07-20,4913,Southwestern Public Health,0.1063,138.0,0.65,0.8539,0.9612
15974,2022-07-20,2260,Simcoe Muskoka District Health Unit,0.144,394.0,0.66,0.776,0.9337
15975,2022-07-20,2257,Renfrew County and District Health Unit,0.1499,75.0,0.69,0.7068,0.9558
15976,2022-07-20,2255,Peterborough County-City Health Unit,0.1487,90.0,0.61,0.7017,0.8025
15977,2022-07-20,2253,Peel Regional Health Unit,0.1347,976.0,0.61,0.8187,0.9212
15978,2022-07-20,35,Ontario,0.1542,10469.0,0.71,0.8078,0.9206
15979,2022-07-20,2249,Northwestern Health Unit,0.1515,88.0,1.0,0.8831,0.9475
15980,2022-07-20,2247,North Bay Parry Sound District Health Unit,0.1493,101.0,0.78,0.9128,0.9803
15981,2022-07-20,2246,Niagara Regional Area Health Unit,0.1668,305.0,0.65,0.6559,0.8336
15982,2022-07-20,2244,Middlesex-London Health Unit,0.1357,343.0,0.68,0.868,0.9535
15983,2022-07-20,2242,Lambton Health Unit,0.1401,74.0,0.57,0.77,0.916
15984,2022-07-20,2241,"Kingston, Frontenac and Lennox and Addington Health Unit",0.186,215.0,1.01,0.9406,0.9786
15985,2022-07-20,5183,Huron Perth Health Unit,0.1114,153.0,1.09,0.7462,0.9596
15986,2022-07-20,2236,Halton Regional Health Unit,0.1981,255.0,0.41,0.7677,0.8887
15987,2022-07-20,2235,"Haliburton, Kawartha, Pine Ridge District Health Unit",0.131,107.0,0.57,0.7364,0.8506
15988,2022-07-20,2234,Haldimand-Norfolk Health Unit,0.1902,70.0,0.61,0.8917,0.9631
15989,2022-07-20,2258,Eastern Ontario Health Unit,0.1694,192.0,0.92,0.8372,0.9593
15990,2022-07-20,2230,Durham Regional Health Unit,0.1458,481.0,0.68,0.7203,0.8624
15991,2022-07-20,2226,District of Algoma Health Unit,0.1624,62.0,0.54,0.8738,0.9515
15992,2022-07-20,3895,City of Toronto Health Unit,0.1582,2450.0,0.79,0.8312,0.9179
15993,2022-07-20,2251,City of Ottawa Health Unit,0.1969,619.0,0.59,0.845,0.9506
15994,2022-07-20,2237,City of Hamilton Health Unit,0.1714,480.0,0.81,0.9126,0.9624
15995,2022-07-20,2240,Chatham-Kent Health Unit,0.0977,86.0,0.81,0.8387,0.9395
15996,2022-07-19,2251,City of Ottawa Health Unit,0.196,629.0,0.6,0.838,0.9476
15997,2022-07-19,2236,Halton Regional Health Unit,0.2037,246.0,0.4,0.7834,0.9032
15998,2022-07-19,2242,Lambton Health Unit,0.1445,76.0,0.58,0.749,0.9049
15999,2022-07-19,2247,North Bay Parry Sound District Health Unit,0.1525,104.0,0.8,0.9459,0.9825
16000,2022-07-19,4913,Southwestern Public Health,0.1074,138.0,0.65,0.8531,0.9645
16001,2022-07-19,2265,Waterloo Health Unit,0.1907,274.0,0.47,0.7011,0.8657
16002,2022-07-19,2270,York Regional Health Unit,0.1698,742.0,0.61,0.7652,0.8961
16003,2022-07-19,2268,Windsor-Essex County Health Unit,0.1067,375.0,0.88,0.6368,0.8653
16004,2022-07-19,2266,Wellington-Dufferin-Guelph Health Unit,0.1552,147.0,0.47,0.7211,0.9141
16005,2022-07-19,2263,Timiskaming Health Unit,0.0364,24.0,0.72,0.8217,0.949
16006,2022-07-19,2262,Thunder Bay District Health Unit,0.1091,173.0,1.15,0.9146,0.9782
16007,2022-07-19,2261,Sudbury and District Health Unit,0.135,304.0,1.53,0.7786,0.9451
16008,2022-07-19,2260,Simcoe Muskoka District Health Unit,0.1416,398.0,0.66,0.7857,0.9387
16009,2022-07-19,2257,Renfrew County and District Health Unit,0.1476,73.0,0.67,0.7576,0.9593
16010,2022-07-19,2256,Porcupine Health Unit,0.1067,76.0,0.91,0.8577,0.9431
16011,2022-07-19,2255,Peterborough County-City Health Unit,0.1522,92.0,0.62,0.7141,0.8024
16012,2022-07-19,2253,Peel Regional Health Unit,0.1389,959.0,0.6,0.819,0.9214
16013,2022-07-19,35,Ontario,0.154,10327.0,0.7,0.8094,0.9217
16014,2022-07-19,2249,Northwestern Health Unit,0.1536,87.0,1.0,0.8862,0.9559
16015,2022-07-19,2246,Niagara Regional Area Health Unit,0.163,307.0,0.65,0.6925,0.8771
16016,2022-07-19,2244,Middlesex-London Health Unit,0.1332,336.0,0.66,0.8638,0.9569
16017,2022-07-19,2243,"Leeds, Grenville and Lanark District Health Unit",0.1429,121.0,0.7,0.8301,0.9354
16018,2022-07-19,2241,"Kingston, Frontenac and Lennox and Addington Health Unit",0.1886,211.0,0.99,0.9404,0.9729
16019,2022-07-19,5183,Huron Perth Health Unit,0.1121,148.0,1.06,0.7364,0.9588
16020,2022-07-19,2238,Hastings and Prince Edward Counties Health Unit,0.1343,154.0,0.92,0.9286,0.9724
16021,2022-07-19,2235,"Haliburton, Kawartha, Pine Ridge District Health Unit",0.1184,103.0,0.54,0.7579,0.8671
16022,2022-07-19,2234,Haldimand-Norfolk Health Unit,0.2043,66.0,0.58,0.8837,0.9509
16023,2022-07-19,2233,Grey Bruce Health Unit,0.1102,105.0,0.62,0.8592,0.9501
16024,2022-07-19,2258,Eastern Ontario Health Unit,0.1765,189.0,0.91,0.8418,0.9551
16025,2022-07-19,2230,Durham Regional Health Unit,0.1393,465.0,0.65,0.7227,0.8632
16026,2022-07-19,2226,District of Algoma Health Unit,0.1429,61.0,0.53,0.8659,0.9459
16027,2022-07-19,3895,City of Toronto Health Unit,0.1583,2395.0,0.77,0.8341,0.921
16028,2022-07-19,2237,City of Hamilton Health Unit,0.1735,483.0,0.82,0.9211,0.9665
16029,2022-07-19,2240,Chatham-Kent Health Unit,0.1048,86.0,0.81,0.8562,0.9428
16030,2022-07-19,2227,Brant County Health Unit,0.172,94.0,0.6,0.7867,0.8578
16031,2022-07-18,2237,City of Hamilton Health Unit,0.1686,480.0,0.81,0.9204,0.9692
16032,2022-07-18,2230,Durham Regional Health Unit,0.1325,459.0,0.64,0.7501,0.9029
16033,2022-07-18,2241,"Kingston, Frontenac and Lennox and Addington Health Unit",0.1993,191.0,0.9,0.9502,0.9798
16034,2022-07-18,2246,Niagara Regional Area Health Unit,0.1632,319.0,0.68,0.6999,0.9063
16035,2022-07-18,2253,Peel Regional Health Unit,0.142,950.0,0.59,0.8169,0.9243
16036,2022-07-18,2263,Timiskaming Health Unit,0.0309,23.0,0.71,0.8058,0.9712
16037,2022-07-18,2270,York Regional Health Unit,0.1698,745.0,0.61,0.7728,0.9006
16038,2022-07-18,2268,Windsor-Essex County Health Unit,0.1117,373.0,0.88,0.6201,0.8607
16039,2022-07-18,2266,Wellington-Dufferin-Guelph Health Unit,0.1555,151.0,0.48,0.7276,0.918
16040,2022-07-18,2265,Waterloo Health Unit,0.1895,274.0,0.47,0.7337,0.8944
16041,2022-07-18,2262,Thunder Bay District Health Unit,0.1056,169.0,1.13,0.9055,0.9789
16042,2022-07-18,2261,Sudbury and District Health Unit,0.1407,251.0,1.26,0.7741,0.9378
16043,2022-07-18,4913,Southwestern Public Health,0.1065,142.0,0.67,0.848,0.9464
16044,2022-07-18,2260,Simcoe Muskoka District Health Unit,0.1411,398.0,0.66,0.8003,0.9384
16045,2022-07-18,2257,Renfrew County and District Health Unit,0.1322,75.0,0.69,0.75,0.9496
16046,2022-07-18,2256,Porcupine Health Unit,0.1017,77.0,0.93,0.7772,0.8452
16047,2022-07-18,2255,Peterborough County-City Health Unit,0.1368,91.0,0.61,0.79,0.8843
16048,2022-07-18,35,Ontario,0.1527,10189.0,0.69,0.814,0.929
16049,2022-07-18,2249,Northwestern Health Unit,0.1554,85.0,0.96,0.8721,0.9428
16050,2022-07-18,2247,North Bay Parry Sound District Health Unit,0.1464,102.0,0.79,0.9427,0.9785
16051,2022-07-18,2244,Middlesex-London Health Unit,0.1354,323.0,0.64,0.8596,0.9559
16052,2022-07-18,2243,"Leeds, Grenville and Lanark District Health Unit",0.1473,119.0,0.69,0.8561,0.9508
16053,2022-07-18,2242,Lambton Health Unit,0.1385,75.0,0.57,0.757,0.9241
16054,2022-07-18,5183,Huron Perth Health Unit,0.1089,142.0,1.01,0.7322,0.9415
16055,2022-07-18,2238,Hastings and Prince Edward Counties Health Unit,0.116,155.0,0.92,0.9277,0.972
16056,2022-07-18,2236,Halton Regional Health Unit,0.2075,240.0,0.39,0.7911,0.9147
16057,2022-07-18,2235,"Haliburton, Kawartha, Pine Ridge District Health Unit",0.1098,107.0,0.56,0.8252,0.9404
16058,2022-07-18,2234,Haldimand-Norfolk Health Unit,0.2234,56.0,0.49,0.8469,0.9388
16059,2022-07-18,2233,Grey Bruce Health Unit,0.108,102.0,0.6,0.867,0.964
16060,2022-07-18,2258,Eastern Ontario Health Unit,0.1646,181.0,0.87,0.8604,0.9708
16061,2022-07-18,2226,District of Algoma Health Unit,0.1316,60.0,0.52,0.88,0.9525
16062,2022-07-18,3895,City of Toronto Health Unit,0.1566,2401.0,0.77,0.8399,0.9308
16063,2022-07-18,2251,City of Ottawa Health Unit,0.1899,608.0,0.58,0.8381,0.9477
16064,2022-07-18,2240,Chatham-Kent Health Unit,0.1056,84.0,0.79,0.8439,0.9383
16065,2022-07-18,2227,Brant County Health Unit,0.1832,95.0,0.61,0.7885,0.8663
16066,2022-07-17,2240,Chatham-Kent Health Unit,0.0989,78.0,0.73,0.8386,0.9369
16067,2022-07-17,2226,District of Algoma Health Unit,0.1268,59.0,0.51,0.8808,0.956
16068,2022-07-17,2234,Haldimand-Norfolk Health Unit,0.2097,53.0,0.47,0.8393,0.9311
16069,2022-07-17,2244,Middlesex-London Health Unit,0.1294,319.0,0.63,0.8562,0.9572
16070,2022-07-17,35,Ontario,0.1498,10008.0,0.67,0.819,0.9368
16071,2022-07-17,2257,Renfrew County and District Health Unit,0.126,74.0,0.68,0.7034,0.9548
16072,2022-07-17,2268,Windsor-Essex County Health Unit,0.1072,373.0,0.88,0.6404,0.8763
16073,2022-07-17,2270,York Regional Health Unit,0.1695,744.0,0.61,0.7922,0.9184
16074,2022-07-17,2266,Wellington-Dufferin-Guelph Health Unit,0.167,149.0,0.48,0.72,0.9108
16075,2022-07-17,2265,Waterloo Health Unit,0.1825,270.0,0.46,0.7064,0.888
16076,2022-07-17,2263,Timiskaming Health Unit,0.0432,20.0,0.61,0.8029,0.9708
16077,2022-07-17,2262,Thunder Bay District Health Unit,0.1132,163.0,1.09,0.9162,0.9694
16078,2022-07-17,2261,Sudbury and District Health Unit,0.1253,235.0,1.18,0.767,0.9358
16079,2022-07-17,4913,Southwestern Public Health,0.1088,146.0,0.69,0.8465,0.9456
16080,2022-07-17,2260,Simcoe Muskoka District Health Unit,0.1253,401.0,0.67,0.8154,0.9461
16081,2022-07-17,2256,Porcupine Health Unit,0.1109,75.0,0.9,0.7809,0.8481
16082,2022-07-17,2255,Peterborough County-City Health Unit,0.1317,95.0,0.64,0.79,0.8871
16083,2022-07-17,2253,Peel Regional Health Unit,0.1454,924.0,0.58,0.8143,0.9281
16084,2022-07-17,2249,Northwestern Health Unit,0.1653,87.0,1.0,0.8286,0.9009
16085,2022-07-17,2247,North Bay Parry Sound District Health Unit,0.1358,99.0,0.76,0.9461,0.9782
16086,2022-07-17,2246,Niagara Regional Area Health Unit,0.1756,313.0,0.66,0.6727,0.9044
16087,2022-07-17,2243,"Leeds, Grenville and Lanark District Health Unit",0.1522,120.0,0.69,0.8184,0.9474
16088,2022-07-17,2242,Lambton Health Unit,0.1153,68.0,0.52,0.7324,0.9087
16089,2022-07-17,2241,"Kingston, Frontenac and Lennox and Addington Health Unit",0.1873,189.0,0.89,0.9516,0.979
16090,2022-07-17,5183,Huron Perth Health Unit,0.0995,148.0,1.06,0.7569,0.9438
16091,2022-07-17,2238,Hastings and Prince Edward Counties Health Unit,0.1144,151.0,0.9,0.9216,0.966
16092,2022-07-17,2236,Halton Regional Health Unit,0.2059,237.0,0.38,0.7813,0.9137
16093,2022-07-17,2235,"Haliburton, Kawartha, Pine Ridge District Health Unit",0.1055,111.0,0.59,0.8344,0.9465
16094,2022-07-17,2233,Grey Bruce Health Unit,0.0897,104.0,0.61,0.8552,0.9638
16095,2022-07-17,2258,Eastern Ontario Health Unit,0.1522,182.0,0.87,0.849,0.9642
16096,2022-07-17,2230,Durham Regional Health Unit,0.1295,455.0,0.64,0.7722,0.9242
16097,2022-07-17,3895,City of Toronto Health Unit,0.1555,2333.0,0.75,0.8629,0.9532
16098,2022-07-17,2251,City of Ottawa Health Unit,0.176,585.0,0.55,0.8417,0.952
16099,2022-07-17,2237,City of Hamilton Health Unit,0.1728,470.0,0.79,0.9202,0.9711
16100,2022-07-17,2227,Brant County Health Unit,0.1768,94.0,0.6,0.7873,0.8651
16101,2022-07-16,3895,City of Toronto Health Unit,0.1522,2320.0,0.74,0.8656,0.9549
16102,2022-07-16,2233,Grey Bruce Health Unit,0.0877,104.0,0.61,0.8453,0.968
16103,2022-07-16,2238,Hastings and Prince Edward Counties Health Unit,0.1114,151.0,0.9,0.9278,0.9677
16104,2022-07-16,2249,Northwestern Health Unit,0.1678,85.0,0.97,0.8309,0.8963
16105,2022-07-16,2256,Porcupine Health Unit,0.1129,71.0,0.85,0.7719,0.8431
16106,2022-07-16,2261,Sudbury and District Health Unit,0.1115,236.0,1.18,0.8265,0.9467
16107,2022-07-16,2270,York Regional Health Unit,0.17,742.0,0.61,0.8046,0.9247
16108,2022-07-16,2268,Windsor-Essex County Health Unit,0.1084,385.0,0.91,0.6271,0.8754
16109,2022-07-16,2266,Wellington-Dufferin-Guelph Health Unit,0.1618,148.0,0.48,0.7088,0.91
16110,2022-07-16,2265,Waterloo Health Unit,0.1774,270.0,0.46,0.706,0.8881
16111,2022-07-16,2263,Timiskaming Health Unit,0.0347,21.0,0.63,0.8014,0.9645
16112,2022-07-16,2262,Thunder Bay District Health Unit,0.1073,162.0,1.08,0.9079,0.9684
16113,2022-07-16,4913,Southwestern Public Health,0.1153,145.0,0.69,0.8464,0.9376
16114,2022-07-16,2260,Simcoe Muskoka District Health Unit,0.123,390.0,0.65,0.8205,0.9485
16115,2022-07-16,2257,Renfrew County and District Health Unit,0.1122,74.0,0.68,0.7021,0.9526
16116,2022-07-16,2255,Peterborough County-City Health Unit,0.1319,96.0,0.65,0.8032,0.9016
16117,2022-07-16,2253,Peel Regional Health Unit,0.1455,914.0,0.57,0.8181,0.9339
16118,2022-07-16,35,Ontario,0.1479,9932.0,0.67,0.8198,0.9385
16119,2022-07-16,2247,North Bay Parry Sound District Health Unit,0.1354,98.0,0.76,0.9398,0.9794
16120,2022-07-16,2246,Niagara Regional Area Health Unit,0.174,307.0,0.65,0.6712,0.9043
16121,2022-07-16,2244,Middlesex-London Health Unit,0.127,320.0,0.63,0.8521,0.951
16122,2022-07-16,2243,"Leeds, Grenville and Lanark District Health Unit",0.1469,116.0,0.67,0.788,0.9323
16123,2022-07-16,2242,Lambton Health Unit,0.1164,69.0,0.52,0.7033,0.8963
16124,2022-07-16,2241,"Kingston, Frontenac and Lennox and Addington Health Unit",0.1814,178.0,0.84,0.9449,0.9785
16125,2022-07-16,5183,Huron Perth Health Unit,0.0933,155.0,1.11,0.7752,0.9423
16126,2022-07-16,2236,Halton Regional Health Unit,0.2053,237.0,0.38,0.7798,0.9184
16127,2022-07-16,2235,"Haliburton, Kawartha, Pine Ridge District Health Unit",0.1024,112.0,0.59,0.8433,0.9543
16128,2022-07-16,2234,Haldimand-Norfolk Health Unit,0.2202,54.0,0.47,0.8238,0.9355
16129,2022-07-16,2258,Eastern Ontario Health Unit,0.1526,181.0,0.87,0.8422,0.9576
16130,2022-07-16,2230,Durham Regional Health Unit,0.1264,459.0,0.64,0.7834,0.9391
16131,2022-07-16,2226,District of Algoma Health Unit,0.1244,57.0,0.5,0.8731,0.9453
16132,2022-07-16,2251,City of Ottawa Health Unit,0.1791,565.0,0.54,0.8227,0.9487
16133,2022-07-16,2237,City of Hamilton Health Unit,0.1745,462.0,0.78,0.9156,0.9721
16134,2022-07-16,2240,Chatham-Kent Health Unit,0.0973,75.0,0.7,0.8299,0.9409
16135,2022-07-16,2227,Brant County Health Unit,0.1713,93.0,0.6,0.7565,0.8453
16136,2022-07-15,2258,Eastern Ontario Health Unit,0.1488,182.0,0.87,0.8573,0.9561
16137,2022-07-15,2236,Halton Regional Health Unit,0.1993,232.0,0.37,0.7863,0.9115
16138,2022-07-15,2242,Lambton Health Unit,0.1266,67.0,0.51,0.697,0.8941
16139,2022-07-15,2255,Peterborough County-City Health Unit,0.1331,94.0,0.64,0.8331,0.9491
16140,2022-07-15,4913,Southwestern Public Health,0.1173,149.0,0.7,0.8359,0.937
16141,2022-07-15,2265,Waterloo Health Unit,0.1676,280.0,0.48,0.7163,0.8955
16142,2022-07-15,2270,York Regional Health Unit,0.1653,752.0,0.61,0.8085,0.9259
16143,2022-07-15,2268,Windsor-Essex County Health Unit,0.1155,370.0,0.87,0.6192,0.882
16144,2022-07-15,2266,Wellington-Dufferin-Guelph Health Unit,0.1615,147.0,0.47,0.6971,0.9027
16145,2022-07-15,2263,Timiskaming Health Unit,0.0276,21.0,0.63,0.8288,0.9658
16146,2022-07-15,2262,Thunder Bay District Health Unit,0.1094,157.0,1.05,0.9103,0.9685
16147,2022-07-15,2261,Sudbury and District Health Unit,0.1027,235.0,1.18,0.8687,0.9443
16148,2022-07-15,2260,Simcoe Muskoka District Health Unit,0.1197,381.0,0.63,0.8342,0.9459
16149,2022-07-15,2257,Renfrew County and District Health Unit,0.0993,78.0,0.72,0.6949,0.9412
16150,2022-07-15,2256,Porcupine Health Unit,0.1187,71.0,0.85,0.7835,0.8462
16151,2022-07-15,2253,Peel Regional Health Unit,0.145,914.0,0.57,0.8253,0.9327
16152,2022-07-15,35,Ontario,0.1462,9842.0,0.66,0.8214,0.9386
16153,2022-07-15,2249,Northwestern Health Unit,0.17,85.0,0.97,0.8522,0.8918
16154,2022-07-15,2247,North Bay Parry Sound District Health Unit,0.1337,96.0,0.74,0.9453,0.9802
16155,2022-07-15,2246,Niagara Regional Area Health Unit,0.1713,305.0,0.65,0.6546,0.9012
16156,2022-07-15,2244,Middlesex-London Health Unit,0.1259,306.0,0.6,0.8459,0.9491
16157,2022-07-15,2243,"Leeds, Grenville and Lanark District Health Unit",0.1449,111.0,0.64,0.7661,0.9261
16158,2022-07-15,2241,"Kingston, Frontenac and Lennox and Addington Health Unit",0.184,165.0,0.77,0.9409,0.9745
16159,2022-07-15,5183,Huron Perth Health Unit,0.0816,147.0,1.05,0.7695,0.9429
16160,2022-07-15,2238,Hastings and Prince Edward Counties Health Unit,0.1013,152.0,0.9,0.9256,0.967
16161,2022-07-15,2235,"Haliburton, Kawartha, Pine Ridge District Health Unit",0.0991,111.0,0.59,0.8361,0.9584
16162,2022-07-15,2234,Haldimand-Norfolk Health Unit,0.2177,56.0,0.49,0.8056,0.9318
16163,2022-07-15,2233,Grey Bruce Health Unit,0.0857,107.0,0.63,0.8644,0.9664
16164,2022-07-15,2230,Durham Regional Health Unit,0.1235,456.0,0.64,0.7975,0.9467
16165,2022-07-15,2226,District of Algoma Health Unit,0.125,58.0,0.51,0.8688,0.9505
16166,2022-07-15,3895,City of Toronto Health Unit,0.1515,2297.0,0.74,0.8678,0.9559
16167,2022-07-15,2251,City of Ottawa Health Unit,0.1789,553.0,0.52,0.8163,0.9472
16168,2022-07-15,2237,City of Hamilton Health Unit,0.1754,456.0,0.77,0.9081,0.9671
16169,2022-07-15,2240,Chatham-Kent Health Unit,0.0821,77.0,0.72,0.8184,0.9388
16170,2022-07-15,2227,Brant County Health Unit,0.1698,93.0,0.6,0.7271,0.8437
16171,2022-07-14,2237,City of Hamilton Health Unit,0.1709,432.0,0.73,0.9091,0.9683
16172,2022-07-14,2235,"Haliburton, Kawartha, Pine Ridge District Health Unit",0.0978,112.0,0.6,0.8505,0.9613
16173,2022-07-14,2241,"Kingston, Frontenac and Lennox and Addington Health Unit",0.1838,159.0,0.75,0.9366,0.9716
16174,2022-07-14,2246,Niagara Regional Area Health Unit,0.169,287.0,0.61,0.6407,0.8998
16175,2022-07-14,2263,Timiskaming Health Unit,0.0139,21.0,0.63,0.7883,0.9562
16176,2022-07-14,2270,York Regional Health Unit,0.1623,730.0,0.6,0.8087,0.9279
16177,2022-07-14,2268,Windsor-Essex County Health Unit,0.1123,369.0,0.87,0.6018,0.881
16178,2022-07-14,2266,Wellington-Dufferin-Guelph Health Unit,0.1596,145.0,0.46,0.7263,0.8992
16179,2022-07-14,2265,Waterloo Health Unit,0.1659,276.0,0.47,0.7387,0.9033
16180,2022-07-14,2262,Thunder Bay District Health Unit,0.1107,150.0,1.0,0.9094,0.9637
16181,2022-07-14,2261,Sudbury and District Health Unit,0.0996,221.0,1.11,0.8765,0.9518
16182,2022-07-14,4913,Southwestern Public Health,0.11,147.0,0.69,0.8481,0.9355
16183,2022-07-14,2260,Simcoe Muskoka District Health Unit,0.1186,371.0,0.62,0.8458,0.9498
16184,2022-07-14,2257,Renfrew County and District Health Unit,0.1065,76.0,0.7,0.702,0.9392
16185,2022-07-14,2256,Porcupine Health Unit,0.1302,69.0,0.83,0.794,0.8408
16186,2022-07-14,2255,Peterborough County-City Health Unit,0.1317,91.0,0.62,0.8299,0.9412
16187,2022-07-14,2253,Peel Regional Health Unit,0.1485,883.0,0.55,0.8286,0.937
16188,2022-07-14,35,Ontario,0.1443,9473.0,0.64,0.8229,0.9384
16189,2022-07-14,2249,Northwestern Health Unit,0.1595,83.0,0.95,0.8377,0.8825
16190,2022-07-14,2247,North Bay Parry Sound District Health Unit,0.1218,96.0,0.74,0.9489,0.9792
16191,2022-07-14,2244,Middlesex-London Health Unit,0.1155,296.0,0.58,0.8331,0.9472
16192,2022-07-14,2243,"Leeds, Grenville and Lanark District Health Unit",0.138,101.0,0.59,0.7525,0.9203
16193,2022-07-14,2242,Lambton Health Unit,0.1212,66.0,0.5,0.6988,0.9016
16194,2022-07-14,5183,Huron Perth Health Unit,0.0761,143.0,1.02,0.777,0.9364
16195,2022-07-14,2238,Hastings and Prince Edward Counties Health Unit,0.1058,144.0,0.86,0.9301,0.9671
16196,2022-07-14,2236,Halton Regional Health Unit,0.2001,227.0,0.37,0.7821,0.8981
16197,2022-07-14,2234,Haldimand-Norfolk Health Unit,0.2135,55.0,0.48,0.7709,0.919
16198,2022-07-14,2233,Grey Bruce Health Unit,0.0814,109.0,0.64,0.8489,0.9622
16199,2022-07-14,2258,Eastern Ontario Health Unit,0.1403,181.0,0.87,0.8814,0.9582
16200,2022-07-14,2230,Durham Regional Health Unit,0.1182,453.0,0.64,0.8158,0.9492
16201,2022-07-14,2226,District of Algoma Health Unit,0.1355,56.0,0.49,0.8601,0.943
16202,2022-07-14,3895,City of Toronto Health Unit,0.152,2159.0,0.69,0.8709,0.9568
16203,2022-07-14,2251,City of Ottawa Health Unit,0.1776,516.0,0.49,0.82,0.9414
16204,2022-07-14,2240,Chatham-Kent Health Unit,0.088,75.0,0.7,0.7885,0.9308
16205,2022-07-14,2227,Brant County Health Unit,0.1487,91.0,0.59,0.7224,0.8474
16206,2022-07-13,2240,Chatham-Kent Health Unit,0.0864,73.0,0.68,0.7667,0.9208
16207,2022-07-13,2226,District of Algoma Health Unit,0.1231,56.0,0.49,0.8725,0.9425
16208,2022-07-13,5183,Huron Perth Health Unit,0.0616,144.0,1.03,0.7899,0.9327
16209,2022-07-13,2244,Middlesex-London Health Unit,0.119,292.0,0.57,0.8428,0.9506
16210,2022-07-13,35,Ontario,0.1421,9308.0,0.63,0.8293,0.9382
16211,2022-07-13,2262,Thunder Bay District Health Unit,0.1142,148.0,0.98,0.9005,0.956
16212,2022-07-13,2268,Windsor-Essex County Health Unit,0.1091,373.0,0.88,0.5816,0.862
16213,2022-07-13,2270,York Regional Health Unit,0.1693,727.0,0.59,0.8257,0.9337
16214,2022-07-13,2266,Wellington-Dufferin-Guelph Health Unit,0.1637,144.0,0.46,0.738,0.8935
16215,2022-07-13,2265,Waterloo Health Unit,0.1538,269.0,0.46,0.7341,0.8968
16216,2022-07-13,2263,Timiskaming Health Unit,0.0154,19.0,0.57,0.8125,0.9554
16217,2022-07-13,2261,Sudbury and District Health Unit,0.0978,200.0,1.01,0.9117,0.9558
16218,2022-07-13,4913,Southwestern Public Health,0.1067,157.0,0.74,0.8667,0.9417
16219,2022-07-13,2260,Simcoe Muskoka District Health Unit,0.1174,364.0,0.61,0.8577,0.9536
16220,2022-07-13,2257,Renfrew County and District Health Unit,0.1006,74.0,0.68,0.7098,0.9482
16221,2022-07-13,2256,Porcupine Health Unit,0.1174,68.0,0.82,0.7804,0.8244
16222,2022-07-13,2255,Peterborough County-City Health Unit,0.1304,90.0,0.61,0.8298,0.9405
16223,2022-07-13,2253,Peel Regional Health Unit,0.1439,860.0,0.54,0.8436,0.9366
16224,2022-07-13,2249,Northwestern Health Unit,0.1476,82.0,0.94,0.7897,0.8576
16225,2022-07-13,2247,North Bay Parry Sound District Health Unit,0.0978,92.0,0.71,0.9464,0.9773
16226,2022-07-13,2246,Niagara Regional Area Health Unit,0.1628,290.0,0.61,0.6637,0.9078
16227,2022-07-13,2243,"Leeds, Grenville and Lanark District Health Unit",0.1374,101.0,0.58,0.7627,0.9233
16228,2022-07-13,2242,Lambton Health Unit,0.099,71.0,0.54,0.7085,0.8968
16229,2022-07-13,2241,"Kingston, Frontenac and Lennox and Addington Health Unit",0.1761,154.0,0.72,0.936,0.9712
16230,2022-07-13,2238,Hastings and Prince Edward Counties Health Unit,0.098,144.0,0.86,0.9276,0.9673
16231,2022-07-13,2236,Halton Regional Health Unit,0.1951,222.0,0.36,0.78,0.896
16232,2022-07-13,2235,"Haliburton, Kawartha, Pine Ridge District Health Unit",0.0932,112.0,0.59,0.8622,0.9571
16233,2022-07-13,2234,Haldimand-Norfolk Health Unit,0.1972,51.0,0.44,0.7471,0.9052
16234,2022-07-13,2233,Grey Bruce Health Unit,0.0813,104.0,0.61,0.8452,0.9702
16235,2022-07-13,2258,Eastern Ontario Health Unit,0.1679,175.0,0.84,0.8901,0.9597
16236,2022-07-13,2230,Durham Regional Health Unit,0.1135,451.0,0.63,0.8108,0.9377
16237,2022-07-13,3895,City of Toronto Health Unit,0.1483,2117.0,0.68,0.8766,0.9602
16238,2022-07-13,2251,City of Ottawa Health Unit,0.184,487.0,0.46,0.8194,0.9373
16239,2022-07-13,2237,City of Hamilton Health Unit,0.171,419.0,0.71,0.8861,0.9637
16240,2022-07-13,2227,Brant County Health Unit,0.1494,97.0,0.62,0.7353,0.8471
16241,2022-07-12,2227,Brant County Health Unit,0.1521,101.0,0.65,0.6746,0.8551
16242,2022-07-12,3895,City of Toronto Health Unit,0.1443,2078.0,0.67,0.8765,0.9592
16243,2022-07-12,2233,Grey Bruce Health Unit,0.0726,100.0,0.59,0.8237,0.9577
16244,2022-07-12,2243,"Leeds, Grenville and Lanark District Health Unit",0.1459,101.0,0.58,0.7681,0.9348
16245,2022-07-12,2249,Northwestern Health Unit,0.1377,83.0,0.95,0.7925,0.8529
16246,2022-07-12,2256,Porcupine Health Unit,0.1236,64.0,0.76,0.7884,0.8254
16247,2022-07-12,2266,Wellington-Dufferin-Guelph Health Unit,0.1763,139.0,0.44,0.7662,0.9115
16248,2022-07-12,2270,York Regional Health Unit,0.171,735.0,0.6,0.8091,0.9436
16249,2022-07-12,2268,Windsor-Essex County Health Unit,0.1201,325.0,0.76,0.6233,0.874
16250,2022-07-12,2265,Waterloo Health Unit,0.151,259.0,0.44,0.7301,0.9227
16251,2022-07-12,2263,Timiskaming Health Unit,0.0169,17.0,0.52,0.75,0.95
16252,2022-07-12,2262,Thunder Bay District Health Unit,0.0979,144.0,0.96,0.9026,0.9518
16253,2022-07-12,2261,Sudbury and District Health Unit,0.0953,205.0,1.03,0.919,0.9599
16254,2022-07-12,4913,Southwestern Public Health,0.1137,156.0,0.74,0.851,0.9374
16255,2022-07-12,2260,Simcoe Muskoka District Health Unit,0.1167,359.0,0.6,0.8519,0.9561
16256,2022-07-12,2257,Renfrew County and District Health Unit,0.0959,77.0,0.71,0.6865,0.9499
16257,2022-07-12,2255,Peterborough County-City Health Unit,0.1311,87.0,0.59,0.8351,0.9337
16258,2022-07-12,2253,Peel Regional Health Unit,0.1427,844.0,0.53,0.8357,0.9394
16259,2022-07-12,35,Ontario,0.1408,9106.0,0.61,0.8269,0.9401
16260,2022-07-12,2247,North Bay Parry Sound District Health Unit,0.0893,86.0,0.67,0.9376,0.9787
16261,2022-07-12,2246,Niagara Regional Area Health Unit,0.1661,284.0,0.6,0.6661,0.9005
16262,2022-07-12,2244,Middlesex-London Health Unit,0.1122,295.0,0.58,0.8308,0.9444
16263,2022-07-12,2242,Lambton Health Unit,0.0906,73.0,0.55,0.7067,0.8819
16264,2022-07-12,2241,"Kingston, Frontenac and Lennox and Addington Health Unit",0.1756,147.0,0.69,0.9324,0.9753
16265,2022-07-12,5183,Huron Perth Health Unit,0.0624,140.0,1.0,0.8006,0.9343
16266,2022-07-12,2238,Hastings and Prince Edward Counties Health Unit,0.0984,147.0,0.87,0.9174,0.9587
16267,2022-07-12,2236,Halton Regional Health Unit,0.2019,221.0,0.36,0.7807,0.8979
16268,2022-07-12,2235,"Haliburton, Kawartha, Pine Ridge District Health Unit",0.099,115.0,0.61,0.8398,0.9561
16269,2022-07-12,2234,Haldimand-Norfolk Health Unit,0.1784,49.0,0.43,0.7735,0.9205
16270,2022-07-12,2258,Eastern Ontario Health Unit,0.1595,172.0,0.82,0.8885,0.9561
16271,2022-07-12,2230,Durham Regional Health Unit,0.1148,448.0,0.63,0.8165,0.9435
16272,2022-07-12,2226,District of Algoma Health Unit,0.1292,55.0,0.48,0.8417,0.9161
16273,2022-07-12,2251,City of Ottawa Health Unit,0.1887,454.0,0.43,0.838,0.9449
16274,2022-07-12,2237,City of Hamilton Health Unit,0.1643,396.0,0.67,0.881,0.9674
16275,2022-07-12,2240,Chatham-Kent Health Unit,0.0621,69.0,0.65,0.7038,0.9026
16276,2022-07-11,2251,City of Ottawa Health Unit,0.1739,452.0,0.43,0.8437,0.9527
16277,2022-07-11,2258,Eastern Ontario Health Unit,0.1548,165.0,0.79,0.8736,0.9452
16278,2022-07-11,2236,Halton Regional Health Unit,0.1826,228.0,0.37,0.7921,0.903
16279,2022-07-11,2247,North Bay Parry Sound District Health Unit,0.0821,84.0,0.64,0.9229,0.9702
16280,2022-07-11,2255,Peterborough County-City Health Unit,0.1438,82.0,0.56,0.7382,0.8146
16281,2022-07-11,4913,Southwestern Public Health,0.1168,150.0,0.71,0.8756,0.952
16282,2022-07-11,2270,York Regional Health Unit,0.1646,725.0,0.59,0.8027,0.9436
16283,2022-07-11,2268,Windsor-Essex County Health Unit,0.1217,323.0,0.76,0.633,0.8865
16284,2022-07-11,2266,Wellington-Dufferin-Guelph Health Unit,0.1691,135.0,0.43,0.7668,0.9113
16285,2022-07-11,2265,Waterloo Health Unit,0.1403,255.0,0.44,0.73,0.925
16286,2022-07-11,2263,Timiskaming Health Unit,0.0259,17.0,0.51,0.7911,0.943
16287,2022-07-11,2262,Thunder Bay District Health Unit,0.1031,148.0,0.99,0.9011,0.9414
16288,2022-07-11,2261,Sudbury and District Health Unit,0.0996,201.0,1.01,0.9296,0.9717
16289,2022-07-11,2260,Simcoe Muskoka District Health Unit,0.1112,353.0,0.59,0.8538,0.9571
16290,2022-07-11,2257,Renfrew County and District Health Unit,0.0906,76.0,0.7,0.6899,0.9602
16291,2022-07-11,2256,Porcupine Health Unit,0.1372,69.0,0.82,0.904,0.952
16292,2022-07-11,2253,Peel Regional Health Unit,0.1409,833.0,0.52,0.8475,0.9459
16293,2022-07-11,35,Ontario,0.1364,9011.0,0.61,0.8228,0.9318
16294,2022-07-11,2249,Northwestern Health Unit,0.1235,86.0,0.98,0.8034,0.8655
16295,2022-07-11,2246,Niagara Regional Area Health Unit,0.1564,275.0,0.58,0.6722,0.8983
16296,2022-07-11,2244,Middlesex-London Health Unit,0.1058,296.0,0.58,0.8356,0.9451
16297,2022-07-11,2243,"Leeds, Grenville and Lanark District Health Unit",0.1352,98.0,0.57,0.727,0.9138
16298,2022-07-11,2242,Lambton Health Unit,0.0886,74.0,0.57,0.6856,0.8579
16299,2022-07-11,2241,"Kingston, Frontenac and Lennox and Addington Health Unit",0.1616,147.0,0.69,0.9303,0.9727
16300,2022-07-11,5183,Huron Perth Health Unit,0.0615,135.0,0.96,0.8498,0.9519
16301,2022-07-11,2238,Hastings and Prince Edward Counties Health Unit,0.0981,150.0,0.89,0.9164,0.9559
16302,2022-07-11,2235,"Haliburton, Kawartha, Pine Ridge District Health Unit",0.094,109.0,0.58,0.4574,0.526
16303,2022-07-11,2234,Haldimand-Norfolk Health Unit,0.14,58.0,0.51,0.7887,0.9201
16304,2022-07-11,2233,Grey Bruce Health Unit,0.0685,98.0,0.58,0.8025,0.9533
16305,2022-07-11,2230,Durham Regional Health Unit,0.116,442.0,0.62,0.7953,0.9179
16306,2022-07-11,2226,District of Algoma Health Unit,0.1152,58.0,0.51,0.841,0.9194
16307,2022-07-11,3895,City of Toronto Health Unit,0.1409,2039.0,0.65,0.8873,0.9621
16308,2022-07-11,2237,City of Hamilton Health Unit,0.1648,402.0,0.68,0.8831,0.9662
16309,2022-07-11,2240,Chatham-Kent Health Unit,0.0573,67.0,0.63,0.6983,0.8987
16310,2022-07-11,2227,Brant County Health Unit,0.1507,99.0,0.64,0.68,0.8587
16311,2022-07-10,2230,Durham Regional Health Unit,0.1121,445.0,0.62,0.7956,0.9203
16312,2022-07-10,2235,"Haliburton, Kawartha, Pine Ridge District Health Unit",0.1015,106.0,0.56,0.4447,0.5207
16313,2022-07-10,2241,"Kingston, Frontenac and Lennox and Addington Health Unit",0.1605,146.0,0.69,0.9288,0.9731
16314,2022-07-10,2253,Peel Regional Health Unit,0.1347,823.0,0.51,0.8524,0.9471
16315,2022-07-10,2260,Simcoe Muskoka District Health Unit,0.1191,345.0,0.58,0.8423,0.9511
16316,2022-07-10,2263,Timiskaming Health Unit,0.0131,22.0,0.67,0.7911,0.943
16317,2022-07-10,2270,York Regional Health Unit,0.1613,712.0,0.58,0.7824,0.9409
16318,2022-07-10,2268,Windsor-Essex County Health Unit,0.1214,307.0,0.72,0.6152,0.8846
16319,2022-07-10,2266,Wellington-Dufferin-Guelph Health Unit,0.1556,129.0,0.41,0.7619,0.9142
16320,2022-07-10,2265,Waterloo Health Unit,0.1333,267.0,0.46,0.7403,0.9234
16321,2022-07-10,2262,Thunder Bay District Health Unit,0.0983,148.0,0.99,0.9096,0.9482
16322,2022-07-10,2261,Sudbury and District Health Unit,0.0935,199.0,1.0,0.9407,0.9802
16323,2022-07-10,4913,Southwestern Public Health,0.1123,150.0,0.71,0.8745,0.9559
16324,2022-07-10,2257,Renfrew County and District Health Unit,0.0717,74.0,0.68,0.7143,0.9328
16325,2022-07-10,2256,Porcupine Health Unit,0.1208,67.0,0.81,0.8998,0.9457
16326,2022-07-10,2255,Peterborough County-City Health Unit,0.1353,81.0,0.55,0.7426,0.8152
16327,2022-07-10,35,Ontario,0.1317,8911.0,0.6,0.8212,0.9315
16328,2022-07-10,2249,Northwestern Health Unit,0.1081,79.0,0.9,0.8488,0.907
16329,2022-07-10,2247,North Bay Parry Sound District Health Unit,0.0682,80.0,0.61,0.9205,0.97
16330,2022-07-10,2246,Niagara Regional Area Health Unit,0.1344,261.0,0.55,0.7051,0.9052
16331,2022-07-10,2244,Middlesex-London Health Unit,0.1138,300.0,0.59,0.8316,0.9399
16332,2022-07-10,2243,"Leeds, Grenville and Lanark District Health Unit",0.1153,95.0,0.55,0.7638,0.9163
16333,2022-07-10,2242,Lambton Health Unit,0.088,76.0,0.58,0.6937,0.8631
16334,2022-07-10,5183,Huron Perth Health Unit,0.0618,129.0,0.93,0.8314,0.9455
16335,2022-07-10,2238,Hastings and Prince Edward Counties Health Unit,0.0938,149.0,0.89,0.9193,0.9587
16336,2022-07-10,2236,Halton Regional Health Unit,0.1778,224.0,0.36,0.7948,0.9023
16337,2022-07-10,2234,Haldimand-Norfolk Health Unit,0.1305,58.0,0.51,0.796,0.9219
16338,2022-07-10,2233,Grey Bruce Health Unit,0.065,90.0,0.53,0.8118,0.9506
16339,2022-07-10,2258,Eastern Ontario Health Unit,0.1574,153.0,0.74,0.8845,0.9536
16340,2022-07-10,2226,District of Algoma Health Unit,0.122,59.0,0.51,0.8303,0.922
16341,2022-07-10,3895,City of Toronto Health Unit,0.1359,2042.0,0.65,0.8782,0.9595
16342,2022-07-10,2251,City of Ottawa Health Unit,0.1713,434.0,0.41,0.8413,0.9496
16343,2022-07-10,2237,City of Hamilton Health Unit,0.1561,399.0,0.67,0.8862,0.968
16344,2022-07-10,2240,Chatham-Kent Health Unit,0.0517,69.0,0.65,0.7103,0.9014
16345,2022-07-10,2227,Brant County Health Unit,0.1395,109.0,0.7,0.6801,0.8532
16346,2022-07-09,2234,Haldimand-Norfolk Health Unit,0.1327,58.0,0.51,0.8179,0.9208
16347,2022-07-09,5183,Huron Perth Health Unit,0.0672,115.0,0.82,0.8102,0.9476
16348,2022-07-09,2244,Middlesex-London Health Unit,0.114,303.0,0.6,0.8391,0.9454
16349,2022-07-09,2257,Renfrew County and District Health Unit,0.0794,72.0,0.66,0.7418,0.9322
16350,2022-07-09,2262,Thunder Bay District Health Unit,0.0999,150.0,1.0,0.8941,0.9466
16351,2022-07-09,2268,Windsor-Essex County Health Unit,0.1211,287.0,0.67,0.6118,0.8793
16352,2022-07-09,2240,Chatham-Kent Health Unit,0.0503,71.0,0.67,0.7332,0.9071
16353,2022-07-09,2270,York Regional Health Unit,0.1588,695.0,0.57,0.7751,0.9299
16354,2022-07-09,2266,Wellington-Dufferin-Guelph Health Unit,0.1523,128.0,0.41,0.78,0.9185
16355,2022-07-09,2265,Waterloo Health Unit,0.1371,264.0,0.45,0.7461,0.9196
16356,2022-07-09,2263,Timiskaming Health Unit,0.0132,22.0,0.66,0.7895,0.9474
16357,2022-07-09,2261,Sudbury and District Health Unit,0.0937,198.0,1.0,0.9431,0.9832
16358,2022-07-09,4913,Southwestern Public Health,0.1107,147.0,0.7,0.8716,0.9579
16359,2022-07-09,2260,Simcoe Muskoka District Health Unit,0.1169,341.0,0.57,0.8254,0.9486
16360,2022-07-09,2256,Porcupine Health Unit,0.112,69.0,0.83,0.9064,0.948
16361,2022-07-09,2255,Peterborough County-City Health Unit,0.1379,79.0,0.53,0.7479,0.8171
16362,2022-07-09,2253,Peel Regional Health Unit,0.1319,807.0,0.5,0.8555,0.9462
16363,2022-07-09,35,Ontario,0.1304,8790.0,0.59,0.8263,0.9307
16364,2022-07-09,2249,Northwestern Health Unit,0.1053,79.0,0.9,0.796,0.8952
16365,2022-07-09,2247,North Bay Parry Sound District Health Unit,0.0541,79.0,0.61,0.9287,0.9671
16366,2022-07-09,2246,Niagara Regional Area Health Unit,0.131,257.0,0.54,0.7064,0.9001
16367,2022-07-09,2243,"Leeds, Grenville and Lanark District Health Unit",0.113,99.0,0.57,0.8154,0.9395
16368,2022-07-09,2242,Lambton Health Unit,0.0865,76.0,0.58,0.7191,0.8766
16369,2022-07-09,2241,"Kingston, Frontenac and Lennox and Addington Health Unit",0.1657,150.0,0.71,0.9295,0.9695
16370,2022-07-09,2238,Hastings and Prince Edward Counties Health Unit,0.0865,149.0,0.88,0.9219,0.9595
16371,2022-07-09,2236,Halton Regional Health Unit,0.1836,223.0,0.36,0.8084,0.8988
16372,2022-07-09,2235,"Haliburton, Kawartha, Pine Ridge District Health Unit",0.1018,104.0,0.55,0.442,0.5137
16373,2022-07-09,2233,Grey Bruce Health Unit,0.0617,90.0,0.53,0.8231,0.9463
16374,2022-07-09,2258,Eastern Ontario Health Unit,0.1504,152.0,0.73,0.9122,0.9681
16375,2022-07-09,2230,Durham Regional Health Unit,0.1118,433.0,0.61,0.7979,0.917
16376,2022-07-09,2226,District of Algoma Health Unit,0.1071,59.0,0.51,0.8469,0.9281
16377,2022-07-09,3895,City of Toronto Health Unit,0.1367,2000.0,0.64,0.8828,0.9579
16378,2022-07-09,2251,City of Ottawa Health Unit,0.1659,425.0,0.4,0.8765,0.9555
16379,2022-07-09,2237,City of Hamilton Health Unit,0.1507,418.0,0.71,0.8968,0.9681
16380,2022-07-09,2227,Brant County Health Unit,0.1312,112.0,0.72,0.6928,0.8673
16381,2022-07-08,2270,York Regional Health Unit,0.1613,684.0,0.56,0.7643,0.9311
16382,2022-07-08,2268,Windsor-Essex County Health Unit,0.1192,280.0,0.66,0.5943,0.8828
16383,2022-07-08,2265,Waterloo Health Unit,0.1397,251.0,0.43,0.7372,0.912
16384,2022-07-08,2263,Timiskaming Health Unit,0.0138,21.0,0.63,0.7838,0.9459
16385,2022-07-08,2262,Thunder Bay District Health Unit,0.0945,147.0,0.98,0.8806,0.9412
16386,2022-07-08,4913,Southwestern Public Health,0.1057,143.0,0.68,0.8495,0.956
16387,2022-07-08,2260,Simcoe Muskoka District Health Unit,0.1208,347.0,0.58,0.8263,0.9547
16388,2022-07-08,2257,Renfrew County and District Health Unit,0.0799,66.0,0.61,0.753,0.943
16389,2022-07-08,2256,Porcupine Health Unit,0.1137,68.0,0.81,0.8985,0.9448
16390,2022-07-08,2255,Peterborough County-City Health Unit,0.1403,78.0,0.53,0.7427,0.7993
16391,2022-07-08,2253,Peel Regional Health Unit,0.1299,789.0,0.49,0.8562,0.9504
16392,2022-07-08,35,Ontario,0.13,8728.0,0.59,0.8237,0.9315
16393,2022-07-08,2247,North Bay Parry Sound District Health Unit,0.0551,80.0,0.62,0.9065,0.9658
16394,2022-07-08,2246,Niagara Regional Area Health Unit,0.1345,242.0,0.51,0.7081,0.9058
16395,2022-07-08,2244,Middlesex-London Health Unit,0.1175,306.0,0.6,0.8435,0.9493
16396,2022-07-08,2242,Lambton Health Unit,0.085,79.0,0.6,0.7061,0.8683
16397,2022-07-08,2241,"Kingston, Frontenac and Lennox and Addington Health Unit",0.1591,151.0,0.71,0.9382,0.9751
16398,2022-07-08,5183,Huron Perth Health Unit,0.0704,114.0,0.81,0.8183,0.9489
16399,2022-07-08,2236,Halton Regional Health Unit,0.1846,223.0,0.36,0.819,0.9085
16400,2022-07-08,2235,"Haliburton, Kawartha, Pine Ridge District Health Unit",0.1032,102.0,0.54,0.4245,0.4886
16401,2022-07-08,2234,Haldimand-Norfolk Health Unit,0.1299,55.0,0.48,0.8237,0.922
16402,2022-07-08,2233,Grey Bruce Health Unit,0.0605,90.0,0.53,0.8114,0.9446
16403,2022-07-08,2258,Eastern Ontario Health Unit,0.1439,152.0,0.73,0.9037,0.9654
16404,2022-07-08,2230,Durham Regional Health Unit,0.1127,425.0,0.6,0.7941,0.9126
16405,2022-07-08,2226,District of Algoma Health Unit,0.1033,61.0,0.53,0.8482,0.9277
16406,2022-07-08,2251,City of Ottawa Health Unit,0.1633,425.0,0.4,0.8884,0.9563
16407,2022-07-08,2237,City of Hamilton Health Unit,0.1564,430.0,0.73,0.8918,0.9711
16408,2022-07-08,2240,Chatham-Kent Health Unit,0.0589,73.0,0.68,0.6915,0.9015
16409,2022-07-08,3895,City of Toronto Health Unit,0.1328,2008.0,0.64,0.8811,0.9591
16410,2022-07-08,2227,Brant County Health Unit,0.1307,114.0,0.73,0.6797,0.8839
16411,2022-07-08,2243,"Leeds, Grenville and Lanark District Health Unit",0.1089,98.0,0.57,0.8095,0.9397
16412,2022-07-08,2249,Northwestern Health Unit,0.103,76.0,0.87,0.7542,0.8734
16413,2022-07-08,2261,Sudbury and District Health Unit,0.0984,195.0,0.98,0.9616,0.9828
16414,2022-07-08,2266,Wellington-Dufferin-Guelph Health Unit,0.1517,125.0,0.4,0.785,0.925
16415,2022-07-08,2238,Hastings and Prince Edward Counties Health Unit,0.0885,150.0,0.89,0.9269,0.9615
16416,2022-07-07,2270,York Regional Health Unit,0.1594,647.0,0.53,0.7642,0.9357
16417,2022-07-07,2268,Windsor-Essex County Health Unit,0.1192,259.0,0.61,0.5896,0.8655
16418,2022-07-07,2266,Wellington-Dufferin-Guelph Health Unit,0.1451,116.0,0.37,0.7804,0.9315
16419,2022-07-07,2263,Timiskaming Health Unit,0.0132,22.0,0.66,0.8208,0.948
16420,2022-07-07,2262,Thunder Bay District Health Unit,0.0967,140.0,0.94,0.8651,0.9391
16421,2022-07-07,2261,Sudbury and District Health Unit,0.1038,183.0,0.92,0.9541,0.9834
16422,2022-07-07,4913,Southwestern Public Health,0.1104,128.0,0.61,0.8438,0.958
16423,2022-07-07,2260,Simcoe Muskoka District Health Unit,0.1247,339.0,0.57,0.8324,0.9572
16424,2022-07-07,2257,Renfrew County and District Health Unit,0.0632,61.0,0.56,0.7476,0.9452
16425,2022-07-07,2256,Porcupine Health Unit,0.1114,64.0,0.77,0.9067,0.9523
16426,2022-07-07,2253,Peel Regional Health Unit,0.1252,756.0,0.47,0.8602,0.9529
16427,2022-07-07,35,Ontario,0.1284,8280.0,0.56,0.8268,0.9319
16428,2022-07-07,2249,Northwestern Health Unit,0.1049,69.0,0.79,0.7427,0.8631
16429,2022-07-07,2246,Niagara Regional Area Health Unit,0.1338,230.0,0.49,0.7265,0.9
16430,2022-07-07,2244,Middlesex-London Health Unit,0.1135,292.0,0.58,0.8583,0.9459
16431,2022-07-07,2243,"Leeds, Grenville and Lanark District Health Unit",0.1115,92.0,0.53,0.8062,0.9343
16432,2022-07-07,2242,Lambton Health Unit,0.0926,76.0,0.58,0.6998,0.8499
16433,2022-07-07,2241,"Kingston, Frontenac and Lennox and Addington Health Unit",0.1521,141.0,0.66,0.9369,0.9731
16434,2022-07-07,5183,Huron Perth Health Unit,0.0647,108.0,0.77,0.8183,0.9595
16435,2022-07-07,2238,Hastings and Prince Edward Counties Health Unit,0.0871,144.0,0.86,0.9339,0.9675
16436,2022-07-07,2236,Halton Regional Health Unit,0.1856,211.0,0.34,0.8322,0.9207
16437,2022-07-07,2235,"Haliburton, Kawartha, Pine Ridge District Health Unit",0.0961,95.0,0.5,0.4243,0.4853
16438,2022-07-07,2234,Haldimand-Norfolk Health Unit,0.1343,50.0,0.44,0.8185,0.9286
16439,2022-07-07,2233,Grey Bruce Health Unit,0.0522,82.0,0.48,0.8185,0.9511
16440,2022-07-07,2230,Durham Regional Health Unit,0.113,400.0,0.56,0.7923,0.9089
16441,2022-07-07,2226,District of Algoma Health Unit,0.0988,59.0,0.52,0.8365,0.9207
16442,2022-07-07,3895,City of Toronto Health Unit,0.1299,1932.0,0.62,0.8869,0.9597
16443,2022-07-07,2237,City of Hamilton Health Unit,0.1565,407.0,0.69,0.8878,0.9694
16444,2022-07-07,2240,Chatham-Kent Health Unit,0.0554,64.0,0.61,0.7167,0.9091
16445,2022-07-07,2227,Brant County Health Unit,0.1292,111.0,0.71,0.6632,0.8731
16446,2022-07-07,2251,City of Ottawa Health Unit,0.1651,401.0,0.38,0.8831,0.9523
16447,2022-07-07,2258,Eastern Ontario Health Unit,0.1437,139.0,0.67,0.8996,0.9627
16448,2022-07-07,2247,North Bay Parry Sound District Health Unit,0.051,73.0,0.56,0.906,0.966
16449,2022-07-07,2255,Peterborough County-City Health Unit,0.1471,77.0,0.52,0.7772,0.8297
16450,2022-07-07,2265,Waterloo Health Unit,0.1365,239.0,0.41,0.7365,0.9164
16451,2022-07-06,2268,Windsor-Essex County Health Unit,0.1203,241.0,0.57,0.582,0.8719
16452,2022-07-06,2266,Wellington-Dufferin-Guelph Health Unit,0.1423,114.0,0.37,0.7792,0.929
16453,2022-07-06,2265,Waterloo Health Unit,0.1357,235.0,0.4,0.7536,0.9316
16454,2022-07-06,2263,Timiskaming Health Unit,0.0113,25.0,0.77,0.8287,0.9503
16455,2022-07-06,2262,Thunder Bay District Health Unit,0.0958,142.0,0.94,0.8744,0.9525
16456,2022-07-06,2261,Sudbury and District Health Unit,0.1059,175.0,0.88,0.9124,0.9525
16457,2022-07-06,4913,Southwestern Public Health,0.1075,124.0,0.58,0.8477,0.9599
16458,2022-07-06,2257,Renfrew County and District Health Unit,0.0654,61.0,0.56,0.7462,0.9372
16459,2022-07-06,2256,Porcupine Health Unit,0.1171,66.0,0.79,0.9104,0.9563
16460,2022-07-06,2255,Peterborough County-City Health Unit,0.124,75.0,0.51,0.7755,0.8238
16461,2022-07-06,35,Ontario,0.1239,8168.0,0.55,0.8279,0.9333
16462,2022-07-06,2249,Northwestern Health Unit,0.1163,70.0,0.8,0.7859,0.9036
16463,2022-07-06,2247,North Bay Parry Sound District Health Unit,0.0628,64.0,0.49,0.8808,0.9582
16464,2022-07-06,2244,Middlesex-London Health Unit,0.1079,290.0,0.57,0.8637,0.9468
16465,2022-07-06,2243,"Leeds, Grenville and Lanark District Health Unit",0.1052,88.0,0.51,0.7994,0.931
16466,2022-07-06,2242,Lambton Health Unit,0.0947,72.0,0.55,0.7022,0.854
16467,2022-07-06,2241,"Kingston, Frontenac and Lennox and Addington Health Unit",0.1597,136.0,0.64,0.9263,0.9741
16468,2022-07-06,5183,Huron Perth Health Unit,0.0676,97.0,0.7,0.8215,0.9681
16469,2022-07-06,2238,Hastings and Prince Edward Counties Health Unit,0.0785,144.0,0.85,0.9408,0.9694
16470,2022-07-06,2236,Halton Regional Health Unit,0.1749,212.0,0.34,0.8458,0.9291
16471,2022-07-06,2234,Haldimand-Norfolk Health Unit,0.1351,48.0,0.42,0.828,0.9331
16472,2022-07-06,2233,Grey Bruce Health Unit,0.0447,83.0,0.49,0.8428,0.9523
16473,2022-07-06,2258,Eastern Ontario Health Unit,0.0959,136.0,0.65,0.8977,0.9645
16474,2022-07-06,2226,District of Algoma Health Unit,0.1037,58.0,0.51,0.8385,0.924
16475,2022-07-06,3895,City of Toronto Health Unit,0.1247,1913.0,0.61,0.887,0.9588
16476,2022-07-06,2251,City of Ottawa Health Unit,0.1662,395.0,0.37,0.8852,0.9561
16477,2022-07-06,2240,Chatham-Kent Health Unit,0.058,69.0,0.65,0.7453,0.92
16478,2022-07-06,2227,Brant County Health Unit,0.1304,113.0,0.73,0.6703,0.8919
16479,2022-07-06,2237,City of Hamilton Health Unit,0.1551,410.0,0.69,0.9115,0.9726
16480,2022-07-06,2230,Durham Regional Health Unit,0.1096,387.0,0.54,0.8227,0.9263
16481,2022-07-06,2235,"Haliburton, Kawartha, Pine Ridge District Health Unit",0.0874,93.0,0.49,0.4286,0.4903
16482,2022-07-06,2246,Niagara Regional Area Health Unit,0.124,223.0,0.47,0.7285,0.899
16483,2022-07-06,2253,Peel Regional Health Unit,0.1243,740.0,0.46,0.8589,0.9558
16484,2022-07-06,2260,Simcoe Muskoka District Health Unit,0.1183,347.0,0.58,0.8288,0.9522
16485,2022-07-06,2270,York Regional Health Unit,0.1457,650.0,0.53,0.7482,0.9302
16486,2022-07-05,2270,York Regional Health Unit,0.1456,621.0,0.51,0.7742,0.9299
16487,2022-07-05,2268,Windsor-Essex County Health Unit,0.1121,246.0,0.58,0.5722,0.8562
16488,2022-07-05,2266,Wellington-Dufferin-Guelph Health Unit,0.1299,113.0,0.36,0.7893,0.9315
16489,2022-07-05,2265,Waterloo Health Unit,0.1294,241.0,0.41,0.7826,0.9284
16490,2022-07-05,2263,Timiskaming Health Unit,0.0055,26.0,0.79,0.8712,0.9448
16491,2022-07-05,2261,Sudbury and District Health Unit,0.1058,169.0,0.85,0.9035,0.9426
16492,2022-07-05,4913,Southwestern Public Health,0.0882,123.0,0.58,0.8785,0.9672
16493,2022-07-05,2260,Simcoe Muskoka District Health Unit,0.1107,339.0,0.57,0.845,0.9494
16494,2022-07-05,2256,Porcupine Health Unit,0.1116,68.0,0.81,0.8904,0.9703
16495,2022-07-05,2255,Peterborough County-City Health Unit,0.1088,76.0,0.51,0.7873,0.8377
16496,2022-07-05,2253,Peel Regional Health Unit,0.1187,733.0,0.46,0.8739,0.9564
16497,2022-07-05,2249,Northwestern Health Unit,0.1159,67.0,0.76,0.7756,0.9044
16498,2022-07-05,2247,North Bay Parry Sound District Health Unit,0.0511,73.0,0.56,0.8783,0.9373
16499,2022-07-05,2246,Niagara Regional Area Health Unit,0.1128,213.0,0.45,0.7278,0.8873
16500,2022-07-05,2244,Middlesex-London Health Unit,0.1011,292.0,0.58,0.8882,0.9531
16501,2022-07-05,2243,"Leeds, Grenville and Lanark District Health Unit",0.0974,87.0,0.5,0.8081,0.9321
16502,2022-07-05,2242,Lambton Health Unit,0.0941,73.0,0.56,0.7365,0.8769
16503,2022-07-05,2241,"Kingston, Frontenac and Lennox and Addington Health Unit",0.1426,135.0,0.64,0.9298,0.9715
16504,2022-07-05,2238,Hastings and Prince Edward Counties Health Unit,0.0694,140.0,0.83,0.9477,0.9776
16505,2022-07-05,2236,Halton Regional Health Unit,0.1598,208.0,0.34,0.8641,0.9358
16506,2022-07-05,2235,"Haliburton, Kawartha, Pine Ridge District Health Unit",0.0905,92.0,0.48,0.4138,0.4664
16507,2022-07-05,2233,Grey Bruce Health Unit,0.0438,85.0,0.5,0.8579,0.9636
16508,2022-07-05,2258,Eastern Ontario Health Unit,0.0885,131.0,0.63,0.8916,0.9619
16509,2022-07-05,2230,Durham Regional Health Unit,0.1004,385.0,0.54,0.8242,0.9243
16510,2022-07-05,3895,City of Toronto Health Unit,0.124,1848.0,0.59,0.8905,0.9573
16511,2022-07-05,2251,City of Ottawa Health Unit,0.1623,385.0,0.36,0.8868,0.9545
16512,2022-07-05,2237,City of Hamilton Health Unit,0.148,394.0,0.66,0.9139,0.9679
16513,2022-07-05,2240,Chatham-Kent Health Unit,0.0663,69.0,0.65,0.7831,0.9393
16514,2022-07-05,2227,Brant County Health Unit,0.1278,102.0,0.66,0.7074,0.865
16515,2022-07-05,2226,District of Algoma Health Unit,0.1,60.0,0.52,0.8509,0.934
16516,2022-07-05,2234,Haldimand-Norfolk Health Unit,0.1184,46.0,0.4,0.8408,0.9343
16517,2022-07-05,5183,Huron Perth Health Unit,0.0639,101.0,0.72,0.8302,0.97
16518,2022-07-05,35,Ontario,0.1188,8007.0,0.54,0.8373,0.932
16519,2022-07-05,2257,Renfrew County and District Health Unit,0.0549,57.0,0.53,0.7662,0.9403
16520,2022-07-05,2262,Thunder Bay District Health Unit,0.1042,143.0,0.95,0.8629,0.9527
16521,2022-07-04,2270,York Regional Health Unit,0.1438,613.0,0.5,0.7849,0.9296
16522,2022-07-04,2268,Windsor-Essex County Health Unit,0.0983,244.0,0.57,0.6085,0.8658
16523,2022-07-04,2265,Waterloo Health Unit,0.1289,236.0,0.4,0.7867,0.9234
16524,2022-07-04,2263,Timiskaming Health Unit,0.0058,25.0,0.75,0.8897,0.9559
16525,2022-07-04,2262,Thunder Bay District Health Unit,0.1002,144.0,0.96,0.8664,0.9626
16526,2022-07-04,4913,Southwestern Public Health,0.0799,120.0,0.57,0.877,0.9752
16527,2022-07-04,2260,Simcoe Muskoka District Health Unit,0.1089,329.0,0.55,0.8408,0.9455
16528,2022-07-04,2257,Renfrew County and District Health Unit,0.0581,59.0,0.54,0.7778,0.9444
16529,2022-07-04,2255,Peterborough County-City Health Unit,0.0958,78.0,0.52,0.8807,0.9523
16530,2022-07-04,2253,Peel Regional Health Unit,0.1164,705.0,0.44,0.8664,0.9545
16531,2022-07-04,35,Ontario,0.1158,7818.0,0.53,0.8495,0.9465
16532,2022-07-04,2249,Northwestern Health Unit,0.1186,64.0,0.73,0.7879,0.9127
16533,2022-07-04,2247,North Bay Parry Sound District Health Unit,0.0577,74.0,0.57,0.8937,0.9478
16534,2022-07-04,2246,Niagara Regional Area Health Unit,0.1034,200.0,0.42,0.7248,0.885
16535,2022-07-04,2244,Middlesex-London Health Unit,0.0957,299.0,0.59,0.8879,0.9517
16536,2022-07-04,2242,Lambton Health Unit,0.098,71.0,0.55,0.7573,0.9011
16537,2022-07-04,2241,"Kingston, Frontenac and Lennox and Addington Health Unit",0.1303,137.0,0.64,0.9271,0.9704
16538,2022-07-04,5183,Huron Perth Health Unit,0.0587,102.0,0.73,0.8175,0.9729
16539,2022-07-04,2236,Halton Regional Health Unit,0.1665,192.0,0.31,0.8629,0.9359
16540,2022-07-04,2235,"Haliburton, Kawartha, Pine Ridge District Health Unit",0.0814,88.0,0.46,0.836,0.9436
16541,2022-07-04,2234,Haldimand-Norfolk Health Unit,0.1172,41.0,0.36,0.8256,0.9609
16542,2022-07-04,2258,Eastern Ontario Health Unit,0.0865,122.0,0.59,0.9032,0.9758
16543,2022-07-04,2230,Durham Regional Health Unit,0.1057,378.0,0.53,0.846,0.9553
16544,2022-07-04,2226,District of Algoma Health Unit,0.1003,57.0,0.5,0.8589,0.9332
16545,2022-07-04,3895,City of Toronto Health Unit,0.1228,1843.0,0.59,0.8916,0.9598
16546,2022-07-04,2251,City of Ottawa Health Unit,0.165,374.0,0.35,0.8938,0.955
16547,2022-07-04,2237,City of Hamilton Health Unit,0.1339,352.0,0.59,0.8967,0.9631
16548,2022-07-04,2240,Chatham-Kent Health Unit,0.0747,69.0,0.65,0.7795,0.9443
16549,2022-07-04,2227,Brant County Health Unit,0.118,99.0,0.64,0.7007,0.8729
16550,2022-07-04,2233,Grey Bruce Health Unit,0.0399,82.0,0.48,0.8777,0.9712
16551,2022-07-04,2238,Hastings and Prince Edward Counties Health Unit,0.0688,131.0,0.78,0.947,0.9819
16552,2022-07-04,2243,"Leeds, Grenville and Lanark District Health Unit",0.0891,85.0,0.49,0.8209,0.9409
16553,2022-07-04,2256,Porcupine Health Unit,0.0924,62.0,0.74,0.8929,0.9714
16554,2022-07-04,2261,Sudbury and District Health Unit,0.0903,163.0,0.82,0.9041,0.9426
16555,2022-07-04,2266,Wellington-Dufferin-Guelph Health Unit,0.1321,112.0,0.36,0.7877,0.9284
16556,2022-07-03,2270,York Regional Health Unit,0.1378,607.0,0.5,0.8141,0.938
16557,2022-07-03,2268,Windsor-Essex County Health Unit,0.0945,246.0,0.58,0.6187,0.87
16558,2022-07-03,2266,Wellington-Dufferin-Guelph Health Unit,0.1203,115.0,0.37,0.7723,0.9146
16559,2022-07-03,2263,Timiskaming Health Unit,0.0135,21.0,0.65,0.8921,0.9568
16560,2022-07-03,2262,Thunder Bay District Health Unit,0.0949,145.0,0.96,0.8653,0.9661
16561,2022-07-03,2261,Sudbury and District Health Unit,0.0913,166.0,0.83,0.9032,0.9423
16562,2022-07-03,2260,Simcoe Muskoka District Health Unit,0.1049,328.0,0.55,0.8367,0.9446
16563,2022-07-03,2257,Renfrew County and District Health Unit,0.0627,59.0,0.55,0.8211,0.9461
16564,2022-07-03,2256,Porcupine Health Unit,0.0873,61.0,0.73,0.8958,0.9769
16565,2022-07-03,2255,Peterborough County-City Health Unit,0.0986,74.0,0.5,0.8824,0.9533
16566,2022-07-03,2253,Peel Regional Health Unit,0.1066,694.0,0.43,0.8732,0.9539
16567,2022-07-03,35,Ontario,0.1121,7619.0,0.51,0.8543,0.9466
16568,2022-07-03,2249,Northwestern Health Unit,0.131,69.0,0.78,0.7836,0.916
16569,2022-07-03,2246,Niagara Regional Area Health Unit,0.1037,193.0,0.41,0.6954,0.8551
16570,2022-07-03,2244,Middlesex-London Health Unit,0.0888,288.0,0.57,0.906,0.9621
16571,2022-07-03,2243,"Leeds, Grenville and Lanark District Health Unit",0.084,87.0,0.5,0.8376,0.9402
16572,2022-07-03,2241,"Kingston, Frontenac and Lennox and Addington Health Unit",0.1203,132.0,0.62,0.9338,0.9724
16573,2022-07-03,5183,Huron Perth Health Unit,0.0509,95.0,0.68,0.8124,0.9645
16574,2022-07-03,2238,Hastings and Prince Edward Counties Health Unit,0.065,132.0,0.78,0.9537,0.9868
16575,2022-07-03,2235,"Haliburton, Kawartha, Pine Ridge District Health Unit",0.0828,83.0,0.44,0.8621,0.9546
16576,2022-07-03,2234,Haldimand-Norfolk Health Unit,0.1079,40.0,0.35,0.8222,0.9704
16577,2022-07-03,2233,Grey Bruce Health Unit,0.0521,82.0,0.48,0.8675,0.9656
16578,2022-07-03,2258,Eastern Ontario Health Unit,0.0702,120.0,0.58,0.892,0.964
16579,2022-07-03,2230,Durham Regional Health Unit,0.1073,371.0,0.52,0.8421,0.9526
16580,2022-07-03,2226,District of Algoma Health Unit,0.0907,60.0,0.52,0.8657,0.9305
16581,2022-07-03,3895,City of Toronto Health Unit,0.1194,1777.0,0.57,0.9008,0.9615
16582,2022-07-03,2237,City of Hamilton Health Unit,0.1248,322.0,0.54,0.8932,0.9599
16583,2022-07-03,2240,Chatham-Kent Health Unit,0.0727,65.0,0.61,0.7743,0.9469
16584,2022-07-03,2227,Brant County Health Unit,0.1132,83.0,0.54,0.7045,0.8865
16585,2022-07-03,2251,City of Ottawa Health Unit,0.1676,372.0,0.35,0.8932,0.9545
16586,2022-07-03,2236,Halton Regional Health Unit,0.1608,187.0,0.3,0.8659,0.9338
16587,2022-07-03,2242,Lambton Health Unit,0.1023,68.0,0.52,0.7472,0.8869
16588,2022-07-03,2247,North Bay Parry Sound District Health Unit,0.0688,71.0,0.54,0.8869,0.9464
16589,2022-07-03,4913,Southwestern Public Health,0.0768,117.0,0.55,0.8804,0.9778
16590,2022-07-03,2265,Waterloo Health Unit,0.1308,224.0,0.38,0.7841,0.9204
16591,2022-07-02,2268,Windsor-Essex County Health Unit,0.0895,254.0,0.6,0.6159,0.872
16592,2022-07-02,2266,Wellington-Dufferin-Guelph Health Unit,0.1112,116.0,0.37,0.7817,0.9156
16593,2022-07-02,2265,Waterloo Health Unit,0.1224,219.0,0.38,0.7784,0.9223
16594,2022-07-02,2262,Thunder Bay District Health Unit,0.0936,147.0,0.98,0.8841,0.9666
16595,2022-07-02,2261,Sudbury and District Health Unit,0.0937,160.0,0.8,0.886,0.9359
16596,2022-07-02,4913,Southwestern Public Health,0.071,119.0,0.56,0.8827,0.9802
16597,2022-07-02,2260,Simcoe Muskoka District Health Unit,0.1002,332.0,0.55,0.8532,0.9436
16598,2022-07-02,2257,Renfrew County and District Health Unit,0.0558,61.0,0.57,0.8005,0.946
16599,2022-07-02,2256,Porcupine Health Unit,0.0986,62.0,0.75,0.8962,0.9764
16600,2022-07-02,2255,Peterborough County-City Health Unit,0.0891,74.0,0.5,0.8742,0.9513
16601,2022-07-02,35,Ontario,0.1091,7576.0,0.51,0.8516,0.9479
16602,2022-07-02,2249,Northwestern Health Unit,0.1347,72.0,0.82,0.8452,0.9331
16603,2022-07-02,2247,North Bay Parry Sound District Health Unit,0.07,69.0,0.54,0.8874,0.9506
16604,2022-07-02,2244,Middlesex-London Health Unit,0.086,282.0,0.56,0.8939,0.9614
16605,2022-07-02,2243,"Leeds, Grenville and Lanark District Health Unit",0.0844,86.0,0.5,0.8298,0.9372
16606,2022-07-02,2242,Lambton Health Unit,0.1023,67.0,0.51,0.7426,0.8745
16607,2022-07-02,5183,Huron Perth Health Unit,0.0469,97.0,0.7,0.8171,0.9666
16608,2022-07-02,2238,Hastings and Prince Edward Counties Health Unit,0.0628,132.0,0.78,0.9007,0.9857
16609,2022-07-02,2236,Halton Regional Health Unit,0.149,180.0,0.29,0.8512,0.9333
16610,2022-07-02,2235,"Haliburton, Kawartha, Pine Ridge District Health Unit",0.0828,85.0,0.45,0.8497,0.951
16611,2022-07-02,2234,Haldimand-Norfolk Health Unit,0.1066,39.0,0.34,0.8037,0.963
16612,2022-07-02,2233,Grey Bruce Health Unit,0.0561,81.0,0.48,0.8613,0.9599
16613,2022-07-02,2258,Eastern Ontario Health Unit,0.069,126.0,0.61,0.8865,0.9614
16614,2022-07-02,2226,District of Algoma Health Unit,0.0892,61.0,0.53,0.8592,0.9332
16615,2022-07-02,3895,City of Toronto Health Unit,0.1168,1764.0,0.57,0.8969,0.9635
16616,2022-07-02,2251,City of Ottawa Health Unit,0.1652,367.0,0.35,0.8886,0.9562
16617,2022-07-02,2240,Chatham-Kent Health Unit,0.0746,65.0,0.61,0.7401,0.9443
16618,2022-07-02,2227,Brant County Health Unit,0.1125,81.0,0.52,0.689,0.8771
16619,2022-07-02,2237,City of Hamilton Health Unit,0.1139,297.0,0.5,0.8841,0.9585
16620,2022-07-02,2230,Durham Regional Health Unit,0.102,373.0,0.52,0.8426,0.9525
16621,2022-07-02,2241,"Kingston, Frontenac and Lennox and Addington Health Unit",0.1079,135.0,0.63,0.938,0.9773
16622,2022-07-02,2246,Niagara Regional Area Health Unit,0.1028,192.0,0.41,0.6929,0.8494
16623,2022-07-02,2253,Peel Regional Health Unit,0.1066,690.0,0.43,0.8663,0.9547
16624,2022-07-02,2263,Timiskaming Health Unit,0.0205,21.0,0.64,0.8993,0.9597
16625,2022-07-02,2270,York Regional Health Unit,0.1386,604.0,0.49,0.8286,0.9505
16626,2022-07-01,2270,York Regional Health Unit,0.1343,601.0,0.49,0.8334,0.9535
16627,2022-07-01,2266,Wellington-Dufferin-Guelph Health Unit,0.1043,119.0,0.38,0.7956,0.9182
16628,2022-07-01,2265,Waterloo Health Unit,0.1197,222.0,0.38,0.7939,0.9285
16629,2022-07-01,2263,Timiskaming Health Unit,0.0201,21.0,0.65,0.8654,0.9551
16630,2022-07-01,2262,Thunder Bay District Health Unit,0.0942,152.0,1.01,0.9009,0.9734
16631,2022-07-01,2261,Sudbury and District Health Unit,0.0878,156.0,0.78,0.8913,0.9436
16632,2022-07-01,4913,Southwestern Public Health,0.07,118.0,0.56,0.9108,0.9813
16633,2022-07-01,2260,Simcoe Muskoka District Health Unit,0.0956,338.0,0.56,0.8627,0.9457
16634,2022-07-01,2256,Porcupine Health Unit,0.0878,62.0,0.74,0.8968,0.9785
16635,2022-07-01,2255,Peterborough County-City Health Unit,0.0918,75.0,0.5,0.8872,0.9637
16636,2022-07-01,2253,Peel Regional Health Unit,0.0989,680.0,0.42,0.8662,0.9543
16637,2022-07-01,2249,Northwestern Health Unit,0.1245,75.0,0.85,0.8791,0.9482
16638,2022-07-01,2247,North Bay Parry Sound District Health Unit,0.0616,70.0,0.54,0.9231,0.9546
16639,2022-07-01,2246,Niagara Regional Area Health Unit,0.0908,186.0,0.39,0.7127,0.847
16640,2022-07-01,2243,"Leeds, Grenville and Lanark District Health Unit",0.0813,88.0,0.51,0.8379,0.9343
16641,2022-07-01,2242,Lambton Health Unit,0.1027,68.0,0.52,0.7505,0.8724
16642,2022-07-01,2241,"Kingston, Frontenac and Lennox and Addington Health Unit",0.1073,142.0,0.67,0.9364,0.9746
16643,2022-07-01,5183,Huron Perth Health Unit,0.0443,100.0,0.71,0.8224,0.9678
16644,2022-07-01,2238,Hastings and Prince Edward Counties Health Unit,0.0578,131.0,0.78,0.906,0.9867
16645,2022-07-01,2236,Halton Regional Health Unit,0.1502,180.0,0.29,0.8295,0.9321
16646,2022-07-01,2235,"Haliburton, Kawartha, Pine Ridge District Health Unit",0.0802,84.0,0.44,0.8574,0.9551
16647,2022-07-01,2233,Grey Bruce Health Unit,0.0522,79.0,0.47,0.8704,0.9585
16648,2022-07-01,2258,Eastern Ontario Health Unit,0.0703,126.0,0.6,0.8867,0.9633
16649,2022-07-01,2230,Durham Regional Health Unit,0.0966,371.0,0.52,0.8578,0.9559
16650,2022-07-01,3895,City of Toronto Health Unit,0.1154,1721.0,0.55,0.8945,0.9629
16651,2022-07-01,2251,City of Ottawa Health Unit,0.1665,361.0,0.34,0.8816,0.9592
16652,2022-07-01,2237,City of Hamilton Health Unit,0.0939,272.0,0.46,0.8936,0.9616
16653,2022-07-01,2227,Brant County Health Unit,0.1076,81.0,0.52,0.7484,0.8628
16654,2022-07-01,2240,Chatham-Kent Health Unit,0.0818,61.0,0.58,0.7596,0.9433
16655,2022-07-01,2226,District of Algoma Health Unit,0.0857,60.0,0.52,0.8612,0.9361
16656,2022-07-01,2234,Haldimand-Norfolk Health Unit,0.1047,40.0,0.35,0.8333,0.9633
16657,2022-07-01,2244,Middlesex-London Health Unit,0.0778,285.0,0.56,0.8976,0.9631
16658,2022-07-01,35,Ontario,0.105,7503.0,0.51,0.8576,0.9491
16659,2022-07-01,2257,Renfrew County and District Health Unit,0.0488,59.0,0.54,0.7533,0.9471
16660,2022-07-01,2268,Windsor-Essex County Health Unit,0.0861,254.0,0.6,0.6555,0.8657
16661,2022-06-30,2270,York Regional Health Unit,0.1336,651.0,0.53,0.8207,0.9529
16662,2022-06-30,2268,Windsor-Essex County Health Unit,0.0825,272.0,0.64,0.676,0.8727
16663,2022-06-30,2266,Wellington-Dufferin-Guelph Health Unit,0.1018,132.0,0.42,0.807,0.9254
16664,2022-06-30,2265,Waterloo Health Unit,0.1138,245.0,0.42,0.7898,0.924
16665,2022-06-30,2263,Timiskaming Health Unit,0.02,21.0,0.66,0.8333,0.9638
16666,2022-06-30,2262,Thunder Bay District Health Unit,0.092,163.0,1.09,0.9166,0.9785
16667,2022-06-30,4913,Southwestern Public Health,0.0649,134.0,0.63,0.9144,0.9783
16668,2022-06-30,2260,Simcoe Muskoka District Health Unit,0.0841,362.0,0.6,0.8633,0.9441
16669,2022-06-30,2257,Renfrew County and District Health Unit,0.053,62.0,0.57,0.7433,0.9441
16670,2022-06-30,2255,Peterborough County-City Health Unit,0.0841,80.0,0.54,0.8832,0.9567
16671,2022-06-30,2253,Peel Regional Health Unit,0.0943,712.0,0.44,0.8596,0.9506
16672,2022-06-30,35,Ontario,0.1014,7982.0,0.54,0.8562,0.9497
16673,2022-06-30,2247,North Bay Parry Sound District Health Unit,0.061,77.0,0.6,0.9206,0.9565
16674,2022-06-30,2246,Niagara Regional Area Health Unit,0.0861,193.0,0.41,0.729,0.8671
16675,2022-06-30,2244,Middlesex-London Health Unit,0.0771,296.0,0.58,0.8845,0.9641
16676,2022-06-30,2243,"Leeds, Grenville and Lanark District Health Unit",0.0813,93.0,0.54,0.8489,0.9381
16677,2022-06-30,2242,Lambton Health Unit,0.0907,74.0,0.57,0.7772,0.8858
16678,2022-06-30,2241,"Kingston, Frontenac and Lennox and Addington Health Unit",0.1011,148.0,0.7,0.9438,0.98
16679,2022-06-30,5183,Huron Perth Health Unit,0.0456,103.0,0.74,0.8136,0.9587
16680,2022-06-30,2236,Halton Regional Health Unit,0.1474,192.0,0.31,0.8257,0.9365
16681,2022-06-30,2235,"Haliburton, Kawartha, Pine Ridge District Health Unit",0.0835,89.0,0.47,0.8484,0.9484
16682,2022-06-30,2234,Haldimand-Norfolk Health Unit,0.0997,44.0,0.39,0.8447,0.9547
16683,2022-06-30,2258,Eastern Ontario Health Unit,0.067,134.0,0.64,0.8864,0.9639
16684,2022-06-30,2230,Durham Regional Health Unit,0.0923,388.0,0.55,0.8564,0.9554
16685,2022-06-30,2226,District of Algoma Health Unit,0.0755,68.0,0.6,0.8852,0.9478
16686,2022-06-30,3895,City of Toronto Health Unit,0.113,1806.0,0.58,0.8887,0.9622
16687,2022-06-30,2251,City of Ottawa Health Unit,0.1646,385.0,0.37,0.8879,0.9634
16688,2022-06-30,2237,City of Hamilton Health Unit,0.0852,283.0,0.48,0.8885,0.9597
16689,2022-06-30,2240,Chatham-Kent Health Unit,0.0786,65.0,0.62,0.7684,0.9481
16690,2022-06-30,2227,Brant County Health Unit,0.1075,80.0,0.51,0.7723,0.8812
16691,2022-06-30,2233,Grey Bruce Health Unit,0.0489,88.0,0.52,0.8819,0.9567
16692,2022-06-30,2238,Hastings and Prince Edward Counties Health Unit,0.0493,142.0,0.84,0.9025,0.9819
16693,2022-06-30,2249,Northwestern Health Unit,0.1189,82.0,0.93,0.9051,0.9666
16694,2022-06-30,2256,Porcupine Health Unit,0.0826,69.0,0.83,0.8864,0.9777
16695,2022-06-30,2261,Sudbury and District Health Unit,0.0814,175.0,0.88,0.8988,0.9466
16696,2022-06-29,2270,York Regional Health Unit,0.1315,638.0,0.52,0.8299,0.9578
16697,2022-06-29,2268,Windsor-Essex County Health Unit,0.0829,272.0,0.64,0.6792,0.8795
16698,2022-06-29,2266,Wellington-Dufferin-Guelph Health Unit,0.088,133.0,0.43,0.8189,0.9274
16699,2022-06-29,2263,Timiskaming Health Unit,0.0221,19.0,0.59,0.8281,0.9688
16700,2022-06-29,2262,Thunder Bay District Health Unit,0.0974,161.0,1.08,0.9183,0.9772
16701,2022-06-29,2261,Sudbury and District Health Unit,0.0767,177.0,0.89,0.9248,0.9733
16702,2022-06-29,2260,Simcoe Muskoka District Health Unit,0.0809,349.0,0.58,0.865,0.947
16703,2022-06-29,2257,Renfrew County and District Health Unit,0.0467,67.0,0.62,0.7537,0.9457
16704,2022-06-29,2256,Porcupine Health Unit,0.0814,67.0,0.8,0.8889,0.9787
16705,2022-06-29,2253,Peel Regional Health Unit,0.0891,717.0,0.45,0.8641,0.9485
16706,2022-06-29,35,Ontario,0.0979,7914.0,0.53,0.8566,0.9507
16707,2022-06-29,2249,Northwestern Health Unit,0.109,83.0,0.94,0.9029,0.9532
16708,2022-06-29,2247,North Bay Parry Sound District Health Unit,0.0614,74.0,0.57,0.9383,0.963
16709,2022-06-29,2246,Niagara Regional Area Health Unit,0.0822,195.0,0.41,0.7403,0.8767
16710,2022-06-29,2244,Middlesex-London Health Unit,0.0779,304.0,0.6,0.8822,0.9653
16711,2022-06-29,2243,"Leeds, Grenville and Lanark District Health Unit",0.0709,95.0,0.55,0.8623,0.9446
16712,2022-06-29,2241,"Kingston, Frontenac and Lennox and Addington Health Unit",0.0845,152.0,0.72,0.9568,0.9794
16713,2022-06-29,5183,Huron Perth Health Unit,0.0447,106.0,0.76,0.8034,0.9557
16714,2022-06-29,2238,Hastings and Prince Edward Counties Health Unit,0.0559,143.0,0.85,0.9065,0.9823
16715,2022-06-29,2235,"Haliburton, Kawartha, Pine Ridge District Health Unit",0.0767,93.0,0.49,0.8524,0.9524
16716,2022-06-29,2234,Haldimand-Norfolk Health Unit,0.09,44.0,0.39,0.8558,0.9551
16717,2022-06-29,2233,Grey Bruce Health Unit,0.0525,87.0,0.51,0.8564,0.9576
16718,2022-06-29,2230,Durham Regional Health Unit,0.0926,387.0,0.54,0.8469,0.9546
16719,2022-06-29,2226,District of Algoma Health Unit,0.0751,70.0,0.62,0.8694,0.9327
16720,2022-06-29,3895,City of Toronto Health Unit,0.1081,1763.0,0.56,0.8877,0.9613
16721,2022-06-29,2251,City of Ottawa Health Unit,0.1629,390.0,0.37,0.8858,0.9637
16722,2022-06-29,2237,City of Hamilton Health Unit,0.0746,262.0,0.44,0.8817,0.9567
16723,2022-06-29,2240,Chatham-Kent Health Unit,0.0839,65.0,0.61,0.7281,0.9364
16724,2022-06-29,2227,Brant County Health Unit,0.0915,70.0,0.45,0.7708,0.8735
16725,2022-06-29,2258,Eastern Ontario Health Unit,0.0715,134.0,0.64,0.8918,0.9653
16726,2022-06-29,2236,Halton Regional Health Unit,0.1448,190.0,0.31,0.8227,0.9367
16727,2022-06-29,2242,Lambton Health Unit,0.0823,78.0,0.6,0.777,0.8903
16728,2022-06-29,2255,Peterborough County-City Health Unit,0.0858,78.0,0.53,0.9022,0.9735
16729,2022-06-29,4913,Southwestern Public Health,0.0603,133.0,0.63,0.9063,0.9771
16730,2022-06-29,2265,Waterloo Health Unit,0.1147,245.0,0.42,0.7617,0.9211
16731,2022-06-28,2268,Windsor-Essex County Health Unit,0.0821,271.0,0.64,0.6237,0.8431
16732,2022-06-28,2266,Wellington-Dufferin-Guelph Health Unit,0.0899,137.0,0.44,0.8235,0.9322
16733,2022-06-28,2265,Waterloo Health Unit,0.1112,236.0,0.4,0.7444,0.919
16734,2022-06-28,2262,Thunder Bay District Health Unit,0.098,160.0,1.07,0.929,0.9791
16735,2022-06-28,2261,Sudbury and District Health Unit,0.0786,173.0,0.87,0.931,0.9862
16736,2022-06-28,4913,Southwestern Public Health,0.0602,130.0,0.62,0.8975,0.9765
16737,2022-06-28,2257,Renfrew County and District Health Unit,0.0436,69.0,0.63,0.7683,0.9478
16738,2022-06-28,2256,Porcupine Health Unit,0.0759,66.0,0.79,0.9051,0.9815
16739,2022-06-28,2255,Peterborough County-City Health Unit,0.0981,74.0,0.5,0.8879,0.9603
16740,2022-06-28,2253,Peel Regional Health Unit,0.0861,718.0,0.45,0.869,0.9471
16741,2022-06-28,35,Ontario,0.0952,7961.0,0.54,0.8601,0.9508
16742,2022-06-28,2249,Northwestern Health Unit,0.1113,85.0,0.97,0.9026,0.9521
16743,2022-06-28,2247,North Bay Parry Sound District Health Unit,0.0684,67.0,0.52,0.9631,0.9913
16744,2022-06-28,2244,Middlesex-London Health Unit,0.074,299.0,0.59,0.8873,0.9659
16745,2022-06-28,2243,"Leeds, Grenville and Lanark District Health Unit",0.0685,98.0,0.57,0.8668,0.9429
16746,2022-06-28,2242,Lambton Health Unit,0.0667,77.0,0.59,0.764,0.8865
16747,2022-06-28,5183,Huron Perth Health Unit,0.0402,107.0,0.76,0.7992,0.9547
16748,2022-06-28,2238,Hastings and Prince Edward Counties Health Unit,0.0627,146.0,0.87,0.9079,0.9782
16749,2022-06-28,2236,Halton Regional Health Unit,0.1476,190.0,0.31,0.8144,0.9296
16750,2022-06-28,2234,Haldimand-Norfolk Health Unit,0.1022,45.0,0.39,0.8202,0.9476
16751,2022-06-28,2233,Grey Bruce Health Unit,0.052,85.0,0.5,0.8404,0.9531
16752,2022-06-28,2258,Eastern Ontario Health Unit,0.0637,139.0,0.67,0.9056,0.9645
16753,2022-06-28,2230,Durham Regional Health Unit,0.0886,379.0,0.53,0.8554,0.96
16754,2022-06-28,2226,District of Algoma Health Unit,0.0657,70.0,0.61,0.885,0.9396
16755,2022-06-28,3895,City of Toronto Health Unit,0.1027,1826.0,0.59,0.8964,0.9637
16756,2022-06-28,2251,City of Ottawa Health Unit,0.1573,386.0,0.37,0.8802,0.9631
16757,2022-06-28,2240,Chatham-Kent Health Unit,0.0739,62.0,0.58,0.7264,0.931
16758,2022-06-28,2227,Brant County Health Unit,0.0902,74.0,0.48,0.7769,0.8827
16759,2022-06-28,2237,City of Hamilton Health Unit,0.0771,256.0,0.43,0.8911,0.9597
16760,2022-06-28,2235,"Haliburton, Kawartha, Pine Ridge District Health Unit",0.0619,90.0,0.48,0.8576,0.951
16761,2022-06-28,2241,"Kingston, Frontenac and Lennox and Addington Health Unit",0.0874,155.0,0.73,0.9655,0.9813
16762,2022-06-28,2246,Niagara Regional Area Health Unit,0.082,199.0,0.42,0.7734,0.8852
16763,2022-06-28,2260,Simcoe Muskoka District Health Unit,0.077,351.0,0.59,0.8755,0.9503
16764,2022-06-28,2263,Timiskaming Health Unit,0.0233,18.0,0.56,0.7836,0.9776
16765,2022-06-28,2270,York Regional Health Unit,0.1269,654.0,0.53,0.843,0.959
16766,2022-06-27,2270,York Regional Health Unit,0.1272,645.0,0.53,0.8446,0.965
16767,2022-06-27,2266,Wellington-Dufferin-Guelph Health Unit,0.0811,137.0,0.44,0.8306,0.9376
16768,2022-06-27,2265,Waterloo Health Unit,0.1082,234.0,0.4,0.7374,0.9163
16769,2022-06-27,2263,Timiskaming Health Unit,0.0156,18.0,0.56,0.7515,0.9455
16770,2022-06-27,2261,Sudbury and District Health Unit,0.0777,175.0,0.88,0.9209,0.9765
16771,2022-06-27,4913,Southwestern Public Health,0.0534,134.0,0.63,0.8961,0.9759
16772,2022-06-27,2260,Simcoe Muskoka District Health Unit,0.0742,358.0,0.6,0.8822,0.9541
16773,2022-06-27,2257,Renfrew County and District Health Unit,0.0416,69.0,0.63,0.734,0.938
16774,2022-06-27,2256,Porcupine Health Unit,0.0711,64.0,0.77,0.8674,0.9368
16775,2022-06-27,2255,Peterborough County-City Health Unit,0.0922,68.0,0.46,0.9039,0.9569
16776,2022-06-27,2253,Peel Regional Health Unit,0.0845,732.0,0.46,0.8675,0.947
16777,2022-06-27,2249,Northwestern Health Unit,0.1064,85.0,0.96,0.9034,0.9535
16778,2022-06-27,2247,North Bay Parry Sound District Health Unit,0.0562,66.0,0.51,0.9646,0.9921
16779,2022-06-27,2246,Niagara Regional Area Health Unit,0.0813,200.0,0.42,0.7735,0.8961
16780,2022-06-27,2243,"Leeds, Grenville and Lanark District Health Unit",0.0623,99.0,0.57,0.8866,0.947
16781,2022-06-27,2242,Lambton Health Unit,0.0566,78.0,0.6,0.7602,0.8912
16782,2022-06-27,2241,"Kingston, Frontenac and Lennox and Addington Health Unit",0.0836,157.0,0.74,0.964,0.9811
16783,2022-06-27,2238,Hastings and Prince Edward Counties Health Unit,0.0631,149.0,0.89,0.915,0.9802
16784,2022-06-27,2236,Halton Regional Health Unit,0.1411,190.0,0.31,0.8147,0.9294
16785,2022-06-27,2235,"Haliburton, Kawartha, Pine Ridge District Health Unit",0.0674,93.0,0.49,0.8463,0.9433
16786,2022-06-27,2234,Haldimand-Norfolk Health Unit,0.1053,38.0,0.33,0.8453,0.9434
16787,2022-06-27,2233,Grey Bruce Health Unit,0.0602,88.0,0.52,0.8428,0.9513
16788,2022-06-27,2258,Eastern Ontario Health Unit,0.0558,143.0,0.69,0.9013,0.9621
16789,2022-06-27,2230,Durham Regional Health Unit,0.076,385.0,0.54,0.871,0.9614
16790,2022-06-27,3895,City of Toronto Health Unit,0.0965,1835.0,0.59,0.8981,0.9642
16791,2022-06-27,2251,City of Ottawa Health Unit,0.1565,375.0,0.36,0.8738,0.9631
16792,2022-06-27,2237,City of Hamilton Health Unit,0.0737,250.0,0.42,0.9047,0.9662
16793,2022-06-27,2227,Brant County Health Unit,0.0762,75.0,0.48,0.8129,0.9148
16794,2022-06-27,2240,Chatham-Kent Health Unit,0.0727,63.0,0.59,0.75,0.9342
16795,2022-06-27,2226,District of Algoma Health Unit,0.0721,75.0,0.66,0.8835,0.9342
16796,2022-06-27,5183,Huron Perth Health Unit,0.0423,101.0,0.72,0.7994,0.9613
16797,2022-06-27,2244,Middlesex-London Health Unit,0.0723,297.0,0.58,0.8872,0.9697
16798,2022-06-27,35,Ontario,0.0911,7972.0,0.54,0.8618,0.9515
16799,2022-06-27,2262,Thunder Bay District Health Unit,0.0898,159.0,1.06,0.9302,0.975
16800,2022-06-27,2268,Windsor-Essex County Health Unit,0.0821,268.0,0.63,0.6175,0.8336
16801,2022-06-26,2270,York Regional Health Unit,0.1225,637.0,0.52,0.8484,0.9667
16802,2022-06-26,2268,Windsor-Essex County Health Unit,0.0805,270.0,0.64,0.5979,0.8344
16803,2022-06-26,2265,Waterloo Health Unit,0.1087,225.0,0.38,0.7569,0.929
16804,2022-06-26,2263,Timiskaming Health Unit,0.0067,21.0,0.66,0.7453,0.9441
16805,2022-06-26,2262,Thunder Bay District Health Unit,0.0897,164.0,1.09,0.939,0.9761
16806,2022-06-26,2261,Sudbury and District Health Unit,0.0714,166.0,0.83,0.9205,0.9758
16807,2022-06-26,4913,Southwestern Public Health,0.0468,134.0,0.63,0.899,0.9734
16808,2022-06-26,2260,Simcoe Muskoka District Health Unit,0.0718,364.0,0.61,0.8986,0.9618
16809,2022-06-26,2257,Renfrew County and District Health Unit,0.0357,68.0,0.63,0.7361,0.9423
16810,2022-06-26,2255,Peterborough County-City Health Unit,0.0714,76.0,0.51,0.8986,0.9552
16811,2022-06-26,2253,Peel Regional Health Unit,0.0832,714.0,0.44,0.8699,0.9483
16812,2022-06-26,35,Ontario,0.0859,7975.0,0.54,0.866,0.9552
16813,2022-06-26,2247,North Bay Parry Sound District Health Unit,0.0509,79.0,0.61,0.9486,0.989
16814,2022-06-26,2246,Niagara Regional Area Health Unit,0.0786,205.0,0.43,0.802,0.9321
16815,2022-06-26,2244,Middlesex-London Health Unit,0.0698,305.0,0.6,0.885,0.9709
16816,2022-06-26,2242,Lambton Health Unit,0.0436,82.0,0.63,0.7755,0.905
16817,2022-06-26,2241,"Kingston, Frontenac and Lennox and Addington Health Unit",0.0744,161.0,0.76,0.9671,0.9835
16818,2022-06-26,5183,Huron Perth Health Unit,0.0446,103.0,0.73,0.7928,0.968
16819,2022-06-26,2238,Hastings and Prince Edward Counties Health Unit,0.059,150.0,0.89,0.9124,0.9808
16820,2022-06-26,2236,Halton Regional Health Unit,0.1286,182.0,0.29,0.8112,0.9308
16821,2022-06-26,2235,"Haliburton, Kawartha, Pine Ridge District Health Unit",0.0554,95.0,0.51,0.8522,0.9487
16822,2022-06-26,2234,Haldimand-Norfolk Health Unit,0.0912,39.0,0.34,0.8545,0.944
16823,2022-06-26,2258,Eastern Ontario Health Unit,0.0619,141.0,0.67,0.9062,0.9718
16824,2022-06-26,2230,Durham Regional Health Unit,0.0746,389.0,0.55,0.876,0.9639
16825,2022-06-26,2226,District of Algoma Health Unit,0.064,76.0,0.66,0.8821,0.9355
16826,2022-06-26,2251,City of Ottawa Health Unit,0.1397,381.0,0.36,0.8786,0.9677
16827,2022-06-26,2237,City of Hamilton Health Unit,0.0665,243.0,0.41,0.903,0.9655
16828,2022-06-26,2240,Chatham-Kent Health Unit,0.0649,66.0,0.62,0.7506,0.9338
16829,2022-06-26,2227,Brant County Health Unit,0.0769,74.0,0.48,0.8206,0.9175
16830,2022-06-26,3895,City of Toronto Health Unit,0.0907,1816.0,0.58,0.9043,0.967
16831,2022-06-26,2233,Grey Bruce Health Unit,0.0528,89.0,0.53,0.8447,0.9579
16832,2022-06-26,2243,"Leeds, Grenville and Lanark District Health Unit",0.0753,99.0,0.57,0.8711,0.9378
16833,2022-06-26,2249,Northwestern Health Unit,0.0897,84.0,0.96,0.9035,0.9567
16834,2022-06-26,2256,Porcupine Health Unit,0.0564,68.0,0.82,0.8618,0.932
16835,2022-06-26,2266,Wellington-Dufferin-Guelph Health Unit,0.0764,138.0,0.44,0.8596,0.9525
16836,2022-06-25,2270,York Regional Health Unit,0.1201,636.0,0.52,0.8343,0.9656
16837,2022-06-25,2268,Windsor-Essex County Health Unit,0.0786,269.0,0.63,0.5887,0.828
16838,2022-06-25,2266,Wellington-Dufferin-Guelph Health Unit,0.0727,140.0,0.45,0.8454,0.9446
16839,2022-06-25,2265,Waterloo Health Unit,0.1088,222.0,0.38,0.7617,0.9289
16840,2022-06-25,2263,Timiskaming Health Unit,0.0065,22.0,0.68,0.7237,0.9408
16841,2022-06-25,2262,Thunder Bay District Health Unit,0.0918,160.0,1.07,0.9462,0.979
16842,2022-06-25,2261,Sudbury and District Health Unit,0.0683,167.0,0.84,0.9161,0.9799
16843,2022-06-25,2260,Simcoe Muskoka District Health Unit,0.0734,360.0,0.6,0.8933,0.963
16844,2022-06-25,2257,Renfrew County and District Health Unit,0.0292,69.0,0.63,0.7164,0.94
16845,2022-06-25,2256,Porcupine Health Unit,0.0423,64.0,0.77,0.8575,0.9287
16846,2022-06-25,2253,Peel Regional Health Unit,0.0797,719.0,0.45,0.8693,0.9479
16847,2022-06-25,35,Ontario,0.0837,7935.0,0.54,0.8622,0.9544
16848,2022-06-25,2249,Northwestern Health Unit,0.0882,83.0,0.94,0.8946,0.9613
16849,2022-06-25,2246,Niagara Regional Area Health Unit,0.0732,205.0,0.43,0.7903,0.9362
16850,2022-06-25,2244,Middlesex-London Health Unit,0.0643,304.0,0.6,0.877,0.9653
16851,2022-06-25,2243,"Leeds, Grenville and Lanark District Health Unit",0.072,95.0,0.55,0.869,0.9375
16852,2022-06-25,2242,Lambton Health Unit,0.041,84.0,0.64,0.7793,0.9168
16853,2022-06-25,2241,"Kingston, Frontenac and Lennox and Addington Health Unit",0.0752,161.0,0.76,0.9567,0.9827
16854,2022-06-25,5183,Huron Perth Health Unit,0.0431,103.0,0.74,0.8003,0.9643
16855,2022-06-25,2238,Hastings and Prince Edward Counties Health Unit,0.0561,148.0,0.88,0.9511,0.9776
16856,2022-06-25,2235,"Haliburton, Kawartha, Pine Ridge District Health Unit",0.0589,97.0,0.51,0.8466,0.9489
16857,2022-06-25,2234,Haldimand-Norfolk Health Unit,0.0781,38.0,0.34,0.8621,0.9502
16858,2022-06-25,2233,Grey Bruce Health Unit,0.0501,88.0,0.52,0.8562,0.9641
16859,2022-06-25,2230,Durham Regional Health Unit,0.0714,382.0,0.54,0.8585,0.9636
16860,2022-06-25,2226,District of Algoma Health Unit,0.0775,76.0,0.66,0.8771,0.9358
16861,2022-06-25,3895,City of Toronto Health Unit,0.0873,1803.0,0.58,0.9013,0.9646
16862,2022-06-25,2237,City of Hamilton Health Unit,0.0685,240.0,0.4,0.8939,0.9595
16863,2022-06-25,2240,Chatham-Kent Health Unit,0.0665,64.0,0.61,0.7191,0.9371
16864,2022-06-25,2227,Brant County Health Unit,0.076,73.0,0.47,0.8536,0.9331
16865,2022-06-25,2251,City of Ottawa Health Unit,0.1366,383.0,0.36,0.8709,0.9633
16866,2022-06-25,2258,Eastern Ontario Health Unit,0.0604,137.0,0.66,0.9028,0.9728
16867,2022-06-25,2236,Halton Regional Health Unit,0.1272,183.0,0.3,0.8171,0.9311
16868,2022-06-25,2247,North Bay Parry Sound District Health Unit,0.0541,79.0,0.61,0.9317,0.9871
16869,2022-06-25,2255,Peterborough County-City Health Unit,0.0735,78.0,0.53,0.8904,0.9565
16870,2022-06-25,4913,Southwestern Public Health,0.0486,135.0,0.64,0.903,0.9757
16871,2022-06-24,2270,York Regional Health Unit,0.1138,628.0,0.51,0.8373,0.9647
16872,2022-06-24,2268,Windsor-Essex County Health Unit,0.0747,270.0,0.63,0.5783,0.8253
16873,2022-06-24,2266,Wellington-Dufferin-Guelph Health Unit,0.0782,137.0,0.44,0.8501,0.9444
16874,2022-06-24,2265,Waterloo Health Unit,0.1045,227.0,0.39,0.7207,0.9282
16875,2022-06-24,2262,Thunder Bay District Health Unit,0.0921,158.0,1.05,0.9393,0.9761
16876,2022-06-24,2261,Sudbury and District Health Unit,0.0659,173.0,0.87,0.9031,0.9653
16877,2022-06-24,4913,Southwestern Public Health,0.0469,134.0,0.63,0.8986,0.9727
16878,2022-06-24,2257,Renfrew County and District Health Unit,0.0292,68.0,0.63,0.7533,0.9427
16879,2022-06-24,2256,Porcupine Health Unit,0.0403,64.0,0.77,0.871,0.9263
16880,2022-06-24,2255,Peterborough County-City Health Unit,0.0726,77.0,0.52,0.8891,0.9586
16881,2022-06-24,35,Ontario,0.0826,7947.0,0.54,0.8641,0.9532
16882,2022-06-24,2249,Northwestern Health Unit,0.0869,81.0,0.92,0.8847,0.969
16883,2022-06-24,2247,North Bay Parry Sound District Health Unit,0.0583,78.0,0.6,0.929,0.9869
16884,2022-06-24,2246,Niagara Regional Area Health Unit,0.0786,211.0,0.45,0.7753,0.9333
16885,2022-06-24,2244,Middlesex-London Health Unit,0.0636,301.0,0.59,0.8805,0.9651
16886,2022-06-24,2243,"Leeds, Grenville and Lanark District Health Unit",0.0704,95.0,0.55,0.8644,0.949
16887,2022-06-24,2242,Lambton Health Unit,0.0318,85.0,0.65,0.7835,0.9243
16888,2022-06-24,5183,Huron Perth Health Unit,0.0421,102.0,0.73,0.8083,0.96
16889,2022-06-24,2238,Hastings and Prince Edward Counties Health Unit,0.0564,147.0,0.87,0.9488,0.9759
16890,2022-06-24,2236,Halton Regional Health Unit,0.1204,178.0,0.29,0.8424,0.9258
16891,2022-06-24,2234,Haldimand-Norfolk Health Unit,0.0769,37.0,0.33,0.8555,0.9453
16892,2022-06-24,2233,Grey Bruce Health Unit,0.0456,88.0,0.52,0.8471,0.9647
16893,2022-06-24,2258,Eastern Ontario Health Unit,0.058,138.0,0.66,0.9099,0.9686
16894,2022-06-24,2226,District of Algoma Health Unit,0.0842,78.0,0.68,0.8755,0.935
16895,2022-06-24,3895,City of Toronto Health Unit,0.0856,1820.0,0.58,0.9083,0.9636
16896,2022-06-24,2251,City of Ottawa Health Unit,0.1382,387.0,0.37,0.8823,0.9586
16897,2022-06-24,2237,City of Hamilton Health Unit,0.0693,239.0,0.4,0.8976,0.9559
16898,2022-06-24,2240,Chatham-Kent Health Unit,0.0527,65.0,0.61,0.7254,0.9434
16899,2022-06-24,2227,Brant County Health Unit,0.0741,71.0,0.46,0.8668,0.9365
16900,2022-06-24,2230,Durham Regional Health Unit,0.0732,379.0,0.53,0.8514,0.9617
16901,2022-06-24,2235,"Haliburton, Kawartha, Pine Ridge District Health Unit",0.0607,99.0,0.52,0.834,0.952
16902,2022-06-24,2241,"Kingston, Frontenac and Lennox and Addington Health Unit",0.0778,167.0,0.79,0.9567,0.985
16903,2022-06-24,2253,Peel Regional Health Unit,0.081,719.0,0.45,0.8723,0.9454
16904,2022-06-24,2260,Simcoe Muskoka District Health Unit,0.073,360.0,0.6,0.8953,0.9612
16905,2022-06-24,2263,Timiskaming Health Unit,0.0067,21.0,0.66,0.7516,0.9503
16906,2022-06-23,2270,York Regional Health Unit,0.1078,598.0,0.49,0.8653,0.9638
16907,2022-06-23,2266,Wellington-Dufferin-Guelph Health Unit,0.0717,135.0,0.43,0.8481,0.9353
16908,2022-06-23,2265,Waterloo Health Unit,0.0979,207.0,0.35,0.6881,0.91
16909,2022-06-23,2263,Timiskaming Health Unit,0.0062,23.0,0.71,0.7733,0.9533
16910,2022-06-23,2261,Sudbury and District Health Unit,0.0583,177.0,0.89,0.9064,0.9658
16911,2022-06-23,4913,Southwestern Public Health,0.0514,131.0,0.62,0.8917,0.9724
16912,2022-06-23,2260,Simcoe Muskoka District Health Unit,0.0749,349.0,0.58,0.8892,0.9635
16913,2022-06-23,2256,Porcupine Health Unit,0.0364,63.0,0.75,0.8756,0.9253
16914,2022-06-23,2255,Peterborough County-City Health Unit,0.0642,76.0,0.51,0.8935,0.9645
16915,2022-06-23,2253,Peel Regional Health Unit,0.081,717.0,0.45,0.8803,0.9472
16916,2022-06-23,35,Ontario,0.0793,7879.0,0.53,0.8666,0.9525
16917,2022-06-23,2249,Northwestern Health Unit,0.0843,85.0,0.97,0.8802,0.9655
16918,2022-06-23,2247,North Bay Parry Sound District Health Unit,0.0547,78.0,0.6,0.934,0.9857
16919,2022-06-23,2246,Niagara Regional Area Health Unit,0.0781,209.0,0.44,0.7726,0.9263
16920,2022-06-23,2243,"Leeds, Grenville and Lanark District Health Unit",0.0639,98.0,0.57,0.8825,0.9585
16921,2022-06-23,2242,Lambton Health Unit,0.0294,83.0,0.63,0.7819,0.9238
16922,2022-06-23,2241,"Kingston, Frontenac and Lennox and Addington Health Unit",0.0819,169.0,0.8,0.9585,0.9839
16923,2022-06-23,2238,Hastings and Prince Edward Counties Health Unit,0.054,140.0,0.83,0.948,0.974
16924,2022-06-23,2236,Halton Regional Health Unit,0.1107,175.0,0.28,0.8495,0.9248
16925,2022-06-23,2235,"Haliburton, Kawartha, Pine Ridge District Health Unit",0.0477,108.0,0.57,0.8473,0.9678
16926,2022-06-23,2233,Grey Bruce Health Unit,0.0463,83.0,0.49,0.8262,0.9642
16927,2022-06-23,2258,Eastern Ontario Health Unit,0.0537,138.0,0.66,0.914,0.9679
16928,2022-06-23,2230,Durham Regional Health Unit,0.0686,391.0,0.55,0.8582,0.9602
16929,2022-06-23,2226,District of Algoma Health Unit,0.0914,77.0,0.67,0.8688,0.9335
16930,2022-06-23,3895,City of Toronto Health Unit,0.0813,1814.0,0.58,0.9085,0.9618
16931,2022-06-23,2251,City of Ottawa Health Unit,0.1333,385.0,0.36,0.8812,0.9583
16932,2022-06-23,2237,City of Hamilton Health Unit,0.0774,247.0,0.42,0.8972,0.9553
16933,2022-06-23,2227,Brant County Health Unit,0.0738,70.0,0.45,0.8634,0.9358
16934,2022-06-23,2240,Chatham-Kent Health Unit,0.0419,68.0,0.64,0.7328,0.9415
16935,2022-06-23,2234,Haldimand-Norfolk Health Unit,0.0859,37.0,0.32,0.844,0.952
16936,2022-06-23,5183,Huron Perth Health Unit,0.0359,103.0,0.74,0.805,0.9675
16937,2022-06-23,2244,Middlesex-London Health Unit,0.0607,292.0,0.57,0.8812,0.9661
16938,2022-06-23,2257,Renfrew County and District Health Unit,0.023,68.0,0.63,0.7616,0.9448
16939,2022-06-23,2262,Thunder Bay District Health Unit,0.0839,155.0,1.03,0.938,0.9769
16940,2022-06-23,2268,Windsor-Essex County Health Unit,0.0766,265.0,0.62,0.5911,0.8332
16941,2022-06-22,2270,York Regional Health Unit,0.1027,594.0,0.48,0.8655,0.9644
16942,2022-06-22,2268,Windsor-Essex County Health Unit,0.0731,270.0,0.63,0.5837,0.8304
16943,2022-06-22,2265,Waterloo Health Unit,0.1049,211.0,0.36,0.7015,0.9038
16944,2022-06-22,2263,Timiskaming Health Unit,0.0064,22.0,0.68,0.7558,0.9593
16945,2022-06-22,2262,Thunder Bay District Health Unit,0.0738,159.0,1.06,0.9472,0.9787
16946,2022-06-22,2261,Sudbury and District Health Unit,0.0571,175.0,0.88,0.9074,0.9667
16947,2022-06-22,4913,Southwestern Public Health,0.0467,128.0,0.61,0.8932,0.9662
16948,2022-06-22,2260,Simcoe Muskoka District Health Unit,0.074,348.0,0.58,0.8898,0.964
16949,2022-06-22,2257,Renfrew County and District Health Unit,0.0219,65.0,0.6,0.7467,0.9444
16950,2022-06-22,2256,Porcupine Health Unit,0.0324,62.0,0.74,0.8776,0.9274
16951,2022-06-22,2255,Peterborough County-City Health Unit,0.0535,77.0,0.52,0.8923,0.9566
16952,2022-06-22,2253,Peel Regional Health Unit,0.0796,703.0,0.44,0.8825,0.9493
16953,2022-06-22,35,Ontario,0.0762,7820.0,0.53,0.8657,0.9528
16954,2022-06-22,2247,North Bay Parry Sound District Health Unit,0.0539,80.0,0.61,0.9264,0.9856
16955,2022-06-22,2246,Niagara Regional Area Health Unit,0.0767,203.0,0.43,0.767,0.9265
16956,2022-06-22,2244,Middlesex-London Health Unit,0.0552,274.0,0.54,0.8822,0.9655
16957,2022-06-22,2242,Lambton Health Unit,0.0347,82.0,0.63,0.7869,0.9183
16958,2022-06-22,2241,"Kingston, Frontenac and Lennox and Addington Health Unit",0.081,171.0,0.8,0.9613,0.986
16959,2022-06-22,5183,Huron Perth Health Unit,0.0324,97.0,0.69,0.814,0.9641
16960,2022-06-22,2236,Halton Regional Health Unit,0.1028,170.0,0.27,0.8457,0.9138
16961,2022-06-22,2235,"Haliburton, Kawartha, Pine Ridge District Health Unit",0.0419,109.0,0.58,0.8447,0.9679
16962,2022-06-22,2234,Haldimand-Norfolk Health Unit,0.0854,35.0,0.31,0.8031,0.9459
16963,2022-06-22,2233,Grey Bruce Health Unit,0.0449,83.0,0.49,0.8425,0.9611
16964,2022-06-22,2258,Eastern Ontario Health Unit,0.0479,137.0,0.66,0.8848,0.9553
16965,2022-06-22,2230,Durham Regional Health Unit,0.0617,408.0,0.57,0.8451,0.9654
16966,2022-06-22,2226,District of Algoma Health Unit,0.0916,76.0,0.67,0.8667,0.9481
16967,2022-06-22,2251,City of Ottawa Health Unit,0.1178,375.0,0.36,0.8858,0.9584
16968,2022-06-22,2237,City of Hamilton Health Unit,0.074,241.0,0.41,0.8829,0.9554
16969,2022-06-22,2240,Chatham-Kent Health Unit,0.0305,70.0,0.66,0.7407,0.9523
16970,2022-06-22,2227,Brant County Health Unit,0.0755,68.0,0.44,0.8847,0.9424
16971,2022-06-22,3895,City of Toronto Health Unit,0.0814,1808.0,0.58,0.9081,0.9632
16972,2022-06-22,2238,Hastings and Prince Edward Counties Health Unit,0.0474,139.0,0.82,0.9425,0.9702
16973,2022-06-22,2243,"Leeds, Grenville and Lanark District Health Unit",0.0645,102.0,0.59,0.8732,0.9493
16974,2022-06-22,2249,Northwestern Health Unit,0.0862,83.0,0.95,0.8931,0.9728
16975,2022-06-22,2266,Wellington-Dufferin-Guelph Health Unit,0.0727,134.0,0.43,0.8503,0.9403
16976,2022-06-21,2270,York Regional Health Unit,0.0921,565.0,0.46,0.8382,0.9607
16977,2022-06-21,2268,Windsor-Essex County Health Unit,0.0697,266.0,0.63,0.6679,0.8739
16978,2022-06-21,2266,Wellington-Dufferin-Guelph Health Unit,0.0607,132.0,0.42,0.838,0.9418
16979,2022-06-21,2263,Timiskaming Health Unit,0.0061,24.0,0.72,0.7901,0.9568
16980,2022-06-21,2262,Thunder Bay District Health Unit,0.0683,165.0,1.1,0.9441,0.9754
16981,2022-06-21,2261,Sudbury and District Health Unit,0.0574,177.0,0.89,0.9085,0.9695
16982,2022-06-21,4913,Southwestern Public Health,0.0419,130.0,0.61,0.8923,0.9618
16983,2022-06-21,2260,Simcoe Muskoka District Health Unit,0.0756,354.0,0.59,0.8778,0.9643
16984,2022-06-21,2257,Renfrew County and District Health Unit,0.0226,63.0,0.58,0.6987,0.9435
16985,2022-06-21,2256,Porcupine Health Unit,0.0507,62.0,0.74,0.8791,0.9123
16986,2022-06-21,2253,Peel Regional Health Unit,0.0786,703.0,0.44,0.8698,0.946
16987,2022-06-21,35,Ontario,0.0726,7838.0,0.53,0.8622,0.9531
16988,2022-06-21,2249,Northwestern Health Unit,0.0773,83.0,0.95,0.8691,0.9681
16989,2022-06-21,2246,Niagara Regional Area Health Unit,0.0792,202.0,0.43,0.7516,0.9212
16990,2022-06-21,2244,Middlesex-London Health Unit,0.0539,265.0,0.52,0.884,0.9676
16991,2022-06-21,2243,"Leeds, Grenville and Lanark District Health Unit",0.0526,101.0,0.58,0.8541,0.95
16992,2022-06-21,2241,"Kingston, Frontenac and Lennox and Addington Health Unit",0.0823,174.0,0.82,0.9609,0.9862
16993,2022-06-21,5183,Huron Perth Health Unit,0.0298,91.0,0.65,0.8285,0.9621
16994,2022-06-21,2238,Hastings and Prince Edward Counties Health Unit,0.0425,135.0,0.8,0.9503,0.9777
16995,2022-06-21,2236,Halton Regional Health Unit,0.0915,169.0,0.27,0.8473,0.9208
16996,2022-06-21,2235,"Haliburton, Kawartha, Pine Ridge District Health Unit",0.039,128.0,0.68,0.8588,0.9697
16997,2022-06-21,2234,Haldimand-Norfolk Health Unit,0.0854,35.0,0.31,0.7935,0.9514
16998,2022-06-21,2233,Grey Bruce Health Unit,0.0478,84.0,0.49,0.8481,0.9647
16999,2022-06-21,2230,Durham Regional Health Unit,0.0589,422.0,0.59,0.8396,0.9595
17000,2022-06-21,2226,District of Algoma Health Unit,0.0903,79.0,0.69,0.8582,0.9545
17001,2022-06-21,3895,City of Toronto Health Unit,0.0799,1805.0,0.58,0.9019,0.9629
17002,2022-06-21,2237,City of Hamilton Health Unit,0.0678,245.0,0.41,0.8742,0.9514
17003,2022-06-21,2240,Chatham-Kent Health Unit,0.0243,71.0,0.66,0.7453,0.9503
17004,2022-06-21,2227,Brant County Health Unit,0.0622,67.0,0.43,0.9002,0.9592
17005,2022-06-21,2251,City of Ottawa Health Unit,0.1064,389.0,0.37,0.8775,0.9499
17006,2022-06-21,2258,Eastern Ontario Health Unit,0.0455,135.0,0.65,0.8902,0.9581
17007,2022-06-21,2242,Lambton Health Unit,0.0369,81.0,0.62,0.7784,0.9167
17008,2022-06-21,2247,North Bay Parry Sound District Health Unit,0.0525,79.0,0.61,0.9109,0.9891
17009,2022-06-21,2255,Peterborough County-City Health Unit,0.0398,90.0,0.61,0.8919,0.9595
17010,2022-06-21,2265,Waterloo Health Unit,0.0986,207.0,0.35,0.7001,0.8912
17011,2022-06-20,2268,Windsor-Essex County Health Unit,0.0718,267.0,0.63,0.6414,0.8773
17012,2022-06-20,2266,Wellington-Dufferin-Guelph Health Unit,0.0602,133.0,0.43,0.8213,0.934
17013,2022-06-20,2265,Waterloo Health Unit,0.0929,205.0,0.35,0.6865,0.8843
17014,2022-06-20,2263,Timiskaming Health Unit,0.0119,24.0,0.73,0.7984,0.9919
17015,2022-06-20,2262,Thunder Bay District Health Unit,0.0688,168.0,1.12,0.9392,0.976
17016,2022-06-20,2261,Sudbury and District Health Unit,0.0539,188.0,0.95,0.909,0.9725
17017,2022-06-20,4913,Southwestern Public Health,0.042,126.0,0.6,0.888,0.9589
17018,2022-06-20,2257,Renfrew County and District Health Unit,0.0202,64.0,0.59,0.723,0.955
17019,2022-06-20,2256,Porcupine Health Unit,0.0553,59.0,0.71,0.9031,0.9503
17020,2022-06-20,2255,Peterborough County-City Health Unit,0.0412,94.0,0.63,0.8801,0.9612
17021,2022-06-20,35,Ontario,0.071,7868.0,0.53,0.8529,0.9486
17022,2022-06-20,2249,Northwestern Health Unit,0.08,86.0,0.98,0.8633,0.9633
17023,2022-06-20,2247,North Bay Parry Sound District Health Unit,0.053,84.0,0.64,0.9089,0.9924
17024,2022-06-20,2244,Middlesex-London Health Unit,0.0519,264.0,0.52,0.8809,0.9625
17025,2022-06-20,2243,"Leeds, Grenville and Lanark District Health Unit",0.0587,102.0,0.59,0.8539,0.9504
17026,2022-06-20,2242,Lambton Health Unit,0.0358,80.0,0.61,0.7814,0.9051
17027,2022-06-20,2241,"Kingston, Frontenac and Lennox and Addington Health Unit",0.0932,176.0,0.83,0.959,0.9845
17028,2022-06-20,5183,Huron Perth Health Unit,0.0271,95.0,0.68,0.8135,0.9358
17029,2022-06-20,2238,Hastings and Prince Edward Counties Health Unit,0.0392,142.0,0.84,0.9373,0.9641
17030,2022-06-20,2236,Halton Regional Health Unit,0.0904,167.0,0.27,0.8102,0.9015
17031,2022-06-20,2234,Haldimand-Norfolk Health Unit,0.0826,35.0,0.3,0.7823,0.9395
17032,2022-06-20,2233,Grey Bruce Health Unit,0.0368,82.0,0.48,0.8437,0.9645
17033,2022-06-20,2258,Eastern Ontario Health Unit,0.0487,141.0,0.67,0.8825,0.9488
17034,2022-06-20,2226,District of Algoma Health Unit,0.0888,79.0,0.69,0.8603,0.9614
17035,2022-06-20,3895,City of Toronto Health Unit,0.0773,1790.0,0.57,0.8957,0.96
17036,2022-06-20,2251,City of Ottawa Health Unit,0.1031,398.0,0.38,0.8814,0.9508
17037,2022-06-20,2240,Chatham-Kent Health Unit,0.0268,69.0,0.65,0.7406,0.9485
17038,2022-06-20,2227,Brant County Health Unit,0.0703,63.0,0.41,0.8864,0.9465
17039,2022-06-20,2237,City of Hamilton Health Unit,0.0652,248.0,0.42,0.8646,0.9516
17040,2022-06-20,2230,Durham Regional Health Unit,0.0588,423.0,0.59,0.8227,0.9485
17041,2022-06-20,2235,"Haliburton, Kawartha, Pine Ridge District Health Unit",0.0349,127.0,0.67,0.8623,0.9713
17042,2022-06-20,2246,Niagara Regional Area Health Unit,0.0781,201.0,0.43,0.7396,0.9056
17043,2022-06-20,2253,Peel Regional Health Unit,0.0757,695.0,0.43,0.8598,0.9422
17044,2022-06-20,2260,Simcoe Muskoka District Health Unit,0.0738,360.0,0.6,0.8727,0.9649
17045,2022-06-20,2270,York Regional Health Unit,0.0882,572.0,0.47,0.817,0.9464
17046,2022-06-19,2270,York Regional Health Unit,0.0809,570.0,0.47,0.8073,0.9328
17047,2022-06-19,2268,Windsor-Essex County Health Unit,0.0665,260.0,0.61,0.6499,0.8578
17048,2022-06-19,2266,Wellington-Dufferin-Guelph Health Unit,0.0601,131.0,0.42,0.8,0.9241
17049,2022-06-19,2265,Waterloo Health Unit,0.0879,201.0,0.34,0.6637,0.8711
17050,2022-06-19,2263,Timiskaming Health Unit,0.0152,19.0,0.58,0.7967,0.9919
17051,2022-06-19,2261,Sudbury and District Health Unit,0.0601,190.0,0.96,0.9079,0.9708
17052,2022-06-19,4913,Southwestern Public Health,0.037,124.0,0.58,0.8728,0.9509
17053,2022-06-19,2260,Simcoe Muskoka District Health Unit,0.0724,357.0,0.6,0.8515,0.9428
17054,2022-06-19,2256,Porcupine Health Unit,0.0652,59.0,0.71,0.8932,0.9393
17055,2022-06-19,2255,Peterborough County-City Health Unit,0.0471,85.0,0.57,0.879,0.9591
17056,2022-06-19,2253,Peel Regional Health Unit,0.0783,697.0,0.43,0.8481,0.9292
17057,2022-06-19,2249,Northwestern Health Unit,0.104,85.0,0.97,0.8591,0.9547
17058,2022-06-19,2247,North Bay Parry Sound District Health Unit,0.0554,75.0,0.58,0.9144,0.9825
17059,2022-06-19,2246,Niagara Regional Area Health Unit,0.0769,197.0,0.42,0.7153,0.8688
17060,2022-06-19,2244,Middlesex-London Health Unit,0.0446,253.0,0.5,0.8763,0.959
17061,2022-06-19,2243,"Leeds, Grenville and Lanark District Health Unit",0.0421,102.0,0.59,0.8544,0.9451
17062,2022-06-19,2242,Lambton Health Unit,0.0345,83.0,0.63,0.7869,0.906
17063,2022-06-19,2241,"Kingston, Frontenac and Lennox and Addington Health Unit",0.0957,185.0,0.87,0.9559,0.9822
17064,2022-06-19,2238,Hastings and Prince Edward Counties Health Unit,0.038,143.0,0.85,0.9355,0.9609
17065,2022-06-19,2236,Halton Regional Health Unit,0.085,173.0,0.28,0.7988,0.8862
17066,2022-06-19,2235,"Haliburton, Kawartha, Pine Ridge District Health Unit",0.0294,126.0,0.67,0.8515,0.9582
17067,2022-06-19,2233,Grey Bruce Health Unit,0.0405,81.0,0.48,0.8446,0.9603
17068,2022-06-19,2258,Eastern Ontario Health Unit,0.0372,142.0,0.68,0.878,0.9464
17069,2022-06-19,2230,Durham Regional Health Unit,0.0513,429.0,0.6,0.797,0.9234
17070,2022-06-19,3895,City of Toronto Health Unit,0.075,1799.0,0.58,0.8889,0.9526
17071,2022-06-19,2251,City of Ottawa Health Unit,0.1062,394.0,0.37,0.8676,0.9401
17072,2022-06-19,2237,City of Hamilton Health Unit,0.0611,255.0,0.43,0.8575,0.9424
17073,2022-06-19,2240,Chatham-Kent Health Unit,0.0269,69.0,0.65,0.732,0.942
17074,2022-06-19,2227,Brant County Health Unit,0.0611,63.0,0.41,0.8706,0.932
17075,2022-06-19,2226,District of Algoma Health Unit,0.0957,81.0,0.7,0.8595,0.9519
17076,2022-06-19,2234,Haldimand-Norfolk Health Unit,0.0826,35.0,0.3,0.7562,0.9215
17077,2022-06-19,5183,Huron Perth Health Unit,0.0217,92.0,0.66,0.808,0.9196
17078,2022-06-19,35,Ontario,0.0691,7846.0,0.53,0.8432,0.9374
17079,2022-06-19,2257,Renfrew County and District Health Unit,0.0259,66.0,0.61,0.7174,0.9669
17080,2022-06-19,2262,Thunder Bay District Health Unit,0.0672,162.0,1.08,0.9323,0.9766
17081,2022-06-18,2270,York Regional Health Unit,0.0796,579.0,0.47,0.8062,0.9242
17082,2022-06-18,2268,Windsor-Essex County Health Unit,0.0664,265.0,0.62,0.6703,0.8669
17083,2022-06-18,2265,Waterloo Health Unit,0.0883,207.0,0.35,0.6496,0.8675
17084,2022-06-18,2263,Timiskaming Health Unit,0.015,19.0,0.58,0.8092,0.9924
17085,2022-06-18,2262,Thunder Bay District Health Unit,0.072,165.0,1.1,0.9135,0.9759
17086,2022-06-18,4913,Southwestern Public Health,0.0341,122.0,0.57,0.8621,0.9473
17087,2022-06-18,2260,Simcoe Muskoka District Health Unit,0.0715,366.0,0.61,0.85,0.936
17088,2022-06-18,2257,Renfrew County and District Health Unit,0.033,65.0,0.6,0.7303,0.9693
17089,2022-06-18,2255,Peterborough County-City Health Unit,0.0452,85.0,0.58,0.8796,0.9546
17090,2022-06-18,2253,Peel Regional Health Unit,0.0796,697.0,0.43,0.8387,0.9242
17091,2022-06-18,35,Ontario,0.0692,7937.0,0.54,0.84,0.9336
17092,2022-06-18,2249,Northwestern Health Unit,0.1067,86.0,0.98,0.8579,0.9537
17093,2022-06-18,2247,North Bay Parry Sound District Health Unit,0.0586,76.0,0.58,0.9293,0.9847
17094,2022-06-18,2246,Niagara Regional Area Health Unit,0.0748,200.0,0.42,0.7285,0.8667
17095,2022-06-18,2244,Middlesex-London Health Unit,0.0441,249.0,0.49,0.8754,0.9587
17096,2022-06-18,2242,Lambton Health Unit,0.0355,85.0,0.65,0.7921,0.9034
17097,2022-06-18,2241,"Kingston, Frontenac and Lennox and Addington Health Unit",0.0966,186.0,0.88,0.9613,0.9833
17098,2022-06-18,5183,Huron Perth Health Unit,0.0202,92.0,0.66,0.7873,0.9114
17099,2022-06-18,2236,Halton Regional Health Unit,0.0851,178.0,0.29,0.7783,0.8859
17100,2022-06-18,2235,"Haliburton, Kawartha, Pine Ridge District Health Unit",0.0242,124.0,0.65,0.8499,0.9573
17101,2022-06-18,2234,Haldimand-Norfolk Health Unit,0.0917,34.0,0.3,0.7561,0.9187
17102,2022-06-18,2258,Eastern Ontario Health Unit,0.0387,144.0,0.69,0.8835,0.9437
17103,2022-06-18,2230,Durham Regional Health Unit,0.0528,430.0,0.6,0.7992,0.9144
17104,2022-06-18,2226,District of Algoma Health Unit,0.0954,81.0,0.71,0.8582,0.9443
17105,2022-06-18,3895,City of Toronto Health Unit,0.0759,1836.0,0.59,0.8823,0.9471
17106,2022-06-18,2251,City of Ottawa Health Unit,0.1037,392.0,0.37,0.8683,0.9359
17107,2022-06-18,2237,City of Hamilton Health Unit,0.0616,262.0,0.44,0.862,0.9467
17108,2022-06-18,2240,Chatham-Kent Health Unit,0.0241,71.0,0.67,0.7436,0.9217
17109,2022-06-18,2227,Brant County Health Unit,0.0503,62.0,0.4,0.8616,0.9241
17110,2022-06-18,2233,Grey Bruce Health Unit,0.0406,84.0,0.5,0.8247,0.9583
17111,2022-06-18,2238,Hastings and Prince Edward Counties Health Unit,0.0395,145.0,0.86,0.9406,0.9644
17112,2022-06-18,2243,"Leeds, Grenville and Lanark District Health Unit",0.045,105.0,0.6,0.8489,0.9412
17113,2022-06-18,2256,Porcupine Health Unit,0.0676,59.0,0.71,0.8927,0.9415
17114,2022-06-18,2261,Sudbury and District Health Unit,0.0545,191.0,0.96,0.9093,0.97
17115,2022-06-18,2266,Wellington-Dufferin-Guelph Health Unit,0.0632,129.0,0.41,0.7892,0.9232
17116,2022-06-17,2270,York Regional Health Unit,0.083,584.0,0.48,0.8136,0.9243
17117,2022-06-17,2268,Windsor-Essex County Health Unit,0.0667,264.0,0.62,0.6665,0.8721
17118,2022-06-17,2266,Wellington-Dufferin-Guelph Health Unit,0.0584,127.0,0.41,0.7797,0.9262
17119,2022-06-17,2263,Timiskaming Health Unit,0.0139,21.0,0.63,0.8333,0.9917
17120,2022-06-17,2262,Thunder Bay District Health Unit,0.071,165.0,1.1,0.9225,0.9791
17121,2022-06-17,2261,Sudbury and District Health Unit,0.0538,191.0,0.96,0.9155,0.9854
17122,2022-06-17,2260,Simcoe Muskoka District Health Unit,0.0682,364.0,0.61,0.8434,0.9354
17123,2022-06-17,2257,Renfrew County and District Health Unit,0.0275,68.0,0.62,0.7425,0.97
17124,2022-06-17,2256,Porcupine Health Unit,0.0667,60.0,0.72,0.8807,0.9403
17125,2022-06-17,2255,Peterborough County-City Health Unit,0.0485,85.0,0.58,0.886,0.9522
17126,2022-06-17,2253,Peel Regional Health Unit,0.0771,694.0,0.43,0.842,0.9262
17127,2022-06-17,35,Ontario,0.068,7921.0,0.53,0.8413,0.9358
17128,2022-06-17,2249,Northwestern Health Unit,0.1082,86.0,0.98,0.8777,0.955
17129,2022-06-17,2246,Niagara Regional Area Health Unit,0.0722,198.0,0.42,0.7278,0.8653
17130,2022-06-17,2244,Middlesex-London Health Unit,0.0418,253.0,0.5,0.8744,0.9621
17131,2022-06-17,2243,"Leeds, Grenville and Lanark District Health Unit",0.0472,103.0,0.59,0.8559,0.9357
17132,2022-06-17,2241,"Kingston, Frontenac and Lennox and Addington Health Unit",0.0943,182.0,0.85,0.9565,0.9829
17133,2022-06-17,5183,Huron Perth Health Unit,0.0187,92.0,0.66,0.7876,0.9191
17134,2022-06-17,2238,Hastings and Prince Edward Counties Health Unit,0.0396,144.0,0.86,0.9423,0.9662
17135,2022-06-17,2235,"Haliburton, Kawartha, Pine Ridge District Health Unit",0.0209,123.0,0.65,0.8624,0.9533
17136,2022-06-17,2234,Haldimand-Norfolk Health Unit,0.0837,36.0,0.31,0.752,0.9173
17137,2022-06-17,2233,Grey Bruce Health Unit,0.0442,84.0,0.49,0.8244,0.961
17138,2022-06-17,2258,Eastern Ontario Health Unit,0.0383,142.0,0.68,0.8764,0.9477
17139,2022-06-17,2230,Durham Regional Health Unit,0.0473,438.0,0.61,0.7867,0.9223
17140,2022-06-17,2226,District of Algoma Health Unit,0.0873,80.0,0.7,0.8577,0.9477
17141,2022-06-17,3895,City of Toronto Health Unit,0.0757,1805.0,0.58,0.8853,0.95
17142,2022-06-17,2237,City of Hamilton Health Unit,0.0599,269.0,0.45,0.8648,0.9473
17143,2022-06-17,2240,Chatham-Kent Health Unit,0.0256,72.0,0.68,0.7462,0.9135
17144,2022-06-17,2227,Brant County Health Unit,0.0509,62.0,0.4,0.8486,0.9106
17145,2022-06-17,2251,City of Ottawa Health Unit,0.0967,393.0,0.37,0.8643,0.9353
17146,2022-06-17,2236,Halton Regional Health Unit,0.0899,184.0,0.3,0.7813,0.8928
17147,2022-06-17,2242,Lambton Health Unit,0.04,86.0,0.65,0.7921,0.912
17148,2022-06-17,2247,North Bay Parry Sound District Health Unit,0.0595,74.0,0.57,0.9094,0.9849
17149,2022-06-17,4913,Southwestern Public Health,0.0406,123.0,0.58,0.8618,0.9507
17150,2022-06-17,2265,Waterloo Health Unit,0.0886,203.0,0.35,0.6773,0.8647
17151,2022-06-16,2268,Windsor-Essex County Health Unit,0.0633,269.0,0.63,0.6174,0.8674
17152,2022-06-16,2266,Wellington-Dufferin-Guelph Health Unit,0.0633,133.0,0.43,0.7745,0.9302
17153,2022-06-16,2265,Waterloo Health Unit,0.0925,210.0,0.36,0.6818,0.8772
17154,2022-06-16,2262,Thunder Bay District Health Unit,0.0794,167.0,1.12,0.9205,0.977
17155,2022-06-16,2261,Sudbury and District Health Unit,0.0499,203.0,1.02,0.9131,0.9833
17156,2022-06-16,4913,Southwestern Public Health,0.0327,127.0,0.6,0.8528,0.9498
17157,2022-06-16,2260,Simcoe Muskoka District Health Unit,0.0711,366.0,0.61,0.8419,0.9328
17158,2022-06-16,2257,Renfrew County and District Health Unit,0.0299,67.0,0.62,0.7426,0.9723
17159,2022-06-16,2256,Porcupine Health Unit,0.0662,60.0,0.72,0.8778,0.9413
17160,2022-06-16,2255,Peterborough County-City Health Unit,0.0538,82.0,0.56,0.8748,0.9392
17161,2022-06-16,35,Ontario,0.0677,8117.0,0.55,0.8352,0.9333
17162,2022-06-16,2249,Northwestern Health Unit,0.1184,84.0,0.96,0.8789,0.9569
17163,2022-06-16,2247,North Bay Parry Sound District Health Unit,0.0627,73.0,0.56,0.9055,0.9843
17164,2022-06-16,2244,Middlesex-London Health Unit,0.0412,274.0,0.54,0.8605,0.9571
17165,2022-06-16,2243,"Leeds, Grenville and Lanark District Health Unit",0.053,102.0,0.59,0.8294,0.9279
17166,2022-06-16,2242,Lambton Health Unit,0.0386,92.0,0.71,0.7945,0.9132
17167,2022-06-16,5183,Huron Perth Health Unit,0.0265,97.0,0.7,0.79,0.9249
17168,2022-06-16,2238,Hastings and Prince Edward Counties Health Unit,0.0439,146.0,0.87,0.9421,0.9706
17169,2022-06-16,2236,Halton Regional Health Unit,0.0906,197.0,0.32,0.7792,0.8924
17170,2022-06-16,2235,"Haliburton, Kawartha, Pine Ridge District Health Unit",0.0259,122.0,0.64,0.8526,0.9435
17171,2022-06-16,2234,Haldimand-Norfolk Health Unit,0.0884,36.0,0.31,0.75,0.9141
17172,2022-06-16,2233,Grey Bruce Health Unit,0.0484,89.0,0.52,0.8381,0.9625
17173,2022-06-16,2258,Eastern Ontario Health Unit,0.042,139.0,0.67,0.8581,0.9401
17174,2022-06-16,2226,District of Algoma Health Unit,0.0828,83.0,0.72,0.8653,0.9499
17175,2022-06-16,3895,City of Toronto Health Unit,0.0736,1856.0,0.59,0.8864,0.9489
17176,2022-06-16,2251,City of Ottawa Health Unit,0.0866,406.0,0.38,0.8553,0.9291
17177,2022-06-16,2240,Chatham-Kent Health Unit,0.0302,71.0,0.67,0.7363,0.9134
17178,2022-06-16,2227,Brant County Health Unit,0.0466,61.0,0.39,0.8401,0.9032
17179,2022-06-16,2237,City of Hamilton Health Unit,0.0578,262.0,0.44,0.8679,0.9469
17180,2022-06-16,2230,Durham Regional Health Unit,0.0478,449.0,0.63,0.7797,0.9221
17181,2022-06-16,2241,"Kingston, Frontenac and Lennox and Addington Health Unit",0.0917,187.0,0.88,0.9548,0.9837
17182,2022-06-16,2246,Niagara Regional Area Health Unit,0.0758,202.0,0.43,0.7223,0.8604
17183,2022-06-16,2253,Peel Regional Health Unit,0.0754,716.0,0.45,0.8318,0.9207
17184,2022-06-16,2263,Timiskaming Health Unit,0.0244,18.0,0.54,0.8182,0.9752
17185,2022-06-16,2270,York Regional Health Unit,0.0821,604.0,0.49,0.8015,0.9152
17186,2022-06-15,2270,York Regional Health Unit,0.0831,612.0,0.5,0.7943,0.9094
17187,2022-06-15,2266,Wellington-Dufferin-Guelph Health Unit,0.0632,138.0,0.44,0.766,0.923
17188,2022-06-15,2265,Waterloo Health Unit,0.0772,202.0,0.35,0.6796,0.8715
17189,2022-06-15,2263,Timiskaming Health Unit,0.025,17.0,0.52,0.8534,0.9741
17190,2022-06-15,2262,Thunder Bay District Health Unit,0.0861,174.0,1.16,0.9183,0.9768
17191,2022-06-15,2261,Sudbury and District Health Unit,0.0486,206.0,1.03,0.9157,0.9794
17192,2022-06-15,4913,Southwestern Public Health,0.041,129.0,0.61,0.8462,0.9533
17193,2022-06-15,2260,Simcoe Muskoka District Health Unit,0.0698,372.0,0.62,0.8417,0.9341
17194,2022-06-15,2256,Porcupine Health Unit,0.0656,61.0,0.73,0.8867,0.9434
17195,2022-06-15,2255,Peterborough County-City Health Unit,0.0609,82.0,0.56,0.8445,0.9244
17196,2022-06-15,2253,Peel Regional Health Unit,0.0765,721.0,0.45,0.8235,0.9157
17197,2022-06-15,2249,Northwestern Health Unit,0.1186,87.0,0.99,0.8762,0.954
17198,2022-06-15,2247,North Bay Parry Sound District Health Unit,0.0653,79.0,0.61,0.9043,0.9787
17199,2022-06-15,2246,Niagara Regional Area Health Unit,0.0776,208.0,0.44,0.6862,0.8428
17200,2022-06-15,2244,Middlesex-London Health Unit,0.0391,285.0,0.56,0.8569,0.9517
17201,2022-06-15,2243,"Leeds, Grenville and Lanark District Health Unit",0.0587,100.0,0.58,0.805,0.9187
17202,2022-06-15,2242,Lambton Health Unit,0.0352,97.0,0.74,0.7941,0.9118
17203,2022-06-15,2241,"Kingston, Frontenac and Lennox and Addington Health Unit",0.0952,189.0,0.89,0.9433,0.9779
17204,2022-06-15,5183,Huron Perth Health Unit,0.0279,103.0,0.73,0.7714,0.9251
17205,2022-06-15,2238,Hastings and Prince Edward Counties Health Unit,0.0413,152.0,0.9,0.9357,0.9714
17206,2022-06-15,2236,Halton Regional Health Unit,0.0902,201.0,0.32,0.7611,0.8836
17207,2022-06-15,2235,"Haliburton, Kawartha, Pine Ridge District Health Unit",0.0271,116.0,0.61,0.8346,0.9303
17208,2022-06-15,2233,Grey Bruce Health Unit,0.0507,96.0,0.56,0.8297,0.9625
17209,2022-06-15,2258,Eastern Ontario Health Unit,0.0378,140.0,0.67,0.8707,0.9432
17210,2022-06-15,2230,Durham Regional Health Unit,0.0486,473.0,0.66,0.7596,0.9053
17211,2022-06-15,3895,City of Toronto Health Unit,0.0712,1896.0,0.61,0.8814,0.9456
17212,2022-06-15,2251,City of Ottawa Health Unit,0.0917,425.0,0.4,0.8257,0.9085
17213,2022-06-15,2237,City of Hamilton Health Unit,0.0573,267.0,0.45,0.8739,0.9416
17214,2022-06-15,2227,Brant County Health Unit,0.0408,63.0,0.41,0.8333,0.9008
17215,2022-06-15,2240,Chatham-Kent Health Unit,0.0339,72.0,0.67,0.7368,0.906
17216,2022-06-15,2226,District of Algoma Health Unit,0.0729,84.0,0.74,0.8795,0.9457
17217,2022-06-15,2234,Haldimand-Norfolk Health Unit,0.0849,37.0,0.32,0.7704,0.9105
17218,2022-06-15,35,Ontario,0.0673,8293.0,0.56,0.8269,0.9273
17219,2022-06-15,2257,Renfrew County and District Health Unit,0.0343,67.0,0.61,0.7304,0.9724
17220,2022-06-15,2268,Windsor-Essex County Health Unit,0.0623,268.0,0.63,0.6013,0.8555
17221,2022-06-14,2270,York Regional Health Unit,0.0878,618.0,0.5,0.793,0.9029
17222,2022-06-14,2268,Windsor-Essex County Health Unit,0.0616,278.0,0.66,0.6097,0.8544
17223,2022-06-14,2266,Wellington-Dufferin-Guelph Health Unit,0.0631,143.0,0.46,0.7691,0.9072
17224,2022-06-14,2265,Waterloo Health Unit,0.098,211.0,0.36,0.6922,0.8824
17225,2022-06-14,2263,Timiskaming Health Unit,0.0246,17.0,0.53,0.8731,0.9851
17226,2022-06-14,2262,Thunder Bay District Health Unit,0.0902,177.0,1.18,0.9069,0.9814
17227,2022-06-14,4913,Southwestern Public Health,0.0365,133.0,0.63,0.8424,0.9506
17228,2022-06-14,2260,Simcoe Muskoka District Health Unit,0.0706,378.0,0.63,0.8319,0.9305
17229,2022-06-14,2257,Renfrew County and District Health Unit,0.0362,67.0,0.62,0.7442,0.97
17230,2022-06-14,2255,Peterborough County-City Health Unit,0.0645,71.0,0.48,0.8285,0.9243
17231,2022-06-14,2253,Peel Regional Health Unit,0.0762,720.0,0.45,0.8206,0.9145
17232,2022-06-14,35,Ontario,0.0685,8302.0,0.56,0.8212,0.9249
17233,2022-06-14,2247,North Bay Parry Sound District Health Unit,0.0665,79.0,0.61,0.9104,0.9781
17234,2022-06-14,2246,Niagara Regional Area Health Unit,0.0756,210.0,0.44,0.6903,0.8432
17235,2022-06-14,2244,Middlesex-London Health Unit,0.0406,299.0,0.59,0.8451,0.9429
17236,2022-06-14,2243,"Leeds, Grenville and Lanark District Health Unit",0.0674,100.0,0.57,0.8319,0.9239
17237,2022-06-14,2242,Lambton Health Unit,0.0341,100.0,0.77,0.8006,0.912
17238,2022-06-14,2241,"Kingston, Frontenac and Lennox and Addington Health Unit",0.0864,187.0,0.88,0.9323,0.9726
17239,2022-06-14,5183,Huron Perth Health Unit,0.0309,106.0,0.76,0.7647,0.9268
17240,2022-06-14,2236,Halton Regional Health Unit,0.0961,199.0,0.32,0.7466,0.8696
17241,2022-06-14,2235,"Haliburton, Kawartha, Pine Ridge District Health Unit",0.029,99.0,0.52,0.8101,0.9288
17242,2022-06-14,2234,Haldimand-Norfolk Health Unit,0.0784,38.0,0.34,0.7586,0.9069
17243,2022-06-14,2258,Eastern Ontario Health Unit,0.04,143.0,0.68,0.8628,0.9488
17244,2022-06-14,2230,Durham Regional Health Unit,0.0519,460.0,0.65,0.728,0.9062
17245,2022-06-14,2226,District of Algoma Health Unit,0.0724,85.0,0.74,0.8891,0.9401
17246,2022-06-14,2251,City of Ottawa Health Unit,0.101,402.0,0.38,0.8152,0.9061
17247,2022-06-14,2237,City of Hamilton Health Unit,0.0606,264.0,0.45,0.8649,0.9393
17248,2022-06-14,2240,Chatham-Kent Health Unit,0.0387,74.0,0.69,0.7425,0.9049
17249,2022-06-14,2227,Brant County Health Unit,0.0486,65.0,0.42,0.8312,0.891
17250,2022-06-14,3895,City of Toronto Health Unit,0.0697,1877.0,0.6,0.8733,0.9426
17251,2022-06-14,2233,Grey Bruce Health Unit,0.0402,96.0,0.56,0.8349,0.9597
17252,2022-06-14,2238,Hastings and Prince Edward Counties Health Unit,0.0408,161.0,0.96,0.9359,0.9711
17253,2022-06-14,2249,Northwestern Health Unit,0.118,90.0,1.02,0.8806,0.9602
17254,2022-06-14,2256,Porcupine Health Unit,0.0602,66.0,0.8,0.9011,0.956
17255,2022-06-14,2261,Sudbury and District Health Unit,0.0466,212.0,1.06,0.9222,0.9786
17256,2022-06-13,2270,York Regional Health Unit,0.0889,640.0,0.52,0.7813,0.8922
17257,2022-06-13,2268,Windsor-Essex County Health Unit,0.0553,284.0,0.67,0.6172,0.8591
17258,2022-06-13,2266,Wellington-Dufferin-Guelph Health Unit,0.0643,144.0,0.46,0.7775,0.91
17259,2022-06-13,2263,Timiskaming Health Unit,0.0222,19.0,0.59,0.8714,0.9571
17260,2022-06-13,2262,Thunder Bay District Health Unit,0.0951,177.0,1.18,0.9097,0.9837
17261,2022-06-13,2261,Sudbury and District Health Unit,0.0463,198.0,0.99,0.9262,0.9776
17262,2022-06-13,2260,Simcoe Muskoka District Health Unit,0.0709,381.0,0.64,0.8284,0.9258
17263,2022-06-13,2257,Renfrew County and District Health Unit,0.0356,64.0,0.59,0.7288,0.9619
17264,2022-06-13,2256,Porcupine Health Unit,0.0634,72.0,0.86,0.8945,0.9513
17265,2022-06-13,2253,Peel Regional Health Unit,0.0715,749.0,0.47,0.8257,0.9186
17266,2022-06-13,35,Ontario,0.0672,8465.0,0.57,0.8191,0.9247
17267,2022-06-13,2249,Northwestern Health Unit,0.1218,90.0,1.03,0.8717,0.9499
17268,2022-06-13,2247,North Bay Parry Sound District Health Unit,0.0665,75.0,0.58,0.913,0.9783
17269,2022-06-13,2246,Niagara Regional Area Health Unit,0.0738,215.0,0.45,0.6901,0.8435
17270,2022-06-13,2244,Middlesex-London Health Unit,0.0357,304.0,0.6,0.8426,0.9424
17271,2022-06-13,2243,"Leeds, Grenville and Lanark District Health Unit",0.0643,104.0,0.6,0.8322,0.9251
17272,2022-06-13,2241,"Kingston, Frontenac and Lennox and Addington Health Unit",0.0715,188.0,0.88,0.9404,0.9797
17273,2022-06-13,5183,Huron Perth Health Unit,0.0279,108.0,0.77,0.7799,0.9396
17274,2022-06-13,2238,Hastings and Prince Edward Counties Health Unit,0.0415,162.0,0.96,0.9428,0.9842
17275,2022-06-13,2235,"Haliburton, Kawartha, Pine Ridge District Health Unit",0.0286,105.0,0.55,0.763,0.9336
17276,2022-06-13,2234,Haldimand-Norfolk Health Unit,0.0786,40.0,0.35,0.7372,0.9078
17277,2022-06-13,2233,Grey Bruce Health Unit,0.0363,106.0,0.62,0.843,0.9585
17278,2022-06-13,2230,Durham Regional Health Unit,0.0501,482.0,0.68,0.7198,0.9022
17279,2022-06-13,2226,District of Algoma Health Unit,0.0703,83.0,0.73,0.8895,0.9422
17280,2022-06-13,3895,City of Toronto Health Unit,0.0708,1921.0,0.62,0.8667,0.9403
17281,2022-06-13,2251,City of Ottawa Health Unit,0.0947,401.0,0.38,0.8089,0.9039
17282,2022-06-13,2237,City of Hamilton Health Unit,0.0611,260.0,0.44,0.8653,0.934
17283,2022-06-13,2240,Chatham-Kent Health Unit,0.0283,76.0,0.71,0.7413,0.8972
17284,2022-06-13,2227,Brant County Health Unit,0.0459,68.0,0.44,0.8462,0.9038
17285,2022-06-13,2258,Eastern Ontario Health Unit,0.0385,137.0,0.66,0.8587,0.9558
17286,2022-06-13,2236,Halton Regional Health Unit,0.0921,206.0,0.33,0.7497,0.8755
17287,2022-06-13,2242,Lambton Health Unit,0.0333,103.0,0.79,0.8047,0.9202
17288,2022-06-13,2255,Peterborough County-City Health Unit,0.072,67.0,0.46,0.8301,0.9281
17289,2022-06-13,4913,Southwestern Public Health,0.0419,136.0,0.65,0.8383,0.9491
17290,2022-06-13,2265,Waterloo Health Unit,0.097,216.0,0.37,0.697,0.8936
17291,2022-06-12,2268,Windsor-Essex County Health Unit,0.0581,285.0,0.67,0.6279,0.8786
17292,2022-06-12,2266,Wellington-Dufferin-Guelph Health Unit,0.0608,148.0,0.47,0.7827,0.9135
17293,2022-06-12,2265,Waterloo Health Unit,0.0905,224.0,0.38,0.7242,0.9093
17294,2022-06-12,2262,Thunder Bay District Health Unit,0.0963,191.0,1.28,0.9152,0.9842
17295,2022-06-12,2261,Sudbury and District Health Unit,0.0452,215.0,1.08,0.9287,0.981
17296,2022-06-12,4913,Southwestern Public Health,0.043,140.0,0.66,0.8501,0.9585
17297,2022-06-12,2257,Renfrew County and District Health Unit,0.0396,65.0,0.6,0.7378,0.9689
17298,2022-06-12,2256,Porcupine Health Unit,0.0574,67.0,0.8,0.9049,0.9624
17299,2022-06-12,2255,Peterborough County-City Health Unit,0.063,68.0,0.46,0.8333,0.9298
17300,2022-06-12,2253,Peel Regional Health Unit,0.0639,774.0,0.48,0.8284,0.9284
17301,2022-06-12,35,Ontario,0.0676,8685.0,0.59,0.8259,0.9339
17302,2022-06-12,2249,Northwestern Health Unit,0.1011,93.0,1.06,0.882,0.9516
17303,2022-06-12,2247,North Bay Parry Sound District Health Unit,0.0591,87.0,0.67,0.9352,0.9917
17304,2022-06-12,2244,Middlesex-London Health Unit,0.0412,319.0,0.63,0.8504,0.9466
17305,2022-06-12,2243,"Leeds, Grenville and Lanark District Health Unit",0.0619,102.0,0.59,0.8287,0.9332
17306,2022-06-12,2242,Lambton Health Unit,0.0342,104.0,0.8,0.803,0.9239
17307,2022-06-12,5183,Huron Perth Health Unit,0.0277,108.0,0.77,0.7724,0.9395
17308,2022-06-12,2238,Hastings and Prince Edward Counties Health Unit,0.0441,165.0,0.98,0.939,0.9817
17309,2022-06-12,2236,Halton Regional Health Unit,0.1006,216.0,0.35,0.7579,0.8903
17310,2022-06-12,2234,Haldimand-Norfolk Health Unit,0.0702,41.0,0.36,0.7424,0.9186
17311,2022-06-12,2233,Grey Bruce Health Unit,0.0328,113.0,0.67,0.842,0.9621
17312,2022-06-12,2258,Eastern Ontario Health Unit,0.0423,132.0,0.63,0.8625,0.956
17313,2022-06-12,2230,Durham Regional Health Unit,0.0561,497.0,0.7,0.7378,0.9212
17314,2022-06-12,2226,District of Algoma Health Unit,0.062,83.0,0.73,0.8909,0.9463
17315,2022-06-12,3895,City of Toronto Health Unit,0.0726,1970.0,0.63,0.8665,0.9453
17316,2022-06-12,2251,City of Ottawa Health Unit,0.0935,405.0,0.38,0.8188,0.9098
17317,2022-06-12,2240,Chatham-Kent Health Unit,0.0295,77.0,0.73,0.7486,0.905
17318,2022-06-12,2227,Brant County Health Unit,0.0491,67.0,0.43,0.8482,0.9154
17319,2022-06-12,2237,City of Hamilton Health Unit,0.0667,255.0,0.43,0.8657,0.9446
17320,2022-06-12,2235,"Haliburton, Kawartha, Pine Ridge District Health Unit",0.034,105.0,0.56,0.7573,0.9347
17321,2022-06-12,2241,"Kingston, Frontenac and Lennox and Addington Health Unit",0.0686,192.0,0.9,0.9397,0.9816
17322,2022-06-12,2246,Niagara Regional Area Health Unit,0.0759,222.0,0.47,0.7212,0.8767
17323,2022-06-12,2260,Simcoe Muskoka District Health Unit,0.0709,389.0,0.65,0.8497,0.9462
17324,2022-06-12,2263,Timiskaming Health Unit,0.0214,20.0,0.61,0.8652,0.9574
17325,2022-06-12,2270,York Regional Health Unit,0.0917,664.0,0.54,0.7849,0.9027
17326,2022-06-11,2270,York Regional Health Unit,0.0898,680.0,0.55,0.7777,0.8964
17327,2022-06-11,2266,Wellington-Dufferin-Guelph Health Unit,0.058,150.0,0.48,0.7801,0.9115
17328,2022-06-11,2265,Waterloo Health Unit,0.0866,231.0,0.4,0.7131,0.9008
17329,2022-06-11,2263,Timiskaming Health Unit,0.0154,19.0,0.57,0.8657,0.9552
17330,2022-06-11,2261,Sudbury and District Health Unit,0.0473,218.0,1.09,0.9353,0.98
17331,2022-06-11,4913,Southwestern Public Health,0.045,143.0,0.68,0.8494,0.9555
17332,2022-06-11,2260,Simcoe Muskoka District Health Unit,0.069,387.0,0.65,0.8354,0.9444
17333,2022-06-11,2257,Renfrew County and District Health Unit,0.0416,65.0,0.6,0.7449,0.9636
17334,2022-06-11,2256,Porcupine Health Unit,0.0559,69.0,0.83,0.9119,0.9667
17335,2022-06-11,2255,Peterborough County-City Health Unit,0.0674,68.0,0.46,0.8251,0.9287
17336,2022-06-11,2253,Peel Regional Health Unit,0.0631,790.0,0.49,0.8206,0.9203
17337,2022-06-11,2249,Northwestern Health Unit,0.1017,94.0,1.07,0.8838,0.9493
17338,2022-06-11,2247,North Bay Parry Sound District Health Unit,0.0529,86.0,0.67,0.9222,0.9806
17339,2022-06-11,2246,Niagara Regional Area Health Unit,0.0764,221.0,0.47,0.6877,0.8622
17340,2022-06-11,2243,"Leeds, Grenville and Lanark District Health Unit",0.0627,98.0,0.57,0.8249,0.9281
17341,2022-06-11,2242,Lambton Health Unit,0.0355,105.0,0.8,0.8061,0.9208
17342,2022-06-11,2241,"Kingston, Frontenac and Lennox and Addington Health Unit",0.0657,191.0,0.9,0.933,0.9729
17343,2022-06-11,2238,Hastings and Prince Edward Counties Health Unit,0.0476,171.0,1.01,0.9365,0.9749
17344,2022-06-11,2236,Halton Regional Health Unit,0.1006,221.0,0.36,0.7583,0.8798
17345,2022-06-11,2235,"Haliburton, Kawartha, Pine Ridge District Health Unit",0.0414,110.0,0.58,0.756,0.933
17346,2022-06-11,2234,Haldimand-Norfolk Health Unit,0.0644,42.0,0.37,0.7453,0.9245
17347,2022-06-11,2233,Grey Bruce Health Unit,0.0347,111.0,0.65,0.858,0.9594
17348,2022-06-11,2258,Eastern Ontario Health Unit,0.0401,128.0,0.61,0.8496,0.9462
17349,2022-06-11,2230,Durham Regional Health Unit,0.0538,515.0,0.72,0.7365,0.9224
17350,2022-06-11,3895,City of Toronto Health Unit,0.0711,1982.0,0.64,0.8549,0.94
17351,2022-06-11,2251,City of Ottawa Health Unit,0.0932,409.0,0.39,0.8006,0.8913
17352,2022-06-11,2237,City of Hamilton Health Unit,0.0644,253.0,0.43,0.8262,0.9373
17353,2022-06-11,2227,Brant County Health Unit,0.0538,69.0,0.44,0.8285,0.907
17354,2022-06-11,2240,Chatham-Kent Health Unit,0.0335,77.0,0.72,0.7689,0.9167
17355,2022-06-11,2226,District of Algoma Health Unit,0.0511,84.0,0.73,0.8862,0.9474
17356,2022-06-11,5183,Huron Perth Health Unit,0.0325,110.0,0.79,0.7903,0.9412
17357,2022-06-11,2244,Middlesex-London Health Unit,0.0422,332.0,0.65,0.8556,0.9427
17358,2022-06-11,35,Ontario,0.0667,8787.0,0.59,0.8179,0.9278
17359,2022-06-11,2262,Thunder Bay District Health Unit,0.0926,191.0,1.28,0.9331,0.9829
17360,2022-06-11,2268,Windsor-Essex County Health Unit,0.0583,282.0,0.66,0.6098,0.8639
17361,2022-06-10,2270,York Regional Health Unit,0.0887,695.0,0.57,0.7566,0.8776
17362,2022-06-10,2268,Windsor-Essex County Health Unit,0.0561,288.0,0.68,0.5901,0.857
17363,2022-06-10,2265,Waterloo Health Unit,0.0889,235.0,0.4,0.6638,0.8615
17364,2022-06-10,2263,Timiskaming Health Unit,0.0155,18.0,0.56,0.844,0.9574
17365,2022-06-10,2262,Thunder Bay District Health Unit,0.0962,201.0,1.34,0.9242,0.9802
17366,2022-06-10,2261,Sudbury and District Health Unit,0.0495,222.0,1.12,0.9403,0.9765
17367,2022-06-10,4913,Southwestern Public Health,0.0404,152.0,0.72,0.8521,0.9437
17368,2022-06-10,2260,Simcoe Muskoka District Health Unit,0.0729,386.0,0.64,0.8415,0.9431
17369,2022-06-10,2257,Renfrew County and District Health Unit,0.045,63.0,0.58,0.7112,0.9526
17370,2022-06-10,2255,Peterborough County-City Health Unit,0.0766,69.0,0.47,0.8321,0.9207
17371,2022-06-10,2253,Peel Regional Health Unit,0.0653,812.0,0.51,0.8046,0.9076
17372,2022-06-10,35,Ontario,0.0674,8966.0,0.6,0.8055,0.9152
17373,2022-06-10,2247,North Bay Parry Sound District Health Unit,0.0514,92.0,0.71,0.9275,0.9799
17374,2022-06-10,2246,Niagara Regional Area Health Unit,0.0749,221.0,0.47,0.6846,0.8451
17375,2022-06-10,2244,Middlesex-London Health Unit,0.0441,337.0,0.66,0.8537,0.9344
17376,2022-06-10,2242,Lambton Health Unit,0.0316,109.0,0.83,0.7984,0.9074
17377,2022-06-10,2241,"Kingston, Frontenac and Lennox and Addington Health Unit",0.0668,195.0,0.91,0.9332,0.9673
17378,2022-06-10,5183,Huron Perth Health Unit,0.0327,113.0,0.81,0.7732,0.935
17379,2022-06-10,2238,Hastings and Prince Edward Counties Health Unit,0.0547,175.0,1.04,0.9318,0.97
17380,2022-06-10,2236,Halton Regional Health Unit,0.0939,228.0,0.37,0.7316,0.8513
17381,2022-06-10,2235,"Haliburton, Kawartha, Pine Ridge District Health Unit",0.0452,111.0,0.59,0.741,0.9163
17382,2022-06-10,2234,Haldimand-Norfolk Health Unit,0.0701,45.0,0.39,0.7523,0.9257
17383,2022-06-10,2258,Eastern Ontario Health Unit,0.0449,131.0,0.63,0.8431,0.9427
17384,2022-06-10,2230,Durham Regional Health Unit,0.0561,519.0,0.73,0.7465,0.9095
17385,2022-06-10,2226,District of Algoma Health Unit,0.0508,84.0,0.74,0.8865,0.9332
17386,2022-06-10,2251,City of Ottawa Health Unit,0.0953,414.0,0.39,0.7885,0.8756
17387,2022-06-10,2237,City of Hamilton Health Unit,0.062,246.0,0.42,0.8037,0.9179
17388,2022-06-10,2240,Chatham-Kent Health Unit,0.0364,79.0,0.74,0.7758,0.9212
17389,2022-06-10,2227,Brant County Health Unit,0.0549,70.0,0.45,0.8155,0.8988
17390,2022-06-10,3895,City of Toronto Health Unit,0.0704,2025.0,0.65,0.8392,0.9277
17391,2022-06-10,2233,Grey Bruce Health Unit,0.0416,120.0,0.71,0.8625,0.9545
17392,2022-06-10,2243,"Leeds, Grenville and Lanark District Health Unit",0.0638,99.0,0.57,0.8238,0.9255
17393,2022-06-10,2249,Northwestern Health Unit,0.1015,96.0,1.09,0.8806,0.9447
17394,2022-06-10,2256,Porcupine Health Unit,0.0524,76.0,0.91,0.9157,0.9659
17395,2022-06-10,2266,Wellington-Dufferin-Guelph Health Unit,0.059,152.0,0.49,0.77,0.8948
17396,2022-06-09,2270,York Regional Health Unit,0.0885,696.0,0.57,0.7449,0.8681
17397,2022-06-09,2268,Windsor-Essex County Health Unit,0.0606,297.0,0.7,0.5566,0.8225
17398,2022-06-09,2266,Wellington-Dufferin-Guelph Health Unit,0.0591,150.0,0.48,0.7546,0.8741
17399,2022-06-09,2265,Waterloo Health Unit,0.0823,241.0,0.41,0.6412,0.8228
17400,2022-06-09,2263,Timiskaming Health Unit,0.0072,20.0,0.61,0.8671,0.965
17401,2022-06-09,2262,Thunder Bay District Health Unit,0.0987,207.0,1.38,0.9243,0.9752
17402,2022-06-09,2261,Sudbury and District Health Unit,0.0525,201.0,1.01,0.9314,0.971
17403,2022-06-09,2260,Simcoe Muskoka District Health Unit,0.0708,393.0,0.66,0.8301,0.9303
17404,2022-06-09,2257,Renfrew County and District Health Unit,0.0435,62.0,0.57,0.6983,0.9409
17405,2022-06-09,2256,Porcupine Health Unit,0.0579,76.0,0.92,0.8906,0.9472
17406,2022-06-09,2253,Peel Regional Health Unit,0.0679,798.0,0.5,0.7859,0.8908
17407,2022-06-09,35,Ontario,0.068,9000.0,0.61,0.7912,0.9008
17408,2022-06-09,2249,Northwestern Health Unit,0.1,96.0,1.09,0.879,0.949
17409,2022-06-09,2246,Niagara Regional Area Health Unit,0.075,225.0,0.48,0.6602,0.8286
17410,2022-06-09,2244,Middlesex-London Health Unit,0.0454,340.0,0.67,0.8627,0.9291
17411,2022-06-09,2243,"Leeds, Grenville and Lanark District Health Unit",0.0609,99.0,0.57,0.7658,0.9145
17412,2022-06-09,2242,Lambton Health Unit,0.0344,104.0,0.79,0.7703,0.8903
17413,2022-06-09,2241,"Kingston, Frontenac and Lennox and Addington Health Unit",0.0697,199.0,0.93,0.9231,0.957
17414,2022-06-09,5183,Huron Perth Health Unit,0.0299,110.0,0.79,0.7669,0.9205
17415,2022-06-09,2238,Hastings and Prince Edward Counties Health Unit,0.0597,172.0,1.02,0.9277,0.9647
17416,2022-06-09,2235,"Haliburton, Kawartha, Pine Ridge District Health Unit",0.0416,110.0,0.58,0.7602,0.9149
17417,2022-06-09,2234,Haldimand-Norfolk Health Unit,0.0574,47.0,0.41,0.7661,0.9269
17418,2022-06-09,2233,Grey Bruce Health Unit,0.0439,124.0,0.73,0.8556,0.9403
17419,2022-06-09,2230,Durham Regional Health Unit,0.0549,521.0,0.73,0.7211,0.8902
17420,2022-06-09,2226,District of Algoma Health Unit,0.05,83.0,0.72,0.8758,0.9161
17421,2022-06-09,3895,City of Toronto Health Unit,0.071,2035.0,0.65,0.8263,0.9162
17422,2022-06-09,2237,City of Hamilton Health Unit,0.0619,256.0,0.43,0.7921,0.9009
17423,2022-06-09,2240,Chatham-Kent Health Unit,0.04,82.0,0.77,0.7715,0.9244
17424,2022-06-09,2227,Brant County Health Unit,0.0469,73.0,0.47,0.8173,0.8904
17425,2022-06-09,2251,City of Ottawa Health Unit,0.1032,403.0,0.38,0.762,0.8507
17426,2022-06-09,2258,Eastern Ontario Health Unit,0.044,133.0,0.64,0.8339,0.9368
17427,2022-06-09,2236,Halton Regional Health Unit,0.0915,228.0,0.37,0.6981,0.8184
17428,2022-06-09,2247,North Bay Parry Sound District Health Unit,0.0537,93.0,0.72,0.9105,0.9727
17429,2022-06-09,2255,Peterborough County-City Health Unit,0.0683,79.0,0.54,0.8288,0.9199
17430,2022-06-09,4913,Southwestern Public Health,0.0438,157.0,0.74,0.8481,0.935
17431,2022-06-08,2270,York Regional Health Unit,0.0943,710.0,0.58,0.7236,0.8484
17432,2022-06-08,2268,Windsor-Essex County Health Unit,0.0621,299.0,0.7,0.5584,0.8215
17433,2022-06-08,2266,Wellington-Dufferin-Guelph Health Unit,0.0564,150.0,0.48,0.76,0.8702
17434,2022-06-08,2265,Waterloo Health Unit,0.0809,240.0,0.41,0.6128,0.797
17435,2022-06-08,2262,Thunder Bay District Health Unit,0.1009,208.0,1.39,0.9273,0.974
17436,2022-06-08,2261,Sudbury and District Health Unit,0.0544,205.0,1.03,0.9339,0.9727
17437,2022-06-08,4913,Southwestern Public Health,0.0433,158.0,0.75,0.8435,0.9365
17438,2022-06-08,2257,Renfrew County and District Health Unit,0.0452,66.0,0.61,0.7042,0.9333
17439,2022-06-08,2256,Porcupine Health Unit,0.0568,80.0,0.96,0.8851,0.9454
17440,2022-06-08,2255,Peterborough County-City Health Unit,0.0672,79.0,0.53,0.8482,0.9321
17441,2022-06-08,35,Ontario,0.069,9085.0,0.61,0.7809,0.8881
17442,2022-06-08,2249,Northwestern Health Unit,0.1062,94.0,1.07,0.8803,0.9485
17443,2022-06-08,2247,North Bay Parry Sound District Health Unit,0.0565,88.0,0.68,0.9145,0.971
17444,2022-06-08,2246,Niagara Regional Area Health Unit,0.0756,227.0,0.48,0.6862,0.8243
17445,2022-06-08,2244,Middlesex-London Health Unit,0.0496,345.0,0.68,0.8349,0.9196
17446,2022-06-08,2243,"Leeds, Grenville and Lanark District Health Unit",0.0583,100.0,0.58,0.7839,0.9206
17447,2022-06-08,2242,Lambton Health Unit,0.0312,105.0,0.81,0.7682,0.881
17448,2022-06-08,5183,Huron Perth Health Unit,0.0305,108.0,0.77,0.7658,0.9198
17449,2022-06-08,2238,Hastings and Prince Edward Counties Health Unit,0.0614,172.0,1.02,0.9237,0.9585
17450,2022-06-08,2236,Halton Regional Health Unit,0.0901,231.0,0.37,0.6804,0.7933
17451,2022-06-08,2234,Haldimand-Norfolk Health Unit,0.0602,50.0,0.44,0.7807,0.9298
17452,2022-06-08,2233,Grey Bruce Health Unit,0.0438,117.0,0.69,0.8505,0.9374
17453,2022-06-08,2258,Eastern Ontario Health Unit,0.0469,131.0,0.63,0.8415,0.938
17454,2022-06-08,2230,Durham Regional Health Unit,0.0581,504.0,0.71,0.7301,0.8814
17455,2022-06-08,2226,District of Algoma Health Unit,0.0497,83.0,0.73,0.8701,0.9094
17456,2022-06-08,3895,City of Toronto Health Unit,0.0716,2069.0,0.66,0.8058,0.8943
17457,2022-06-08,2251,City of Ottawa Health Unit,0.0946,385.0,0.37,0.7699,0.8615
17458,2022-06-08,2237,City of Hamilton Health Unit,0.0683,272.0,0.46,0.7849,0.8844
17459,2022-06-08,2240,Chatham-Kent Health Unit,0.042,82.0,0.77,0.7583,0.9078
17460,2022-06-08,2227,Brant County Health Unit,0.0569,73.0,0.47,0.8012,0.876
17461,2022-06-08,2235,"Haliburton, Kawartha, Pine Ridge District Health Unit",0.039,128.0,0.68,0.7508,0.9281
17462,2022-06-08,2241,"Kingston, Frontenac and Lennox and Addington Health Unit",0.0718,201.0,0.94,0.9188,0.9559
17463,2022-06-08,2253,Peel Regional Health Unit,0.0681,816.0,0.51,0.7597,0.8616
17464,2022-06-08,2260,Simcoe Muskoka District Health Unit,0.0719,393.0,0.66,0.8206,0.9223
17465,2022-06-08,2263,Timiskaming Health Unit,0.0068,21.0,0.65,0.8239,0.9497
17466,2022-06-07,2270,York Regional Health Unit,0.0935,735.0,0.6,0.7064,0.8194
17467,2022-06-07,2266,Wellington-Dufferin-Guelph Health Unit,0.0638,148.0,0.47,0.7466,0.8614
17468,2022-06-07,2265,Waterloo Health Unit,0.0606,240.0,0.41,0.5901,0.7734
17469,2022-06-07,2263,Timiskaming Health Unit,0.0267,21.0,0.66,0.7986,0.9375
17470,2022-06-07,2261,Sudbury and District Health Unit,0.0525,210.0,1.05,0.9347,0.9723
17471,2022-06-07,4913,Southwestern Public Health,0.0464,157.0,0.74,0.8439,0.9324
17472,2022-06-07,2260,Simcoe Muskoka District Health Unit,0.073,391.0,0.65,0.8166,0.9116
17473,2022-06-07,2256,Porcupine Health Unit,0.0542,79.0,0.95,0.8822,0.9457
17474,2022-06-07,2255,Peterborough County-City Health Unit,0.0667,81.0,0.55,0.8437,0.9139
17475,2022-06-07,2253,Peel Regional Health Unit,0.0666,828.0,0.52,0.7208,0.8254
17476,2022-06-07,35,Ontario,0.0687,9273.0,0.63,0.7664,0.8692
17477,2022-06-07,2249,Northwestern Health Unit,0.1063,93.0,1.06,0.888,0.9481
17478,2022-06-07,2247,North Bay Parry Sound District Health Unit,0.0566,88.0,0.68,0.9233,0.9687
17479,2022-06-07,2246,Niagara Regional Area Health Unit,0.0715,232.0,0.49,0.6881,0.8134
17480,2022-06-07,2243,"Leeds, Grenville and Lanark District Health Unit",0.0785,107.0,0.62,0.773,0.9108
17481,2022-06-07,2242,Lambton Health Unit,0.0324,110.0,0.84,0.7786,0.8795
17482,2022-06-07,2241,"Kingston, Frontenac and Lennox and Addington Health Unit",0.0728,202.0,0.95,0.9176,0.95
17483,2022-06-07,2238,Hastings and Prince Edward Counties Health Unit,0.0586,166.0,0.98,0.917,0.9509
17484,2022-06-07,2236,Halton Regional Health Unit,0.0864,246.0,0.4,0.665,0.7731
17485,2022-06-07,2235,"Haliburton, Kawartha, Pine Ridge District Health Unit",0.0435,135.0,0.71,0.7523,0.9225
17486,2022-06-07,2233,Grey Bruce Health Unit,0.0449,121.0,0.71,0.8335,0.9383
17487,2022-06-07,2258,Eastern Ontario Health Unit,0.0531,137.0,0.66,0.8463,0.9295
17488,2022-06-07,2230,Durham Regional Health Unit,0.0608,515.0,0.72,0.7227,0.8584
17489,2022-06-07,2226,District of Algoma Health Unit,0.0535,80.0,0.7,0.8729,0.9175
17490,2022-06-07,3895,City of Toronto Health Unit,0.0718,2126.0,0.68,0.78,0.8665
17491,2022-06-07,2251,City of Ottawa Health Unit,0.0858,413.0,0.39,0.7726,0.8533
17492,2022-06-07,2237,City of Hamilton Health Unit,0.0693,287.0,0.48,0.7753,0.8653
17493,2022-06-07,2227,Brant County Health Unit,0.0556,72.0,0.46,0.7792,0.8604
17494,2022-06-07,2240,Chatham-Kent Health Unit,0.0439,81.0,0.76,0.7434,0.899
17495,2022-06-07,2234,Haldimand-Norfolk Health Unit,0.0519,50.0,0.43,0.7946,0.9256
17496,2022-06-07,5183,Huron Perth Health Unit,0.0332,107.0,0.77,0.7664,0.9119
17497,2022-06-07,2244,Middlesex-London Health Unit,0.0543,344.0,0.68,0.8328,0.9155
17498,2022-06-07,2257,Renfrew County and District Health Unit,0.0388,66.0,0.61,0.6721,0.9246
17499,2022-06-07,2262,Thunder Bay District Health Unit,0.1014,207.0,1.38,0.9304,0.9648
17500,2022-06-07,2268,Windsor-Essex County Health Unit,0.0621,304.0,0.72,0.5503,0.8161
17501,2022-06-06,2270,York Regional Health Unit,0.0895,751.0,0.61,0.7148,0.8214
17502,2022-06-06,2268,Windsor-Essex County Health Unit,0.0653,302.0,0.71,0.5435,0.8016
17503,2022-06-06,2265,Waterloo Health Unit,0.0587,243.0,0.42,0.577,0.7548
17504,2022-06-06,2263,Timiskaming Health Unit,0.0288,20.0,0.61,0.82,0.9667
17505,2022-06-06,2262,Thunder Bay District Health Unit,0.1021,206.0,1.37,0.9254,0.9544
17506,2022-06-06,4913,Southwestern Public Health,0.048,161.0,0.76,0.8544,0.9318
17507,2022-06-06,2260,Simcoe Muskoka District Health Unit,0.0715,395.0,0.66,0.8155,0.9106
17508,2022-06-06,2257,Renfrew County and District Health Unit,0.0415,65.0,0.6,0.6606,0.9116
17509,2022-06-06,2256,Porcupine Health Unit,0.0524,79.0,0.95,0.8963,0.9515
17510,2022-06-06,2255,Peterborough County-City Health Unit,0.0561,89.0,0.6,0.8609,0.9201
17511,2022-06-06,2253,Peel Regional Health Unit,0.072,815.0,0.51,0.709,0.8085
17512,2022-06-06,35,Ontario,0.0701,9420.0,0.64,0.7672,0.8629
17513,2022-06-06,2247,North Bay Parry Sound District Health Unit,0.059,92.0,0.71,0.9191,0.9603
17514,2022-06-06,2246,Niagara Regional Area Health Unit,0.0722,236.0,0.5,0.6954,0.8091
17515,2022-06-06,2244,Middlesex-London Health Unit,0.0564,368.0,0.72,0.8362,0.9149
17516,2022-06-06,2242,Lambton Health Unit,0.0358,112.0,0.85,0.7785,0.8668
17517,2022-06-06,2241,"Kingston, Frontenac and Lennox and Addington Health Unit",0.0804,208.0,0.98,0.912,0.9428
17518,2022-06-06,5183,Huron Perth Health Unit,0.0389,106.0,0.76,0.7655,0.9124
17519,2022-06-06,2236,Halton Regional Health Unit,0.0861,255.0,0.41,0.6684,0.7622
17520,2022-06-06,2235,"Haliburton, Kawartha, Pine Ridge District Health Unit",0.0558,141.0,0.75,0.792,0.9211
17521,2022-06-06,2234,Haldimand-Norfolk Health Unit,0.0478,51.0,0.45,0.8245,0.9276
17522,2022-06-06,2233,Grey Bruce Health Unit,0.0543,113.0,0.67,0.819,0.9342
17523,2022-06-06,2258,Eastern Ontario Health Unit,0.0578,136.0,0.65,0.8537,0.9234
17524,2022-06-06,2230,Durham Regional Health Unit,0.0644,502.0,0.7,0.731,0.8569
17525,2022-06-06,2226,District of Algoma Health Unit,0.0657,80.0,0.7,0.8513,0.8923
17526,2022-06-06,2251,City of Ottawa Health Unit,0.0911,420.0,0.4,0.7695,0.8458
17527,2022-06-06,2237,City of Hamilton Health Unit,0.0734,313.0,0.53,0.7943,0.8701
17528,2022-06-06,2240,Chatham-Kent Health Unit,0.0541,82.0,0.77,0.7553,0.9044
17529,2022-06-06,2227,Brant County Health Unit,0.0549,73.0,0.47,0.7701,0.8485
17530,2022-06-06,3895,City of Toronto Health Unit,0.0709,2185.0,0.7,0.7829,0.8613
17531,2022-06-06,2238,Hastings and Prince Edward Counties Health Unit,0.06,162.0,0.96,0.913,0.942
17532,2022-06-06,2243,"Leeds, Grenville and Lanark District Health Unit",0.0752,103.0,0.59,0.7778,0.913
17533,2022-06-06,2249,Northwestern Health Unit,0.1017,94.0,1.07,0.8403,0.895
17534,2022-06-06,2261,Sudbury and District Health Unit,0.052,220.0,1.1,0.9249,0.9681
17535,2022-06-06,2266,Wellington-Dufferin-Guelph Health Unit,0.0578,148.0,0.48,0.7288,0.8459
17536,2022-06-05,2270,York Regional Health Unit,0.0938,758.0,0.62,0.7073,0.809
17537,2022-06-05,2268,Windsor-Essex County Health Unit,0.0614,307.0,0.72,0.5386,0.7937
17538,2022-06-05,2266,Wellington-Dufferin-Guelph Health Unit,0.0611,147.0,0.47,0.7343,0.8472
17539,2022-06-05,2263,Timiskaming Health Unit,0.0329,22.0,0.66,0.8301,0.9673
17540,2022-06-05,2262,Thunder Bay District Health Unit,0.1001,198.0,1.32,0.9216,0.9475
17541,2022-06-05,2261,Sudbury and District Health Unit,0.0468,201.0,1.01,0.9243,0.9642
17542,2022-06-05,4913,Southwestern Public Health,0.0485,168.0,0.79,0.8475,0.9238
17543,2022-06-05,2260,Simcoe Muskoka District Health Unit,0.0684,395.0,0.66,0.8117,0.9064
17544,2022-06-05,2257,Renfrew County and District Health Unit,0.0335,68.0,0.63,0.6452,0.883
17545,2022-06-05,2256,Porcupine Health Unit,0.0633,90.0,1.08,0.8915,0.9474
17546,2022-06-05,2253,Peel Regional Health Unit,0.0772,829.0,0.52,0.7072,0.7993
17547,2022-06-05,35,Ontario,0.0718,9594.0,0.65,0.7635,0.8568
17548,2022-06-05,2249,Northwestern Health Unit,0.1,91.0,1.04,0.8255,0.8871
17549,2022-06-05,2246,Niagara Regional Area Health Unit,0.0784,239.0,0.51,0.6848,0.8014
17550,2022-06-05,2244,Middlesex-London Health Unit,0.0606,382.0,0.75,0.8293,0.9077
17551,2022-06-05,2243,"Leeds, Grenville and Lanark District Health Unit",0.0811,106.0,0.61,0.7785,0.9085
17552,2022-06-05,2241,"Kingston, Frontenac and Lennox and Addington Health Unit",0.0812,202.0,0.95,0.9147,0.9411
17553,2022-06-05,5183,Huron Perth Health Unit,0.0479,107.0,0.77,0.7949,0.9244
17554,2022-06-05,2238,Hastings and Prince Edward Counties Health Unit,0.0573,165.0,0.98,0.9213,0.9481
17555,2022-06-05,2236,Halton Regional Health Unit,0.0814,260.0,0.42,0.66,0.7486
17556,2022-06-05,2235,"Haliburton, Kawartha, Pine Ridge District Health Unit",0.0559,143.0,0.76,0.7916,0.9213
17557,2022-06-05,2234,Haldimand-Norfolk Health Unit,0.0546,52.0,0.46,0.8127,0.9129
17558,2022-06-05,2233,Grey Bruce Health Unit,0.0533,110.0,0.65,0.8047,0.9092
17559,2022-06-05,2230,Durham Regional Health Unit,0.0574,490.0,0.69,0.7227,0.8516
17560,2022-06-05,2226,District of Algoma Health Unit,0.0726,79.0,0.69,0.8507,0.8906
17561,2022-06-05,3895,City of Toronto Health Unit,0.072,2269.0,0.73,0.7815,0.8577
17562,2022-06-05,2237,City of Hamilton Health Unit,0.0781,338.0,0.57,0.7938,0.864
17563,2022-06-05,2240,Chatham-Kent Health Unit,0.0722,87.0,0.82,0.7492,0.9003
17564,2022-06-05,2227,Brant County Health Unit,0.059,75.0,0.48,0.7743,0.844
17565,2022-06-05,2251,City of Ottawa Health Unit,0.0953,432.0,0.41,0.7574,0.8411
17566,2022-06-05,2258,Eastern Ontario Health Unit,0.0534,147.0,0.7,0.8466,0.9167
17567,2022-06-05,2242,Lambton Health Unit,0.044,114.0,0.87,0.776,0.8596
17568,2022-06-05,2247,North Bay Parry Sound District Health Unit,0.0604,85.0,0.66,0.9064,0.9507
17569,2022-06-05,2255,Peterborough County-City Health Unit,0.0897,97.0,0.66,0.8493,0.9116
17570,2022-06-05,2265,Waterloo Health Unit,0.0615,244.0,0.42,0.5688,0.7447
17571,2022-06-04,2268,Windsor-Essex County Health Unit,0.0594,313.0,0.74,0.533,0.8013
17572,2022-06-04,2266,Wellington-Dufferin-Guelph Health Unit,0.0608,150.0,0.48,0.7389,0.8546
17573,2022-06-04,2265,Waterloo Health Unit,0.0601,243.0,0.42,0.5793,0.7478
17574,2022-06-04,2263,Timiskaming Health Unit,0.0307,23.0,0.71,0.8343,0.9704
17575,2022-06-04,2262,Thunder Bay District Health Unit,0.0953,201.0,1.34,0.9158,0.9486
17576,2022-06-04,2261,Sudbury and District Health Unit,0.0516,205.0,1.03,0.9269,0.9614
17577,2022-06-04,4913,Southwestern Public Health,0.0494,173.0,0.82,0.8477,0.9251
17578,2022-06-04,2257,Renfrew County and District Health Unit,0.027,69.0,0.63,0.6482,0.8853
17579,2022-06-04,2256,Porcupine Health Unit,0.0646,91.0,1.09,0.874,0.9353
17580,2022-06-04,2255,Peterborough County-City Health Unit,0.0878,98.0,0.66,0.842,0.9124
17581,2022-06-04,35,Ontario,0.0722,9702.0,0.65,0.7684,0.8592
17582,2022-06-04,2249,Northwestern Health Unit,0.0964,92.0,1.05,0.8299,0.8905
17583,2022-06-04,2247,North Bay Parry Sound District Health Unit,0.0644,87.0,0.67,0.9207,0.9554
17584,2022-06-04,2244,Middlesex-London Health Unit,0.0623,388.0,0.76,0.8384,0.9129
17585,2022-06-04,2243,"Leeds, Grenville and Lanark District Health Unit",0.0828,107.0,0.62,0.788,0.9155
17586,2022-06-04,2242,Lambton Health Unit,0.044,114.0,0.87,0.7761,0.8622
17587,2022-06-04,2241,"Kingston, Frontenac and Lennox and Addington Health Unit",0.0863,205.0,0.97,0.9211,0.9458
17588,2022-06-04,5183,Huron Perth Health Unit,0.0492,107.0,0.77,0.8037,0.9308
17589,2022-06-04,2238,Hastings and Prince Edward Counties Health Unit,0.0538,159.0,0.95,0.9188,0.9467
17590,2022-06-04,2236,Halton Regional Health Unit,0.0825,263.0,0.43,0.6629,0.7424
17591,2022-06-04,2234,Haldimand-Norfolk Health Unit,0.0549,52.0,0.46,0.8113,0.9084
17592,2022-06-04,2233,Grey Bruce Health Unit,0.057,113.0,0.66,0.7888,0.9048
17593,2022-06-04,2258,Eastern Ontario Health Unit,0.0533,147.0,0.71,0.8525,0.9215
17594,2022-06-04,2226,District of Algoma Health Unit,0.075,82.0,0.72,0.868,0.9002
17595,2022-06-04,3895,City of Toronto Health Unit,0.0722,2298.0,0.74,0.7864,0.8603
17596,2022-06-04,2251,City of Ottawa Health Unit,0.0955,434.0,0.41,0.775,0.8552
17597,2022-06-04,2240,Chatham-Kent Health Unit,0.0738,89.0,0.84,0.7434,0.9011
17598,2022-06-04,2227,Brant County Health Unit,0.0592,75.0,0.48,0.7925,0.8509
17599,2022-06-04,2237,City of Hamilton Health Unit,0.0856,347.0,0.59,0.8211,0.8666
17600,2022-06-04,2230,Durham Regional Health Unit,0.059,484.0,0.68,0.7213,0.8517
17601,2022-06-04,2235,"Haliburton, Kawartha, Pine Ridge District Health Unit",0.0519,140.0,0.74,0.7921,0.9248
17602,2022-06-04,2246,Niagara Regional Area Health Unit,0.0783,246.0,0.52,0.7041,0.8078
17603,2022-06-04,2253,Peel Regional Health Unit,0.0753,849.0,0.53,0.7066,0.7981
17604,2022-06-04,2260,Simcoe Muskoka District Health Unit,0.0686,398.0,0.66,0.8168,0.9048
17605,2022-06-04,2270,York Regional Health Unit,0.0955,760.0,0.62,0.7104,0.8096
17606,2022-06-03,2270,York Regional Health Unit,0.0965,773.0,0.63,0.712,0.8146
17607,2022-06-03,2268,Windsor-Essex County Health Unit,0.0643,311.0,0.73,0.5578,0.7983
17608,2022-06-03,2266,Wellington-Dufferin-Guelph Health Unit,0.0572,152.0,0.49,0.75,0.8597
17609,2022-06-03,2265,Waterloo Health Unit,0.0615,249.0,0.43,0.6194,0.7658
17610,2022-06-03,2263,Timiskaming Health Unit,0.0307,23.0,0.71,0.8221,0.9632
17611,2022-06-03,2261,Sudbury and District Health Unit,0.0552,202.0,1.01,0.908,0.9589
17612,2022-06-03,4913,Southwestern Public Health,0.0491,172.0,0.81,0.8404,0.9282
17613,2022-06-03,2260,Simcoe Muskoka District Health Unit,0.067,401.0,0.67,0.8117,0.9038
17614,2022-06-03,2256,Porcupine Health Unit,0.073,84.0,1.01,0.8746,0.9373
17615,2022-06-03,2255,Peterborough County-City Health Unit,0.0774,98.0,0.66,0.8317,0.9159
17616,2022-06-03,2253,Peel Regional Health Unit,0.0748,859.0,0.53,0.7105,0.8021
17617,2022-06-03,2249,Northwestern Health Unit,0.0955,90.0,1.02,0.8207,0.8933
17618,2022-06-03,2247,North Bay Parry Sound District Health Unit,0.0781,84.0,0.65,0.9205,0.9513
17619,2022-06-03,2246,Niagara Regional Area Health Unit,0.0822,252.0,0.53,0.7109,0.8187
17620,2022-06-03,2244,Middlesex-London Health Unit,0.0683,391.0,0.77,0.8396,0.9125
17621,2022-06-03,2243,"Leeds, Grenville and Lanark District Health Unit",0.0837,109.0,0.63,0.8008,0.9201
17622,2022-06-03,2242,Lambton Health Unit,0.0457,112.0,0.86,0.7748,0.8608
17623,2022-06-03,2241,"Kingston, Frontenac and Lennox and Addington Health Unit",0.0906,205.0,0.96,0.9261,0.9512
17624,2022-06-03,2238,Hastings and Prince Edward Counties Health Unit,0.0505,161.0,0.96,0.9188,0.9447
17625,2022-06-03,2236,Halton Regional Health Unit,0.0919,267.0,0.43,0.6662,0.7504
17626,2022-06-03,2235,"Haliburton, Kawartha, Pine Ridge District Health Unit",0.0501,143.0,0.76,0.7987,0.9405
17627,2022-06-03,2233,Grey Bruce Health Unit,0.05,106.0,0.62,0.7909,0.9048
17628,2022-06-03,2258,Eastern Ontario Health Unit,0.0542,148.0,0.71,0.8832,0.9324
17629,2022-06-03,2230,Durham Regional Health Unit,0.0585,489.0,0.69,0.7128,0.8522
17630,2022-06-03,3895,City of Toronto Health Unit,0.0719,2343.0,0.75,0.7869,0.8634
17631,2022-06-03,2251,City of Ottawa Health Unit,0.0934,437.0,0.41,0.7869,0.8712
17632,2022-06-03,2237,City of Hamilton Health Unit,0.0888,362.0,0.61,0.8306,0.874
17633,2022-06-03,2240,Chatham-Kent Health Unit,0.0759,88.0,0.83,0.7375,0.9078
17634,2022-06-03,2227,Brant County Health Unit,0.0571,75.0,0.48,0.8041,0.8582
17635,2022-06-03,2226,District of Algoma Health Unit,0.0813,81.0,0.71,0.8544,0.9053
17636,2022-06-03,2234,Haldimand-Norfolk Health Unit,0.0501,51.0,0.45,0.7989,0.9035
17637,2022-06-03,5183,Huron Perth Health Unit,0.0526,103.0,0.74,0.8014,0.9237
17638,2022-06-03,35,Ontario,0.0731,9790.0,0.66,0.773,0.8638
17639,2022-06-03,2257,Renfrew County and District Health Unit,0.0285,70.0,0.65,0.6561,0.8874
17640,2022-06-03,2262,Thunder Bay District Health Unit,0.0928,195.0,1.3,0.9203,0.9471
17641,2022-06-02,2270,York Regional Health Unit,0.0988,784.0,0.64,0.6941,0.8076
17642,2022-06-02,2268,Windsor-Essex County Health Unit,0.0641,317.0,0.75,0.5978,0.7899
17643,2022-06-02,2265,Waterloo Health Unit,0.0667,251.0,0.43,0.6171,0.7636
17644,2022-06-02,2263,Timiskaming Health Unit,0.0307,23.0,0.71,0.7616,0.9593
17645,2022-06-02,2262,Thunder Bay District Health Unit,0.0965,194.0,1.29,0.9102,0.9428
17646,2022-06-02,4913,Southwestern Public Health,0.0529,167.0,0.79,0.8339,0.9174
17647,2022-06-02,2260,Simcoe Muskoka District Health Unit,0.069,402.0,0.67,0.8162,0.9058
17648,2022-06-02,2257,Renfrew County and District Health Unit,0.0356,72.0,0.66,0.6266,0.878
17649,2022-06-02,2255,Peterborough County-City Health Unit,0.0824,88.0,0.6,0.8273,0.9246
17650,2022-06-02,2253,Peel Regional Health Unit,0.0724,886.0,0.55,0.7088,0.8031
17651,2022-06-02,35,Ontario,0.0747,9946.0,0.67,0.7705,0.8629
17652,2022-06-02,2249,Northwestern Health Unit,0.0857,87.0,0.99,0.8083,0.885
17653,2022-06-02,2247,North Bay Parry Sound District Health Unit,0.0813,90.0,0.69,0.9294,0.956
17654,2022-06-02,2246,Niagara Regional Area Health Unit,0.0873,257.0,0.54,0.713,0.8097
17655,2022-06-02,2244,Middlesex-London Health Unit,0.0679,414.0,0.82,0.8352,0.9147
17656,2022-06-02,2242,Lambton Health Unit,0.0469,116.0,0.88,0.7788,0.863
17657,2022-06-02,2241,"Kingston, Frontenac and Lennox and Addington Health Unit",0.0925,205.0,0.97,0.9199,0.9456
17658,2022-06-02,5183,Huron Perth Health Unit,0.053,100.0,0.71,0.8046,0.9272
17659,2022-06-02,2236,Halton Regional Health Unit,0.0937,268.0,0.43,0.6612,0.7501
17660,2022-06-02,2235,"Haliburton, Kawartha, Pine Ridge District Health Unit",0.0524,153.0,0.81,0.7871,0.9436
17661,2022-06-02,2234,Haldimand-Norfolk Health Unit,0.0545,52.0,0.46,0.776,0.875
17662,2022-06-02,2258,Eastern Ontario Health Unit,0.0653,164.0,0.79,0.8917,0.9411
17663,2022-06-02,2230,Durham Regional Health Unit,0.0613,485.0,0.68,0.7275,0.864
17664,2022-06-02,2226,District of Algoma Health Unit,0.0868,82.0,0.72,0.8656,0.9148
17665,2022-06-02,3895,City of Toronto Health Unit,0.0735,2366.0,0.76,0.7812,0.8635
17666,2022-06-02,2251,City of Ottawa Health Unit,0.0909,449.0,0.43,0.7964,0.8792
17667,2022-06-02,2237,City of Hamilton Health Unit,0.0952,377.0,0.64,0.8254,0.8693
17668,2022-06-02,2240,Chatham-Kent Health Unit,0.0719,89.0,0.84,0.7289,0.8882
17669,2022-06-02,2227,Brant County Health Unit,0.0619,74.0,0.48,0.7519,0.8481
17670,2022-06-02,2233,Grey Bruce Health Unit,0.0464,108.0,0.63,0.7827,0.9067
17671,2022-06-02,2238,Hastings and Prince Edward Counties Health Unit,0.0439,163.0,0.96,0.914,0.9402
17672,2022-06-02,2243,"Leeds, Grenville and Lanark District Health Unit",0.0868,112.0,0.65,0.8514,0.9149
17673,2022-06-02,2256,Porcupine Health Unit,0.0833,89.0,1.07,0.9023,0.9528
17674,2022-06-02,2261,Sudbury and District Health Unit,0.0537,210.0,1.06,0.9034,0.9568
17675,2022-06-02,2266,Wellington-Dufferin-Guelph Health Unit,0.0538,151.0,0.49,0.7477,0.8618
17676,2022-06-01,2270,York Regional Health Unit,0.0939,794.0,0.65,0.7189,0.8326
17677,2022-06-01,2268,Windsor-Essex County Health Unit,0.0666,333.0,0.78,0.6257,0.8196
17678,2022-06-01,2266,Wellington-Dufferin-Guelph Health Unit,0.0648,152.0,0.49,0.7453,0.8767
17679,2022-06-01,2263,Timiskaming Health Unit,0.0321,22.0,0.68,0.7771,0.9745
17680,2022-06-01,2262,Thunder Bay District Health Unit,0.0937,189.0,1.26,0.7617,0.884
17681,2022-06-01,2261,Sudbury and District Health Unit,0.0515,217.0,1.09,0.9017,0.9605
17682,2022-06-01,2260,Simcoe Muskoka District Health Unit,0.0725,416.0,0.69,0.8324,0.9171
17683,2022-06-01,2257,Renfrew County and District Health Unit,0.0319,72.0,0.66,0.6019,0.886
17684,2022-06-01,2256,Porcupine Health Unit,0.0849,86.0,1.03,0.9026,0.9485
17685,2022-06-01,2255,Peterborough County-City Health Unit,0.1026,92.0,0.62,0.8236,0.9268
17686,2022-06-01,2253,Peel Regional Health Unit,0.0731,903.0,0.56,0.7379,0.8369
17687,2022-06-01,35,Ontario,0.0763,10101.0,0.68,0.783,0.8813
17688,2022-06-01,2249,Northwestern Health Unit,0.0851,94.0,1.07,0.7568,0.85
17689,2022-06-01,2246,Niagara Regional Area Health Unit,0.0908,261.0,0.55,0.7232,0.8293
17690,2022-06-01,2244,Middlesex-London Health Unit,0.0653,433.0,0.85,0.8681,0.932
17691,2022-06-01,2243,"Leeds, Grenville and Lanark District Health Unit",0.0916,111.0,0.64,0.8617,0.9255
17692,2022-06-01,2241,"Kingston, Frontenac and Lennox and Addington Health Unit",0.0952,207.0,0.97,0.9272,0.953
17693,2022-06-01,5183,Huron Perth Health Unit,0.0603,104.0,0.75,0.8304,0.9357
17694,2022-06-01,2238,Hastings and Prince Edward Counties Health Unit,0.0462,167.0,0.99,0.9151,0.9495
17695,2022-06-01,2235,"Haliburton, Kawartha, Pine Ridge District Health Unit",0.0613,144.0,0.76,0.7864,0.9413
17696,2022-06-01,2234,Haldimand-Norfolk Health Unit,0.0656,52.0,0.46,0.7916,0.8946
17697,2022-06-01,2233,Grey Bruce Health Unit,0.0547,107.0,0.63,0.7887,0.9116
17698,2022-06-01,2258,Eastern Ontario Health Unit,0.0648,165.0,0.79,0.8693,0.9525
17699,2022-06-01,2230,Durham Regional Health Unit,0.0583,500.0,0.7,0.7259,0.8756
17700,2022-06-01,2226,District of Algoma Health Unit,0.0948,86.0,0.75,0.8617,0.918
17701,2022-06-01,3895,City of Toronto Health Unit,0.0768,2377.0,0.76,0.7988,0.8855
17702,2022-06-01,2237,City of Hamilton Health Unit,0.0937,384.0,0.65,0.8468,0.8943
17703,2022-06-01,2240,Chatham-Kent Health Unit,0.0772,91.0,0.85,0.7394,0.898
17704,2022-06-01,2227,Brant County Health Unit,0.0601,74.0,0.47,0.7644,0.8651
17705,2022-06-01,2251,City of Ottawa Health Unit,0.0926,458.0,0.43,0.8117,0.895
17706,2022-06-01,2236,Halton Regional Health Unit,0.0981,278.0,0.45,0.6921,0.7923
17707,2022-06-01,2242,Lambton Health Unit,0.0487,117.0,0.9,0.7886,0.8829
17708,2022-06-01,2247,North Bay Parry Sound District Health Unit,0.0804,91.0,0.7,0.9437,0.9678
17709,2022-06-01,4913,Southwestern Public Health,0.0497,170.0,0.8,0.84,0.9228
17710,2022-06-01,2265,Waterloo Health Unit,0.0696,253.0,0.43,0.624,0.8022
17711,2022-05-31,2268,Windsor-Essex County Health Unit,0.071,342.0,0.81,0.6352,0.8455
17712,2022-05-31,2266,Wellington-Dufferin-Guelph Health Unit,0.0601,159.0,0.51,0.7809,0.9012
17713,2022-05-31,2265,Waterloo Health Unit,0.0703,254.0,0.43,0.6264,0.8331
17714,2022-05-31,2263,Timiskaming Health Unit,0.0253,23.0,0.69,0.6995,0.9754
17715,2022-05-31,2262,Thunder Bay District Health Unit,0.095,189.0,1.26,0.7308,0.8407
17716,2022-05-31,2261,Sudbury and District Health Unit,0.0514,214.0,1.07,0.8978,0.9597
17717,2022-05-31,4913,Southwestern Public Health,0.0512,179.0,0.84,0.8307,0.9359
17718,2022-05-31,2260,Simcoe Muskoka District Health Unit,0.0697,437.0,0.73,0.857,0.9353
17719,2022-05-31,2257,Renfrew County and District Health Unit,0.0348,74.0,0.68,0.6369,0.8889
17720,2022-05-31,2256,Porcupine Health Unit,0.0799,100.0,1.2,0.8513,0.9017
17721,2022-05-31,2255,Peterborough County-City Health Unit,0.1098,96.0,0.65,0.8431,0.9493
17722,2022-05-31,35,Ontario,0.0765,10465.0,0.71,0.8111,0.9049
17723,2022-05-31,2249,Northwestern Health Unit,0.0928,99.0,1.12,0.7203,0.7933
17724,2022-05-31,2247,North Bay Parry Sound District Health Unit,0.0953,112.0,0.87,0.9406,0.9684
17725,2022-05-31,2244,Middlesex-London Health Unit,0.0701,471.0,0.93,0.8814,0.9436
17726,2022-05-31,2243,"Leeds, Grenville and Lanark District Health Unit",0.075,109.0,0.63,0.8702,0.9363
17727,2022-05-31,2242,Lambton Health Unit,0.0539,119.0,0.91,0.7719,0.8948
17728,2022-05-31,5183,Huron Perth Health Unit,0.0547,107.0,0.77,0.8238,0.9452
17729,2022-05-31,2238,Hastings and Prince Edward Counties Health Unit,0.0451,178.0,1.05,0.9284,0.9624
17730,2022-05-31,2236,Halton Regional Health Unit,0.0977,284.0,0.46,0.7331,0.8322
17731,2022-05-31,2235,"Haliburton, Kawartha, Pine Ridge District Health Unit",0.0618,143.0,0.76,0.8057,0.9458
17732,2022-05-31,2234,Haldimand-Norfolk Health Unit,0.0692,60.0,0.52,0.8103,0.9129
17733,2022-05-31,2233,Grey Bruce Health Unit,0.0593,106.0,0.62,0.8253,0.9152
17734,2022-05-31,2258,Eastern Ontario Health Unit,0.0663,166.0,0.79,0.8602,0.9553
17735,2022-05-31,2226,District of Algoma Health Unit,0.0971,90.0,0.78,0.8323,0.9094
17736,2022-05-31,3895,City of Toronto Health Unit,0.0749,2448.0,0.78,0.8426,0.9196
17737,2022-05-31,2251,City of Ottawa Health Unit,0.0949,454.0,0.43,0.8319,0.9127
17738,2022-05-31,2240,Chatham-Kent Health Unit,0.0793,92.0,0.86,0.7951,0.9272
17739,2022-05-31,2227,Brant County Health Unit,0.0686,79.0,0.51,0.7901,0.8895
17740,2022-05-31,2237,City of Hamilton Health Unit,0.0953,406.0,0.69,0.8782,0.9234
17741,2022-05-31,2230,Durham Regional Health Unit,0.0572,517.0,0.73,0.7747,0.9017
17742,2022-05-31,2241,"Kingston, Frontenac and Lennox and Addington Health Unit",0.0949,218.0,1.03,0.944,0.9677
17743,2022-05-31,2246,Niagara Regional Area Health Unit,0.096,275.0,0.58,0.7486,0.8567
17744,2022-05-31,2253,Peel Regional Health Unit,0.0748,922.0,0.57,0.7942,0.882
17745,2022-05-31,2270,York Regional Health Unit,0.0897,836.0,0.68,0.7554,0.8635
17746,2022-05-30,2270,York Regional Health Unit,0.0891,848.0,0.69,0.7396,0.8666
17747,2022-05-30,2266,Wellington-Dufferin-Guelph Health Unit,0.0692,171.0,0.55,0.7802,0.9124
17748,2022-05-30,2265,Waterloo Health Unit,0.0746,257.0,0.44,0.5838,0.8341
17749,2022-05-30,2263,Timiskaming Health Unit,0.0223,26.0,0.78,0.6,0.9297
17750,2022-05-30,2262,Thunder Bay District Health Unit,0.1054,213.0,1.42,0.727,0.8431
17751,2022-05-30,2261,Sudbury and District Health Unit,0.0578,228.0,1.14,0.8948,0.9618
17752,2022-05-30,4913,Southwestern Public Health,0.0496,184.0,0.87,0.8092,0.9324
17753,2022-05-30,2260,Simcoe Muskoka District Health Unit,0.0748,443.0,0.74,0.8412,0.9322
17754,2022-05-30,2256,Porcupine Health Unit,0.077,102.0,1.22,0.8486,0.8991
17755,2022-05-30,2255,Peterborough County-City Health Unit,0.1296,94.0,0.63,0.8216,0.9405
17756,2022-05-30,2253,Peel Regional Health Unit,0.0724,951.0,0.59,0.7803,0.8838
17757,2022-05-30,2249,Northwestern Health Unit,0.0993,99.0,1.13,0.75,0.8338
17758,2022-05-30,2247,North Bay Parry Sound District Health Unit,0.0969,118.0,0.91,0.9402,0.9707
17759,2022-05-30,2246,Niagara Regional Area Health Unit,0.1062,279.0,0.59,0.7023,0.853
17760,2022-05-30,2243,"Leeds, Grenville and Lanark District Health Unit",0.0784,118.0,0.68,0.8362,0.9059
17761,2022-05-30,2242,Lambton Health Unit,0.0558,120.0,0.92,0.7565,0.9015
17762,2022-05-30,2241,"Kingston, Frontenac and Lennox and Addington Health Unit",0.0894,235.0,1.1,0.9305,0.9622
17763,2022-05-30,5183,Huron Perth Health Unit,0.0541,108.0,0.77,0.8071,0.9329
17764,2022-05-30,2238,Hastings and Prince Edward Counties Health Unit,0.0427,194.0,1.15,0.922,0.961
17765,2022-05-30,2236,Halton Regional Health Unit,0.1029,294.0,0.48,0.7198,0.8467
17766,2022-05-30,2235,"Haliburton, Kawartha, Pine Ridge District Health Unit",0.055,146.0,0.77,0.7904,0.935
17767,2022-05-30,2233,Grey Bruce Health Unit,0.0562,117.0,0.69,0.8049,0.9153
17768,2022-05-30,2258,Eastern Ontario Health Unit,0.0629,177.0,0.85,0.8545,0.9539
17769,2022-05-30,2230,Durham Regional Health Unit,0.0613,548.0,0.77,0.7486,0.896
17770,2022-05-30,3895,City of Toronto Health Unit,0.076,2519.0,0.81,0.8202,0.9152
17771,2022-05-30,2251,City of Ottawa Health Unit,0.0857,460.0,0.44,0.8138,0.9145
17772,2022-05-30,2237,City of Hamilton Health Unit,0.102,419.0,0.71,0.8619,0.9248
17773,2022-05-30,2227,Brant County Health Unit,0.0761,79.0,0.51,0.796,0.9026
17774,2022-05-30,2240,Chatham-Kent Health Unit,0.0791,98.0,0.92,0.7811,0.9259
17775,2022-05-30,2226,District of Algoma Health Unit,0.0932,92.0,0.8,0.8416,0.928
17776,2022-05-30,2234,Haldimand-Norfolk Health Unit,0.0747,63.0,0.55,0.7802,0.9058
17777,2022-05-30,2244,Middlesex-London Health Unit,0.0751,462.0,0.91,0.864,0.9426
17778,2022-05-30,35,Ontario,0.0777,10800.0,0.73,0.7936,0.9036
17779,2022-05-30,2257,Renfrew County and District Health Unit,0.0318,76.0,0.7,0.5957,0.8723
17780,2022-05-30,2268,Windsor-Essex County Health Unit,0.0701,357.0,0.84,0.6511,0.8491
17781,2022-05-29,2270,York Regional Health Unit,0.0878,816.0,0.67,0.7305,0.8594
17782,2022-05-29,2268,Windsor-Essex County Health Unit,0.0706,352.0,0.83,0.6143,0.8346
17783,2022-05-29,2266,Wellington-Dufferin-Guelph Health Unit,0.0665,165.0,0.53,0.758,0.8908
17784,2022-05-29,2265,Waterloo Health Unit,0.0734,249.0,0.43,0.5621,0.8134
17785,2022-05-29,2263,Timiskaming Health Unit,0.024,24.0,0.73,0.5912,0.9282
17786,2022-05-29,2262,Thunder Bay District Health Unit,0.118,199.0,1.32,0.708,0.8346
17787,2022-05-29,4913,Southwestern Public Health,0.0539,167.0,0.79,0.8014,0.9277
17788,2022-05-29,2260,Simcoe Muskoka District Health Unit,0.0751,413.0,0.69,0.8253,0.9174
17789,2022-05-29,2257,Renfrew County and District Health Unit,0.0343,67.0,0.61,0.6269,0.9067
17790,2022-05-29,2255,Peterborough County-City Health Unit,0.1047,82.0,0.55,0.8151,0.9246
17791,2022-05-29,2253,Peel Regional Health Unit,0.0694,916.0,0.57,0.7697,0.8783
17792,2022-05-29,35,Ontario,0.0772,10146.0,0.68,0.7813,0.8936
17793,2022-05-29,2247,North Bay Parry Sound District Health Unit,0.1007,109.0,0.84,0.9372,0.9731
17794,2022-05-29,2246,Niagara Regional Area Health Unit,0.1044,268.0,0.57,0.6748,0.8209
17795,2022-05-29,2244,Middlesex-London Health Unit,0.075,436.0,0.86,0.8644,0.939
17796,2022-05-29,2243,"Leeds, Grenville and Lanark District Health Unit",0.0776,112.0,0.65,0.8458,0.9108
17797,2022-05-29,2242,Lambton Health Unit,0.0526,109.0,0.83,0.7527,0.8981
17798,2022-05-29,2241,"Kingston, Frontenac and Lennox and Addington Health Unit",0.0888,216.0,1.01,0.9143,0.9494
17799,2022-05-29,5183,Huron Perth Health Unit,0.0467,101.0,0.72,0.8006,0.9326
17800,2022-05-29,2236,Halton Regional Health Unit,0.1011,277.0,0.45,0.6872,0.8159
17801,2022-05-29,2235,"Haliburton, Kawartha, Pine Ridge District Health Unit",0.0571,138.0,0.73,0.7862,0.922
17802,2022-05-29,2234,Haldimand-Norfolk Health Unit,0.0741,58.0,0.51,0.7764,0.8966
17803,2022-05-29,2258,Eastern Ontario Health Unit,0.0717,161.0,0.77,0.8574,0.9545
17804,2022-05-29,2230,Durham Regional Health Unit,0.0653,508.0,0.71,0.738,0.8866
17805,2022-05-29,2226,District of Algoma Health Unit,0.0887,90.0,0.79,0.8309,0.9243
17806,2022-05-29,2251,City of Ottawa Health Unit,0.0771,419.0,0.4,0.8144,0.9087
17807,2022-05-29,2237,City of Hamilton Health Unit,0.0999,402.0,0.68,0.8541,0.9135
17808,2022-05-29,2240,Chatham-Kent Health Unit,0.0731,88.0,0.83,0.772,0.9168
17809,2022-05-29,2227,Brant County Health Unit,0.0789,78.0,0.5,0.7677,0.873
17810,2022-05-29,3895,City of Toronto Health Unit,0.0757,2343.0,0.75,0.8056,0.9036
17811,2022-05-29,2233,Grey Bruce Health Unit,0.0576,109.0,0.64,0.8152,0.9305
17812,2022-05-29,2238,Hastings and Prince Edward Counties Health Unit,0.0477,180.0,1.07,0.9099,0.9526
17813,2022-05-29,2249,Northwestern Health Unit,0.1005,90.0,1.02,0.7492,0.8328
17814,2022-05-29,2256,Porcupine Health Unit,0.0764,88.0,1.05,0.8519,0.9013
17815,2022-05-29,2261,Sudbury and District Health Unit,0.0592,217.0,1.09,0.8891,0.9591
17816,2022-05-28,2270,York Regional Health Unit,0.0896,828.0,0.68,0.723,0.8617
17817,2022-05-28,2268,Windsor-Essex County Health Unit,0.0751,352.0,0.83,0.5762,0.834
17818,2022-05-28,2266,Wellington-Dufferin-Guelph Health Unit,0.0701,169.0,0.54,0.7639,0.8904
17819,2022-05-28,2263,Timiskaming Health Unit,0.0238,24.0,0.73,0.5595,0.9226
17820,2022-05-28,2262,Thunder Bay District Health Unit,0.1254,199.0,1.33,0.657,0.7924
17821,2022-05-28,2261,Sudbury and District Health Unit,0.0573,214.0,1.08,0.8771,0.9632
17822,2022-05-28,2260,Simcoe Muskoka District Health Unit,0.0775,420.0,0.7,0.8296,0.9235
17823,2022-05-28,2257,Renfrew County and District Health Unit,0.0354,69.0,0.63,0.6013,0.8954
17824,2022-05-28,2256,Porcupine Health Unit,0.0906,90.0,1.08,0.8613,0.9038
17825,2022-05-28,2253,Peel Regional Health Unit,0.0716,906.0,0.56,0.7732,0.8791
17826,2022-05-28,35,Ontario,0.0789,10238.0,0.69,0.7767,0.894
17827,2022-05-28,2249,Northwestern Health Unit,0.0969,91.0,1.04,0.6918,0.8119
17828,2022-05-28,2247,North Bay Parry Sound District Health Unit,0.102,112.0,0.86,0.9367,0.9747
17829,2022-05-28,2246,Niagara Regional Area Health Unit,0.1051,268.0,0.57,0.6762,0.8187
17830,2022-05-28,2244,Middlesex-London Health Unit,0.0792,444.0,0.87,0.8525,0.9375
17831,2022-05-28,2243,"Leeds, Grenville and Lanark District Health Unit",0.076,115.0,0.66,0.8382,0.9081
17832,2022-05-28,2241,"Kingston, Frontenac and Lennox and Addington Health Unit",0.0884,217.0,1.02,0.9133,0.9521
17833,2022-05-28,5183,Huron Perth Health Unit,0.0447,99.0,0.71,0.7994,0.9327
17834,2022-05-28,2238,Hastings and Prince Edward Counties Health Unit,0.0476,183.0,1.09,0.9136,0.9576
17835,2022-05-28,2235,"Haliburton, Kawartha, Pine Ridge District Health Unit",0.0591,138.0,0.73,0.7958,0.92
17836,2022-05-28,2234,Haldimand-Norfolk Health Unit,0.074,60.0,0.52,0.78,0.8973
17837,2022-05-28,2233,Grey Bruce Health Unit,0.053,110.0,0.65,0.7928,0.938
17838,2022-05-28,2230,Durham Regional Health Unit,0.0674,520.0,0.73,0.7334,0.8903
17839,2022-05-28,2226,District of Algoma Health Unit,0.0936,87.0,0.76,0.8231,0.9201
17840,2022-05-28,3895,City of Toronto Health Unit,0.077,2364.0,0.76,0.8079,0.9052
17841,2022-05-28,2251,City of Ottawa Health Unit,0.0772,431.0,0.41,0.8073,0.9052
17842,2022-05-28,2237,City of Hamilton Health Unit,0.0991,418.0,0.71,0.8543,0.9127
17843,2022-05-28,2240,Chatham-Kent Health Unit,0.0837,87.0,0.82,0.7592,0.9246
17844,2022-05-28,2227,Brant County Health Unit,0.0896,78.0,0.5,0.7784,0.8811
17845,2022-05-28,2258,Eastern Ontario Health Unit,0.0715,164.0,0.79,0.85,0.9549
17846,2022-05-28,2236,Halton Regional Health Unit,0.0979,277.0,0.45,0.6823,0.8274
17847,2022-05-28,2242,Lambton Health Unit,0.0524,109.0,0.83,0.7454,0.8937
17848,2022-05-28,2255,Peterborough County-City Health Unit,0.1113,78.0,0.53,0.8268,0.9255
17849,2022-05-28,4913,Southwestern Public Health,0.0534,166.0,0.78,0.7945,0.9307
17850,2022-05-28,2265,Waterloo Health Unit,0.0784,253.0,0.43,0.559,0.8167
17851,2022-05-27,2268,Windsor-Essex County Health Unit,0.0761,355.0,0.84,0.5617,0.8178
17852,2022-05-27,2266,Wellington-Dufferin-Guelph Health Unit,0.07,171.0,0.55,0.7592,0.8942
17853,2022-05-27,2265,Waterloo Health Unit,0.0737,252.0,0.43,0.5387,0.8111
17854,2022-05-27,2262,Thunder Bay District Health Unit,0.1257,203.0,1.36,0.6303,0.7587
17855,2022-05-27,2261,Sudbury and District Health Unit,0.0541,219.0,1.1,0.887,0.9582
17856,2022-05-27,4913,Southwestern Public Health,0.0536,168.0,0.79,0.7807,0.9261
17857,2022-05-27,2257,Renfrew County and District Health Unit,0.0365,67.0,0.61,0.5831,0.8958
17858,2022-05-27,2256,Porcupine Health Unit,0.0913,89.0,1.07,0.8872,0.9269
17859,2022-05-27,2255,Peterborough County-City Health Unit,0.1152,78.0,0.53,0.8357,0.9268
17860,2022-05-27,2253,Peel Regional Health Unit,0.0721,907.0,0.56,0.7712,0.8789
17861,2022-05-27,35,Ontario,0.0797,10234.0,0.69,0.7707,0.8909
17862,2022-05-27,2249,Northwestern Health Unit,0.0985,93.0,1.06,0.6585,0.7627
17863,2022-05-27,2247,North Bay Parry Sound District Health Unit,0.0945,115.0,0.89,0.9326,0.9689
17864,2022-05-27,2244,Middlesex-London Health Unit,0.0727,440.0,0.87,0.858,0.9421
17865,2022-05-27,2243,"Leeds, Grenville and Lanark District Health Unit",0.0839,114.0,0.66,0.823,0.9014
17866,2022-05-27,2242,Lambton Health Unit,0.0557,110.0,0.84,0.7594,0.8978
17867,2022-05-27,5183,Huron Perth Health Unit,0.0495,101.0,0.72,0.8056,0.9387
17868,2022-05-27,2238,Hastings and Prince Edward Counties Health Unit,0.0454,176.0,1.05,0.908,0.959
17869,2022-05-27,2236,Halton Regional Health Unit,0.0941,275.0,0.44,0.6765,0.823
17870,2022-05-27,2234,Haldimand-Norfolk Health Unit,0.0881,60.0,0.53,0.7788,0.8963
17871,2022-05-27,2233,Grey Bruce Health Unit,0.0574,115.0,0.67,0.7821,0.9365
17872,2022-05-27,2258,Eastern Ontario Health Unit,0.0721,162.0,0.78,0.8148,0.9443
17873,2022-05-27,2230,Durham Regional Health Unit,0.0716,523.0,0.73,0.7172,0.8907
17874,2022-05-27,2226,District of Algoma Health Unit,0.0883,89.0,0.78,0.835,0.9239
17875,2022-05-27,3895,City of Toronto Health Unit,0.0797,2368.0,0.76,0.8041,0.9057
17876,2022-05-27,2251,City of Ottawa Health Unit,0.0793,427.0,0.4,0.789,0.8962
17877,2022-05-27,2240,Chatham-Kent Health Unit,0.0856,88.0,0.83,0.7585,0.9227
17878,2022-05-27,2227,Brant County Health Unit,0.0959,77.0,0.5,0.7559,0.8597
17879,2022-05-27,2237,City of Hamilton Health Unit,0.1007,423.0,0.71,0.8589,0.9166
17880,2022-05-27,2235,"Haliburton, Kawartha, Pine Ridge District Health Unit",0.0615,137.0,0.73,0.8054,0.9153
17881,2022-05-27,2241,"Kingston, Frontenac and Lennox and Addington Health Unit",0.0854,216.0,1.01,0.9023,0.9434
17882,2022-05-27,2246,Niagara Regional Area Health Unit,0.1051,269.0,0.57,0.6719,0.8113
17883,2022-05-27,2260,Simcoe Muskoka District Health Unit,0.0788,419.0,0.7,0.8162,0.9137
17884,2022-05-27,2263,Timiskaming Health Unit,0.024,24.0,0.73,0.5569,0.9222
17885,2022-05-27,2270,York Regional Health Unit,0.0898,808.0,0.66,0.7229,0.8637
17886,2022-05-26,2270,York Regional Health Unit,0.0878,825.0,0.67,0.7518,0.8772
17887,2022-05-26,2266,Wellington-Dufferin-Guelph Health Unit,0.0751,171.0,0.55,0.7632,0.8947
17888,2022-05-26,2265,Waterloo Health Unit,0.0719,250.0,0.43,0.5625,0.849
17889,2022-05-26,2263,Timiskaming Health Unit,0.0368,23.0,0.71,0.6164,0.9182
17890,2022-05-26,2261,Sudbury and District Health Unit,0.0573,214.0,1.08,0.897,0.9641
17891,2022-05-26,4913,Southwestern Public Health,0.056,166.0,0.78,0.7793,0.9477
17892,2022-05-26,2260,Simcoe Muskoka District Health Unit,0.0782,414.0,0.69,0.829,0.9266
17893,2022-05-26,2257,Renfrew County and District Health Unit,0.0332,65.0,0.59,0.6121,0.9093
17894,2022-05-26,2256,Porcupine Health Unit,0.0744,108.0,1.29,0.8723,0.9199
17895,2022-05-26,2255,Peterborough County-City Health Unit,0.1149,83.0,0.56,0.8523,0.9304
17896,2022-05-26,2253,Peel Regional Health Unit,0.0745,909.0,0.57,0.7911,0.8929
17897,2022-05-26,2249,Northwestern Health Unit,0.1047,98.0,1.12,0.6367,0.7431
17898,2022-05-26,2247,North Bay Parry Sound District Health Unit,0.1027,113.0,0.87,0.9323,0.9681
17899,2022-05-26,2246,Niagara Regional Area Health Unit,0.1048,273.0,0.58,0.6532,0.8239
17900,2022-05-26,2243,"Leeds, Grenville and Lanark District Health Unit",0.0817,115.0,0.67,0.8312,0.9015
17901,2022-05-26,2242,Lambton Health Unit,0.0563,112.0,0.85,0.7722,0.9151
17902,2022-05-26,2241,"Kingston, Frontenac and Lennox and Addington Health Unit",0.087,217.0,1.02,0.9195,0.9572
17903,2022-05-26,2238,Hastings and Prince Edward Counties Health Unit,0.0466,193.0,1.15,0.9171,0.9697
17904,2022-05-26,2236,Halton Regional Health Unit,0.1014,276.0,0.45,0.7039,0.8501
17905,2022-05-26,2235,"Haliburton, Kawartha, Pine Ridge District Health Unit",0.0783,137.0,0.72,0.8079,0.9181
17906,2022-05-26,2234,Haldimand-Norfolk Health Unit,0.0855,60.0,0.53,0.8296,0.9343
17907,2022-05-26,2233,Grey Bruce Health Unit,0.0583,113.0,0.66,0.7866,0.9476
17908,2022-05-26,2258,Eastern Ontario Health Unit,0.0687,156.0,0.75,0.7762,0.9262
17909,2022-05-26,2230,Durham Regional Health Unit,0.0737,533.0,0.75,0.7182,0.8914
17910,2022-05-26,3895,City of Toronto Health Unit,0.0797,2393.0,0.77,0.8184,0.9155
17911,2022-05-26,2251,City of Ottawa Health Unit,0.0811,419.0,0.4,0.7935,0.8998
17912,2022-05-26,2237,City of Hamilton Health Unit,0.0964,433.0,0.73,0.8754,0.9374
17913,2022-05-26,2227,Brant County Health Unit,0.1054,77.0,0.5,0.8158,0.884
17914,2022-05-26,2240,Chatham-Kent Health Unit,0.0845,90.0,0.84,0.7345,0.9286
17915,2022-05-26,2226,District of Algoma Health Unit,0.0864,86.0,0.75,0.8317,0.9239
17916,2022-05-26,5183,Huron Perth Health Unit,0.0548,107.0,0.76,0.7941,0.9327
17917,2022-05-26,2244,Middlesex-London Health Unit,0.0721,432.0,0.85,0.8637,0.9428
17918,2022-05-26,35,Ontario,0.0803,10322.0,0.7,0.7803,0.8996
17919,2022-05-26,2262,Thunder Bay District Health Unit,0.1227,206.0,1.37,0.565,0.7342
17920,2022-05-26,2268,Windsor-Essex County Health Unit,0.0763,360.0,0.85,0.5567,0.8146
17921,2022-05-25,2270,York Regional Health Unit,0.0878,835.0,0.68,0.744,0.8647
17922,2022-05-25,2268,Windsor-Essex County Health Unit,0.079,351.0,0.83,0.5582,0.8164
17923,2022-05-25,2265,Waterloo Health Unit,0.0726,264.0,0.45,0.5805,0.8374
17924,2022-05-25,2263,Timiskaming Health Unit,0.0343,25.0,0.76,0.642,0.9148
17925,2022-05-25,2262,Thunder Bay District Health Unit,0.1242,213.0,1.42,0.627,0.7406
17926,2022-05-25,2261,Sudbury and District Health Unit,0.0585,217.0,1.09,0.8497,0.9619
17927,2022-05-25,4913,Southwestern Public Health,0.0624,163.0,0.77,0.7613,0.9346
17928,2022-05-25,2260,Simcoe Muskoka District Health Unit,0.0725,418.0,0.7,0.8184,0.9186
17929,2022-05-25,2257,Renfrew County and District Health Unit,0.0344,62.0,0.57,0.6115,0.8825
17930,2022-05-25,2255,Peterborough County-City Health Unit,0.0982,86.0,0.58,0.8686,0.928
17931,2022-05-25,2253,Peel Regional Health Unit,0.0729,927.0,0.58,0.7804,0.8783
17932,2022-05-25,35,Ontario,0.0801,10576.0,0.71,0.7757,0.8908
17933,2022-05-25,2247,North Bay Parry Sound District Health Unit,0.1024,114.0,0.88,0.916,0.9601
17934,2022-05-25,2246,Niagara Regional Area Health Unit,0.1042,280.0,0.59,0.6208,0.7959
17935,2022-05-25,2244,Middlesex-London Health Unit,0.077,423.0,0.83,0.848,0.9313
17936,2022-05-25,2242,Lambton Health Unit,0.0692,109.0,0.84,0.7566,0.9013
17937,2022-05-25,2241,"Kingston, Frontenac and Lennox and Addington Health Unit",0.0775,227.0,1.07,0.9147,0.9486
17938,2022-05-25,5183,Huron Perth Health Unit,0.0549,104.0,0.75,0.7732,0.9244
17939,2022-05-25,2238,Hastings and Prince Edward Counties Health Unit,0.05,189.0,1.12,0.9269,0.9658
17940,2022-05-25,2236,Halton Regional Health Unit,0.1041,277.0,0.45,0.6813,0.8215
17941,2022-05-25,2235,"Haliburton, Kawartha, Pine Ridge District Health Unit",0.0799,134.0,0.71,0.8272,0.909
17942,2022-05-25,2234,Haldimand-Norfolk Health Unit,0.0867,71.0,0.62,0.833,0.9253
17943,2022-05-25,2258,Eastern Ontario Health Unit,0.0751,162.0,0.77,0.7638,0.916
17944,2022-05-25,2230,Durham Regional Health Unit,0.0785,546.0,0.77,0.7269,0.8898
17945,2022-05-25,2226,District of Algoma Health Unit,0.0893,90.0,0.78,0.8109,0.9163
17946,2022-05-25,2251,City of Ottawa Health Unit,0.0792,445.0,0.42,0.7854,0.8872
17947,2022-05-25,2237,City of Hamilton Health Unit,0.0997,460.0,0.78,0.8634,0.9263
17948,2022-05-25,2240,Chatham-Kent Health Unit,0.0853,90.0,0.85,0.7353,0.9383
17949,2022-05-25,2227,Brant County Health Unit,0.1055,80.0,0.51,0.7784,0.8746
17950,2022-05-25,3895,City of Toronto Health Unit,0.0773,2504.0,0.8,0.8165,0.9073
17951,2022-05-25,2233,Grey Bruce Health Unit,0.0463,117.0,0.69,0.7855,0.9455
17952,2022-05-25,2243,"Leeds, Grenville and Lanark District Health Unit",0.0888,114.0,0.66,0.816,0.8842
17953,2022-05-25,2249,Northwestern Health Unit,0.103,92.0,1.04,0.6326,0.73
17954,2022-05-25,2256,Porcupine Health Unit,0.0787,113.0,1.35,0.8581,0.9242
17955,2022-05-25,2266,Wellington-Dufferin-Guelph Health Unit,0.0695,177.0,0.57,0.7642,0.8833
17956,2022-05-24,2270,York Regional Health Unit,0.0922,835.0,0.68,0.7314,0.8654
17957,2022-05-24,2268,Windsor-Essex County Health Unit,0.0769,351.0,0.83,0.5474,0.7941
17958,2022-05-24,2266,Wellington-Dufferin-Guelph Health Unit,0.0713,170.0,0.55,0.7389,0.8826
17959,2022-05-24,2265,Waterloo Health Unit,0.0765,273.0,0.47,0.5995,0.8374
17960,2022-05-24,2263,Timiskaming Health Unit,0.0286,25.0,0.76,0.6842,0.8947
17961,2022-05-24,2262,Thunder Bay District Health Unit,0.1272,229.0,1.53,0.6593,0.7914
17962,2022-05-24,2261,Sudbury and District Health Unit,0.0589,238.0,1.2,0.8383,0.9578
17963,2022-05-24,2260,Simcoe Muskoka District Health Unit,0.0754,425.0,0.71,0.7956,0.9135
17964,2022-05-24,2257,Renfrew County and District Health Unit,0.0451,60.0,0.55,0.5479,0.8842
17965,2022-05-24,2256,Porcupine Health Unit,0.0964,99.0,1.19,0.8942,0.9696
17966,2022-05-24,2253,Peel Regional Health Unit,0.0755,957.0,0.6,0.7655,0.8749
17967,2022-05-24,35,Ontario,0.0836,10610.0,0.72,0.7592,0.8897
17968,2022-05-24,2249,Northwestern Health Unit,0.1043,86.0,0.98,0.6877,0.7996
17969,2022-05-24,2247,North Bay Parry Sound District Health Unit,0.0989,100.0,0.77,0.9001,0.9601
17970,2022-05-24,2246,Niagara Regional Area Health Unit,0.1017,287.0,0.61,0.5924,0.8015
17971,2022-05-24,2244,Middlesex-London Health Unit,0.0734,395.0,0.78,0.8451,0.9305
17972,2022-05-24,2243,"Leeds, Grenville and Lanark District Health Unit",0.0994,111.0,0.64,0.7823,0.8737
17973,2022-05-24,2242,Lambton Health Unit,0.0774,105.0,0.8,0.7605,0.9058
17974,2022-05-24,2241,"Kingston, Frontenac and Lennox and Addington Health Unit",0.0878,223.0,1.05,0.9033,0.9434
17975,2022-05-24,5183,Huron Perth Health Unit,0.0665,103.0,0.74,0.7854,0.9272
17976,2022-05-24,2238,Hastings and Prince Edward Counties Health Unit,0.0657,185.0,1.1,0.9207,0.962
17977,2022-05-24,2235,"Haliburton, Kawartha, Pine Ridge District Health Unit",0.0748,139.0,0.74,0.7964,0.9101
17978,2022-05-24,2234,Haldimand-Norfolk Health Unit,0.0857,72.0,0.63,0.809,0.9171
17979,2022-05-24,2233,Grey Bruce Health Unit,0.0473,121.0,0.71,0.6921,0.9405
17980,2022-05-24,2230,Durham Regional Health Unit,0.0798,544.0,0.76,0.6802,0.8821
17981,2022-05-24,2226,District of Algoma Health Unit,0.0841,90.0,0.79,0.8411,0.9272
17982,2022-05-24,3895,City of Toronto Health Unit,0.0827,2500.0,0.8,0.7881,0.9031
17983,2022-05-24,2237,City of Hamilton Health Unit,0.1079,466.0,0.79,0.8558,0.9265
17984,2022-05-24,2240,Chatham-Kent Health Unit,0.0908,94.0,0.89,0.7172,0.9337
17985,2022-05-24,2227,Brant County Health Unit,0.0987,80.0,0.51,0.7727,0.8616
17986,2022-05-24,2251,City of Ottawa Health Unit,0.0809,452.0,0.43,0.7754,0.8924
17987,2022-05-24,2258,Eastern Ontario Health Unit,0.0857,158.0,0.76,0.7628,0.9158
17988,2022-05-24,2236,Halton Regional Health Unit,0.1046,279.0,0.45,0.6541,0.8055
17989,2022-05-24,2255,Peterborough County-City Health Unit,0.0782,100.0,0.68,0.8661,0.9324
17990,2022-05-24,4913,Southwestern Public Health,0.0664,157.0,0.74,0.7748,0.9364
17991,2022-05-23,2270,York Regional Health Unit,0.0968,852.0,0.69,0.7563,0.8672
17992,2022-05-23,2268,Windsor-Essex County Health Unit,0.0845,348.0,0.82,0.5767,0.8124
17993,2022-05-23,2266,Wellington-Dufferin-Guelph Health Unit,0.0771,167.0,0.53,0.7609,0.8865
17994,2022-05-23,2265,Waterloo Health Unit,0.0844,277.0,0.47,0.681,0.8598
17995,2022-05-23,2262,Thunder Bay District Health Unit,0.1242,216.0,1.44,0.699,0.8206
17996,2022-05-23,2261,Sudbury and District Health Unit,0.0562,252.0,1.26,0.8544,0.9611
17997,2022-05-23,4913,Southwestern Public Health,0.0763,159.0,0.75,0.8049,0.9441
17998,2022-05-23,2257,Renfrew County and District Health Unit,0.0491,58.0,0.54,0.6061,0.9026
17999,2022-05-23,2256,Porcupine Health Unit,0.0966,102.0,1.22,0.9023,0.9674
18000,2022-05-23,2255,Peterborough County-City Health Unit,0.0674,108.0,0.73,0.8705,0.9334
18001,2022-05-23,35,Ontario,0.0863,10671.0,0.72,0.7838,0.8967
18002,2022-05-23,2249,Northwestern Health Unit,0.1187,85.0,0.97,0.7014,0.8089
18003,2022-05-23,2247,North Bay Parry Sound District Health Unit,0.0991,92.0,0.71,0.895,0.9586
18004,2022-05-23,2246,Niagara Regional Area Health Unit,0.0968,298.0,0.63,0.6302,0.8066
18005,2022-05-23,2244,Middlesex-London Health Unit,0.0731,409.0,0.81,0.863,0.9323
18006,2022-05-23,2243,"Leeds, Grenville and Lanark District Health Unit",0.0996,103.0,0.6,0.8189,0.9069
18007,2022-05-23,2242,Lambton Health Unit,0.0755,110.0,0.84,0.7836,0.9112
18008,2022-05-23,5183,Huron Perth Health Unit,0.0634,113.0,0.81,0.8155,0.9465
18009,2022-05-23,2238,Hastings and Prince Edward Counties Health Unit,0.0655,185.0,1.1,0.9303,0.9651
18010,2022-05-23,2236,Halton Regional Health Unit,0.1054,276.0,0.45,0.6681,0.798
18011,2022-05-23,2234,Haldimand-Norfolk Health Unit,0.0991,76.0,0.67,0.8386,0.9275
18012,2022-05-23,2233,Grey Bruce Health Unit,0.0527,119.0,0.7,0.7269,0.9458
18013,2022-05-23,2258,Eastern Ontario Health Unit,0.0845,156.0,0.75,0.7862,0.9264
18014,2022-05-23,2226,District of Algoma Health Unit,0.0872,90.0,0.79,0.8499,0.9227
18015,2022-05-23,3895,City of Toronto Health Unit,0.0866,2474.0,0.79,0.8113,0.9101
18016,2022-05-23,2251,City of Ottawa Health Unit,0.0862,464.0,0.44,0.789,0.8877
18017,2022-05-23,2237,City of Hamilton Health Unit,0.106,500.0,0.84,0.869,0.9266
18018,2022-05-23,2240,Chatham-Kent Health Unit,0.0878,96.0,0.9,0.7327,0.9375
18019,2022-05-23,2227,Brant County Health Unit,0.0862,88.0,0.57,0.7714,0.8554
18020,2022-05-23,2230,Durham Regional Health Unit,0.0807,533.0,0.75,0.7083,0.8862
18021,2022-05-23,2235,"Haliburton, Kawartha, Pine Ridge District Health Unit",0.0779,134.0,0.71,0.8086,0.9136
18022,2022-05-23,2241,"Kingston, Frontenac and Lennox and Addington Health Unit",0.0999,210.0,0.99,0.9244,0.9543
18023,2022-05-23,2253,Peel Regional Health Unit,0.0797,968.0,0.6,0.7878,0.8847
18024,2022-05-23,2260,Simcoe Muskoka District Health Unit,0.0764,426.0,0.71,0.8195,0.9204
18025,2022-05-23,2263,Timiskaming Health Unit,0.0261,22.0,0.67,0.8067,0.9533
18026,2022-05-22,2270,York Regional Health Unit,0.098,923.0,0.75,0.7572,0.8703
18027,2022-05-22,2266,Wellington-Dufferin-Guelph Health Unit,0.0869,182.0,0.58,0.7788,0.9034
18028,2022-05-22,2265,Waterloo Health Unit,0.0839,320.0,0.55,0.6941,0.877
18029,2022-05-22,2263,Timiskaming Health Unit,0.0301,24.0,0.73,0.8092,0.9539
18030,2022-05-22,2261,Sudbury and District Health Unit,0.0637,276.0,1.39,0.8558,0.9611
18031,2022-05-22,4913,Southwestern Public Health,0.0791,182.0,0.86,0.8005,0.9438
18032,2022-05-22,2260,Simcoe Muskoka District Health Unit,0.0856,477.0,0.8,0.8198,0.9267
18033,2022-05-22,2256,Porcupine Health Unit,0.1072,121.0,1.45,0.8964,0.9643
18034,2022-05-22,2255,Peterborough County-City Health Unit,0.0865,119.0,0.8,0.886,0.9489
18035,2022-05-22,2253,Peel Regional Health Unit,0.0866,1046.0,0.65,0.7843,0.884
18036,2022-05-22,35,Ontario,0.0905,11881.0,0.8,0.7902,0.9044
18037,2022-05-22,2249,Northwestern Health Unit,0.1151,96.0,1.09,0.6897,0.8103
18038,2022-05-22,2247,North Bay Parry Sound District Health Unit,0.106,102.0,0.79,0.9038,0.9596
18039,2022-05-22,2246,Niagara Regional Area Health Unit,0.1098,329.0,0.7,0.6374,0.8185
18040,2022-05-22,2243,"Leeds, Grenville and Lanark District Health Unit",0.1119,115.0,0.66,0.8144,0.9066
18041,2022-05-22,2242,Lambton Health Unit,0.0705,126.0,0.96,0.7581,0.9244
18042,2022-05-22,2241,"Kingston, Frontenac and Lennox and Addington Health Unit",0.1091,242.0,1.14,0.9358,0.9662
18043,2022-05-22,2238,Hastings and Prince Edward Counties Health Unit,0.065,209.0,1.24,0.938,0.967
18044,2022-05-22,2236,Halton Regional Health Unit,0.1141,305.0,0.49,0.6981,0.833
18045,2022-05-22,2235,"Haliburton, Kawartha, Pine Ridge District Health Unit",0.0882,154.0,0.81,0.8179,0.9259
18046,2022-05-22,2233,Grey Bruce Health Unit,0.052,146.0,0.86,0.7341,0.9511
18047,2022-05-22,2258,Eastern Ontario Health Unit,0.0764,181.0,0.87,0.778,0.9273
18048,2022-05-22,2230,Durham Regional Health Unit,0.0902,605.0,0.85,0.7194,0.8944
18049,2022-05-22,2226,District of Algoma Health Unit,0.0949,104.0,0.91,0.8602,0.9308
18050,2022-05-22,3895,City of Toronto Health Unit,0.0875,2757.0,0.88,0.8219,0.92
18051,2022-05-22,2251,City of Ottawa Health Unit,0.0959,519.0,0.49,0.7912,0.8901
18052,2022-05-22,2237,City of Hamilton Health Unit,0.1104,569.0,0.96,0.8761,0.9357
18053,2022-05-22,2227,Brant County Health Unit,0.0828,91.0,0.59,0.7947,0.8833
18054,2022-05-22,2240,Chatham-Kent Health Unit,0.0871,105.0,0.99,0.7338,0.9405
18055,2022-05-22,2234,Haldimand-Norfolk Health Unit,0.1008,89.0,0.78,0.8408,0.9427
18056,2022-05-22,5183,Huron Perth Health Unit,0.0644,131.0,0.94,0.8072,0.9458
18057,2022-05-22,2244,Middlesex-London Health Unit,0.0739,435.0,0.86,0.8635,0.9402
18058,2022-05-22,2257,Renfrew County and District Health Unit,0.0483,68.0,0.63,0.5777,0.8625
18059,2022-05-22,2262,Thunder Bay District Health Unit,0.1242,255.0,1.7,0.7016,0.8332
18060,2022-05-22,2268,Windsor-Essex County Health Unit,0.0909,366.0,0.86,0.6106,0.8282
18061,2022-05-21,2270,York Regional Health Unit,0.1001,921.0,0.75,0.7633,0.8717
18062,2022-05-21,2268,Windsor-Essex County Health Unit,0.0879,370.0,0.87,0.5972,0.8164
18063,2022-05-21,2265,Waterloo Health Unit,0.0917,324.0,0.55,0.697,0.8707
18064,2022-05-21,2263,Timiskaming Health Unit,0.0368,23.0,0.71,0.8061,0.9515
18065,2022-05-21,2262,Thunder Bay District Health Unit,0.1188,260.0,1.73,0.6708,0.8805
18066,2022-05-21,4913,Southwestern Public Health,0.0767,179.0,0.85,0.8053,0.9397
18067,2022-05-21,2260,Simcoe Muskoka District Health Unit,0.086,480.0,0.8,0.8153,0.9219
18068,2022-05-21,2257,Renfrew County and District Health Unit,0.0589,68.0,0.62,0.5918,0.873
18069,2022-05-21,2256,Porcupine Health Unit,0.0918,126.0,1.51,0.8962,0.9658
18070,2022-05-21,2255,Peterborough County-City Health Unit,0.0811,125.0,0.84,0.8858,0.9406
18071,2022-05-21,2253,Peel Regional Health Unit,0.0896,1048.0,0.65,0.78,0.8844
18072,2022-05-21,35,Ontario,0.0918,11987.0,0.81,0.785,0.9027
18073,2022-05-21,2247,North Bay Parry Sound District Health Unit,0.1084,105.0,0.81,0.9033,0.9641
18074,2022-05-21,2246,Niagara Regional Area Health Unit,0.11,340.0,0.72,0.6278,0.8141
18075,2022-05-21,2244,Middlesex-London Health Unit,0.0704,424.0,0.84,0.8596,0.9391
18076,2022-05-21,2242,Lambton Health Unit,0.075,128.0,0.97,0.7332,0.907
18077,2022-05-21,2241,"Kingston, Frontenac and Lennox and Addington Health Unit",0.1143,259.0,1.22,0.936,0.9655
18078,2022-05-21,5183,Huron Perth Health Unit,0.065,132.0,0.94,0.7904,0.9436
18079,2022-05-21,2236,Halton Regional Health Unit,0.117,309.0,0.5,0.6914,0.8213
18080,2022-05-21,2235,"Haliburton, Kawartha, Pine Ridge District Health Unit",0.0874,157.0,0.83,0.8182,0.9255
18081,2022-05-21,2234,Haldimand-Norfolk Health Unit,0.1006,89.0,0.78,0.8153,0.9405
18082,2022-05-21,2233,Grey Bruce Health Unit,0.0529,146.0,0.86,0.749,0.9494
18083,2022-05-21,2258,Eastern Ontario Health Unit,0.0807,179.0,0.86,0.7717,0.9297
18084,2022-05-21,2230,Durham Regional Health Unit,0.0916,605.0,0.85,0.7176,0.8904
18085,2022-05-21,2226,District of Algoma Health Unit,0.0931,106.0,0.92,0.8472,0.9171
18086,2022-05-21,2251,City of Ottawa Health Unit,0.0966,519.0,0.49,0.7883,0.8889
18087,2022-05-21,2237,City of Hamilton Health Unit,0.1139,582.0,0.98,0.8727,0.9333
18088,2022-05-21,2240,Chatham-Kent Health Unit,0.0787,105.0,0.99,0.7404,0.9275
18089,2022-05-21,2227,Brant County Health Unit,0.0849,96.0,0.62,0.7716,0.8707
18090,2022-05-21,3895,City of Toronto Health Unit,0.0882,2788.0,0.89,0.8192,0.9192
18091,2022-05-21,2238,Hastings and Prince Edward Counties Health Unit,0.068,210.0,1.25,0.935,0.9648
18092,2022-05-21,2243,"Leeds, Grenville and Lanark District Health Unit",0.1204,116.0,0.67,0.778,0.9091
18093,2022-05-21,2249,Northwestern Health Unit,0.1213,97.0,1.1,0.7141,0.8199
18094,2022-05-21,2261,Sudbury and District Health Unit,0.0653,278.0,1.4,0.8359,0.96
18095,2022-05-21,2266,Wellington-Dufferin-Guelph Health Unit,0.0885,182.0,0.58,0.7466,0.8914
18096,2022-05-20,2270,York Regional Health Unit,0.1033,942.0,0.77,0.7582,0.8705
18097,2022-05-20,2268,Windsor-Essex County Health Unit,0.092,373.0,0.88,0.6056,0.8414
18098,2022-05-20,2266,Wellington-Dufferin-Guelph Health Unit,0.0955,181.0,0.58,0.7543,0.8968
18099,2022-05-20,2263,Timiskaming Health Unit,0.0435,23.0,0.7,0.8228,0.9557
18100,2022-05-20,2262,Thunder Bay District Health Unit,0.1234,260.0,1.74,0.6817,0.9093
18101,2022-05-20,2261,Sudbury and District Health Unit,0.0665,275.0,1.38,0.8337,0.9656
18102,2022-05-20,4913,Southwestern Public Health,0.0858,178.0,0.84,0.809,0.9454
18103,2022-05-20,2260,Simcoe Muskoka District Health Unit,0.0879,491.0,0.82,0.8341,0.9338
18104,2022-05-20,2257,Renfrew County and District Health Unit,0.0549,70.0,0.65,0.5881,0.8776
18105,2022-05-20,2256,Porcupine Health Unit,0.0895,126.0,1.51,0.8537,0.9574
18106,2022-05-20,2253,Peel Regional Health Unit,0.0919,1046.0,0.65,0.7753,0.8877
18107,2022-05-20,35,Ontario,0.0942,12132.0,0.82,0.7878,0.908
18108,2022-05-20,2249,Northwestern Health Unit,0.1324,97.0,1.11,0.7245,0.8607
18109,2022-05-20,2246,Niagara Regional Area Health Unit,0.1137,356.0,0.75,0.625,0.8194
18110,2022-05-20,2244,Middlesex-London Health Unit,0.0771,430.0,0.85,0.832,0.9411
18111,2022-05-20,2243,"Leeds, Grenville and Lanark District Health Unit",0.1166,116.0,0.67,0.7792,0.9064
18112,2022-05-20,2241,"Kingston, Frontenac and Lennox and Addington Health Unit",0.1201,268.0,1.26,0.943,0.971
18113,2022-05-20,5183,Huron Perth Health Unit,0.0612,133.0,0.95,0.7844,0.9433
18114,2022-05-20,2238,Hastings and Prince Edward Counties Health Unit,0.0718,219.0,1.3,0.935,0.9692
18115,2022-05-20,2236,Halton Regional Health Unit,0.1193,314.0,0.51,0.6896,0.8288
18116,2022-05-20,2235,"Haliburton, Kawartha, Pine Ridge District Health Unit",0.0897,164.0,0.87,0.8124,0.9241
18117,2022-05-20,2234,Haldimand-Norfolk Health Unit,0.096,89.0,0.78,0.8203,0.9485
18118,2022-05-20,2233,Grey Bruce Health Unit,0.0566,146.0,0.86,0.7098,0.9534
18119,2022-05-20,2230,Durham Regional Health Unit,0.0923,610.0,0.86,0.7364,0.8935
18120,2022-05-20,2226,District of Algoma Health Unit,0.1124,107.0,0.93,0.8527,0.9166
18121,2022-05-20,3895,City of Toronto Health Unit,0.0902,2806.0,0.9,0.8261,0.9224
18122,2022-05-20,2237,City of Hamilton Health Unit,0.1171,596.0,1.01,0.8753,0.9391
18123,2022-05-20,2240,Chatham-Kent Health Unit,0.0827,109.0,1.02,0.7385,0.9302
18124,2022-05-20,2227,Brant County Health Unit,0.0828,98.0,0.63,0.7764,0.8752
18125,2022-05-20,2251,City of Ottawa Health Unit,0.092,530.0,0.5,0.8034,0.8949
18126,2022-05-20,2258,Eastern Ontario Health Unit,0.0794,180.0,0.86,0.7762,0.9279
18127,2022-05-20,2242,Lambton Health Unit,0.0781,126.0,0.96,0.7253,0.9142
18128,2022-05-20,2247,North Bay Parry Sound District Health Unit,0.1124,102.0,0.78,0.915,0.9746
18129,2022-05-20,2255,Peterborough County-City Health Unit,0.0818,126.0,0.85,0.8861,0.9402
18130,2022-05-20,2265,Waterloo Health Unit,0.0952,330.0,0.56,0.719,0.8853
18131,2022-05-19,2268,Windsor-Essex County Health Unit,0.0943,385.0,0.91,0.6183,0.8796
18132,2022-05-19,2266,Wellington-Dufferin-Guelph Health Unit,0.1017,191.0,0.61,0.7542,0.8996
18133,2022-05-19,2265,Waterloo Health Unit,0.1041,344.0,0.59,0.7285,0.8958
18134,2022-05-19,2263,Timiskaming Health Unit,0.0368,23.0,0.71,0.7901,0.9568
18135,2022-05-19,2262,Thunder Bay District Health Unit,0.1191,285.0,1.9,0.7428,0.9488
18136,2022-05-19,2261,Sudbury and District Health Unit,0.0732,307.0,1.54,0.8405,0.9699
18137,2022-05-19,4913,Southwestern Public Health,0.0888,182.0,0.86,0.7703,0.9419
18138,2022-05-19,2257,Renfrew County and District Health Unit,0.0546,76.0,0.7,0.5971,0.877
18139,2022-05-19,2256,Porcupine Health Unit,0.1053,110.0,1.32,0.8599,0.9619
18140,2022-05-19,2255,Peterborough County-City Health Unit,0.0856,132.0,0.89,0.8861,0.9334
18141,2022-05-19,35,Ontario,0.0969,12550.0,0.85,0.7912,0.9123
18142,2022-05-19,2249,Northwestern Health Unit,0.1326,99.0,1.13,0.75,0.8975
18143,2022-05-19,2247,North Bay Parry Sound District Health Unit,0.0952,114.0,0.88,0.9179,0.9776
18144,2022-05-19,2244,Middlesex-London Health Unit,0.082,427.0,0.84,0.8265,0.9483
18145,2022-05-19,2243,"Leeds, Grenville and Lanark District Health Unit",0.12,121.0,0.7,0.7753,0.9209
18146,2022-05-19,2242,Lambton Health Unit,0.0831,129.0,0.98,0.7315,0.9109
18147,2022-05-19,2241,"Kingston, Frontenac and Lennox and Addington Health Unit",0.1251,275.0,1.29,0.9404,0.97
18148,2022-05-19,5183,Huron Perth Health Unit,0.0562,140.0,1.0,0.8094,0.9528
18149,2022-05-19,2238,Hastings and Prince Edward Counties Health Unit,0.0751,205.0,1.22,0.9391,0.9699
18150,2022-05-19,2236,Halton Regional Health Unit,0.1185,323.0,0.52,0.6774,0.8181
18151,2022-05-19,2234,Haldimand-Norfolk Health Unit,0.116,97.0,0.85,0.7887,0.9418
18152,2022-05-19,2233,Grey Bruce Health Unit,0.0598,143.0,0.84,0.7151,0.9544
18153,2022-05-19,2258,Eastern Ontario Health Unit,0.0782,172.0,0.82,0.795,0.9249
18154,2022-05-19,2226,District of Algoma Health Unit,0.1187,113.0,0.99,0.8393,0.9107
18155,2022-05-19,3895,City of Toronto Health Unit,0.0918,2889.0,0.93,0.8269,0.9233
18156,2022-05-19,2251,City of Ottawa Health Unit,0.0932,557.0,0.53,0.8167,0.9046
18157,2022-05-19,2240,Chatham-Kent Health Unit,0.1074,117.0,1.1,0.7831,0.9466
18158,2022-05-19,2227,Brant County Health Unit,0.077,102.0,0.66,0.7688,0.8669
18159,2022-05-19,2237,City of Hamilton Health Unit,0.1225,634.0,1.07,0.8828,0.9418
18160,2022-05-19,2230,Durham Regional Health Unit,0.0964,634.0,0.89,0.7317,0.8993
18161,2022-05-19,2235,"Haliburton, Kawartha, Pine Ridge District Health Unit",0.0813,165.0,0.87,0.8171,0.928
18162,2022-05-19,2246,Niagara Regional Area Health Unit,0.1145,374.0,0.79,0.6622,0.8273
18163,2022-05-19,2253,Peel Regional Health Unit,0.0931,1081.0,0.67,0.7767,0.8905
18164,2022-05-19,2260,Simcoe Muskoka District Health Unit,0.0921,521.0,0.87,0.8216,0.9299
18165,2022-05-19,2270,York Regional Health Unit,0.1062,963.0,0.79,0.7524,0.8681
18166,2022-05-18,2270,York Regional Health Unit,0.1081,971.0,0.79,0.7627,0.8785
18167,2022-05-18,2268,Windsor-Essex County Health Unit,0.0962,404.0,0.95,0.5933,0.8449
18168,2022-05-18,2266,Wellington-Dufferin-Guelph Health Unit,0.1137,193.0,0.62,0.7453,0.8938
18169,2022-05-18,2265,Waterloo Health Unit,0.1099,347.0,0.59,0.7299,0.9055
18170,2022-05-18,2263,Timiskaming Health Unit,0.039,22.0,0.67,0.74,0.94
18171,2022-05-18,2261,Sudbury and District Health Unit,0.0787,316.0,1.59,0.8646,0.9722
18172,2022-05-18,4913,Southwestern Public Health,0.089,193.0,0.91,0.7851,0.9491
18173,2022-05-18,2260,Simcoe Muskoka District Health Unit,0.1003,518.0,0.86,0.8283,0.9352
18174,2022-05-18,2256,Porcupine Health Unit,0.0993,109.0,1.31,0.8628,0.9479
18175,2022-05-18,2255,Peterborough County-City Health Unit,0.0891,135.0,0.91,0.8952,0.9428
18176,2022-05-18,2253,Peel Regional Health Unit,0.097,1093.0,0.68,0.7905,0.9073
18177,2022-05-18,2249,Northwestern Health Unit,0.1362,105.0,1.2,0.7554,0.9135
18178,2022-05-18,2247,North Bay Parry Sound District Health Unit,0.0949,117.0,0.9,0.9113,0.9721
18179,2022-05-18,2246,Niagara Regional Area Health Unit,0.1166,393.0,0.83,0.6795,0.8603
18180,2022-05-18,2244,Middlesex-London Health Unit,0.0804,451.0,0.89,0.8374,0.9579
18181,2022-05-18,2243,"Leeds, Grenville and Lanark District Health Unit",0.1176,134.0,0.77,0.7888,0.936
18182,2022-05-18,2242,Lambton Health Unit,0.0829,133.0,1.01,0.7335,0.9161
18183,2022-05-18,2241,"Kingston, Frontenac and Lennox and Addington Health Unit",0.1373,270.0,1.27,0.9455,0.9751
18184,2022-05-18,2238,Hastings and Prince Edward Counties Health Unit,0.0753,214.0,1.27,0.9429,0.9753
18185,2022-05-18,2236,Halton Regional Health Unit,0.1218,337.0,0.54,0.6986,0.8437
18186,2022-05-18,2235,"Haliburton, Kawartha, Pine Ridge District Health Unit",0.0819,171.0,0.9,0.8156,0.9368
18187,2022-05-18,2233,Grey Bruce Health Unit,0.0714,150.0,0.88,0.6632,0.9583
18188,2022-05-18,2258,Eastern Ontario Health Unit,0.0807,170.0,0.81,0.8304,0.9292
18189,2022-05-18,2230,Durham Regional Health Unit,0.0982,627.0,0.88,0.7238,0.8965
18190,2022-05-18,3895,City of Toronto Health Unit,0.0953,2888.0,0.93,0.8308,0.9309
18191,2022-05-18,2251,City of Ottawa Health Unit,0.0967,554.0,0.53,0.8332,0.9184
18192,2022-05-18,2237,City of Hamilton Health Unit,0.1277,654.0,1.11,0.8878,0.952
18193,2022-05-18,2240,Chatham-Kent Health Unit,0.1159,139.0,1.31,0.7899,0.9425
18194,2022-05-18,2227,Brant County Health Unit,0.0856,105.0,0.68,0.8074,0.8762
18195,2022-05-18,2226,District of Algoma Health Unit,0.1287,111.0,0.97,0.8699,0.9242
18196,2022-05-18,2234,Haldimand-Norfolk Health Unit,0.1246,91.0,0.79,0.7628,0.9515
18197,2022-05-18,5183,Huron Perth Health Unit,0.0622,158.0,1.13,0.8457,0.9638
18198,2022-05-18,35,Ontario,0.1006,12764.0,0.86,0.7974,0.9205
18199,2022-05-18,2257,Renfrew County and District Health Unit,0.052,80.0,0.73,0.6111,0.8993
18200,2022-05-18,2262,Thunder Bay District Health Unit,0.1243,286.0,1.91,0.7526,0.965
18201,2022-05-17,2270,York Regional Health Unit,0.1141,966.0,0.79,0.7628,0.8824
18202,2022-05-17,2268,Windsor-Essex County Health Unit,0.0976,416.0,0.98,0.5971,0.866
18203,2022-05-17,2265,Waterloo Health Unit,0.115,349.0,0.6,0.7117,0.9143
18204,2022-05-17,2263,Timiskaming Health Unit,0.042,20.0,0.62,0.6821,0.948
18205,2022-05-17,2262,Thunder Bay District Health Unit,0.1329,284.0,1.89,0.7469,0.9672
18206,2022-05-17,4913,Southwestern Public Health,0.0862,205.0,0.97,0.7725,0.9483
18207,2022-05-17,2260,Simcoe Muskoka District Health Unit,0.1069,514.0,0.86,0.8452,0.9403
18208,2022-05-17,2257,Renfrew County and District Health Unit,0.061,82.0,0.75,0.654,0.8931
18209,2022-05-17,2255,Peterborough County-City Health Unit,0.1056,135.0,0.91,0.9033,0.942
18210,2022-05-17,2253,Peel Regional Health Unit,0.0994,1091.0,0.68,0.8095,0.9161
18211,2022-05-17,35,Ontario,0.1038,12927.0,0.87,0.8086,0.9266
18212,2022-05-17,2249,Northwestern Health Unit,0.1421,109.0,1.24,0.7398,0.9101
18213,2022-05-17,2247,North Bay Parry Sound District Health Unit,0.0969,112.0,0.86,0.9248,0.9699
18214,2022-05-17,2246,Niagara Regional Area Health Unit,0.1181,391.0,0.83,0.696,0.8578
18215,2022-05-17,2244,Middlesex-London Health Unit,0.0831,464.0,0.92,0.8425,0.9625
18216,2022-05-17,2242,Lambton Health Unit,0.0804,133.0,1.02,0.735,0.9226
18217,2022-05-17,2241,"Kingston, Frontenac and Lennox and Addington Health Unit",0.1402,281.0,1.32,0.9522,0.9781
18218,2022-05-17,5183,Huron Perth Health Unit,0.0534,182.0,1.3,0.8419,0.9636
18219,2022-05-17,2236,Halton Regional Health Unit,0.1256,335.0,0.54,0.7213,0.862
18220,2022-05-17,2235,"Haliburton, Kawartha, Pine Ridge District Health Unit",0.0898,170.0,0.9,0.8195,0.939
18221,2022-05-17,2234,Haldimand-Norfolk Health Unit,0.1514,98.0,0.86,0.7624,0.9577
18222,2022-05-17,2233,Grey Bruce Health Unit,0.0842,151.0,0.89,0.7088,0.966
18223,2022-05-17,2258,Eastern Ontario Health Unit,0.0706,170.0,0.81,0.8298,0.9312
18224,2022-05-17,2230,Durham Regional Health Unit,0.1042,645.0,0.91,0.7518,0.9066
18225,2022-05-17,2226,District of Algoma Health Unit,0.1399,116.0,1.02,0.8693,0.926
18226,2022-05-17,3895,City of Toronto Health Unit,0.097,2891.0,0.93,0.8527,0.9378
18227,2022-05-17,2251,City of Ottawa Health Unit,0.0977,564.0,0.53,0.8448,0.922
18228,2022-05-17,2237,City of Hamilton Health Unit,0.1317,679.0,1.15,0.8873,0.9555
18229,2022-05-17,2240,Chatham-Kent Health Unit,0.1152,144.0,1.35,0.7806,0.9452
18230,2022-05-17,2227,Brant County Health Unit,0.0957,107.0,0.69,0.7942,0.8861
18231,2022-05-17,2238,Hastings and Prince Edward Counties Health Unit,0.0689,224.0,1.33,0.9477,0.9779
18232,2022-05-17,2243,"Leeds, Grenville and Lanark District Health Unit",0.1102,141.0,0.82,0.8151,0.9447
18233,2022-05-17,2256,Porcupine Health Unit,0.0897,115.0,1.37,0.8312,0.9528
18234,2022-05-17,2261,Sudbury and District Health Unit,0.0836,316.0,1.59,0.8771,0.9794
18235,2022-05-17,2266,Wellington-Dufferin-Guelph Health Unit,0.1227,198.0,0.63,0.7542,0.8995
18236,2022-05-16,2270,York Regional Health Unit,0.1188,949.0,0.77,0.7652,0.8892
18237,2022-05-16,2268,Windsor-Essex County Health Unit,0.1021,418.0,0.98,0.5839,0.8586
18238,2022-05-16,2266,Wellington-Dufferin-Guelph Health Unit,0.1222,195.0,0.63,0.7526,0.9018
18239,2022-05-16,2263,Timiskaming Health Unit,0.0701,22.0,0.69,0.6776,0.9235
18240,2022-05-16,2262,Thunder Bay District Health Unit,0.1324,284.0,1.89,0.7141,0.9624
18241,2022-05-16,2261,Sudbury and District Health Unit,0.0834,329.0,1.65,0.8776,0.9768
18242,2022-05-16,2260,Simcoe Muskoka District Health Unit,0.1145,523.0,0.87,0.8499,0.9429
18243,2022-05-16,2257,Renfrew County and District Health Unit,0.065,86.0,0.79,0.6625,0.8875
18244,2022-05-16,2256,Porcupine Health Unit,0.0988,117.0,1.4,0.7625,0.8935
18245,2022-05-16,2255,Peterborough County-City Health Unit,0.115,130.0,0.88,0.8236,0.8619
18246,2022-05-16,2253,Peel Regional Health Unit,0.1051,1105.0,0.69,0.8146,0.9219
18247,2022-05-16,35,Ontario,0.1072,13054.0,0.88,0.811,0.9308
18248,2022-05-16,2249,Northwestern Health Unit,0.1416,110.0,1.25,0.7445,0.911
18249,2022-05-16,2246,Niagara Regional Area Health Unit,0.1218,406.0,0.86,0.7215,0.8748
18250,2022-05-16,2244,Middlesex-London Health Unit,0.0846,456.0,0.9,0.8456,0.9678
18251,2022-05-16,2243,"Leeds, Grenville and Lanark District Health Unit",0.111,154.0,0.89,0.8159,0.951
18252,2022-05-16,2241,"Kingston, Frontenac and Lennox and Addington Health Unit",0.138,300.0,1.41,0.9513,0.9772
18253,2022-05-16,5183,Huron Perth Health Unit,0.0607,174.0,1.25,0.8504,0.962
18254,2022-05-16,2238,Hastings and Prince Edward Counties Health Unit,0.0745,234.0,1.39,0.9511,0.9809
18255,2022-05-16,2235,"Haliburton, Kawartha, Pine Ridge District Health Unit",0.0878,176.0,0.93,0.793,0.944
18256,2022-05-16,2234,Haldimand-Norfolk Health Unit,0.1501,101.0,0.88,0.7573,0.9588
18257,2022-05-16,2233,Grey Bruce Health Unit,0.0874,155.0,0.91,0.6972,0.968
18258,2022-05-16,2258,Eastern Ontario Health Unit,0.0788,167.0,0.8,0.8203,0.9293
18259,2022-05-16,2230,Durham Regional Health Unit,0.1094,653.0,0.92,0.762,0.918
18260,2022-05-16,2226,District of Algoma Health Unit,0.1401,120.0,1.05,0.8773,0.9337
18261,2022-05-16,3895,City of Toronto Health Unit,0.0972,2925.0,0.94,0.8622,0.9475
18262,2022-05-16,2237,City of Hamilton Health Unit,0.1396,668.0,1.13,0.8952,0.9632
18263,2022-05-16,2240,Chatham-Kent Health Unit,0.1354,145.0,1.36,0.7869,0.9457
18264,2022-05-16,2227,Brant County Health Unit,0.1108,104.0,0.67,0.8065,0.8941
18265,2022-05-16,2251,City of Ottawa Health Unit,0.102,577.0,0.55,0.8518,0.9299
18266,2022-05-16,2236,Halton Regional Health Unit,0.1274,334.0,0.54,0.7244,0.8723
18267,2022-05-16,2242,Lambton Health Unit,0.093,132.0,1.01,0.7356,0.9284
18268,2022-05-16,2247,North Bay Parry Sound District Health Unit,0.1055,121.0,0.93,0.9331,0.9732
18269,2022-05-16,4913,Southwestern Public Health,0.0866,200.0,0.94,0.7749,0.9509
18270,2022-05-16,2265,Waterloo Health Unit,0.1124,360.0,0.62,0.6913,0.9112
18271,2022-05-15,2268,Windsor-Essex County Health Unit,0.1044,407.0,0.96,0.5781,0.8607
18272,2022-05-15,2266,Wellington-Dufferin-Guelph Health Unit,0.1261,189.0,0.61,0.7496,0.8964
18273,2022-05-15,2265,Waterloo Health Unit,0.1312,332.0,0.57,0.6658,0.8898
18274,2022-05-15,2262,Thunder Bay District Health Unit,0.1406,257.0,1.71,0.7098,0.9612
18275,2022-05-15,2261,Sudbury and District Health Unit,0.0784,321.0,1.61,0.8769,0.9783
18276,2022-05-15,4913,Southwestern Public Health,0.0902,196.0,0.93,0.7818,0.9629
18277,2022-05-15,2260,Simcoe Muskoka District Health Unit,0.1182,489.0,0.82,0.8604,0.9495
18278,2022-05-15,2257,Renfrew County and District Health Unit,0.0743,81.0,0.74,0.6921,0.9236
18279,2022-05-15,2256,Porcupine Health Unit,0.0997,105.0,1.25,0.7597,0.894
18280,2022-05-15,2255,Peterborough County-City Health Unit,0.121,126.0,0.85,0.8086,0.8494
18281,2022-05-15,35,Ontario,0.1111,12218.0,0.82,0.8156,0.9359
18282,2022-05-15,2249,Northwestern Health Unit,0.1432,107.0,1.22,0.7524,0.9166
18283,2022-05-15,2247,North Bay Parry Sound District Health Unit,0.107,108.0,0.83,0.9259,0.9704
18284,2022-05-15,2244,Middlesex-London Health Unit,0.0834,428.0,0.84,0.8495,0.9713
18285,2022-05-15,2243,"Leeds, Grenville and Lanark District Health Unit",0.1174,146.0,0.84,0.8114,0.9562
18286,2022-05-15,2242,Lambton Health Unit,0.11,127.0,0.97,0.7724,0.9262
18287,2022-05-15,5183,Huron Perth Health Unit,0.0602,176.0,1.26,0.8588,0.967
18288,2022-05-15,2238,Hastings and Prince Edward Counties Health Unit,0.0758,202.0,1.2,0.9538,0.9875
18289,2022-05-15,2236,Halton Regional Health Unit,0.1355,303.0,0.49,0.7305,0.8742
18290,2022-05-15,2235,"Haliburton, Kawartha, Pine Ridge District Health Unit",0.0783,172.0,0.91,0.7891,0.9505
18291,2022-05-15,2234,Haldimand-Norfolk Health Unit,0.1715,93.0,0.82,0.7634,0.9595
18292,2022-05-15,2233,Grey Bruce Health Unit,0.111,134.0,0.79,0.6865,0.9731
18293,2022-05-15,2258,Eastern Ontario Health Unit,0.0973,150.0,0.72,0.8369,0.9355
18294,2022-05-15,2226,District of Algoma Health Unit,0.1537,112.0,0.98,0.8793,0.931
18295,2022-05-15,3895,City of Toronto Health Unit,0.0993,2694.0,0.86,0.8666,0.9509
18296,2022-05-15,2251,City of Ottawa Health Unit,0.1048,555.0,0.53,0.8659,0.9397
18297,2022-05-15,2240,Chatham-Kent Health Unit,0.1417,145.0,1.37,0.7937,0.9533
18298,2022-05-15,2227,Brant County Health Unit,0.1191,101.0,0.65,0.7906,0.8819
18299,2022-05-15,2237,City of Hamilton Health Unit,0.1498,633.0,1.07,0.8986,0.9701
18300,2022-05-15,2230,Durham Regional Health Unit,0.1057,622.0,0.87,0.7645,0.9217
18301,2022-05-15,2241,"Kingston, Frontenac and Lennox and Addington Health Unit",0.1438,264.0,1.24,0.9556,0.9795
18302,2022-05-15,2246,Niagara Regional Area Health Unit,0.1204,397.0,0.84,0.7435,0.8972
18303,2022-05-15,2253,Peel Regional Health Unit,0.1085,1007.0,0.63,0.8327,0.938
18304,2022-05-15,2263,Timiskaming Health Unit,0.0678,25.0,0.77,0.6703,0.9176
18305,2022-05-15,2270,York Regional Health Unit,0.1233,897.0,0.73,0.7658,0.8949
18306,2022-05-14,2270,York Regional Health Unit,0.1225,868.0,0.71,0.7711,0.8924
18307,2022-05-14,2266,Wellington-Dufferin-Guelph Health Unit,0.1282,183.0,0.59,0.768,0.9011
18308,2022-05-14,2265,Waterloo Health Unit,0.1275,310.0,0.53,0.6697,0.8901
18309,2022-05-14,2263,Timiskaming Health Unit,0.0636,25.0,0.76,0.678,0.9209
18310,2022-05-14,2262,Thunder Bay District Health Unit,0.1439,259.0,1.73,0.7727,0.9639
18311,2022-05-14,2261,Sudbury and District Health Unit,0.0786,322.0,1.62,0.8728,0.9792
18312,2022-05-14,4913,Southwestern Public Health,0.0967,192.0,0.91,0.7846,0.965
18313,2022-05-14,2260,Simcoe Muskoka District Health Unit,0.1213,478.0,0.8,0.8481,0.9468
18314,2022-05-14,2256,Porcupine Health Unit,0.1154,99.0,1.19,0.7577,0.8936
18315,2022-05-14,2255,Peterborough County-City Health Unit,0.1226,125.0,0.84,0.81,0.8518
18316,2022-05-14,2253,Peel Regional Health Unit,0.1074,983.0,0.61,0.8433,0.942
18317,2022-05-14,2249,Northwestern Health Unit,0.1478,103.0,1.18,0.769,0.9254
18318,2022-05-14,2247,North Bay Parry Sound District Health Unit,0.105,103.0,0.8,0.9113,0.9682
18319,2022-05-14,2246,Niagara Regional Area Health Unit,0.1272,387.0,0.82,0.7383,0.8954
18320,2022-05-14,2243,"Leeds, Grenville and Lanark District Health Unit",0.1182,143.0,0.82,0.8402,0.9611
18321,2022-05-14,2242,Lambton Health Unit,0.1047,126.0,0.96,0.8138,0.9485
18322,2022-05-14,2241,"Kingston, Frontenac and Lennox and Addington Health Unit",0.1452,251.0,1.18,0.9519,0.9768
18323,2022-05-14,5183,Huron Perth Health Unit,0.0581,174.0,1.25,0.8664,0.9634
18324,2022-05-14,2238,Hastings and Prince Edward Counties Health Unit,0.0753,207.0,1.23,0.9565,0.9876
18325,2022-05-14,2236,Halton Regional Health Unit,0.1416,296.0,0.48,0.7383,0.8796
18326,2022-05-14,2235,"Haliburton, Kawartha, Pine Ridge District Health Unit",0.0777,173.0,0.91,0.7766,0.9424
18327,2022-05-14,2233,Grey Bruce Health Unit,0.1136,130.0,0.76,0.6748,0.9615
18328,2022-05-14,2258,Eastern Ontario Health Unit,0.0956,148.0,0.71,0.8221,0.937
18329,2022-05-14,2230,Durham Regional Health Unit,0.1053,608.0,0.85,0.7637,0.926
18330,2022-05-14,3895,City of Toronto Health Unit,0.1016,2599.0,0.83,0.8744,0.9514
18331,2022-05-14,2251,City of Ottawa Health Unit,0.1058,541.0,0.51,0.8813,0.9508
18332,2022-05-14,2237,City of Hamilton Health Unit,0.1507,622.0,1.05,0.8989,0.9716
18333,2022-05-14,2227,Brant County Health Unit,0.1204,93.0,0.6,0.7926,0.8731
18334,2022-05-14,2240,Chatham-Kent Health Unit,0.1401,143.0,1.34,0.8131,0.9602
18335,2022-05-14,2226,District of Algoma Health Unit,0.1527,110.0,0.96,0.8765,0.929
18336,2022-05-14,2234,Haldimand-Norfolk Health Unit,0.1781,91.0,0.8,0.7772,0.9505
18337,2022-05-14,2244,Middlesex-London Health Unit,0.0843,425.0,0.84,0.8573,0.9698
18338,2022-05-14,35,Ontario,0.1124,11887.0,0.8,0.8242,0.9374
18339,2022-05-14,2257,Renfrew County and District Health Unit,0.0731,74.0,0.68,0.7041,0.9286
18340,2022-05-14,2268,Windsor-Essex County Health Unit,0.1109,385.0,0.91,0.626,0.8579
18341,2022-05-13,2270,York Regional Health Unit,0.1212,859.0,0.7,0.7897,0.8978
18342,2022-05-13,2268,Windsor-Essex County Health Unit,0.1115,383.0,0.9,0.6399,0.8534
18343,2022-05-13,2266,Wellington-Dufferin-Guelph Health Unit,0.1272,180.0,0.58,0.768,0.8984
18344,2022-05-13,2265,Waterloo Health Unit,0.1341,304.0,0.52,0.6644,0.8888
18345,2022-05-13,2263,Timiskaming Health Unit,0.0541,26.0,0.81,0.6888,0.9184
18346,2022-05-13,2262,Thunder Bay District Health Unit,0.1463,252.0,1.68,0.7868,0.9699
18347,2022-05-13,4913,Southwestern Public Health,0.0949,194.0,0.92,0.7918,0.9665
18348,2022-05-13,2260,Simcoe Muskoka District Health Unit,0.1251,482.0,0.8,0.8474,0.9475
18349,2022-05-13,2257,Renfrew County and District Health Unit,0.088,75.0,0.69,0.7521,0.9316
18350,2022-05-13,2255,Peterborough County-City Health Unit,0.1201,128.0,0.87,0.815,0.8545
18351,2022-05-13,2253,Peel Regional Health Unit,0.1084,988.0,0.62,0.8594,0.9459
18352,2022-05-13,35,Ontario,0.1143,11863.0,0.8,0.8321,0.9391
18353,2022-05-13,2247,North Bay Parry Sound District Health Unit,0.1111,108.0,0.83,0.9027,0.9619
18354,2022-05-13,2246,Niagara Regional Area Health Unit,0.1288,386.0,0.82,0.7519,0.8927
18355,2022-05-13,2244,Middlesex-London Health Unit,0.0804,417.0,0.82,0.8863,0.9694
18356,2022-05-13,2243,"Leeds, Grenville and Lanark District Health Unit",0.1149,144.0,0.83,0.8393,0.9713
18357,2022-05-13,2242,Lambton Health Unit,0.106,129.0,0.99,0.8363,0.9546
18358,2022-05-13,2241,"Kingston, Frontenac and Lennox and Addington Health Unit",0.1459,257.0,1.21,0.9485,0.9756
18359,2022-05-13,5183,Huron Perth Health Unit,0.0602,178.0,1.27,0.8781,0.9675
18360,2022-05-13,2236,Halton Regional Health Unit,0.1485,293.0,0.47,0.7605,0.8862
18361,2022-05-13,2235,"Haliburton, Kawartha, Pine Ridge District Health Unit",0.0865,172.0,0.91,0.7682,0.945
18362,2022-05-13,2234,Haldimand-Norfolk Health Unit,0.1724,91.0,0.8,0.774,0.9376
18363,2022-05-13,2258,Eastern Ontario Health Unit,0.0948,152.0,0.73,0.825,0.9385
18364,2022-05-13,2230,Durham Regional Health Unit,0.1102,604.0,0.85,0.7634,0.9246
18365,2022-05-13,2226,District of Algoma Health Unit,0.1481,110.0,0.96,0.8538,0.9179
18366,2022-05-13,2251,City of Ottawa Health Unit,0.1124,546.0,0.52,0.8747,0.9512
18367,2022-05-13,2237,City of Hamilton Health Unit,0.152,630.0,1.06,0.9097,0.9756
18368,2022-05-13,2240,Chatham-Kent Health Unit,0.1405,147.0,1.39,0.8241,0.9581
18369,2022-05-13,2227,Brant County Health Unit,0.1353,94.0,0.61,0.7963,0.9039
18370,2022-05-13,3895,City of Toronto Health Unit,0.1037,2565.0,0.82,0.8804,0.9542
18371,2022-05-13,2233,Grey Bruce Health Unit,0.1062,125.0,0.74,0.725,0.9581
18372,2022-05-13,2238,Hastings and Prince Edward Counties Health Unit,0.0764,207.0,1.23,0.9614,0.9855
18373,2022-05-13,2249,Northwestern Health Unit,0.1435,101.0,1.15,0.773,0.9318
18374,2022-05-13,2256,Porcupine Health Unit,0.1169,99.0,1.19,0.7851,0.8946
18375,2022-05-13,2261,Sudbury and District Health Unit,0.0842,326.0,1.64,0.8574,0.9793
18376,2022-05-12,2270,York Regional Health Unit,0.1248,848.0,0.69,0.7834,0.9014
18377,2022-05-12,2268,Windsor-Essex County Health Unit,0.1156,367.0,0.86,0.6409,0.8619
18378,2022-05-12,2266,Wellington-Dufferin-Guelph Health Unit,0.129,177.0,0.57,0.7822,0.9108
18379,2022-05-12,2263,Timiskaming Health Unit,0.051,28.0,0.86,0.713,0.9259
18380,2022-05-12,2262,Thunder Bay District Health Unit,0.1588,241.0,1.61,0.7772,0.9777
18381,2022-05-12,2261,Sudbury and District Health Unit,0.0822,329.0,1.65,0.8176,0.971
18382,2022-05-12,2260,Simcoe Muskoka District Health Unit,0.1298,474.0,0.79,0.8444,0.9451
18383,2022-05-12,2257,Renfrew County and District Health Unit,0.0907,71.0,0.65,0.7369,0.9458
18384,2022-05-12,2256,Porcupine Health Unit,0.1061,102.0,1.23,0.7834,0.8951
18385,2022-05-12,2253,Peel Regional Health Unit,0.1152,953.0,0.59,0.8562,0.9484
18386,2022-05-12,35,Ontario,0.1181,11747.0,0.79,0.8205,0.929
18387,2022-05-12,2249,Northwestern Health Unit,0.1441,101.0,1.15,0.7711,0.9292
18388,2022-05-12,2247,North Bay Parry Sound District Health Unit,0.1266,99.0,0.77,0.8989,0.9551
18389,2022-05-12,2246,Niagara Regional Area Health Unit,0.133,397.0,0.84,0.7308,0.8946
18390,2022-05-12,2244,Middlesex-London Health Unit,0.0817,413.0,0.81,0.8967,0.9656
18391,2022-05-12,2243,"Leeds, Grenville and Lanark District Health Unit",0.118,140.0,0.81,0.849,0.9743
18392,2022-05-12,2241,"Kingston, Frontenac and Lennox and Addington Health Unit",0.1512,266.0,1.25,0.948,0.9769
18393,2022-05-12,5183,Huron Perth Health Unit,0.0669,177.0,1.27,0.8699,0.965
18394,2022-05-12,2238,Hastings and Prince Edward Counties Health Unit,0.0869,215.0,1.28,0.9443,0.9739
18395,2022-05-12,2235,"Haliburton, Kawartha, Pine Ridge District Health Unit",0.0931,170.0,0.9,0.6877,0.8591
18396,2022-05-12,2234,Haldimand-Norfolk Health Unit,0.1891,87.0,0.76,0.7415,0.8985
18397,2022-05-12,2233,Grey Bruce Health Unit,0.112,124.0,0.73,0.7236,0.9553
18398,2022-05-12,2230,Durham Regional Health Unit,0.1122,592.0,0.83,0.6422,0.7708
18399,2022-05-12,2226,District of Algoma Health Unit,0.1513,109.0,0.95,0.8722,0.9281
18400,2022-05-12,3895,City of Toronto Health Unit,0.108,2538.0,0.81,0.877,0.9513
18401,2022-05-12,2251,City of Ottawa Health Unit,0.1171,542.0,0.51,0.8785,0.9589
18402,2022-05-12,2237,City of Hamilton Health Unit,0.1545,626.0,1.06,0.9062,0.9758
18403,2022-05-12,2240,Chatham-Kent Health Unit,0.1339,144.0,1.35,0.8049,0.9401
18404,2022-05-12,2227,Brant County Health Unit,0.1469,100.0,0.65,0.8221,0.9202
18405,2022-05-12,2258,Eastern Ontario Health Unit,0.0991,166.0,0.79,0.8457,0.9569
18406,2022-05-12,2236,Halton Regional Health Unit,0.1495,288.0,0.46,0.7608,0.899
18407,2022-05-12,2242,Lambton Health Unit,0.1051,126.0,0.97,0.8417,0.9532
18408,2022-05-12,2255,Peterborough County-City Health Unit,0.1105,133.0,0.9,0.7981,0.8385
18409,2022-05-12,4913,Southwestern Public Health,0.091,199.0,0.94,0.8414,0.9678
18410,2022-05-12,2265,Waterloo Health Unit,0.1418,296.0,0.51,0.6751,0.8906
18411,2022-05-11,2268,Windsor-Essex County Health Unit,0.1131,366.0,0.86,0.6527,0.8616
18412,2022-05-11,2266,Wellington-Dufferin-Guelph Health Unit,0.1397,182.0,0.58,0.7937,0.9243
18413,2022-05-11,2265,Waterloo Health Unit,0.1338,303.0,0.52,0.666,0.8751
18414,2022-05-11,2262,Thunder Bay District Health Unit,0.1619,252.0,1.68,0.763,0.97
18415,2022-05-11,2261,Sudbury and District Health Unit,0.0817,343.0,1.72,0.7819,0.9649
18416,2022-05-11,4913,Southwestern Public Health,0.0993,196.0,0.93,0.8426,0.9615
18417,2022-05-11,2257,Renfrew County and District Health Unit,0.1067,68.0,0.63,0.7821,0.945
18418,2022-05-11,2256,Porcupine Health Unit,0.1027,99.0,1.18,0.7695,0.8967
18419,2022-05-11,2255,Peterborough County-City Health Unit,0.1171,134.0,0.91,0.7723,0.8191
18420,2022-05-11,2253,Peel Regional Health Unit,0.1211,928.0,0.58,0.8317,0.9308
18421,2022-05-11,35,Ontario,0.1209,11776.0,0.79,0.8089,0.9207
18422,2022-05-11,2249,Northwestern Health Unit,0.1496,100.0,1.14,0.7587,0.9142
18423,2022-05-11,2247,North Bay Parry Sound District Health Unit,0.1254,98.0,0.76,0.8089,0.9478
18424,2022-05-11,2244,Middlesex-London Health Unit,0.0872,382.0,0.75,0.8792,0.9528
18425,2022-05-11,2243,"Leeds, Grenville and Lanark District Health Unit",0.1247,131.0,0.75,0.8311,0.9609
18426,2022-05-11,2242,Lambton Health Unit,0.1087,124.0,0.94,0.842,0.9562
18427,2022-05-11,5183,Huron Perth Health Unit,0.0645,184.0,1.31,0.8577,0.9572
18428,2022-05-11,2238,Hastings and Prince Edward Counties Health Unit,0.0965,215.0,1.27,0.9181,0.9607
18429,2022-05-11,2236,Halton Regional Health Unit,0.1505,280.0,0.45,0.7262,0.8703
18430,2022-05-11,2234,Haldimand-Norfolk Health Unit,0.1858,91.0,0.8,0.7488,0.8661
18431,2022-05-11,2233,Grey Bruce Health Unit,0.1093,123.0,0.72,0.7741,0.9432
18432,2022-05-11,2258,Eastern Ontario Health Unit,0.1003,168.0,0.81,0.8358,0.9401
18433,2022-05-11,2230,Durham Regional Health Unit,0.1186,567.0,0.8,0.6247,0.7646
18434,2022-05-11,2226,District of Algoma Health Unit,0.1534,110.0,0.96,0.8481,0.9247
18435,2022-05-11,3895,City of Toronto Health Unit,0.1086,2571.0,0.82,0.8727,0.9495
18436,2022-05-11,2251,City of Ottawa Health Unit,0.1267,572.0,0.54,0.8704,0.9443
18437,2022-05-11,2240,Chatham-Kent Health Unit,0.1424,125.0,1.18,0.8038,0.9401
18438,2022-05-11,2227,Brant County Health Unit,0.138,109.0,0.7,0.81,0.9077
18439,2022-05-11,2237,City of Hamilton Health Unit,0.1577,628.0,1.06,0.9064,0.9681
18440,2022-05-11,2235,"Haliburton, Kawartha, Pine Ridge District Health Unit",0.0934,173.0,0.91,0.6553,0.8443
18441,2022-05-11,2241,"Kingston, Frontenac and Lennox and Addington Health Unit",0.1449,288.0,1.35,0.9445,0.9734
18442,2022-05-11,2260,Simcoe Muskoka District Health Unit,0.1272,478.0,0.8,0.8255,0.9319
18443,2022-05-11,2263,Timiskaming Health Unit,0.0509,31.0,0.94,0.7438,0.9409
18444,2022-05-11,2270,York Regional Health Unit,0.1305,866.0,0.71,0.752,0.8953
18445,2022-05-11,2246,Niagara Regional Area Health Unit,0.1378,390.0,0.82,0.7268,0.8695
18446,2022-05-10,2270,York Regional Health Unit,0.1294,866.0,0.71,0.7492,0.8857
18447,2022-05-10,2266,Wellington-Dufferin-Guelph Health Unit,0.1423,188.0,0.6,0.7951,0.9189
18448,2022-05-10,2265,Waterloo Health Unit,0.1272,312.0,0.53,0.693,0.8729
18449,2022-05-10,2263,Timiskaming Health Unit,0.0602,31.0,0.94,0.8141,0.9397
18450,2022-05-10,2261,Sudbury and District Health Unit,0.0851,346.0,1.74,0.787,0.9656
18451,2022-05-10,4913,Southwestern Public Health,0.1124,201.0,0.95,0.8077,0.9393
18452,2022-05-10,2260,Simcoe Muskoka District Health Unit,0.1349,484.0,0.81,0.8143,0.9248
18453,2022-05-10,2257,Renfrew County and District Health Unit,0.0975,75.0,0.69,0.7758,0.9597
18454,2022-05-10,2256,Porcupine Health Unit,0.1017,91.0,1.09,0.821,0.8864
18455,2022-05-10,2255,Peterborough County-City Health Unit,0.122,124.0,0.84,0.785,0.8306
18456,2022-05-10,2253,Peel Regional Health Unit,0.1224,942.0,0.59,0.8083,0.9241
18457,2022-05-10,2249,Northwestern Health Unit,0.1471,101.0,1.15,0.762,0.9042
18458,2022-05-10,2247,North Bay Parry Sound District Health Unit,0.1306,105.0,0.81,0.788,0.9482
18459,2022-05-10,2246,Niagara Regional Area Health Unit,0.1491,419.0,0.89,0.711,0.8678
18460,2022-05-10,2243,"Leeds, Grenville and Lanark District Health Unit",0.1247,131.0,0.75,0.8173,0.954
18461,2022-05-10,2242,Lambton Health Unit,0.1247,124.0,0.94,0.8538,0.9548
18462,2022-05-10,2241,"Kingston, Frontenac and Lennox and Addington Health Unit",0.1402,303.0,1.42,0.9382,0.9726
18463,2022-05-10,2238,Hastings and Prince Edward Counties Health Unit,0.1002,215.0,1.28,0.9033,0.9558
18464,2022-05-10,2236,Halton Regional Health Unit,0.1571,286.0,0.46,0.7146,0.8639
18465,2022-05-10,2235,"Haliburton, Kawartha, Pine Ridge District Health Unit",0.1009,173.0,0.91,0.6376,0.8421
18466,2022-05-10,2234,Haldimand-Norfolk Health Unit,0.1754,85.0,0.74,0.7517,0.8483
18467,2022-05-10,2233,Grey Bruce Health Unit,0.107,124.0,0.73,0.7778,0.9403
18468,2022-05-10,2258,Eastern Ontario Health Unit,0.1067,170.0,0.81,0.8265,0.9332
18469,2022-05-10,2230,Durham Regional Health Unit,0.12,540.0,0.76,0.5951,0.7534
18470,2022-05-10,3895,City of Toronto Health Unit,0.1133,2610.0,0.84,0.834,0.9205
18471,2022-05-10,2251,City of Ottawa Health Unit,0.1329,587.0,0.56,0.8616,0.938
18472,2022-05-10,2237,City of Hamilton Health Unit,0.154,633.0,1.07,0.9067,0.9654
18473,2022-05-10,2227,Brant County Health Unit,0.1408,112.0,0.72,0.8193,0.9096
18474,2022-05-10,2240,Chatham-Kent Health Unit,0.1469,122.0,1.14,0.8233,0.9395
18475,2022-05-10,2226,District of Algoma Health Unit,0.1549,107.0,0.93,0.8417,0.9163
18476,2022-05-10,5183,Huron Perth Health Unit,0.0901,182.0,1.3,0.8359,0.9577
18477,2022-05-10,2244,Middlesex-London Health Unit,0.0918,369.0,0.73,0.8647,0.9459
18478,2022-05-10,35,Ontario,0.1244,11883.0,0.8,0.7935,0.9102
18479,2022-05-10,2262,Thunder Bay District Health Unit,0.1605,258.0,1.72,0.7986,0.9682
18480,2022-05-10,2268,Windsor-Essex County Health Unit,0.1256,372.0,0.88,0.6071,0.8617
18481,2022-05-09,2270,York Regional Health Unit,0.1286,903.0,0.74,0.7476,0.8914
18482,2022-05-09,2268,Windsor-Essex County Health Unit,0.1311,375.0,0.88,0.5781,0.8228
18483,2022-05-09,2266,Wellington-Dufferin-Guelph Health Unit,0.1503,197.0,0.63,0.8007,0.9213
18484,2022-05-09,2265,Waterloo Health Unit,0.134,317.0,0.54,0.6808,0.8758
18485,2022-05-09,2263,Timiskaming Health Unit,0.0452,32.0,0.97,0.8266,0.9483
18486,2022-05-09,2262,Thunder Bay District Health Unit,0.164,288.0,1.92,0.8381,0.9752
18487,2022-05-09,2261,Sudbury and District Health Unit,0.0925,358.0,1.8,0.7847,0.9649
18488,2022-05-09,4913,Southwestern Public Health,0.1141,203.0,0.96,0.7707,0.8972
18489,2022-05-09,2260,Simcoe Muskoka District Health Unit,0.1328,483.0,0.81,0.8125,0.9261
18490,2022-05-09,2257,Renfrew County and District Health Unit,0.1083,78.0,0.72,0.7517,0.9517
18491,2022-05-09,2255,Peterborough County-City Health Unit,0.1156,146.0,0.99,0.8742,0.9156
18492,2022-05-09,2253,Peel Regional Health Unit,0.1237,934.0,0.58,0.7934,0.9215
18493,2022-05-09,35,Ontario,0.1274,12134.0,0.82,0.7905,0.9096
18494,2022-05-09,2247,North Bay Parry Sound District Health Unit,0.1185,122.0,0.94,0.8013,0.9532
18495,2022-05-09,2246,Niagara Regional Area Health Unit,0.1545,416.0,0.88,0.693,0.8672
18496,2022-05-09,2244,Middlesex-London Health Unit,0.0917,385.0,0.76,0.8724,0.9488
18497,2022-05-09,2242,Lambton Health Unit,0.1263,126.0,0.96,0.86,0.9595
18498,2022-05-09,2241,"Kingston, Frontenac and Lennox and Addington Health Unit",0.1548,318.0,1.5,0.9406,0.9744
18499,2022-05-09,5183,Huron Perth Health Unit,0.0888,195.0,1.39,0.8208,0.9498
18500,2022-05-09,2238,Hastings and Prince Edward Counties Health Unit,0.1062,210.0,1.25,0.9025,0.9578
18501,2022-05-09,2236,Halton Regional Health Unit,0.1568,296.0,0.48,0.7174,0.8662
18502,2022-05-09,2235,"Haliburton, Kawartha, Pine Ridge District Health Unit",0.1097,180.0,0.95,0.6655,0.8468
18503,2022-05-09,2234,Haldimand-Norfolk Health Unit,0.182,79.0,0.7,0.7642,0.8591
18504,2022-05-09,2258,Eastern Ontario Health Unit,0.1062,176.0,0.84,0.844,0.9416
18505,2022-05-09,2230,Durham Regional Health Unit,0.1221,543.0,0.76,0.6038,0.7608
18506,2022-05-09,2226,District of Algoma Health Unit,0.1675,110.0,0.96,0.8333,0.9142
18507,2022-05-09,2251,City of Ottawa Health Unit,0.1365,595.0,0.56,0.8635,0.9356
18508,2022-05-09,2237,City of Hamilton Health Unit,0.1571,659.0,1.11,0.9018,0.9624
18509,2022-05-09,2240,Chatham-Kent Health Unit,0.1508,123.0,1.16,0.8315,0.9438
18510,2022-05-09,2227,Brant County Health Unit,0.149,112.0,0.72,0.7948,0.8868
18511,2022-05-09,3895,City of Toronto Health Unit,0.1166,2639.0,0.85,0.8208,0.9145
18512,2022-05-09,2233,Grey Bruce Health Unit,0.1234,120.0,0.71,0.7876,0.9412
18513,2022-05-09,2243,"Leeds, Grenville and Lanark District Health Unit",0.1275,127.0,0.73,0.8191,0.9592
18514,2022-05-09,2249,Northwestern Health Unit,0.1415,102.0,1.16,0.7591,0.9039
18515,2022-05-09,2256,Porcupine Health Unit,0.1028,86.0,1.03,0.8852,0.9541
18516,2022-05-08,2270,York Regional Health Unit,0.1286,976.0,0.8,0.7605,0.8975
18517,2022-05-08,2268,Windsor-Essex County Health Unit,0.1317,411.0,0.97,0.5846,0.8293
18518,2022-05-08,2266,Wellington-Dufferin-Guelph Health Unit,0.1596,213.0,0.68,0.7892,0.9287
18519,2022-05-08,2265,Waterloo Health Unit,0.1261,355.0,0.61,0.6739,0.8761
18520,2022-05-08,2263,Timiskaming Health Unit,0.083,38.0,1.16,0.8266,0.952
18521,2022-05-08,2262,Thunder Bay District Health Unit,0.172,316.0,2.1,0.8436,0.9744
18522,2022-05-08,2261,Sudbury and District Health Unit,0.1005,381.0,1.91,0.7923,0.966
18523,2022-05-08,2260,Simcoe Muskoka District Health Unit,0.1354,534.0,0.89,0.8138,0.9272
18524,2022-05-08,2257,Renfrew County and District Health Unit,0.1095,81.0,0.74,0.6975,0.8871
18525,2022-05-08,2256,Porcupine Health Unit,0.1034,91.0,1.09,0.8873,0.9552
18526,2022-05-08,2253,Peel Regional Health Unit,0.1255,1010.0,0.63,0.7923,0.9211
18527,2022-05-08,35,Ontario,0.129,13318.0,0.9,0.7925,0.911
18528,2022-05-08,2249,Northwestern Health Unit,0.1354,112.0,1.28,0.7797,0.9119
18529,2022-05-08,2246,Niagara Regional Area Health Unit,0.1503,448.0,0.95,0.6987,0.8676
18530,2022-05-08,2244,Middlesex-London Health Unit,0.0991,435.0,0.86,0.8732,0.9481
18531,2022-05-08,2243,"Leeds, Grenville and Lanark District Health Unit",0.1238,150.0,0.87,0.823,0.9584
18532,2022-05-08,2242,Lambton Health Unit,0.1284,132.0,1.01,0.8449,0.9455
18533,2022-05-08,2241,"Kingston, Frontenac and Lennox and Addington Health Unit",0.1521,383.0,1.8,0.9415,0.9752
18534,2022-05-08,5183,Huron Perth Health Unit,0.1091,204.0,1.46,0.8132,0.9473
18535,2022-05-08,2238,Hastings and Prince Edward Counties Health Unit,0.1087,254.0,1.5,0.9085,0.9604
18536,2022-05-08,2235,"Haliburton, Kawartha, Pine Ridge District Health Unit",0.1231,193.0,1.02,0.6707,0.8468
18537,2022-05-08,2234,Haldimand-Norfolk Health Unit,0.162,87.0,0.77,0.7725,0.8652
18538,2022-05-08,2233,Grey Bruce Health Unit,0.1171,132.0,0.78,0.7905,0.9428
18539,2022-05-08,2230,Durham Regional Health Unit,0.1281,593.0,0.83,0.6048,0.7616
18540,2022-05-08,2226,District of Algoma Health Unit,0.1826,121.0,1.06,0.8444,0.9189
18541,2022-05-08,3895,City of Toronto Health Unit,0.1173,2866.0,0.92,0.8228,0.9182
18542,2022-05-08,2237,City of Hamilton Health Unit,0.1475,700.0,1.18,0.9031,0.9591
18543,2022-05-08,2240,Chatham-Kent Health Unit,0.1498,130.0,1.22,0.8286,0.9407
18544,2022-05-08,2227,Brant County Health Unit,0.1445,128.0,0.82,0.8125,0.8972
18545,2022-05-08,2251,City of Ottawa Health Unit,0.1383,656.0,0.62,0.8585,0.9359
18546,2022-05-08,2258,Eastern Ontario Health Unit,0.102,203.0,0.97,0.8521,0.9451
18547,2022-05-08,2236,Halton Regional Health Unit,0.1573,338.0,0.55,0.7129,0.8668
18548,2022-05-08,2247,North Bay Parry Sound District Health Unit,0.1328,142.0,1.09,0.817,0.9585
18549,2022-05-08,2255,Peterborough County-City Health Unit,0.1289,180.0,1.21,0.8797,0.9183
18550,2022-05-08,4913,Southwestern Public Health,0.1197,217.0,1.03,0.7755,0.8986
18551,2022-05-07,2270,York Regional Health Unit,0.1245,1036.0,0.85,0.7566,0.9011
18552,2022-05-07,2268,Windsor-Essex County Health Unit,0.1312,432.0,1.02,0.5891,0.8468
18553,2022-05-07,2266,Wellington-Dufferin-Guelph Health Unit,0.1683,220.0,0.7,0.7857,0.9296
18554,2022-05-07,2265,Waterloo Health Unit,0.1309,389.0,0.66,0.6568,0.8722
18555,2022-05-07,2262,Thunder Bay District Health Unit,0.1774,316.0,2.11,0.8591,0.97
18556,2022-05-07,2261,Sudbury and District Health Unit,0.1017,399.0,2.0,0.7899,0.9658
18557,2022-05-07,4913,Southwestern Public Health,0.1194,220.0,1.04,0.7712,0.9029
18558,2022-05-07,2257,Renfrew County and District Health Unit,0.1011,89.0,0.82,0.6963,0.883
18559,2022-05-07,2256,Porcupine Health Unit,0.0958,92.0,1.11,0.8798,0.9559
18560,2022-05-07,2255,Peterborough County-City Health Unit,0.1326,181.0,1.22,0.8676,0.9191
18561,2022-05-07,35,Ontario,0.1295,13878.0,0.94,0.7901,0.9139
18562,2022-05-07,2249,Northwestern Health Unit,0.1409,115.0,1.31,0.7883,0.9136
18563,2022-05-07,2247,North Bay Parry Sound District Health Unit,0.1379,144.0,1.11,0.7888,0.9617
18564,2022-05-07,2246,Niagara Regional Area Health Unit,0.1444,477.0,1.01,0.7014,0.8767
18565,2022-05-07,2244,Middlesex-London Health Unit,0.1013,450.0,0.89,0.8708,0.9525
18566,2022-05-07,2243,"Leeds, Grenville and Lanark District Health Unit",0.1224,160.0,0.92,0.8221,0.9538
18567,2022-05-07,2242,Lambton Health Unit,0.1359,132.0,1.01,0.8362,0.9461
18568,2022-05-07,5183,Huron Perth Health Unit,0.1086,209.0,1.5,0.7737,0.9542
18569,2022-05-07,2238,Hastings and Prince Edward Counties Health Unit,0.1167,257.0,1.53,0.8973,0.9593
18570,2022-05-07,2236,Halton Regional Health Unit,0.1509,347.0,0.56,0.7099,0.8743
18571,2022-05-07,2234,Haldimand-Norfolk Health Unit,0.1584,92.0,0.81,0.7839,0.8782
18572,2022-05-07,2233,Grey Bruce Health Unit,0.1199,143.0,0.84,0.7753,0.9551
18573,2022-05-07,2258,Eastern Ontario Health Unit,0.1047,213.0,1.02,0.856,0.9256
18574,2022-05-07,2226,District of Algoma Health Unit,0.1892,130.0,1.13,0.844,0.9242
18575,2022-05-07,3895,City of Toronto Health Unit,0.1164,2998.0,0.96,0.8211,0.9215
18576,2022-05-07,2251,City of Ottawa Health Unit,0.1439,673.0,0.64,0.8552,0.9339
18577,2022-05-07,2237,City of Hamilton Health Unit,0.1508,717.0,1.21,0.9084,0.9627
18578,2022-05-07,2240,Chatham-Kent Health Unit,0.1506,134.0,1.26,0.8124,0.9413
18579,2022-05-07,2227,Brant County Health Unit,0.1385,139.0,0.9,0.8164,0.9092
18580,2022-05-07,2230,Durham Regional Health Unit,0.1295,620.0,0.87,0.604,0.7639
18581,2022-05-07,2235,"Haliburton, Kawartha, Pine Ridge District Health Unit",0.126,192.0,1.01,0.6704,0.8506
18582,2022-05-07,2241,"Kingston, Frontenac and Lennox and Addington Health Unit",0.1577,393.0,1.85,0.9413,0.9775
18583,2022-05-07,2253,Peel Regional Health Unit,0.1252,1058.0,0.66,0.7876,0.9212
18584,2022-05-07,2260,Simcoe Muskoka District Health Unit,0.1363,556.0,0.93,0.8215,0.9336
18585,2022-05-07,2263,Timiskaming Health Unit,0.0952,39.0,1.19,0.8235,0.9485
18586,2022-05-06,2270,York Regional Health Unit,0.1257,1054.0,0.86,0.7426,0.8972
18587,2022-05-06,2266,Wellington-Dufferin-Guelph Health Unit,0.1669,231.0,0.74,0.7881,0.9307
18588,2022-05-06,2265,Waterloo Health Unit,0.1319,396.0,0.68,0.651,0.8682
18589,2022-05-06,2263,Timiskaming Health Unit,0.1074,39.0,1.18,0.8419,0.9581
18590,2022-05-06,2261,Sudbury and District Health Unit,0.1028,398.0,2.0,0.8061,0.9649
18591,2022-05-06,4913,Southwestern Public Health,0.1175,227.0,1.07,0.7804,0.9113
18592,2022-05-06,2260,Simcoe Muskoka District Health Unit,0.1342,559.0,0.93,0.812,0.9259
18593,2022-05-06,2256,Porcupine Health Unit,0.0989,92.0,1.11,0.8853,0.958
18594,2022-05-06,2255,Peterborough County-City Health Unit,0.1385,184.0,1.24,0.8335,0.8972
18595,2022-05-06,2253,Peel Regional Health Unit,0.1274,1065.0,0.66,0.7867,0.9218
18596,2022-05-06,35,Ontario,0.1293,14100.0,0.95,0.7878,0.9126
18597,2022-05-06,2249,Northwestern Health Unit,0.1476,117.0,1.34,0.8071,0.9175
18598,2022-05-06,2247,North Bay Parry Sound District Health Unit,0.1316,147.0,1.13,0.7728,0.9653
18599,2022-05-06,2246,Niagara Regional Area Health Unit,0.1422,486.0,1.03,0.6897,0.8777
18600,2022-05-06,2243,"Leeds, Grenville and Lanark District Health Unit",0.1235,164.0,0.95,0.8141,0.9515
18601,2022-05-06,2242,Lambton Health Unit,0.1391,131.0,1.0,0.8132,0.9422
18602,2022-05-06,2241,"Kingston, Frontenac and Lennox and Addington Health Unit",0.1587,397.0,1.87,0.9457,0.9801
18603,2022-05-06,2238,Hastings and Prince Edward Counties Health Unit,0.1167,259.0,1.54,0.898,0.9585
18604,2022-05-06,2236,Halton Regional Health Unit,0.1464,352.0,0.57,0.7086,0.8754
18605,2022-05-06,2235,"Haliburton, Kawartha, Pine Ridge District Health Unit",0.1195,191.0,1.01,0.6617,0.8282
18606,2022-05-06,2233,Grey Bruce Health Unit,0.1236,155.0,0.91,0.7679,0.9517
18607,2022-05-06,2258,Eastern Ontario Health Unit,0.1101,210.0,1.01,0.8615,0.929
18608,2022-05-06,2230,Durham Regional Health Unit,0.1253,629.0,0.88,0.599,0.7637
18609,2022-05-06,2226,District of Algoma Health Unit,0.1859,135.0,1.18,0.855,0.9265
18610,2022-05-06,3895,City of Toronto Health Unit,0.1148,3041.0,0.97,0.8209,0.9209
18611,2022-05-06,2251,City of Ottawa Health Unit,0.1451,685.0,0.65,0.8561,0.9364
18612,2022-05-06,2237,City of Hamilton Health Unit,0.1495,726.0,1.23,0.9042,0.9581
18613,2022-05-06,2227,Brant County Health Unit,0.135,145.0,0.93,0.8304,0.9024
18614,2022-05-06,2240,Chatham-Kent Health Unit,0.1461,133.0,1.25,0.8227,0.9442
18615,2022-05-06,2234,Haldimand-Norfolk Health Unit,0.158,96.0,0.84,0.7867,0.8859
18616,2022-05-06,5183,Huron Perth Health Unit,0.1096,212.0,1.52,0.7843,0.9554
18617,2022-05-06,2244,Middlesex-London Health Unit,0.1051,465.0,0.92,0.8606,0.9529
18618,2022-05-06,2257,Renfrew County and District Health Unit,0.0908,88.0,0.81,0.673,0.8774
18619,2022-05-06,2262,Thunder Bay District Health Unit,0.1746,322.0,2.15,0.8642,0.9698
18620,2022-05-06,2268,Windsor-Essex County Health Unit,0.1336,445.0,1.05,0.5946,0.8441
18621,2022-05-05,2270,York Regional Health Unit,0.1243,1071.0,0.87,0.7503,0.8982
18622,2022-05-05,2268,Windsor-Essex County Health Unit,0.1363,469.0,1.1,0.5399,0.7972
18623,2022-05-05,2265,Waterloo Health Unit,0.1283,408.0,0.7,0.6597,0.873
18624,2022-05-05,2263,Timiskaming Health Unit,0.1054,45.0,1.37,0.8499,0.9575
18625,2022-05-05,2262,Thunder Bay District Health Unit,0.1715,325.0,2.17,0.904,0.9711
18626,2022-05-05,4913,Southwestern Public Health,0.1173,253.0,1.2,0.7763,0.9123
18627,2022-05-05,2260,Simcoe Muskoka District Health Unit,0.1378,573.0,0.96,0.8148,0.9255
18628,2022-05-05,2257,Renfrew County and District Health Unit,0.0983,90.0,0.83,0.6922,0.8703
18629,2022-05-05,2256,Porcupine Health Unit,0.1203,90.0,1.08,0.8687,0.9604
18630,2022-05-05,2255,Peterborough County-City Health Unit,0.159,176.0,1.19,0.8433,0.9127
18631,2022-05-05,2253,Peel Regional Health Unit,0.13,1089.0,0.68,0.7921,0.9229
18632,2022-05-05,35,Ontario,0.1306,14432.0,0.97,0.7989,0.921
18633,2022-05-05,2247,North Bay Parry Sound District Health Unit,0.1366,153.0,1.18,0.7901,0.9716
18634,2022-05-05,2246,Niagara Regional Area Health Unit,0.1407,484.0,1.02,0.7126,0.8842
18635,2022-05-05,2244,Middlesex-London Health Unit,0.1097,470.0,0.93,0.8595,0.9574
18636,2022-05-05,2242,Lambton Health Unit,0.1468,133.0,1.02,0.8006,0.9463
18637,2022-05-05,2241,"Kingston, Frontenac and Lennox and Addington Health Unit",0.1566,404.0,1.9,0.9461,0.9803
18638,2022-05-05,5183,Huron Perth Health Unit,0.1101,240.0,1.72,0.7744,0.9577
18639,2022-05-05,2236,Halton Regional Health Unit,0.1492,363.0,0.59,0.7283,0.8804
18640,2022-05-05,2235,"Haliburton, Kawartha, Pine Ridge District Health Unit",0.1167,196.0,1.04,0.7135,0.892
18641,2022-05-05,2234,Haldimand-Norfolk Health Unit,0.137,97.0,0.85,0.8357,0.9199
18642,2022-05-05,2233,Grey Bruce Health Unit,0.1221,163.0,0.96,0.7761,0.954
18643,2022-05-05,2258,Eastern Ontario Health Unit,0.1212,205.0,0.98,0.8757,0.9378
18644,2022-05-05,2230,Durham Regional Health Unit,0.1293,646.0,0.91,0.7014,0.8867
18645,2022-05-05,2226,District of Algoma Health Unit,0.1879,140.0,1.22,0.8569,0.9274
18646,2022-05-05,2251,City of Ottawa Health Unit,0.151,698.0,0.66,0.8475,0.9339
18647,2022-05-05,2237,City of Hamilton Health Unit,0.1474,739.0,1.25,0.9128,0.9607
18648,2022-05-05,2240,Chatham-Kent Health Unit,0.1315,142.0,1.34,0.82,0.95
18649,2022-05-05,2227,Brant County Health Unit,0.1352,145.0,0.93,0.8087,0.8923
18650,2022-05-05,3895,City of Toronto Health Unit,0.115,3115.0,1.0,0.8259,0.9236
18651,2022-05-05,2238,Hastings and Prince Edward Counties Health Unit,0.1167,279.0,1.66,0.9087,0.9666
18652,2022-05-05,2243,"Leeds, Grenville and Lanark District Health Unit",0.1293,169.0,0.98,0.8123,0.9513
18653,2022-05-05,2249,Northwestern Health Unit,0.154,113.0,1.29,0.8282,0.9231
18654,2022-05-05,2261,Sudbury and District Health Unit,0.1094,391.0,1.96,0.8403,0.9697
18655,2022-05-05,2266,Wellington-Dufferin-Guelph Health Unit,0.165,238.0,0.76,0.7936,0.9306
18656,2022-05-04,2270,York Regional Health Unit,0.123,1076.0,0.88,0.7687,0.8999
18657,2022-05-04,2268,Windsor-Essex County Health Unit,0.1417,471.0,1.11,0.5618,0.8011
18658,2022-05-04,2266,Wellington-Dufferin-Guelph Health Unit,0.1569,239.0,0.77,0.7853,0.9237
18659,2022-05-04,2263,Timiskaming Health Unit,0.1297,50.0,1.52,0.744,0.9583
18660,2022-05-04,2262,Thunder Bay District Health Unit,0.1609,331.0,2.21,0.928,0.973
18661,2022-05-04,2261,Sudbury and District Health Unit,0.1196,381.0,1.92,0.8601,0.9734
18662,2022-05-04,4913,Southwestern Public Health,0.1189,254.0,1.2,0.7622,0.9117
18663,2022-05-04,2260,Simcoe Muskoka District Health Unit,0.1418,587.0,0.98,0.8146,0.9204
18664,2022-05-04,2257,Renfrew County and District Health Unit,0.1056,92.0,0.85,0.6532,0.8491
18665,2022-05-04,2256,Porcupine Health Unit,0.1407,94.0,1.13,0.8658,0.9502
18666,2022-05-04,2253,Peel Regional Health Unit,0.1293,1125.0,0.7,0.8038,0.9281
18667,2022-05-04,35,Ontario,0.1321,14751.0,0.99,0.8046,0.9228
18668,2022-05-04,2249,Northwestern Health Unit,0.1533,117.0,1.34,0.858,0.9365
18669,2022-05-04,2246,Niagara Regional Area Health Unit,0.1364,504.0,1.07,0.7086,0.889
18670,2022-05-04,2244,Middlesex-London Health Unit,0.112,487.0,0.96,0.8727,0.9638
18671,2022-05-04,2243,"Leeds, Grenville and Lanark District Health Unit",0.1312,181.0,1.04,0.8066,0.9469
18672,2022-05-04,2241,"Kingston, Frontenac and Lennox and Addington Health Unit",0.165,400.0,1.88,0.9445,0.9807
18673,2022-05-04,5183,Huron Perth Health Unit,0.1108,228.0,1.63,0.7505,0.9609
18674,2022-05-04,2238,Hastings and Prince Edward Counties Health Unit,0.1152,290.0,1.72,0.9196,0.9719
18675,2022-05-04,2236,Halton Regional Health Unit,0.1484,376.0,0.61,0.7489,0.8914
18676,2022-05-04,2235,"Haliburton, Kawartha, Pine Ridge District Health Unit",0.1267,195.0,1.03,0.7279,0.9031
18677,2022-05-04,2234,Haldimand-Norfolk Health Unit,0.1418,101.0,0.88,0.8399,0.9284
18678,2022-05-04,2233,Grey Bruce Health Unit,0.1231,164.0,0.96,0.8033,0.9551
18679,2022-05-04,2230,Durham Regional Health Unit,0.1297,700.0,0.98,0.7088,0.8885
18680,2022-05-04,2226,District of Algoma Health Unit,0.195,144.0,1.26,0.8516,0.9152
18681,2022-05-04,3895,City of Toronto Health Unit,0.1189,3147.0,1.01,0.8297,0.9239
18682,2022-05-04,2237,City of Hamilton Health Unit,0.1443,769.0,1.3,0.9134,0.9609
18683,2022-05-04,2240,Chatham-Kent Health Unit,0.1275,141.0,1.33,0.8082,0.9459
18684,2022-05-04,2227,Brant County Health Unit,0.141,145.0,0.93,0.8017,0.8829
18685,2022-05-04,2251,City of Ottawa Health Unit,0.1476,704.0,0.67,0.8519,0.9392
18686,2022-05-04,2258,Eastern Ontario Health Unit,0.1178,222.0,1.06,0.8681,0.9444
18687,2022-05-04,2242,Lambton Health Unit,0.1485,135.0,1.03,0.7971,0.9451
18688,2022-05-04,2247,North Bay Parry Sound District Health Unit,0.1362,178.0,1.37,0.8483,0.9689
18689,2022-05-04,2255,Peterborough County-City Health Unit,0.1539,177.0,1.2,0.8174,0.9159
18690,2022-05-04,2265,Waterloo Health Unit,0.1404,419.0,0.72,0.6482,0.8722
18691,2022-05-03,2268,Windsor-Essex County Health Unit,0.1309,490.0,1.15,0.5929,0.7953
18692,2022-05-03,2266,Wellington-Dufferin-Guelph Health Unit,0.1576,245.0,0.78,0.7901,0.9247
18693,2022-05-03,2265,Waterloo Health Unit,0.1503,422.0,0.72,0.6358,0.8699
18694,2022-05-03,2263,Timiskaming Health Unit,0.1114,62.0,1.88,0.7258,0.9634
18695,2022-05-03,2262,Thunder Bay District Health Unit,0.1623,321.0,2.14,0.9281,0.9722
18696,2022-05-03,2261,Sudbury and District Health Unit,0.1219,384.0,1.93,0.8283,0.9689
18697,2022-05-03,4913,Southwestern Public Health,0.1203,248.0,1.17,0.7684,0.9059
18698,2022-05-03,2257,Renfrew County and District Health Unit,0.1064,85.0,0.78,0.6538,0.8454
18699,2022-05-03,2256,Porcupine Health Unit,0.1521,100.0,1.19,0.8703,0.9568
18700,2022-05-03,2255,Peterborough County-City Health Unit,0.153,176.0,1.19,0.8155,0.9252
18701,2022-05-03,35,Ontario,0.1329,15091.0,1.02,0.8135,0.93
18702,2022-05-03,2249,Northwestern Health Unit,0.1604,118.0,1.35,0.8623,0.9499
18703,2022-05-03,2247,North Bay Parry Sound District Health Unit,0.1276,200.0,1.54,0.8147,0.9686
18704,2022-05-03,2244,Middlesex-London Health Unit,0.1095,518.0,1.02,0.8833,0.9677
18705,2022-05-03,2243,"Leeds, Grenville and Lanark District Health Unit",0.1434,187.0,1.08,0.8148,0.9512
18706,2022-05-03,2242,Lambton Health Unit,0.1513,138.0,1.05,0.7665,0.9407
18707,2022-05-03,2241,"Kingston, Frontenac and Lennox and Addington Health Unit",0.1719,426.0,2.0,0.9466,0.9815
18708,2022-05-03,5183,Huron Perth Health Unit,0.0982,226.0,1.61,0.7643,0.9634
18709,2022-05-03,2238,Hastings and Prince Edward Counties Health Unit,0.1229,301.0,1.79,0.91,0.9721
18710,2022-05-03,2236,Halton Regional Health Unit,0.1495,380.0,0.61,0.7624,0.9011
18711,2022-05-03,2234,Haldimand-Norfolk Health Unit,0.1441,99.0,0.87,0.8414,0.931
18712,2022-05-03,2233,Grey Bruce Health Unit,0.1325,168.0,0.99,0.8013,0.9564
18713,2022-05-03,2258,Eastern Ontario Health Unit,0.1115,233.0,1.12,0.8348,0.9484
18714,2022-05-03,2226,District of Algoma Health Unit,0.2047,153.0,1.34,0.8471,0.9209
18715,2022-05-03,3895,City of Toronto Health Unit,0.1175,3235.0,1.04,0.8608,0.9467
18716,2022-05-03,2251,City of Ottawa Health Unit,0.1501,726.0,0.69,0.8436,0.9422
18717,2022-05-03,2240,Chatham-Kent Health Unit,0.139,147.0,1.38,0.7983,0.9467
18718,2022-05-03,2227,Brant County Health Unit,0.1412,146.0,0.94,0.7889,0.8873
18719,2022-05-03,2237,City of Hamilton Health Unit,0.1511,769.0,1.3,0.9213,0.9608
18720,2022-05-03,2230,Durham Regional Health Unit,0.1289,725.0,1.02,0.7181,0.8966
18721,2022-05-03,2235,"Haliburton, Kawartha, Pine Ridge District Health Unit",0.1201,199.0,1.05,0.7387,0.9086
18722,2022-05-03,2246,Niagara Regional Area Health Unit,0.1345,501.0,1.06,0.7047,0.8783
18723,2022-05-03,2253,Peel Regional Health Unit,0.1325,1117.0,0.7,0.8147,0.9317
18724,2022-05-03,2260,Simcoe Muskoka District Health Unit,0.1387,611.0,1.02,0.8265,0.9258
18725,2022-05-03,2270,York Regional Health Unit,0.1256,1104.0,0.9,0.7699,0.907
18726,2022-05-02,2270,York Regional Health Unit,0.1296,1100.0,0.9,0.7761,0.9103
18727,2022-05-02,2268,Windsor-Essex County Health Unit,0.1263,501.0,1.18,0.6494,0.8487
18728,2022-05-02,2266,Wellington-Dufferin-Guelph Health Unit,0.1531,246.0,0.79,0.7863,0.9262
18729,2022-05-02,2265,Waterloo Health Unit,0.1461,420.0,0.72,0.6544,0.8794
18730,2022-05-02,2263,Timiskaming Health Unit,0.1226,73.0,2.25,0.7146,0.9705
18731,2022-05-02,2261,Sudbury and District Health Unit,0.1287,367.0,1.85,0.8375,0.9756
18732,2022-05-02,4913,Southwestern Public Health,0.1284,265.0,1.25,0.7916,0.9431
18733,2022-05-02,2260,Simcoe Muskoka District Health Unit,0.1401,632.0,1.05,0.826,0.9281
18734,2022-05-02,2256,Porcupine Health Unit,0.1612,101.0,1.21,0.8747,0.9605
18735,2022-05-02,2255,Peterborough County-City Health Unit,0.1591,164.0,1.11,0.7716,0.901
18736,2022-05-02,2253,Peel Regional Health Unit,0.1309,1133.0,0.71,0.827,0.936
18737,2022-05-02,35,Ontario,0.1345,15348.0,1.03,0.8202,0.9352
18738,2022-05-02,2249,Northwestern Health Unit,0.1634,116.0,1.33,0.845,0.9533
18739,2022-05-02,2247,North Bay Parry Sound District Health Unit,0.1371,182.0,1.4,0.81,0.9677
18740,2022-05-02,2246,Niagara Regional Area Health Unit,0.1359,520.0,1.1,0.7262,0.8832
18741,2022-05-02,2244,Middlesex-London Health Unit,0.1139,526.0,1.04,0.8861,0.9673
18742,2022-05-02,2243,"Leeds, Grenville and Lanark District Health Unit",0.1431,199.0,1.15,0.8168,0.9468
18743,2022-05-02,2242,Lambton Health Unit,0.153,143.0,1.09,0.7599,0.9357
18744,2022-05-02,2241,"Kingston, Frontenac and Lennox and Addington Health Unit",0.1755,421.0,1.98,0.947,0.9822
18745,2022-05-02,2238,Hastings and Prince Edward Counties Health Unit,0.1458,307.0,1.82,0.915,0.9733
18746,2022-05-02,2236,Halton Regional Health Unit,0.1499,386.0,0.62,0.7734,0.9122
18747,2022-05-02,2235,"Haliburton, Kawartha, Pine Ridge District Health Unit",0.1358,195.0,1.03,0.7228,0.9002
18748,2022-05-02,2233,Grey Bruce Health Unit,0.1229,172.0,1.01,0.8042,0.9551
18749,2022-05-02,2258,Eastern Ontario Health Unit,0.1169,238.0,1.14,0.8227,0.9328
18750,2022-05-02,2230,Durham Regional Health Unit,0.1332,742.0,1.04,0.7075,0.896
18751,2022-05-02,3895,City of Toronto Health Unit,0.1187,3315.0,1.06,0.8719,0.9547
18752,2022-05-02,2251,City of Ottawa Health Unit,0.152,767.0,0.73,0.832,0.9354
18753,2022-05-02,2237,City of Hamilton Health Unit,0.1453,803.0,1.36,0.922,0.9646
18754,2022-05-02,2240,Chatham-Kent Health Unit,0.1388,147.0,1.38,0.8083,0.9507
18755,2022-05-02,2227,Brant County Health Unit,0.1395,147.0,0.95,0.8109,0.9054
18756,2022-05-02,2226,District of Algoma Health Unit,0.1972,156.0,1.36,0.8424,0.9161
18757,2022-05-02,2234,Haldimand-Norfolk Health Unit,0.1416,100.0,0.88,0.8455,0.9334
18758,2022-05-02,5183,Huron Perth Health Unit,0.1026,228.0,1.63,0.7765,0.9747
18759,2022-05-02,2257,Renfrew County and District Health Unit,0.1053,87.0,0.8,0.6662,0.8646
18760,2022-05-02,2262,Thunder Bay District Health Unit,0.1635,311.0,2.07,0.9239,0.9684
18761,2022-05-01,2270,York Regional Health Unit,0.1291,1134.0,0.92,0.7707,0.9112
18762,2022-05-01,2268,Windsor-Essex County Health Unit,0.1299,520.0,1.22,0.6391,0.8543
18763,2022-05-01,2265,Waterloo Health Unit,0.1526,414.0,0.71,0.6833,0.8957
18764,2022-05-01,2263,Timiskaming Health Unit,0.1236,74.0,2.26,0.7176,0.971
18765,2022-05-01,2262,Thunder Bay District Health Unit,0.1503,304.0,2.03,0.9211,0.9685
18766,2022-05-01,4913,Southwestern Public Health,0.1281,261.0,1.23,0.7845,0.9407
18767,2022-05-01,2260,Simcoe Muskoka District Health Unit,0.1398,633.0,1.06,0.8251,0.9307
18768,2022-05-01,2257,Renfrew County and District Health Unit,0.1116,91.0,0.84,0.7422,0.941
18769,2022-05-01,2255,Peterborough County-City Health Unit,0.1372,147.0,0.99,0.7758,0.9113
18770,2022-05-01,2253,Peel Regional Health Unit,0.1297,1182.0,0.74,0.8138,0.9278
18771,2022-05-01,35,Ontario,0.1363,15746.0,1.06,0.816,0.9345
18772,2022-05-01,2249,Northwestern Health Unit,0.1837,121.0,1.38,0.8297,0.9386
18773,2022-05-01,2247,North Bay Parry Sound District Health Unit,0.121,198.0,1.53,0.8164,0.9673
18774,2022-05-01,2246,Niagara Regional Area Health Unit,0.1339,554.0,1.17,0.7098,0.8744
18775,2022-05-01,2244,Middlesex-London Health Unit,0.1181,543.0,1.07,0.8822,0.9652
18776,2022-05-01,2242,Lambton Health Unit,0.1704,147.0,1.12,0.749,0.9487
18777,2022-05-01,2241,"Kingston, Frontenac and Lennox and Addington Health Unit",0.1713,424.0,1.99,0.9467,0.9815
18778,2022-05-01,5183,Huron Perth Health Unit,0.0992,230.0,1.65,0.7669,0.9738
18779,2022-05-01,2236,Halton Regional Health Unit,0.1551,394.0,0.64,0.7647,0.9113
18780,2022-05-01,2235,"Haliburton, Kawartha, Pine Ridge District Health Unit",0.1374,187.0,0.99,0.7154,0.8914
18781,2022-05-01,2234,Haldimand-Norfolk Health Unit,0.1447,124.0,1.09,0.8419,0.9401
18782,2022-05-01,2258,Eastern Ontario Health Unit,0.1224,246.0,1.18,0.8019,0.9162
18783,2022-05-01,2230,Durham Regional Health Unit,0.1345,742.0,1.04,0.7056,0.8998
18784,2022-05-01,2226,District of Algoma Health Unit,0.1854,151.0,1.32,0.8429,0.92
18785,2022-05-01,3895,City of Toronto Health Unit,0.1208,3383.0,1.08,0.8676,0.9533
18786,2022-05-01,2251,City of Ottawa Health Unit,0.1549,821.0,0.78,0.8242,0.9312
18787,2022-05-01,2237,City of Hamilton Health Unit,0.1524,832.0,1.4,0.9194,0.9654
18788,2022-05-01,2240,Chatham-Kent Health Unit,0.1815,162.0,1.53,0.8077,0.9508
18789,2022-05-01,2227,Brant County Health Unit,0.1494,153.0,0.99,0.8093,0.9084
18790,2022-05-01,2233,Grey Bruce Health Unit,0.1206,185.0,1.09,0.8163,0.9554
18791,2022-05-01,2238,Hastings and Prince Edward Counties Health Unit,0.1508,315.0,1.87,0.9123,0.9714
18792,2022-05-01,2243,"Leeds, Grenville and Lanark District Health Unit",0.1493,203.0,1.17,0.7929,0.9328
18793,2022-05-01,2256,Porcupine Health Unit,0.1719,105.0,1.25,0.842,0.9243
18794,2022-05-01,2261,Sudbury and District Health Unit,0.1326,378.0,1.9,0.8359,0.9762
18795,2022-05-01,2266,Wellington-Dufferin-Guelph Health Unit,0.1505,246.0,0.79,0.7923,0.9244
18796,2022-04-30,2270,York Regional Health Unit,0.1376,1127.0,0.92,0.7688,0.9061
18797,2022-04-30,2268,Windsor-Essex County Health Unit,0.1308,529.0,1.24,0.6465,0.8488
18798,2022-04-30,2266,Wellington-Dufferin-Guelph Health Unit,0.1447,251.0,0.8,0.7949,0.9274
18799,2022-04-30,2263,Timiskaming Health Unit,0.1214,74.0,2.27,0.7135,0.9738
18800,2022-04-30,2262,Thunder Bay District Health Unit,0.1474,301.0,2.01,0.9205,0.9648
18801,2022-04-30,2261,Sudbury and District Health Unit,0.1372,374.0,1.88,0.8554,0.9707
18802,2022-04-30,2260,Simcoe Muskoka District Health Unit,0.144,632.0,1.05,0.8222,0.9208
18803,2022-04-30,2257,Renfrew County and District Health Unit,0.1137,98.0,0.9,0.7116,0.9253
18804,2022-04-30,2256,Porcupine Health Unit,0.1748,105.0,1.26,0.8436,0.9243
18805,2022-04-30,2255,Peterborough County-City Health Unit,0.1347,151.0,1.02,0.7901,0.9088
18806,2022-04-30,2253,Peel Regional Health Unit,0.1322,1173.0,0.73,0.8122,0.9264
18807,2022-04-30,35,Ontario,0.138,15841.0,1.07,0.8173,0.9322
18808,2022-04-30,2249,Northwestern Health Unit,0.1811,122.0,1.39,0.8065,0.9438
18809,2022-04-30,2246,Niagara Regional Area Health Unit,0.1384,549.0,1.16,0.703,0.8649
18810,2022-04-30,2244,Middlesex-London Health Unit,0.1205,542.0,1.07,0.8875,0.9624
18811,2022-04-30,2243,"Leeds, Grenville and Lanark District Health Unit",0.1524,202.0,1.16,0.8032,0.9375
18812,2022-04-30,2241,"Kingston, Frontenac and Lennox and Addington Health Unit",0.1649,440.0,2.07,0.9488,0.9809
18813,2022-04-30,5183,Huron Perth Health Unit,0.1012,234.0,1.68,0.7982,0.9724
18814,2022-04-30,2238,Hastings and Prince Edward Counties Health Unit,0.1551,318.0,1.89,0.9192,0.9729
18815,2022-04-30,2235,"Haliburton, Kawartha, Pine Ridge District Health Unit",0.1385,189.0,1.0,0.7081,0.8871
18816,2022-04-30,2234,Haldimand-Norfolk Health Unit,0.1447,123.0,1.08,0.8188,0.9392
18817,2022-04-30,2233,Grey Bruce Health Unit,0.1183,185.0,1.09,0.8475,0.9575
18818,2022-04-30,2258,Eastern Ontario Health Unit,0.1206,244.0,1.17,0.816,0.9291
18819,2022-04-30,2230,Durham Regional Health Unit,0.1354,748.0,1.05,0.698,0.8987
18820,2022-04-30,2226,District of Algoma Health Unit,0.1899,150.0,1.31,0.8378,0.9239
18821,2022-04-30,3895,City of Toronto Health Unit,0.1211,3396.0,1.09,0.8679,0.9525
18822,2022-04-30,2237,City of Hamilton Health Unit,0.1497,851.0,1.44,0.9146,0.9615
18823,2022-04-30,2240,Chatham-Kent Health Unit,0.1909,162.0,1.53,0.8132,0.9525
18824,2022-04-30,2227,Brant County Health Unit,0.1561,151.0,0.97,0.8133,0.9099
18825,2022-04-30,2251,City of Ottawa Health Unit,0.1524,844.0,0.8,0.8202,0.931
18826,2022-04-30,2236,Halton Regional Health Unit,0.1631,395.0,0.64,0.766,0.8989
18827,2022-04-30,2242,Lambton Health Unit,0.1717,146.0,1.12,0.7321,0.9389
18828,2022-04-30,2247,North Bay Parry Sound District Health Unit,0.1259,208.0,1.6,0.8412,0.9623
18829,2022-04-30,4913,Southwestern Public Health,0.1301,270.0,1.28,0.7922,0.9356
18830,2022-04-30,2265,Waterloo Health Unit,0.1611,412.0,0.71,0.6942,0.8988
18831,2022-04-29,2268,Windsor-Essex County Health Unit,0.1325,538.0,1.27,0.5972,0.8537
18832,2022-04-29,2266,Wellington-Dufferin-Guelph Health Unit,0.1488,249.0,0.8,0.7777,0.9232
18833,2022-04-29,2265,Waterloo Health Unit,0.1618,411.0,0.7,0.6975,0.9023
18834,2022-04-29,2262,Thunder Bay District Health Unit,0.1444,301.0,2.01,0.9281,0.9657
18835,2022-04-29,2261,Sudbury and District Health Unit,0.1384,386.0,1.94,0.8549,0.9711
18836,2022-04-29,4913,Southwestern Public Health,0.1485,277.0,1.31,0.7796,0.931
18837,2022-04-29,2260,Simcoe Muskoka District Health Unit,0.1468,647.0,1.08,0.8165,0.9247
18838,2022-04-29,2257,Renfrew County and District Health Unit,0.1205,98.0,0.91,0.7338,0.9209
18839,2022-04-29,2256,Porcupine Health Unit,0.1746,111.0,1.33,0.8409,0.9223
18840,2022-04-29,2255,Peterborough County-City Health Unit,0.1337,154.0,1.04,0.8316,0.9365
18841,2022-04-29,35,Ontario,0.1398,16120.0,1.09,0.8152,0.9337
18842,2022-04-29,2249,Northwestern Health Unit,0.1692,122.0,1.4,0.8054,0.9429
18843,2022-04-29,2247,North Bay Parry Sound District Health Unit,0.1318,207.0,1.6,0.8531,0.9553
18844,2022-04-29,2244,Middlesex-London Health Unit,0.1245,547.0,1.08,0.8914,0.9619
18845,2022-04-29,2243,"Leeds, Grenville and Lanark District Health Unit",0.1516,213.0,1.23,0.8113,0.9386
18846,2022-04-29,2242,Lambton Health Unit,0.1689,148.0,1.13,0.698,0.9398
18847,2022-04-29,5183,Huron Perth Health Unit,0.1015,239.0,1.71,0.7794,0.9653
18848,2022-04-29,2238,Hastings and Prince Edward Counties Health Unit,0.1607,332.0,1.97,0.9216,0.9744
18849,2022-04-29,2236,Halton Regional Health Unit,0.1633,402.0,0.65,0.7465,0.8918
18850,2022-04-29,2235,"Haliburton, Kawartha, Pine Ridge District Health Unit",0.1301,195.0,1.03,0.7077,0.906
18851,2022-04-29,2234,Haldimand-Norfolk Health Unit,0.1456,125.0,1.09,0.8164,0.9384
18852,2022-04-29,2233,Grey Bruce Health Unit,0.1214,187.0,1.1,0.8365,0.9632
18853,2022-04-29,2258,Eastern Ontario Health Unit,0.1168,246.0,1.18,0.811,0.9295
18854,2022-04-29,2226,District of Algoma Health Unit,0.1896,151.0,1.32,0.8367,0.9258
18855,2022-04-29,3895,City of Toronto Health Unit,0.1228,3487.0,1.12,0.8678,0.9534
18856,2022-04-29,2251,City of Ottawa Health Unit,0.1561,845.0,0.8,0.8265,0.9327
18857,2022-04-29,2240,Chatham-Kent Health Unit,0.1946,168.0,1.58,0.8082,0.9538
18858,2022-04-29,2227,Brant County Health Unit,0.1567,150.0,0.97,0.8201,0.917
18859,2022-04-29,2237,City of Hamilton Health Unit,0.151,865.0,1.46,0.9136,0.9645
18860,2022-04-29,2230,Durham Regional Health Unit,0.1358,760.0,1.07,0.7039,0.8978
18861,2022-04-29,2241,"Kingston, Frontenac and Lennox and Addington Health Unit",0.1684,450.0,2.11,0.9452,0.9796
18862,2022-04-29,2246,Niagara Regional Area Health Unit,0.1412,553.0,1.17,0.7028,0.8738
18863,2022-04-29,2253,Peel Regional Health Unit,0.1348,1184.0,0.74,0.8052,0.9256
18864,2022-04-29,2263,Timiskaming Health Unit,0.1217,75.0,2.3,0.6912,0.9714
18865,2022-04-29,2270,York Regional Health Unit,0.1403,1147.0,0.94,0.7785,0.9116
18866,2022-04-28,2270,York Regional Health Unit,0.1427,1166.0,0.95,0.7716,0.9096
18867,2022-04-28,2266,Wellington-Dufferin-Guelph Health Unit,0.1641,256.0,0.82,0.7322,0.8982
18868,2022-04-28,2265,Waterloo Health Unit,0.1671,422.0,0.72,0.6906,0.8913
18869,2022-04-28,2263,Timiskaming Health Unit,0.1268,70.0,2.14,0.6945,0.978
18870,2022-04-28,2262,Thunder Bay District Health Unit,0.1491,299.0,1.99,0.926,0.9653
18871,2022-04-28,2261,Sudbury and District Health Unit,0.1402,382.0,1.92,0.8046,0.9436
18872,2022-04-28,4913,Southwestern Public Health,0.156,262.0,1.24,0.7751,0.9293
18873,2022-04-28,2260,Simcoe Muskoka District Health Unit,0.1453,655.0,1.09,0.8131,0.9237
18874,2022-04-28,2256,Porcupine Health Unit,0.1665,112.0,1.34,0.8428,0.9079
18875,2022-04-28,2255,Peterborough County-City Health Unit,0.1167,170.0,1.15,0.8302,0.9373
18876,2022-04-28,2253,Peel Regional Health Unit,0.1338,1213.0,0.76,0.8001,0.9221
18877,2022-04-28,2249,Northwestern Health Unit,0.1695,128.0,1.46,0.8032,0.9376
18878,2022-04-28,2247,North Bay Parry Sound District Health Unit,0.1513,209.0,1.61,0.8315,0.9345
18879,2022-04-28,2246,Niagara Regional Area Health Unit,0.1438,582.0,1.23,0.6962,0.8673
18880,2022-04-28,2243,"Leeds, Grenville and Lanark District Health Unit",0.1644,229.0,1.32,0.8088,0.9413
18881,2022-04-28,2242,Lambton Health Unit,0.1706,152.0,1.16,0.6709,0.9264
18882,2022-04-28,2241,"Kingston, Frontenac and Lennox and Addington Health Unit",0.1779,471.0,2.22,0.9485,0.9813
18883,2022-04-28,5183,Huron Perth Health Unit,0.0971,232.0,1.66,0.7703,0.9641
18884,2022-04-28,2238,Hastings and Prince Edward Counties Health Unit,0.1721,326.0,1.94,0.9208,0.9746
18885,2022-04-28,2236,Halton Regional Health Unit,0.1713,406.0,0.66,0.7397,0.8932
18886,2022-04-28,2235,"Haliburton, Kawartha, Pine Ridge District Health Unit",0.138,203.0,1.07,0.7092,0.9081
18887,2022-04-28,2233,Grey Bruce Health Unit,0.1301,192.0,1.13,0.7883,0.9588
18888,2022-04-28,2258,Eastern Ontario Health Unit,0.1109,252.0,1.21,0.7965,0.9268
18889,2022-04-28,2230,Durham Regional Health Unit,0.1379,790.0,1.11,0.6938,0.8946
18890,2022-04-28,3895,City of Toronto Health Unit,0.1239,3567.0,1.14,0.8615,0.9512
18891,2022-04-28,2251,City of Ottawa Health Unit,0.1533,899.0,0.85,0.8322,0.932
18892,2022-04-28,2237,City of Hamilton Health Unit,0.1499,922.0,1.56,0.9062,0.9604
18893,2022-04-28,2227,Brant County Health Unit,0.155,159.0,1.02,0.8127,0.8959
18894,2022-04-28,2240,Chatham-Kent Health Unit,0.2169,165.0,1.55,0.784,0.9531
18895,2022-04-28,2226,District of Algoma Health Unit,0.1878,157.0,1.38,0.8344,0.9276
18896,2022-04-28,2234,Haldimand-Norfolk Health Unit,0.1538,134.0,1.17,0.8015,0.9372
18897,2022-04-28,2244,Middlesex-London Health Unit,0.127,573.0,1.13,0.8673,0.951
18898,2022-04-28,35,Ontario,0.1425,16531.0,1.11,0.8079,0.931
18899,2022-04-28,2257,Renfrew County and District Health Unit,0.1225,101.0,0.93,0.7194,0.9242
18900,2022-04-28,2268,Windsor-Essex County Health Unit,0.1409,520.0,1.22,0.6254,0.8901
18901,2022-04-27,2270,York Regional Health Unit,0.1494,1156.0,0.94,0.7684,0.9083
18902,2022-04-27,2268,Windsor-Essex County Health Unit,0.1468,544.0,1.28,0.5775,0.8812
18903,2022-04-27,2266,Wellington-Dufferin-Guelph Health Unit,0.1719,263.0,0.84,0.7094,0.9006
18904,2022-04-27,2265,Waterloo Health Unit,0.1652,424.0,0.73,0.6962,0.8903
18905,2022-04-27,2263,Timiskaming Health Unit,0.1059,67.0,2.06,0.7809,0.9784
18906,2022-04-27,2262,Thunder Bay District Health Unit,0.1569,298.0,1.99,0.9356,0.9695
18907,2022-04-27,4913,Southwestern Public Health,0.1525,282.0,1.33,0.754,0.9281
18908,2022-04-27,2260,Simcoe Muskoka District Health Unit,0.1538,683.0,1.14,0.8004,0.9287
18909,2022-04-27,2257,Renfrew County and District Health Unit,0.1094,103.0,0.95,0.7326,0.9345
18910,2022-04-27,2255,Peterborough County-City Health Unit,0.1245,173.0,1.17,0.8521,0.9282
18911,2022-04-27,2253,Peel Regional Health Unit,0.137,1236.0,0.77,0.7943,0.9216
18912,2022-04-27,35,Ontario,0.1467,16838.0,1.14,0.8009,0.931
18913,2022-04-27,2247,North Bay Parry Sound District Health Unit,0.1629,195.0,1.5,0.7933,0.9378
18914,2022-04-27,2246,Niagara Regional Area Health Unit,0.1534,603.0,1.28,0.7013,0.8655
18915,2022-04-27,2244,Middlesex-London Health Unit,0.1292,594.0,1.17,0.8297,0.9449
18916,2022-04-27,2243,"Leeds, Grenville and Lanark District Health Unit",0.1659,231.0,1.33,0.8141,0.9511
18917,2022-04-27,2242,Lambton Health Unit,0.1751,167.0,1.28,0.6206,0.9287
18918,2022-04-27,2241,"Kingston, Frontenac and Lennox and Addington Health Unit",0.1772,500.0,2.35,0.9528,0.9827
18919,2022-04-27,5183,Huron Perth Health Unit,0.1008,239.0,1.71,0.7366,0.9551
18920,2022-04-27,2236,Halton Regional Health Unit,0.1786,424.0,0.68,0.7264,0.8888
18921,2022-04-27,2235,"Haliburton, Kawartha, Pine Ridge District Health Unit",0.1466,210.0,1.11,0.7114,0.9069
18922,2022-04-27,2234,Haldimand-Norfolk Health Unit,0.1633,133.0,1.17,0.7907,0.9401
18923,2022-04-27,2258,Eastern Ontario Health Unit,0.1164,245.0,1.18,0.8036,0.9295
18924,2022-04-27,2230,Durham Regional Health Unit,0.143,782.0,1.1,0.6861,0.9004
18925,2022-04-27,2226,District of Algoma Health Unit,0.1797,162.0,1.42,0.8347,0.92
18926,2022-04-27,2251,City of Ottawa Health Unit,0.1647,920.0,0.87,0.828,0.9329
18927,2022-04-27,2237,City of Hamilton Health Unit,0.1546,923.0,1.56,0.9017,0.9575
18928,2022-04-27,2240,Chatham-Kent Health Unit,0.2327,174.0,1.63,0.7691,0.9537
18929,2022-04-27,2227,Brant County Health Unit,0.154,161.0,1.04,0.8285,0.9113
18930,2022-04-27,3895,City of Toronto Health Unit,0.1248,3632.0,1.16,0.8564,0.9519
18931,2022-04-27,2233,Grey Bruce Health Unit,0.1387,198.0,1.16,0.7645,0.9579
18932,2022-04-27,2238,Hastings and Prince Edward Counties Health Unit,0.1809,336.0,2.0,0.9227,0.9738
18933,2022-04-27,2249,Northwestern Health Unit,0.1568,133.0,1.52,0.818,0.954
18934,2022-04-27,2256,Porcupine Health Unit,0.1703,111.0,1.33,0.8432,0.9245
18935,2022-04-27,2261,Sudbury and District Health Unit,0.1405,378.0,1.9,0.8321,0.9396
18936,2022-04-26,2270,York Regional Health Unit,0.153,1182.0,0.96,0.7674,0.9095
18937,2022-04-26,2268,Windsor-Essex County Health Unit,0.1614,534.0,1.26,0.5566,0.882
18938,2022-04-26,2266,Wellington-Dufferin-Guelph Health Unit,0.1812,268.0,0.86,0.7207,0.9058
18939,2022-04-26,2263,Timiskaming Health Unit,0.1148,56.0,1.71,0.7774,0.9502
18940,2022-04-26,2262,Thunder Bay District Health Unit,0.1618,304.0,2.03,0.9107,0.9698
18941,2022-04-26,2261,Sudbury and District Health Unit,0.1413,400.0,2.01,0.8553,0.9439
18942,2022-04-26,2260,Simcoe Muskoka District Health Unit,0.1615,694.0,1.16,0.7978,0.931
18943,2022-04-26,2257,Renfrew County and District Health Unit,0.1178,109.0,1.0,0.7313,0.924
18944,2022-04-26,2256,Porcupine Health Unit,0.158,118.0,1.42,0.8458,0.924
18945,2022-04-26,2253,Peel Regional Health Unit,0.142,1267.0,0.79,0.7938,0.9237
18946,2022-04-26,35,Ontario,0.1515,17152.0,1.16,0.8031,0.933
18947,2022-04-26,2249,Northwestern Health Unit,0.1505,141.0,1.61,0.8201,0.9487
18948,2022-04-26,2247,North Bay Parry Sound District Health Unit,0.1704,187.0,1.44,0.8339,0.9377
18949,2022-04-26,2246,Niagara Regional Area Health Unit,0.1575,630.0,1.33,0.7203,0.8835
18950,2022-04-26,2244,Middlesex-London Health Unit,0.1361,582.0,1.15,0.8253,0.947
18951,2022-04-26,2243,"Leeds, Grenville and Lanark District Health Unit",0.1635,232.0,1.34,0.8058,0.9475
18952,2022-04-26,2241,"Kingston, Frontenac and Lennox and Addington Health Unit",0.1853,486.0,2.28,0.9512,0.9811
18953,2022-04-26,5183,Huron Perth Health Unit,0.1221,240.0,1.72,0.7205,0.9478
18954,2022-04-26,2238,Hastings and Prince Edward Counties Health Unit,0.1828,340.0,2.02,0.9382,0.9761
18955,2022-04-26,2235,"Haliburton, Kawartha, Pine Ridge District Health Unit",0.1576,220.0,1.17,0.7196,0.9103
18956,2022-04-26,2234,Haldimand-Norfolk Health Unit,0.1687,142.0,1.25,0.7974,0.9544
18957,2022-04-26,2233,Grey Bruce Health Unit,0.1578,208.0,1.23,0.7117,0.9601
18958,2022-04-26,2230,Durham Regional Health Unit,0.1479,815.0,1.14,0.7102,0.9074
18959,2022-04-26,2226,District of Algoma Health Unit,0.1766,166.0,1.45,0.8648,0.9304
18960,2022-04-26,3895,City of Toronto Health Unit,0.1287,3652.0,1.17,0.854,0.954
18961,2022-04-26,2251,City of Ottawa Health Unit,0.1677,946.0,0.9,0.8354,0.927
18962,2022-04-26,2237,City of Hamilton Health Unit,0.1549,961.0,1.62,0.9028,0.959
18963,2022-04-26,2240,Chatham-Kent Health Unit,0.2371,174.0,1.64,0.7687,0.9545
18964,2022-04-26,2227,Brant County Health Unit,0.1554,167.0,1.08,0.8437,0.9002
18965,2022-04-26,2258,Eastern Ontario Health Unit,0.1295,263.0,1.26,0.8389,0.9269
18966,2022-04-26,2236,Halton Regional Health Unit,0.1833,431.0,0.7,0.7197,0.8917
18967,2022-04-26,2242,Lambton Health Unit,0.1823,174.0,1.33,0.6159,0.9274
18968,2022-04-26,2255,Peterborough County-City Health Unit,0.1294,181.0,1.22,0.8505,0.9277
18969,2022-04-26,4913,Southwestern Public Health,0.1516,285.0,1.35,0.7769,0.9535
18970,2022-04-26,2265,Waterloo Health Unit,0.1675,431.0,0.74,0.7179,0.892
18971,2022-04-25,2268,Windsor-Essex County Health Unit,0.1835,538.0,1.27,0.5082,0.8751
18972,2022-04-25,2266,Wellington-Dufferin-Guelph Health Unit,0.1957,297.0,0.95,0.7144,0.8945
18973,2022-04-25,2265,Waterloo Health Unit,0.1802,446.0,0.76,0.7214,0.8897
18974,2022-04-25,2262,Thunder Bay District Health Unit,0.1614,292.0,1.95,0.9052,0.9704
18975,2022-04-25,2261,Sudbury and District Health Unit,0.1457,396.0,1.99,0.8376,0.9371
18976,2022-04-25,4913,Southwestern Public Health,0.1451,296.0,1.4,0.7791,0.9528
18977,2022-04-25,2257,Renfrew County and District Health Unit,0.1212,108.0,1.0,0.7279,0.9194
18978,2022-04-25,2256,Porcupine Health Unit,0.1502,133.0,1.6,0.8379,0.9108
18979,2022-04-25,2255,Peterborough County-City Health Unit,0.1315,183.0,1.23,0.8549,0.9299
18980,2022-04-25,2253,Peel Regional Health Unit,0.1495,1275.0,0.79,0.7844,0.9234
18981,2022-04-25,35,Ontario,0.1573,17515.0,1.18,0.7955,0.9299
18982,2022-04-25,2249,Northwestern Health Unit,0.1555,153.0,1.75,0.8341,0.9388
18983,2022-04-25,2247,North Bay Parry Sound District Health Unit,0.1713,206.0,1.59,0.8383,0.9355
18984,2022-04-25,2244,Middlesex-London Health Unit,0.1304,609.0,1.2,0.817,0.9465
18985,2022-04-25,2243,"Leeds, Grenville and Lanark District Health Unit",0.1779,238.0,1.37,0.8159,0.9479
18986,2022-04-25,2242,Lambton Health Unit,0.2003,182.0,1.39,0.6094,0.9239
18987,2022-04-25,5183,Huron Perth Health Unit,0.1291,247.0,1.77,0.6972,0.9353
18988,2022-04-25,2238,Hastings and Prince Edward Counties Health Unit,0.1727,343.0,2.04,0.9351,0.9771
18989,2022-04-25,2236,Halton Regional Health Unit,0.1988,437.0,0.71,0.7212,0.8918
18990,2022-04-25,2235,"Haliburton, Kawartha, Pine Ridge District Health Unit",0.1578,228.0,1.21,0.7119,0.9088
18991,2022-04-25,2234,Haldimand-Norfolk Health Unit,0.1748,158.0,1.38,0.7915,0.9524
18992,2022-04-25,2233,Grey Bruce Health Unit,0.1618,210.0,1.24,0.6913,0.9593
18993,2022-04-25,2258,Eastern Ontario Health Unit,0.1399,269.0,1.29,0.8444,0.9391
18994,2022-04-25,2230,Durham Regional Health Unit,0.1523,856.0,1.2,0.6994,0.8886
18995,2022-04-25,2226,District of Algoma Health Unit,0.1733,181.0,1.58,0.8713,0.9377
18996,2022-04-25,3895,City of Toronto Health Unit,0.1324,3688.0,1.18,0.8413,0.9502
18997,2022-04-25,2251,City of Ottawa Health Unit,0.1843,975.0,0.92,0.8332,0.9253
18998,2022-04-25,2240,Chatham-Kent Health Unit,0.2396,182.0,1.72,0.7498,0.9503
18999,2022-04-25,2227,Brant County Health Unit,0.1676,176.0,1.14,0.8405,0.897
19000,2022-04-25,2237,City of Hamilton Health Unit,0.164,948.0,1.6,0.908,0.9606
19001,2022-04-25,2241,"Kingston, Frontenac and Lennox and Addington Health Unit",0.1848,502.0,2.36,0.9506,0.9818
19002,2022-04-25,2246,Niagara Regional Area Health Unit,0.158,643.0,1.36,0.7081,0.8773
19003,2022-04-25,2260,Simcoe Muskoka District Health Unit,0.1709,710.0,1.18,0.7998,0.9315
19004,2022-04-25,2263,Timiskaming Health Unit,0.1051,45.0,1.37,0.7554,0.9442
19005,2022-04-25,2270,York Regional Health Unit,0.1537,1197.0,0.98,0.7563,0.9052
19006,2022-04-24,2270,York Regional Health Unit,0.1577,1166.0,0.95,0.7549,0.9082
19007,2022-04-24,2266,Wellington-Dufferin-Guelph Health Unit,0.1998,292.0,0.94,0.7138,0.9009
19008,2022-04-24,2265,Waterloo Health Unit,0.1805,437.0,0.75,0.7332,0.8997
19009,2022-04-24,2263,Timiskaming Health Unit,0.0897,33.0,1.02,0.7511,0.9432
19010,2022-04-24,2261,Sudbury and District Health Unit,0.1518,377.0,1.9,0.8412,0.938
19011,2022-04-24,4913,Southwestern Public Health,0.1492,298.0,1.41,0.7745,0.9557
19012,2022-04-24,2260,Simcoe Muskoka District Health Unit,0.1802,710.0,1.18,0.8049,0.9331
19013,2022-04-24,2257,Renfrew County and District Health Unit,0.1174,106.0,0.97,0.7079,0.9143
19014,2022-04-24,2256,Porcupine Health Unit,0.147,128.0,1.54,0.8542,0.9288
19015,2022-04-24,2255,Peterborough County-City Health Unit,0.1408,169.0,1.14,0.862,0.9318
19016,2022-04-24,2253,Peel Regional Health Unit,0.1557,1262.0,0.79,0.7925,0.9324
19017,2022-04-24,2249,Northwestern Health Unit,0.1438,147.0,1.68,0.8244,0.935
19018,2022-04-24,2247,North Bay Parry Sound District Health Unit,0.1815,204.0,1.57,0.834,0.9355
19019,2022-04-24,2246,Niagara Regional Area Health Unit,0.1658,611.0,1.29,0.7255,0.8845
19020,2022-04-24,2243,"Leeds, Grenville and Lanark District Health Unit",0.1729,240.0,1.38,0.8364,0.9609
19021,2022-04-24,2242,Lambton Health Unit,0.2022,180.0,1.38,0.6228,0.9223
19022,2022-04-24,2241,"Kingston, Frontenac and Lennox and Addington Health Unit",0.1959,501.0,2.35,0.9507,0.9834
19023,2022-04-24,2238,Hastings and Prince Edward Counties Health Unit,0.1766,344.0,2.04,0.934,0.9781
19024,2022-04-24,2236,Halton Regional Health Unit,0.2099,442.0,0.71,0.7276,0.8978
19025,2022-04-24,2235,"Haliburton, Kawartha, Pine Ridge District Health Unit",0.1591,227.0,1.2,0.7196,0.9186
19026,2022-04-24,2234,Haldimand-Norfolk Health Unit,0.1922,129.0,1.13,0.7863,0.9512
19027,2022-04-24,2233,Grey Bruce Health Unit,0.1625,211.0,1.24,0.6702,0.9597
19028,2022-04-24,2258,Eastern Ontario Health Unit,0.1537,244.0,1.17,0.8577,0.9488
19029,2022-04-24,2230,Durham Regional Health Unit,0.1608,845.0,1.19,0.696,0.8889
19030,2022-04-24,3895,City of Toronto Health Unit,0.1345,3632.0,1.16,0.8463,0.9521
19031,2022-04-24,2251,City of Ottawa Health Unit,0.1886,901.0,0.85,0.8351,0.9269
19032,2022-04-24,2237,City of Hamilton Health Unit,0.1746,944.0,1.59,0.9077,0.9624
19033,2022-04-24,2227,Brant County Health Unit,0.1686,170.0,1.1,0.8492,0.9008
19034,2022-04-24,2240,Chatham-Kent Health Unit,0.2092,165.0,1.55,0.7489,0.9531
19035,2022-04-24,2226,District of Algoma Health Unit,0.1852,181.0,1.58,0.8736,0.9372
19036,2022-04-24,5183,Huron Perth Health Unit,0.1292,235.0,1.68,0.7117,0.9377
19037,2022-04-24,2244,Middlesex-London Health Unit,0.1326,586.0,1.16,0.8152,0.9478
19038,2022-04-24,35,Ontario,0.1619,17096.0,1.15,0.7991,0.933
19039,2022-04-24,2262,Thunder Bay District Health Unit,0.1552,288.0,1.92,0.9089,0.9688
19040,2022-04-24,2268,Windsor-Essex County Health Unit,0.2,519.0,1.22,0.5097,0.8738
19041,2022-04-23,2270,York Regional Health Unit,0.153,1176.0,0.96,0.7576,0.9121
19042,2022-04-23,2268,Windsor-Essex County Health Unit,0.2001,522.0,1.23,0.5052,0.8711
19043,2022-04-23,2265,Waterloo Health Unit,0.1819,442.0,0.76,0.7424,0.8987
19044,2022-04-23,2263,Timiskaming Health Unit,0.0789,33.0,1.0,0.7569,0.9404
19045,2022-04-23,2262,Thunder Bay District Health Unit,0.1579,287.0,1.91,0.9071,0.9747
19046,2022-04-23,2261,Sudbury and District Health Unit,0.1555,363.0,1.82,0.8513,0.9398
19047,2022-04-23,4913,Southwestern Public Health,0.1487,291.0,1.38,0.7759,0.9571
19048,2022-04-23,2260,Simcoe Muskoka District Health Unit,0.1823,715.0,1.19,0.807,0.9351
19049,2022-04-23,2257,Renfrew County and District Health Unit,0.1289,100.0,0.92,0.6912,0.881
19050,2022-04-23,2255,Peterborough County-City Health Unit,0.1462,169.0,1.14,0.8623,0.9368
19051,2022-04-23,2253,Peel Regional Health Unit,0.1566,1263.0,0.79,0.7941,0.9338
19052,2022-04-23,35,Ontario,0.1627,17045.0,1.15,0.8003,0.9311
19053,2022-04-23,2247,North Bay Parry Sound District Health Unit,0.1851,197.0,1.52,0.8416,0.9371
19054,2022-04-23,2246,Niagara Regional Area Health Unit,0.1705,614.0,1.3,0.738,0.896
19055,2022-04-23,2244,Middlesex-London Health Unit,0.1341,588.0,1.16,0.8109,0.9472
19056,2022-04-23,2242,Lambton Health Unit,0.1995,183.0,1.4,0.6396,0.9284
19057,2022-04-23,2241,"Kingston, Frontenac and Lennox and Addington Health Unit",0.2005,499.0,2.34,0.9532,0.9824
19058,2022-04-23,5183,Huron Perth Health Unit,0.1304,240.0,1.72,0.696,0.9288
19059,2022-04-23,2238,Hastings and Prince Edward Counties Health Unit,0.1776,343.0,2.04,0.9289,0.9698
19060,2022-04-23,2236,Halton Regional Health Unit,0.2087,441.0,0.71,0.7246,0.8942
19061,2022-04-23,2235,"Haliburton, Kawartha, Pine Ridge District Health Unit",0.1614,230.0,1.22,0.7268,0.9104
19062,2022-04-23,2234,Haldimand-Norfolk Health Unit,0.1959,126.0,1.11,0.7959,0.941
19063,2022-04-23,2258,Eastern Ontario Health Unit,0.1544,248.0,1.19,0.8296,0.9224
19064,2022-04-23,2230,Durham Regional Health Unit,0.161,839.0,1.18,0.6986,0.8689
19065,2022-04-23,2226,District of Algoma Health Unit,0.1928,182.0,1.59,0.8906,0.9377
19066,2022-04-23,2251,City of Ottawa Health Unit,0.1904,895.0,0.85,0.8351,0.9249
19067,2022-04-23,2237,City of Hamilton Health Unit,0.1703,914.0,1.54,0.9115,0.967
19068,2022-04-23,2240,Chatham-Kent Health Unit,0.2024,164.0,1.54,0.7618,0.9484
19069,2022-04-23,2227,Brant County Health Unit,0.1647,172.0,1.11,0.8489,0.8934
19070,2022-04-23,3895,City of Toronto Health Unit,0.1366,3637.0,1.17,0.8491,0.9522
19071,2022-04-23,2233,Grey Bruce Health Unit,0.1644,208.0,1.22,0.6541,0.9511
19072,2022-04-23,2243,"Leeds, Grenville and Lanark District Health Unit",0.1679,238.0,1.38,0.8044,0.9375
19073,2022-04-23,2249,Northwestern Health Unit,0.1446,143.0,1.63,0.8526,0.9313
19074,2022-04-23,2256,Porcupine Health Unit,0.144,127.0,1.52,0.8465,0.9187
19075,2022-04-23,2266,Wellington-Dufferin-Guelph Health Unit,0.2042,288.0,0.92,0.7185,0.8955
19076,2022-04-22,2270,York Regional Health Unit,0.1523,1197.0,0.98,0.7567,0.9162
19077,2022-04-22,2268,Windsor-Essex County Health Unit,0.2123,511.0,1.2,0.5191,0.866
19078,2022-04-22,2266,Wellington-Dufferin-Guelph Health Unit,0.2068,294.0,0.94,0.7022,0.894
19079,2022-04-22,2265,Waterloo Health Unit,0.1826,446.0,0.76,0.7506,0.8999
19080,2022-04-22,2263,Timiskaming Health Unit,0.0711,32.0,0.98,0.7524,0.9417
19081,2022-04-22,2262,Thunder Bay District Health Unit,0.165,286.0,1.91,0.8969,0.9758
19082,2022-04-22,2261,Sudbury and District Health Unit,0.1598,352.0,1.77,0.848,0.9349
19083,2022-04-22,2260,Simcoe Muskoka District Health Unit,0.1888,714.0,1.19,0.7928,0.9351
19084,2022-04-22,2257,Renfrew County and District Health Unit,0.1309,103.0,0.94,0.6759,0.8846
19085,2022-04-22,2256,Porcupine Health Unit,0.1514,124.0,1.48,0.8428,0.9134
19086,2022-04-22,2253,Peel Regional Health Unit,0.1536,1262.0,0.79,0.7876,0.9367
19087,2022-04-22,35,Ontario,0.1663,17054.0,1.15,0.792,0.9294
19088,2022-04-22,2249,Northwestern Health Unit,0.1539,148.0,1.68,0.8364,0.9225
19089,2022-04-22,2246,Niagara Regional Area Health Unit,0.1725,624.0,1.32,0.7184,0.8873
19090,2022-04-22,2244,Middlesex-London Health Unit,0.1357,586.0,1.16,0.8069,0.9469
19091,2022-04-22,2243,"Leeds, Grenville and Lanark District Health Unit",0.181,224.0,1.29,0.7933,0.9313
19092,2022-04-22,2242,Lambton Health Unit,0.2055,183.0,1.4,0.6419,0.9232
19093,2022-04-22,2241,"Kingston, Frontenac and Lennox and Addington Health Unit",0.2066,503.0,2.36,0.9529,0.9825
19094,2022-04-22,5183,Huron Perth Health Unit,0.1308,239.0,1.71,0.6539,0.9239
19095,2022-04-22,2238,Hastings and Prince Edward Counties Health Unit,0.1814,327.0,1.94,0.9068,0.9692
19096,2022-04-22,2235,"Haliburton, Kawartha, Pine Ridge District Health Unit",0.1761,230.0,1.22,0.7264,0.9057
19097,2022-04-22,2234,Haldimand-Norfolk Health Unit,0.193,127.0,1.12,0.7783,0.9379
19098,2022-04-22,2233,Grey Bruce Health Unit,0.1773,200.0,1.18,0.6387,0.9424
19099,2022-04-22,2230,Durham Regional Health Unit,0.1672,857.0,1.2,0.6739,0.8523
19100,2022-04-22,2226,District of Algoma Health Unit,0.1955,186.0,1.62,0.9043,0.9478
19101,2022-04-22,3895,City of Toronto Health Unit,0.1397,3625.0,1.16,0.8399,0.9524
19102,2022-04-22,2237,City of Hamilton Health Unit,0.179,908.0,1.53,0.9041,0.9641
19103,2022-04-22,2240,Chatham-Kent Health Unit,0.2076,162.0,1.53,0.7555,0.9478
19104,2022-04-22,2227,Brant County Health Unit,0.17,172.0,1.11,0.8288,0.8695
19105,2022-04-22,2251,City of Ottawa Health Unit,0.1895,917.0,0.87,0.8281,0.9221
19106,2022-04-22,2258,Eastern Ontario Health Unit,0.1592,249.0,1.19,0.8362,0.9242
19107,2022-04-22,2236,Halton Regional Health Unit,0.2185,441.0,0.71,0.7204,0.905
19108,2022-04-22,2247,North Bay Parry Sound District Health Unit,0.1877,202.0,1.55,0.8404,0.94
19109,2022-04-22,2255,Peterborough County-City Health Unit,0.1514,168.0,1.14,0.8588,0.9407
19110,2022-04-22,4913,Southwestern Public Health,0.1382,287.0,1.36,0.7497,0.9543
19111,2022-04-21,2270,York Regional Health Unit,0.1573,1154.0,0.94,0.768,0.9243
19112,2022-04-21,2268,Windsor-Essex County Health Unit,0.2152,506.0,1.19,0.5542,0.8893
19113,2022-04-21,2266,Wellington-Dufferin-Guelph Health Unit,0.2042,270.0,0.87,0.7393,0.9241
19114,2022-04-21,2265,Waterloo Health Unit,0.1831,431.0,0.74,0.7666,0.9169
19115,2022-04-21,2262,Thunder Bay District Health Unit,0.1683,261.0,1.74,0.8907,0.9743
19116,2022-04-21,2261,Sudbury and District Health Unit,0.1691,325.0,1.63,0.9079,0.9728
19117,2022-04-21,4913,Southwestern Public Health,0.1436,261.0,1.23,0.7538,0.9606
19118,2022-04-21,2257,Renfrew County and District Health Unit,0.1313,97.0,0.89,0.6847,0.8818
19119,2022-04-21,2256,Porcupine Health Unit,0.1521,113.0,1.35,0.8671,0.9336
19120,2022-04-21,2255,Peterborough County-City Health Unit,0.1718,154.0,1.04,0.863,0.937
19121,2022-04-21,35,Ontario,0.1697,16044.0,1.08,0.8007,0.9379
19122,2022-04-21,2249,Northwestern Health Unit,0.155,141.0,1.61,0.853,0.9285
19123,2022-04-21,2247,North Bay Parry Sound District Health Unit,0.1751,187.0,1.44,0.7861,0.9417
19124,2022-04-21,2246,Niagara Regional Area Health Unit,0.173,590.0,1.25,0.7232,0.8946
19125,2022-04-21,2244,Middlesex-London Health Unit,0.1354,559.0,1.1,0.8316,0.9617
19126,2022-04-21,2243,"Leeds, Grenville and Lanark District Health Unit",0.1734,204.0,1.18,0.797,0.9328
19127,2022-04-21,2242,Lambton Health Unit,0.2055,172.0,1.31,0.6432,0.9419
19128,2022-04-21,5183,Huron Perth Health Unit,0.1474,205.0,1.47,0.6511,0.9321
19129,2022-04-21,2238,Hastings and Prince Edward Counties Health Unit,0.1797,318.0,1.89,0.9091,0.9706
19130,2022-04-21,2236,Halton Regional Health Unit,0.2199,420.0,0.68,0.7247,0.9116
19131,2022-04-21,2234,Haldimand-Norfolk Health Unit,0.1995,111.0,0.97,0.7802,0.9337
19132,2022-04-21,2233,Grey Bruce Health Unit,0.1778,196.0,1.15,0.6902,0.95
19133,2022-04-21,2258,Eastern Ontario Health Unit,0.1528,254.0,1.22,0.8413,0.9288
19134,2022-04-21,2226,District of Algoma Health Unit,0.2141,180.0,1.57,0.8989,0.9498
19135,2022-04-21,3895,City of Toronto Health Unit,0.1438,3385.0,1.08,0.8513,0.9605
19136,2022-04-21,2251,City of Ottawa Health Unit,0.1967,857.0,0.81,0.8241,0.9275
19137,2022-04-21,2237,City of Hamilton Health Unit,0.1885,837.0,1.41,0.9061,0.9677
19138,2022-04-21,2240,Chatham-Kent Health Unit,0.2041,153.0,1.44,0.8052,0.958
19139,2022-04-21,2227,Brant County Health Unit,0.1786,163.0,1.05,0.8297,0.8929
19140,2022-04-21,2230,Durham Regional Health Unit,0.1666,803.0,1.13,0.6779,0.8639
19141,2022-04-21,2235,"Haliburton, Kawartha, Pine Ridge District Health Unit",0.1814,203.0,1.08,0.7353,0.9077
19142,2022-04-21,2241,"Kingston, Frontenac and Lennox and Addington Health Unit",0.1968,462.0,2.17,0.9499,0.9824
19143,2022-04-21,2253,Peel Regional Health Unit,0.1566,1197.0,0.75,0.7975,0.9441
19144,2022-04-21,2260,Simcoe Muskoka District Health Unit,0.1978,684.0,1.14,0.8037,0.9438
19145,2022-04-21,2263,Timiskaming Health Unit,0.064,29.0,0.89,0.7072,0.9459
19146,2022-04-20,2270,York Regional Health Unit,0.1562,1194.0,0.97,0.7555,0.9258
19147,2022-04-20,2266,Wellington-Dufferin-Guelph Health Unit,0.2114,273.0,0.88,0.7628,0.924
19148,2022-04-20,2265,Waterloo Health Unit,0.1856,440.0,0.75,0.7657,0.9149
19149,2022-04-20,2263,Timiskaming Health Unit,0.0773,30.0,0.9,0.6393,0.9643
19150,2022-04-20,2261,Sudbury and District Health Unit,0.175,319.0,1.6,0.8775,0.974
19151,2022-04-20,4913,Southwestern Public Health,0.1492,253.0,1.2,0.7388,0.949
19152,2022-04-20,2260,Simcoe Muskoka District Health Unit,0.2029,701.0,1.17,0.776,0.9199
19153,2022-04-20,2256,Porcupine Health Unit,0.1458,123.0,1.48,0.8811,0.9328
19154,2022-04-20,2255,Peterborough County-City Health Unit,0.1779,161.0,1.09,0.8161,0.9137
19155,2022-04-20,2253,Peel Regional Health Unit,0.1569,1179.0,0.73,0.7973,0.9482
19156,2022-04-20,35,Ontario,0.1729,16129.0,1.09,0.7887,0.9306
19157,2022-04-20,2249,Northwestern Health Unit,0.1672,141.0,1.61,0.8045,0.8973
19158,2022-04-20,2247,North Bay Parry Sound District Health Unit,0.1781,181.0,1.4,0.8091,0.9273
19159,2022-04-20,2246,Niagara Regional Area Health Unit,0.1789,588.0,1.24,0.7319,0.9055
19160,2022-04-20,2243,"Leeds, Grenville and Lanark District Health Unit",0.1759,211.0,1.22,0.7893,0.9203
19161,2022-04-20,2242,Lambton Health Unit,0.2242,164.0,1.26,0.6406,0.9329
19162,2022-04-20,2241,"Kingston, Frontenac and Lennox and Addington Health Unit",0.2058,457.0,2.15,0.9511,0.9832
19163,2022-04-20,2238,Hastings and Prince Edward Counties Health Unit,0.1812,323.0,1.92,0.9104,0.9697
19164,2022-04-20,2236,Halton Regional Health Unit,0.2318,410.0,0.66,0.7141,0.9108
19165,2022-04-20,2235,"Haliburton, Kawartha, Pine Ridge District Health Unit",0.1829,208.0,1.1,0.6842,0.8487
19166,2022-04-20,2233,Grey Bruce Health Unit,0.1799,206.0,1.21,0.6784,0.9274
19167,2022-04-20,2258,Eastern Ontario Health Unit,0.1514,266.0,1.28,0.8268,0.9177
19168,2022-04-20,2230,Durham Regional Health Unit,0.1619,839.0,1.18,0.6292,0.8196
19169,2022-04-20,2226,District of Algoma Health Unit,0.22,177.0,1.55,0.9057,0.959
19170,2022-04-20,3895,City of Toronto Health Unit,0.1462,3395.0,1.09,0.8384,0.9581
19171,2022-04-20,2251,City of Ottawa Health Unit,0.1983,850.0,0.81,0.8267,0.927
19172,2022-04-20,2237,City of Hamilton Health Unit,0.1952,831.0,1.4,0.892,0.9706
19173,2022-04-20,2227,Brant County Health Unit,0.1966,161.0,1.04,0.7327,0.7974
19174,2022-04-20,2240,Chatham-Kent Health Unit,0.1996,157.0,1.47,0.7719,0.9537
19175,2022-04-20,2234,Haldimand-Norfolk Health Unit,0.2058,113.0,0.99,0.7402,0.9341
19176,2022-04-20,5183,Huron Perth Health Unit,0.1458,211.0,1.51,0.6783,0.9288
19177,2022-04-20,2244,Middlesex-London Health Unit,0.1414,551.0,1.09,0.8532,0.9618
19178,2022-04-20,2257,Renfrew County and District Health Unit,0.1388,100.0,0.92,0.6873,0.8884
19179,2022-04-20,2262,Thunder Bay District Health Unit,0.1756,242.0,1.62,0.8797,0.9713
19180,2022-04-20,2268,Windsor-Essex County Health Unit,0.2222,509.0,1.2,0.5485,0.8873
19181,2022-04-19,2270,York Regional Health Unit,0.1593,1161.0,0.95,0.7416,0.9232
19182,2022-04-19,2268,Windsor-Essex County Health Unit,0.226,515.0,1.21,0.5395,0.8783
19183,2022-04-19,2265,Waterloo Health Unit,0.188,439.0,0.75,0.7371,0.9167
19184,2022-04-19,2263,Timiskaming Health Unit,0.081,35.0,1.08,0.679,0.9918
19185,2022-04-19,2262,Thunder Bay District Health Unit,0.1706,231.0,1.54,0.9054,0.9752
19186,2022-04-19,4913,Southwestern Public Health,0.156,248.0,1.17,0.7158,0.9386
19187,2022-04-19,2260,Simcoe Muskoka District Health Unit,0.2078,726.0,1.21,0.7537,0.9162
19188,2022-04-19,2257,Renfrew County and District Health Unit,0.1292,103.0,0.95,0.6806,0.8996
19189,2022-04-19,2256,Porcupine Health Unit,0.1511,114.0,1.37,0.821,0.8721
19190,2022-04-19,2255,Peterborough County-City Health Unit,0.169,172.0,1.17,0.8122,0.9038
19191,2022-04-19,2253,Peel Regional Health Unit,0.1521,1163.0,0.72,0.7912,0.9435
19192,2022-04-19,35,Ontario,0.1741,16120.0,1.09,0.7768,0.9276
19193,2022-04-19,2247,North Bay Parry Sound District Health Unit,0.1888,179.0,1.38,0.7959,0.9197
19194,2022-04-19,2246,Niagara Regional Area Health Unit,0.1791,576.0,1.22,0.7274,0.896
19195,2022-04-19,2244,Middlesex-London Health Unit,0.1484,560.0,1.1,0.8479,0.959
19196,2022-04-19,2242,Lambton Health Unit,0.2343,162.0,1.23,0.6098,0.9251
19197,2022-04-19,2241,"Kingston, Frontenac and Lennox and Addington Health Unit",0.208,471.0,2.21,0.9527,0.9855
19198,2022-04-19,5183,Huron Perth Health Unit,0.1248,212.0,1.51,0.6999,0.9306
19199,2022-04-19,2236,Halton Regional Health Unit,0.2339,406.0,0.66,0.7082,0.9059
19200,2022-04-19,2235,"Haliburton, Kawartha, Pine Ridge District Health Unit",0.1904,202.0,1.07,0.6789,0.8349
19201,2022-04-19,2234,Haldimand-Norfolk Health Unit,0.2245,109.0,0.96,0.7467,0.9281
19202,2022-04-19,2233,Grey Bruce Health Unit,0.163,206.0,1.21,0.6618,0.9239
19203,2022-04-19,2258,Eastern Ontario Health Unit,0.1572,243.0,1.16,0.8135,0.9165
19204,2022-04-19,2230,Durham Regional Health Unit,0.1604,874.0,1.23,0.6059,0.8136
19205,2022-04-19,2226,District of Algoma Health Unit,0.2238,172.0,1.5,0.7741,0.9515
19206,2022-04-19,2251,City of Ottawa Health Unit,0.1993,858.0,0.81,0.8148,0.939
19207,2022-04-19,2237,City of Hamilton Health Unit,0.1995,817.0,1.38,0.8802,0.9706
19208,2022-04-19,2240,Chatham-Kent Health Unit,0.1953,159.0,1.5,0.7462,0.9476
19209,2022-04-19,2227,Brant County Health Unit,0.2014,165.0,1.06,0.7401,0.8072
19210,2022-04-19,3895,City of Toronto Health Unit,0.1461,3426.0,1.1,0.8303,0.9548
19211,2022-04-19,2238,Hastings and Prince Edward Counties Health Unit,0.1766,341.0,2.03,0.9104,0.9697
19212,2022-04-19,2243,"Leeds, Grenville and Lanark District Health Unit",0.1725,216.0,1.25,0.78,0.9198
19213,2022-04-19,2249,Northwestern Health Unit,0.1753,132.0,1.51,0.8033,0.8956
19214,2022-04-19,2261,Sudbury and District Health Unit,0.1974,286.0,1.44,0.8835,0.9721
19215,2022-04-19,2266,Wellington-Dufferin-Guelph Health Unit,0.2063,277.0,0.89,0.7463,0.9189
19216,2022-04-18,2270,York Regional Health Unit,0.1582,1153.0,0.94,0.7458,0.9212
19217,2022-04-18,2268,Windsor-Essex County Health Unit,0.2171,530.0,1.25,0.5691,0.8763
19218,2022-04-18,2266,Wellington-Dufferin-Guelph Health Unit,0.2007,263.0,0.84,0.7583,0.9336
19219,2022-04-18,2263,Timiskaming Health Unit,0.0795,38.0,1.15,0.6061,0.9798
19220,2022-04-18,2262,Thunder Bay District Health Unit,0.1683,225.0,1.5,0.9116,0.9752
19221,2022-04-18,2261,Sudbury and District Health Unit,0.2013,288.0,1.45,0.8973,0.9758
19222,2022-04-18,4913,Southwestern Public Health,0.162,240.0,1.13,0.7435,0.9425
19223,2022-04-18,2260,Simcoe Muskoka District Health Unit,0.2131,739.0,1.23,0.7482,0.9132
19224,2022-04-18,2257,Renfrew County and District Health Unit,0.1243,101.0,0.93,0.7072,0.9095
19225,2022-04-18,2256,Porcupine Health Unit,0.1501,104.0,1.24,0.8154,0.8741
19226,2022-04-18,2253,Peel Regional Health Unit,0.1511,1168.0,0.73,0.7912,0.9385
19227,2022-04-18,35,Ontario,0.1753,15997.0,1.08,0.7795,0.9287
19228,2022-04-18,2249,Northwestern Health Unit,0.1869,129.0,1.47,0.813,0.9049
19229,2022-04-18,2246,Niagara Regional Area Health Unit,0.1878,569.0,1.2,0.7202,0.8862
19230,2022-04-18,2244,Middlesex-London Health Unit,0.1673,536.0,1.06,0.8488,0.9591
19231,2022-04-18,2243,"Leeds, Grenville and Lanark District Health Unit",0.1644,211.0,1.22,0.7426,0.9205
19232,2022-04-18,2241,"Kingston, Frontenac and Lennox and Addington Health Unit",0.2055,470.0,2.21,0.9555,0.9861
19233,2022-04-18,5183,Huron Perth Health Unit,0.1132,202.0,1.44,0.7316,0.9471
19234,2022-04-18,2238,Hastings and Prince Edward Counties Health Unit,0.172,359.0,2.13,0.9167,0.9705
19235,2022-04-18,2236,Halton Regional Health Unit,0.2443,409.0,0.66,0.7025,0.9002
19236,2022-04-18,2235,"Haliburton, Kawartha, Pine Ridge District Health Unit",0.1966,193.0,1.02,0.6452,0.8438
19237,2022-04-18,2234,Haldimand-Norfolk Health Unit,0.2383,110.0,0.96,0.7635,0.9344
19238,2022-04-18,2233,Grey Bruce Health Unit,0.1644,208.0,1.22,0.6445,0.9292
19239,2022-04-18,2230,Durham Regional Health Unit,0.1576,872.0,1.22,0.5889,0.8105
19240,2022-04-18,2226,District of Algoma Health Unit,0.2438,161.0,1.41,0.7898,0.9496
19241,2022-04-18,3895,City of Toronto Health Unit,0.1484,3386.0,1.08,0.8358,0.9546
19242,2022-04-18,2237,City of Hamilton Health Unit,0.1988,826.0,1.4,0.8768,0.9674
19243,2022-04-18,2240,Chatham-Kent Health Unit,0.202,157.0,1.48,0.7487,0.9466
19244,2022-04-18,2227,Brant County Health Unit,0.1979,166.0,1.07,0.7473,0.8178
19245,2022-04-18,2251,City of Ottawa Health Unit,0.1875,839.0,0.8,0.8277,0.9518
19246,2022-04-18,2258,Eastern Ontario Health Unit,0.1546,241.0,1.16,0.8188,0.9207
19247,2022-04-18,2242,Lambton Health Unit,0.2475,158.0,1.2,0.6146,0.928
19248,2022-04-18,2247,North Bay Parry Sound District Health Unit,0.1978,165.0,1.27,0.7914,0.9096
19249,2022-04-18,2255,Peterborough County-City Health Unit,0.1842,174.0,1.17,0.7972,0.9102
19250,2022-04-18,2265,Waterloo Health Unit,0.1849,449.0,0.77,0.7226,0.9207
19251,2022-04-17,2270,York Regional Health Unit,0.1572,1185.0,0.97,0.7531,0.9196
19252,2022-04-17,2268,Windsor-Essex County Health Unit,0.2089,550.0,1.29,0.5689,0.8641
19253,2022-04-17,2266,Wellington-Dufferin-Guelph Health Unit,0.2003,288.0,0.92,0.7583,0.9209
19254,2022-04-17,2265,Waterloo Health Unit,0.1863,485.0,0.83,0.7097,0.9118
19255,2022-04-17,2263,Timiskaming Health Unit,0.0642,38.0,1.16,0.5159,0.9827
19256,2022-04-17,2262,Thunder Bay District Health Unit,0.1651,222.0,1.48,0.9076,0.974
19257,2022-04-17,2261,Sudbury and District Health Unit,0.2029,295.0,1.48,0.8923,0.9735
19258,2022-04-17,4913,Southwestern Public Health,0.1512,268.0,1.27,0.7457,0.941
19259,2022-04-17,2257,Renfrew County and District Health Unit,0.1348,106.0,0.98,0.6616,0.8774
19260,2022-04-17,2256,Porcupine Health Unit,0.1383,108.0,1.3,0.8366,0.8932
19261,2022-04-17,2255,Peterborough County-City Health Unit,0.1848,189.0,1.28,0.7911,0.9067
19262,2022-04-17,35,Ontario,0.1759,16590.0,1.12,0.7774,0.9254
19263,2022-04-17,2249,Northwestern Health Unit,0.1807,139.0,1.59,0.8229,0.9161
19264,2022-04-17,2247,North Bay Parry Sound District Health Unit,0.1862,173.0,1.34,0.7432,0.8548
19265,2022-04-17,2244,Middlesex-London Health Unit,0.1691,549.0,1.08,0.8452,0.9582
19266,2022-04-17,2243,"Leeds, Grenville and Lanark District Health Unit",0.1717,205.0,1.18,0.7422,0.9211
19267,2022-04-17,2242,Lambton Health Unit,0.2711,163.0,1.24,0.5933,0.9275
19268,2022-04-17,2241,"Kingston, Frontenac and Lennox and Addington Health Unit",0.2014,501.0,2.35,0.9519,0.9819
19269,2022-04-17,5183,Huron Perth Health Unit,0.1194,217.0,1.55,0.7242,0.9438
19270,2022-04-17,2238,Hastings and Prince Edward Counties Health Unit,0.1713,387.0,2.3,0.9167,0.9696
19271,2022-04-17,2236,Halton Regional Health Unit,0.2417,411.0,0.66,0.7014,0.8957
19272,2022-04-17,2234,Haldimand-Norfolk Health Unit,0.2325,122.0,1.07,0.741,0.9202
19273,2022-04-17,2233,Grey Bruce Health Unit,0.1748,229.0,1.35,0.6542,0.9244
19274,2022-04-17,2258,Eastern Ontario Health Unit,0.155,260.0,1.25,0.7937,0.9144
19275,2022-04-17,2226,District of Algoma Health Unit,0.2109,201.0,1.76,0.7981,0.9499
19276,2022-04-17,3895,City of Toronto Health Unit,0.1532,3416.0,1.09,0.8351,0.9526
19277,2022-04-17,2251,City of Ottawa Health Unit,0.1922,885.0,0.84,0.8201,0.952
19278,2022-04-17,2240,Chatham-Kent Health Unit,0.2254,165.0,1.56,0.7462,0.9416
19279,2022-04-17,2227,Brant County Health Unit,0.1883,190.0,1.22,0.7396,0.809
19280,2022-04-17,2237,City of Hamilton Health Unit,0.1905,846.0,1.43,0.8808,0.9669
19281,2022-04-17,2230,Durham Regional Health Unit,0.1591,904.0,1.27,0.5999,0.8116
19282,2022-04-17,2235,"Haliburton, Kawartha, Pine Ridge District Health Unit",0.2031,200.0,1.06,0.6451,0.841
19283,2022-04-17,2246,Niagara Regional Area Health Unit,0.1908,589.0,1.25,0.7114,0.8798
19284,2022-04-17,2253,Peel Regional Health Unit,0.1469,1161.0,0.72,0.7932,0.9392
19285,2022-04-17,2260,Simcoe Muskoka District Health Unit,0.2102,786.0,1.31,0.7484,0.91
19286,2022-04-16,2270,York Regional Health Unit,0.1612,1184.0,0.97,0.7564,0.9249
19287,2022-04-16,2268,Windsor-Essex County Health Unit,0.2136,552.0,1.3,0.5831,0.8748
19288,2022-04-16,2266,Wellington-Dufferin-Guelph Health Unit,0.1951,299.0,0.96,0.7563,0.9271
19289,2022-04-16,2265,Waterloo Health Unit,0.1805,492.0,0.84,0.6879,0.9182
19290,2022-04-16,2263,Timiskaming Health Unit,0.0671,43.0,1.3,0.4863,0.9809
19291,2022-04-16,2261,Sudbury and District Health Unit,0.1983,307.0,1.54,0.8882,0.9777
19292,2022-04-16,4913,Southwestern Public Health,0.1508,274.0,1.29,0.7245,0.9442
19293,2022-04-16,2260,Simcoe Muskoka District Health Unit,0.2073,799.0,1.33,0.7465,0.9189
19294,2022-04-16,2256,Porcupine Health Unit,0.1458,113.0,1.35,0.8464,0.9007
19295,2022-04-16,2255,Peterborough County-City Health Unit,0.1808,197.0,1.33,0.7835,0.9056
19296,2022-04-16,2253,Peel Regional Health Unit,0.1461,1162.0,0.72,0.789,0.9423
19297,2022-04-16,2249,Northwestern Health Unit,0.1724,140.0,1.6,0.811,0.9224
19298,2022-04-16,2247,North Bay Parry Sound District Health Unit,0.187,171.0,1.32,0.7363,0.8518
19299,2022-04-16,2246,Niagara Regional Area Health Unit,0.1831,584.0,1.24,0.7019,0.884
19300,2022-04-16,2244,Middlesex-London Health Unit,0.1684,550.0,1.08,0.8473,0.963
19301,2022-04-16,2243,"Leeds, Grenville and Lanark District Health Unit",0.1748,213.0,1.23,0.7664,0.9404
19302,2022-04-16,2242,Lambton Health Unit,0.2698,160.0,1.22,0.5837,0.9226
19303,2022-04-16,2241,"Kingston, Frontenac and Lennox and Addington Health Unit",0.2072,509.0,2.39,0.9519,0.9841
19304,2022-04-16,2238,Hastings and Prince Edward Counties Health Unit,0.1699,393.0,2.33,0.9258,0.9785
19305,2022-04-16,2236,Halton Regional Health Unit,0.2413,417.0,0.67,0.7054,0.9097
19306,2022-04-16,2235,"Haliburton, Kawartha, Pine Ridge District Health Unit",0.2098,209.0,1.11,0.642,0.858
19307,2022-04-16,2233,Grey Bruce Health Unit,0.1737,244.0,1.44,0.6226,0.9317
19308,2022-04-16,2258,Eastern Ontario Health Unit,0.159,264.0,1.27,0.819,0.9395
19309,2022-04-16,2230,Durham Regional Health Unit,0.1603,924.0,1.3,0.5973,0.8308
19310,2022-04-16,3895,City of Toronto Health Unit,0.1534,3419.0,1.1,0.8289,0.956
19311,2022-04-16,2251,City of Ottawa Health Unit,0.1915,897.0,0.85,0.8179,0.9569
19312,2022-04-16,2237,City of Hamilton Health Unit,0.2042,866.0,1.46,0.8791,0.9679
19313,2022-04-16,2240,Chatham-Kent Health Unit,0.2296,166.0,1.56,0.7161,0.9432
19314,2022-04-16,2227,Brant County Health Unit,0.1981,191.0,1.23,0.7416,0.8226
19315,2022-04-16,2226,District of Algoma Health Unit,0.2059,208.0,1.82,0.8051,0.9539
19316,2022-04-16,2234,Haldimand-Norfolk Health Unit,0.23,127.0,1.11,0.736,0.9277
19317,2022-04-16,5183,Huron Perth Health Unit,0.1183,213.0,1.52,0.7464,0.9595
19318,2022-04-16,35,Ontario,0.1766,16766.0,1.13,0.7755,0.9323
19319,2022-04-16,2257,Renfrew County and District Health Unit,0.1289,105.0,0.97,0.6911,0.9228
19320,2022-04-16,2262,Thunder Bay District Health Unit,0.1623,218.0,1.46,0.9149,0.9759
19321,2022-04-15,2270,York Regional Health Unit,0.1596,1179.0,0.96,0.7537,0.921
19322,2022-04-15,2268,Windsor-Essex County Health Unit,0.2046,561.0,1.32,0.5721,0.8832
19323,2022-04-15,2265,Waterloo Health Unit,0.1822,502.0,0.86,0.6795,0.9184
19324,2022-04-15,2263,Timiskaming Health Unit,0.0819,49.0,1.49,0.509,0.9819
19325,2022-04-15,2262,Thunder Bay District Health Unit,0.1552,214.0,1.43,0.9224,0.9759
19326,2022-04-15,4913,Southwestern Public Health,0.154,270.0,1.28,0.7641,0.9494
19327,2022-04-15,2260,Simcoe Muskoka District Health Unit,0.2048,811.0,1.35,0.7614,0.9203
19328,2022-04-15,2257,Renfrew County and District Health Unit,0.1197,107.0,0.99,0.6969,0.9186
19329,2022-04-15,2255,Peterborough County-City Health Unit,0.1745,195.0,1.32,0.7943,0.9105
19330,2022-04-15,2253,Peel Regional Health Unit,0.1453,1165.0,0.73,0.8036,0.9422
19331,2022-04-15,35,Ontario,0.1744,16849.0,1.14,0.7816,0.9338
19332,2022-04-15,2249,Northwestern Health Unit,0.1663,140.0,1.6,0.8153,0.9273
19333,2022-04-15,2247,North Bay Parry Sound District Health Unit,0.1806,164.0,1.26,0.7303,0.8426
19334,2022-04-15,2246,Niagara Regional Area Health Unit,0.1833,552.0,1.17,0.7263,0.888
19335,2022-04-15,2244,Middlesex-London Health Unit,0.1691,556.0,1.1,0.8428,0.9636
19336,2022-04-15,2242,Lambton Health Unit,0.2637,167.0,1.27,0.6194,0.9298
19337,2022-04-15,2241,"Kingston, Frontenac and Lennox and Addington Health Unit",0.1991,519.0,2.44,0.9521,0.9833
19338,2022-04-15,5183,Huron Perth Health Unit,0.1115,220.0,1.58,0.7821,0.9666
19339,2022-04-15,2236,Halton Regional Health Unit,0.2421,423.0,0.68,0.7216,0.9005
19340,2022-04-15,2235,"Haliburton, Kawartha, Pine Ridge District Health Unit",0.2035,205.0,1.09,0.6602,0.8726
19341,2022-04-15,2234,Haldimand-Norfolk Health Unit,0.2486,128.0,1.12,0.76,0.9334
19342,2022-04-15,2258,Eastern Ontario Health Unit,0.154,274.0,1.31,0.8191,0.9384
19343,2022-04-15,2230,Durham Regional Health Unit,0.1568,913.0,1.28,0.6174,0.8458
19344,2022-04-15,2226,District of Algoma Health Unit,0.2082,209.0,1.82,0.7852,0.9466
19345,2022-04-15,3895,City of Toronto Health Unit,0.1524,3440.0,1.1,0.8279,0.9552
19346,2022-04-15,2251,City of Ottawa Health Unit,0.1876,898.0,0.85,0.8216,0.9565
19347,2022-04-15,2237,City of Hamilton Health Unit,0.1983,874.0,1.48,0.8852,0.9688
19348,2022-04-15,2240,Chatham-Kent Health Unit,0.2377,162.0,1.53,0.731,0.9381
19349,2022-04-15,2227,Brant County Health Unit,0.1931,194.0,1.25,0.7216,0.8439
19350,2022-04-15,2233,Grey Bruce Health Unit,0.1732,247.0,1.46,0.6204,0.9352
19351,2022-04-15,2238,Hastings and Prince Edward Counties Health Unit,0.1699,409.0,2.43,0.9415,0.9781
19352,2022-04-15,2243,"Leeds, Grenville and Lanark District Health Unit",0.1695,217.0,1.26,0.7589,0.9344
19353,2022-04-15,2256,Porcupine Health Unit,0.1368,115.0,1.38,0.8532,0.909
19354,2022-04-15,2261,Sudbury and District Health Unit,0.1931,319.0,1.6,0.8837,0.9811
19355,2022-04-15,2266,Wellington-Dufferin-Guelph Health Unit,0.1945,295.0,0.94,0.7802,0.9272
19356,2022-04-14,2270,York Regional Health Unit,0.1569,1223.0,1.0,0.7478,0.9152
19357,2022-04-14,2268,Windsor-Essex County Health Unit,0.2054,583.0,1.37,0.5513,0.8746
19358,2022-04-14,2266,Wellington-Dufferin-Guelph Health Unit,0.1918,317.0,1.02,0.7795,0.9197
19359,2022-04-14,2263,Timiskaming Health Unit,0.1137,55.0,1.69,0.5177,0.9809
19360,2022-04-14,2262,Thunder Bay District Health Unit,0.1438,227.0,1.52,0.9148,0.9747
19361,2022-04-14,2261,Sudbury and District Health Unit,0.1728,355.0,1.78,0.882,0.9813
19362,2022-04-14,2260,Simcoe Muskoka District Health Unit,0.2025,852.0,1.42,0.7489,0.9142
19363,2022-04-14,2257,Renfrew County and District Health Unit,0.1174,114.0,1.05,0.7038,0.9174
19364,2022-04-14,2256,Porcupine Health Unit,0.1499,124.0,1.48,0.8461,0.9017
19365,2022-04-14,2255,Peterborough County-City Health Unit,0.1711,208.0,1.4,0.7981,0.9109
19366,2022-04-14,2253,Peel Regional Health Unit,0.1459,1223.0,0.76,0.7963,0.938
19367,2022-04-14,35,Ontario,0.1735,17828.0,1.2,0.7776,0.9292
19368,2022-04-14,2249,Northwestern Health Unit,0.1623,151.0,1.73,0.7469,0.8885
19369,2022-04-14,2246,Niagara Regional Area Health Unit,0.1836,590.0,1.25,0.7069,0.8856
19370,2022-04-14,2244,Middlesex-London Health Unit,0.1713,572.0,1.13,0.8399,0.9597
19371,2022-04-14,2243,"Leeds, Grenville and Lanark District Health Unit",0.1624,229.0,1.32,0.751,0.9183
19372,2022-04-14,2241,"Kingston, Frontenac and Lennox and Addington Health Unit",0.2063,567.0,2.67,0.9465,0.9767
19373,2022-04-14,5183,Huron Perth Health Unit,0.1078,251.0,1.79,0.8108,0.9563
19374,2022-04-14,2238,Hastings and Prince Edward Counties Health Unit,0.1617,433.0,2.57,0.927,0.9787
19375,2022-04-14,2235,"Haliburton, Kawartha, Pine Ridge District Health Unit",0.2069,229.0,1.21,0.661,0.8754
19376,2022-04-14,2234,Haldimand-Norfolk Health Unit,0.2418,143.0,1.25,0.7659,0.9314
19377,2022-04-14,2233,Grey Bruce Health Unit,0.1903,269.0,1.58,0.5857,0.9192
19378,2022-04-14,2258,Eastern Ontario Health Unit,0.1639,264.0,1.27,0.8159,0.9295
19379,2022-04-14,2230,Durham Regional Health Unit,0.1574,978.0,1.37,0.6289,0.8426
19380,2022-04-14,2226,District of Algoma Health Unit,0.1954,212.0,1.85,0.7913,0.9423
19381,2022-04-14,3895,City of Toronto Health Unit,0.1525,3637.0,1.17,0.8215,0.9505
19382,2022-04-14,2237,City of Hamilton Health Unit,0.1997,890.0,1.5,0.8773,0.9649
19383,2022-04-14,2240,Chatham-Kent Health Unit,0.2305,175.0,1.65,0.7173,0.9334
19384,2022-04-14,2227,Brant County Health Unit,0.1921,202.0,1.3,0.7372,0.8469
19385,2022-04-14,2251,City of Ottawa Health Unit,0.1873,937.0,0.89,0.8202,0.9516
19386,2022-04-14,2236,Halton Regional Health Unit,0.2405,453.0,0.73,0.7262,0.8962
19387,2022-04-14,2242,Lambton Health Unit,0.2536,179.0,1.37,0.6009,0.9304
19388,2022-04-14,2247,North Bay Parry Sound District Health Unit,0.1678,186.0,1.43,0.7987,0.8515
19389,2022-04-14,4913,Southwestern Public Health,0.1512,304.0,1.44,0.7766,0.9513
19390,2022-04-14,2265,Waterloo Health Unit,0.1835,529.0,0.91,0.673,0.9098
19391,2022-04-13,2268,Windsor-Essex County Health Unit,0.1943,605.0,1.42,0.6042,0.8869
19392,2022-04-13,2266,Wellington-Dufferin-Guelph Health Unit,0.1915,319.0,1.02,0.7902,0.9235
19393,2022-04-13,2265,Waterloo Health Unit,0.1878,545.0,0.93,0.6938,0.919
19394,2022-04-13,2262,Thunder Bay District Health Unit,0.1297,237.0,1.58,0.9207,0.978
19395,2022-04-13,2261,Sudbury and District Health Unit,0.1681,373.0,1.87,0.8997,0.985
19396,2022-04-13,4913,Southwestern Public Health,0.1538,297.0,1.41,0.8263,0.961
19397,2022-04-13,2260,Simcoe Muskoka District Health Unit,0.204,822.0,1.37,0.7809,0.942
19398,2022-04-13,2257,Renfrew County and District Health Unit,0.114,109.0,1.0,0.6953,0.9238
19399,2022-04-13,2256,Porcupine Health Unit,0.16,111.0,1.33,0.825,0.8996
19400,2022-04-13,2255,Peterborough County-City Health Unit,0.1596,210.0,1.42,0.8483,0.9392
19401,2022-04-13,35,Ontario,0.1723,17759.0,1.2,0.7948,0.937
19402,2022-04-13,2249,Northwestern Health Unit,0.1629,150.0,1.71,0.7947,0.9181
19403,2022-04-13,2247,North Bay Parry Sound District Health Unit,0.1615,190.0,1.47,0.7478,0.8033
19404,2022-04-13,2244,Middlesex-London Health Unit,0.1693,579.0,1.14,0.861,0.9641
19405,2022-04-13,2243,"Leeds, Grenville and Lanark District Health Unit",0.1563,224.0,1.29,0.7545,0.9171
19406,2022-04-13,2242,Lambton Health Unit,0.2498,180.0,1.37,0.6708,0.9368
19407,2022-04-13,5183,Huron Perth Health Unit,0.1054,256.0,1.83,0.82,0.9625
19408,2022-04-13,2238,Hastings and Prince Edward Counties Health Unit,0.1549,433.0,2.57,0.9312,0.98
19409,2022-04-13,2236,Halton Regional Health Unit,0.2373,454.0,0.73,0.7486,0.9053
19410,2022-04-13,2235,"Haliburton, Kawartha, Pine Ridge District Health Unit",0.2077,226.0,1.19,0.687,0.937
19411,2022-04-13,2234,Haldimand-Norfolk Health Unit,0.2286,140.0,1.23,0.8026,0.9296
19412,2022-04-13,2233,Grey Bruce Health Unit,0.192,265.0,1.56,0.5966,0.9372
19413,2022-04-13,2258,Eastern Ontario Health Unit,0.1707,254.0,1.21,0.8262,0.9352
19414,2022-04-13,2226,District of Algoma Health Unit,0.1945,224.0,1.96,0.8133,0.9505
19415,2022-04-13,3895,City of Toronto Health Unit,0.1519,3632.0,1.16,0.8355,0.9537
19416,2022-04-13,2251,City of Ottawa Health Unit,0.1829,950.0,0.9,0.8087,0.9511
19417,2022-04-13,2240,Chatham-Kent Health Unit,0.2255,166.0,1.56,0.7735,0.9338
19418,2022-04-13,2227,Brant County Health Unit,0.1851,204.0,1.31,0.7665,0.884
19419,2022-04-13,2237,City of Hamilton Health Unit,0.1951,894.0,1.51,0.8822,0.9657
19420,2022-04-13,2230,Durham Regional Health Unit,0.163,957.0,1.34,0.6866,0.8859
19421,2022-04-13,2241,"Kingston, Frontenac and Lennox and Addington Health Unit",0.1981,576.0,2.71,0.9477,0.9765
19422,2022-04-13,2246,Niagara Regional Area Health Unit,0.183,572.0,1.21,0.6972,0.8857
19423,2022-04-13,2253,Peel Regional Health Unit,0.1488,1202.0,0.75,0.7958,0.9385
19424,2022-04-13,2263,Timiskaming Health Unit,0.1181,54.0,1.67,0.5559,0.9737
19425,2022-04-13,2270,York Regional Health Unit,0.1601,1187.0,0.97,0.7584,0.9143
19426,2022-04-12,2270,York Regional Health Unit,0.1585,1185.0,0.97,0.7766,0.9124
19427,2022-04-12,2266,Wellington-Dufferin-Guelph Health Unit,0.1944,319.0,1.02,0.7856,0.9198
19428,2022-04-12,2265,Waterloo Health Unit,0.193,554.0,0.95,0.7029,0.9138
19429,2022-04-12,2263,Timiskaming Health Unit,0.1156,49.0,1.51,0.551,0.9694
19430,2022-04-12,2262,Thunder Bay District Health Unit,0.1176,231.0,1.54,0.9263,0.9761
19431,2022-04-12,2261,Sudbury and District Health Unit,0.1511,391.0,1.97,0.9026,0.9811
19432,2022-04-12,4913,Southwestern Public Health,0.1557,306.0,1.44,0.8413,0.9631
19433,2022-04-12,2260,Simcoe Muskoka District Health Unit,0.2045,803.0,1.34,0.7877,0.9377
19434,2022-04-12,2256,Porcupine Health Unit,0.1628,111.0,1.34,0.8792,0.9625
19435,2022-04-12,2255,Peterborough County-City Health Unit,0.1677,199.0,1.35,0.8605,0.9461
19436,2022-04-12,2253,Peel Regional Health Unit,0.152,1181.0,0.74,0.7878,0.9339
19437,2022-04-12,2249,Northwestern Health Unit,0.1569,154.0,1.75,0.7888,0.9186
19438,2022-04-12,2247,North Bay Parry Sound District Health Unit,0.155,184.0,1.42,0.7481,0.7971
19439,2022-04-12,2246,Niagara Regional Area Health Unit,0.1828,569.0,1.2,0.6821,0.8852
19440,2022-04-12,2243,"Leeds, Grenville and Lanark District Health Unit",0.1666,219.0,1.26,0.7569,0.9144
19441,2022-04-12,2242,Lambton Health Unit,0.2292,196.0,1.49,0.7091,0.9426
19442,2022-04-12,2241,"Kingston, Frontenac and Lennox and Addington Health Unit",0.1989,578.0,2.72,0.9474,0.9753
19443,2022-04-12,5183,Huron Perth Health Unit,0.1147,250.0,1.79,0.7817,0.9652
19444,2022-04-12,2238,Hastings and Prince Edward Counties Health Unit,0.1516,431.0,2.56,0.9302,0.9792
19445,2022-04-12,2236,Halton Regional Health Unit,0.24,459.0,0.74,0.7542,0.9003
19446,2022-04-12,2235,"Haliburton, Kawartha, Pine Ridge District Health Unit",0.2036,220.0,1.16,0.6907,0.9365
19447,2022-04-12,2233,Grey Bruce Health Unit,0.2101,264.0,1.55,0.6342,0.9218
19448,2022-04-12,2258,Eastern Ontario Health Unit,0.1596,268.0,1.28,0.8338,0.938
19449,2022-04-12,2230,Durham Regional Health Unit,0.1681,907.0,1.27,0.6948,0.8873
19450,2022-04-12,3895,City of Toronto Health Unit,0.1542,3543.0,1.14,0.8378,0.9523
19451,2022-04-12,2251,City of Ottawa Health Unit,0.1851,932.0,0.88,0.818,0.9449
19452,2022-04-12,2237,City of Hamilton Health Unit,0.1924,904.0,1.53,0.8834,0.9642
19453,2022-04-12,2227,Brant County Health Unit,0.1904,200.0,1.29,0.7513,0.8768
19454,2022-04-12,2240,Chatham-Kent Health Unit,0.237,162.0,1.53,0.7919,0.9303
19455,2022-04-12,2226,District of Algoma Health Unit,0.1985,233.0,2.04,0.9126,0.9502
19456,2022-04-12,2244,Middlesex-London Health Unit,0.1625,579.0,1.14,0.8569,0.959
19457,2022-04-12,35,Ontario,0.1732,17599.0,1.19,0.8011,0.9354
19458,2022-04-12,2257,Renfrew County and District Health Unit,0.1216,105.0,0.96,0.6742,0.9219
19459,2022-04-12,2268,Windsor-Essex County Health Unit,0.1974,607.0,1.43,0.6493,0.8937
19460,2022-04-12,2234,Haldimand-Norfolk Health Unit,0.2165,141.0,1.23,0.7927,0.9204
19461,2022-04-11,2270,York Regional Health Unit,0.158,1183.0,0.96,0.7768,0.9156
19462,2022-04-11,2268,Windsor-Essex County Health Unit,0.1998,596.0,1.4,0.6263,0.895
19463,2022-04-11,2266,Wellington-Dufferin-Guelph Health Unit,0.1986,317.0,1.02,0.767,0.9039
19464,2022-04-11,2265,Waterloo Health Unit,0.1955,547.0,0.94,0.7137,0.9115
19465,2022-04-11,2263,Timiskaming Health Unit,0.1208,43.0,1.3,0.6364,0.9848
19466,2022-04-11,2262,Thunder Bay District Health Unit,0.1043,234.0,1.56,0.9237,0.9748
19467,2022-04-11,4913,Southwestern Public Health,0.1518,295.0,1.39,0.8336,0.964
19468,2022-04-11,2260,Simcoe Muskoka District Health Unit,0.1998,783.0,1.31,0.787,0.9408
19469,2022-04-11,2257,Renfrew County and District Health Unit,0.1163,104.0,0.96,0.6243,0.9193
19470,2022-04-11,2255,Peterborough County-City Health Unit,0.1628,211.0,1.42,0.8878,0.9496
19471,2022-04-11,2253,Peel Regional Health Unit,0.1449,1169.0,0.73,0.7904,0.9398
19472,2022-04-11,35,Ontario,0.1713,17423.0,1.17,0.803,0.9376
19473,2022-04-11,2247,North Bay Parry Sound District Health Unit,0.1435,180.0,1.39,0.7539,0.8063
19474,2022-04-11,2246,Niagara Regional Area Health Unit,0.1819,558.0,1.18,0.6788,0.8844
19475,2022-04-11,2244,Middlesex-London Health Unit,0.1582,576.0,1.14,0.8501,0.9547
19476,2022-04-11,2243,"Leeds, Grenville and Lanark District Health Unit",0.1627,219.0,1.26,0.7859,0.9149
19477,2022-04-11,2242,Lambton Health Unit,0.2158,190.0,1.45,0.6924,0.9467
19478,2022-04-11,2241,"Kingston, Frontenac and Lennox and Addington Health Unit",0.2065,583.0,2.74,0.9502,0.9757
19479,2022-04-11,5183,Huron Perth Health Unit,0.1191,256.0,1.83,0.7727,0.9563
19480,2022-04-11,2236,Halton Regional Health Unit,0.2298,453.0,0.73,0.7639,0.9058
19481,2022-04-11,2235,"Haliburton, Kawartha, Pine Ridge District Health Unit",0.1907,231.0,1.22,0.7467,0.936
19482,2022-04-11,2234,Haldimand-Norfolk Health Unit,0.2159,135.0,1.18,0.7897,0.9215
19483,2022-04-11,2258,Eastern Ontario Health Unit,0.1603,265.0,1.27,0.8278,0.9374
19484,2022-04-11,2230,Durham Regional Health Unit,0.1687,886.0,1.24,0.7226,0.9069
19485,2022-04-11,2226,District of Algoma Health Unit,0.1928,233.0,2.04,0.9011,0.9471
19486,2022-04-11,2251,City of Ottawa Health Unit,0.1909,911.0,0.86,0.8207,0.9494
19487,2022-04-11,2237,City of Hamilton Health Unit,0.1869,897.0,1.52,0.8816,0.965
19488,2022-04-11,2240,Chatham-Kent Health Unit,0.2277,156.0,1.46,0.794,0.9341
19489,2022-04-11,2227,Brant County Health Unit,0.19,194.0,1.25,0.7419,0.8671
19490,2022-04-11,3895,City of Toronto Health Unit,0.1526,3509.0,1.12,0.8435,0.956
19491,2022-04-11,2233,Grey Bruce Health Unit,0.2149,269.0,1.59,0.6249,0.9106
19492,2022-04-11,2238,Hastings and Prince Edward Counties Health Unit,0.1547,421.0,2.5,0.9317,0.9786
19493,2022-04-11,2249,Northwestern Health Unit,0.1408,151.0,1.72,0.7869,0.9155
19494,2022-04-11,2256,Porcupine Health Unit,0.1667,112.0,1.35,0.8871,0.9708
19495,2022-04-11,2261,Sudbury and District Health Unit,0.1433,389.0,1.95,0.9048,0.9822
19496,2022-04-10,2270,York Regional Health Unit,0.1587,1132.0,0.92,0.7735,0.9135
19497,2022-04-10,2268,Windsor-Essex County Health Unit,0.2066,585.0,1.38,0.6289,0.9064
19498,2022-04-10,2266,Wellington-Dufferin-Guelph Health Unit,0.1971,306.0,0.98,0.7715,0.9176
19499,2022-04-10,2263,Timiskaming Health Unit,0.1237,43.0,1.31,0.7808,0.9772
19500,2022-04-10,2262,Thunder Bay District Health Unit,0.1008,224.0,1.49,0.9254,0.9813
19501,2022-04-10,2261,Sudbury and District Health Unit,0.1402,381.0,1.92,0.9059,0.9831
19502,2022-04-10,2260,Simcoe Muskoka District Health Unit,0.1995,758.0,1.26,0.7832,0.9423
19503,2022-04-10,2257,Renfrew County and District Health Unit,0.1004,101.0,0.93,0.6366,0.9457
19504,2022-04-10,2256,Porcupine Health Unit,0.1645,122.0,1.47,0.9012,0.9744
19505,2022-04-10,2255,Peterborough County-City Health Unit,0.1544,208.0,1.41,0.8883,0.9513
19506,2022-04-10,2253,Peel Regional Health Unit,0.1428,1166.0,0.73,0.7865,0.9392
19507,2022-04-10,35,Ontario,0.171,17097.0,1.15,0.8059,0.9407
19508,2022-04-10,2249,Northwestern Health Unit,0.151,149.0,1.69,0.7994,0.9198
19509,2022-04-10,2247,North Bay Parry Sound District Health Unit,0.1322,187.0,1.44,0.8024,0.8629
19510,2022-04-10,2246,Niagara Regional Area Health Unit,0.1925,553.0,1.17,0.6856,0.8978
19511,2022-04-10,2244,Middlesex-London Health Unit,0.1596,576.0,1.13,0.8558,0.9563
19512,2022-04-10,2243,"Leeds, Grenville and Lanark District Health Unit",0.1594,221.0,1.28,0.7812,0.9133
19513,2022-04-10,2241,"Kingston, Frontenac and Lennox and Addington Health Unit",0.2055,581.0,2.73,0.9556,0.9795
19514,2022-04-10,5183,Huron Perth Health Unit,0.1114,259.0,1.85,0.7785,0.9583
19515,2022-04-10,2238,Hastings and Prince Edward Counties Health Unit,0.1546,421.0,2.5,0.9321,0.978
19516,2022-04-10,2235,"Haliburton, Kawartha, Pine Ridge District Health Unit",0.1865,230.0,1.22,0.7512,0.9393
19517,2022-04-10,2234,Haldimand-Norfolk Health Unit,0.2117,142.0,1.24,0.82,0.9397
19518,2022-04-10,2233,Grey Bruce Health Unit,0.2268,243.0,1.43,0.6258,0.9134
19519,2022-04-10,2230,Durham Regional Health Unit,0.1673,876.0,1.23,0.7176,0.9072
19520,2022-04-10,2226,District of Algoma Health Unit,0.2103,202.0,1.77,0.8914,0.9461
19521,2022-04-10,3895,City of Toronto Health Unit,0.1523,3480.0,1.12,0.8408,0.9561
19522,2022-04-10,2251,City of Ottawa Health Unit,0.1866,894.0,0.85,0.8366,0.9522
19523,2022-04-10,2237,City of Hamilton Health Unit,0.1875,873.0,1.47,0.8813,0.9642
19524,2022-04-10,2240,Chatham-Kent Health Unit,0.2151,155.0,1.46,0.7972,0.9358
19525,2022-04-10,2227,Brant County Health Unit,0.1928,183.0,1.18,0.7465,0.874
19526,2022-04-10,2258,Eastern Ontario Health Unit,0.1586,262.0,1.26,0.8571,0.945
19527,2022-04-10,2236,Halton Regional Health Unit,0.2287,444.0,0.72,0.7612,0.9083
19528,2022-04-10,2242,Lambton Health Unit,0.2106,186.0,1.42,0.7036,0.9469
19529,2022-04-10,4913,Southwestern Public Health,0.1589,273.0,1.29,0.8426,0.9647
19530,2022-04-10,2265,Waterloo Health Unit,0.2022,516.0,0.88,0.7247,0.9215
19531,2022-04-09,2268,Windsor-Essex County Health Unit,0.2042,595.0,1.4,0.5965,0.905
19532,2022-04-09,2266,Wellington-Dufferin-Guelph Health Unit,0.2015,300.0,0.96,0.7775,0.9175
19533,2022-04-09,2265,Waterloo Health Unit,0.2001,513.0,0.88,0.7394,0.9178
19534,2022-04-09,2262,Thunder Bay District Health Unit,0.0992,223.0,1.49,0.9299,0.9794
19535,2022-04-09,2261,Sudbury and District Health Unit,0.1366,381.0,1.91,0.8737,0.9814
19536,2022-04-09,4913,Southwestern Public Health,0.1621,269.0,1.27,0.8619,0.9614
19537,2022-04-09,2257,Renfrew County and District Health Unit,0.1042,99.0,0.91,0.6446,0.9488
19538,2022-04-09,2256,Porcupine Health Unit,0.1626,117.0,1.4,0.9049,0.9772
19539,2022-04-09,2255,Peterborough County-City Health Unit,0.1543,198.0,1.34,0.8864,0.9497
19540,2022-04-09,2253,Peel Regional Health Unit,0.1471,1169.0,0.73,0.7815,0.9353
19541,2022-04-09,35,Ontario,0.1714,16996.0,1.15,0.801,0.9368
19542,2022-04-09,2249,Northwestern Health Unit,0.1501,149.0,1.7,0.8094,0.9113
19543,2022-04-09,2247,North Bay Parry Sound District Health Unit,0.1286,190.0,1.46,0.8008,0.8659
19544,2022-04-09,2244,Middlesex-London Health Unit,0.16,583.0,1.15,0.8519,0.9542
19545,2022-04-09,2243,"Leeds, Grenville and Lanark District Health Unit",0.1623,213.0,1.23,0.7669,0.9175
19546,2022-04-09,2242,Lambton Health Unit,0.2121,193.0,1.48,0.7098,0.9532
19547,2022-04-09,5183,Huron Perth Health Unit,0.1097,258.0,1.85,0.7752,0.9494
19548,2022-04-09,2238,Hastings and Prince Edward Counties Health Unit,0.1534,422.0,2.5,0.9208,0.9752
19549,2022-04-09,2236,Halton Regional Health Unit,0.2318,439.0,0.71,0.7535,0.9007
19550,2022-04-09,2234,Haldimand-Norfolk Health Unit,0.2128,143.0,1.25,0.8162,0.9315
19551,2022-04-09,2233,Grey Bruce Health Unit,0.2264,242.0,1.43,0.6585,0.9034
19552,2022-04-09,2258,Eastern Ontario Health Unit,0.1551,252.0,1.21,0.8219,0.9245
19553,2022-04-09,2230,Durham Regional Health Unit,0.166,874.0,1.23,0.7222,0.9072
19554,2022-04-09,2226,District of Algoma Health Unit,0.2167,200.0,1.75,0.8882,0.9451
19555,2022-04-09,3895,City of Toronto Health Unit,0.1542,3449.0,1.11,0.8364,0.9513
19556,2022-04-09,2251,City of Ottawa Health Unit,0.1883,884.0,0.84,0.8332,0.9469
19557,2022-04-09,2240,Chatham-Kent Health Unit,0.207,155.0,1.45,0.8167,0.9379
19558,2022-04-09,2227,Brant County Health Unit,0.1853,188.0,1.21,0.7442,0.8663
19559,2022-04-09,2237,City of Hamilton Health Unit,0.1851,871.0,1.47,0.8771,0.9614
19560,2022-04-09,2235,"Haliburton, Kawartha, Pine Ridge District Health Unit",0.1809,216.0,1.15,0.7299,0.9395
19561,2022-04-09,2241,"Kingston, Frontenac and Lennox and Addington Health Unit",0.2049,586.0,2.75,0.9538,0.9786
19562,2022-04-09,2246,Niagara Regional Area Health Unit,0.1928,536.0,1.14,0.6823,0.8862
19563,2022-04-09,2260,Simcoe Muskoka District Health Unit,0.2014,760.0,1.27,0.7776,0.941
19564,2022-04-09,2263,Timiskaming Health Unit,0.1348,38.0,1.17,0.8743,0.9781
19565,2022-04-09,2270,York Regional Health Unit,0.1566,1122.0,0.92,0.7571,0.9079
19566,2022-04-08,2270,York Regional Health Unit,0.1585,1090.0,0.89,0.761,0.9113
19567,2022-04-08,2266,Wellington-Dufferin-Guelph Health Unit,0.1965,312.0,1.0,0.78,0.925
19568,2022-04-08,2265,Waterloo Health Unit,0.2014,509.0,0.87,0.756,0.9184
19569,2022-04-08,2263,Timiskaming Health Unit,0.134,30.0,0.91,0.7621,0.9515
19570,2022-04-08,2261,Sudbury and District Health Unit,0.1325,381.0,1.91,0.8848,0.9823
19571,2022-04-08,4913,Southwestern Public Health,0.158,265.0,1.25,0.859,0.9606
19572,2022-04-08,2260,Simcoe Muskoka District Health Unit,0.2,762.0,1.27,0.7771,0.9423
19573,2022-04-08,2257,Renfrew County and District Health Unit,0.1054,92.0,0.85,0.6411,0.9592
19574,2022-04-08,2256,Porcupine Health Unit,0.1677,115.0,1.38,0.8606,0.9743
19575,2022-04-08,2255,Peterborough County-City Health Unit,0.1623,198.0,1.34,0.8441,0.9526
19576,2022-04-08,2253,Peel Regional Health Unit,0.147,1172.0,0.73,0.7771,0.9381
19577,2022-04-08,2249,Northwestern Health Unit,0.1532,145.0,1.66,0.8202,0.9135
19578,2022-04-08,2247,North Bay Parry Sound District Health Unit,0.1393,196.0,1.51,0.8091,0.8825
19579,2022-04-08,2246,Niagara Regional Area Health Unit,0.1915,542.0,1.15,0.6925,0.8931
19580,2022-04-08,2243,"Leeds, Grenville and Lanark District Health Unit",0.1614,212.0,1.22,0.7833,0.9237
19581,2022-04-08,2242,Lambton Health Unit,0.219,187.0,1.42,0.6972,0.945
19582,2022-04-08,2241,"Kingston, Frontenac and Lennox and Addington Health Unit",0.2086,574.0,2.7,0.9536,0.98
19583,2022-04-08,2238,Hastings and Prince Edward Counties Health Unit,0.1548,414.0,2.46,0.9069,0.9784
19584,2022-04-08,2236,Halton Regional Health Unit,0.2288,433.0,0.7,0.7553,0.9081
19585,2022-04-08,2235,"Haliburton, Kawartha, Pine Ridge District Health Unit",0.1849,212.0,1.12,0.7332,0.9446
19586,2022-04-08,2234,Haldimand-Norfolk Health Unit,0.2075,140.0,1.23,0.8182,0.9321
19587,2022-04-08,2233,Grey Bruce Health Unit,0.2299,244.0,1.43,0.6656,0.911
19588,2022-04-08,2258,Eastern Ontario Health Unit,0.1588,241.0,1.16,0.8035,0.9253
19589,2022-04-08,2230,Durham Regional Health Unit,0.1643,868.0,1.22,0.737,0.9153
19590,2022-04-08,3895,City of Toronto Health Unit,0.1535,3393.0,1.09,0.847,0.9541
19591,2022-04-08,2251,City of Ottawa Health Unit,0.1938,860.0,0.82,0.8379,0.9478
19592,2022-04-08,2237,City of Hamilton Health Unit,0.1894,845.0,1.43,0.8781,0.9632
19593,2022-04-08,2227,Brant County Health Unit,0.1931,186.0,1.2,0.7764,0.8547
19594,2022-04-08,2240,Chatham-Kent Health Unit,0.1974,152.0,1.43,0.8025,0.9458
19595,2022-04-08,2226,District of Algoma Health Unit,0.2202,200.0,1.75,0.913,0.9484
19596,2022-04-08,5183,Huron Perth Health Unit,0.1147,245.0,1.76,0.7659,0.9461
19597,2022-04-08,2244,Middlesex-London Health Unit,0.1573,587.0,1.16,0.8536,0.955
19598,2022-04-08,35,Ontario,0.1721,16792.0,1.13,0.8056,0.9396
19599,2022-04-08,2262,Thunder Bay District Health Unit,0.0984,227.0,1.51,0.9305,0.9799
19600,2022-04-08,2268,Windsor-Essex County Health Unit,0.2035,594.0,1.4,0.6063,0.9021
19601,2022-04-07,2270,York Regional Health Unit,0.1579,1081.0,0.88,0.7671,0.916
19602,2022-04-07,2268,Windsor-Essex County Health Unit,0.2003,583.0,1.37,0.6579,0.9121
19603,2022-04-07,2265,Waterloo Health Unit,0.2013,498.0,0.85,0.7658,0.9252
19604,2022-04-07,2263,Timiskaming Health Unit,0.0929,26.0,0.8,0.7151,0.9419
19605,2022-04-07,2262,Thunder Bay District Health Unit,0.0996,229.0,1.53,0.9442,0.9814
19606,2022-04-07,2261,Sudbury and District Health Unit,0.1336,390.0,1.96,0.8981,0.9811
19607,2022-04-07,4913,Southwestern Public Health,0.1566,248.0,1.17,0.8489,0.9602
19608,2022-04-07,2260,Simcoe Muskoka District Health Unit,0.1974,768.0,1.28,0.7922,0.9486
19609,2022-04-07,2257,Renfrew County and District Health Unit,0.1045,89.0,0.82,0.6234,0.9344
19610,2022-04-07,2255,Peterborough County-City Health Unit,0.1558,191.0,1.29,0.8499,0.9589
19611,2022-04-07,2253,Peel Regional Health Unit,0.141,1161.0,0.72,0.7843,0.943
19612,2022-04-07,35,Ontario,0.1712,16553.0,1.12,0.8158,0.9448
19613,2022-04-07,2247,North Bay Parry Sound District Health Unit,0.1307,186.0,1.43,0.8137,0.8861
19614,2022-04-07,2246,Niagara Regional Area Health Unit,0.1976,506.0,1.07,0.7143,0.8878
19615,2022-04-07,2244,Middlesex-London Health Unit,0.1524,590.0,1.16,0.8567,0.9598
19616,2022-04-07,2242,Lambton Health Unit,0.2238,180.0,1.37,0.7552,0.9472
19617,2022-04-07,2241,"Kingston, Frontenac and Lennox and Addington Health Unit",0.2053,573.0,2.7,0.9626,0.988
19618,2022-04-07,5183,Huron Perth Health Unit,0.1248,227.0,1.62,0.7575,0.9541
19619,2022-04-07,2238,Hastings and Prince Edward Counties Health Unit,0.1602,400.0,2.37,0.8996,0.9767
19620,2022-04-07,2236,Halton Regional Health Unit,0.2227,425.0,0.69,0.7653,0.9173
19621,2022-04-07,2235,"Haliburton, Kawartha, Pine Ridge District Health Unit",0.1754,211.0,1.12,0.7431,0.9488
19622,2022-04-07,2234,Haldimand-Norfolk Health Unit,0.2176,135.0,1.18,0.8314,0.9456
19623,2022-04-07,2258,Eastern Ontario Health Unit,0.1565,253.0,1.21,0.7918,0.9348
19624,2022-04-07,2230,Durham Regional Health Unit,0.1649,839.0,1.18,0.7391,0.9197
19625,2022-04-07,2226,District of Algoma Health Unit,0.232,201.0,1.75,0.9219,0.9576
19626,2022-04-07,2251,City of Ottawa Health Unit,0.1935,853.0,0.81,0.8482,0.9529
19627,2022-04-07,2237,City of Hamilton Health Unit,0.1882,839.0,1.42,0.8921,0.9692
19628,2022-04-07,2240,Chatham-Kent Health Unit,0.2082,139.0,1.3,0.8101,0.9493
19629,2022-04-07,2227,Brant County Health Unit,0.2002,180.0,1.16,0.7799,0.8538
19630,2022-04-07,3895,City of Toronto Health Unit,0.152,3387.0,1.09,0.8511,0.9576
19631,2022-04-07,2233,Grey Bruce Health Unit,0.2318,229.0,1.35,0.6846,0.9215
19632,2022-04-07,2243,"Leeds, Grenville and Lanark District Health Unit",0.159,208.0,1.2,0.7827,0.9448
19633,2022-04-07,2249,Northwestern Health Unit,0.1507,141.0,1.61,0.8937,0.9581
19634,2022-04-07,2256,Porcupine Health Unit,0.165,115.0,1.38,0.8625,0.9759
19635,2022-04-07,2266,Wellington-Dufferin-Guelph Health Unit,0.2003,310.0,0.99,0.7974,0.9349
19636,2022-04-06,2270,York Regional Health Unit,0.1551,1051.0,0.86,0.7638,0.9157
19637,2022-04-06,2268,Windsor-Essex County Health Unit,0.2054,549.0,1.29,0.6662,0.9245
19638,2022-04-06,2266,Wellington-Dufferin-Guelph Health Unit,0.1924,301.0,0.96,0.8016,0.9382
19639,2022-04-06,2265,Waterloo Health Unit,0.2031,472.0,0.81,0.7657,0.9266
19640,2022-04-06,2263,Timiskaming Health Unit,0.1049,23.0,0.71,0.7039,0.9553
19641,2022-04-06,2262,Thunder Bay District Health Unit,0.0951,218.0,1.45,0.939,0.9741
19642,2022-04-06,2261,Sudbury and District Health Unit,0.1295,377.0,1.9,0.9053,0.9826
19643,2022-04-06,2260,Simcoe Muskoka District Health Unit,0.1901,773.0,1.29,0.7884,0.9475
19644,2022-04-06,2257,Renfrew County and District Health Unit,0.1069,91.0,0.84,0.6441,0.926
19645,2022-04-06,2256,Porcupine Health Unit,0.1659,121.0,1.46,0.854,0.9767
19646,2022-04-06,2253,Peel Regional Health Unit,0.1355,1150.0,0.72,0.7917,0.9428
19647,2022-04-06,35,Ontario,0.1709,16097.0,1.09,0.8194,0.9479
19648,2022-04-06,2249,Northwestern Health Unit,0.1453,135.0,1.54,0.8792,0.9441
19649,2022-04-06,2246,Niagara Regional Area Health Unit,0.1895,495.0,1.05,0.7257,0.8837
19650,2022-04-06,2244,Middlesex-London Health Unit,0.1485,598.0,1.18,0.8547,0.9613
19651,2022-04-06,2243,"Leeds, Grenville and Lanark District Health Unit",0.1629,204.0,1.18,0.7799,0.9431
19652,2022-04-06,2242,Lambton Health Unit,0.2227,171.0,1.31,0.759,0.9471
19653,2022-04-06,2241,"Kingston, Frontenac and Lennox and Addington Health Unit",0.2154,563.0,2.65,0.9595,0.9882
19654,2022-04-06,5183,Huron Perth Health Unit,0.131,203.0,1.45,0.7691,0.9585
19655,2022-04-06,2238,Hastings and Prince Edward Counties Health Unit,0.1632,401.0,2.38,0.9017,0.9805
19656,2022-04-06,2235,"Haliburton, Kawartha, Pine Ridge District Health Unit",0.1697,204.0,1.08,0.7835,0.9556
19657,2022-04-06,2234,Haldimand-Norfolk Health Unit,0.2202,136.0,1.19,0.8474,0.9477
19658,2022-04-06,2233,Grey Bruce Health Unit,0.2272,223.0,1.31,0.6842,0.9217
19659,2022-04-06,2230,Durham Regional Health Unit,0.1637,806.0,1.13,0.749,0.9298
19660,2022-04-06,2226,District of Algoma Health Unit,0.2508,188.0,1.64,0.9097,0.9585
19661,2022-04-06,3895,City of Toronto Health Unit,0.1533,3262.0,1.05,0.8454,0.9585
19662,2022-04-06,2237,City of Hamilton Health Unit,0.1867,804.0,1.36,0.9075,0.9703
19663,2022-04-06,2240,Chatham-Kent Health Unit,0.2103,137.0,1.28,0.8137,0.9611
19664,2022-04-06,2227,Brant County Health Unit,0.201,175.0,1.13,0.8335,0.9012
19665,2022-04-06,2251,City of Ottawa Health Unit,0.1964,823.0,0.78,0.8636,0.9544
19666,2022-04-06,2258,Eastern Ontario Health Unit,0.1571,256.0,1.22,0.7935,0.9385
19667,2022-04-06,2236,Halton Regional Health Unit,0.224,412.0,0.67,0.7591,0.9167
19668,2022-04-06,2247,North Bay Parry Sound District Health Unit,0.1285,181.0,1.4,0.9063,0.9761
19669,2022-04-06,2255,Peterborough County-City Health Unit,0.1592,186.0,1.26,0.8562,0.9621
19670,2022-04-06,4913,Southwestern Public Health,0.1561,247.0,1.17,0.845,0.9653
19671,2022-04-05,2270,York Regional Health Unit,0.1497,1026.0,0.84,0.7487,0.9045
19672,2022-04-05,2268,Windsor-Essex County Health Unit,0.2014,526.0,1.24,0.6148,0.9096
19673,2022-04-05,2266,Wellington-Dufferin-Guelph Health Unit,0.1905,292.0,0.94,0.7986,0.9282
19674,2022-04-05,2265,Waterloo Health Unit,0.1942,461.0,0.79,0.7611,0.9183
19675,2022-04-05,2262,Thunder Bay District Health Unit,0.0951,221.0,1.47,0.8965,0.9596
19676,2022-04-05,2261,Sudbury and District Health Unit,0.1353,375.0,1.88,0.8598,0.9786
19677,2022-04-05,4913,Southwestern Public Health,0.1492,241.0,1.14,0.8571,0.9631
19678,2022-04-05,2257,Renfrew County and District Health Unit,0.1009,91.0,0.83,0.6365,0.8998
19679,2022-04-05,2256,Porcupine Health Unit,0.1639,119.0,1.42,0.8514,0.9693
19680,2022-04-05,2255,Peterborough County-City Health Unit,0.1463,190.0,1.29,0.8448,0.9594
19681,2022-04-05,35,Ontario,0.1682,15704.0,1.06,0.8071,0.9416
19682,2022-04-05,2249,Northwestern Health Unit,0.1432,135.0,1.54,0.8631,0.9416
19683,2022-04-05,2247,North Bay Parry Sound District Health Unit,0.1353,171.0,1.32,0.8838,0.9773
19684,2022-04-05,2246,Niagara Regional Area Health Unit,0.1987,459.0,0.97,0.7461,0.8744
19685,2022-04-05,2244,Middlesex-London Health Unit,0.1498,590.0,1.16,0.8534,0.9621
19686,2022-04-05,2243,"Leeds, Grenville and Lanark District Health Unit",0.1585,204.0,1.18,0.7547,0.925
19687,2022-04-05,2242,Lambton Health Unit,0.2274,161.0,1.23,0.7048,0.9406
19688,2022-04-05,5183,Huron Perth Health Unit,0.1238,201.0,1.44,0.7479,0.9467
19689,2022-04-05,2238,Hastings and Prince Edward Counties Health Unit,0.1704,390.0,2.31,0.8955,0.9761
19690,2022-04-05,2236,Halton Regional Health Unit,0.2225,402.0,0.65,0.7416,0.9003
19691,2022-04-05,2234,Haldimand-Norfolk Health Unit,0.2117,132.0,1.15,0.8337,0.9446
19692,2022-04-05,2233,Grey Bruce Health Unit,0.2171,211.0,1.24,0.6417,0.9202
19693,2022-04-05,2258,Eastern Ontario Health Unit,0.1655,246.0,1.18,0.7802,0.9304
19694,2022-04-05,2226,District of Algoma Health Unit,0.2514,177.0,1.55,0.9006,0.9558
19695,2022-04-05,3895,City of Toronto Health Unit,0.1505,3185.0,1.02,0.8409,0.9538
19696,2022-04-05,2251,City of Ottawa Health Unit,0.1975,799.0,0.76,0.8489,0.9435
19697,2022-04-05,2237,City of Hamilton Health Unit,0.1839,786.0,1.33,0.9033,0.9615
19698,2022-04-05,2240,Chatham-Kent Health Unit,0.1878,129.0,1.21,0.8046,0.9638
19699,2022-04-05,2227,Brant County Health Unit,0.1939,172.0,1.11,0.8183,0.9039
19700,2022-04-05,2230,Durham Regional Health Unit,0.16,803.0,1.13,0.7382,0.9218
19701,2022-04-05,2235,"Haliburton, Kawartha, Pine Ridge District Health Unit",0.1609,201.0,1.06,0.7846,0.9552
19702,2022-04-05,2241,"Kingston, Frontenac and Lennox and Addington Health Unit",0.2099,542.0,2.55,0.9543,0.9846
19703,2022-04-05,2253,Peel Regional Health Unit,0.1331,1129.0,0.7,0.7911,0.942
19704,2022-04-05,2260,Simcoe Muskoka District Health Unit,0.1854,756.0,1.26,0.7551,0.9461
19705,2022-04-05,2263,Timiskaming Health Unit,0.1462,24.0,0.75,0.7083,0.9625
19706,2022-04-04,2270,York Regional Health Unit,0.1508,982.0,0.8,0.7363,0.902
19707,2022-04-04,2266,Wellington-Dufferin-Guelph Health Unit,0.1905,283.0,0.91,0.8145,0.9391
19708,2022-04-04,2265,Waterloo Health Unit,0.1914,457.0,0.78,0.7526,0.9219
19709,2022-04-04,2263,Timiskaming Health Unit,0.1348,33.0,1.01,0.7295,0.9395
19710,2022-04-04,2261,Sudbury and District Health Unit,0.1328,365.0,1.83,0.8281,0.9744
19711,2022-04-04,4913,Southwestern Public Health,0.1507,241.0,1.14,0.8184,0.9606
19712,2022-04-04,2260,Simcoe Muskoka District Health Unit,0.182,747.0,1.25,0.7492,0.9448
19713,2022-04-04,2256,Porcupine Health Unit,0.1578,120.0,1.44,0.8725,0.9778
19714,2022-04-04,2255,Peterborough County-City Health Unit,0.1295,180.0,1.22,0.8361,0.9549
19715,2022-04-04,2253,Peel Regional Health Unit,0.132,1089.0,0.68,0.7814,0.9414
19716,2022-04-04,35,Ontario,0.1657,15332.0,1.03,0.8023,0.9414
19717,2022-04-04,2249,Northwestern Health Unit,0.1516,133.0,1.52,0.8676,0.9495
19718,2022-04-04,2247,North Bay Parry Sound District Health Unit,0.1362,170.0,1.31,0.8851,0.9801
19719,2022-04-04,2246,Niagara Regional Area Health Unit,0.1927,449.0,0.95,0.7633,0.8918
19720,2022-04-04,2243,"Leeds, Grenville and Lanark District Health Unit",0.1612,191.0,1.1,0.7652,0.9273
19721,2022-04-04,2242,Lambton Health Unit,0.2312,158.0,1.2,0.6934,0.9282
19722,2022-04-04,2241,"Kingston, Frontenac and Lennox and Addington Health Unit",0.2042,518.0,2.44,0.9494,0.9834
19723,2022-04-04,2238,Hastings and Prince Edward Counties Health Unit,0.1641,393.0,2.33,0.8877,0.9749
19724,2022-04-04,2236,Halton Regional Health Unit,0.2248,392.0,0.63,0.7091,0.8901
19725,2022-04-04,2235,"Haliburton, Kawartha, Pine Ridge District Health Unit",0.1553,187.0,0.99,0.7767,0.9517
19726,2022-04-04,2233,Grey Bruce Health Unit,0.2159,197.0,1.16,0.6517,0.9218
19727,2022-04-04,2258,Eastern Ontario Health Unit,0.1617,240.0,1.15,0.7741,0.922
19728,2022-04-04,2230,Durham Regional Health Unit,0.1599,771.0,1.08,0.7449,0.9203
19729,2022-04-04,2226,District of Algoma Health Unit,0.2553,181.0,1.58,0.9073,0.9594
19730,2022-04-04,3895,City of Toronto Health Unit,0.146,3166.0,1.01,0.8283,0.9527
19731,2022-04-04,2251,City of Ottawa Health Unit,0.1933,788.0,0.75,0.8471,0.9412
19732,2022-04-04,2237,City of Hamilton Health Unit,0.188,733.0,1.24,0.9012,0.9614
19733,2022-04-04,2227,Brant County Health Unit,0.1882,172.0,1.11,0.8274,0.9114
19734,2022-04-04,2240,Chatham-Kent Health Unit,0.1796,122.0,1.14,0.8232,0.968
19735,2022-04-04,2234,Haldimand-Norfolk Health Unit,0.2199,123.0,1.08,0.8131,0.9369
19736,2022-04-04,5183,Huron Perth Health Unit,0.1115,202.0,1.45,0.7282,0.9466
19737,2022-04-04,2244,Middlesex-London Health Unit,0.1495,580.0,1.14,0.8538,0.9617
19738,2022-04-04,2257,Renfrew County and District Health Unit,0.1084,88.0,0.81,0.6641,0.8932
19739,2022-04-04,2262,Thunder Bay District Health Unit,0.0957,210.0,1.4,0.8993,0.9616
19740,2022-04-04,2268,Windsor-Essex County Health Unit,0.1919,514.0,1.21,0.6459,0.9126
19741,2022-04-03,2270,York Regional Health Unit,0.1505,953.0,0.78,0.7249,0.8938
19742,2022-04-03,2268,Windsor-Essex County Health Unit,0.1807,508.0,1.19,0.6335,0.9089
19743,2022-04-03,2265,Waterloo Health Unit,0.1875,452.0,0.77,0.7382,0.9127
19744,2022-04-03,2263,Timiskaming Health Unit,0.135,39.0,1.2,0.7382,0.9382
19745,2022-04-03,2262,Thunder Bay District Health Unit,0.0979,216.0,1.44,0.9081,0.9615
19746,2022-04-03,4913,Southwestern Public Health,0.1505,238.0,1.13,0.8137,0.9554
19747,2022-04-03,2260,Simcoe Muskoka District Health Unit,0.1735,759.0,1.27,0.7411,0.9395
19748,2022-04-03,2257,Renfrew County and District Health Unit,0.1002,91.0,0.84,0.6592,0.8646
19749,2022-04-03,2256,Porcupine Health Unit,0.1579,111.0,1.33,0.8554,0.9759
19750,2022-04-03,2255,Peterborough County-City Health Unit,0.1245,172.0,1.16,0.8241,0.9456
19751,2022-04-03,2253,Peel Regional Health Unit,0.1292,1056.0,0.66,0.7713,0.9298
19752,2022-04-03,35,Ontario,0.1618,14891.0,1.0,0.7965,0.9361
19753,2022-04-03,2247,North Bay Parry Sound District Health Unit,0.1436,164.0,1.26,0.8896,0.9772
19754,2022-04-03,2246,Niagara Regional Area Health Unit,0.1723,416.0,0.88,0.7639,0.8857
19755,2022-04-03,2244,Middlesex-London Health Unit,0.139,582.0,1.15,0.8502,0.9566
19756,2022-04-03,2243,"Leeds, Grenville and Lanark District Health Unit",0.1585,190.0,1.1,0.7725,0.9272
19757,2022-04-03,2242,Lambton Health Unit,0.2013,154.0,1.18,0.6954,0.9253
19758,2022-04-03,2241,"Kingston, Frontenac and Lennox and Addington Health Unit",0.212,491.0,2.31,0.9484,0.9828
19759,2022-04-03,5183,Huron Perth Health Unit,0.1166,195.0,1.39,0.7273,0.9474
19760,2022-04-03,2238,Hastings and Prince Edward Counties Health Unit,0.1595,364.0,2.16,0.8833,0.975
19761,2022-04-03,2236,Halton Regional Health Unit,0.2148,374.0,0.6,0.7079,0.8803
19762,2022-04-03,2235,"Haliburton, Kawartha, Pine Ridge District Health Unit",0.1534,174.0,0.92,0.7643,0.9371
19763,2022-04-03,2234,Haldimand-Norfolk Health Unit,0.2146,114.0,1.0,0.8104,0.9305
19764,2022-04-03,2233,Grey Bruce Health Unit,0.2221,190.0,1.12,0.6308,0.9161
19765,2022-04-03,2258,Eastern Ontario Health Unit,0.1533,227.0,1.09,0.7783,0.9311
19766,2022-04-03,2230,Durham Regional Health Unit,0.1524,753.0,1.06,0.7413,0.9187
19767,2022-04-03,2226,District of Algoma Health Unit,0.2619,175.0,1.53,0.9179,0.9619
19768,2022-04-03,2251,City of Ottawa Health Unit,0.1949,759.0,0.72,0.8425,0.9389
19769,2022-04-03,2237,City of Hamilton Health Unit,0.1855,705.0,1.19,0.8997,0.9589
19770,2022-04-03,2240,Chatham-Kent Health Unit,0.1371,131.0,1.23,0.8222,0.9638
19771,2022-04-03,2227,Brant County Health Unit,0.1906,158.0,1.02,0.8215,0.9103
19772,2022-04-03,3895,City of Toronto Health Unit,0.1452,3044.0,0.98,0.82,0.9464
19773,2022-04-03,2249,Northwestern Health Unit,0.1508,129.0,1.47,0.8583,0.9494
19774,2022-04-03,2261,Sudbury and District Health Unit,0.122,383.0,1.92,0.8322,0.9749
19775,2022-04-03,2266,Wellington-Dufferin-Guelph Health Unit,0.1975,268.0,0.86,0.8131,0.9351
19776,2022-04-02,2270,York Regional Health Unit,0.1516,941.0,0.77,0.738,0.8923
19777,2022-04-02,2268,Windsor-Essex County Health Unit,0.1827,490.0,1.15,0.6597,0.9088
19778,2022-04-02,2266,Wellington-Dufferin-Guelph Health Unit,0.1991,264.0,0.85,0.8085,0.931
19779,2022-04-02,2263,Timiskaming Health Unit,0.1292,39.0,1.18,0.7413,0.9406
19780,2022-04-02,2262,Thunder Bay District Health Unit,0.0995,215.0,1.44,0.9035,0.9606
19781,2022-04-02,2261,Sudbury and District Health Unit,0.1174,406.0,2.04,0.8569,0.9749
19782,2022-04-02,4913,Southwestern Public Health,0.144,249.0,1.18,0.8156,0.9581
19783,2022-04-02,2260,Simcoe Muskoka District Health Unit,0.1686,737.0,1.23,0.7473,0.9345
19784,2022-04-02,2257,Renfrew County and District Health Unit,0.0884,92.0,0.85,0.6624,0.8681
19785,2022-04-02,2256,Porcupine Health Unit,0.1525,112.0,1.35,0.8616,0.9778
19786,2022-04-02,2253,Peel Regional Health Unit,0.1217,1047.0,0.65,0.7771,0.9333
19787,2022-04-02,35,Ontario,0.1586,14727.0,0.99,0.8043,0.9377
19788,2022-04-02,2249,Northwestern Health Unit,0.1542,126.0,1.44,0.8328,0.9549
19789,2022-04-02,2246,Niagara Regional Area Health Unit,0.1754,425.0,0.9,0.7741,0.8901
19790,2022-04-02,2244,Middlesex-London Health Unit,0.1385,573.0,1.13,0.8539,0.9549
19791,2022-04-02,2243,"Leeds, Grenville and Lanark District Health Unit",0.151,191.0,1.1,0.7966,0.9255
19792,2022-04-02,2241,"Kingston, Frontenac and Lennox and Addington Health Unit",0.2083,473.0,2.22,0.9454,0.9786
19793,2022-04-02,5183,Huron Perth Health Unit,0.1174,193.0,1.38,0.7305,0.9466
19794,2022-04-02,2238,Hastings and Prince Edward Counties Health Unit,0.1598,355.0,2.11,0.8925,0.9758
19795,2022-04-02,2236,Halton Regional Health Unit,0.2092,384.0,0.62,0.7197,0.8903
19796,2022-04-02,2235,"Haliburton, Kawartha, Pine Ridge District Health Unit",0.1489,173.0,0.91,0.793,0.9313
19797,2022-04-02,2234,Haldimand-Norfolk Health Unit,0.2078,113.0,0.99,0.8293,0.9384
19798,2022-04-02,2233,Grey Bruce Health Unit,0.2295,177.0,1.04,0.6025,0.9211
19799,2022-04-02,2230,Durham Regional Health Unit,0.1501,727.0,1.02,0.7636,0.9227
19800,2022-04-02,2226,District of Algoma Health Unit,0.2589,173.0,1.51,0.8829,0.9621
19801,2022-04-02,3895,City of Toronto Health Unit,0.1393,3039.0,0.97,0.828,0.9482
19802,2022-04-02,2237,City of Hamilton Health Unit,0.1807,689.0,1.16,0.9023,0.9587
19803,2022-04-02,2240,Chatham-Kent Health Unit,0.1395,132.0,1.24,0.8189,0.9605
19804,2022-04-02,2227,Brant County Health Unit,0.1858,149.0,0.96,0.8249,0.9194
19805,2022-04-02,2251,City of Ottawa Health Unit,0.197,741.0,0.7,0.8447,0.9405
19806,2022-04-02,2258,Eastern Ontario Health Unit,0.1527,226.0,1.08,0.806,0.9543
19807,2022-04-02,2242,Lambton Health Unit,0.1969,149.0,1.14,0.6925,0.9252
19808,2022-04-02,2247,North Bay Parry Sound District Health Unit,0.1366,162.0,1.25,0.8908,0.9774
19809,2022-04-02,2255,Peterborough County-City Health Unit,0.1278,174.0,1.18,0.8292,0.9459
19810,2022-04-02,2265,Waterloo Health Unit,0.1886,435.0,0.74,0.7397,0.9173
19811,2022-04-01,2268,Windsor-Essex County Health Unit,0.1818,489.0,1.15,0.6797,0.8996
19812,2022-04-01,2266,Wellington-Dufferin-Guelph Health Unit,0.1977,259.0,0.83,0.8065,0.9199
19813,2022-04-01,2265,Waterloo Health Unit,0.1848,428.0,0.73,0.7476,0.9153
19814,2022-04-01,2263,Timiskaming Health Unit,0.1193,41.0,1.25,0.756,0.9622
19815,2022-04-01,2262,Thunder Bay District Health Unit,0.0973,214.0,1.43,0.9014,0.9593
19816,2022-04-01,2261,Sudbury and District Health Unit,0.1103,436.0,2.19,0.843,0.9747
19817,2022-04-01,4913,Southwestern Public Health,0.1401,249.0,1.18,0.8186,0.956
19818,2022-04-01,2257,Renfrew County and District Health Unit,0.0875,96.0,0.89,0.6966,0.8811
19819,2022-04-01,2256,Porcupine Health Unit,0.1452,114.0,1.37,0.904,0.9822
19820,2022-04-01,2255,Peterborough County-City Health Unit,0.1222,174.0,1.18,0.8845,0.9439
19821,2022-04-01,35,Ontario,0.1546,14644.0,0.99,0.8059,0.9331
19822,2022-04-01,2249,Northwestern Health Unit,0.1505,126.0,1.44,0.8379,0.9511
19823,2022-04-01,2247,North Bay Parry Sound District Health Unit,0.1182,157.0,1.21,0.8952,0.979
19824,2022-04-01,2244,Middlesex-London Health Unit,0.1371,566.0,1.11,0.8591,0.9504
19825,2022-04-01,2243,"Leeds, Grenville and Lanark District Health Unit",0.1425,191.0,1.11,0.8056,0.9272
19826,2022-04-01,2242,Lambton Health Unit,0.195,153.0,1.17,0.7159,0.9121
19827,2022-04-01,2241,"Kingston, Frontenac and Lennox and Addington Health Unit",0.2053,468.0,2.2,0.9417,0.9777
19828,2022-04-01,5183,Huron Perth Health Unit,0.1211,191.0,1.37,0.7324,0.9375
19829,2022-04-01,2238,Hastings and Prince Edward Counties Health Unit,0.1519,351.0,2.08,0.9092,0.9742
19830,2022-04-01,2236,Halton Regional Health Unit,0.2025,380.0,0.61,0.7154,0.8798
19831,2022-04-01,2234,Haldimand-Norfolk Health Unit,0.2043,113.0,0.99,0.8193,0.9354
19832,2022-04-01,2233,Grey Bruce Health Unit,0.2123,172.0,1.01,0.6176,0.9037
19833,2022-04-01,2258,Eastern Ontario Health Unit,0.149,227.0,1.09,0.8085,0.9499
19834,2022-04-01,2226,District of Algoma Health Unit,0.2617,168.0,1.47,0.8493,0.9454
19835,2022-04-01,3895,City of Toronto Health Unit,0.1352,2999.0,0.96,0.8286,0.9455
19836,2022-04-01,2251,City of Ottawa Health Unit,0.1945,735.0,0.7,0.8421,0.9391
19837,2022-04-01,2240,Chatham-Kent Health Unit,0.1389,133.0,1.25,0.8182,0.9467
19838,2022-04-01,2227,Brant County Health Unit,0.1738,146.0,0.94,0.8187,0.9104
19839,2022-04-01,2237,City of Hamilton Health Unit,0.1741,689.0,1.16,0.9009,0.9524
19840,2022-04-01,2230,Durham Regional Health Unit,0.1487,735.0,1.03,0.7624,0.9173
19841,2022-04-01,2235,"Haliburton, Kawartha, Pine Ridge District Health Unit",0.1447,173.0,0.91,0.7942,0.9259
19842,2022-04-01,2246,Niagara Regional Area Health Unit,0.1744,425.0,0.9,0.7726,0.8834
19843,2022-04-01,2253,Peel Regional Health Unit,0.1181,1034.0,0.64,0.7743,0.9275
19844,2022-04-01,2260,Simcoe Muskoka District Health Unit,0.165,715.0,1.19,0.7553,0.932
19845,2022-04-01,2270,York Regional Health Unit,0.1486,943.0,0.77,0.7364,0.8862
19846,2022-03-31,2270,York Regional Health Unit,0.1476,915.0,0.75,0.7286,0.8766
19847,2022-03-31,2268,Windsor-Essex County Health Unit,0.1756,490.0,1.15,0.659,0.877
19848,2022-03-31,2266,Wellington-Dufferin-Guelph Health Unit,0.1938,251.0,0.81,0.7825,0.9068
19849,2022-03-31,2265,Waterloo Health Unit,0.1847,429.0,0.73,0.7355,0.9032
19850,2022-03-31,2263,Timiskaming Health Unit,0.1096,42.0,1.28,0.7612,0.9663
19851,2022-03-31,2261,Sudbury and District Health Unit,0.111,417.0,2.09,0.819,0.9674
19852,2022-03-31,4913,Southwestern Public Health,0.1357,257.0,1.21,0.8245,0.953
19853,2022-03-31,2260,Simcoe Muskoka District Health Unit,0.1615,682.0,1.14,0.7525,0.9294
19854,2022-03-31,2256,Porcupine Health Unit,0.1403,112.0,1.34,0.8952,0.9782
19855,2022-03-31,2255,Peterborough County-City Health Unit,0.1138,181.0,1.22,0.8802,0.9385
19856,2022-03-31,2253,Peel Regional Health Unit,0.1144,1014.0,0.63,0.7679,0.9201
19857,2022-03-31,2249,Northwestern Health Unit,0.1596,121.0,1.38,0.8183,0.9451
19858,2022-03-31,2247,North Bay Parry Sound District Health Unit,0.138,151.0,1.16,0.8906,0.9731
19859,2022-03-31,2246,Niagara Regional Area Health Unit,0.166,416.0,0.88,0.7448,0.8724
19860,2022-03-31,2244,Middlesex-London Health Unit,0.1371,562.0,1.11,0.8581,0.9394
19861,2022-03-31,2243,"Leeds, Grenville and Lanark District Health Unit",0.1468,185.0,1.07,0.8178,0.9153
19862,2022-03-31,2242,Lambton Health Unit,0.1893,169.0,1.29,0.7159,0.9039
19863,2022-03-31,2241,"Kingston, Frontenac and Lennox and Addington Health Unit",0.2048,454.0,2.13,0.9313,0.9707
19864,2022-03-31,2238,Hastings and Prince Edward Counties Health Unit,0.1511,344.0,2.04,0.9358,0.9741
19865,2022-03-31,2236,Halton Regional Health Unit,0.2036,370.0,0.6,0.6888,0.851
19866,2022-03-31,2235,"Haliburton, Kawartha, Pine Ridge District Health Unit",0.1392,163.0,0.86,0.7895,0.9161
19867,2022-03-31,2233,Grey Bruce Health Unit,0.1872,169.0,1.0,0.6104,0.8936
19868,2022-03-31,2258,Eastern Ontario Health Unit,0.147,215.0,1.03,0.8065,0.9313
19869,2022-03-31,2230,Durham Regional Health Unit,0.1453,715.0,1.0,0.7667,0.9102
19870,2022-03-31,3895,City of Toronto Health Unit,0.1269,2920.0,0.94,0.8275,0.9417
19871,2022-03-31,2251,City of Ottawa Health Unit,0.1887,706.0,0.67,0.8329,0.9314
19872,2022-03-31,2237,City of Hamilton Health Unit,0.1658,676.0,1.14,0.889,0.941
19873,2022-03-31,2240,Chatham-Kent Health Unit,0.1257,135.0,1.27,0.8152,0.9388
19874,2022-03-31,2227,Brant County Health Unit,0.1569,148.0,0.96,0.8084,0.8988
19875,2022-03-31,2226,District of Algoma Health Unit,0.2534,167.0,1.46,0.828,0.9316
19876,2022-03-31,2234,Haldimand-Norfolk Health Unit,0.1898,107.0,0.94,0.8062,0.9208
19877,2022-03-31,5183,Huron Perth Health Unit,0.1085,194.0,1.39,0.7482,0.9402
19878,2022-03-31,35,Ontario,0.1498,14358.0,0.97,0.7988,0.9248
19879,2022-03-31,2257,Renfrew County and District Health Unit,0.0794,115.0,1.06,0.6851,0.8883
19880,2022-03-31,2262,Thunder Bay District Health Unit,0.1021,214.0,1.43,0.8997,0.9553
19881,2022-03-30,2270,York Regional Health Unit,0.1436,913.0,0.75,0.7376,0.8702
19882,2022-03-30,2268,Windsor-Essex County Health Unit,0.1776,470.0,1.11,0.6223,0.8526
19883,2022-03-30,2265,Waterloo Health Unit,0.1762,411.0,0.7,0.7289,0.8884
19884,2022-03-30,2263,Timiskaming Health Unit,0.0893,50.0,1.52,0.6951,0.9317
19885,2022-03-30,2262,Thunder Bay District Health Unit,0.106,217.0,1.45,0.8924,0.9509
19886,2022-03-30,4913,Southwestern Public Health,0.1293,255.0,1.21,0.819,0.9438
19887,2022-03-30,2260,Simcoe Muskoka District Health Unit,0.1565,673.0,1.12,0.7539,0.9207
19888,2022-03-30,2257,Renfrew County and District Health Unit,0.0866,114.0,1.05,0.6359,0.8696
19889,2022-03-30,2255,Peterborough County-City Health Unit,0.1037,179.0,1.21,0.8692,0.9269
19890,2022-03-30,2253,Peel Regional Health Unit,0.1123,1006.0,0.63,0.7697,0.9159
19891,2022-03-30,35,Ontario,0.1459,14088.0,0.95,0.7922,0.9147
19892,2022-03-30,2249,Northwestern Health Unit,0.1682,123.0,1.4,0.8028,0.9413
19893,2022-03-30,2247,North Bay Parry Sound District Health Unit,0.1427,147.0,1.13,0.8721,0.9625
19894,2022-03-30,2246,Niagara Regional Area Health Unit,0.1674,401.0,0.85,0.7327,0.8696
19895,2022-03-30,2244,Middlesex-London Health Unit,0.1358,535.0,1.05,0.8538,0.9298
19896,2022-03-30,2242,Lambton Health Unit,0.1878,164.0,1.25,0.6977,0.8891
19897,2022-03-30,2241,"Kingston, Frontenac and Lennox and Addington Health Unit",0.1912,441.0,2.07,0.9277,0.9645
19898,2022-03-30,5183,Huron Perth Health Unit,0.1054,211.0,1.51,0.7515,0.9351
19899,2022-03-30,2236,Halton Regional Health Unit,0.1978,365.0,0.59,0.678,0.8291
19900,2022-03-30,2235,"Haliburton, Kawartha, Pine Ridge District Health Unit",0.1342,163.0,0.86,0.7846,0.8959
19901,2022-03-30,2234,Haldimand-Norfolk Health Unit,0.1903,101.0,0.88,0.7834,0.9024
19902,2022-03-30,2258,Eastern Ontario Health Unit,0.144,198.0,0.95,0.7863,0.926
19903,2022-03-30,2230,Durham Regional Health Unit,0.1398,719.0,1.01,0.7639,0.8932
19904,2022-03-30,2226,District of Algoma Health Unit,0.2511,166.0,1.45,0.7733,0.9082
19905,2022-03-30,3895,City of Toronto Health Unit,0.1211,2882.0,0.92,0.8346,0.9357
19906,2022-03-30,2251,City of Ottawa Health Unit,0.1832,671.0,0.64,0.8082,0.9205
19907,2022-03-30,2237,City of Hamilton Health Unit,0.1682,657.0,1.11,0.8806,0.929
19908,2022-03-30,2240,Chatham-Kent Health Unit,0.1084,133.0,1.25,0.813,0.9233
19909,2022-03-30,2227,Brant County Health Unit,0.1553,144.0,0.93,0.79,0.8907
19910,2022-03-30,2233,Grey Bruce Health Unit,0.1895,158.0,0.93,0.6106,0.8849
19911,2022-03-30,2238,Hastings and Prince Edward Counties Health Unit,0.1504,323.0,1.92,0.9281,0.9693
19912,2022-03-30,2243,"Leeds, Grenville and Lanark District Health Unit",0.1386,173.0,1.0,0.8183,0.9231
19913,2022-03-30,2256,Porcupine Health Unit,0.1413,108.0,1.3,0.781,0.9316
19914,2022-03-30,2261,Sudbury and District Health Unit,0.1115,421.0,2.12,0.8069,0.9569
19915,2022-03-30,2266,Wellington-Dufferin-Guelph Health Unit,0.197,244.0,0.78,0.7562,0.8882
19916,2022-03-29,2270,York Regional Health Unit,0.1454,909.0,0.74,0.7542,0.885
19917,2022-03-29,2268,Windsor-Essex County Health Unit,0.1738,460.0,1.08,0.6867,0.8715
19918,2022-03-29,2266,Wellington-Dufferin-Guelph Health Unit,0.1906,238.0,0.76,0.7788,0.9055
19919,2022-03-29,2263,Timiskaming Health Unit,0.0728,53.0,1.62,0.6853,0.9235
19920,2022-03-29,2262,Thunder Bay District Health Unit,0.1113,208.0,1.39,0.9073,0.954
19921,2022-03-29,2261,Sudbury and District Health Unit,0.1044,430.0,2.16,0.8456,0.96
19922,2022-03-29,2260,Simcoe Muskoka District Health Unit,0.149,656.0,1.09,0.8061,0.9248
19923,2022-03-29,2257,Renfrew County and District Health Unit,0.0834,111.0,1.02,0.6533,0.8742
19924,2022-03-29,2256,Porcupine Health Unit,0.1436,108.0,1.3,0.7797,0.9302
19925,2022-03-29,2255,Peterborough County-City Health Unit,0.1079,166.0,1.12,0.8758,0.9301
19926,2022-03-29,2253,Peel Regional Health Unit,0.1074,1015.0,0.63,0.7809,0.9241
19927,2022-03-29,35,Ontario,0.1413,13955.0,0.94,0.8065,0.9208
19928,2022-03-29,2249,Northwestern Health Unit,0.1726,120.0,1.37,0.8099,0.935
19929,2022-03-29,2246,Niagara Regional Area Health Unit,0.154,404.0,0.86,0.7373,0.8787
19930,2022-03-29,2244,Middlesex-London Health Unit,0.1291,550.0,1.08,0.8613,0.9323
19931,2022-03-29,2243,"Leeds, Grenville and Lanark District Health Unit",0.1261,165.0,0.96,0.8295,0.9222
19932,2022-03-29,2241,"Kingston, Frontenac and Lennox and Addington Health Unit",0.1822,443.0,2.08,0.9291,0.9636
19933,2022-03-29,5183,Huron Perth Health Unit,0.1092,212.0,1.52,0.828,0.948
19934,2022-03-29,2238,Hastings and Prince Edward Counties Health Unit,0.1427,324.0,1.93,0.9298,0.9649
19935,2022-03-29,2235,"Haliburton, Kawartha, Pine Ridge District Health Unit",0.1376,158.0,0.84,0.7721,0.8995
19936,2022-03-29,2234,Haldimand-Norfolk Health Unit,0.1954,93.0,0.81,0.7829,0.916
19937,2022-03-29,2233,Grey Bruce Health Unit,0.177,155.0,0.91,0.6531,0.9128
19938,2022-03-29,2258,Eastern Ontario Health Unit,0.1435,186.0,0.89,0.7783,0.9176
19939,2022-03-29,2230,Durham Regional Health Unit,0.1291,705.0,0.99,0.7899,0.9021
19940,2022-03-29,2226,District of Algoma Health Unit,0.2496,170.0,1.49,0.7472,0.9097
19941,2022-03-29,3895,City of Toronto Health Unit,0.1161,2897.0,0.93,0.8397,0.9426
19942,2022-03-29,2237,City of Hamilton Health Unit,0.1646,639.0,1.08,0.8876,0.9351
19943,2022-03-29,2240,Chatham-Kent Health Unit,0.1119,134.0,1.26,0.8399,0.9301
19944,2022-03-29,2227,Brant County Health Unit,0.1478,139.0,0.9,0.7611,0.8725
19945,2022-03-29,2251,City of Ottawa Health Unit,0.1779,645.0,0.61,0.8001,0.9136
19946,2022-03-29,2236,Halton Regional Health Unit,0.194,364.0,0.59,0.6937,0.8407
19947,2022-03-29,2242,Lambton Health Unit,0.1907,157.0,1.2,0.7679,0.8938
19948,2022-03-29,2247,North Bay Parry Sound District Health Unit,0.1348,144.0,1.11,0.9063,0.9635
19949,2022-03-29,4913,Southwestern Public Health,0.1329,248.0,1.17,0.8084,0.9481
19950,2022-03-29,2265,Waterloo Health Unit,0.1781,396.0,0.68,0.7271,0.8952
19951,2022-03-28,2268,Windsor-Essex County Health Unit,0.1648,482.0,1.13,0.6701,0.8763
19952,2022-03-28,2266,Wellington-Dufferin-Guelph Health Unit,0.1794,238.0,0.76,0.7749,0.9101
19953,2022-03-28,2265,Waterloo Health Unit,0.1663,375.0,0.64,0.7352,0.8951
19954,2022-03-28,2262,Thunder Bay District Health Unit,0.1147,206.0,1.37,0.8904,0.9468
19955,2022-03-28,2261,Sudbury and District Health Unit,0.1007,436.0,2.19,0.8724,0.9569
19956,2022-03-28,4913,Southwestern Public Health,0.1373,238.0,1.13,0.8481,0.9494
19957,2022-03-28,2260,Simcoe Muskoka District Health Unit,0.1431,650.0,1.08,0.8209,0.9252
19958,2022-03-28,2257,Renfrew County and District Health Unit,0.0954,111.0,1.02,0.6433,0.8708
19959,2022-03-28,2256,Porcupine Health Unit,0.1409,114.0,1.36,0.7543,0.9216
19960,2022-03-28,2255,Peterborough County-City Health Unit,0.1098,155.0,1.05,0.8752,0.9286
19961,2022-03-28,35,Ontario,0.1374,13829.0,0.93,0.8082,0.9194
19962,2022-03-28,2249,Northwestern Health Unit,0.1602,114.0,1.3,0.7902,0.9221
19963,2022-03-28,2247,North Bay Parry Sound District Health Unit,0.1377,142.0,1.1,0.9113,0.961
19964,2022-03-28,2244,Middlesex-London Health Unit,0.1276,555.0,1.09,0.8669,0.9385
19965,2022-03-28,2243,"Leeds, Grenville and Lanark District Health Unit",0.1232,166.0,0.96,0.7934,0.9027
19966,2022-03-28,2242,Lambton Health Unit,0.1766,155.0,1.19,0.799,0.9038
19967,2022-03-28,5183,Huron Perth Health Unit,0.1149,211.0,1.51,0.8442,0.9593
19968,2022-03-28,2238,Hastings and Prince Edward Counties Health Unit,0.1459,306.0,1.81,0.9325,0.9656
19969,2022-03-28,2236,Halton Regional Health Unit,0.1846,364.0,0.59,0.7017,0.8477
19970,2022-03-28,2235,"Haliburton, Kawartha, Pine Ridge District Health Unit",0.1388,154.0,0.82,0.7765,0.9027
19971,2022-03-28,2234,Haldimand-Norfolk Health Unit,0.1677,91.0,0.8,0.7899,0.9169
19972,2022-03-28,2233,Grey Bruce Health Unit,0.1665,154.0,0.91,0.6861,0.9196
19973,2022-03-28,2258,Eastern Ontario Health Unit,0.1377,182.0,0.87,0.7861,0.9262
19974,2022-03-28,2226,District of Algoma Health Unit,0.2622,170.0,1.49,0.7586,0.9146
19975,2022-03-28,3895,City of Toronto Health Unit,0.1131,2819.0,0.9,0.8429,0.9395
19976,2022-03-28,2251,City of Ottawa Health Unit,0.1773,610.0,0.58,0.7904,0.9069
19977,2022-03-28,2240,Chatham-Kent Health Unit,0.116,140.0,1.32,0.8387,0.9255
19978,2022-03-28,2227,Brant County Health Unit,0.1471,141.0,0.91,0.7246,0.8529
19979,2022-03-28,2237,City of Hamilton Health Unit,0.1593,642.0,1.08,0.8911,0.937
19980,2022-03-28,2230,Durham Regional Health Unit,0.1232,720.0,1.01,0.7847,0.9048
19981,2022-03-28,2241,"Kingston, Frontenac and Lennox and Addington Health Unit",0.1758,447.0,2.1,0.9325,0.964
19982,2022-03-28,2246,Niagara Regional Area Health Unit,0.1473,410.0,0.87,0.7355,0.8737
19983,2022-03-28,2253,Peel Regional Health Unit,0.1005,1032.0,0.64,0.7878,0.9207
19984,2022-03-28,2263,Timiskaming Health Unit,0.0801,48.0,1.47,0.6656,0.9319
19985,2022-03-28,2270,York Regional Health Unit,0.1439,901.0,0.74,0.75,0.8808
19986,2022-03-27,2270,York Regional Health Unit,0.1425,902.0,0.74,0.7594,0.8891
19987,2022-03-27,2266,Wellington-Dufferin-Guelph Health Unit,0.1707,237.0,0.76,0.7707,0.9062
19988,2022-03-27,2265,Waterloo Health Unit,0.1554,377.0,0.64,0.7387,0.901
19989,2022-03-27,2263,Timiskaming Health Unit,0.0886,45.0,1.38,0.6196,0.8934
19990,2022-03-27,2262,Thunder Bay District Health Unit,0.1107,212.0,1.41,0.8065,0.8598
19991,2022-03-27,2261,Sudbury and District Health Unit,0.1051,420.0,2.11,0.8677,0.955
19992,2022-03-27,4913,Southwestern Public Health,0.1221,238.0,1.12,0.8521,0.9556
19993,2022-03-27,2260,Simcoe Muskoka District Health Unit,0.1392,623.0,1.04,0.8246,0.9266
19994,2022-03-27,2256,Porcupine Health Unit,0.1406,111.0,1.33,0.6857,0.8481
19995,2022-03-27,2255,Peterborough County-City Health Unit,0.1143,152.0,1.03,0.8905,0.9438
19996,2022-03-27,2253,Peel Regional Health Unit,0.0982,1043.0,0.65,0.8126,0.9357
19997,2022-03-27,2249,Northwestern Health Unit,0.1604,113.0,1.29,0.7325,0.8485
19998,2022-03-27,2247,North Bay Parry Sound District Health Unit,0.1368,132.0,1.01,0.906,0.9644
19999,2022-03-27,2246,Niagara Regional Area Health Unit,0.1462,406.0,0.86,0.7415,0.8791
20000,2022-03-27,2243,"Leeds, Grenville and Lanark District Health Unit",0.1133,151.0,0.87,0.797,0.9077
20001,2022-03-27,2242,Lambton Health Unit,0.1729,154.0,1.17,0.7534,0.9108
20002,2022-03-27,2241,"Kingston, Frontenac and Lennox and Addington Health Unit",0.1638,450.0,2.12,0.9268,0.9631
20003,2022-03-27,5183,Huron Perth Health Unit,0.1206,205.0,1.47,0.8276,0.958
20004,2022-03-27,2238,Hastings and Prince Edward Counties Health Unit,0.1437,303.0,1.8,0.9375,0.9673
20005,2022-03-27,2236,Halton Regional Health Unit,0.1813,369.0,0.6,0.6984,0.8586
20006,2022-03-27,2235,"Haliburton, Kawartha, Pine Ridge District Health Unit",0.1252,164.0,0.87,0.787,0.9195
20007,2022-03-27,2233,Grey Bruce Health Unit,0.1497,160.0,0.94,0.6874,0.9276
20008,2022-03-27,2258,Eastern Ontario Health Unit,0.1312,181.0,0.87,0.7699,0.9179
20009,2022-03-27,2230,Durham Regional Health Unit,0.1149,723.0,1.02,0.8032,0.9128
20010,2022-03-27,3895,City of Toronto Health Unit,0.1056,2789.0,0.89,0.8531,0.9494
20011,2022-03-27,2251,City of Ottawa Health Unit,0.1706,595.0,0.56,0.7863,0.9089
20012,2022-03-27,2237,City of Hamilton Health Unit,0.1518,658.0,1.11,0.8881,0.9396
20013,2022-03-27,2240,Chatham-Kent Health Unit,0.118,138.0,1.3,0.8449,0.9296
20014,2022-03-27,2227,Brant County Health Unit,0.1466,148.0,0.95,0.7289,0.8501
20015,2022-03-27,2226,District of Algoma Health Unit,0.2623,180.0,1.58,0.7603,0.9165
20016,2022-03-27,2234,Haldimand-Norfolk Health Unit,0.1667,85.0,0.74,0.7861,0.913
20017,2022-03-27,2244,Middlesex-London Health Unit,0.125,553.0,1.09,0.8688,0.944
20018,2022-03-27,35,Ontario,0.1327,13754.0,0.93,0.8109,0.9226
20019,2022-03-27,2257,Renfrew County and District Health Unit,0.1096,107.0,0.98,0.6544,0.8994
20020,2022-03-27,2268,Windsor-Essex County Health Unit,0.1614,480.0,1.13,0.676,0.8751
20021,2022-03-26,2270,York Regional Health Unit,0.1364,911.0,0.74,0.761,0.8905
20022,2022-03-26,2268,Windsor-Essex County Health Unit,0.1547,484.0,1.14,0.6735,0.8585
20023,2022-03-26,2266,Wellington-Dufferin-Guelph Health Unit,0.1645,234.0,0.75,0.7602,0.9038
20024,2022-03-26,2265,Waterloo Health Unit,0.1533,377.0,0.65,0.7354,0.9006
20025,2022-03-26,2263,Timiskaming Health Unit,0.1067,47.0,1.43,0.5112,0.8254
20026,2022-03-26,2262,Thunder Bay District Health Unit,0.1067,214.0,1.43,0.7952,0.8617
20027,2022-03-26,4913,Southwestern Public Health,0.1199,226.0,1.07,0.8467,0.9459
20028,2022-03-26,2260,Simcoe Muskoka District Health Unit,0.1388,619.0,1.03,0.8301,0.9305
20029,2022-03-26,2257,Renfrew County and District Health Unit,0.112,105.0,0.96,0.6205,0.8973
20030,2022-03-26,2255,Peterborough County-City Health Unit,0.12,152.0,1.03,0.8996,0.9489
20031,2022-03-26,2253,Peel Regional Health Unit,0.0945,1047.0,0.65,0.8155,0.9344
20032,2022-03-26,35,Ontario,0.1312,13732.0,0.93,0.8072,0.9205
20033,2022-03-26,2247,North Bay Parry Sound District Health Unit,0.1393,131.0,1.01,0.8987,0.9651
20034,2022-03-26,2246,Niagara Regional Area Health Unit,0.1438,415.0,0.88,0.7422,0.8841
20035,2022-03-26,2244,Middlesex-London Health Unit,0.1265,560.0,1.1,0.8615,0.9442
20036,2022-03-26,2243,"Leeds, Grenville and Lanark District Health Unit",0.1147,154.0,0.89,0.7899,0.9085
20037,2022-03-26,2242,Lambton Health Unit,0.176,150.0,1.15,0.7378,0.9017
20038,2022-03-26,2241,"Kingston, Frontenac and Lennox and Addington Health Unit",0.1598,445.0,2.09,0.9272,0.9639
20039,2022-03-26,5183,Huron Perth Health Unit,0.1241,204.0,1.46,0.8323,0.9618
20040,2022-03-26,2236,Halton Regional Health Unit,0.175,368.0,0.59,0.6908,0.8586
20041,2022-03-26,2235,"Haliburton, Kawartha, Pine Ridge District Health Unit",0.128,166.0,0.88,0.7941,0.9192
20042,2022-03-26,2234,Haldimand-Norfolk Health Unit,0.1696,83.0,0.72,0.7841,0.9136
20043,2022-03-26,2258,Eastern Ontario Health Unit,0.1323,181.0,0.87,0.7583,0.9101
20044,2022-03-26,2230,Durham Regional Health Unit,0.1131,748.0,1.05,0.7946,0.9122
20045,2022-03-26,2226,District of Algoma Health Unit,0.2665,186.0,1.63,0.747,0.9061
20046,2022-03-26,2251,City of Ottawa Health Unit,0.1619,596.0,0.56,0.778,0.9095
20047,2022-03-26,2237,City of Hamilton Health Unit,0.1495,655.0,1.11,0.8866,0.9367
20048,2022-03-26,2240,Chatham-Kent Health Unit,0.114,138.0,1.3,0.8398,0.9249
20049,2022-03-26,2227,Brant County Health Unit,0.144,159.0,1.02,0.729,0.8402
20050,2022-03-26,3895,City of Toronto Health Unit,0.106,2747.0,0.88,0.854,0.9499
20051,2022-03-26,2233,Grey Bruce Health Unit,0.1551,155.0,0.91,0.6974,0.9353
20052,2022-03-26,2238,Hastings and Prince Edward Counties Health Unit,0.1364,302.0,1.79,0.9391,0.9673
20053,2022-03-26,2249,Northwestern Health Unit,0.166,114.0,1.3,0.7235,0.8352
20054,2022-03-26,2256,Porcupine Health Unit,0.1508,110.0,1.32,0.6078,0.8145
20055,2022-03-26,2261,Sudbury and District Health Unit,0.108,397.0,1.99,0.8659,0.9461
20056,2022-03-25,2270,York Regional Health Unit,0.1381,909.0,0.74,0.7631,0.8945
20057,2022-03-25,2268,Windsor-Essex County Health Unit,0.153,482.0,1.13,0.6576,0.874
20058,2022-03-25,2266,Wellington-Dufferin-Guelph Health Unit,0.1659,229.0,0.73,0.7474,0.9128
20059,2022-03-25,2263,Timiskaming Health Unit,0.1171,45.0,1.38,0.503,0.7929
20060,2022-03-25,2262,Thunder Bay District Health Unit,0.1165,217.0,1.45,0.7904,0.8588
20061,2022-03-25,2261,Sudbury and District Health Unit,0.1141,362.0,1.82,0.8707,0.9441
20062,2022-03-25,2260,Simcoe Muskoka District Health Unit,0.1388,616.0,1.03,0.8225,0.9348
20063,2022-03-25,2257,Renfrew County and District Health Unit,0.1144,101.0,0.93,0.5321,0.8661
20064,2022-03-25,2256,Porcupine Health Unit,0.1516,105.0,1.25,0.5815,0.7981
20065,2022-03-25,2253,Peel Regional Health Unit,0.0911,1057.0,0.66,0.8185,0.9392
20066,2022-03-25,35,Ontario,0.1293,13667.0,0.92,0.8059,0.9241
20067,2022-03-25,2249,Northwestern Health Unit,0.1605,117.0,1.33,0.7377,0.8483
20068,2022-03-25,2247,North Bay Parry Sound District Health Unit,0.1433,131.0,1.01,0.8882,0.9587
20069,2022-03-25,2246,Niagara Regional Area Health Unit,0.1445,418.0,0.88,0.7464,0.891
20070,2022-03-25,2244,Middlesex-London Health Unit,0.124,566.0,1.11,0.8637,0.9497
20071,2022-03-25,2243,"Leeds, Grenville and Lanark District Health Unit",0.114,154.0,0.89,0.7882,0.9123
20072,2022-03-25,2241,"Kingston, Frontenac and Lennox and Addington Health Unit",0.1567,444.0,2.09,0.932,0.9624
20073,2022-03-25,5183,Huron Perth Health Unit,0.1214,204.0,1.46,0.8375,0.9713
20074,2022-03-25,2238,Hastings and Prince Edward Counties Health Unit,0.1386,303.0,1.8,0.9358,0.9639
20075,2022-03-25,2235,"Haliburton, Kawartha, Pine Ridge District Health Unit",0.1309,169.0,0.9,0.813,0.9275
20076,2022-03-25,2234,Haldimand-Norfolk Health Unit,0.1612,83.0,0.73,0.8011,0.9183
20077,2022-03-25,2233,Grey Bruce Health Unit,0.1565,154.0,0.91,0.7023,0.9452
20078,2022-03-25,2230,Durham Regional Health Unit,0.1092,734.0,1.03,0.7966,0.917
20079,2022-03-25,2226,District of Algoma Health Unit,0.2557,189.0,1.66,0.7692,0.9135
20080,2022-03-25,3895,City of Toronto Health Unit,0.1037,2713.0,0.87,0.8528,0.9521
20081,2022-03-25,2251,City of Ottawa Health Unit,0.1541,603.0,0.57,0.7736,0.9101
20082,2022-03-25,2237,City of Hamilton Health Unit,0.1432,655.0,1.11,0.8884,0.9414
20083,2022-03-25,2240,Chatham-Kent Health Unit,0.1044,137.0,1.29,0.8441,0.9333
20084,2022-03-25,2227,Brant County Health Unit,0.1413,159.0,1.02,0.7342,0.8508
20085,2022-03-25,2258,Eastern Ontario Health Unit,0.1341,180.0,0.86,0.7534,0.9092
20086,2022-03-25,2236,Halton Regional Health Unit,0.1647,383.0,0.62,0.6978,0.8686
20087,2022-03-25,2242,Lambton Health Unit,0.1647,147.0,1.12,0.7363,0.9226
20088,2022-03-25,2255,Peterborough County-City Health Unit,0.1173,153.0,1.04,0.8797,0.9367
20089,2022-03-25,4913,Southwestern Public Health,0.1201,221.0,1.05,0.8406,0.9506
20090,2022-03-25,2265,Waterloo Health Unit,0.1519,379.0,0.65,0.7118,0.9042
20091,2022-03-24,2268,Windsor-Essex County Health Unit,0.1528,480.0,1.13,0.6494,0.8781
20092,2022-03-24,2266,Wellington-Dufferin-Guelph Health Unit,0.1649,229.0,0.73,0.7502,0.9186
20093,2022-03-24,2265,Waterloo Health Unit,0.1431,355.0,0.61,0.7112,0.9158
20094,2022-03-24,2262,Thunder Bay District Health Unit,0.121,215.0,1.43,0.792,0.8613
20095,2022-03-24,2261,Sudbury and District Health Unit,0.1125,366.0,1.84,0.8839,0.9421
20096,2022-03-24,4913,Southwestern Public Health,0.1184,215.0,1.02,0.8271,0.9507
20097,2022-03-24,2257,Renfrew County and District Health Unit,0.1352,80.0,0.74,0.5614,0.8773
20098,2022-03-24,2256,Porcupine Health Unit,0.1515,104.0,1.24,0.5307,0.7972
20099,2022-03-24,2255,Peterborough County-City Health Unit,0.127,137.0,0.93,0.8838,0.9425
20100,2022-03-24,2253,Peel Regional Health Unit,0.0885,1045.0,0.65,0.822,0.9458
20101,2022-03-24,35,Ontario,0.1279,13391.0,0.9,0.8051,0.9285
20102,2022-03-24,2249,Northwestern Health Unit,0.1491,121.0,1.38,0.7684,0.8595
20103,2022-03-24,2247,North Bay Parry Sound District Health Unit,0.1265,130.0,1.0,0.8905,0.9617
20104,2022-03-24,2244,Middlesex-London Health Unit,0.1201,573.0,1.13,0.8683,0.9539
20105,2022-03-24,2243,"Leeds, Grenville and Lanark District Health Unit",0.0983,155.0,0.9,0.7905,0.9166
20106,2022-03-24,2242,Lambton Health Unit,0.1667,130.0,0.99,0.7398,0.9299
20107,2022-03-24,5183,Huron Perth Health Unit,0.1282,198.0,1.42,0.8281,0.9712
20108,2022-03-24,2238,Hastings and Prince Edward Counties Health Unit,0.1351,293.0,1.74,0.9366,0.962
20109,2022-03-24,2236,Halton Regional Health Unit,0.1644,391.0,0.63,0.703,0.8854
20110,2022-03-24,2234,Haldimand-Norfolk Health Unit,0.1455,83.0,0.73,0.8025,0.9253
20111,2022-03-24,2233,Grey Bruce Health Unit,0.1488,156.0,0.92,0.7317,0.9591
20112,2022-03-24,2258,Eastern Ontario Health Unit,0.1315,169.0,0.81,0.7706,0.9212
20113,2022-03-24,2230,Durham Regional Health Unit,0.1072,731.0,1.03,0.7902,0.9267
20114,2022-03-24,2226,District of Algoma Health Unit,0.2553,196.0,1.72,0.7623,0.9256
20115,2022-03-24,3895,City of Toronto Health Unit,0.1055,2596.0,0.83,0.8482,0.9529
20116,2022-03-24,2251,City of Ottawa Health Unit,0.1477,595.0,0.56,0.7635,0.9005
20117,2022-03-24,2240,Chatham-Kent Health Unit,0.0975,135.0,1.27,0.8285,0.9148
20118,2022-03-24,2227,Brant County Health Unit,0.1467,156.0,1.0,0.7312,0.8613
20119,2022-03-24,2237,City of Hamilton Health Unit,0.1473,626.0,1.06,0.8912,0.9467
20120,2022-03-24,2235,"Haliburton, Kawartha, Pine Ridge District Health Unit",0.1207,175.0,0.93,0.8132,0.9332
20121,2022-03-24,2241,"Kingston, Frontenac and Lennox and Addington Health Unit",0.155,434.0,2.04,0.9333,0.9668
20122,2022-03-24,2246,Niagara Regional Area Health Unit,0.1459,419.0,0.89,0.7635,0.9124
20123,2022-03-24,2260,Simcoe Muskoka District Health Unit,0.1385,610.0,1.02,0.8133,0.9336
20124,2022-03-24,2263,Timiskaming Health Unit,0.1121,47.0,1.44,0.4205,0.7491
20125,2022-03-24,2270,York Regional Health Unit,0.1304,904.0,0.74,0.7644,0.9042
20126,2022-03-23,2270,York Regional Health Unit,0.1245,898.0,0.73,0.7545,0.9102
20127,2022-03-23,2266,Wellington-Dufferin-Guelph Health Unit,0.1563,229.0,0.74,0.7428,0.9132
20128,2022-03-23,2265,Waterloo Health Unit,0.143,358.0,0.61,0.7023,0.9344
20129,2022-03-23,2263,Timiskaming Health Unit,0.1326,40.0,1.22,0.4652,0.7609
20130,2022-03-23,2261,Sudbury and District Health Unit,0.1054,358.0,1.8,0.8885,0.9437
20131,2022-03-23,4913,Southwestern Public Health,0.1198,210.0,0.99,0.8078,0.9636
20132,2022-03-23,2260,Simcoe Muskoka District Health Unit,0.1388,592.0,0.99,0.8258,0.9436
20133,2022-03-23,2257,Renfrew County and District Health Unit,0.1277,79.0,0.73,0.5977,0.9135
20134,2022-03-23,2256,Porcupine Health Unit,0.1431,104.0,1.24,0.6,0.8115
20135,2022-03-23,2255,Peterborough County-City Health Unit,0.136,128.0,0.87,0.8872,0.9525
20136,2022-03-23,2253,Peel Regional Health Unit,0.0802,1049.0,0.65,0.8225,0.9544
20137,2022-03-23,2249,Northwestern Health Unit,0.1448,118.0,1.35,0.7141,0.8576
20138,2022-03-23,2247,North Bay Parry Sound District Health Unit,0.1222,136.0,1.04,0.9144,0.9791
20139,2022-03-23,2246,Niagara Regional Area Health Unit,0.1437,410.0,0.87,0.7531,0.9201
20140,2022-03-23,2243,"Leeds, Grenville and Lanark District Health Unit",0.1024,155.0,0.89,0.799,0.9196
20141,2022-03-23,2242,Lambton Health Unit,0.1533,133.0,1.02,0.7473,0.9477
20142,2022-03-23,2241,"Kingston, Frontenac and Lennox and Addington Health Unit",0.1561,430.0,2.02,0.9413,0.975
20143,2022-03-23,2238,Hastings and Prince Edward Counties Health Unit,0.1253,293.0,1.74,0.9411,0.9665
20144,2022-03-23,2236,Halton Regional Health Unit,0.1496,386.0,0.62,0.7181,0.9099
20145,2022-03-23,2235,"Haliburton, Kawartha, Pine Ridge District Health Unit",0.1135,166.0,0.88,0.8289,0.9524
20146,2022-03-23,2234,Haldimand-Norfolk Health Unit,0.1462,80.0,0.7,0.8067,0.9517
20147,2022-03-23,2233,Grey Bruce Health Unit,0.1534,159.0,0.94,0.7063,0.9652
20148,2022-03-23,2258,Eastern Ontario Health Unit,0.1203,166.0,0.8,0.7713,0.9121
20149,2022-03-23,2230,Durham Regional Health Unit,0.1035,715.0,1.0,0.8099,0.9498
20150,2022-03-23,3895,City of Toronto Health Unit,0.102,2515.0,0.81,0.8464,0.957
20151,2022-03-23,2251,City of Ottawa Health Unit,0.1444,581.0,0.55,0.7771,0.9066
20152,2022-03-23,2237,City of Hamilton Health Unit,0.142,615.0,1.04,0.891,0.9589
20153,2022-03-23,2227,Brant County Health Unit,0.1375,153.0,0.98,0.7179,0.8852
20154,2022-03-23,2240,Chatham-Kent Health Unit,0.0958,136.0,1.28,0.8393,0.931
20155,2022-03-23,2226,District of Algoma Health Unit,0.2441,193.0,1.68,0.8147,0.9488
20156,2022-03-23,5183,Huron Perth Health Unit,0.1383,181.0,1.29,0.8279,0.9799
20157,2022-03-23,2244,Middlesex-London Health Unit,0.1161,576.0,1.13,0.8687,0.9663
20158,2022-03-23,35,Ontario,0.1237,13175.0,0.89,0.8066,0.9384
20159,2022-03-23,2262,Thunder Bay District Health Unit,0.1239,218.0,1.45,0.7192,0.8588
20160,2022-03-23,2268,Windsor-Essex County Health Unit,0.1473,479.0,1.13,0.6554,0.901
20161,2022-03-22,2270,York Regional Health Unit,0.1161,891.0,0.73,0.7264,0.9076
20162,2022-03-22,2268,Windsor-Essex County Health Unit,0.1432,484.0,1.14,0.6023,0.8855
20163,2022-03-22,2265,Waterloo Health Unit,0.139,359.0,0.61,0.6873,0.926
20164,2022-03-22,2263,Timiskaming Health Unit,0.1519,39.0,1.18,0.4848,0.7917
20165,2022-03-22,2262,Thunder Bay District Health Unit,0.1234,227.0,1.51,0.7161,0.854
20166,2022-03-22,2261,Sudbury and District Health Unit,0.1125,343.0,1.72,0.8805,0.9426
20167,2022-03-22,4913,Southwestern Public Health,0.106,210.0,0.99,0.7987,0.957
20168,2022-03-22,2260,Simcoe Muskoka District Health Unit,0.1395,597.0,1.0,0.8234,0.941
20169,2022-03-22,2257,Renfrew County and District Health Unit,0.1182,81.0,0.75,0.5639,0.925
20170,2022-03-22,2255,Peterborough County-City Health Unit,0.1378,125.0,0.85,0.8672,0.9392
20171,2022-03-22,2253,Peel Regional Health Unit,0.0732,1055.0,0.66,0.808,0.9511
20172,2022-03-22,35,Ontario,0.1219,13049.0,0.88,0.7967,0.937
20173,2022-03-22,2247,North Bay Parry Sound District Health Unit,0.1055,150.0,1.16,0.913,0.9787
20174,2022-03-22,2246,Niagara Regional Area Health Unit,0.1417,408.0,0.86,0.7438,0.9156
20175,2022-03-22,2244,Middlesex-London Health Unit,0.114,556.0,1.1,0.868,0.9641
20176,2022-03-22,2242,Lambton Health Unit,0.1384,133.0,1.02,0.7494,0.9465
20177,2022-03-22,2241,"Kingston, Frontenac and Lennox and Addington Health Unit",0.1534,440.0,2.07,0.9385,0.978
20178,2022-03-22,5183,Huron Perth Health Unit,0.1343,193.0,1.38,0.7955,0.9788
20179,2022-03-22,2238,Hastings and Prince Edward Counties Health Unit,0.1403,279.0,1.66,0.9462,0.9726
20180,2022-03-22,2236,Halton Regional Health Unit,0.1422,389.0,0.63,0.699,0.9065
20181,2022-03-22,2235,"Haliburton, Kawartha, Pine Ridge District Health Unit",0.1102,165.0,0.87,0.8415,0.9491
20182,2022-03-22,2234,Haldimand-Norfolk Health Unit,0.1569,80.0,0.7,0.7901,0.9351
20183,2022-03-22,2258,Eastern Ontario Health Unit,0.1051,163.0,0.78,0.7917,0.9294
20184,2022-03-22,2230,Durham Regional Health Unit,0.1022,716.0,1.0,0.8098,0.9561
20185,2022-03-22,2226,District of Algoma Health Unit,0.2562,197.0,1.73,0.8385,0.9487
20186,2022-03-22,2251,City of Ottawa Health Unit,0.147,561.0,0.53,0.7883,0.9198
20187,2022-03-22,2237,City of Hamilton Health Unit,0.1425,590.0,1.0,0.8835,0.9551
20188,2022-03-22,2240,Chatham-Kent Health Unit,0.093,137.0,1.29,0.8086,0.9241
20189,2022-03-22,2227,Brant County Health Unit,0.1358,151.0,0.98,0.766,0.9025
20190,2022-03-22,3895,City of Toronto Health Unit,0.1019,2429.0,0.78,0.8349,0.9534
20191,2022-03-22,2233,Grey Bruce Health Unit,0.152,159.0,0.94,0.7057,0.9597
20192,2022-03-22,2243,"Leeds, Grenville and Lanark District Health Unit",0.103,150.0,0.87,0.8081,0.9303
20193,2022-03-22,2249,Northwestern Health Unit,0.1422,118.0,1.34,0.6902,0.852
20194,2022-03-22,2256,Porcupine Health Unit,0.1522,114.0,1.36,0.6369,0.8369
20195,2022-03-22,2266,Wellington-Dufferin-Guelph Health Unit,0.1524,229.0,0.73,0.7181,0.9067
20196,2022-03-21,2270,York Regional Health Unit,0.11,893.0,0.73,0.7336,0.9014
20197,2022-03-21,2268,Windsor-Essex County Health Unit,0.1482,455.0,1.07,0.6135,0.8783
20198,2022-03-21,2266,Wellington-Dufferin-Guelph Health Unit,0.1492,218.0,0.7,0.7184,0.9055
20199,2022-03-21,2265,Waterloo Health Unit,0.1417,356.0,0.61,0.6759,0.9178
20200,2022-03-21,2263,Timiskaming Health Unit,0.1386,38.0,1.17,0.5211,0.8063
20201,2022-03-21,2262,Thunder Bay District Health Unit,0.1272,231.0,1.54,0.6947,0.8395
20202,2022-03-21,2261,Sudbury and District Health Unit,0.1205,332.0,1.67,0.8854,0.9445
20203,2022-03-21,2260,Simcoe Muskoka District Health Unit,0.1361,602.0,1.0,0.8094,0.9317
20204,2022-03-21,2257,Renfrew County and District Health Unit,0.1011,79.0,0.73,0.5545,0.9358
20205,2022-03-21,2256,Porcupine Health Unit,0.1455,108.0,1.29,0.6353,0.8383
20206,2022-03-21,2253,Peel Regional Health Unit,0.0723,1051.0,0.65,0.8002,0.9501
20207,2022-03-21,35,Ontario,0.1198,12772.0,0.86,0.7919,0.9338
20208,2022-03-21,2249,Northwestern Health Unit,0.1506,117.0,1.33,0.665,0.8356
20209,2022-03-21,2246,Niagara Regional Area Health Unit,0.1408,394.0,0.83,0.7437,0.9209
20210,2022-03-21,2244,Middlesex-London Health Unit,0.1073,550.0,1.08,0.868,0.9618
20211,2022-03-21,2243,"Leeds, Grenville and Lanark District Health Unit",0.1076,143.0,0.83,0.8006,0.9411
20212,2022-03-21,2242,Lambton Health Unit,0.1436,131.0,1.0,0.7427,0.9474
20213,2022-03-21,2241,"Kingston, Frontenac and Lennox and Addington Health Unit",0.1572,423.0,1.99,0.9292,0.9743
20214,2022-03-21,5183,Huron Perth Health Unit,0.1328,185.0,1.32,0.7904,0.9757
20215,2022-03-21,2238,Hastings and Prince Edward Counties Health Unit,0.1398,266.0,1.58,0.9369,0.9706
20216,2022-03-21,2235,"Haliburton, Kawartha, Pine Ridge District Health Unit",0.1094,159.0,0.84,0.8269,0.9416
20217,2022-03-21,2234,Haldimand-Norfolk Health Unit,0.1477,75.0,0.66,0.795,0.9342
20218,2022-03-21,2233,Grey Bruce Health Unit,0.1558,156.0,0.92,0.7175,0.9632
20219,2022-03-21,2230,Durham Regional Health Unit,0.0973,696.0,0.98,0.8022,0.9496
20220,2022-03-21,2226,District of Algoma Health Unit,0.2392,198.0,1.73,0.8321,0.9467
20221,2022-03-21,3895,City of Toronto Health Unit,0.098,2351.0,0.75,0.8286,0.9483
20222,2022-03-21,2237,City of Hamilton Health Unit,0.1449,573.0,0.97,0.8735,0.9513
20223,2022-03-21,2240,Chatham-Kent Health Unit,0.0827,131.0,1.23,0.7799,0.9138
20224,2022-03-21,2227,Brant County Health Unit,0.1257,149.0,0.96,0.8058,0.9295
20225,2022-03-21,2251,City of Ottawa Health Unit,0.14,557.0,0.53,0.7653,0.9143
20226,2022-03-21,2258,Eastern Ontario Health Unit,0.1111,159.0,0.76,0.762,0.9184
20227,2022-03-21,2236,Halton Regional Health Unit,0.1397,382.0,0.62,0.6993,0.9033
20228,2022-03-21,2247,North Bay Parry Sound District Health Unit,0.1036,146.0,1.13,0.9033,0.9766
20229,2022-03-21,2255,Peterborough County-City Health Unit,0.1476,120.0,0.81,0.8685,0.9392
20230,2022-03-21,4913,Southwestern Public Health,0.0965,215.0,1.02,0.7869,0.9527
20231,2022-03-20,2270,York Regional Health Unit,0.1,907.0,0.74,0.7338,0.9011
20232,2022-03-20,2268,Windsor-Essex County Health Unit,0.1489,459.0,1.08,0.6249,0.8832
20233,2022-03-20,2266,Wellington-Dufferin-Guelph Health Unit,0.1419,221.0,0.71,0.7228,0.9053
20234,2022-03-20,2265,Waterloo Health Unit,0.1412,339.0,0.58,0.6784,0.9185
20235,2022-03-20,2262,Thunder Bay District Health Unit,0.1434,223.0,1.49,0.7666,0.9224
20236,2022-03-20,2261,Sudbury and District Health Unit,0.1112,348.0,1.75,0.8893,0.9453
20237,2022-03-20,4913,Southwestern Public Health,0.1044,201.0,0.95,0.7926,0.9538
20238,2022-03-20,2257,Renfrew County and District Health Unit,0.0985,78.0,0.72,0.5789,0.9419
20239,2022-03-20,2256,Porcupine Health Unit,0.1442,109.0,1.31,0.7079,0.9193
20240,2022-03-20,2255,Peterborough County-City Health Unit,0.143,119.0,0.8,0.8695,0.9335
20241,2022-03-20,35,Ontario,0.1176,12539.0,0.85,0.7974,0.9366
20242,2022-03-20,2249,Northwestern Health Unit,0.1636,115.0,1.31,0.7301,0.9149
20243,2022-03-20,2247,North Bay Parry Sound District Health Unit,0.1067,147.0,1.14,0.9084,0.9736
20244,2022-03-20,2246,Niagara Regional Area Health Unit,0.1426,387.0,0.82,0.7297,0.9167
20245,2022-03-20,2244,Middlesex-London Health Unit,0.114,529.0,1.04,0.875,0.963
20246,2022-03-20,2243,"Leeds, Grenville and Lanark District Health Unit",0.1093,140.0,0.81,0.7969,0.933
20247,2022-03-20,2242,Lambton Health Unit,0.1371,128.0,0.98,0.7967,0.9456
20248,2022-03-20,5183,Huron Perth Health Unit,0.1185,183.0,1.31,0.8017,0.9756
20249,2022-03-20,2238,Hastings and Prince Edward Counties Health Unit,0.1434,260.0,1.54,0.9351,0.9684
20250,2022-03-20,2236,Halton Regional Health Unit,0.132,373.0,0.6,0.7128,0.9044
20251,2022-03-20,2234,Haldimand-Norfolk Health Unit,0.1466,76.0,0.67,0.7906,0.9374
20252,2022-03-20,2233,Grey Bruce Health Unit,0.1466,162.0,0.95,0.7245,0.9613
20253,2022-03-20,2258,Eastern Ontario Health Unit,0.1087,149.0,0.71,0.7833,0.9281
20254,2022-03-20,2226,District of Algoma Health Unit,0.2394,192.0,1.67,0.8245,0.9428
20255,2022-03-20,3895,City of Toronto Health Unit,0.095,2345.0,0.75,0.8335,0.9467
20256,2022-03-20,2251,City of Ottawa Health Unit,0.1356,542.0,0.51,0.7739,0.9148
20257,2022-03-20,2237,City of Hamilton Health Unit,0.1426,544.0,0.92,0.8776,0.9504
20258,2022-03-20,2240,Chatham-Kent Health Unit,0.0888,113.0,1.06,0.7587,0.9114
20259,2022-03-20,2227,Brant County Health Unit,0.1156,137.0,0.88,0.8056,0.936
20260,2022-03-20,2230,Durham Regional Health Unit,0.0964,667.0,0.94,0.8012,0.9504
20261,2022-03-20,2235,"Haliburton, Kawartha, Pine Ridge District Health Unit",0.1037,149.0,0.79,0.8249,0.9416
20262,2022-03-20,2241,"Kingston, Frontenac and Lennox and Addington Health Unit",0.1594,414.0,1.95,0.9329,0.9753
20263,2022-03-20,2253,Peel Regional Health Unit,0.0671,1037.0,0.65,0.7933,0.945
20264,2022-03-20,2260,Simcoe Muskoka District Health Unit,0.1382,577.0,0.96,0.8181,0.9398
20265,2022-03-20,2263,Timiskaming Health Unit,0.1014,42.0,1.29,0.5763,0.8511
20266,2022-03-19,2270,York Regional Health Unit,0.0998,878.0,0.72,0.7326,0.9035
20267,2022-03-19,2266,Wellington-Dufferin-Guelph Health Unit,0.1391,218.0,0.7,0.7347,0.913
20268,2022-03-19,2265,Waterloo Health Unit,0.1358,338.0,0.58,0.6638,0.919
20269,2022-03-19,2263,Timiskaming Health Unit,0.0833,41.0,1.26,0.7381,0.9714
20270,2022-03-19,2261,Sudbury and District Health Unit,0.1154,338.0,1.7,0.8939,0.9538
20271,2022-03-19,4913,Southwestern Public Health,0.1047,199.0,0.94,0.7991,0.9658
20272,2022-03-19,2260,Simcoe Muskoka District Health Unit,0.1329,588.0,0.98,0.8119,0.9426
20273,2022-03-19,2257,Renfrew County and District Health Unit,0.1036,80.0,0.74,0.5996,0.9431
20274,2022-03-19,2256,Porcupine Health Unit,0.1341,110.0,1.31,0.7946,0.9672
20275,2022-03-19,2255,Peterborough County-City Health Unit,0.1342,118.0,0.8,0.8626,0.932
20276,2022-03-19,2253,Peel Regional Health Unit,0.0659,1030.0,0.64,0.7944,0.9507
20277,2022-03-19,35,Ontario,0.1163,12381.0,0.83,0.8029,0.9416
20278,2022-03-19,2249,Northwestern Health Unit,0.1604,118.0,1.34,0.7687,0.9252
20279,2022-03-19,2247,North Bay Parry Sound District Health Unit,0.1023,144.0,1.11,0.9035,0.9736
20280,2022-03-19,2246,Niagara Regional Area Health Unit,0.1449,367.0,0.78,0.7443,0.9185
20281,2022-03-19,2243,"Leeds, Grenville and Lanark District Health Unit",0.113,131.0,0.76,0.7934,0.9268
20282,2022-03-19,2242,Lambton Health Unit,0.1361,130.0,0.99,0.8166,0.955
20283,2022-03-19,2241,"Kingston, Frontenac and Lennox and Addington Health Unit",0.1591,410.0,1.93,0.9237,0.9796
20284,2022-03-19,2238,Hastings and Prince Edward Counties Health Unit,0.1536,253.0,1.5,0.9319,0.97
20285,2022-03-19,2236,Halton Regional Health Unit,0.1319,369.0,0.6,0.7301,0.9118
20286,2022-03-19,2235,"Haliburton, Kawartha, Pine Ridge District Health Unit",0.1037,143.0,0.76,0.8125,0.9416
20287,2022-03-19,2233,Grey Bruce Health Unit,0.1384,161.0,0.95,0.7345,0.9564
20288,2022-03-19,2258,Eastern Ontario Health Unit,0.1019,154.0,0.74,0.8018,0.9395
20289,2022-03-19,2230,Durham Regional Health Unit,0.097,650.0,0.91,0.8066,0.9509
20290,2022-03-19,2226,District of Algoma Health Unit,0.2408,186.0,1.63,0.8708,0.9572
20291,2022-03-19,3895,City of Toronto Health Unit,0.0929,2351.0,0.75,0.8348,0.9499
20292,2022-03-19,2251,City of Ottawa Health Unit,0.1375,537.0,0.51,0.7896,0.9181
20293,2022-03-19,2237,City of Hamilton Health Unit,0.1356,536.0,0.91,0.8816,0.9556
20294,2022-03-19,2227,Brant County Health Unit,0.1149,124.0,0.8,0.8036,0.9406
20295,2022-03-19,2240,Chatham-Kent Health Unit,0.0906,110.0,1.04,0.7547,0.9187
20296,2022-03-19,2234,Haldimand-Norfolk Health Unit,0.1481,73.0,0.64,0.7922,0.9333
20297,2022-03-19,5183,Huron Perth Health Unit,0.1138,182.0,1.3,0.8081,0.9789
20298,2022-03-19,2244,Middlesex-London Health Unit,0.1105,520.0,1.02,0.883,0.9676
20299,2022-03-19,2262,Thunder Bay District Health Unit,0.1466,224.0,1.49,0.7843,0.9251
20300,2022-03-19,2268,Windsor-Essex County Health Unit,0.1499,445.0,1.05,0.6309,0.8982
20301,2022-03-18,2270,York Regional Health Unit,0.0922,855.0,0.7,0.7356,0.9076
20302,2022-03-18,2268,Windsor-Essex County Health Unit,0.1437,434.0,1.02,0.6326,0.9039
20303,2022-03-18,2265,Waterloo Health Unit,0.1297,339.0,0.58,0.665,0.9225
20304,2022-03-18,2263,Timiskaming Health Unit,0.0739,41.0,1.24,0.7821,0.9821
20305,2022-03-18,2262,Thunder Bay District Health Unit,0.1454,219.0,1.46,0.7951,0.9289
20306,2022-03-18,4913,Southwestern Public Health,0.1015,201.0,0.95,0.8063,0.9643
20307,2022-03-18,2260,Simcoe Muskoka District Health Unit,0.1281,582.0,0.97,0.8247,0.9437
20308,2022-03-18,2257,Renfrew County and District Health Unit,0.1051,82.0,0.75,0.601,0.9555
20309,2022-03-18,2256,Porcupine Health Unit,0.1319,114.0,1.36,0.7894,0.9695
20310,2022-03-18,2255,Peterborough County-City Health Unit,0.1334,112.0,0.76,0.888,0.9466
20311,2022-03-18,2253,Peel Regional Health Unit,0.0649,1026.0,0.64,0.8008,0.9525
20312,2022-03-18,35,Ontario,0.116,12232.0,0.82,0.8081,0.9443
20313,2022-03-18,2247,North Bay Parry Sound District Health Unit,0.1082,140.0,1.08,0.9209,0.9794
20314,2022-03-18,2246,Niagara Regional Area Health Unit,0.1426,362.0,0.77,0.7492,0.923
20315,2022-03-18,2244,Middlesex-London Health Unit,0.1118,510.0,1.0,0.8887,0.9692
20316,2022-03-18,2242,Lambton Health Unit,0.1343,129.0,0.98,0.7958,0.9581
20317,2022-03-18,2241,"Kingston, Frontenac and Lennox and Addington Health Unit",0.1615,403.0,1.9,0.9262,0.9828
20318,2022-03-18,5183,Huron Perth Health Unit,0.1134,184.0,1.32,0.8262,0.9805
20319,2022-03-18,2236,Halton Regional Health Unit,0.1356,358.0,0.58,0.7473,0.9183
20320,2022-03-18,2235,"Haliburton, Kawartha, Pine Ridge District Health Unit",0.0988,139.0,0.73,0.8029,0.9373
20321,2022-03-18,2234,Haldimand-Norfolk Health Unit,0.1431,73.0,0.64,0.794,0.9357
20322,2022-03-18,2233,Grey Bruce Health Unit,0.1406,161.0,0.95,0.7438,0.956
20323,2022-03-18,2258,Eastern Ontario Health Unit,0.1004,151.0,0.72,0.8,0.9256
20324,2022-03-18,2230,Durham Regional Health Unit,0.0983,647.0,0.91,0.8077,0.9526
20325,2022-03-18,2226,District of Algoma Health Unit,0.2488,186.0,1.63,0.8822,0.9681
20326,2022-03-18,2251,City of Ottawa Health Unit,0.1429,522.0,0.49,0.783,0.9193
20327,2022-03-18,2237,City of Hamilton Health Unit,0.135,525.0,0.89,0.8852,0.9567
20328,2022-03-18,2240,Chatham-Kent Health Unit,0.0987,107.0,1.01,0.7517,0.9209
20329,2022-03-18,2227,Brant County Health Unit,0.112,120.0,0.77,0.8094,0.9452
20330,2022-03-18,3895,City of Toronto Health Unit,0.0953,2363.0,0.76,0.8436,0.9525
20331,2022-03-18,2238,Hastings and Prince Edward Counties Health Unit,0.1514,243.0,1.44,0.933,0.9742
20332,2022-03-18,2243,"Leeds, Grenville and Lanark District Health Unit",0.1139,129.0,0.75,0.7864,0.9261
20333,2022-03-18,2249,Northwestern Health Unit,0.1701,113.0,1.28,0.7423,0.9239
20334,2022-03-18,2261,Sudbury and District Health Unit,0.1192,330.0,1.66,0.8892,0.9545
20335,2022-03-18,2266,Wellington-Dufferin-Guelph Health Unit,0.1434,211.0,0.68,0.752,0.9159
20336,2022-03-17,2270,York Regional Health Unit,0.0879,863.0,0.7,0.7503,0.9097
20337,2022-03-17,2268,Windsor-Essex County Health Unit,0.1393,420.0,0.99,0.6077,0.9042
20338,2022-03-17,2266,Wellington-Dufferin-Guelph Health Unit,0.1338,207.0,0.66,0.7623,0.9186
20339,2022-03-17,2263,Timiskaming Health Unit,0.0627,50.0,1.53,0.8122,0.9834
20340,2022-03-17,2262,Thunder Bay District Health Unit,0.1362,221.0,1.48,0.7233,0.8804
20341,2022-03-17,2261,Sudbury and District Health Unit,0.1222,323.0,1.62,0.8941,0.9673
20342,2022-03-17,4913,Southwestern Public Health,0.1028,201.0,0.95,0.8103,0.9549
20343,2022-03-17,2260,Simcoe Muskoka District Health Unit,0.1208,587.0,0.98,0.8357,0.9422
20344,2022-03-17,2257,Renfrew County and District Health Unit,0.0984,83.0,0.76,0.5767,0.9548
20345,2022-03-17,2256,Porcupine Health Unit,0.1434,117.0,1.4,0.84,0.9641
20346,2022-03-17,2253,Peel Regional Health Unit,0.0636,1026.0,0.64,0.7954,0.9506
20347,2022-03-17,35,Ontario,0.1142,12283.0,0.83,0.8104,0.9429
20348,2022-03-17,2249,Northwestern Health Unit,0.1766,110.0,1.25,0.6102,0.8169
20349,2022-03-17,2246,Niagara Regional Area Health Unit,0.1361,358.0,0.76,0.7585,0.9178
20350,2022-03-17,2244,Middlesex-London Health Unit,0.1149,494.0,0.97,0.8922,0.9698
20351,2022-03-17,2243,"Leeds, Grenville and Lanark District Health Unit",0.127,124.0,0.71,0.7809,0.9217
20352,2022-03-17,2241,"Kingston, Frontenac and Lennox and Addington Health Unit",0.157,402.0,1.89,0.9323,0.9816
20353,2022-03-17,5183,Huron Perth Health Unit,0.1125,193.0,1.38,0.8477,0.9832
20354,2022-03-17,2238,Hastings and Prince Edward Counties Health Unit,0.1497,253.0,1.5,0.9265,0.9769
20355,2022-03-17,2236,Halton Regional Health Unit,0.1303,351.0,0.57,0.7591,0.923
20356,2022-03-17,2235,"Haliburton, Kawartha, Pine Ridge District Health Unit",0.105,129.0,0.68,0.7982,0.9309
20357,2022-03-17,2234,Haldimand-Norfolk Health Unit,0.1475,75.0,0.65,0.7882,0.9227
20358,2022-03-17,2233,Grey Bruce Health Unit,0.1416,161.0,0.95,0.7291,0.9472
20359,2022-03-17,2230,Durham Regional Health Unit,0.0929,635.0,0.89,0.8229,0.9517
20360,2022-03-17,2226,District of Algoma Health Unit,0.2582,179.0,1.56,0.9135,0.9664
20361,2022-03-17,3895,City of Toronto Health Unit,0.0938,2448.0,0.78,0.8517,0.9549
20362,2022-03-17,2237,City of Hamilton Health Unit,0.1311,531.0,0.9,0.8829,0.9567
20363,2022-03-17,2240,Chatham-Kent Health Unit,0.1155,105.0,0.99,0.7589,0.9469
20364,2022-03-17,2227,Brant County Health Unit,0.0976,124.0,0.8,0.8114,0.9386
20365,2022-03-17,2251,City of Ottawa Health Unit,0.1502,505.0,0.48,0.7955,0.9314
20366,2022-03-17,2258,Eastern Ontario Health Unit,0.0998,153.0,0.73,0.8042,0.9284
20367,2022-03-17,2242,Lambton Health Unit,0.1324,127.0,0.97,0.787,0.9478
20368,2022-03-17,2247,North Bay Parry Sound District Health Unit,0.1135,138.0,1.07,0.9248,0.9822
20369,2022-03-17,2255,Peterborough County-City Health Unit,0.1327,112.0,0.76,0.8825,0.9413
20370,2022-03-17,2265,Waterloo Health Unit,0.1304,352.0,0.6,0.6606,0.9198
20371,2022-03-16,2268,Windsor-Essex County Health Unit,0.1408,416.0,0.98,0.571,0.8756
20372,2022-03-16,2266,Wellington-Dufferin-Guelph Health Unit,0.1272,208.0,0.67,0.7931,0.9353
20373,2022-03-16,2265,Waterloo Health Unit,0.1249,356.0,0.61,0.6627,0.9101
20374,2022-03-16,2263,Timiskaming Health Unit,0.0637,54.0,1.65,0.8067,0.9832
20375,2022-03-16,2262,Thunder Bay District Health Unit,0.1444,223.0,1.48,0.8018,0.8933
20376,2022-03-16,2261,Sudbury and District Health Unit,0.1214,335.0,1.69,0.8986,0.9805
20377,2022-03-16,4913,Southwestern Public Health,0.0984,200.0,0.95,0.8384,0.9461
20378,2022-03-16,2257,Renfrew County and District Health Unit,0.0976,85.0,0.78,0.5759,0.9538
20379,2022-03-16,2256,Porcupine Health Unit,0.1363,122.0,1.46,0.8553,0.968
20380,2022-03-16,2255,Peterborough County-City Health Unit,0.1348,113.0,0.77,0.8753,0.9319
20381,2022-03-16,35,Ontario,0.1134,12479.0,0.84,0.8132,0.939
20382,2022-03-16,2249,Northwestern Health Unit,0.1805,110.0,1.25,0.629,0.8023
20383,2022-03-16,2247,North Bay Parry Sound District Health Unit,0.1085,144.0,1.11,0.9153,0.9732
20384,2022-03-16,2244,Middlesex-London Health Unit,0.1161,502.0,0.99,0.8892,0.9665
20385,2022-03-16,2243,"Leeds, Grenville and Lanark District Health Unit",0.1228,124.0,0.72,0.7815,0.9245
20386,2022-03-16,2242,Lambton Health Unit,0.125,128.0,0.98,0.6928,0.9276
20387,2022-03-16,2241,"Kingston, Frontenac and Lennox and Addington Health Unit",0.1647,397.0,1.87,0.9249,0.976
20388,2022-03-16,5183,Huron Perth Health Unit,0.1008,207.0,1.48,0.8372,0.9714
20389,2022-03-16,2238,Hastings and Prince Edward Counties Health Unit,0.1512,260.0,1.54,0.9232,0.9737
20390,2022-03-16,2236,Halton Regional Health Unit,0.1405,365.0,0.59,0.7743,0.9226
20391,2022-03-16,2234,Haldimand-Norfolk Health Unit,0.1312,77.0,0.68,0.8156,0.9236
20392,2022-03-16,2233,Grey Bruce Health Unit,0.1374,161.0,0.95,0.7659,0.9488
20393,2022-03-16,2258,Eastern Ontario Health Unit,0.1101,151.0,0.72,0.8117,0.9444
20394,2022-03-16,2226,District of Algoma Health Unit,0.2606,189.0,1.65,0.9202,0.9716
20395,2022-03-16,3895,City of Toronto Health Unit,0.0928,2520.0,0.81,0.8491,0.9489
20396,2022-03-16,2251,City of Ottawa Health Unit,0.149,512.0,0.49,0.8019,0.9374
20397,2022-03-16,2240,Chatham-Kent Health Unit,0.1188,106.0,1.0,0.7421,0.9365
20398,2022-03-16,2227,Brant County Health Unit,0.0921,127.0,0.82,0.847,0.9314
20399,2022-03-16,2237,City of Hamilton Health Unit,0.128,543.0,0.92,0.8866,0.9519
20400,2022-03-16,2230,Durham Regional Health Unit,0.0922,652.0,0.92,0.8175,0.9435
20401,2022-03-16,2235,"Haliburton, Kawartha, Pine Ridge District Health Unit",0.0973,131.0,0.69,0.7849,0.9237
20402,2022-03-16,2246,Niagara Regional Area Health Unit,0.1321,364.0,0.77,0.7892,0.9113
20403,2022-03-16,2253,Peel Regional Health Unit,0.0656,1012.0,0.63,0.7904,0.9398
20404,2022-03-16,2260,Simcoe Muskoka District Health Unit,0.1143,580.0,0.97,0.8404,0.9417
20405,2022-03-16,2270,York Regional Health Unit,0.0852,881.0,0.72,0.7607,0.9104
20406,2022-03-15,2270,York Regional Health Unit,0.0843,882.0,0.72,0.7941,0.9172
20407,2022-03-15,2268,Windsor-Essex County Health Unit,0.1497,410.0,0.97,0.6307,0.8904
20408,2022-03-15,2266,Wellington-Dufferin-Guelph Health Unit,0.1305,207.0,0.66,0.7899,0.9403
20409,2022-03-15,2265,Waterloo Health Unit,0.1207,351.0,0.6,0.6886,0.9284
20410,2022-03-15,2263,Timiskaming Health Unit,0.0557,51.0,1.57,0.7885,0.9808
20411,2022-03-15,2261,Sudbury and District Health Unit,0.1183,345.0,1.73,0.8783,0.9818
20412,2022-03-15,4913,Southwestern Public Health,0.1031,201.0,0.95,0.8664,0.9518
20413,2022-03-15,2260,Simcoe Muskoka District Health Unit,0.1063,581.0,0.97,0.8571,0.9516
20414,2022-03-15,2256,Porcupine Health Unit,0.1225,117.0,1.4,0.8482,0.9668
20415,2022-03-15,2255,Peterborough County-City Health Unit,0.1332,114.0,0.77,0.906,0.9507
20416,2022-03-15,2253,Peel Regional Health Unit,0.0658,1009.0,0.63,0.8031,0.944
20417,2022-03-15,2249,Northwestern Health Unit,0.1883,108.0,1.23,0.5195,0.6593
20418,2022-03-15,2247,North Bay Parry Sound District Health Unit,0.1222,132.0,1.02,0.8771,0.9793
20419,2022-03-15,2246,Niagara Regional Area Health Unit,0.1365,364.0,0.77,0.7978,0.9172
20420,2022-03-15,2244,Middlesex-London Health Unit,0.119,514.0,1.01,0.8924,0.9699
20421,2022-03-15,2243,"Leeds, Grenville and Lanark District Health Unit",0.128,126.0,0.73,0.7946,0.9181
20422,2022-03-15,2242,Lambton Health Unit,0.1157,128.0,0.98,0.6934,0.9293
20423,2022-03-15,2241,"Kingston, Frontenac and Lennox and Addington Health Unit",0.1709,375.0,1.76,0.9317,0.9777
20424,2022-03-15,2238,Hastings and Prince Edward Counties Health Unit,0.1365,262.0,1.55,0.9274,0.9765
20425,2022-03-15,2236,Halton Regional Health Unit,0.1394,369.0,0.6,0.8052,0.9344
20426,2022-03-15,2235,"Haliburton, Kawartha, Pine Ridge District Health Unit",0.0929,134.0,0.71,0.8014,0.939
20427,2022-03-15,2233,Grey Bruce Health Unit,0.1466,169.0,0.99,0.7611,0.9522
20428,2022-03-15,2258,Eastern Ontario Health Unit,0.1167,148.0,0.71,0.7928,0.9332
20429,2022-03-15,2230,Durham Regional Health Unit,0.0943,647.0,0.91,0.8421,0.9477
20430,2022-03-15,3895,City of Toronto Health Unit,0.0891,2558.0,0.82,0.859,0.9525
20431,2022-03-15,2251,City of Ottawa Health Unit,0.1382,527.0,0.5,0.8037,0.9373
20432,2022-03-15,2237,City of Hamilton Health Unit,0.1242,548.0,0.92,0.8941,0.954
20433,2022-03-15,2240,Chatham-Kent Health Unit,0.1142,109.0,1.02,0.7791,0.9438
20434,2022-03-15,2227,Brant County Health Unit,0.1034,130.0,0.84,0.8545,0.9381
20435,2022-03-15,2226,District of Algoma Health Unit,0.2459,183.0,1.6,0.919,0.9692
20436,2022-03-15,2234,Haldimand-Norfolk Health Unit,0.128,84.0,0.73,0.844,0.9262
20437,2022-03-15,5183,Huron Perth Health Unit,0.0931,183.0,1.31,0.8796,0.9742
20438,2022-03-15,35,Ontario,0.1118,12503.0,0.84,0.8221,0.9379
20439,2022-03-15,2257,Renfrew County and District Health Unit,0.0974,88.0,0.81,0.6364,0.9594
20440,2022-03-15,2262,Thunder Bay District Health Unit,0.1467,224.0,1.49,0.6372,0.7059
20441,2022-03-14,2270,York Regional Health Unit,0.0814,907.0,0.74,0.803,0.9329
20442,2022-03-14,2268,Windsor-Essex County Health Unit,0.1401,422.0,0.99,0.6253,0.8955
20443,2022-03-14,2265,Waterloo Health Unit,0.121,361.0,0.62,0.6871,0.9314
20444,2022-03-14,2263,Timiskaming Health Unit,0.0568,50.0,1.54,0.7486,0.9324
20445,2022-03-14,2262,Thunder Bay District Health Unit,0.1509,228.0,1.52,0.6684,0.7387
20446,2022-03-14,4913,Southwestern Public Health,0.1028,199.0,0.94,0.8629,0.95
20447,2022-03-14,2260,Simcoe Muskoka District Health Unit,0.1018,568.0,0.95,0.8666,0.9632
20448,2022-03-14,2257,Renfrew County and District Health Unit,0.1052,94.0,0.86,0.6467,0.9551
20449,2022-03-14,2255,Peterborough County-City Health Unit,0.1202,124.0,0.84,0.911,0.957
20450,2022-03-14,2253,Peel Regional Health Unit,0.0638,1018.0,0.63,0.8155,0.9494
20451,2022-03-14,35,Ontario,0.1092,12743.0,0.86,0.8264,0.9417
20452,2022-03-14,2249,Northwestern Health Unit,0.1861,113.0,1.29,0.5645,0.6917
20453,2022-03-14,2247,North Bay Parry Sound District Health Unit,0.1223,133.0,1.03,0.8863,0.9827
20454,2022-03-14,2246,Niagara Regional Area Health Unit,0.1328,372.0,0.79,0.8024,0.9219
20455,2022-03-14,2244,Middlesex-London Health Unit,0.1223,516.0,1.02,0.8941,0.9709
20456,2022-03-14,2242,Lambton Health Unit,0.0914,144.0,1.1,0.6852,0.9199
20457,2022-03-14,2241,"Kingston, Frontenac and Lennox and Addington Health Unit",0.1665,386.0,1.82,0.9369,0.9801
20458,2022-03-14,5183,Huron Perth Health Unit,0.0848,189.0,1.35,0.8802,0.9695
20459,2022-03-14,2236,Halton Regional Health Unit,0.1342,373.0,0.6,0.8181,0.9396
20460,2022-03-14,2235,"Haliburton, Kawartha, Pine Ridge District Health Unit",0.0906,140.0,0.74,0.8033,0.9434
20461,2022-03-14,2234,Haldimand-Norfolk Health Unit,0.1393,87.0,0.76,0.8471,0.9252
20462,2022-03-14,2258,Eastern Ontario Health Unit,0.1073,150.0,0.72,0.8128,0.9406
20463,2022-03-14,2230,Durham Regional Health Unit,0.0914,666.0,0.93,0.8506,0.9549
20464,2022-03-14,2226,District of Algoma Health Unit,0.2546,180.0,1.57,0.922,0.9732
20465,2022-03-14,3895,City of Toronto Health Unit,0.0874,2643.0,0.85,0.8624,0.9554
20466,2022-03-14,2251,City of Ottawa Health Unit,0.1347,514.0,0.49,0.8264,0.9445
20467,2022-03-14,2237,City of Hamilton Health Unit,0.1188,555.0,0.94,0.8999,0.9567
20468,2022-03-14,2240,Chatham-Kent Health Unit,0.1108,108.0,1.02,0.7696,0.9367
20469,2022-03-14,2233,Grey Bruce Health Unit,0.1471,168.0,0.99,0.6927,0.9365
20470,2022-03-14,2238,Hastings and Prince Edward Counties Health Unit,0.1272,272.0,1.61,0.9369,0.9793
20471,2022-03-14,2243,"Leeds, Grenville and Lanark District Health Unit",0.1253,131.0,0.76,0.8205,0.9195
20472,2022-03-14,2256,Porcupine Health Unit,0.1328,119.0,1.43,0.868,0.9714
20473,2022-03-14,2261,Sudbury and District Health Unit,0.1249,353.0,1.78,0.8798,0.9875
20474,2022-03-14,2266,Wellington-Dufferin-Guelph Health Unit,0.1248,206.0,0.66,0.7839,0.9326
20475,2022-03-14,2227,Brant County Health Unit,0.1051,126.0,0.81,0.8545,0.9358
20476,2022-03-13,2270,York Regional Health Unit,0.0821,908.0,0.74,0.8055,0.9297
20477,2022-03-13,2268,Windsor-Essex County Health Unit,0.1346,418.0,0.98,0.6093,0.8835
20478,2022-03-13,2266,Wellington-Dufferin-Guelph Health Unit,0.1226,205.0,0.66,0.7859,0.9302
20479,2022-03-13,2263,Timiskaming Health Unit,0.0684,50.0,1.53,0.748,0.9303
20480,2022-03-13,2262,Thunder Bay District Health Unit,0.1456,236.0,1.58,0.6701,0.742
20481,2022-03-13,2261,Sudbury and District Health Unit,0.1265,367.0,1.84,0.8663,0.9781
20482,2022-03-13,2260,Simcoe Muskoka District Health Unit,0.0945,568.0,0.95,0.8623,0.9553
20483,2022-03-13,2257,Renfrew County and District Health Unit,0.1053,94.0,0.86,0.6307,0.9515
20484,2022-03-13,2256,Porcupine Health Unit,0.1247,129.0,1.55,0.874,0.9738
20485,2022-03-13,2255,Peterborough County-City Health Unit,0.1132,141.0,0.95,0.9041,0.949
20486,2022-03-13,2253,Peel Regional Health Unit,0.0621,1044.0,0.65,0.8132,0.9467
20487,2022-03-13,35,Ontario,0.1068,12918.0,0.87,0.8234,0.9374
20488,2022-03-13,2249,Northwestern Health Unit,0.1857,116.0,1.32,0.5464,0.6718
20489,2022-03-13,2246,Niagara Regional Area Health Unit,0.1238,393.0,0.83,0.8117,0.9196
20490,2022-03-13,2244,Middlesex-London Health Unit,0.1164,529.0,1.04,0.8911,0.9681
20491,2022-03-13,2243,"Leeds, Grenville and Lanark District Health Unit",0.1277,133.0,0.77,0.7963,0.927
20492,2022-03-13,2241,"Kingston, Frontenac and Lennox and Addington Health Unit",0.1613,375.0,1.76,0.9365,0.9792
20493,2022-03-13,5183,Huron Perth Health Unit,0.0855,185.0,1.33,0.8834,0.9655
20494,2022-03-13,2238,Hastings and Prince Edward Counties Health Unit,0.1132,271.0,1.61,0.9413,0.9815
20495,2022-03-13,2235,"Haliburton, Kawartha, Pine Ridge District Health Unit",0.0935,142.0,0.75,0.797,0.9343
20496,2022-03-13,2234,Haldimand-Norfolk Health Unit,0.1316,89.0,0.78,0.8372,0.9155
20497,2022-03-13,2233,Grey Bruce Health Unit,0.1477,169.0,1.0,0.6831,0.9334
20498,2022-03-13,2258,Eastern Ontario Health Unit,0.1048,157.0,0.75,0.7985,0.935
20499,2022-03-13,2230,Durham Regional Health Unit,0.0907,682.0,0.96,0.8436,0.9464
20500,2022-03-13,2226,District of Algoma Health Unit,0.2496,180.0,1.57,0.9216,0.9739
20501,2022-03-13,3895,City of Toronto Health Unit,0.0843,2654.0,0.85,0.8592,0.952
20502,2022-03-13,2237,City of Hamilton Health Unit,0.118,554.0,0.94,0.8992,0.9537
20503,2022-03-13,2240,Chatham-Kent Health Unit,0.114,110.0,1.04,0.801,0.9445
20504,2022-03-13,2227,Brant County Health Unit,0.112,128.0,0.82,0.8405,0.9241
20505,2022-03-13,2251,City of Ottawa Health Unit,0.1391,522.0,0.49,0.8248,0.9399
20506,2022-03-13,2236,Halton Regional Health Unit,0.1303,389.0,0.63,0.8207,0.9305
20507,2022-03-13,2242,Lambton Health Unit,0.0957,148.0,1.13,0.6851,0.9182
20508,2022-03-13,2247,North Bay Parry Sound District Health Unit,0.1216,140.0,1.08,0.8828,0.9801
20509,2022-03-13,4913,Southwestern Public Health,0.1083,202.0,0.95,0.8565,0.9437
20510,2022-03-13,2265,Waterloo Health Unit,0.1196,365.0,0.63,0.6757,0.9183
20511,2022-03-12,2268,Windsor-Essex County Health Unit,0.1324,437.0,1.03,0.5961,0.8879
20512,2022-03-12,2266,Wellington-Dufferin-Guelph Health Unit,0.1239,208.0,0.67,0.7804,0.931
20513,2022-03-12,2265,Waterloo Health Unit,0.1234,364.0,0.62,0.7042,0.9245
20514,2022-03-12,2262,Thunder Bay District Health Unit,0.1487,241.0,1.61,0.6753,0.7453
20515,2022-03-12,2261,Sudbury and District Health Unit,0.1214,385.0,1.93,0.809,0.9591
20516,2022-03-12,4913,Southwestern Public Health,0.1099,204.0,0.96,0.845,0.9326
20517,2022-03-12,2260,Simcoe Muskoka District Health Unit,0.0983,555.0,0.93,0.8666,0.9567
20518,2022-03-12,2257,Renfrew County and District Health Unit,0.1104,91.0,0.83,0.6424,0.952
20519,2022-03-12,2256,Porcupine Health Unit,0.1265,130.0,1.56,0.8724,0.9711
20520,2022-03-12,2255,Peterborough County-City Health Unit,0.1084,140.0,0.94,0.9125,0.9522
20521,2022-03-12,35,Ontario,0.1064,13073.0,0.88,0.827,0.9375
20522,2022-03-12,2249,Northwestern Health Unit,0.1864,116.0,1.32,0.5484,0.6734
20523,2022-03-12,2247,North Bay Parry Sound District Health Unit,0.1218,144.0,1.11,0.8926,0.9749
20524,2022-03-12,2244,Middlesex-London Health Unit,0.1195,536.0,1.06,0.8924,0.9674
20525,2022-03-12,2243,"Leeds, Grenville and Lanark District Health Unit",0.1205,134.0,0.77,0.7951,0.937
20526,2022-03-12,2242,Lambton Health Unit,0.0978,149.0,1.14,0.6746,0.9182
20527,2022-03-12,2241,"Kingston, Frontenac and Lennox and Addington Health Unit",0.1633,378.0,1.78,0.95,0.9792
20528,2022-03-12,5183,Huron Perth Health Unit,0.0851,186.0,1.33,0.8849,0.9653
20529,2022-03-12,2238,Hastings and Prince Edward Counties Health Unit,0.1046,280.0,1.66,0.9479,0.983
20530,2022-03-12,2236,Halton Regional Health Unit,0.1311,391.0,0.63,0.8301,0.9311
20531,2022-03-12,2235,"Haliburton, Kawartha, Pine Ridge District Health Unit",0.093,147.0,0.78,0.8176,0.9434
20532,2022-03-12,2234,Haldimand-Norfolk Health Unit,0.1345,90.0,0.79,0.8429,0.9238
20533,2022-03-12,2233,Grey Bruce Health Unit,0.1368,185.0,1.09,0.6921,0.9367
20534,2022-03-12,2258,Eastern Ontario Health Unit,0.1072,148.0,0.71,0.7852,0.9325
20535,2022-03-12,2226,District of Algoma Health Unit,0.2382,182.0,1.59,0.9172,0.9737
20536,2022-03-12,3895,City of Toronto Health Unit,0.0839,2674.0,0.86,0.8631,0.9512
20537,2022-03-12,2251,City of Ottawa Health Unit,0.1391,533.0,0.51,0.8246,0.9393
20538,2022-03-12,2240,Chatham-Kent Health Unit,0.1114,121.0,1.13,0.817,0.9498
20539,2022-03-12,2227,Brant County Health Unit,0.1111,129.0,0.83,0.8527,0.9308
20540,2022-03-12,2237,City of Hamilton Health Unit,0.1203,557.0,0.94,0.9035,0.9527
20541,2022-03-12,2230,Durham Regional Health Unit,0.0887,683.0,0.96,0.8536,0.9479
20542,2022-03-12,2246,Niagara Regional Area Health Unit,0.1154,413.0,0.88,0.8251,0.923
20543,2022-03-12,2253,Peel Regional Health Unit,0.0627,1048.0,0.65,0.8244,0.9474
20544,2022-03-12,2263,Timiskaming Health Unit,0.0648,51.0,1.55,0.7461,0.9293
20545,2022-03-12,2270,York Regional Health Unit,0.0808,925.0,0.75,0.8106,0.9275
20546,2022-03-11,2270,York Regional Health Unit,0.0801,938.0,0.76,0.8068,0.9141
20547,2022-03-11,2266,Wellington-Dufferin-Guelph Health Unit,0.1215,210.0,0.67,0.7657,0.9065
20548,2022-03-11,2265,Waterloo Health Unit,0.1266,368.0,0.63,0.7193,0.9106
20549,2022-03-11,2263,Timiskaming Health Unit,0.0638,54.0,1.64,0.6581,0.8935
20550,2022-03-11,2262,Thunder Bay District Health Unit,0.1431,242.0,1.61,0.6673,0.7366
20551,2022-03-11,2261,Sudbury and District Health Unit,0.1189,393.0,1.97,0.7793,0.9453
20552,2022-03-11,4913,Southwestern Public Health,0.1126,207.0,0.98,0.8275,0.9102
20553,2022-03-11,2260,Simcoe Muskoka District Health Unit,0.0968,561.0,0.93,0.8491,0.9435
20554,2022-03-11,2256,Porcupine Health Unit,0.1314,128.0,1.54,0.8212,0.9117
20555,2022-03-11,2255,Peterborough County-City Health Unit,0.1027,143.0,0.97,0.9039,0.9447
20556,2022-03-11,2253,Peel Regional Health Unit,0.0646,1052.0,0.66,0.8046,0.9282
20557,2022-03-11,2249,Northwestern Health Unit,0.1872,118.0,1.35,0.5045,0.6304
20558,2022-03-11,2247,North Bay Parry Sound District Health Unit,0.1203,148.0,1.14,0.8856,0.9709
20559,2022-03-11,2246,Niagara Regional Area Health Unit,0.1125,438.0,0.93,0.8004,0.8864
20560,2022-03-11,2243,"Leeds, Grenville and Lanark District Health Unit",0.1253,135.0,0.78,0.7632,0.9024
20561,2022-03-11,2242,Lambton Health Unit,0.0994,147.0,1.12,0.6549,0.9137
20562,2022-03-11,2241,"Kingston, Frontenac and Lennox and Addington Health Unit",0.1585,381.0,1.79,0.9455,0.975
20563,2022-03-11,5183,Huron Perth Health Unit,0.0833,180.0,1.29,0.8154,0.9585
20564,2022-03-11,2238,Hastings and Prince Edward Counties Health Unit,0.1011,283.0,1.68,0.9421,0.9711
20565,2022-03-11,2236,Halton Regional Health Unit,0.129,388.0,0.63,0.8045,0.9063
20566,2022-03-11,2235,"Haliburton, Kawartha, Pine Ridge District Health Unit",0.0905,152.0,0.8,0.7918,0.9346
20567,2022-03-11,2233,Grey Bruce Health Unit,0.1308,185.0,1.09,0.648,0.9175
20568,2022-03-11,2258,Eastern Ontario Health Unit,0.108,148.0,0.71,0.7843,0.9382
20569,2022-03-11,2230,Durham Regional Health Unit,0.0855,688.0,0.97,0.8462,0.937
20570,2022-03-11,3895,City of Toronto Health Unit,0.0816,2673.0,0.86,0.846,0.9373
20571,2022-03-11,2251,City of Ottawa Health Unit,0.1359,538.0,0.51,0.8128,0.9199
20572,2022-03-11,2237,City of Hamilton Health Unit,0.1201,563.0,0.95,0.8781,0.9429
20573,2022-03-11,2227,Brant County Health Unit,0.1123,131.0,0.84,0.8328,0.9112
20574,2022-03-11,2240,Chatham-Kent Health Unit,0.1146,122.0,1.15,0.8039,0.9384
20575,2022-03-11,2226,District of Algoma Health Unit,0.2379,180.0,1.57,0.9015,0.9666
20576,2022-03-11,2234,Haldimand-Norfolk Health Unit,0.1349,90.0,0.79,0.843,0.9146
20577,2022-03-11,2244,Middlesex-London Health Unit,0.1135,555.0,1.09,0.8767,0.9541
20578,2022-03-11,35,Ontario,0.1051,13191.0,0.89,0.8105,0.9214
20579,2022-03-11,2257,Renfrew County and District Health Unit,0.109,89.0,0.82,0.6341,0.9385
20580,2022-03-11,2268,Windsor-Essex County Health Unit,0.1391,440.0,1.04,0.5878,0.854
20581,2022-03-10,2270,York Regional Health Unit,0.0795,935.0,0.76,0.7795,0.8897
20582,2022-03-10,2268,Windsor-Essex County Health Unit,0.1402,446.0,1.05,0.586,0.8283
20583,2022-03-10,2266,Wellington-Dufferin-Guelph Health Unit,0.1216,219.0,0.7,0.7475,0.8918
20584,2022-03-10,2265,Waterloo Health Unit,0.1226,376.0,0.64,0.7306,0.9013
20585,2022-03-10,2263,Timiskaming Health Unit,0.0891,43.0,1.32,0.6242,0.8792
20586,2022-03-10,2262,Thunder Bay District Health Unit,0.151,242.0,1.61,0.6573,0.7148
20587,2022-03-10,4913,Southwestern Public Health,0.1126,211.0,1.0,0.8083,0.8844
20588,2022-03-10,2260,Simcoe Muskoka District Health Unit,0.095,559.0,0.93,0.8362,0.9361
20589,2022-03-10,2257,Renfrew County and District Health Unit,0.1129,87.0,0.8,0.6342,0.9329
20590,2022-03-10,2255,Peterborough County-City Health Unit,0.1032,148.0,1.0,0.8904,0.9352
20591,2022-03-10,2253,Peel Regional Health Unit,0.0647,1048.0,0.65,0.7857,0.9088
20592,2022-03-10,35,Ontario,0.1044,13237.0,0.89,0.7941,0.9056
20593,2022-03-10,2247,North Bay Parry Sound District Health Unit,0.1238,155.0,1.19,0.8674,0.9542
20594,2022-03-10,2246,Niagara Regional Area Health Unit,0.1158,449.0,0.95,0.7864,0.8645
20595,2022-03-10,2244,Middlesex-London Health Unit,0.1126,565.0,1.11,0.8432,0.9261
20596,2022-03-10,2243,"Leeds, Grenville and Lanark District Health Unit",0.1202,137.0,0.79,0.7521,0.8827
20597,2022-03-10,2242,Lambton Health Unit,0.0981,154.0,1.18,0.6274,0.9069
20598,2022-03-10,2241,"Kingston, Frontenac and Lennox and Addington Health Unit",0.1595,388.0,1.82,0.9424,0.971
20599,2022-03-10,5183,Huron Perth Health Unit,0.0693,171.0,1.22,0.7822,0.9425
20600,2022-03-10,2236,Halton Regional Health Unit,0.1263,390.0,0.63,0.7833,0.8842
20601,2022-03-10,2235,"Haliburton, Kawartha, Pine Ridge District Health Unit",0.0909,151.0,0.8,0.7803,0.9225
20602,2022-03-10,2234,Haldimand-Norfolk Health Unit,0.1453,92.0,0.81,0.8261,0.8957
20603,2022-03-10,2258,Eastern Ontario Health Unit,0.1039,150.0,0.72,0.7652,0.9173
20604,2022-03-10,2230,Durham Regional Health Unit,0.0885,676.0,0.95,0.831,0.9191
20605,2022-03-10,2226,District of Algoma Health Unit,0.2297,182.0,1.59,0.8823,0.9454
20606,2022-03-10,2251,City of Ottawa Health Unit,0.1297,546.0,0.52,0.7934,0.9022
20607,2022-03-10,2237,City of Hamilton Health Unit,0.1179,564.0,0.95,0.8517,0.9185
20608,2022-03-10,2240,Chatham-Kent Health Unit,0.1076,122.0,1.15,0.7978,0.937
20609,2022-03-10,2227,Brant County Health Unit,0.1097,121.0,0.78,0.8111,0.8874
20610,2022-03-10,3895,City of Toronto Health Unit,0.079,2630.0,0.84,0.829,0.9206
20611,2022-03-10,2233,Grey Bruce Health Unit,0.1348,184.0,1.09,0.6375,0.9139
20612,2022-03-10,2238,Hastings and Prince Edward Counties Health Unit,0.0941,294.0,1.75,0.934,0.9654
20613,2022-03-10,2249,Northwestern Health Unit,0.2081,117.0,1.33,0.4656,0.6311
20614,2022-03-10,2256,Porcupine Health Unit,0.1225,131.0,1.56,0.8295,0.9189
20615,2022-03-10,2261,Sudbury and District Health Unit,0.1162,425.0,2.14,0.7386,0.9278
20616,2022-03-09,2270,York Regional Health Unit,0.0807,924.0,0.75,0.7829,0.8841
20617,2022-03-09,2268,Windsor-Essex County Health Unit,0.1355,452.0,1.06,0.5927,0.8148
20618,2022-03-09,2266,Wellington-Dufferin-Guelph Health Unit,0.1292,216.0,0.69,0.7359,0.8922
20619,2022-03-09,2263,Timiskaming Health Unit,0.0941,41.0,1.25,0.6266,0.8797
20620,2022-03-09,2262,Thunder Bay District Health Unit,0.1451,236.0,1.58,0.6369,0.6901
20621,2022-03-09,2261,Sudbury and District Health Unit,0.1166,442.0,2.22,0.6758,0.9272
20622,2022-03-09,2260,Simcoe Muskoka District Health Unit,0.0957,572.0,0.95,0.8299,0.9318
20623,2022-03-09,2257,Renfrew County and District Health Unit,0.1188,87.0,0.8,0.6321,0.9114
20624,2022-03-09,2256,Porcupine Health Unit,0.1249,132.0,1.58,0.8185,0.9138
20625,2022-03-09,2253,Peel Regional Health Unit,0.0602,1057.0,0.66,0.7668,0.8932
20626,2022-03-09,35,Ontario,0.1027,13289.0,0.9,0.7865,0.8987
20627,2022-03-09,2249,Northwestern Health Unit,0.211,116.0,1.33,0.4524,0.635
20628,2022-03-09,2247,North Bay Parry Sound District Health Unit,0.1269,143.0,1.1,0.8672,0.9603
20629,2022-03-09,2246,Niagara Regional Area Health Unit,0.1148,459.0,0.97,0.7885,0.8618
20630,2022-03-09,2244,Middlesex-London Health Unit,0.1108,554.0,1.09,0.8496,0.9218
20631,2022-03-09,2243,"Leeds, Grenville and Lanark District Health Unit",0.1232,136.0,0.78,0.7426,0.8703
20632,2022-03-09,2241,"Kingston, Frontenac and Lennox and Addington Health Unit",0.1496,391.0,1.84,0.9329,0.9615
20633,2022-03-09,5183,Huron Perth Health Unit,0.0703,165.0,1.18,0.7961,0.9465
20634,2022-03-09,2238,Hastings and Prince Edward Counties Health Unit,0.0854,308.0,1.83,0.9337,0.9636
20635,2022-03-09,2235,"Haliburton, Kawartha, Pine Ridge District Health Unit",0.0854,157.0,0.83,0.7874,0.9229
20636,2022-03-09,2234,Haldimand-Norfolk Health Unit,0.1554,95.0,0.83,0.8183,0.8901
20637,2022-03-09,2233,Grey Bruce Health Unit,0.1314,186.0,1.09,0.5673,0.9164
20638,2022-03-09,2230,Durham Regional Health Unit,0.0876,667.0,0.94,0.8361,0.9184
20639,2022-03-09,2226,District of Algoma Health Unit,0.2231,179.0,1.57,0.839,0.8999
20640,2022-03-09,3895,City of Toronto Health Unit,0.0765,2654.0,0.85,0.8255,0.9141
20641,2022-03-09,2251,City of Ottawa Health Unit,0.1309,549.0,0.52,0.7803,0.8851
20642,2022-03-09,2237,City of Hamilton Health Unit,0.1182,554.0,0.94,0.8387,0.913
20643,2022-03-09,2240,Chatham-Kent Health Unit,0.1025,127.0,1.19,0.7835,0.923
20644,2022-03-09,2227,Brant County Health Unit,0.1166,118.0,0.76,0.8198,0.884
20645,2022-03-09,2258,Eastern Ontario Health Unit,0.0937,160.0,0.77,0.7679,0.9121
20646,2022-03-09,2236,Halton Regional Health Unit,0.1206,382.0,0.62,0.7568,0.8561
20647,2022-03-09,2242,Lambton Health Unit,0.1048,157.0,1.2,0.6263,0.9045
20648,2022-03-09,2255,Peterborough County-City Health Unit,0.102,150.0,1.01,0.8929,0.9437
20649,2022-03-09,4913,Southwestern Public Health,0.1103,214.0,1.01,0.8014,0.8828
20650,2022-03-09,2265,Waterloo Health Unit,0.1222,382.0,0.65,0.7381,0.8957
20651,2022-03-08,2268,Windsor-Essex County Health Unit,0.136,461.0,1.09,0.5773,0.8265
20652,2022-03-08,2266,Wellington-Dufferin-Guelph Health Unit,0.1186,225.0,0.72,0.7575,0.8947
20653,2022-03-08,2265,Waterloo Health Unit,0.1167,393.0,0.67,0.7391,0.8842
20654,2022-03-08,2262,Thunder Bay District Health Unit,0.149,235.0,1.57,0.8339,0.9174
20655,2022-03-08,2261,Sudbury and District Health Unit,0.116,458.0,2.3,0.6903,0.9275
20656,2022-03-08,4913,Southwestern Public Health,0.1119,207.0,0.98,0.7824,0.8874
20657,2022-03-08,2257,Renfrew County and District Health Unit,0.1431,82.0,0.75,0.5726,0.8965
20658,2022-03-08,2256,Porcupine Health Unit,0.12,138.0,1.66,0.7596,0.8464
20659,2022-03-08,2255,Peterborough County-City Health Unit,0.0998,159.0,1.07,0.8755,0.931
20660,2022-03-08,2253,Peel Regional Health Unit,0.0584,1066.0,0.66,0.7433,0.8644
20661,2022-03-08,35,Ontario,0.1001,13535.0,0.91,0.7797,0.8928
20662,2022-03-08,2249,Northwestern Health Unit,0.2186,127.0,1.45,0.555,0.7813
20663,2022-03-08,2247,North Bay Parry Sound District Health Unit,0.1331,150.0,1.16,0.8704,0.9591
20664,2022-03-08,2244,Middlesex-London Health Unit,0.1043,563.0,1.11,0.8413,0.9152
20665,2022-03-08,2243,"Leeds, Grenville and Lanark District Health Unit",0.1255,132.0,0.76,0.7262,0.8866
20666,2022-03-08,2242,Lambton Health Unit,0.1066,155.0,1.19,0.6412,0.907
20667,2022-03-08,5183,Huron Perth Health Unit,0.0711,177.0,1.27,0.7712,0.941
20668,2022-03-08,2238,Hastings and Prince Edward Counties Health Unit,0.0687,349.0,2.07,0.9198,0.9651
20669,2022-03-08,2236,Halton Regional Health Unit,0.118,385.0,0.62,0.7384,0.8383
20670,2022-03-08,2234,Haldimand-Norfolk Health Unit,0.1525,93.0,0.81,0.8308,0.8897
20671,2022-03-08,2233,Grey Bruce Health Unit,0.1148,183.0,1.08,0.583,0.913
20672,2022-03-08,2258,Eastern Ontario Health Unit,0.0916,170.0,0.81,0.7351,0.9067
20673,2022-03-08,2230,Durham Regional Health Unit,0.0838,684.0,0.96,0.8303,0.9073
20674,2022-03-08,2226,District of Algoma Health Unit,0.2256,186.0,1.63,0.8543,0.9129
20675,2022-03-08,3895,City of Toronto Health Unit,0.0757,2682.0,0.86,0.811,0.8955
20676,2022-03-08,2251,City of Ottawa Health Unit,0.1286,551.0,0.52,0.7606,0.864
20677,2022-03-08,2240,Chatham-Kent Health Unit,0.1071,125.0,1.18,0.7829,0.9276
20678,2022-03-08,2227,Brant County Health Unit,0.1005,115.0,0.74,0.8211,0.8908
20679,2022-03-08,2237,City of Hamilton Health Unit,0.1136,544.0,0.92,0.8246,0.9033
20680,2022-03-08,2235,"Haliburton, Kawartha, Pine Ridge District Health Unit",0.0845,159.0,0.84,0.7754,0.9138
20681,2022-03-08,2241,"Kingston, Frontenac and Lennox and Addington Health Unit",0.1511,398.0,1.87,0.932,0.9599
20682,2022-03-08,2246,Niagara Regional Area Health Unit,0.1054,475.0,1.0,0.7971,0.8682
20683,2022-03-08,2260,Simcoe Muskoka District Health Unit,0.096,585.0,0.98,0.8125,0.9225
20684,2022-03-08,2263,Timiskaming Health Unit,0.0894,43.0,1.32,0.6413,0.8762
20685,2022-03-08,2270,York Regional Health Unit,0.0755,951.0,0.78,0.7682,0.8678
20686,2022-03-07,2270,York Regional Health Unit,0.0743,939.0,0.77,0.7529,0.8572
20687,2022-03-07,2266,Wellington-Dufferin-Guelph Health Unit,0.1154,238.0,0.76,0.7584,0.8982
20688,2022-03-07,2265,Waterloo Health Unit,0.1157,396.0,0.68,0.7457,0.882
20689,2022-03-07,2263,Timiskaming Health Unit,0.0883,45.0,1.39,0.6833,0.9267
20690,2022-03-07,2261,Sudbury and District Health Unit,0.1023,507.0,2.55,0.6883,0.923
20691,2022-03-07,4913,Southwestern Public Health,0.1107,210.0,0.99,0.7696,0.8845
20692,2022-03-07,2260,Simcoe Muskoka District Health Unit,0.0958,578.0,0.96,0.803,0.9126
20693,2022-03-07,2257,Renfrew County and District Health Unit,0.1311,78.0,0.72,0.5684,0.888
20694,2022-03-07,2256,Porcupine Health Unit,0.1197,144.0,1.73,0.7565,0.8448
20695,2022-03-07,2255,Peterborough County-City Health Unit,0.0996,152.0,1.03,0.8526,0.9157
20696,2022-03-07,2253,Peel Regional Health Unit,0.0584,1078.0,0.67,0.7239,0.8549
20697,2022-03-07,2249,Northwestern Health Unit,0.2366,133.0,1.52,0.5216,0.7685
20698,2022-03-07,2247,North Bay Parry Sound District Health Unit,0.1366,161.0,1.24,0.8652,0.9562
20699,2022-03-07,2246,Niagara Regional Area Health Unit,0.1054,488.0,1.03,0.7972,0.862
20700,2022-03-07,2243,"Leeds, Grenville and Lanark District Health Unit",0.1158,136.0,0.78,0.706,0.8743
20701,2022-03-07,2242,Lambton Health Unit,0.1063,160.0,1.22,0.6562,0.9104
20702,2022-03-07,2241,"Kingston, Frontenac and Lennox and Addington Health Unit",0.1469,402.0,1.89,0.9212,0.9546
20703,2022-03-07,2238,Hastings and Prince Edward Counties Health Unit,0.0684,357.0,2.12,0.9072,0.9571
20704,2022-03-07,2236,Halton Regional Health Unit,0.1179,393.0,0.63,0.7175,0.832
20705,2022-03-07,2235,"Haliburton, Kawartha, Pine Ridge District Health Unit",0.0892,155.0,0.82,0.7755,0.912
20706,2022-03-07,2234,Haldimand-Norfolk Health Unit,0.1515,92.0,0.81,0.7938,0.8769
20707,2022-03-07,2233,Grey Bruce Health Unit,0.102,212.0,1.25,0.6082,0.917
20708,2022-03-07,2258,Eastern Ontario Health Unit,0.0948,169.0,0.81,0.7322,0.9009
20709,2022-03-07,2230,Durham Regional Health Unit,0.0873,681.0,0.96,0.8174,0.8983
20710,2022-03-07,3895,City of Toronto Health Unit,0.0764,2722.0,0.87,0.7946,0.8858
20711,2022-03-07,2251,City of Ottawa Health Unit,0.131,566.0,0.54,0.7373,0.8465
20712,2022-03-07,2237,City of Hamilton Health Unit,0.1102,539.0,0.91,0.8101,0.894
20713,2022-03-07,2227,Brant County Health Unit,0.0957,116.0,0.75,0.7981,0.8803
20714,2022-03-07,2240,Chatham-Kent Health Unit,0.121,135.0,1.27,0.7956,0.9345
20715,2022-03-07,2226,District of Algoma Health Unit,0.2211,196.0,1.72,0.8389,0.8924
20716,2022-03-07,5183,Huron Perth Health Unit,0.0755,172.0,1.23,0.7722,0.9423
20717,2022-03-07,2244,Middlesex-London Health Unit,0.1013,560.0,1.1,0.8266,0.9086
20718,2022-03-07,35,Ontario,0.0998,13745.0,0.93,0.7688,0.8844
20719,2022-03-07,2262,Thunder Bay District Health Unit,0.1511,233.0,1.55,0.8302,0.9054
20720,2022-03-07,2268,Windsor-Essex County Health Unit,0.1388,466.0,1.1,0.57,0.8074
20721,2022-03-06,2270,York Regional Health Unit,0.0709,998.0,0.81,0.7288,0.8478
20722,2022-03-06,2268,Windsor-Essex County Health Unit,0.1396,477.0,1.12,0.578,0.8069
20723,2022-03-06,2265,Waterloo Health Unit,0.1025,435.0,0.74,0.7434,0.8777
20724,2022-03-06,2263,Timiskaming Health Unit,0.0839,44.0,1.35,0.6865,0.9274
20725,2022-03-06,2262,Thunder Bay District Health Unit,0.1565,235.0,1.56,0.8062,0.9035
20726,2022-03-06,2261,Sudbury and District Health Unit,0.1008,508.0,2.55,0.6943,0.9276
20727,2022-03-06,4913,Southwestern Public Health,0.1047,211.0,1.0,0.764,0.8826
20728,2022-03-06,2260,Simcoe Muskoka District Health Unit,0.0959,603.0,1.01,0.7865,0.9043
20729,2022-03-06,2257,Renfrew County and District Health Unit,0.1443,84.0,0.77,0.5791,0.8923
20730,2022-03-06,2255,Peterborough County-City Health Unit,0.0918,140.0,0.95,0.8535,0.9184
20731,2022-03-06,2253,Peel Regional Health Unit,0.0561,1124.0,0.7,0.6864,0.8341
20732,2022-03-06,35,Ontario,0.0977,14275.0,0.96,0.7546,0.8774
20733,2022-03-06,2247,North Bay Parry Sound District Health Unit,0.1387,163.0,1.25,0.8281,0.9532
20734,2022-03-06,2246,Niagara Regional Area Health Unit,0.1095,505.0,1.07,0.7838,0.8597
20735,2022-03-06,2244,Middlesex-London Health Unit,0.1011,575.0,1.13,0.8155,0.9019
20736,2022-03-06,2242,Lambton Health Unit,0.1001,164.0,1.25,0.64,0.9058
20737,2022-03-06,2241,"Kingston, Frontenac and Lennox and Addington Health Unit",0.1484,424.0,2.0,0.9159,0.9507
20738,2022-03-06,5183,Huron Perth Health Unit,0.0681,185.0,1.32,0.7792,0.947
20739,2022-03-06,2238,Hastings and Prince Edward Counties Health Unit,0.0709,375.0,2.23,0.9018,0.9564
20740,2022-03-06,2236,Halton Regional Health Unit,0.1089,420.0,0.68,0.6962,0.8282
20741,2022-03-06,2235,"Haliburton, Kawartha, Pine Ridge District Health Unit",0.0903,161.0,0.85,0.7704,0.907
20742,2022-03-06,2234,Haldimand-Norfolk Health Unit,0.1607,92.0,0.81,0.7944,0.8783
20743,2022-03-06,2258,Eastern Ontario Health Unit,0.1032,180.0,0.86,0.7379,0.9011
20744,2022-03-06,2230,Durham Regional Health Unit,0.086,711.0,1.0,0.8036,0.8905
20745,2022-03-06,2226,District of Algoma Health Unit,0.2211,207.0,1.81,0.8393,0.8907
20746,2022-03-06,2251,City of Ottawa Health Unit,0.1215,598.0,0.57,0.7225,0.8441
20747,2022-03-06,2237,City of Hamilton Health Unit,0.1042,561.0,0.95,0.8052,0.8912
20748,2022-03-06,2240,Chatham-Kent Health Unit,0.1232,143.0,1.34,0.7797,0.9213
20749,2022-03-06,2227,Brant County Health Unit,0.0925,122.0,0.79,0.7987,0.8799
20750,2022-03-06,3895,City of Toronto Health Unit,0.0739,2817.0,0.9,0.7713,0.8746
20751,2022-03-06,2233,Grey Bruce Health Unit,0.1045,198.0,1.17,0.62,0.9164
20752,2022-03-06,2243,"Leeds, Grenville and Lanark District Health Unit",0.1112,141.0,0.82,0.7206,0.8623
20753,2022-03-06,2249,Northwestern Health Unit,0.2399,135.0,1.53,0.5219,0.7874
20754,2022-03-06,2256,Porcupine Health Unit,0.1239,144.0,1.73,0.7474,0.8327
20755,2022-03-06,2266,Wellington-Dufferin-Guelph Health Unit,0.118,249.0,0.8,0.7561,0.8946
20756,2022-03-05,2270,York Regional Health Unit,0.0666,1055.0,0.86,0.7049,0.8382
20757,2022-03-05,2268,Windsor-Essex County Health Unit,0.1384,489.0,1.15,0.5846,0.8043
20758,2022-03-05,2266,Wellington-Dufferin-Guelph Health Unit,0.1131,263.0,0.84,0.7302,0.8673
20759,2022-03-05,2265,Waterloo Health Unit,0.0936,465.0,0.8,0.722,0.8653
20760,2022-03-05,2263,Timiskaming Health Unit,0.0852,45.0,1.39,0.7133,0.9249
20761,2022-03-05,2262,Thunder Bay District Health Unit,0.1544,239.0,1.59,0.7939,0.9024
20762,2022-03-05,2261,Sudbury and District Health Unit,0.1023,514.0,2.58,0.7196,0.9401
20763,2022-03-05,2260,Simcoe Muskoka District Health Unit,0.0918,627.0,1.05,0.7724,0.8932
20764,2022-03-05,2257,Renfrew County and District Health Unit,0.1321,85.0,0.79,0.6,0.8977
20765,2022-03-05,2256,Porcupine Health Unit,0.1245,150.0,1.8,0.658,0.7642
20766,2022-03-05,2253,Peel Regional Health Unit,0.0517,1221.0,0.76,0.6522,0.8158
20767,2022-03-05,35,Ontario,0.0936,14984.0,1.01,0.7341,0.8681
20768,2022-03-05,2249,Northwestern Health Unit,0.2412,137.0,1.57,0.4892,0.7902
20769,2022-03-05,2246,Niagara Regional Area Health Unit,0.1091,527.0,1.11,0.7591,0.861
20770,2022-03-05,2244,Middlesex-London Health Unit,0.094,605.0,1.19,0.7938,0.8965
20771,2022-03-05,2243,"Leeds, Grenville and Lanark District Health Unit",0.1107,146.0,0.84,0.7399,0.8647
20772,2022-03-05,2242,Lambton Health Unit,0.0965,166.0,1.27,0.6339,0.9091
20773,2022-03-05,2241,"Kingston, Frontenac and Lennox and Addington Health Unit",0.1465,443.0,2.08,0.9126,0.9505
20774,2022-03-05,5183,Huron Perth Health Unit,0.0688,193.0,1.38,0.7564,0.9402
20775,2022-03-05,2238,Hastings and Prince Edward Counties Health Unit,0.0719,384.0,2.28,0.8915,0.9513
20776,2022-03-05,2235,"Haliburton, Kawartha, Pine Ridge District Health Unit",0.0839,165.0,0.87,0.7502,0.9012
20777,2022-03-05,2234,Haldimand-Norfolk Health Unit,0.1534,99.0,0.87,0.7813,0.8722
20778,2022-03-05,2233,Grey Bruce Health Unit,0.1073,190.0,1.12,0.6001,0.9138
20779,2022-03-05,2230,Durham Regional Health Unit,0.0847,750.0,1.05,0.7834,0.8801
20780,2022-03-05,2226,District of Algoma Health Unit,0.2128,211.0,1.85,0.8392,0.8909
20781,2022-03-05,3895,City of Toronto Health Unit,0.0688,2976.0,0.95,0.7438,0.8623
20782,2022-03-05,2251,City of Ottawa Health Unit,0.1117,623.0,0.59,0.7065,0.8409
20783,2022-03-05,2237,City of Hamilton Health Unit,0.0987,589.0,0.99,0.7764,0.8816
20784,2022-03-05,2240,Chatham-Kent Health Unit,0.1325,143.0,1.35,0.7553,0.9151
20785,2022-03-05,2227,Brant County Health Unit,0.089,130.0,0.84,0.7794,0.8715
20786,2022-03-05,2258,Eastern Ontario Health Unit,0.0997,189.0,0.91,0.7547,0.9069
20787,2022-03-05,2236,Halton Regional Health Unit,0.0983,467.0,0.75,0.6673,0.8184
20788,2022-03-05,2247,North Bay Parry Sound District Health Unit,0.1429,169.0,1.3,0.82,0.9512
20789,2022-03-05,2255,Peterborough County-City Health Unit,0.0971,147.0,0.99,0.8428,0.9138
20790,2022-03-05,4913,Southwestern Public Health,0.1018,219.0,1.04,0.7565,0.8892
20791,2022-03-04,2270,York Regional Health Unit,0.0649,1114.0,0.91,0.6923,0.8364
20792,2022-03-04,2268,Windsor-Essex County Health Unit,0.1292,513.0,1.21,0.6223,0.8271
20793,2022-03-04,2266,Wellington-Dufferin-Guelph Health Unit,0.1065,278.0,0.89,0.7294,0.8691
20794,2022-03-04,2265,Waterloo Health Unit,0.0876,497.0,0.85,0.7153,0.8621
20795,2022-03-04,2262,Thunder Bay District Health Unit,0.1578,244.0,1.63,0.8109,0.9191
20796,2022-03-04,2261,Sudbury and District Health Unit,0.103,545.0,2.74,0.7405,0.9525
20797,2022-03-04,4913,Southwestern Public Health,0.1002,227.0,1.07,0.7609,0.8982
20798,2022-03-04,2257,Renfrew County and District Health Unit,0.1287,91.0,0.84,0.611,0.894
20799,2022-03-04,2256,Porcupine Health Unit,0.1234,153.0,1.83,0.6967,0.8005
20800,2022-03-04,2255,Peterborough County-City Health Unit,0.0988,150.0,1.02,0.8323,0.9073
20801,2022-03-04,35,Ontario,0.0911,15773.0,1.06,0.7327,0.8691
20802,2022-03-04,2249,Northwestern Health Unit,0.2482,142.0,1.62,0.5496,0.8486
20803,2022-03-04,2247,North Bay Parry Sound District Health Unit,0.1544,177.0,1.36,0.8196,0.9531
20804,2022-03-04,2246,Niagara Regional Area Health Unit,0.1036,551.0,1.17,0.7696,0.8787
20805,2022-03-04,2244,Middlesex-London Health Unit,0.0962,601.0,1.18,0.7851,0.8918
20806,2022-03-04,2243,"Leeds, Grenville and Lanark District Health Unit",0.1062,149.0,0.86,0.761,0.8754
20807,2022-03-04,2242,Lambton Health Unit,0.0971,172.0,1.31,0.6583,0.9098
20808,2022-03-04,5183,Huron Perth Health Unit,0.0671,198.0,1.42,0.7704,0.9407
20809,2022-03-04,2238,Hastings and Prince Edward Counties Health Unit,0.0728,396.0,2.35,0.8903,0.9558
20810,2022-03-04,2236,Halton Regional Health Unit,0.0902,518.0,0.84,0.6573,0.8138
20811,2022-03-04,2234,Haldimand-Norfolk Health Unit,0.1612,105.0,0.92,0.7682,0.8724
20812,2022-03-04,2233,Grey Bruce Health Unit,0.1086,199.0,1.17,0.6208,0.9273
20813,2022-03-04,2258,Eastern Ontario Health Unit,0.099,195.0,0.93,0.7629,0.9152
20814,2022-03-04,2226,District of Algoma Health Unit,0.2082,220.0,1.92,0.8559,0.9039
20815,2022-03-04,3895,City of Toronto Health Unit,0.0666,3183.0,1.02,0.7352,0.8588
20816,2022-03-04,2251,City of Ottawa Health Unit,0.109,654.0,0.62,0.6912,0.8327
20817,2022-03-04,2237,City of Hamilton Health Unit,0.0941,615.0,1.04,0.7802,0.8765
20818,2022-03-04,2240,Chatham-Kent Health Unit,0.1301,148.0,1.39,0.773,0.9209
20819,2022-03-04,2227,Brant County Health Unit,0.0902,138.0,0.89,0.7809,0.8727
20820,2022-03-04,2230,Durham Regional Health Unit,0.0848,780.0,1.1,0.7813,0.8841
20821,2022-03-04,2235,"Haliburton, Kawartha, Pine Ridge District Health Unit",0.0847,167.0,0.88,0.7331,0.885
20822,2022-03-04,2241,"Kingston, Frontenac and Lennox and Addington Health Unit",0.1438,450.0,2.12,0.9093,0.9493
20823,2022-03-04,2253,Peel Regional Health Unit,0.0479,1325.0,0.83,0.639,0.8087
20824,2022-03-04,2260,Simcoe Muskoka District Health Unit,0.0913,658.0,1.1,0.778,0.8965
20825,2022-03-04,2263,Timiskaming Health Unit,0.0879,44.0,1.34,0.7547,0.9472
20826,2022-03-03,2270,York Regional Health Unit,0.0667,1149.0,0.94,0.6725,0.8303
20827,2022-03-03,2266,Wellington-Dufferin-Guelph Health Unit,0.1027,281.0,0.9,0.7144,0.8615
20828,2022-03-03,2265,Waterloo Health Unit,0.0797,515.0,0.88,0.6947,0.8533
20829,2022-03-03,2263,Timiskaming Health Unit,0.0712,46.0,1.41,0.7385,0.9397
20830,2022-03-03,2261,Sudbury and District Health Unit,0.1054,546.0,2.75,0.6886,0.9042
20831,2022-03-03,4913,Southwestern Public Health,0.0953,223.0,1.06,0.771,0.9209
20832,2022-03-03,2260,Simcoe Muskoka District Health Unit,0.0903,691.0,1.15,0.7529,0.8868
20833,2022-03-03,2256,Porcupine Health Unit,0.12,168.0,2.01,0.7091,0.7997
20834,2022-03-03,2255,Peterborough County-City Health Unit,0.0967,155.0,1.05,0.8067,0.9001
20835,2022-03-03,2253,Peel Regional Health Unit,0.0439,1416.0,0.88,0.6107,0.7817
20836,2022-03-03,35,Ontario,0.0888,16451.0,1.11,0.7144,0.8579
20837,2022-03-03,2249,Northwestern Health Unit,0.2395,153.0,1.74,0.6266,0.8291
20838,2022-03-03,2247,North Bay Parry Sound District Health Unit,0.1637,179.0,1.38,0.8167,0.9494
20839,2022-03-03,2246,Niagara Regional Area Health Unit,0.0966,581.0,1.23,0.7573,0.8855
20840,2022-03-03,2243,"Leeds, Grenville and Lanark District Health Unit",0.1225,152.0,0.88,0.7657,0.8747
20841,2022-03-03,2242,Lambton Health Unit,0.1034,169.0,1.29,0.6675,0.8897
20842,2022-03-03,2241,"Kingston, Frontenac and Lennox and Addington Health Unit",0.144,450.0,2.12,0.9073,0.9487
20843,2022-03-03,2238,Hastings and Prince Edward Counties Health Unit,0.0728,395.0,2.34,0.8975,0.9569
20844,2022-03-03,2236,Halton Regional Health Unit,0.0867,555.0,0.9,0.6265,0.7941
20845,2022-03-03,2235,"Haliburton, Kawartha, Pine Ridge District Health Unit",0.08,180.0,0.95,0.7043,0.8728
20846,2022-03-03,2233,Grey Bruce Health Unit,0.099,221.0,1.3,0.6282,0.9271
20847,2022-03-03,2258,Eastern Ontario Health Unit,0.1009,198.0,0.95,0.7705,0.9194
20848,2022-03-03,2230,Durham Regional Health Unit,0.0842,829.0,1.16,0.7585,0.8707
20849,2022-03-03,2226,District of Algoma Health Unit,0.2017,231.0,2.02,0.8007,0.8688
20850,2022-03-03,3895,City of Toronto Health Unit,0.0632,3368.0,1.08,0.7026,0.8391
20851,2022-03-03,2251,City of Ottawa Health Unit,0.1115,674.0,0.64,0.6811,0.8219
20852,2022-03-03,2237,City of Hamilton Health Unit,0.0918,635.0,1.07,0.7754,0.8814
20853,2022-03-03,2227,Brant County Health Unit,0.0957,148.0,0.95,0.7801,0.8844
20854,2022-03-03,2240,Chatham-Kent Health Unit,0.1382,156.0,1.47,0.7753,0.916
20855,2022-03-03,2234,Haldimand-Norfolk Health Unit,0.1457,108.0,0.95,0.7653,0.8892
20856,2022-03-03,5183,Huron Perth Health Unit,0.0681,206.0,1.47,0.7702,0.9425
20857,2022-03-03,2244,Middlesex-London Health Unit,0.0932,604.0,1.19,0.7876,0.8983
20858,2022-03-03,2257,Renfrew County and District Health Unit,0.1204,96.0,0.89,0.6309,0.8983
20859,2022-03-03,2262,Thunder Bay District Health Unit,0.1569,248.0,1.65,0.8215,0.9001
20860,2022-03-03,2268,Windsor-Essex County Health Unit,0.1239,546.0,1.29,0.6205,0.84
20861,2022-03-02,2270,York Regional Health Unit,0.0642,1186.0,0.97,0.646,0.8226
20862,2022-03-02,2268,Windsor-Essex County Health Unit,0.1272,564.0,1.33,0.5921,0.8121
20863,2022-03-02,2265,Waterloo Health Unit,0.0779,543.0,0.93,0.679,0.8431
20864,2022-03-02,2263,Timiskaming Health Unit,0.0651,48.0,1.48,0.6649,0.877
20865,2022-03-02,2262,Thunder Bay District Health Unit,0.1595,259.0,1.73,0.8188,0.8909
20866,2022-03-02,4913,Southwestern Public Health,0.0988,221.0,1.05,0.7477,0.9044
20867,2022-03-02,2260,Simcoe Muskoka District Health Unit,0.0879,710.0,1.18,0.7364,0.8764
20868,2022-03-02,2257,Renfrew County and District Health Unit,0.117,100.0,0.92,0.6163,0.9048
20869,2022-03-02,2256,Porcupine Health Unit,0.129,177.0,2.12,0.6407,0.7252
20870,2022-03-02,2255,Peterborough County-City Health Unit,0.0941,152.0,1.03,0.8057,0.8981
20871,2022-03-02,2253,Peel Regional Health Unit,0.044,1495.0,0.93,0.5981,0.7867
20872,2022-03-02,35,Ontario,0.0884,17046.0,1.15,0.6965,0.8515
20873,2022-03-02,2247,North Bay Parry Sound District Health Unit,0.1642,187.0,1.44,0.7941,0.9249
20874,2022-03-02,2246,Niagara Regional Area Health Unit,0.0966,593.0,1.25,0.7135,0.8636
20875,2022-03-02,2244,Middlesex-London Health Unit,0.0916,617.0,1.22,0.7664,0.8879
20876,2022-03-02,2242,Lambton Health Unit,0.1066,170.0,1.3,0.6436,0.9009
20877,2022-03-02,2241,"Kingston, Frontenac and Lennox and Addington Health Unit",0.1461,468.0,2.2,0.9025,0.9495
20878,2022-03-02,5183,Huron Perth Health Unit,0.0687,206.0,1.47,0.7279,0.9507
20879,2022-03-02,2236,Halton Regional Health Unit,0.0819,589.0,0.95,0.6047,0.7858
20880,2022-03-02,2235,"Haliburton, Kawartha, Pine Ridge District Health Unit",0.0869,184.0,0.97,0.6915,0.8694
20881,2022-03-02,2234,Haldimand-Norfolk Health Unit,0.1438,109.0,0.96,0.7649,0.8928
20882,2022-03-02,2233,Grey Bruce Health Unit,0.0952,236.0,1.39,0.6365,0.9108
20883,2022-03-02,2258,Eastern Ontario Health Unit,0.1106,199.0,0.95,0.7635,0.9203
20884,2022-03-02,2230,Durham Regional Health Unit,0.0849,857.0,1.2,0.733,0.8607
20885,2022-03-02,2226,District of Algoma Health Unit,0.2033,230.0,2.01,0.8104,0.9016
20886,2022-03-02,2251,City of Ottawa Health Unit,0.1134,696.0,0.66,0.6653,0.8174
20887,2022-03-02,2237,City of Hamilton Health Unit,0.0873,658.0,1.11,0.7573,0.8671
20888,2022-03-02,2240,Chatham-Kent Health Unit,0.1469,160.0,1.51,0.7839,0.9151
20889,2022-03-02,2227,Brant County Health Unit,0.0989,153.0,0.99,0.7527,0.8579
20890,2022-03-02,3895,City of Toronto Health Unit,0.0616,3502.0,1.12,0.6864,0.8393
20891,2022-03-02,2238,Hastings and Prince Edward Counties Health Unit,0.073,426.0,2.53,0.8775,0.9542
20892,2022-03-02,2243,"Leeds, Grenville and Lanark District Health Unit",0.1179,154.0,0.89,0.7447,0.8596
20893,2022-03-02,2249,Northwestern Health Unit,0.239,166.0,1.89,0.6375,0.8389
20894,2022-03-02,2261,Sudbury and District Health Unit,0.1125,550.0,2.76,0.6994,0.9039
20895,2022-03-02,2266,Wellington-Dufferin-Guelph Health Unit,0.0993,291.0,0.93,0.6982,0.8505
20896,2022-03-01,2270,York Regional Health Unit,0.0648,1222.0,1.0,0.6535,0.8272
20897,2022-03-01,2268,Windsor-Essex County Health Unit,0.123,569.0,1.34,0.6113,0.8056
20898,2022-03-01,2266,Wellington-Dufferin-Guelph Health Unit,0.0998,304.0,0.97,0.7039,0.845
20899,2022-03-01,2263,Timiskaming Health Unit,0.0618,49.0,1.49,0.6658,0.8647
20900,2022-03-01,2262,Thunder Bay District Health Unit,0.1561,274.0,1.83,0.8443,0.9043
20901,2022-03-01,2261,Sudbury and District Health Unit,0.1116,563.0,2.83,0.7084,0.9055
20902,2022-03-01,4913,Southwestern Public Health,0.1002,231.0,1.09,0.7787,0.906
20903,2022-03-01,2260,Simcoe Muskoka District Health Unit,0.0844,723.0,1.21,0.7452,0.877
20904,2022-03-01,2257,Renfrew County and District Health Unit,0.1117,104.0,0.95,0.6446,0.8984
20905,2022-03-01,2256,Porcupine Health Unit,0.1437,173.0,2.07,0.6933,0.7789
20906,2022-03-01,2253,Peel Regional Health Unit,0.0418,1595.0,0.99,0.6114,0.8003
20907,2022-03-01,35,Ontario,0.0875,17619.0,1.19,0.7054,0.8547
20908,2022-03-01,2249,Northwestern Health Unit,0.2549,169.0,1.92,0.671,0.8473
20909,2022-03-01,2246,Niagara Regional Area Health Unit,0.0989,604.0,1.28,0.7182,0.8618
20910,2022-03-01,2244,Middlesex-London Health Unit,0.0941,599.0,1.18,0.7778,0.8939
20911,2022-03-01,2243,"Leeds, Grenville and Lanark District Health Unit",0.1172,161.0,0.93,0.7698,0.8536
20912,2022-03-01,2241,"Kingston, Frontenac and Lennox and Addington Health Unit",0.1462,486.0,2.28,0.908,0.9522
20913,2022-03-01,5183,Huron Perth Health Unit,0.0673,212.0,1.52,0.7521,0.9542
20914,2022-03-01,2238,Hastings and Prince Edward Counties Health Unit,0.0858,403.0,2.39,0.9035,0.9581
20915,2022-03-01,2236,Halton Regional Health Unit,0.077,616.0,0.99,0.6142,0.7951
20916,2022-03-01,2235,"Haliburton, Kawartha, Pine Ridge District Health Unit",0.0883,202.0,1.07,0.7117,0.8661
20917,2022-03-01,2234,Haldimand-Norfolk Health Unit,0.1288,116.0,1.02,0.7856,0.905
20918,2022-03-01,2233,Grey Bruce Health Unit,0.0992,239.0,1.41,0.6117,0.916
20919,2022-03-01,2230,Durham Regional Health Unit,0.0846,869.0,1.22,0.7141,0.8413
20920,2022-03-01,2226,District of Algoma Health Unit,0.1949,226.0,1.97,0.797,0.8928
20921,2022-03-01,3895,City of Toronto Health Unit,0.0586,3684.0,1.18,0.6848,0.8398
20922,2022-03-01,2237,City of Hamilton Health Unit,0.0859,685.0,1.16,0.7719,0.8794
20923,2022-03-01,2240,Chatham-Kent Health Unit,0.1426,169.0,1.59,0.808,0.9184
20924,2022-03-01,2227,Brant County Health Unit,0.1064,161.0,1.04,0.7571,0.8523
20925,2022-03-01,2251,City of Ottawa Health Unit,0.1121,711.0,0.67,0.681,0.8285
20926,2022-03-01,2258,Eastern Ontario Health Unit,0.1138,210.0,1.0,0.7992,0.9245
20927,2022-03-01,2242,Lambton Health Unit,0.1077,170.0,1.3,0.6135,0.8811
20928,2022-03-01,2247,North Bay Parry Sound District Health Unit,0.1689,188.0,1.45,0.8311,0.9258
20929,2022-03-01,2255,Peterborough County-City Health Unit,0.1018,164.0,1.11,0.821,0.9054
20930,2022-03-01,2265,Waterloo Health Unit,0.0814,574.0,0.98,0.6918,0.8455
20931,2022-02-28,2268,Windsor-Essex County Health Unit,0.1249,598.0,1.41,0.6124,0.8089
20932,2022-02-28,2266,Wellington-Dufferin-Guelph Health Unit,0.0954,329.0,1.06,0.694,0.8394
20933,2022-02-28,2265,Waterloo Health Unit,0.0765,609.0,1.04,0.6809,0.8391
20934,2022-02-28,2263,Timiskaming Health Unit,0.0546,50.0,1.52,0.6012,0.8405
20935,2022-02-28,2262,Thunder Bay District Health Unit,0.1525,289.0,1.92,0.8395,0.9117
20936,2022-02-28,2261,Sudbury and District Health Unit,0.1147,598.0,3.0,0.7011,0.9089
20937,2022-02-28,4913,Southwestern Public Health,0.1003,249.0,1.18,0.7738,0.9017
20938,2022-02-28,2257,Renfrew County and District Health Unit,0.1057,105.0,0.97,0.6228,0.9137
20939,2022-02-28,2256,Porcupine Health Unit,0.1412,191.0,2.29,0.6386,0.7902
20940,2022-02-28,2255,Peterborough County-City Health Unit,0.1107,183.0,1.24,0.8202,0.9058
20941,2022-02-28,35,Ontario,0.0861,18695.0,1.26,0.6995,0.8525
20942,2022-02-28,2249,Northwestern Health Unit,0.2458,178.0,2.03,0.6577,0.8362
20943,2022-02-28,2247,North Bay Parry Sound District Health Unit,0.1696,197.0,1.52,0.8193,0.9206
20944,2022-02-28,2244,Middlesex-London Health Unit,0.094,635.0,1.25,0.7723,0.887
20945,2022-02-28,2243,"Leeds, Grenville and Lanark District Health Unit",0.1329,166.0,0.96,0.7786,0.8618
20946,2022-02-28,2242,Lambton Health Unit,0.1193,172.0,1.32,0.5916,0.879
20947,2022-02-28,2241,"Kingston, Frontenac and Lennox and Addington Health Unit",0.1475,512.0,2.41,0.9096,0.9519
20948,2022-02-28,5183,Huron Perth Health Unit,0.0656,240.0,1.71,0.737,0.9525
20949,2022-02-28,2238,Hastings and Prince Edward Counties Health Unit,0.0823,463.0,2.75,0.9049,0.9606
20950,2022-02-28,2236,Halton Regional Health Unit,0.0734,666.0,1.08,0.6093,0.7868
20951,2022-02-28,2234,Haldimand-Norfolk Health Unit,0.1339,127.0,1.11,0.7955,0.912
20952,2022-02-28,2233,Grey Bruce Health Unit,0.1079,236.0,1.39,0.6267,0.9229
20953,2022-02-28,2258,Eastern Ontario Health Unit,0.1138,227.0,1.09,0.7894,0.9223
20954,2022-02-28,2226,District of Algoma Health Unit,0.1881,234.0,2.04,0.7995,0.8969
20955,2022-02-28,3895,City of Toronto Health Unit,0.0554,3898.0,1.25,0.6836,0.84
20956,2022-02-28,2251,City of Ottawa Health Unit,0.1084,744.0,0.71,0.6746,0.8375
20957,2022-02-28,2240,Chatham-Kent Health Unit,0.1429,170.0,1.6,0.7968,0.9091
20958,2022-02-28,2227,Brant County Health Unit,0.1071,168.0,1.08,0.7691,0.8541
20959,2022-02-28,2237,City of Hamilton Health Unit,0.0829,722.0,1.22,0.7687,0.8789
20960,2022-02-28,2230,Durham Regional Health Unit,0.0809,930.0,1.31,0.7036,0.8347
20961,2022-02-28,2235,"Haliburton, Kawartha, Pine Ridge District Health Unit",0.0882,217.0,1.15,0.6903,0.8542
20962,2022-02-28,2246,Niagara Regional Area Health Unit,0.0967,625.0,1.32,0.7109,0.8597
20963,2022-02-28,2253,Peel Regional Health Unit,0.0412,1708.0,1.06,0.6069,0.7913
20964,2022-02-28,2260,Simcoe Muskoka District Health Unit,0.0863,763.0,1.27,0.7475,0.8787
20965,2022-02-28,2270,York Regional Health Unit,0.0659,1282.0,1.05,0.645,0.8218
20966,2022-02-27,2270,York Regional Health Unit,0.0646,1236.0,1.01,0.6563,0.8237
20967,2022-02-27,2268,Windsor-Essex County Health Unit,0.1178,592.0,1.39,0.6153,0.8036
20968,2022-02-27,2266,Wellington-Dufferin-Guelph Health Unit,0.0877,314.0,1.01,0.6862,0.8369
20969,2022-02-27,2265,Waterloo Health Unit,0.08,591.0,1.01,0.6781,0.8438
20970,2022-02-27,2263,Timiskaming Health Unit,0.0575,45.0,1.37,0.5926,0.8333
20971,2022-02-27,2261,Sudbury and District Health Unit,0.119,571.0,2.87,0.6903,0.9048
20972,2022-02-27,4913,Southwestern Public Health,0.1006,231.0,1.09,0.7774,0.9042
20973,2022-02-27,2260,Simcoe Muskoka District Health Unit,0.0828,744.0,1.24,0.759,0.8821
20974,2022-02-27,2256,Porcupine Health Unit,0.1546,186.0,2.23,0.6232,0.7843
20975,2022-02-27,2255,Peterborough County-City Health Unit,0.1248,172.0,1.16,0.8184,0.9088
20976,2022-02-27,2253,Peel Regional Health Unit,0.0391,1740.0,1.08,0.6291,0.7983
20977,2022-02-27,2249,Northwestern Health Unit,0.2491,163.0,1.86,0.6737,0.8438
20978,2022-02-27,2247,North Bay Parry Sound District Health Unit,0.1905,171.0,1.32,0.8448,0.9185
20979,2022-02-27,2246,Niagara Regional Area Health Unit,0.0882,610.0,1.29,0.7147,0.8534
20980,2022-02-27,2244,Middlesex-London Health Unit,0.088,599.0,1.18,0.7655,0.8842
20981,2022-02-27,2243,"Leeds, Grenville and Lanark District Health Unit",0.1405,159.0,0.92,0.7837,0.8659
20982,2022-02-27,2242,Lambton Health Unit,0.1221,160.0,1.22,0.5682,0.8822
20983,2022-02-27,2241,"Kingston, Frontenac and Lennox and Addington Health Unit",0.1466,464.0,2.18,0.9078,0.95
20984,2022-02-27,2238,Hastings and Prince Edward Counties Health Unit,0.0839,431.0,2.56,0.9054,0.9576
20985,2022-02-27,2236,Halton Regional Health Unit,0.0692,671.0,1.08,0.6167,0.7825
20986,2022-02-27,2235,"Haliburton, Kawartha, Pine Ridge District Health Unit",0.0866,205.0,1.08,0.7036,0.8584
20987,2022-02-27,2233,Grey Bruce Health Unit,0.0955,254.0,1.5,0.6284,0.9183
20988,2022-02-27,2258,Eastern Ontario Health Unit,0.1085,203.0,0.97,0.7813,0.9164
20989,2022-02-27,2230,Durham Regional Health Unit,0.0778,894.0,1.26,0.7093,0.8364
20990,2022-02-27,3895,City of Toronto Health Unit,0.0524,3891.0,1.25,0.6893,0.8387
20991,2022-02-27,2251,City of Ottawa Health Unit,0.1109,698.0,0.66,0.6764,0.8299
20992,2022-02-27,2237,City of Hamilton Health Unit,0.0809,696.0,1.18,0.7637,0.8747
20993,2022-02-27,2240,Chatham-Kent Health Unit,0.1351,155.0,1.46,0.802,0.9149
20994,2022-02-27,2227,Brant County Health Unit,0.1019,164.0,1.06,0.7612,0.8529
20995,2022-02-27,2226,District of Algoma Health Unit,0.1861,223.0,1.95,0.7953,0.8957
20996,2022-02-27,2234,Haldimand-Norfolk Health Unit,0.1355,119.0,1.04,0.7878,0.9166
20997,2022-02-27,5183,Huron Perth Health Unit,0.0658,222.0,1.59,0.72,0.9483
20998,2022-02-27,35,Ontario,0.0835,18170.0,1.23,0.7036,0.8519
20999,2022-02-27,2257,Renfrew County and District Health Unit,0.0945,95.0,0.88,0.6257,0.9053
21000,2022-02-27,2262,Thunder Bay District Health Unit,0.1505,288.0,1.92,0.8432,0.9096
21001,2022-02-26,2270,York Regional Health Unit,0.0656,1220.0,1.0,0.6492,0.8094
21002,2022-02-26,2268,Windsor-Essex County Health Unit,0.1175,591.0,1.39,0.6274,0.8063
21003,2022-02-26,2265,Waterloo Health Unit,0.0801,597.0,1.02,0.6549,0.8467
21004,2022-02-26,2263,Timiskaming Health Unit,0.0596,46.0,1.39,0.571,0.8278
21005,2022-02-26,2262,Thunder Bay District Health Unit,0.155,285.0,1.9,0.838,0.9047
21006,2022-02-26,4913,Southwestern Public Health,0.1034,234.0,1.1,0.7912,0.8978
21007,2022-02-26,2260,Simcoe Muskoka District Health Unit,0.0828,738.0,1.23,0.7551,0.8699
21008,2022-02-26,2257,Renfrew County and District Health Unit,0.0971,99.0,0.91,0.6043,0.8814
21009,2022-02-26,2255,Peterborough County-City Health Unit,0.1202,169.0,1.14,0.8165,0.9001
21010,2022-02-26,2253,Peel Regional Health Unit,0.0407,1734.0,1.08,0.6278,0.7894
21011,2022-02-26,35,Ontario,0.0845,18126.0,1.22,0.7015,0.8452
21012,2022-02-26,2249,Northwestern Health Unit,0.2509,162.0,1.85,0.6789,0.8524
21013,2022-02-26,2247,North Bay Parry Sound District Health Unit,0.1924,174.0,1.34,0.8578,0.92
21014,2022-02-26,2246,Niagara Regional Area Health Unit,0.0884,616.0,1.3,0.7193,0.8498
21015,2022-02-26,2244,Middlesex-London Health Unit,0.0867,587.0,1.16,0.7704,0.8741
21016,2022-02-26,2242,Lambton Health Unit,0.1249,162.0,1.24,0.5649,0.8712
21017,2022-02-26,2241,"Kingston, Frontenac and Lennox and Addington Health Unit",0.1417,448.0,2.1,0.8997,0.9411
21018,2022-02-26,5183,Huron Perth Health Unit,0.0691,219.0,1.57,0.7162,0.947
21019,2022-02-26,2236,Halton Regional Health Unit,0.07,665.0,1.07,0.6143,0.7673
21020,2022-02-26,2235,"Haliburton, Kawartha, Pine Ridge District Health Unit",0.0882,212.0,1.12,0.6959,0.8399
21021,2022-02-26,2234,Haldimand-Norfolk Health Unit,0.1415,120.0,1.05,0.7956,0.9236
21022,2022-02-26,2258,Eastern Ontario Health Unit,0.112,194.0,0.93,0.7626,0.9048
21023,2022-02-26,2230,Durham Regional Health Unit,0.0772,896.0,1.26,0.7,0.8303
21024,2022-02-26,2226,District of Algoma Health Unit,0.1933,220.0,1.92,0.7895,0.8931
21025,2022-02-26,3895,City of Toronto Health Unit,0.0531,3887.0,1.25,0.6892,0.8302
21026,2022-02-26,2251,City of Ottawa Health Unit,0.1145,701.0,0.66,0.6746,0.8221
21027,2022-02-26,2237,City of Hamilton Health Unit,0.0809,691.0,1.17,0.7715,0.8717
21028,2022-02-26,2240,Chatham-Kent Health Unit,0.1315,158.0,1.48,0.8196,0.9047
21029,2022-02-26,2227,Brant County Health Unit,0.1072,160.0,1.03,0.7603,0.8519
21030,2022-02-26,2233,Grey Bruce Health Unit,0.0951,254.0,1.49,0.6338,0.9114
21031,2022-02-26,2238,Hastings and Prince Edward Counties Health Unit,0.0856,434.0,2.57,0.9003,0.9555
21032,2022-02-26,2243,"Leeds, Grenville and Lanark District Health Unit",0.1466,165.0,0.95,0.766,0.863
21033,2022-02-26,2256,Porcupine Health Unit,0.1595,197.0,2.36,0.682,0.8257
21034,2022-02-26,2261,Sudbury and District Health Unit,0.1205,567.0,2.85,0.6504,0.8904
21035,2022-02-26,2266,Wellington-Dufferin-Guelph Health Unit,0.0858,315.0,1.01,0.696,0.8521
21036,2022-02-25,2270,York Regional Health Unit,0.0658,1193.0,0.97,0.6453,0.7981
21037,2022-02-25,2268,Windsor-Essex County Health Unit,0.1224,581.0,1.37,0.5948,0.7718
21038,2022-02-25,2266,Wellington-Dufferin-Guelph Health Unit,0.0868,310.0,0.99,0.6776,0.8521
21039,2022-02-25,2263,Timiskaming Health Unit,0.0585,46.0,1.42,0.4943,0.7098
21040,2022-02-25,2262,Thunder Bay District Health Unit,0.1562,284.0,1.9,0.818,0.8893
21041,2022-02-25,2261,Sudbury and District Health Unit,0.1249,533.0,2.68,0.6174,0.8665
21042,2022-02-25,4913,Southwestern Public Health,0.1036,232.0,1.09,0.7891,0.9021
21043,2022-02-25,2260,Simcoe Muskoka District Health Unit,0.082,710.0,1.18,0.7351,0.8527
21044,2022-02-25,2257,Renfrew County and District Health Unit,0.1055,96.0,0.89,0.6178,0.883
21045,2022-02-25,2256,Porcupine Health Unit,0.1649,204.0,2.44,0.6558,0.783
21046,2022-02-25,2255,Peterborough County-City Health Unit,0.126,176.0,1.19,0.8225,0.9013
21047,2022-02-25,2253,Peel Regional Health Unit,0.0423,1696.0,1.06,0.6324,0.785
21048,2022-02-25,35,Ontario,0.0856,17826.0,1.2,0.692,0.8338
21049,2022-02-25,2249,Northwestern Health Unit,0.2478,165.0,1.89,0.6585,0.8431
21050,2022-02-25,2246,Niagara Regional Area Health Unit,0.0893,603.0,1.28,0.7122,0.8412
21051,2022-02-25,2244,Middlesex-London Health Unit,0.0839,589.0,1.16,0.7743,0.8754
21052,2022-02-25,2243,"Leeds, Grenville and Lanark District Health Unit",0.1516,163.0,0.94,0.7746,0.8793
21053,2022-02-25,2241,"Kingston, Frontenac and Lennox and Addington Health Unit",0.147,438.0,2.06,0.9,0.9381
21054,2022-02-25,5183,Huron Perth Health Unit,0.071,221.0,1.58,0.7163,0.9422
21055,2022-02-25,2238,Hastings and Prince Edward Counties Health Unit,0.0883,424.0,2.52,0.895,0.9506
21056,2022-02-25,2235,"Haliburton, Kawartha, Pine Ridge District Health Unit",0.0892,215.0,1.14,0.6939,0.8444
21057,2022-02-25,2234,Haldimand-Norfolk Health Unit,0.1391,120.0,1.05,0.7949,0.9252
21058,2022-02-25,2233,Grey Bruce Health Unit,0.0924,249.0,1.46,0.5951,0.9011
21059,2022-02-25,2258,Eastern Ontario Health Unit,0.1118,194.0,0.93,0.7509,0.8949
21060,2022-02-25,2230,Durham Regional Health Unit,0.0799,878.0,1.23,0.6922,0.8151
21061,2022-02-25,2226,District of Algoma Health Unit,0.193,212.0,1.86,0.7541,0.8688
21062,2022-02-25,3895,City of Toronto Health Unit,0.0533,3815.0,1.22,0.6749,0.8111
21063,2022-02-25,2237,City of Hamilton Health Unit,0.0835,674.0,1.14,0.7722,0.8685
21064,2022-02-25,2240,Chatham-Kent Health Unit,0.1301,158.0,1.49,0.8113,0.8954
21065,2022-02-25,2227,Brant County Health Unit,0.1039,164.0,1.05,0.7622,0.8532
21066,2022-02-25,2251,City of Ottawa Health Unit,0.1154,695.0,0.66,0.6793,0.8187
21067,2022-02-25,2236,Halton Regional Health Unit,0.0691,637.0,1.03,0.6151,0.7633
21068,2022-02-25,2242,Lambton Health Unit,0.1238,162.0,1.23,0.547,0.8695
21069,2022-02-25,2247,North Bay Parry Sound District Health Unit,0.1868,176.0,1.36,0.8604,0.911
21070,2022-02-25,2265,Waterloo Health Unit,0.0813,604.0,1.03,0.617,0.8395
21071,2022-02-24,2268,Windsor-Essex County Health Unit,0.1268,567.0,1.33,0.6234,0.7672
21072,2022-02-24,2266,Wellington-Dufferin-Guelph Health Unit,0.0911,306.0,0.98,0.6884,0.8538
21073,2022-02-24,2265,Waterloo Health Unit,0.0826,602.0,1.03,0.6,0.8385
21074,2022-02-24,2262,Thunder Bay District Health Unit,0.1563,292.0,1.95,0.8292,0.9092
21075,2022-02-24,2261,Sudbury and District Health Unit,0.1264,519.0,2.61,0.6609,0.934
21076,2022-02-24,4913,Southwestern Public Health,0.1063,231.0,1.09,0.795,0.9034
21077,2022-02-24,2260,Simcoe Muskoka District Health Unit,0.082,683.0,1.14,0.7431,0.852
21078,2022-02-24,2257,Renfrew County and District Health Unit,0.1067,90.0,0.83,0.5835,0.8855
21079,2022-02-24,2256,Porcupine Health Unit,0.1774,199.0,2.38,0.5981,0.7316
21080,2022-02-24,2255,Peterborough County-City Health Unit,0.1267,170.0,1.15,0.8636,0.9221
21081,2022-02-24,35,Ontario,0.0875,17543.0,1.18,0.7064,0.841
21082,2022-02-24,2249,Northwestern Health Unit,0.281,168.0,1.92,0.6746,0.8705
21083,2022-02-24,2247,North Bay Parry Sound District Health Unit,0.1756,183.0,1.41,0.8634,0.9118
21084,2022-02-24,2244,Middlesex-London Health Unit,0.0837,592.0,1.17,0.7869,0.8807
21085,2022-02-24,2243,"Leeds, Grenville and Lanark District Health Unit",0.1523,166.0,0.96,0.7862,0.8979
21086,2022-02-24,2242,Lambton Health Unit,0.1301,161.0,1.23,0.5239,0.8874
21087,2022-02-24,5183,Huron Perth Health Unit,0.0754,218.0,1.56,0.6993,0.9364
21088,2022-02-24,2238,Hastings and Prince Edward Counties Health Unit,0.0894,435.0,2.58,0.8921,0.95
21089,2022-02-24,2236,Halton Regional Health Unit,0.0678,621.0,1.0,0.6352,0.7708
21090,2022-02-24,2235,"Haliburton, Kawartha, Pine Ridge District Health Unit",0.0913,224.0,1.18,0.7113,0.8566
21091,2022-02-24,2234,Haldimand-Norfolk Health Unit,0.1385,118.0,1.03,0.7948,0.934
21092,2022-02-24,2233,Grey Bruce Health Unit,0.0955,223.0,1.31,0.5743,0.8992
21093,2022-02-24,2258,Eastern Ontario Health Unit,0.1133,198.0,0.95,0.7524,0.905
21094,2022-02-24,2226,District of Algoma Health Unit,0.2018,201.0,1.76,0.8157,0.9146
21095,2022-02-24,3895,City of Toronto Health Unit,0.055,3701.0,1.19,0.6978,0.8205
21096,2022-02-24,2251,City of Ottawa Health Unit,0.1222,684.0,0.65,0.6921,0.8373
21097,2022-02-24,2240,Chatham-Kent Health Unit,0.1247,159.0,1.5,0.826,0.8971
21098,2022-02-24,2227,Brant County Health Unit,0.1075,157.0,1.01,0.7637,0.8469
21099,2022-02-24,2237,City of Hamilton Health Unit,0.0847,657.0,1.11,0.7842,0.8678
21100,2022-02-24,2230,Durham Regional Health Unit,0.077,877.0,1.23,0.7124,0.8278
21101,2022-02-24,2241,"Kingston, Frontenac and Lennox and Addington Health Unit",0.1429,436.0,2.05,0.8973,0.9349
21102,2022-02-24,2246,Niagara Regional Area Health Unit,0.095,594.0,1.26,0.722,0.8324
21103,2022-02-24,2253,Peel Regional Health Unit,0.0448,1674.0,1.04,0.6558,0.7984
21104,2022-02-24,2263,Timiskaming Health Unit,0.0615,44.0,1.35,0.451,0.727
21105,2022-02-24,2270,York Regional Health Unit,0.0651,1183.0,0.97,0.6587,0.7907
21106,2022-02-23,2270,York Regional Health Unit,0.0653,1188.0,0.97,0.6607,0.7786
21107,2022-02-23,2266,Wellington-Dufferin-Guelph Health Unit,0.0905,314.0,1.01,0.7007,0.8536
21108,2022-02-23,2265,Waterloo Health Unit,0.0838,600.0,1.03,0.5951,0.8439
21109,2022-02-23,2263,Timiskaming Health Unit,0.0471,42.0,1.3,0.5138,0.7815
21110,2022-02-23,2262,Thunder Bay District Health Unit,0.1582,293.0,1.95,0.8452,0.9252
21111,2022-02-23,2261,Sudbury and District Health Unit,0.1227,505.0,2.54,0.637,0.9276
21112,2022-02-23,4913,Southwestern Public Health,0.1066,234.0,1.11,0.7986,0.9174
21113,2022-02-23,2260,Simcoe Muskoka District Health Unit,0.0795,677.0,1.13,0.7384,0.8483
21114,2022-02-23,2256,Porcupine Health Unit,0.1775,194.0,2.32,0.636,0.7917
21115,2022-02-23,2255,Peterborough County-City Health Unit,0.1241,188.0,1.27,0.8481,0.9062
21116,2022-02-23,2253,Peel Regional Health Unit,0.0466,1699.0,1.06,0.6662,0.7847
21117,2022-02-23,2249,Northwestern Health Unit,0.2914,172.0,1.96,0.7045,0.8909
21118,2022-02-23,2247,North Bay Parry Sound District Health Unit,0.1797,181.0,1.4,0.8786,0.9262
21119,2022-02-23,2246,Niagara Regional Area Health Unit,0.0976,606.0,1.28,0.7376,0.8289
21120,2022-02-23,2243,"Leeds, Grenville and Lanark District Health Unit",0.1603,171.0,0.99,0.8057,0.9055
21121,2022-02-23,2242,Lambton Health Unit,0.126,154.0,1.18,0.5636,0.8909
21122,2022-02-23,2241,"Kingston, Frontenac and Lennox and Addington Health Unit",0.1356,423.0,1.99,0.91,0.9411
21123,2022-02-23,5183,Huron Perth Health Unit,0.0776,210.0,1.5,0.7235,0.9191
21124,2022-02-23,2238,Hastings and Prince Edward Counties Health Unit,0.0933,420.0,2.49,0.9132,0.9525
21125,2022-02-23,2236,Halton Regional Health Unit,0.0675,606.0,0.98,0.6336,0.7519
21126,2022-02-23,2235,"Haliburton, Kawartha, Pine Ridge District Health Unit",0.0963,229.0,1.21,0.7148,0.8511
21127,2022-02-23,2233,Grey Bruce Health Unit,0.0968,221.0,1.3,0.6133,0.908
21128,2022-02-23,2258,Eastern Ontario Health Unit,0.1117,199.0,0.96,0.7498,0.8987
21129,2022-02-23,2230,Durham Regional Health Unit,0.0767,883.0,1.24,0.7215,0.8259
21130,2022-02-23,3895,City of Toronto Health Unit,0.0543,3706.0,1.19,0.6975,0.8061
21131,2022-02-23,2251,City of Ottawa Health Unit,0.1173,671.0,0.64,0.7083,0.8428
21132,2022-02-23,2237,City of Hamilton Health Unit,0.0865,654.0,1.1,0.7863,0.8583
21133,2022-02-23,2227,Brant County Health Unit,0.1029,158.0,1.02,0.764,0.8485
21134,2022-02-23,2240,Chatham-Kent Health Unit,0.1201,155.0,1.45,0.8319,0.9145
21135,2022-02-23,2226,District of Algoma Health Unit,0.1856,222.0,1.94,0.8359,0.9079
21136,2022-02-23,2234,Haldimand-Norfolk Health Unit,0.1378,121.0,1.06,0.7793,0.9186
21137,2022-02-23,2244,Middlesex-London Health Unit,0.0847,602.0,1.19,0.7783,0.8863
21138,2022-02-23,35,Ontario,0.0872,17542.0,1.18,0.7141,0.8384
21139,2022-02-23,2257,Renfrew County and District Health Unit,0.1028,88.0,0.81,0.6273,0.89
21140,2022-02-23,2268,Windsor-Essex County Health Unit,0.1265,550.0,1.29,0.6814,0.8224
21141,2022-02-22,2270,York Regional Health Unit,0.0664,1164.0,0.95,0.6423,0.7718
21142,2022-02-22,2268,Windsor-Essex County Health Unit,0.1234,558.0,1.31,0.6331,0.7986
21143,2022-02-22,2266,Wellington-Dufferin-Guelph Health Unit,0.0864,309.0,0.99,0.6642,0.8445
21144,2022-02-22,2265,Waterloo Health Unit,0.0823,584.0,1.0,0.5748,0.8333
21145,2022-02-22,2263,Timiskaming Health Unit,0.0499,52.0,1.58,0.5541,0.8074
21146,2022-02-22,2262,Thunder Bay District Health Unit,0.1668,301.0,2.01,0.8258,0.915
21147,2022-02-22,4913,Southwestern Public Health,0.1036,236.0,1.12,0.7767,0.9079
21148,2022-02-22,2260,Simcoe Muskoka District Health Unit,0.0832,670.0,1.12,0.7218,0.8375
21149,2022-02-22,2257,Renfrew County and District Health Unit,0.0965,90.0,0.83,0.6798,0.902
21150,2022-02-22,2255,Peterborough County-City Health Unit,0.1189,166.0,1.12,0.8311,0.901
21151,2022-02-22,2253,Peel Regional Health Unit,0.0501,1681.0,1.05,0.6535,0.7684
21152,2022-02-22,35,Ontario,0.0883,17413.0,1.17,0.6971,0.8278
21153,2022-02-22,2247,North Bay Parry Sound District Health Unit,0.18,186.0,1.43,0.8635,0.9196
21154,2022-02-22,2246,Niagara Regional Area Health Unit,0.1022,576.0,1.22,0.721,0.8155
21155,2022-02-22,2244,Middlesex-London Health Unit,0.0843,613.0,1.21,0.761,0.872
21156,2022-02-22,2243,"Leeds, Grenville and Lanark District Health Unit",0.1597,170.0,0.98,0.814,0.9083
21157,2022-02-22,2242,Lambton Health Unit,0.1356,158.0,1.21,0.5454,0.9092
21158,2022-02-22,2241,"Kingston, Frontenac and Lennox and Addington Health Unit",0.1282,409.0,1.92,0.8981,0.9306
21159,2022-02-22,5183,Huron Perth Health Unit,0.0831,205.0,1.46,0.7057,0.9057
21160,2022-02-22,2236,Halton Regional Health Unit,0.0666,592.0,0.96,0.6044,0.7201
21161,2022-02-22,2235,"Haliburton, Kawartha, Pine Ridge District Health Unit",0.0984,229.0,1.21,0.7097,0.8497
21162,2022-02-22,2234,Haldimand-Norfolk Health Unit,0.1476,117.0,1.03,0.7614,0.9209
21163,2022-02-22,2258,Eastern Ontario Health Unit,0.1175,192.0,0.92,0.7654,0.9018
21164,2022-02-22,2230,Durham Regional Health Unit,0.0775,882.0,1.24,0.7215,0.8368
21165,2022-02-22,2226,District of Algoma Health Unit,0.1993,231.0,2.02,0.7606,0.8874
21166,2022-02-22,2251,City of Ottawa Health Unit,0.1193,666.0,0.63,0.6822,0.83
21167,2022-02-22,2237,City of Hamilton Health Unit,0.0898,646.0,1.09,0.7697,0.8431
21168,2022-02-22,2240,Chatham-Kent Health Unit,0.1272,147.0,1.38,0.7973,0.9044
21169,2022-02-22,2227,Brant County Health Unit,0.0975,158.0,1.02,0.7192,0.8477
21170,2022-02-22,3895,City of Toronto Health Unit,0.0554,3644.0,1.17,0.6926,0.7985
21171,2022-02-22,2233,Grey Bruce Health Unit,0.0872,234.0,1.38,0.5968,0.8955
21172,2022-02-22,2238,Hastings and Prince Edward Counties Health Unit,0.086,455.0,2.7,0.8966,0.9402
21173,2022-02-22,2249,Northwestern Health Unit,0.286,173.0,1.97,0.6957,0.8757
21174,2022-02-22,2256,Porcupine Health Unit,0.1781,210.0,2.52,0.5805,0.7478
21175,2022-02-22,2261,Sudbury and District Health Unit,0.1186,506.0,2.54,0.6297,0.9208
21176,2022-02-21,2270,York Regional Health Unit,0.065,1153.0,0.94,0.636,0.7726
21177,2022-02-21,2268,Windsor-Essex County Health Unit,0.1259,553.0,1.3,0.63,0.7972
21178,2022-02-21,2266,Wellington-Dufferin-Guelph Health Unit,0.0882,287.0,0.92,0.6819,0.8523
21179,2022-02-21,2263,Timiskaming Health Unit,0.0504,57.0,1.74,0.6488,0.8544
21180,2022-02-21,2262,Thunder Bay District Health Unit,0.1706,302.0,2.02,0.8304,0.9092
21181,2022-02-21,2261,Sudbury and District Health Unit,0.1092,485.0,2.44,0.6186,0.9113
21182,2022-02-21,2260,Simcoe Muskoka District Health Unit,0.0801,661.0,1.1,0.7108,0.8383
21183,2022-02-21,2257,Renfrew County and District Health Unit,0.0952,99.0,0.91,0.7068,0.8926
21184,2022-02-21,2256,Porcupine Health Unit,0.1947,200.0,2.4,0.6293,0.723
21185,2022-02-21,2253,Peel Regional Health Unit,0.0519,1636.0,1.02,0.6576,0.7742
21186,2022-02-21,35,Ontario,0.089,16909.0,1.14,0.7008,0.8317
21187,2022-02-21,2249,Northwestern Health Unit,0.2869,169.0,1.93,0.6992,0.8852
21188,2022-02-21,2247,North Bay Parry Sound District Health Unit,0.1598,194.0,1.5,0.8678,0.9231
21189,2022-02-21,2246,Niagara Regional Area Health Unit,0.107,565.0,1.19,0.724,0.8213
21190,2022-02-21,2244,Middlesex-London Health Unit,0.0829,608.0,1.2,0.7626,0.8797
21191,2022-02-21,2243,"Leeds, Grenville and Lanark District Health Unit",0.1546,164.0,0.95,0.7962,0.9137
21192,2022-02-21,2241,"Kingston, Frontenac and Lennox and Addington Health Unit",0.1276,379.0,1.78,0.898,0.9349
21193,2022-02-21,5183,Huron Perth Health Unit,0.0877,194.0,1.39,0.7306,0.9166
21194,2022-02-21,2238,Hastings and Prince Edward Counties Health Unit,0.0924,400.0,2.38,0.896,0.9431
21195,2022-02-21,2235,"Haliburton, Kawartha, Pine Ridge District Health Unit",0.0956,226.0,1.19,0.7187,0.8684
21196,2022-02-21,2234,Haldimand-Norfolk Health Unit,0.1434,114.0,1.0,0.7631,0.9218
21197,2022-02-21,2233,Grey Bruce Health Unit,0.0837,218.0,1.29,0.5885,0.8915
21198,2022-02-21,2230,Durham Regional Health Unit,0.0805,852.0,1.2,0.7275,0.8418
21199,2022-02-21,2226,District of Algoma Health Unit,0.2044,212.0,1.86,0.7574,0.8927
21200,2022-02-21,3895,City of Toronto Health Unit,0.0584,3533.0,1.13,0.692,0.8001
21201,2022-02-21,2251,City of Ottawa Health Unit,0.1184,643.0,0.61,0.7026,0.8362
21202,2022-02-21,2237,City of Hamilton Health Unit,0.0939,616.0,1.04,0.7678,0.8448
21203,2022-02-21,2240,Chatham-Kent Health Unit,0.1161,149.0,1.4,0.8,0.9094
21204,2022-02-21,2227,Brant County Health Unit,0.101,157.0,1.01,0.7336,0.8617
21205,2022-02-21,2258,Eastern Ontario Health Unit,0.1145,182.0,0.87,0.8037,0.9183
21206,2022-02-21,2236,Halton Regional Health Unit,0.0665,561.0,0.91,0.6002,0.7254
21207,2022-02-21,2242,Lambton Health Unit,0.1303,155.0,1.18,0.5253,0.9039
21208,2022-02-21,2255,Peterborough County-City Health Unit,0.1132,156.0,1.06,0.8311,0.9062
21209,2022-02-21,4913,Southwestern Public Health,0.1004,235.0,1.11,0.7906,0.9149
21210,2022-02-21,2265,Waterloo Health Unit,0.0854,592.0,1.01,0.5784,0.8366
21211,2022-02-20,2268,Windsor-Essex County Health Unit,0.1283,556.0,1.31,0.6288,0.8008
21212,2022-02-20,2266,Wellington-Dufferin-Guelph Health Unit,0.0925,309.0,0.99,0.6809,0.8543
21213,2022-02-20,2265,Waterloo Health Unit,0.0874,605.0,1.03,0.5685,0.835
21214,2022-02-20,2262,Thunder Bay District Health Unit,0.1785,315.0,2.1,0.83,0.9051
21215,2022-02-20,2261,Sudbury and District Health Unit,0.108,488.0,2.45,0.6156,0.9106
21216,2022-02-20,4913,Southwestern Public Health,0.0996,258.0,1.22,0.7793,0.911
21217,2022-02-20,2257,Renfrew County and District Health Unit,0.0813,102.0,0.94,0.7125,0.8951
21218,2022-02-20,2256,Porcupine Health Unit,0.2025,220.0,2.64,0.6417,0.7366
21219,2022-02-20,2255,Peterborough County-City Health Unit,0.1114,164.0,1.11,0.826,0.9063
21220,2022-02-20,2253,Peel Regional Health Unit,0.0549,1675.0,1.04,0.6398,0.7693
21221,2022-02-20,35,Ontario,0.0918,17622.0,1.19,0.6939,0.8329
21222,2022-02-20,2249,Northwestern Health Unit,0.2747,182.0,2.08,0.701,0.8873
21223,2022-02-20,2247,North Bay Parry Sound District Health Unit,0.1512,207.0,1.59,0.8746,0.9263
21224,2022-02-20,2244,Middlesex-London Health Unit,0.0911,633.0,1.25,0.7572,0.8833
21225,2022-02-20,2243,"Leeds, Grenville and Lanark District Health Unit",0.1602,170.0,0.98,0.7722,0.9162
21226,2022-02-20,2242,Lambton Health Unit,0.1488,166.0,1.27,0.5401,0.8927
21227,2022-02-20,5183,Huron Perth Health Unit,0.0862,217.0,1.55,0.7288,0.9171
21228,2022-02-20,2238,Hastings and Prince Edward Counties Health Unit,0.0968,428.0,2.54,0.8943,0.9463
21229,2022-02-20,2236,Halton Regional Health Unit,0.0699,558.0,0.9,0.5786,0.7195
21230,2022-02-20,2234,Haldimand-Norfolk Health Unit,0.1386,126.0,1.1,0.773,0.9247
21231,2022-02-20,2233,Grey Bruce Health Unit,0.0897,218.0,1.28,0.5725,0.8947
21232,2022-02-20,2258,Eastern Ontario Health Unit,0.114,218.0,1.04,0.7953,0.9085
21233,2022-02-20,2230,Durham Regional Health Unit,0.084,882.0,1.24,0.7231,0.8469
21234,2022-02-20,2226,District of Algoma Health Unit,0.1971,236.0,2.06,0.7525,0.8882
21235,2022-02-20,3895,City of Toronto Health Unit,0.0606,3608.0,1.16,0.6827,0.8012
21236,2022-02-20,2251,City of Ottawa Health Unit,0.1142,684.0,0.65,0.6995,0.8452
21237,2022-02-20,2240,Chatham-Kent Health Unit,0.134,160.0,1.5,0.7974,0.9078
21238,2022-02-20,2227,Brant County Health Unit,0.1028,186.0,1.2,0.7485,0.8705
21239,2022-02-20,2237,City of Hamilton Health Unit,0.0978,649.0,1.1,0.7664,0.8516
21240,2022-02-20,2235,"Haliburton, Kawartha, Pine Ridge District Health Unit",0.1063,246.0,1.3,0.7102,0.8759
21241,2022-02-20,2241,"Kingston, Frontenac and Lennox and Addington Health Unit",0.123,410.0,1.93,0.8977,0.9383
21242,2022-02-20,2246,Niagara Regional Area Health Unit,0.1106,584.0,1.24,0.7243,0.8304
21243,2022-02-20,2260,Simcoe Muskoka District Health Unit,0.0832,692.0,1.15,0.6986,0.8383
21244,2022-02-20,2263,Timiskaming Health Unit,0.0443,68.0,2.07,0.6255,0.858
21245,2022-02-20,2270,York Regional Health Unit,0.0661,1194.0,0.97,0.6213,0.7697
21246,2022-02-19,2270,York Regional Health Unit,0.0684,1199.0,0.98,0.6406,0.7932
21247,2022-02-19,2266,Wellington-Dufferin-Guelph Health Unit,0.097,308.0,0.99,0.6743,0.8581
21248,2022-02-19,2265,Waterloo Health Unit,0.0893,600.0,1.03,0.6088,0.837
21249,2022-02-19,2263,Timiskaming Health Unit,0.0438,68.0,2.09,0.6345,0.8613
21250,2022-02-19,2261,Sudbury and District Health Unit,0.1075,482.0,2.42,0.6814,0.9244
21251,2022-02-19,4913,Southwestern Public Health,0.0991,257.0,1.21,0.7701,0.9104
21252,2022-02-19,2260,Simcoe Muskoka District Health Unit,0.0846,696.0,1.16,0.7036,0.8558
21253,2022-02-19,2257,Renfrew County and District Health Unit,0.0788,103.0,0.95,0.6942,0.9201
21254,2022-02-19,2256,Porcupine Health Unit,0.2059,212.0,2.54,0.6457,0.742
21255,2022-02-19,2255,Peterborough County-City Health Unit,0.1143,169.0,1.14,0.8429,0.9262
21256,2022-02-19,2253,Peel Regional Health Unit,0.0563,1688.0,1.05,0.6539,0.7879
21257,2022-02-19,2249,Northwestern Health Unit,0.2647,192.0,2.18,0.6888,0.8696
21258,2022-02-19,2247,North Bay Parry Sound District Health Unit,0.1488,201.0,1.55,0.8696,0.927
21259,2022-02-19,2246,Niagara Regional Area Health Unit,0.1114,581.0,1.23,0.7264,0.835
21260,2022-02-19,2243,"Leeds, Grenville and Lanark District Health Unit",0.1605,166.0,0.96,0.7811,0.9117
21261,2022-02-19,2242,Lambton Health Unit,0.1466,164.0,1.25,0.5684,0.8976
21262,2022-02-19,2241,"Kingston, Frontenac and Lennox and Addington Health Unit",0.124,414.0,1.94,0.9043,0.9436
21263,2022-02-19,2238,Hastings and Prince Edward Counties Health Unit,0.0973,427.0,2.54,0.8971,0.9489
21264,2022-02-19,2236,Halton Regional Health Unit,0.0738,556.0,0.9,0.5824,0.7334
21265,2022-02-19,2235,"Haliburton, Kawartha, Pine Ridge District Health Unit",0.1123,248.0,1.31,0.7125,0.8965
21266,2022-02-19,2234,Haldimand-Norfolk Health Unit,0.1365,121.0,1.06,0.7702,0.919
21267,2022-02-19,2233,Grey Bruce Health Unit,0.0928,219.0,1.29,0.5805,0.9001
21268,2022-02-19,2258,Eastern Ontario Health Unit,0.1169,222.0,1.07,0.7798,0.9115
21269,2022-02-19,2230,Durham Regional Health Unit,0.0863,876.0,1.23,0.7246,0.8576
21270,2022-02-19,3895,City of Toronto Health Unit,0.0621,3616.0,1.16,0.6958,0.8172
21271,2022-02-19,2251,City of Ottawa Health Unit,0.1149,692.0,0.66,0.6994,0.8532
21272,2022-02-19,2237,City of Hamilton Health Unit,0.1013,643.0,1.09,0.7688,0.8579
21273,2022-02-19,2227,Brant County Health Unit,0.1016,191.0,1.23,0.7597,0.878
21274,2022-02-19,2240,Chatham-Kent Health Unit,0.1343,157.0,1.48,0.7958,0.9135
21275,2022-02-19,2226,District of Algoma Health Unit,0.1927,237.0,2.07,0.7594,0.8865
21276,2022-02-19,5183,Huron Perth Health Unit,0.0854,217.0,1.56,0.7399,0.9191
21277,2022-02-19,2244,Middlesex-London Health Unit,0.0936,629.0,1.24,0.7504,0.8896
21278,2022-02-19,35,Ontario,0.093,17640.0,1.19,0.7019,0.843
21279,2022-02-19,2262,Thunder Bay District Health Unit,0.1698,320.0,2.13,0.8311,0.9069
21280,2022-02-19,2268,Windsor-Essex County Health Unit,0.1307,554.0,1.3,0.5846,0.782
21281,2022-02-18,2270,York Regional Health Unit,0.0722,1226.0,1.0,0.6436,0.81
21282,2022-02-18,2268,Windsor-Essex County Health Unit,0.1376,564.0,1.33,0.5893,0.7976
21283,2022-02-18,2265,Waterloo Health Unit,0.0879,601.0,1.03,0.6546,0.8514
21284,2022-02-18,2263,Timiskaming Health Unit,0.0439,68.0,2.09,0.6779,0.9369
21285,2022-02-18,2262,Thunder Bay District Health Unit,0.1698,322.0,2.15,0.847,0.9183
21286,2022-02-18,2261,Sudbury and District Health Unit,0.1055,494.0,2.48,0.6457,0.9069
21287,2022-02-18,4913,Southwestern Public Health,0.1016,253.0,1.2,0.7674,0.9086
21288,2022-02-18,2260,Simcoe Muskoka District Health Unit,0.0854,701.0,1.17,0.7161,0.8743
21289,2022-02-18,2257,Renfrew County and District Health Unit,0.0734,101.0,0.93,0.6891,0.9238
21290,2022-02-18,2255,Peterborough County-City Health Unit,0.1109,169.0,1.14,0.8514,0.9383
21291,2022-02-18,2253,Peel Regional Health Unit,0.0583,1714.0,1.07,0.6525,0.8028
21292,2022-02-18,35,Ontario,0.0937,17820.0,1.2,0.7074,0.8581
21293,2022-02-18,2247,North Bay Parry Sound District Health Unit,0.1405,193.0,1.49,0.8699,0.9357
21294,2022-02-18,2246,Niagara Regional Area Health Unit,0.119,593.0,1.25,0.7363,0.8522
21295,2022-02-18,2244,Middlesex-London Health Unit,0.0987,628.0,1.24,0.7452,0.8977
21296,2022-02-18,2243,"Leeds, Grenville and Lanark District Health Unit",0.1565,166.0,0.96,0.7688,0.9104
21297,2022-02-18,2242,Lambton Health Unit,0.1512,169.0,1.29,0.5596,0.9003
21298,2022-02-18,2241,"Kingston, Frontenac and Lennox and Addington Health Unit",0.1201,409.0,1.92,0.899,0.9473
21299,2022-02-18,5183,Huron Perth Health Unit,0.0895,217.0,1.55,0.7372,0.9225
21300,2022-02-18,2238,Hastings and Prince Edward Counties Health Unit,0.0936,432.0,2.56,0.9043,0.9523
21301,2022-02-18,2236,Halton Regional Health Unit,0.0763,565.0,0.91,0.5818,0.7456
21302,2022-02-18,2235,"Haliburton, Kawartha, Pine Ridge District Health Unit",0.1107,249.0,1.32,0.7491,0.9166
21303,2022-02-18,2234,Haldimand-Norfolk Health Unit,0.133,118.0,1.04,0.757,0.9206
21304,2022-02-18,2258,Eastern Ontario Health Unit,0.117,219.0,1.05,0.7385,0.9202
21305,2022-02-18,2230,Durham Regional Health Unit,0.0847,881.0,1.24,0.7281,0.8744
21306,2022-02-18,2226,District of Algoma Health Unit,0.1887,241.0,2.1,0.7441,0.8964
21307,2022-02-18,2251,City of Ottawa Health Unit,0.1144,688.0,0.65,0.7114,0.8756
21308,2022-02-18,2237,City of Hamilton Health Unit,0.0991,660.0,1.12,0.7733,0.8679
21309,2022-02-18,2240,Chatham-Kent Health Unit,0.1354,156.0,1.47,0.8062,0.9221
21310,2022-02-18,2227,Brant County Health Unit,0.1064,184.0,1.18,0.7531,0.8816
21311,2022-02-18,3895,City of Toronto Health Unit,0.0627,3688.0,1.18,0.7083,0.8422
21312,2022-02-18,2233,Grey Bruce Health Unit,0.1016,226.0,1.33,0.6015,0.9166
21313,2022-02-18,2249,Northwestern Health Unit,0.2657,187.0,2.13,0.6957,0.8773
21314,2022-02-18,2256,Porcupine Health Unit,0.2022,211.0,2.53,0.6836,0.7859
21315,2022-02-18,2266,Wellington-Dufferin-Guelph Health Unit,0.0975,308.0,0.99,0.6782,0.858
21316,2022-02-17,2270,York Regional Health Unit,0.073,1257.0,1.03,0.6574,0.8362
21317,2022-02-17,2268,Windsor-Essex County Health Unit,0.1345,579.0,1.36,0.5717,0.7986
21318,2022-02-17,2266,Wellington-Dufferin-Guelph Health Unit,0.0923,317.0,1.02,0.6756,0.8762
21319,2022-02-17,2265,Waterloo Health Unit,0.0924,609.0,1.04,0.6837,0.8644
21320,2022-02-17,2263,Timiskaming Health Unit,0.0458,69.0,2.1,0.7,0.9326
21321,2022-02-17,2262,Thunder Bay District Health Unit,0.1678,330.0,2.2,0.847,0.9128
21322,2022-02-17,2261,Sudbury and District Health Unit,0.1055,480.0,2.41,0.5995,0.865
21323,2022-02-17,2260,Simcoe Muskoka District Health Unit,0.0894,723.0,1.21,0.7246,0.8922
21324,2022-02-17,2257,Renfrew County and District Health Unit,0.0902,114.0,1.05,0.7176,0.9242
21325,2022-02-17,2256,Porcupine Health Unit,0.1948,216.0,2.59,0.7282,0.8357
21326,2022-02-17,2253,Peel Regional Health Unit,0.0596,1776.0,1.11,0.6597,0.8247
21327,2022-02-17,35,Ontario,0.0937,18246.0,1.23,0.709,0.8678
21328,2022-02-17,2249,Northwestern Health Unit,0.2376,182.0,2.08,0.683,0.8689
21329,2022-02-17,2246,Niagara Regional Area Health Unit,0.1219,608.0,1.29,0.7221,0.8485
21330,2022-02-17,2244,Middlesex-London Health Unit,0.1027,637.0,1.26,0.7555,0.9104
21331,2022-02-17,2243,"Leeds, Grenville and Lanark District Health Unit",0.1584,170.0,0.98,0.7718,0.9103
21332,2022-02-17,2242,Lambton Health Unit,0.1471,169.0,1.29,0.5932,0.9096
21333,2022-02-17,2241,"Kingston, Frontenac and Lennox and Addington Health Unit",0.1162,407.0,1.91,0.8997,0.95
21334,2022-02-17,5183,Huron Perth Health Unit,0.0873,219.0,1.57,0.7575,0.9302
21335,2022-02-17,2238,Hastings and Prince Edward Counties Health Unit,0.0907,432.0,2.56,0.8716,0.9568
21336,2022-02-17,2235,"Haliburton, Kawartha, Pine Ridge District Health Unit",0.1139,252.0,1.33,0.7528,0.9172
21337,2022-02-17,2234,Haldimand-Norfolk Health Unit,0.1404,118.0,1.03,0.7963,0.9241
21338,2022-02-17,2233,Grey Bruce Health Unit,0.1001,234.0,1.38,0.6262,0.9245
21339,2022-02-17,2230,Durham Regional Health Unit,0.0865,891.0,1.25,0.7182,0.8771
21340,2022-02-17,2226,District of Algoma Health Unit,0.1815,246.0,2.15,0.7315,0.8921
21341,2022-02-17,3895,City of Toronto Health Unit,0.0642,3773.0,1.21,0.7114,0.8562
21342,2022-02-17,2237,City of Hamilton Health Unit,0.0949,704.0,1.19,0.771,0.8799
21343,2022-02-17,2240,Chatham-Kent Health Unit,0.1297,163.0,1.53,0.8093,0.9257
21344,2022-02-17,2227,Brant County Health Unit,0.109,187.0,1.21,0.7585,0.8877
21345,2022-02-17,2251,City of Ottawa Health Unit,0.1093,713.0,0.68,0.7113,0.8736
21346,2022-02-17,2258,Eastern Ontario Health Unit,0.123,225.0,1.08,0.7491,0.9199
21347,2022-02-17,2236,Halton Regional Health Unit,0.0797,575.0,0.93,0.5766,0.7539
21348,2022-02-17,2247,North Bay Parry Sound District Health Unit,0.1264,202.0,1.56,0.8682,0.9464
21349,2022-02-17,2255,Peterborough County-City Health Unit,0.1171,173.0,1.17,0.8173,0.9225
21350,2022-02-17,4913,Southwestern Public Health,0.1007,271.0,1.28,0.7758,0.917
21351,2022-02-16,2270,York Regional Health Unit,0.0717,1288.0,1.05,0.6735,0.854
21352,2022-02-16,2268,Windsor-Essex County Health Unit,0.1361,602.0,1.42,0.538,0.7849
21353,2022-02-16,2266,Wellington-Dufferin-Guelph Health Unit,0.0887,319.0,1.02,0.6763,0.8891
21354,2022-02-16,2265,Waterloo Health Unit,0.0967,625.0,1.07,0.7121,0.88
21355,2022-02-16,2262,Thunder Bay District Health Unit,0.1685,342.0,2.28,0.8614,0.925
21356,2022-02-16,2261,Sudbury and District Health Unit,0.1049,507.0,2.55,0.5622,0.8565
21357,2022-02-16,4913,Southwestern Public Health,0.097,284.0,1.34,0.7898,0.9196
21358,2022-02-16,2257,Renfrew County and District Health Unit,0.0925,117.0,1.08,0.7183,0.9284
21359,2022-02-16,2256,Porcupine Health Unit,0.1965,225.0,2.7,0.746,0.8411
21360,2022-02-16,2255,Peterborough County-City Health Unit,0.1249,158.0,1.07,0.7882,0.8977
21361,2022-02-16,35,Ontario,0.0957,18530.0,1.25,0.7132,0.8776
21362,2022-02-16,2249,Northwestern Health Unit,0.2292,171.0,1.96,0.696,0.8532
21363,2022-02-16,2247,North Bay Parry Sound District Health Unit,0.1278,207.0,1.59,0.8529,0.9553
21364,2022-02-16,2246,Niagara Regional Area Health Unit,0.1236,602.0,1.27,0.7268,0.8646
21365,2022-02-16,2244,Middlesex-London Health Unit,0.1072,655.0,1.29,0.7658,0.9096
21366,2022-02-16,2243,"Leeds, Grenville and Lanark District Health Unit",0.1563,167.0,0.97,0.7878,0.935
21367,2022-02-16,2242,Lambton Health Unit,0.1607,180.0,1.38,0.633,0.8982
21368,2022-02-16,5183,Huron Perth Health Unit,0.092,231.0,1.65,0.7492,0.9326
21369,2022-02-16,2238,Hastings and Prince Edward Counties Health Unit,0.0942,425.0,2.52,0.8593,0.9554
21370,2022-02-16,2236,Halton Regional Health Unit,0.0831,579.0,0.94,0.5974,0.7865
21371,2022-02-16,2234,Haldimand-Norfolk Health Unit,0.1274,127.0,1.11,0.7926,0.928
21372,2022-02-16,2233,Grey Bruce Health Unit,0.108,245.0,1.44,0.6367,0.9265
21373,2022-02-16,2258,Eastern Ontario Health Unit,0.1155,252.0,1.21,0.7401,0.9223
21374,2022-02-16,2226,District of Algoma Health Unit,0.1767,245.0,2.14,0.6964,0.8766
21375,2022-02-16,3895,City of Toronto Health Unit,0.0672,3798.0,1.22,0.7283,0.8773
21376,2022-02-16,2251,City of Ottawa Health Unit,0.1036,736.0,0.7,0.7083,0.8743
21377,2022-02-16,2237,City of Hamilton Health Unit,0.0948,713.0,1.2,0.7839,0.898
21378,2022-02-16,2240,Chatham-Kent Health Unit,0.1393,165.0,1.55,0.804,0.9176
21379,2022-02-16,2227,Brant County Health Unit,0.1142,189.0,1.22,0.7838,0.9106
21380,2022-02-16,2230,Durham Regional Health Unit,0.0917,885.0,1.24,0.7023,0.873
21381,2022-02-16,2235,"Haliburton, Kawartha, Pine Ridge District Health Unit",0.1102,252.0,1.33,0.7074,0.9055
21382,2022-02-16,2241,"Kingston, Frontenac and Lennox and Addington Health Unit",0.115,402.0,1.89,0.8902,0.9481
21383,2022-02-16,2253,Peel Regional Health Unit,0.0631,1796.0,1.12,0.6692,0.8451
21384,2022-02-16,2260,Simcoe Muskoka District Health Unit,0.0975,737.0,1.23,0.7368,0.9043
21385,2022-02-16,2263,Timiskaming Health Unit,0.0645,71.0,2.17,0.6973,0.9061
21386,2022-02-15,2270,York Regional Health Unit,0.0754,1316.0,1.07,0.6698,0.8723
21387,2022-02-15,2266,Wellington-Dufferin-Guelph Health Unit,0.0985,332.0,1.06,0.6992,0.9076
21388,2022-02-15,2265,Waterloo Health Unit,0.0991,667.0,1.14,0.7315,0.898
21389,2022-02-15,2263,Timiskaming Health Unit,0.0675,72.0,2.2,0.7312,0.9192
21390,2022-02-15,2261,Sudbury and District Health Unit,0.1077,537.0,2.7,0.5249,0.8613
21391,2022-02-15,4913,Southwestern Public Health,0.0997,288.0,1.36,0.784,0.9278
21392,2022-02-15,2260,Simcoe Muskoka District Health Unit,0.0965,749.0,1.25,0.7466,0.9218
21393,2022-02-15,2256,Porcupine Health Unit,0.1865,230.0,2.75,0.7475,0.8415
21394,2022-02-15,2255,Peterborough County-City Health Unit,0.1204,174.0,1.18,0.8063,0.9108
21395,2022-02-15,2253,Peel Regional Health Unit,0.0673,1832.0,1.14,0.6844,0.8768
21396,2022-02-15,35,Ontario,0.0969,18952.0,1.28,0.7221,0.8965
21397,2022-02-15,2249,Northwestern Health Unit,0.2213,168.0,1.91,0.7022,0.8775
21398,2022-02-15,2247,North Bay Parry Sound District Health Unit,0.1177,205.0,1.58,0.859,0.9601
21399,2022-02-15,2246,Niagara Regional Area Health Unit,0.1206,630.0,1.33,0.7275,0.8786
21400,2022-02-15,2243,"Leeds, Grenville and Lanark District Health Unit",0.1658,174.0,1.0,0.7747,0.9371
21401,2022-02-15,2242,Lambton Health Unit,0.1652,183.0,1.4,0.7124,0.9
21402,2022-02-15,2241,"Kingston, Frontenac and Lennox and Addington Health Unit",0.1075,401.0,1.89,0.8953,0.9543
21403,2022-02-15,2238,Hastings and Prince Edward Counties Health Unit,0.089,413.0,2.45,0.8564,0.9605
21404,2022-02-15,2236,Halton Regional Health Unit,0.0895,588.0,0.95,0.6041,0.8199
21405,2022-02-15,2235,"Haliburton, Kawartha, Pine Ridge District Health Unit",0.1187,254.0,1.34,0.7113,0.9202
21406,2022-02-15,2233,Grey Bruce Health Unit,0.1173,238.0,1.4,0.7058,0.9373
21407,2022-02-15,2258,Eastern Ontario Health Unit,0.1149,251.0,1.2,0.7381,0.9258
21408,2022-02-15,2230,Durham Regional Health Unit,0.0916,884.0,1.24,0.7092,0.8904
21409,2022-02-15,2226,District of Algoma Health Unit,0.1686,238.0,2.08,0.7358,0.8842
21410,2022-02-15,3895,City of Toronto Health Unit,0.0676,3945.0,1.26,0.7354,0.9035
21411,2022-02-15,2251,City of Ottawa Health Unit,0.1042,760.0,0.72,0.7337,0.9015
21412,2022-02-15,2237,City of Hamilton Health Unit,0.093,730.0,1.23,0.7915,0.9148
21413,2022-02-15,2227,Brant County Health Unit,0.1167,191.0,1.23,0.8196,0.9237
21414,2022-02-15,2240,Chatham-Kent Health Unit,0.1533,172.0,1.62,0.8033,0.9121
21415,2022-02-15,2234,Haldimand-Norfolk Health Unit,0.1277,133.0,1.17,0.7815,0.9279
21416,2022-02-15,5183,Huron Perth Health Unit,0.0968,232.0,1.66,0.7162,0.9263
21417,2022-02-15,2244,Middlesex-London Health Unit,0.1133,653.0,1.29,0.7783,0.9251
21418,2022-02-15,2257,Renfrew County and District Health Unit,0.0945,119.0,1.1,0.6806,0.9383
21419,2022-02-15,2262,Thunder Bay District Health Unit,0.1637,340.0,2.27,0.8819,0.9367
21420,2022-02-15,2268,Windsor-Essex County Health Unit,0.1402,610.0,1.44,0.572,0.8084
21421,2022-02-14,2270,York Regional Health Unit,0.078,1304.0,1.06,0.6834,0.8896
21422,2022-02-14,2268,Windsor-Essex County Health Unit,0.1436,635.0,1.49,0.565,0.8073
21423,2022-02-14,2265,Waterloo Health Unit,0.1004,670.0,1.15,0.751,0.9099
21424,2022-02-14,2263,Timiskaming Health Unit,0.0677,76.0,2.33,0.7042,0.9034
21425,2022-02-14,2262,Thunder Bay District Health Unit,0.1707,340.0,2.27,0.8923,0.9402
21426,2022-02-14,4913,Southwestern Public Health,0.1049,283.0,1.34,0.7923,0.9303
21427,2022-02-14,2260,Simcoe Muskoka District Health Unit,0.0977,767.0,1.28,0.775,0.934
21428,2022-02-14,2257,Renfrew County and District Health Unit,0.1108,111.0,1.02,0.6822,0.9401
21429,2022-02-14,2256,Porcupine Health Unit,0.1855,232.0,2.78,0.7264,0.8221
21430,2022-02-14,2255,Peterborough County-City Health Unit,0.1149,180.0,1.22,0.8,0.91
21431,2022-02-14,2253,Peel Regional Health Unit,0.0705,1884.0,1.17,0.6898,0.8928
21432,2022-02-14,35,Ontario,0.0989,19338.0,1.3,0.731,0.9042
21433,2022-02-14,2247,North Bay Parry Sound District Health Unit,0.1277,213.0,1.64,0.8826,0.9685
21434,2022-02-14,2246,Niagara Regional Area Health Unit,0.1258,642.0,1.36,0.7334,0.8836
21435,2022-02-14,2244,Middlesex-London Health Unit,0.1242,657.0,1.29,0.7877,0.9322
21436,2022-02-14,2242,Lambton Health Unit,0.1941,185.0,1.42,0.7504,0.9158
21437,2022-02-14,2241,"Kingston, Frontenac and Lennox and Addington Health Unit",0.0989,399.0,1.87,0.8956,0.951
21438,2022-02-14,5183,Huron Perth Health Unit,0.1028,220.0,1.57,0.7425,0.9331
21439,2022-02-14,2236,Halton Regional Health Unit,0.0885,597.0,0.97,0.6152,0.8364
21440,2022-02-14,2235,"Haliburton, Kawartha, Pine Ridge District Health Unit",0.114,282.0,1.49,0.7211,0.9175
21441,2022-02-14,2234,Haldimand-Norfolk Health Unit,0.1288,135.0,1.19,0.7208,0.8692
21442,2022-02-14,2233,Grey Bruce Health Unit,0.1166,250.0,1.47,0.6987,0.937
21443,2022-02-14,2258,Eastern Ontario Health Unit,0.1254,260.0,1.24,0.7373,0.9288
21444,2022-02-14,2230,Durham Regional Health Unit,0.0924,909.0,1.28,0.6948,0.8821
21445,2022-02-14,2226,District of Algoma Health Unit,0.1775,257.0,2.24,0.7449,0.8891
21446,2022-02-14,2251,City of Ottawa Health Unit,0.1006,781.0,0.74,0.7534,0.9113
21447,2022-02-14,2237,City of Hamilton Health Unit,0.0923,768.0,1.3,0.8118,0.9264
21448,2022-02-14,2240,Chatham-Kent Health Unit,0.1653,169.0,1.59,0.8042,0.9127
21449,2022-02-14,2227,Brant County Health Unit,0.1126,192.0,1.23,0.7977,0.9131
21450,2022-02-14,3895,City of Toronto Health Unit,0.0671,4014.0,1.29,0.746,0.9149
21451,2022-02-14,2238,Hastings and Prince Edward Counties Health Unit,0.0925,418.0,2.48,0.8704,0.9636
21452,2022-02-14,2243,"Leeds, Grenville and Lanark District Health Unit",0.1717,176.0,1.01,0.7957,0.9344
21453,2022-02-14,2249,Northwestern Health Unit,0.2161,167.0,1.9,0.7347,0.8947
21454,2022-02-14,2261,Sudbury and District Health Unit,0.1069,581.0,2.92,0.5441,0.8734
21455,2022-02-14,2266,Wellington-Dufferin-Guelph Health Unit,0.1013,343.0,1.1,0.7064,0.9146
21456,2022-02-13,2270,York Regional Health Unit,0.0798,1356.0,1.11,0.6983,0.9032
21457,2022-02-13,2268,Windsor-Essex County Health Unit,0.1471,658.0,1.55,0.5667,0.8183
21458,2022-02-13,2266,Wellington-Dufferin-Guelph Health Unit,0.1027,349.0,1.12,0.7056,0.9154
21459,2022-02-13,2263,Timiskaming Health Unit,0.0739,72.0,2.19,0.7041,0.8743
21460,2022-02-13,2262,Thunder Bay District Health Unit,0.1607,362.0,2.41,0.8946,0.938
21461,2022-02-13,2261,Sudbury and District Health Unit,0.1001,664.0,3.33,0.5247,0.8668
21462,2022-02-13,4913,Southwestern Public Health,0.1101,296.0,1.4,0.8095,0.9385
21463,2022-02-13,2260,Simcoe Muskoka District Health Unit,0.0989,819.0,1.37,0.7845,0.9449
21464,2022-02-13,2257,Renfrew County and District Health Unit,0.131,117.0,1.07,0.6639,0.9363
21465,2022-02-13,2256,Porcupine Health Unit,0.1707,225.0,2.7,0.7242,0.8234
21466,2022-02-13,2253,Peel Regional Health Unit,0.0746,1939.0,1.21,0.7014,0.913
21467,2022-02-13,35,Ontario,0.1004,20077.0,1.35,0.7374,0.9131
21468,2022-02-13,2249,Northwestern Health Unit,0.2189,180.0,2.05,0.7323,0.8886
21469,2022-02-13,2246,Niagara Regional Area Health Unit,0.1292,648.0,1.37,0.7419,0.8933
21470,2022-02-13,2244,Middlesex-London Health Unit,0.1304,677.0,1.33,0.8,0.9372
21471,2022-02-13,2243,"Leeds, Grenville and Lanark District Health Unit",0.1673,178.0,1.03,0.8127,0.9365
21472,2022-02-13,2241,"Kingston, Frontenac and Lennox and Addington Health Unit",0.1027,398.0,1.87,0.8933,0.9551
21473,2022-02-13,5183,Huron Perth Health Unit,0.1029,239.0,1.71,0.755,0.9344
21474,2022-02-13,2238,Hastings and Prince Edward Counties Health Unit,0.0977,441.0,2.62,0.8728,0.9647
21475,2022-02-13,2236,Halton Regional Health Unit,0.0925,612.0,0.99,0.6338,0.8597
21476,2022-02-13,2235,"Haliburton, Kawartha, Pine Ridge District Health Unit",0.1057,283.0,1.5,0.7225,0.9162
21477,2022-02-13,2234,Haldimand-Norfolk Health Unit,0.1421,140.0,1.22,0.7255,0.8741
21478,2022-02-13,2233,Grey Bruce Health Unit,0.1238,244.0,1.43,0.7165,0.9441
21479,2022-02-13,2230,Durham Regional Health Unit,0.0957,930.0,1.31,0.6979,0.8893
21480,2022-02-13,2226,District of Algoma Health Unit,0.1703,252.0,2.2,0.7381,0.8851
21481,2022-02-13,3895,City of Toronto Health Unit,0.0682,4155.0,1.33,0.7538,0.9271
21482,2022-02-13,2237,City of Hamilton Health Unit,0.0916,826.0,1.4,0.8237,0.9346
21483,2022-02-13,2240,Chatham-Kent Health Unit,0.1733,166.0,1.56,0.8194,0.9231
21484,2022-02-13,2227,Brant County Health Unit,0.12,174.0,1.12,0.8108,0.9201
21485,2022-02-13,2251,City of Ottawa Health Unit,0.1067,837.0,0.79,0.7509,0.9196
21486,2022-02-13,2258,Eastern Ontario Health Unit,0.1281,269.0,1.29,0.7374,0.9442
21487,2022-02-13,2242,Lambton Health Unit,0.1981,198.0,1.51,0.7489,0.9277
21488,2022-02-13,2247,North Bay Parry Sound District Health Unit,0.1186,241.0,1.86,0.8783,0.9668
21489,2022-02-13,2255,Peterborough County-City Health Unit,0.1057,186.0,1.26,0.8015,0.9113
21490,2022-02-13,2265,Waterloo Health Unit,0.0991,702.0,1.2,0.7674,0.912
21491,2022-02-12,2268,Windsor-Essex County Health Unit,0.1527,663.0,1.56,0.5537,0.812
21492,2022-02-12,2266,Wellington-Dufferin-Guelph Health Unit,0.104,348.0,1.11,0.7109,0.916
21493,2022-02-12,2265,Waterloo Health Unit,0.0976,723.0,1.24,0.7657,0.9131
21494,2022-02-12,2263,Timiskaming Health Unit,0.0794,72.0,2.2,0.7046,0.8764
21495,2022-02-12,2262,Thunder Bay District Health Unit,0.168,360.0,2.4,0.8707,0.9332
21496,2022-02-12,2261,Sudbury and District Health Unit,0.0972,691.0,3.47,0.4904,0.8747
21497,2022-02-12,4913,Southwestern Public Health,0.1132,297.0,1.4,0.808,0.9433
21498,2022-02-12,2257,Renfrew County and District Health Unit,0.1384,119.0,1.09,0.7013,0.9362
21499,2022-02-12,2256,Porcupine Health Unit,0.1673,225.0,2.7,0.7303,0.8322
21500,2022-02-12,2255,Peterborough County-City Health Unit,0.1026,187.0,1.26,0.7912,0.9091
21501,2022-02-12,35,Ontario,0.1022,20218.0,1.36,0.7338,0.9144
21502,2022-02-12,2249,Northwestern Health Unit,0.225,173.0,1.97,0.7521,0.8949
21503,2022-02-12,2247,North Bay Parry Sound District Health Unit,0.1195,249.0,1.92,0.8782,0.9695
21504,2022-02-12,2244,Middlesex-London Health Unit,0.1323,683.0,1.34,0.7903,0.94
21505,2022-02-12,2243,"Leeds, Grenville and Lanark District Health Unit",0.1702,177.0,1.02,0.8069,0.9343
21506,2022-02-12,2242,Lambton Health Unit,0.1991,199.0,1.52,0.7155,0.9243
21507,2022-02-12,2241,"Kingston, Frontenac and Lennox and Addington Health Unit",0.1077,393.0,1.85,0.8963,0.9568
21508,2022-02-12,5183,Huron Perth Health Unit,0.1027,237.0,1.69,0.7208,0.9391
21509,2022-02-12,2238,Hastings and Prince Edward Counties Health Unit,0.1007,436.0,2.59,0.8801,0.967
21510,2022-02-12,2236,Halton Regional Health Unit,0.092,614.0,0.99,0.6456,0.8705
21511,2022-02-12,2234,Haldimand-Norfolk Health Unit,0.141,150.0,1.31,0.735,0.8809
21512,2022-02-12,2233,Grey Bruce Health Unit,0.1208,252.0,1.48,0.7203,0.9465
21513,2022-02-12,2258,Eastern Ontario Health Unit,0.1306,272.0,1.3,0.742,0.9451
21514,2022-02-12,2226,District of Algoma Health Unit,0.1699,258.0,2.26,0.7055,0.8651
21515,2022-02-12,3895,City of Toronto Health Unit,0.0705,4136.0,1.33,0.7496,0.928
21516,2022-02-12,2251,City of Ottawa Health Unit,0.1091,831.0,0.79,0.7526,0.9173
21517,2022-02-12,2240,Chatham-Kent Health Unit,0.1876,168.0,1.58,0.8052,0.9184
21518,2022-02-12,2227,Brant County Health Unit,0.1197,174.0,1.12,0.8008,0.9171
21519,2022-02-12,2237,City of Hamilton Health Unit,0.0961,862.0,1.46,0.833,0.9402
21520,2022-02-12,2230,Durham Regional Health Unit,0.0966,935.0,1.31,0.7004,0.8924
21521,2022-02-12,2235,"Haliburton, Kawartha, Pine Ridge District Health Unit",0.0992,274.0,1.45,0.7313,0.912
21522,2022-02-12,2246,Niagara Regional Area Health Unit,0.134,647.0,1.37,0.7311,0.8858
21523,2022-02-12,2253,Peel Regional Health Unit,0.0759,1979.0,1.23,0.7103,0.9183
21524,2022-02-12,2270,York Regional Health Unit,0.0822,1375.0,1.12,0.6911,0.9055
21525,2022-02-12,2260,Simcoe Muskoka District Health Unit,0.0984,824.0,1.37,0.7881,0.9434
21526,2022-02-11,2270,York Regional Health Unit,0.0833,1366.0,1.11,0.6954,0.9161
21527,2022-02-11,2268,Windsor-Essex County Health Unit,0.158,668.0,1.57,0.5677,0.8205
21528,2022-02-11,2266,Wellington-Dufferin-Guelph Health Unit,0.1071,354.0,1.13,0.7261,0.9318
21529,2022-02-11,2265,Waterloo Health Unit,0.1022,719.0,1.23,0.7753,0.9206
21530,2022-02-11,2263,Timiskaming Health Unit,0.0876,72.0,2.19,0.7148,0.8796
21531,2022-02-11,2261,Sudbury and District Health Unit,0.0957,726.0,3.65,0.544,0.9035
21532,2022-02-11,4913,Southwestern Public Health,0.1181,300.0,1.42,0.8206,0.9548
21533,2022-02-11,2260,Simcoe Muskoka District Health Unit,0.1012,843.0,1.41,0.8025,0.9502
21534,2022-02-11,2256,Porcupine Health Unit,0.1597,236.0,2.83,0.7474,0.8469
21535,2022-02-11,2255,Peterborough County-City Health Unit,0.1017,180.0,1.22,0.7827,0.9115
21536,2022-02-11,2253,Peel Regional Health Unit,0.0776,2009.0,1.25,0.7334,0.9311
21537,2022-02-11,2249,Northwestern Health Unit,0.2211,172.0,1.96,0.7575,0.8946
21538,2022-02-11,2247,North Bay Parry Sound District Health Unit,0.1231,250.0,1.92,0.8846,0.9709
21539,2022-02-11,2246,Niagara Regional Area Health Unit,0.1368,634.0,1.34,0.7171,0.8863
21540,2022-02-11,2244,Middlesex-London Health Unit,0.1322,696.0,1.37,0.7818,0.9467
21541,2022-02-11,2243,"Leeds, Grenville and Lanark District Health Unit",0.1713,174.0,1.01,0.8288,0.9387
21542,2022-02-11,2242,Lambton Health Unit,0.2073,198.0,1.52,0.761,0.9298
21543,2022-02-11,2241,"Kingston, Frontenac and Lennox and Addington Health Unit",0.1049,400.0,1.88,0.9078,0.9608
21544,2022-02-11,2238,Hastings and Prince Edward Counties Health Unit,0.0998,455.0,2.7,0.8554,0.9728
21545,2022-02-11,2236,Halton Regional Health Unit,0.0979,619.0,1.0,0.6591,0.8821
21546,2022-02-11,2235,"Haliburton, Kawartha, Pine Ridge District Health Unit",0.1015,272.0,1.44,0.7303,0.9134
21547,2022-02-11,2233,Grey Bruce Health Unit,0.1098,260.0,1.53,0.7625,0.9431
21548,2022-02-11,2258,Eastern Ontario Health Unit,0.1375,282.0,1.35,0.7246,0.9407
21549,2022-02-11,2230,Durham Regional Health Unit,0.0981,951.0,1.33,0.7114,0.8968
21550,2022-02-11,2226,District of Algoma Health Unit,0.1659,263.0,2.29,0.7318,0.8683
21551,2022-02-11,3895,City of Toronto Health Unit,0.0734,4106.0,1.32,0.7639,0.9358
21552,2022-02-11,2251,City of Ottawa Health Unit,0.1123,860.0,0.82,0.7606,0.9244
21553,2022-02-11,2237,City of Hamilton Health Unit,0.1025,862.0,1.45,0.8317,0.946
21554,2022-02-11,2240,Chatham-Kent Health Unit,0.1959,168.0,1.58,0.8084,0.9234
21555,2022-02-11,2227,Brant County Health Unit,0.1196,174.0,1.12,0.8009,0.9194
21556,2022-02-11,2234,Haldimand-Norfolk Health Unit,0.152,149.0,1.31,0.7452,0.8831
21557,2022-02-11,5183,Huron Perth Health Unit,0.1005,237.0,1.7,0.7531,0.9437
21558,2022-02-11,35,Ontario,0.1045,20384.0,1.37,0.7456,0.9225
21559,2022-02-11,2257,Renfrew County and District Health Unit,0.1417,126.0,1.16,0.7234,0.9456
21560,2022-02-11,2262,Thunder Bay District Health Unit,0.1654,362.0,2.41,0.8722,0.9376
21561,2022-02-10,2270,York Regional Health Unit,0.0833,1408.0,1.15,0.6944,0.9155
21562,2022-02-10,2268,Windsor-Essex County Health Unit,0.1641,671.0,1.58,0.5314,0.7885
21563,2022-02-10,2265,Waterloo Health Unit,0.1024,752.0,1.29,0.7851,0.9252
21564,2022-02-10,2263,Timiskaming Health Unit,0.0816,77.0,2.36,0.7145,0.8764
21565,2022-02-10,2262,Thunder Bay District Health Unit,0.1633,358.0,2.39,0.879,0.9403
21566,2022-02-10,4913,Southwestern Public Health,0.127,300.0,1.42,0.8158,0.9476
21567,2022-02-10,2260,Simcoe Muskoka District Health Unit,0.1048,859.0,1.43,0.8063,0.9462
21568,2022-02-10,2257,Renfrew County and District Health Unit,0.148,123.0,1.13,0.7286,0.9467
21569,2022-02-10,2255,Peterborough County-City Health Unit,0.0939,187.0,1.26,0.8065,0.9287
21570,2022-02-10,2253,Peel Regional Health Unit,0.0811,2036.0,1.27,0.7405,0.9379
21571,2022-02-10,35,Ontario,0.1061,20896.0,1.41,0.7497,0.924
21572,2022-02-10,2249,Northwestern Health Unit,0.2218,169.0,1.92,0.7543,0.9034
21573,2022-02-10,2247,North Bay Parry Sound District Health Unit,0.1321,247.0,1.9,0.8956,0.9715
21574,2022-02-10,2246,Niagara Regional Area Health Unit,0.1402,630.0,1.33,0.7279,0.8955
21575,2022-02-10,2244,Middlesex-London Health Unit,0.1394,706.0,1.39,0.7767,0.9439
21576,2022-02-10,2242,Lambton Health Unit,0.2139,211.0,1.61,0.7313,0.9223
21577,2022-02-10,2241,"Kingston, Frontenac and Lennox and Addington Health Unit",0.1073,386.0,1.82,0.9052,0.9593
21578,2022-02-10,5183,Huron Perth Health Unit,0.1046,253.0,1.81,0.7639,0.9497
21579,2022-02-10,2236,Halton Regional Health Unit,0.1009,619.0,1.0,0.6773,0.89
21580,2022-02-10,2235,"Haliburton, Kawartha, Pine Ridge District Health Unit",0.1023,268.0,1.42,0.7283,0.916
21581,2022-02-10,2234,Haldimand-Norfolk Health Unit,0.1501,152.0,1.33,0.7124,0.8673
21582,2022-02-10,2258,Eastern Ontario Health Unit,0.1357,284.0,1.36,0.6972,0.9422
21583,2022-02-10,2230,Durham Regional Health Unit,0.1004,970.0,1.36,0.7155,0.9016
21584,2022-02-10,2226,District of Algoma Health Unit,0.1648,264.0,2.3,0.725,0.8643
21585,2022-02-10,3895,City of Toronto Health Unit,0.0742,4227.0,1.35,0.7716,0.9394
21586,2022-02-10,2251,City of Ottawa Health Unit,0.1114,897.0,0.85,0.7552,0.9287
21587,2022-02-10,2237,City of Hamilton Health Unit,0.1055,869.0,1.47,0.8345,0.9466
21588,2022-02-10,2240,Chatham-Kent Health Unit,0.2125,162.0,1.52,0.7995,0.9068
21589,2022-02-10,2227,Brant County Health Unit,0.1234,181.0,1.16,0.8053,0.9212
21590,2022-02-10,2233,Grey Bruce Health Unit,0.111,261.0,1.54,0.7459,0.9388
21591,2022-02-10,2238,Hastings and Prince Edward Counties Health Unit,0.105,452.0,2.68,0.8863,0.9705
21592,2022-02-10,2243,"Leeds, Grenville and Lanark District Health Unit",0.1693,180.0,1.04,0.8107,0.928
21593,2022-02-10,2256,Porcupine Health Unit,0.1479,266.0,3.18,0.7268,0.8223
21594,2022-02-10,2261,Sudbury and District Health Unit,0.0906,866.0,4.35,0.5931,0.9252
21595,2022-02-10,2266,Wellington-Dufferin-Guelph Health Unit,0.1157,362.0,1.16,0.7486,0.9336
21596,2022-02-09,2270,York Regional Health Unit,0.0873,1433.0,1.17,0.6942,0.9137
21597,2022-02-09,2268,Windsor-Essex County Health Unit,0.1746,664.0,1.56,0.549,0.7906
21598,2022-02-09,2266,Wellington-Dufferin-Guelph Health Unit,0.121,371.0,1.19,0.7429,0.9276
21599,2022-02-09,2263,Timiskaming Health Unit,0.0724,77.0,2.36,0.7534,0.9133
21600,2022-02-09,2262,Thunder Bay District Health Unit,0.1644,361.0,2.41,0.8752,0.9353
21601,2022-02-09,2261,Sudbury and District Health Unit,0.0882,881.0,4.43,0.6156,0.9415
21602,2022-02-09,2260,Simcoe Muskoka District Health Unit,0.1028,858.0,1.43,0.7865,0.9332
21603,2022-02-09,2257,Renfrew County and District Health Unit,0.1485,119.0,1.1,0.6813,0.9495
21604,2022-02-09,2256,Porcupine Health Unit,0.1471,256.0,3.07,0.7119,0.813
21605,2022-02-09,2255,Peterborough County-City Health Unit,0.1101,209.0,1.41,0.8557,0.9671
21606,2022-02-09,2253,Peel Regional Health Unit,0.0848,2093.0,1.3,0.747,0.9363
21607,2022-02-09,35,Ontario,0.1075,21292.0,1.44,0.7515,0.9224
21608,2022-02-09,2249,Northwestern Health Unit,0.2143,169.0,1.93,0.7341,0.9018
21609,2022-02-09,2246,Niagara Regional Area Health Unit,0.1333,657.0,1.39,0.7398,0.9017
21610,2022-02-09,2244,Middlesex-London Health Unit,0.1441,737.0,1.45,0.7795,0.9442
21611,2022-02-09,2243,"Leeds, Grenville and Lanark District Health Unit",0.1789,183.0,1.06,0.8158,0.9179
21612,2022-02-09,2241,"Kingston, Frontenac and Lennox and Addington Health Unit",0.1035,385.0,1.81,0.9131,0.9598
21613,2022-02-09,5183,Huron Perth Health Unit,0.0942,264.0,1.89,0.774,0.9545
21614,2022-02-09,2238,Hastings and Prince Edward Counties Health Unit,0.101,471.0,2.8,0.8887,0.9715
21615,2022-02-09,2235,"Haliburton, Kawartha, Pine Ridge District Health Unit",0.109,267.0,1.42,0.7606,0.9457
21616,2022-02-09,2234,Haldimand-Norfolk Health Unit,0.1605,140.0,1.22,0.7118,0.8774
21617,2022-02-09,2233,Grey Bruce Health Unit,0.1031,251.0,1.48,0.7333,0.9353
21618,2022-02-09,2258,Eastern Ontario Health Unit,0.1453,288.0,1.38,0.7024,0.9486
21619,2022-02-09,2230,Durham Regional Health Unit,0.0997,988.0,1.39,0.728,0.9136
21620,2022-02-09,2226,District of Algoma Health Unit,0.177,251.0,2.19,0.7556,0.8836
21621,2022-02-09,3895,City of Toronto Health Unit,0.0757,4316.0,1.38,0.7666,0.933
21622,2022-02-09,2237,City of Hamilton Health Unit,0.1085,906.0,1.53,0.8439,0.9497
21623,2022-02-09,2240,Chatham-Kent Health Unit,0.2061,168.0,1.58,0.8068,0.9116
21624,2022-02-09,2227,Brant County Health Unit,0.1204,185.0,1.19,0.791,0.9083
21625,2022-02-09,2251,City of Ottawa Health Unit,0.12,925.0,0.88,0.7676,0.9326
21626,2022-02-09,2236,Halton Regional Health Unit,0.1042,625.0,1.01,0.6244,0.8155
21627,2022-02-09,2242,Lambton Health Unit,0.2232,205.0,1.56,0.696,0.9262
21628,2022-02-09,2247,North Bay Parry Sound District Health Unit,0.131,254.0,1.96,0.9128,0.9707
21629,2022-02-09,4913,Southwestern Public Health,0.1319,310.0,1.47,0.8122,0.9407
21630,2022-02-09,2265,Waterloo Health Unit,0.096,778.0,1.33,0.7799,0.9246
21631,2022-02-08,2268,Windsor-Essex County Health Unit,0.1811,678.0,1.6,0.5156,0.7754
21632,2022-02-08,2266,Wellington-Dufferin-Guelph Health Unit,0.1192,364.0,1.17,0.7447,0.9292
21633,2022-02-08,2265,Waterloo Health Unit,0.0918,778.0,1.33,0.7834,0.9305
21634,2022-02-08,2262,Thunder Bay District Health Unit,0.165,363.0,2.42,0.8745,0.9378
21635,2022-02-08,2261,Sudbury and District Health Unit,0.0901,853.0,4.28,0.5974,0.9433
21636,2022-02-08,4913,Southwestern Public Health,0.1338,314.0,1.48,0.8288,0.9482
21637,2022-02-08,2260,Simcoe Muskoka District Health Unit,0.1082,858.0,1.43,0.7884,0.9344
21638,2022-02-08,2257,Renfrew County and District Health Unit,0.157,120.0,1.11,0.6674,0.9485
21639,2022-02-08,2256,Porcupine Health Unit,0.1438,241.0,2.89,0.6897,0.7773
21640,2022-02-08,2255,Peterborough County-City Health Unit,0.0936,240.0,1.62,0.8357,0.9675
21641,2022-02-08,35,Ontario,0.1095,21783.0,1.47,0.7535,0.9234
21642,2022-02-08,2249,Northwestern Health Unit,0.2149,165.0,1.88,0.7267,0.8995
21643,2022-02-08,2247,North Bay Parry Sound District Health Unit,0.1296,261.0,2.01,0.9181,0.9697
21644,2022-02-08,2244,Middlesex-London Health Unit,0.1502,744.0,1.47,0.7824,0.9483
21645,2022-02-08,2243,"Leeds, Grenville and Lanark District Health Unit",0.1735,192.0,1.11,0.8245,0.9295
21646,2022-02-08,2242,Lambton Health Unit,0.2294,201.0,1.54,0.6692,0.9265
21647,2022-02-08,5183,Huron Perth Health Unit,0.0953,279.0,2.0,0.7931,0.9687
21648,2022-02-08,2238,Hastings and Prince Edward Counties Health Unit,0.101,471.0,2.79,0.8999,0.974
21649,2022-02-08,2236,Halton Regional Health Unit,0.1028,631.0,1.02,0.6419,0.8227
21650,2022-02-08,2235,"Haliburton, Kawartha, Pine Ridge District Health Unit",0.0999,284.0,1.51,0.7596,0.9432
21651,2022-02-08,2234,Haldimand-Norfolk Health Unit,0.166,144.0,1.26,0.7133,0.8865
21652,2022-02-08,2233,Grey Bruce Health Unit,0.1053,255.0,1.5,0.7203,0.9406
21653,2022-02-08,2258,Eastern Ontario Health Unit,0.1477,296.0,1.42,0.7118,0.956
21654,2022-02-08,2226,District of Algoma Health Unit,0.1709,278.0,2.43,0.696,0.8911
21655,2022-02-08,3895,City of Toronto Health Unit,0.0815,4461.0,1.43,0.7765,0.934
21656,2022-02-08,2251,City of Ottawa Health Unit,0.1212,973.0,0.92,0.7707,0.9358
21657,2022-02-08,2240,Chatham-Kent Health Unit,0.2071,165.0,1.55,0.8044,0.9115
21658,2022-02-08,2227,Brant County Health Unit,0.1241,186.0,1.2,0.7876,0.9078
21659,2022-02-08,2237,City of Hamilton Health Unit,0.115,952.0,1.61,0.8527,0.9483
21660,2022-02-08,2230,Durham Regional Health Unit,0.1053,1039.0,1.46,0.7071,0.9124
21661,2022-02-08,2241,"Kingston, Frontenac and Lennox and Addington Health Unit",0.1028,396.0,1.86,0.9091,0.9609
21662,2022-02-08,2246,Niagara Regional Area Health Unit,0.138,675.0,1.43,0.7483,0.9039
21663,2022-02-08,2253,Peel Regional Health Unit,0.0845,2135.0,1.33,0.7542,0.9365
21664,2022-02-08,2263,Timiskaming Health Unit,0.064,78.0,2.39,0.725,0.9096
21665,2022-02-08,2270,York Regional Health Unit,0.0878,1464.0,1.19,0.706,0.9134
21666,2022-02-07,2270,York Regional Health Unit,0.0883,1502.0,1.23,0.7171,0.9128
21667,2022-02-07,2266,Wellington-Dufferin-Guelph Health Unit,0.1238,372.0,1.19,0.7399,0.9243
21668,2022-02-07,2265,Waterloo Health Unit,0.0935,827.0,1.41,0.784,0.9307
21669,2022-02-07,2263,Timiskaming Health Unit,0.0651,72.0,2.22,0.7239,0.9131
21670,2022-02-07,2262,Thunder Bay District Health Unit,0.1654,371.0,2.48,0.8642,0.9364
21671,2022-02-07,2261,Sudbury and District Health Unit,0.095,836.0,4.2,0.6429,0.9482
21672,2022-02-07,4913,Southwestern Public Health,0.1321,357.0,1.69,0.8007,0.947
21673,2022-02-07,2260,Simcoe Muskoka District Health Unit,0.115,890.0,1.49,0.7705,0.9255
21674,2022-02-07,2256,Porcupine Health Unit,0.136,241.0,2.88,0.7461,0.8314
21675,2022-02-07,2255,Peterborough County-City Health Unit,0.0916,253.0,1.71,0.853,0.9719
21676,2022-02-07,2253,Peel Regional Health Unit,0.0892,2170.0,1.35,0.7693,0.9383
21677,2022-02-07,2249,Northwestern Health Unit,0.2281,158.0,1.8,0.7123,0.8933
21678,2022-02-07,2247,North Bay Parry Sound District Health Unit,0.1255,265.0,2.04,0.9091,0.9647
21679,2022-02-07,2246,Niagara Regional Area Health Unit,0.1316,694.0,1.47,0.7483,0.9056
21680,2022-02-07,2243,"Leeds, Grenville and Lanark District Health Unit",0.1668,197.0,1.14,0.824,0.925
21681,2022-02-07,2242,Lambton Health Unit,0.2248,207.0,1.58,0.67,0.9279
21682,2022-02-07,2241,"Kingston, Frontenac and Lennox and Addington Health Unit",0.0985,390.0,1.83,0.9147,0.9675
21683,2022-02-07,5183,Huron Perth Health Unit,0.0975,290.0,2.08,0.779,0.9622
21684,2022-02-07,2238,Hastings and Prince Edward Counties Health Unit,0.0894,508.0,3.02,0.9021,0.9744
21685,2022-02-07,2236,Halton Regional Health Unit,0.1065,645.0,1.04,0.653,0.8222
21686,2022-02-07,2235,"Haliburton, Kawartha, Pine Ridge District Health Unit",0.1017,281.0,1.49,0.7445,0.9492
21687,2022-02-07,2233,Grey Bruce Health Unit,0.1066,256.0,1.51,0.7292,0.9417
21688,2022-02-07,2258,Eastern Ontario Health Unit,0.1621,318.0,1.52,0.7187,0.9573
21689,2022-02-07,2230,Durham Regional Health Unit,0.1095,1036.0,1.45,0.715,0.9197
21690,2022-02-07,3895,City of Toronto Health Unit,0.0848,4643.0,1.49,0.7802,0.9349
21691,2022-02-07,2251,City of Ottawa Health Unit,0.13,1023.0,0.97,0.7652,0.9332
21692,2022-02-07,2237,City of Hamilton Health Unit,0.1143,1010.0,1.71,0.8522,0.9498
21693,2022-02-07,2227,Brant County Health Unit,0.1323,192.0,1.24,0.8084,0.9177
21694,2022-02-07,2240,Chatham-Kent Health Unit,0.2104,174.0,1.64,0.7978,0.9028
21695,2022-02-07,2226,District of Algoma Health Unit,0.1592,282.0,2.46,0.6971,0.8943
21696,2022-02-07,2234,Haldimand-Norfolk Health Unit,0.1696,154.0,1.35,0.7949,0.9476
21697,2022-02-07,2244,Middlesex-London Health Unit,0.1489,780.0,1.54,0.7853,0.9482
21698,2022-02-07,35,Ontario,0.1117,22449.0,1.51,0.7598,0.9259
21699,2022-02-07,2257,Renfrew County and District Health Unit,0.1569,127.0,1.17,0.6985,0.958
21700,2022-02-07,2268,Windsor-Essex County Health Unit,0.1878,679.0,1.6,0.5618,0.7992
21701,2022-02-06,2270,York Regional Health Unit,0.0875,1542.0,1.26,0.7086,0.9083
21702,2022-02-06,2268,Windsor-Essex County Health Unit,0.1846,736.0,1.73,0.5649,0.7889
21703,2022-02-06,2266,Wellington-Dufferin-Guelph Health Unit,0.1314,368.0,1.18,0.7443,0.9263
21704,2022-02-06,2265,Waterloo Health Unit,0.0964,865.0,1.48,0.7685,0.9393
21705,2022-02-06,2263,Timiskaming Health Unit,0.0643,73.0,2.24,0.7397,0.9421
21706,2022-02-06,2262,Thunder Bay District Health Unit,0.1694,362.0,2.41,0.8686,0.9424
21707,2022-02-06,4913,Southwestern Public Health,0.1355,368.0,1.74,0.7933,0.9368
21708,2022-02-06,2260,Simcoe Muskoka District Health Unit,0.1196,878.0,1.46,0.7633,0.9186
21709,2022-02-06,2257,Renfrew County and District Health Unit,0.1518,137.0,1.27,0.7122,0.9701
21710,2022-02-06,2255,Peterborough County-City Health Unit,0.0958,265.0,1.79,0.8548,0.9729
21711,2022-02-06,2253,Peel Regional Health Unit,0.0958,2214.0,1.38,0.7651,0.9327
21712,2022-02-06,35,Ontario,0.1139,23095.0,1.56,0.7547,0.9216
21713,2022-02-06,2247,North Bay Parry Sound District Health Unit,0.127,246.0,1.9,0.9111,0.9655
21714,2022-02-06,2246,Niagara Regional Area Health Unit,0.1377,702.0,1.49,0.7401,0.8949
21715,2022-02-06,2244,Middlesex-London Health Unit,0.1501,812.0,1.6,0.7848,0.9458
21716,2022-02-06,2243,"Leeds, Grenville and Lanark District Health Unit",0.171,208.0,1.2,0.8231,0.9261
21717,2022-02-06,2242,Lambton Health Unit,0.2243,211.0,1.61,0.6565,0.9309
21718,2022-02-06,2241,"Kingston, Frontenac and Lennox and Addington Health Unit",0.0949,405.0,1.9,0.9149,0.9615
21719,2022-02-06,5183,Huron Perth Health Unit,0.1037,286.0,2.05,0.773,0.9614
21720,2022-02-06,2236,Halton Regional Health Unit,0.113,656.0,1.06,0.6463,0.8191
21721,2022-02-06,2235,"Haliburton, Kawartha, Pine Ridge District Health Unit",0.108,284.0,1.5,0.7421,0.949
21722,2022-02-06,2234,Haldimand-Norfolk Health Unit,0.1594,170.0,1.49,0.7957,0.9427
21723,2022-02-06,2258,Eastern Ontario Health Unit,0.1618,324.0,1.55,0.6805,0.8973
21724,2022-02-06,2230,Durham Regional Health Unit,0.1059,1106.0,1.55,0.7037,0.9142
21725,2022-02-06,2226,District of Algoma Health Unit,0.1449,292.0,2.55,0.6923,0.8862
21726,2022-02-06,2251,City of Ottawa Health Unit,0.1359,1049.0,0.99,0.7657,0.927
21727,2022-02-06,2237,City of Hamilton Health Unit,0.1206,1039.0,1.75,0.845,0.9473
21728,2022-02-06,2240,Chatham-Kent Health Unit,0.1989,182.0,1.71,0.7884,0.8942
21729,2022-02-06,2227,Brant County Health Unit,0.1333,200.0,1.29,0.7789,0.896
21730,2022-02-06,3895,City of Toronto Health Unit,0.0889,4730.0,1.52,0.7722,0.9329
21731,2022-02-06,2233,Grey Bruce Health Unit,0.1118,265.0,1.56,0.7214,0.9387
21732,2022-02-06,2238,Hastings and Prince Edward Counties Health Unit,0.0809,509.0,3.02,0.8971,0.9737
21733,2022-02-06,2249,Northwestern Health Unit,0.2191,147.0,1.67,0.6992,0.8935
21734,2022-02-06,2256,Porcupine Health Unit,0.1272,270.0,3.23,0.7397,0.8216
21735,2022-02-06,2261,Sudbury and District Health Unit,0.091,935.0,4.7,0.6639,0.9463
21736,2022-02-05,2270,York Regional Health Unit,0.0904,1556.0,1.27,0.7117,0.907
21737,2022-02-05,2268,Windsor-Essex County Health Unit,0.1853,752.0,1.77,0.5906,0.7966
21738,2022-02-05,2266,Wellington-Dufferin-Guelph Health Unit,0.1345,371.0,1.19,0.7477,0.9269
21739,2022-02-05,2263,Timiskaming Health Unit,0.0585,71.0,2.17,0.7417,0.9417
21740,2022-02-05,2262,Thunder Bay District Health Unit,0.1679,373.0,2.49,0.8973,0.9498
21741,2022-02-05,2261,Sudbury and District Health Unit,0.0934,935.0,4.7,0.6998,0.9492
21742,2022-02-05,2260,Simcoe Muskoka District Health Unit,0.123,884.0,1.47,0.7421,0.9137
21743,2022-02-05,2257,Renfrew County and District Health Unit,0.1538,136.0,1.25,0.6894,0.961
21744,2022-02-05,2256,Porcupine Health Unit,0.1264,277.0,3.32,0.7178,0.807
21745,2022-02-05,2253,Peel Regional Health Unit,0.1027,2208.0,1.37,0.7656,0.9344
21746,2022-02-05,35,Ontario,0.1161,23390.0,1.58,0.7554,0.9231
21747,2022-02-05,2249,Northwestern Health Unit,0.2217,145.0,1.65,0.7149,0.9019
21748,2022-02-05,2247,North Bay Parry Sound District Health Unit,0.1273,241.0,1.86,0.9054,0.9671
21749,2022-02-05,2246,Niagara Regional Area Health Unit,0.1469,707.0,1.5,0.7494,0.8962
21750,2022-02-05,2244,Middlesex-London Health Unit,0.1504,841.0,1.66,0.7916,0.9475
21751,2022-02-05,2243,"Leeds, Grenville and Lanark District Health Unit",0.1724,215.0,1.24,0.7923,0.9287
21752,2022-02-05,2241,"Kingston, Frontenac and Lennox and Addington Health Unit",0.0848,409.0,1.92,0.9121,0.9598
21753,2022-02-05,5183,Huron Perth Health Unit,0.106,287.0,2.05,0.7917,0.9613
21754,2022-02-05,2238,Hastings and Prince Edward Counties Health Unit,0.0778,514.0,3.05,0.8993,0.9743
21755,2022-02-05,2235,"Haliburton, Kawartha, Pine Ridge District Health Unit",0.1077,296.0,1.57,0.718,0.9505
21756,2022-02-05,2234,Haldimand-Norfolk Health Unit,0.1628,164.0,1.44,0.7982,0.9448
21757,2022-02-05,2233,Grey Bruce Health Unit,0.1105,257.0,1.51,0.678,0.9428
21758,2022-02-05,2230,Durham Regional Health Unit,0.1091,1120.0,1.57,0.6957,0.9142
21759,2022-02-05,2226,District of Algoma Health Unit,0.1439,283.0,2.47,0.6754,0.9032
21760,2022-02-05,3895,City of Toronto Health Unit,0.0918,4824.0,1.55,0.7739,0.9343
21761,2022-02-05,2251,City of Ottawa Health Unit,0.134,1086.0,1.03,0.7673,0.9326
21762,2022-02-05,2237,City of Hamilton Health Unit,0.1213,1048.0,1.77,0.8438,0.9482
21763,2022-02-05,2240,Chatham-Kent Health Unit,0.1922,184.0,1.73,0.8115,0.9115
21764,2022-02-05,2227,Brant County Health Unit,0.1341,202.0,1.3,0.7619,0.9024
21765,2022-02-05,2258,Eastern Ontario Health Unit,0.1621,323.0,1.55,0.6894,0.8968
21766,2022-02-05,2236,Halton Regional Health Unit,0.1172,662.0,1.07,0.6372,0.8163
21767,2022-02-05,2242,Lambton Health Unit,0.2296,212.0,1.62,0.6566,0.9352
21768,2022-02-05,2255,Peterborough County-City Health Unit,0.0983,262.0,1.77,0.8516,0.9699
21769,2022-02-05,4913,Southwestern Public Health,0.1341,388.0,1.83,0.7807,0.9362
21770,2022-02-05,2265,Waterloo Health Unit,0.099,889.0,1.52,0.7613,0.9436
21771,2022-02-04,2268,Windsor-Essex County Health Unit,0.182,753.0,1.77,0.5868,0.7993
21772,2022-02-04,2266,Wellington-Dufferin-Guelph Health Unit,0.1364,374.0,1.2,0.751,0.9246
21773,2022-02-04,2265,Waterloo Health Unit,0.0988,918.0,1.57,0.7537,0.9386
21774,2022-02-04,2262,Thunder Bay District Health Unit,0.1698,374.0,2.5,0.8993,0.9465
21775,2022-02-04,2261,Sudbury and District Health Unit,0.0913,933.0,4.69,0.6914,0.9498
21776,2022-02-04,4913,Southwestern Public Health,0.1341,390.0,1.84,0.7604,0.9227
21777,2022-02-04,2257,Renfrew County and District Health Unit,0.1612,130.0,1.2,0.68,0.9517
21778,2022-02-04,2256,Porcupine Health Unit,0.1335,274.0,3.28,0.6939,0.7915
21779,2022-02-04,2255,Peterborough County-City Health Unit,0.1005,266.0,1.8,0.845,0.9674
21780,2022-02-04,2253,Peel Regional Health Unit,0.1086,2226.0,1.39,0.7577,0.9329
21781,2022-02-04,35,Ontario,0.1179,23694.0,1.6,0.7465,0.9199
21782,2022-02-04,2249,Northwestern Health Unit,0.2238,144.0,1.65,0.7139,0.9026
21783,2022-02-04,2247,North Bay Parry Sound District Health Unit,0.1291,247.0,1.9,0.8842,0.9667
21784,2022-02-04,2244,Middlesex-London Health Unit,0.1535,834.0,1.64,0.7931,0.9451
21785,2022-02-04,2243,"Leeds, Grenville and Lanark District Health Unit",0.1779,218.0,1.26,0.7825,0.9249
21786,2022-02-04,2242,Lambton Health Unit,0.2367,209.0,1.6,0.6279,0.9272
21787,2022-02-04,5183,Huron Perth Health Unit,0.1066,291.0,2.08,0.7757,0.9559
21788,2022-02-04,2238,Hastings and Prince Edward Counties Health Unit,0.08,500.0,2.97,0.9192,0.97
21789,2022-02-04,2236,Halton Regional Health Unit,0.1202,667.0,1.08,0.6373,0.813
21790,2022-02-04,2234,Haldimand-Norfolk Health Unit,0.147,178.0,1.56,0.8063,0.9487
21791,2022-02-04,2233,Grey Bruce Health Unit,0.1148,248.0,1.46,0.6542,0.9426
21792,2022-02-04,2258,Eastern Ontario Health Unit,0.1648,326.0,1.56,0.7218,0.8997
21793,2022-02-04,2230,Durham Regional Health Unit,0.1091,1150.0,1.61,0.6825,0.9147
21794,2022-02-04,2226,District of Algoma Health Unit,0.1503,276.0,2.41,0.6384,0.883
21795,2022-02-04,3895,City of Toronto Health Unit,0.0936,4946.0,1.59,0.7479,0.9306
21796,2022-02-04,2251,City of Ottawa Health Unit,0.1381,1103.0,1.05,0.7725,0.9276
21797,2022-02-04,2240,Chatham-Kent Health Unit,0.1935,194.0,1.83,0.7944,0.8972
21798,2022-02-04,2227,Brant County Health Unit,0.1402,207.0,1.33,0.7729,0.9052
21799,2022-02-04,2237,City of Hamilton Health Unit,0.1256,1081.0,1.83,0.849,0.9497
21800,2022-02-04,2235,"Haliburton, Kawartha, Pine Ridge District Health Unit",0.1036,296.0,1.57,0.7189,0.9526
21801,2022-02-04,2241,"Kingston, Frontenac and Lennox and Addington Health Unit",0.0864,405.0,1.91,0.9039,0.9557
21802,2022-02-04,2246,Niagara Regional Area Health Unit,0.15,724.0,1.53,0.7627,0.8955
21803,2022-02-04,2260,Simcoe Muskoka District Health Unit,0.124,885.0,1.48,0.7371,0.9107
21804,2022-02-04,2263,Timiskaming Health Unit,0.054,71.0,2.19,0.7771,0.9571
21805,2022-02-04,2270,York Regional Health Unit,0.0909,1583.0,1.29,0.7018,0.8991
21806,2022-02-03,2270,York Regional Health Unit,0.0973,1583.0,1.29,0.7016,0.9024
21807,2022-02-03,2266,Wellington-Dufferin-Guelph Health Unit,0.1348,375.0,1.2,0.7602,0.9251
21808,2022-02-03,2265,Waterloo Health Unit,0.1003,935.0,1.6,0.7533,0.9306
21809,2022-02-03,2263,Timiskaming Health Unit,0.0495,72.0,2.21,0.7308,0.958
21810,2022-02-03,2262,Thunder Bay District Health Unit,0.1647,391.0,2.61,0.8948,0.9567
21811,2022-02-03,2261,Sudbury and District Health Unit,0.0947,859.0,4.31,0.6842,0.9354
21812,2022-02-03,4913,Southwestern Public Health,0.1389,393.0,1.86,0.7538,0.9303
21813,2022-02-03,2260,Simcoe Muskoka District Health Unit,0.1202,904.0,1.51,0.7391,0.9125
21814,2022-02-03,2257,Renfrew County and District Health Unit,0.1637,134.0,1.24,0.6663,0.9559
21815,2022-02-03,2256,Porcupine Health Unit,0.148,247.0,2.96,0.7396,0.8367
21816,2022-02-03,2255,Peterborough County-City Health Unit,0.1004,260.0,1.76,0.8388,0.9628
21817,2022-02-03,2253,Peel Regional Health Unit,0.1161,2257.0,1.41,0.7545,0.9332
21818,2022-02-03,2249,Northwestern Health Unit,0.2127,146.0,1.66,0.7214,0.8998
21819,2022-02-03,2247,North Bay Parry Sound District Health Unit,0.126,243.0,1.87,0.8832,0.9698
21820,2022-02-03,2246,Niagara Regional Area Health Unit,0.1503,720.0,1.52,0.7576,0.9087
21821,2022-02-03,2243,"Leeds, Grenville and Lanark District Health Unit",0.1644,222.0,1.28,0.7935,0.9332
21822,2022-02-03,2242,Lambton Health Unit,0.2334,202.0,1.54,0.6731,0.9425
21823,2022-02-03,2241,"Kingston, Frontenac and Lennox and Addington Health Unit",0.0816,425.0,2.0,0.9085,0.959
21824,2022-02-03,2238,Hastings and Prince Edward Counties Health Unit,0.078,504.0,2.99,0.9186,0.9723
21825,2022-02-03,2236,Halton Regional Health Unit,0.1232,687.0,1.11,0.6329,0.8154
21826,2022-02-03,2235,"Haliburton, Kawartha, Pine Ridge District Health Unit",0.099,307.0,1.63,0.6751,0.9547
21827,2022-02-03,2234,Haldimand-Norfolk Health Unit,0.1491,187.0,1.64,0.7952,0.9603
21828,2022-02-03,2233,Grey Bruce Health Unit,0.1136,259.0,1.53,0.6641,0.9439
21829,2022-02-03,2258,Eastern Ontario Health Unit,0.1707,345.0,1.65,0.7205,0.8859
21830,2022-02-03,2230,Durham Regional Health Unit,0.1092,1158.0,1.63,0.6847,0.9161
21831,2022-02-03,3895,City of Toronto Health Unit,0.0992,4977.0,1.59,0.746,0.9255
21832,2022-02-03,2251,City of Ottawa Health Unit,0.1453,1129.0,1.07,0.7849,0.933
21833,2022-02-03,2237,City of Hamilton Health Unit,0.1305,1121.0,1.89,0.8377,0.9468
21834,2022-02-03,2227,Brant County Health Unit,0.1452,218.0,1.41,0.7982,0.918
21835,2022-02-03,2240,Chatham-Kent Health Unit,0.1917,200.0,1.88,0.789,0.9158
21836,2022-02-03,2226,District of Algoma Health Unit,0.136,306.0,2.67,0.6198,0.8724
21837,2022-02-03,5183,Huron Perth Health Unit,0.1108,280.0,2.0,0.7805,0.9561
21838,2022-02-03,2244,Middlesex-London Health Unit,0.1569,848.0,1.67,0.7967,0.9492
21839,2022-02-03,35,Ontario,0.1211,23942.0,1.61,0.7473,0.9219
21840,2022-02-03,2268,Windsor-Essex County Health Unit,0.1852,775.0,1.82,0.6234,0.8446
21841,2022-02-02,2270,York Regional Health Unit,0.0998,1614.0,1.32,0.699,0.9017
21842,2022-02-02,2268,Windsor-Essex County Health Unit,0.1804,823.0,1.94,0.633,0.855
21843,2022-02-02,2265,Waterloo Health Unit,0.1061,960.0,1.64,0.7401,0.922
21844,2022-02-02,2263,Timiskaming Health Unit,0.0427,77.0,2.36,0.7154,0.9558
21845,2022-02-02,2262,Thunder Bay District Health Unit,0.1612,388.0,2.59,0.8791,0.9586
21846,2022-02-02,2261,Sudbury and District Health Unit,0.0942,877.0,4.41,0.6515,0.902
21847,2022-02-02,4913,Southwestern Public Health,0.142,393.0,1.86,0.7459,0.9285
21848,2022-02-02,2260,Simcoe Muskoka District Health Unit,0.1265,937.0,1.56,0.7657,0.928
21849,2022-02-02,2257,Renfrew County and District Health Unit,0.1596,142.0,1.31,0.6941,0.9434
21850,2022-02-02,2255,Peterborough County-City Health Unit,0.0743,277.0,1.87,0.8501,0.9687
21851,2022-02-02,2253,Peel Regional Health Unit,0.1225,2279.0,1.42,0.7549,0.9366
21852,2022-02-02,35,Ontario,0.1225,24664.0,1.66,0.7477,0.9243
21853,2022-02-02,2247,North Bay Parry Sound District Health Unit,0.1134,254.0,1.96,0.8873,0.9685
21854,2022-02-02,2246,Niagara Regional Area Health Unit,0.1576,735.0,1.56,0.737,0.9051
21855,2022-02-02,2244,Middlesex-London Health Unit,0.1546,854.0,1.68,0.7907,0.9496
21856,2022-02-02,2242,Lambton Health Unit,0.2126,224.0,1.71,0.6873,0.9405
21857,2022-02-02,2241,"Kingston, Frontenac and Lennox and Addington Health Unit",0.0871,431.0,2.03,0.9102,0.9605
21858,2022-02-02,5183,Huron Perth Health Unit,0.1161,289.0,2.07,0.7697,0.9507
21859,2022-02-02,2238,Hastings and Prince Edward Counties Health Unit,0.0764,496.0,2.94,0.9022,0.9639
21860,2022-02-02,2236,Halton Regional Health Unit,0.1225,708.0,1.14,0.6917,0.8865
21861,2022-02-02,2235,"Haliburton, Kawartha, Pine Ridge District Health Unit",0.0945,325.0,1.72,0.6758,0.9572
21862,2022-02-02,2234,Haldimand-Norfolk Health Unit,0.1496,199.0,1.74,0.8237,0.9589
21863,2022-02-02,2258,Eastern Ontario Health Unit,0.1838,332.0,1.59,0.7239,0.8664
21864,2022-02-02,2230,Durham Regional Health Unit,0.1071,1199.0,1.68,0.6856,0.9188
21865,2022-02-02,2226,District of Algoma Health Unit,0.134,316.0,2.76,0.5447,0.856
21866,2022-02-02,2251,City of Ottawa Health Unit,0.1465,1149.0,1.09,0.7858,0.9304
21867,2022-02-02,2237,City of Hamilton Health Unit,0.1329,1185.0,2.0,0.8316,0.9399
21868,2022-02-02,2240,Chatham-Kent Health Unit,0.1994,201.0,1.89,0.7802,0.9105
21869,2022-02-02,2227,Brant County Health Unit,0.1433,241.0,1.55,0.8081,0.9258
21870,2022-02-02,3895,City of Toronto Health Unit,0.102,5171.0,1.66,0.7493,0.9313
21871,2022-02-02,2233,Grey Bruce Health Unit,0.112,262.0,1.54,0.6788,0.9432
21872,2022-02-02,2243,"Leeds, Grenville and Lanark District Health Unit",0.158,232.0,1.34,0.7807,0.9314
21873,2022-02-02,2249,Northwestern Health Unit,0.214,149.0,1.7,0.7283,0.9066
21874,2022-02-02,2256,Porcupine Health Unit,0.1285,271.0,3.25,0.7354,0.8481
21875,2022-02-02,2266,Wellington-Dufferin-Guelph Health Unit,0.1317,393.0,1.26,0.7659,0.928
21876,2022-02-01,2270,York Regional Health Unit,0.1053,1650.0,1.35,0.6625,0.8946
21877,2022-02-01,2268,Windsor-Essex County Health Unit,0.1895,854.0,2.01,0.6323,0.8499
21878,2022-02-01,2266,Wellington-Dufferin-Guelph Health Unit,0.1418,386.0,1.24,0.7336,0.9033
21879,2022-02-01,2265,Waterloo Health Unit,0.1153,966.0,1.65,0.724,0.9116
21880,2022-02-01,2263,Timiskaming Health Unit,0.0462,74.0,2.27,0.6709,0.9622
21881,2022-02-01,2262,Thunder Bay District Health Unit,0.1555,401.0,2.67,0.8158,0.9539
21882,2022-02-01,2261,Sudbury and District Health Unit,0.092,868.0,4.36,0.6447,0.9006
21883,2022-02-01,2260,Simcoe Muskoka District Health Unit,0.1291,973.0,1.62,0.7245,0.9197
21884,2022-02-01,2257,Renfrew County and District Health Unit,0.1627,146.0,1.34,0.6889,0.9323
21885,2022-02-01,2256,Porcupine Health Unit,0.1402,272.0,3.26,0.7877,0.9144
21886,2022-02-01,2253,Peel Regional Health Unit,0.1311,2316.0,1.44,0.7505,0.9284
21887,2022-02-01,35,Ontario,0.126,25177.0,1.7,0.7296,0.9158
21888,2022-02-01,2249,Northwestern Health Unit,0.2,151.0,1.72,0.703,0.8866
21889,2022-02-01,2246,Niagara Regional Area Health Unit,0.1601,744.0,1.57,0.7042,0.8688
21890,2022-02-01,2244,Middlesex-London Health Unit,0.1555,927.0,1.83,0.7724,0.9363
21891,2022-02-01,2243,"Leeds, Grenville and Lanark District Health Unit",0.1535,221.0,1.28,0.7688,0.934
21892,2022-02-01,2242,Lambton Health Unit,0.2067,242.0,1.85,0.6048,0.9487
21893,2022-02-01,2241,"Kingston, Frontenac and Lennox and Addington Health Unit",0.0837,430.0,2.02,0.9074,0.958
21894,2022-02-01,5183,Huron Perth Health Unit,0.1189,299.0,2.14,0.7287,0.9421
21895,2022-02-01,2238,Hastings and Prince Edward Counties Health Unit,0.0876,499.0,2.96,0.8809,0.9629
21896,2022-02-01,2235,"Haliburton, Kawartha, Pine Ridge District Health Unit",0.0926,338.0,1.79,0.6684,0.9591
21897,2022-02-01,2234,Haldimand-Norfolk Health Unit,0.1517,220.0,1.93,0.7732,0.8854
21898,2022-02-01,2233,Grey Bruce Health Unit,0.1096,270.0,1.59,0.5495,0.8915
21899,2022-02-01,2230,Durham Regional Health Unit,0.1095,1197.0,1.68,0.7034,0.9143
21900,2022-02-01,2226,District of Algoma Health Unit,0.1238,301.0,2.63,0.4823,0.852
21901,2022-02-01,3895,City of Toronto Health Unit,0.1036,5226.0,1.67,0.7459,0.926
21902,2022-02-01,2237,City of Hamilton Health Unit,0.1336,1219.0,2.06,0.7999,0.9196
21903,2022-02-01,2240,Chatham-Kent Health Unit,0.1935,219.0,2.06,0.775,0.9125
21904,2022-02-01,2227,Brant County Health Unit,0.1458,244.0,1.57,0.7519,0.9171
21905,2022-02-01,2251,City of Ottawa Health Unit,0.1506,1164.0,1.1,0.7747,0.9297
21906,2022-02-01,2258,Eastern Ontario Health Unit,0.1831,357.0,1.71,0.6944,0.8644
21907,2022-02-01,2236,Halton Regional Health Unit,0.1311,761.0,1.23,0.678,0.8738
21908,2022-02-01,2247,North Bay Parry Sound District Health Unit,0.1187,247.0,1.9,0.8679,0.9699
21909,2022-02-01,2255,Peterborough County-City Health Unit,0.0921,285.0,1.93,0.8611,0.965
21910,2022-02-01,4913,Southwestern Public Health,0.1391,419.0,1.98,0.692,0.907
21911,2022-01-31,2270,York Regional Health Unit,0.1117,1672.0,1.36,0.6496,0.8852
21912,2022-01-31,2268,Windsor-Essex County Health Unit,0.1895,874.0,2.06,0.5886,0.8155
21913,2022-01-31,2266,Wellington-Dufferin-Guelph Health Unit,0.1564,384.0,1.23,0.7312,0.8974
21914,2022-01-31,2265,Waterloo Health Unit,0.1199,995.0,1.7,0.7125,0.9014
21915,2022-01-31,2262,Thunder Bay District Health Unit,0.15,402.0,2.68,0.827,0.959
21916,2022-01-31,2261,Sudbury and District Health Unit,0.0875,890.0,4.47,0.5941,0.8916
21917,2022-01-31,4913,Southwestern Public Health,0.1379,404.0,1.91,0.6811,0.8841
21918,2022-01-31,2257,Renfrew County and District Health Unit,0.1688,148.0,1.36,0.6845,0.9167
21919,2022-01-31,2256,Porcupine Health Unit,0.1369,280.0,3.35,0.7903,0.9107
21920,2022-01-31,2255,Peterborough County-City Health Unit,0.097,284.0,1.92,0.8561,0.9641
21921,2022-01-31,35,Ontario,0.1299,25561.0,1.72,0.7208,0.9067
21922,2022-01-31,2249,Northwestern Health Unit,0.1976,156.0,1.78,0.7055,0.8863
21923,2022-01-31,2247,North Bay Parry Sound District Health Unit,0.1288,221.0,1.7,0.8547,0.9678
21924,2022-01-31,2246,Niagara Regional Area Health Unit,0.1635,773.0,1.64,0.6926,0.86
21925,2022-01-31,2244,Middlesex-London Health Unit,0.1566,930.0,1.83,0.7565,0.9159
21926,2022-01-31,2243,"Leeds, Grenville and Lanark District Health Unit",0.156,227.0,1.31,0.746,0.9362
21927,2022-01-31,2242,Lambton Health Unit,0.2151,228.0,1.74,0.5684,0.9379
21928,2022-01-31,5183,Huron Perth Health Unit,0.1116,306.0,2.19,0.6942,0.9175
21929,2022-01-31,2238,Hastings and Prince Edward Counties Health Unit,0.0967,477.0,2.83,0.886,0.9656
21930,2022-01-31,2236,Halton Regional Health Unit,0.1432,778.0,1.26,0.6679,0.8672
21931,2022-01-31,2234,Haldimand-Norfolk Health Unit,0.1503,213.0,1.87,0.7327,0.8447
21932,2022-01-31,2233,Grey Bruce Health Unit,0.1047,276.0,1.62,0.5366,0.8615
21933,2022-01-31,2258,Eastern Ontario Health Unit,0.1793,345.0,1.65,0.6925,0.8603
21934,2022-01-31,2226,District of Algoma Health Unit,0.1157,308.0,2.69,0.4678,0.8475
21935,2022-01-31,3895,City of Toronto Health Unit,0.1077,5338.0,1.71,0.7405,0.9177
21936,2022-01-31,2251,City of Ottawa Health Unit,0.1614,1194.0,1.13,0.7667,0.9246
21937,2022-01-31,2237,City of Hamilton Health Unit,0.1375,1253.0,2.12,0.7905,0.905
21938,2022-01-31,2240,Chatham-Kent Health Unit,0.1881,226.0,2.12,0.7618,0.8941
21939,2022-01-31,2227,Brant County Health Unit,0.1501,264.0,1.7,0.7542,0.9169
21940,2022-01-31,2230,Durham Regional Health Unit,0.112,1226.0,1.72,0.7143,0.9189
21941,2022-01-31,2235,"Haliburton, Kawartha, Pine Ridge District Health Unit",0.0942,350.0,1.85,0.6691,0.9324
21942,2022-01-31,2241,"Kingston, Frontenac and Lennox and Addington Health Unit",0.0875,446.0,2.1,0.907,0.9576
21943,2022-01-31,2253,Peel Regional Health Unit,0.1411,2369.0,1.48,0.7441,0.921
21944,2022-01-31,2260,Simcoe Muskoka District Health Unit,0.1305,955.0,1.59,0.7373,0.924
21945,2022-01-31,2263,Timiskaming Health Unit,0.052,77.0,2.35,0.6637,0.9648
21946,2022-01-30,2270,York Regional Health Unit,0.1178,1760.0,1.44,0.6219,0.861
21947,2022-01-30,2266,Wellington-Dufferin-Guelph Health Unit,0.1654,391.0,1.25,0.7061,0.8845
21948,2022-01-30,2265,Waterloo Health Unit,0.128,1021.0,1.75,0.6964,0.872
21949,2022-01-30,2263,Timiskaming Health Unit,0.0599,81.0,2.48,0.608,0.9024
21950,2022-01-30,2261,Sudbury and District Health Unit,0.0953,870.0,4.37,0.5801,0.9028
21951,2022-01-30,4913,Southwestern Public Health,0.1442,396.0,1.87,0.6786,0.8858
21952,2022-01-30,2260,Simcoe Muskoka District Health Unit,0.1279,1044.0,1.74,0.7341,0.9205
21953,2022-01-30,2256,Porcupine Health Unit,0.1344,269.0,3.22,0.7716,0.9062
21954,2022-01-30,2255,Peterborough County-City Health Unit,0.0934,282.0,1.9,0.8496,0.9568
21955,2022-01-30,2253,Peel Regional Health Unit,0.1502,2412.0,1.5,0.7281,0.9115
21956,2022-01-30,35,Ontario,0.1344,26226.0,1.77,0.7095,0.8963
21957,2022-01-30,2249,Northwestern Health Unit,0.219,158.0,1.8,0.7217,0.8923
21958,2022-01-30,2247,North Bay Parry Sound District Health Unit,0.137,215.0,1.66,0.8537,0.9673
21959,2022-01-30,2246,Niagara Regional Area Health Unit,0.1633,797.0,1.69,0.6727,0.8481
21960,2022-01-30,2243,"Leeds, Grenville and Lanark District Health Unit",0.1682,221.0,1.28,0.7505,0.9354
21961,2022-01-30,2242,Lambton Health Unit,0.2196,234.0,1.78,0.5894,0.9286
21962,2022-01-30,2241,"Kingston, Frontenac and Lennox and Addington Health Unit",0.0851,450.0,2.12,0.9137,0.963
21963,2022-01-30,2238,Hastings and Prince Edward Counties Health Unit,0.0923,523.0,3.1,0.8884,0.9658
21964,2022-01-30,2236,Halton Regional Health Unit,0.1446,813.0,1.31,0.6555,0.8564
21965,2022-01-30,2235,"Haliburton, Kawartha, Pine Ridge District Health Unit",0.0945,367.0,1.94,0.6594,0.9232
21966,2022-01-30,2233,Grey Bruce Health Unit,0.0878,301.0,1.77,0.5061,0.8125
21967,2022-01-30,2258,Eastern Ontario Health Unit,0.2018,356.0,1.71,0.7264,0.9032
21968,2022-01-30,2230,Durham Regional Health Unit,0.1212,1205.0,1.69,0.7125,0.9142
21969,2022-01-30,2226,District of Algoma Health Unit,0.1194,335.0,2.93,0.4583,0.8339
21970,2022-01-30,3895,City of Toronto Health Unit,0.1143,5475.0,1.75,0.728,0.9014
21971,2022-01-30,2251,City of Ottawa Health Unit,0.166,1219.0,1.16,0.7706,0.9241
21972,2022-01-30,2237,City of Hamilton Health Unit,0.1306,1308.0,2.21,0.7764,0.8898
21973,2022-01-30,2227,Brant County Health Unit,0.1529,288.0,1.85,0.761,0.9239
21974,2022-01-30,2240,Chatham-Kent Health Unit,0.1912,244.0,2.29,0.7435,0.8792
21975,2022-01-30,2234,Haldimand-Norfolk Health Unit,0.1603,196.0,1.72,0.6995,0.8247
21976,2022-01-30,5183,Huron Perth Health Unit,0.1145,302.0,2.16,0.692,0.9123
21977,2022-01-30,2244,Middlesex-London Health Unit,0.1656,933.0,1.84,0.7492,0.91
21978,2022-01-30,2257,Renfrew County and District Health Unit,0.1632,156.0,1.43,0.6597,0.9065
21979,2022-01-30,2262,Thunder Bay District Health Unit,0.1462,442.0,2.95,0.8279,0.9619
21980,2022-01-30,2268,Windsor-Essex County Health Unit,0.1971,862.0,2.03,0.5656,0.8048
21981,2022-01-29,2270,York Regional Health Unit,0.1176,1781.0,1.45,0.6001,0.8443
21982,2022-01-29,2268,Windsor-Essex County Health Unit,0.197,865.0,2.04,0.5604,0.8137
21983,2022-01-29,2265,Waterloo Health Unit,0.1314,1007.0,1.72,0.6933,0.8683
21984,2022-01-29,2263,Timiskaming Health Unit,0.0601,83.0,2.54,0.6006,0.9048
21985,2022-01-29,2262,Thunder Bay District Health Unit,0.1436,439.0,2.93,0.8193,0.9629
21986,2022-01-29,4913,Southwestern Public Health,0.1467,393.0,1.86,0.6726,0.8636
21987,2022-01-29,2260,Simcoe Muskoka District Health Unit,0.1273,1068.0,1.78,0.7431,0.9196
21988,2022-01-29,2257,Renfrew County and District Health Unit,0.163,156.0,1.44,0.6636,0.9153
21989,2022-01-29,2256,Porcupine Health Unit,0.1338,254.0,3.05,0.8047,0.9298
21990,2022-01-29,2255,Peterborough County-City Health Unit,0.0921,287.0,1.94,0.8556,0.9563
21991,2022-01-29,2253,Peel Regional Health Unit,0.1554,2465.0,1.53,0.7165,0.9011
21992,2022-01-29,35,Ontario,0.1366,26494.0,1.79,0.6999,0.8912
21993,2022-01-29,2247,North Bay Parry Sound District Health Unit,0.1375,216.0,1.67,0.8629,0.9651
21994,2022-01-29,2246,Niagara Regional Area Health Unit,0.1581,810.0,1.71,0.6692,0.8489
21995,2022-01-29,2244,Middlesex-London Health Unit,0.1741,918.0,1.81,0.7523,0.9046
21996,2022-01-29,2242,Lambton Health Unit,0.2195,230.0,1.75,0.5872,0.9272
21997,2022-01-29,2241,"Kingston, Frontenac and Lennox and Addington Health Unit",0.0843,473.0,2.22,0.9154,0.9667
21998,2022-01-29,5183,Huron Perth Health Unit,0.116,305.0,2.19,0.6783,0.9129
21999,2022-01-29,2236,Halton Regional Health Unit,0.1443,821.0,1.33,0.654,0.848
22000,2022-01-29,2235,"Haliburton, Kawartha, Pine Ridge District Health Unit",0.0966,358.0,1.89,0.6532,0.9268
22001,2022-01-29,2234,Haldimand-Norfolk Health Unit,0.1634,198.0,1.74,0.6879,0.8136
22002,2022-01-29,2233,Grey Bruce Health Unit,0.0958,301.0,1.77,0.5039,0.7819
22003,2022-01-29,2258,Eastern Ontario Health Unit,0.2062,360.0,1.72,0.6744,0.9123
22004,2022-01-29,2230,Durham Regional Health Unit,0.1258,1235.0,1.73,0.7181,0.9082
22005,2022-01-29,2226,District of Algoma Health Unit,0.1239,333.0,2.91,0.3975,0.8467
22006,2022-01-29,2251,City of Ottawa Health Unit,0.1735,1242.0,1.18,0.7593,0.9221
22007,2022-01-29,2237,City of Hamilton Health Unit,0.1364,1318.0,2.23,0.7661,0.8822
22008,2022-01-29,2240,Chatham-Kent Health Unit,0.1957,246.0,2.31,0.714,0.8641
22009,2022-01-29,2227,Brant County Health Unit,0.1551,291.0,1.87,0.7573,0.9202
22010,2022-01-29,3895,City of Toronto Health Unit,0.1169,5553.0,1.78,0.7107,0.8954
22011,2022-01-29,2238,Hastings and Prince Edward Counties Health Unit,0.0935,522.0,3.1,0.8903,0.9671
22012,2022-01-29,2243,"Leeds, Grenville and Lanark District Health Unit",0.1675,224.0,1.3,0.7813,0.9354
22013,2022-01-29,2249,Northwestern Health Unit,0.2199,157.0,1.79,0.7066,0.8936
22014,2022-01-29,2261,Sudbury and District Health Unit,0.091,887.0,4.46,0.566,0.8953
22015,2022-01-29,2266,Wellington-Dufferin-Guelph Health Unit,0.1647,392.0,1.26,0.7047,0.8809
22016,2022-01-28,2270,York Regional Health Unit,0.1222,1813.0,1.48,0.5713,0.8214
22017,2022-01-28,2268,Windsor-Essex County Health Unit,0.1996,890.0,2.1,0.5391,0.8089
22018,2022-01-28,2266,Wellington-Dufferin-Guelph Health Unit,0.1688,399.0,1.28,0.6925,0.8668
22019,2022-01-28,2263,Timiskaming Health Unit,0.0608,85.0,2.59,0.5309,0.8974
22020,2022-01-28,2262,Thunder Bay District Health Unit,0.1462,441.0,2.94,0.7971,0.9658
22021,2022-01-28,2261,Sudbury and District Health Unit,0.0958,890.0,4.47,0.5427,0.8732
22022,2022-01-28,4913,Southwestern Public Health,0.1511,390.0,1.85,0.6543,0.8614
22023,2022-01-28,2260,Simcoe Muskoka District Health Unit,0.1295,1077.0,1.8,0.7183,0.9124
22024,2022-01-28,2257,Renfrew County and District Health Unit,0.1593,164.0,1.51,0.675,0.92
22025,2022-01-28,2256,Porcupine Health Unit,0.1313,245.0,2.93,0.7954,0.9306
22026,2022-01-28,2253,Peel Regional Health Unit,0.1614,2511.0,1.56,0.6881,0.8852
22027,2022-01-28,35,Ontario,0.1413,26833.0,1.81,0.6819,0.878
22028,2022-01-28,2249,Northwestern Health Unit,0.2163,159.0,1.82,0.6821,0.8766
22029,2022-01-28,2246,Niagara Regional Area Health Unit,0.1634,825.0,1.75,0.6431,0.8275
22030,2022-01-28,2244,Middlesex-London Health Unit,0.1772,941.0,1.85,0.753,0.8929
22031,2022-01-28,2243,"Leeds, Grenville and Lanark District Health Unit",0.1708,227.0,1.31,0.7704,0.9318
22032,2022-01-28,2241,"Kingston, Frontenac and Lennox and Addington Health Unit",0.0852,498.0,2.34,0.9204,0.9659
22033,2022-01-28,5183,Huron Perth Health Unit,0.1205,303.0,2.17,0.6625,0.894
22034,2022-01-28,2238,Hastings and Prince Edward Counties Health Unit,0.0989,526.0,3.12,0.8975,0.9686
22035,2022-01-28,2236,Halton Regional Health Unit,0.1502,839.0,1.35,0.6481,0.8401
22036,2022-01-28,2235,"Haliburton, Kawartha, Pine Ridge District Health Unit",0.1062,364.0,1.93,0.603,0.9249
22037,2022-01-28,2234,Haldimand-Norfolk Health Unit,0.1739,199.0,1.74,0.6381,0.7652
22038,2022-01-28,2233,Grey Bruce Health Unit,0.0986,301.0,1.77,0.4794,0.7468
22039,2022-01-28,2230,Durham Regional Health Unit,0.1323,1239.0,1.74,0.7023,0.8993
22040,2022-01-28,2226,District of Algoma Health Unit,0.1205,334.0,2.92,0.3546,0.8582
22041,2022-01-28,3895,City of Toronto Health Unit,0.1244,5598.0,1.79,0.6959,0.881
22042,2022-01-28,2237,City of Hamilton Health Unit,0.1372,1337.0,2.26,0.729,0.8487
22043,2022-01-28,2240,Chatham-Kent Health Unit,0.2032,240.0,2.26,0.7036,0.8553
22044,2022-01-28,2227,Brant County Health Unit,0.1511,293.0,1.89,0.7519,0.9079
22045,2022-01-28,2251,City of Ottawa Health Unit,0.1794,1261.0,1.2,0.7433,0.9184
22046,2022-01-28,2258,Eastern Ontario Health Unit,0.2035,364.0,1.74,0.6912,0.9127
22047,2022-01-28,2242,Lambton Health Unit,0.2178,231.0,1.76,0.6032,0.9282
22048,2022-01-28,2247,North Bay Parry Sound District Health Unit,0.1302,216.0,1.67,0.8643,0.9561
22049,2022-01-28,2255,Peterborough County-City Health Unit,0.1019,300.0,2.03,0.8446,0.95
22050,2022-01-28,2265,Waterloo Health Unit,0.137,1020.0,1.75,0.6784,0.8478
22051,2022-01-27,2268,Windsor-Essex County Health Unit,0.2025,919.0,2.16,0.5215,0.8013
22052,2022-01-27,2266,Wellington-Dufferin-Guelph Health Unit,0.1736,404.0,1.3,0.6399,0.8309
22053,2022-01-27,2265,Waterloo Health Unit,0.1449,1058.0,1.81,0.6538,0.8232
22054,2022-01-27,2263,Timiskaming Health Unit,0.0655,87.0,2.67,0.5463,0.8911
22055,2022-01-27,2262,Thunder Bay District Health Unit,0.1648,427.0,2.85,0.757,0.9591
22056,2022-01-27,2261,Sudbury and District Health Unit,0.0982,875.0,4.4,0.4753,0.8419
22057,2022-01-27,4913,Southwestern Public Health,0.1523,393.0,1.86,0.6388,0.8575
22058,2022-01-27,2257,Renfrew County and District Health Unit,0.1706,175.0,1.61,0.6522,0.9068
22059,2022-01-27,2256,Porcupine Health Unit,0.1282,243.0,2.91,0.7748,0.9249
22060,2022-01-27,2255,Peterborough County-City Health Unit,0.1018,310.0,2.1,0.8412,0.9474
22061,2022-01-27,35,Ontario,0.1455,27534.0,1.86,0.6526,0.8574
22062,2022-01-27,2249,Northwestern Health Unit,0.2334,157.0,1.79,0.6549,0.8565
22063,2022-01-27,2247,North Bay Parry Sound District Health Unit,0.1337,206.0,1.59,0.829,0.9469
22064,2022-01-27,2246,Niagara Regional Area Health Unit,0.172,855.0,1.81,0.6405,0.8122
22065,2022-01-27,2244,Middlesex-London Health Unit,0.1765,953.0,1.88,0.7271,0.8733
22066,2022-01-27,2243,"Leeds, Grenville and Lanark District Health Unit",0.1764,221.0,1.28,0.7657,0.9264
22067,2022-01-27,2242,Lambton Health Unit,0.223,247.0,1.89,0.528,0.906
22068,2022-01-27,2241,"Kingston, Frontenac and Lennox and Addington Health Unit",0.0846,523.0,2.46,0.9144,0.9641
22069,2022-01-27,5183,Huron Perth Health Unit,0.1146,345.0,2.47,0.6199,0.8665
22070,2022-01-27,2238,Hastings and Prince Edward Counties Health Unit,0.0939,536.0,3.18,0.8986,0.969
22071,2022-01-27,2236,Halton Regional Health Unit,0.1522,852.0,1.38,0.625,0.8103
22072,2022-01-27,2234,Haldimand-Norfolk Health Unit,0.1777,215.0,1.89,0.6289,0.7322
22073,2022-01-27,2233,Grey Bruce Health Unit,0.1005,290.0,1.71,0.4384,0.6961
22074,2022-01-27,2258,Eastern Ontario Health Unit,0.1959,391.0,1.87,0.6632,0.9062
22075,2022-01-27,2226,District of Algoma Health Unit,0.109,370.0,3.23,0.3426,0.8735
22076,2022-01-27,3895,City of Toronto Health Unit,0.1281,5783.0,1.85,0.6535,0.8543
22077,2022-01-27,2251,City of Ottawa Health Unit,0.182,1291.0,1.22,0.7286,0.906
22078,2022-01-27,2240,Chatham-Kent Health Unit,0.2138,244.0,2.29,0.6977,0.8523
22079,2022-01-27,2227,Brant County Health Unit,0.1529,304.0,1.96,0.7104,0.8749
22080,2022-01-27,2237,City of Hamilton Health Unit,0.1417,1383.0,2.34,0.7163,0.8337
22081,2022-01-27,2230,Durham Regional Health Unit,0.1377,1283.0,1.8,0.6694,0.8777
22082,2022-01-27,2235,"Haliburton, Kawartha, Pine Ridge District Health Unit",0.1037,401.0,2.12,0.6203,0.9105
22083,2022-01-27,2253,Peel Regional Health Unit,0.1731,2540.0,1.58,0.6569,0.8571
22084,2022-01-27,2260,Simcoe Muskoka District Health Unit,0.1349,1086.0,1.81,0.6897,0.8982
22085,2022-01-27,2270,York Regional Health Unit,0.1272,1854.0,1.51,0.5391,0.7984
22086,2022-01-26,2270,York Regional Health Unit,0.1301,1934.0,1.58,0.5136,0.7888
22087,2022-01-26,2268,Windsor-Essex County Health Unit,0.2072,913.0,2.15,0.5056,0.7981
22088,2022-01-26,2266,Wellington-Dufferin-Guelph Health Unit,0.1897,384.0,1.23,0.6102,0.8046
22089,2022-01-26,2265,Waterloo Health Unit,0.1573,1033.0,1.77,0.6356,0.8085
22090,2022-01-26,2263,Timiskaming Health Unit,0.0662,86.0,2.64,0.5748,0.8958
22091,2022-01-26,2261,Sudbury and District Health Unit,0.1029,852.0,4.28,0.5093,0.8643
22092,2022-01-26,4913,Southwestern Public Health,0.1667,408.0,1.93,0.5984,0.8613
22093,2022-01-26,2260,Simcoe Muskoka District Health Unit,0.1361,1108.0,1.85,0.66,0.8839
22094,2022-01-26,2256,Porcupine Health Unit,0.1401,224.0,2.69,0.743,0.891
22095,2022-01-26,2255,Peterborough County-City Health Unit,0.1103,315.0,2.13,0.7871,0.9247
22096,2022-01-26,2253,Peel Regional Health Unit,0.18,2629.0,1.64,0.6229,0.8418
22097,2022-01-26,2249,Northwestern Health Unit,0.247,153.0,1.74,0.6518,0.856
22098,2022-01-26,2247,North Bay Parry Sound District Health Unit,0.1546,189.0,1.46,0.8101,0.9363
22099,2022-01-26,2246,Niagara Regional Area Health Unit,0.1787,857.0,1.81,0.6543,0.8064
22100,2022-01-26,2244,Middlesex-London Health Unit,0.1902,930.0,1.83,0.7049,0.8611
22101,2022-01-26,2243,"Leeds, Grenville and Lanark District Health Unit",0.1844,219.0,1.27,0.7202,0.9185
22102,2022-01-26,2242,Lambton Health Unit,0.242,227.0,1.73,0.4587,0.8938
22103,2022-01-26,2241,"Kingston, Frontenac and Lennox and Addington Health Unit",0.0805,555.0,2.61,0.9138,0.963
22104,2022-01-26,2238,Hastings and Prince Edward Counties Health Unit,0.0943,527.0,3.13,0.8991,0.9722
22105,2022-01-26,2236,Halton Regional Health Unit,0.1573,863.0,1.39,0.5946,0.7822
22106,2022-01-26,2235,"Haliburton, Kawartha, Pine Ridge District Health Unit",0.1111,432.0,2.29,0.6094,0.8886
22107,2022-01-26,2233,Grey Bruce Health Unit,0.0977,307.0,1.81,0.3896,0.6524
22108,2022-01-26,2258,Eastern Ontario Health Unit,0.2033,401.0,1.92,0.6532,0.9251
22109,2022-01-26,2230,Durham Regional Health Unit,0.1442,1302.0,1.83,0.6259,0.8379
22110,2022-01-26,3895,City of Toronto Health Unit,0.1356,5940.0,1.9,0.6174,0.825
22111,2022-01-26,2251,City of Ottawa Health Unit,0.1946,1318.0,1.25,0.7029,0.9
22112,2022-01-26,2237,City of Hamilton Health Unit,0.145,1424.0,2.4,0.7189,0.8407
22113,2022-01-26,2240,Chatham-Kent Health Unit,0.2064,255.0,2.4,0.6998,0.8622
22114,2022-01-26,2227,Brant County Health Unit,0.1657,298.0,1.92,0.6726,0.8649
22115,2022-01-26,2226,District of Algoma Health Unit,0.1064,377.0,3.3,0.3425,0.8928
22116,2022-01-26,2234,Haldimand-Norfolk Health Unit,0.1812,222.0,1.95,0.5956,0.7242
22117,2022-01-26,5183,Huron Perth Health Unit,0.1195,343.0,2.46,0.5637,0.8262
22118,2022-01-26,35,Ontario,0.1519,27944.0,1.88,0.6291,0.8431
22119,2022-01-26,2257,Renfrew County and District Health Unit,0.18,171.0,1.58,0.6031,0.905
22120,2022-01-26,2262,Thunder Bay District Health Unit,0.1671,428.0,2.85,0.7396,0.9592
22121,2022-01-25,2270,York Regional Health Unit,0.1341,1986.0,1.62,0.5007,0.7529
22122,2022-01-25,2268,Windsor-Essex County Health Unit,0.2069,929.0,2.19,0.4598,0.7715
22123,2022-01-25,2265,Waterloo Health Unit,0.1615,1074.0,1.84,0.6214,0.785
22124,2022-01-25,2263,Timiskaming Health Unit,0.0639,85.0,2.6,0.5548,0.8998
22125,2022-01-25,2262,Thunder Bay District Health Unit,0.1731,431.0,2.87,0.7805,0.9599
22126,2022-01-25,4913,Southwestern Public Health,0.169,413.0,1.95,0.602,0.8562
22127,2022-01-25,2260,Simcoe Muskoka District Health Unit,0.1401,1145.0,1.91,0.6428,0.8601
22128,2022-01-25,2257,Renfrew County and District Health Unit,0.18,168.0,1.55,0.5776,0.9117
22129,2022-01-25,2255,Peterborough County-City Health Unit,0.1164,282.0,1.91,0.7658,0.8944
22130,2022-01-25,2253,Peel Regional Health Unit,0.1913,2730.0,1.7,0.5876,0.7967
22131,2022-01-25,35,Ontario,0.1577,28794.0,1.94,0.6155,0.8218
22132,2022-01-25,2249,Northwestern Health Unit,0.2621,151.0,1.72,0.6472,0.861
22133,2022-01-25,2247,North Bay Parry Sound District Health Unit,0.1457,204.0,1.57,0.8138,0.9384
22134,2022-01-25,2246,Niagara Regional Area Health Unit,0.1886,895.0,1.9,0.6695,0.8139
22135,2022-01-25,2244,Middlesex-London Health Unit,0.19,916.0,1.8,0.6835,0.8396
22136,2022-01-25,2242,Lambton Health Unit,0.2709,219.0,1.67,0.4922,0.8781
22137,2022-01-25,2241,"Kingston, Frontenac and Lennox and Addington Health Unit",0.0865,563.0,2.65,0.918,0.9614
22138,2022-01-25,5183,Huron Perth Health Unit,0.1136,345.0,2.47,0.5951,0.839
22139,2022-01-25,2236,Halton Regional Health Unit,0.1611,855.0,1.38,0.5769,0.7496
22140,2022-01-25,2235,"Haliburton, Kawartha, Pine Ridge District Health Unit",0.1167,436.0,2.31,0.5807,0.8608
22141,2022-01-25,2234,Haldimand-Norfolk Health Unit,0.184,216.0,1.89,0.6287,0.7577
22142,2022-01-25,2258,Eastern Ontario Health Unit,0.1984,420.0,2.01,0.6693,0.9105
22143,2022-01-25,2230,Durham Regional Health Unit,0.1562,1342.0,1.88,0.6022,0.8137
22144,2022-01-25,2226,District of Algoma Health Unit,0.112,394.0,3.44,0.373,0.9011
22145,2022-01-25,3895,City of Toronto Health Unit,0.1434,6132.0,1.97,0.5896,0.7935
22146,2022-01-25,2251,City of Ottawa Health Unit,0.2046,1372.0,1.3,0.6867,0.8793
22147,2022-01-25,2237,City of Hamilton Health Unit,0.1515,1544.0,2.61,0.7249,0.8436
22148,2022-01-25,2240,Chatham-Kent Health Unit,0.2195,266.0,2.5,0.6933,0.8555
22149,2022-01-25,2227,Brant County Health Unit,0.1644,311.0,2.0,0.6662,0.8095
22150,2022-01-25,2233,Grey Bruce Health Unit,0.0969,302.0,1.78,0.4026,0.6722
22151,2022-01-25,2238,Hastings and Prince Edward Counties Health Unit,0.0853,539.0,3.2,0.8873,0.9701
22152,2022-01-25,2243,"Leeds, Grenville and Lanark District Health Unit",0.1943,230.0,1.33,0.7279,0.8981
22153,2022-01-25,2256,Porcupine Health Unit,0.1308,229.0,2.75,0.7528,0.9047
22154,2022-01-25,2261,Sudbury and District Health Unit,0.109,931.0,4.68,0.5315,0.8669
22155,2022-01-25,2266,Wellington-Dufferin-Guelph Health Unit,0.1864,420.0,1.35,0.6088,0.801
22156,2022-01-24,2270,York Regional Health Unit,0.142,2052.0,1.67,0.4479,0.7003
22157,2022-01-24,2268,Windsor-Essex County Health Unit,0.2145,949.0,2.23,0.4693,0.7864
22158,2022-01-24,2266,Wellington-Dufferin-Guelph Health Unit,0.1874,432.0,1.39,0.5695,0.7678
22159,2022-01-24,2263,Timiskaming Health Unit,0.0657,85.0,2.6,0.5618,0.8946
22160,2022-01-24,2262,Thunder Bay District Health Unit,0.1651,443.0,2.95,0.7495,0.9534
22161,2022-01-24,2261,Sudbury and District Health Unit,0.1149,941.0,4.73,0.542,0.8495
22162,2022-01-24,2260,Simcoe Muskoka District Health Unit,0.1448,1192.0,1.99,0.5993,0.8235
22163,2022-01-24,2257,Renfrew County and District Health Unit,0.1827,174.0,1.6,0.5153,0.9075
22164,2022-01-24,2256,Porcupine Health Unit,0.1313,225.0,2.7,0.7115,0.8848
22165,2022-01-24,2255,Peterborough County-City Health Unit,0.1221,289.0,1.95,0.7444,0.8763
22166,2022-01-24,2253,Peel Regional Health Unit,0.2043,2837.0,1.77,0.5477,0.7584
22167,2022-01-24,35,Ontario,0.1645,29448.0,1.99,0.5843,0.7927
22168,2022-01-24,2249,Northwestern Health Unit,0.2529,150.0,1.71,0.6519,0.8591
22169,2022-01-24,2247,North Bay Parry Sound District Health Unit,0.1345,211.0,1.63,0.8156,0.9301
22170,2022-01-24,2246,Niagara Regional Area Health Unit,0.2025,891.0,1.89,0.6286,0.7832
22171,2022-01-24,2244,Middlesex-London Health Unit,0.1924,938.0,1.85,0.6895,0.8461
22172,2022-01-24,2243,"Leeds, Grenville and Lanark District Health Unit",0.1993,240.0,1.39,0.7241,0.8899
22173,2022-01-24,2242,Lambton Health Unit,0.2725,232.0,1.77,0.5268,0.8851
22174,2022-01-24,2241,"Kingston, Frontenac and Lennox and Addington Health Unit",0.0864,576.0,2.71,0.9165,0.9583
22175,2022-01-24,5183,Huron Perth Health Unit,0.1161,381.0,2.73,0.6282,0.8505
22176,2022-01-24,2238,Hastings and Prince Edward Counties Health Unit,0.0892,564.0,3.35,0.8661,0.958
22177,2022-01-24,2236,Halton Regional Health Unit,0.1642,881.0,1.42,0.5504,0.7183
22178,2022-01-24,2235,"Haliburton, Kawartha, Pine Ridge District Health Unit",0.1233,432.0,2.29,0.5426,0.8653
22179,2022-01-24,2234,Haldimand-Norfolk Health Unit,0.1983,225.0,1.97,0.6071,0.7663
22180,2022-01-24,2233,Grey Bruce Health Unit,0.0979,298.0,1.75,0.3764,0.6607
22181,2022-01-24,2258,Eastern Ontario Health Unit,0.2064,457.0,2.19,0.6481,0.9031
22182,2022-01-24,4913,Southwestern Public Health,0.1725,429.0,2.03,0.6347,0.8744
22183,2022-01-24,2230,Durham Regional Health Unit,0.1688,1342.0,1.88,0.5341,0.7517
22184,2022-01-24,2226,District of Algoma Health Unit,0.1109,390.0,3.41,0.3632,0.887
22185,2022-01-24,3895,City of Toronto Health Unit,0.1491,6212.0,1.99,0.5397,0.7403
22186,2022-01-24,2265,Waterloo Health Unit,0.1659,1080.0,1.85,0.5915,0.749
22187,2022-01-24,2251,City of Ottawa Health Unit,0.2107,1424.0,1.35,0.6745,0.8656
22188,2022-01-24,2237,City of Hamilton Health Unit,0.1628,1565.0,2.64,0.7045,0.8314
22189,2022-01-24,2240,Chatham-Kent Health Unit,0.2419,264.0,2.48,0.7021,0.8809
22190,2022-01-24,2227,Brant County Health Unit,0.1679,316.0,2.04,0.6326,0.7955
22191,2022-01-23,2270,York Regional Health Unit,0.1474,1873.0,1.53,0.4319,0.6677
22192,2022-01-23,2268,Windsor-Essex County Health Unit,0.2153,996.0,2.34,0.4555,0.8015
22193,2022-01-23,2266,Wellington-Dufferin-Guelph Health Unit,0.1823,423.0,1.36,0.5738,0.7598
22194,2022-01-23,2265,Waterloo Health Unit,0.1659,1013.0,1.73,0.5971,0.7593
22195,2022-01-23,2263,Timiskaming Health Unit,0.0603,88.0,2.68,0.6,0.9482
22196,2022-01-23,2262,Thunder Bay District Health Unit,0.1755,393.0,2.62,0.7234,0.9503
22197,2022-01-23,2261,Sudbury and District Health Unit,0.1174,887.0,4.46,0.5498,0.8359
22198,2022-01-23,4913,Southwestern Public Health,0.1652,441.0,2.09,0.622,0.8714
22199,2022-01-23,2260,Simcoe Muskoka District Health Unit,0.1573,1104.0,1.84,0.5876,0.8019
22200,2022-01-23,2257,Renfrew County and District Health Unit,0.1831,157.0,1.44,0.4911,0.8867
22201,2022-01-23,2256,Porcupine Health Unit,0.1478,201.0,2.41,0.7415,0.892
22202,2022-01-23,2255,Peterborough County-City Health Unit,0.1268,270.0,1.83,0.742,0.871
22203,2022-01-23,2253,Peel Regional Health Unit,0.2064,2623.0,1.63,0.5362,0.7391
22204,2022-01-23,35,Ontario,0.1668,27849.0,1.88,0.5782,0.7809
22205,2022-01-23,2249,Northwestern Health Unit,0.2559,157.0,1.79,0.6443,0.8548
22206,2022-01-23,2247,North Bay Parry Sound District Health Unit,0.1383,218.0,1.68,0.8068,0.9146
22207,2022-01-23,2246,Niagara Regional Area Health Unit,0.2027,812.0,1.72,0.6314,0.7761
22208,2022-01-23,2244,Middlesex-London Health Unit,0.1898,959.0,1.89,0.6884,0.8456
22209,2022-01-23,2243,"Leeds, Grenville and Lanark District Health Unit",0.184,221.0,1.28,0.7077,0.8807
22210,2022-01-23,2242,Lambton Health Unit,0.2889,234.0,1.79,0.5215,0.8773
22211,2022-01-23,2241,"Kingston, Frontenac and Lennox and Addington Health Unit",0.0849,555.0,2.61,0.9132,0.9525
22212,2022-01-23,5183,Huron Perth Health Unit,0.109,413.0,2.96,0.6305,0.8493
22213,2022-01-23,2238,Hastings and Prince Edward Counties Health Unit,0.0884,472.0,2.8,0.8546,0.9475
22214,2022-01-23,2236,Halton Regional Health Unit,0.1682,799.0,1.29,0.5469,0.6956
22215,2022-01-23,2235,"Haliburton, Kawartha, Pine Ridge District Health Unit",0.1231,407.0,2.16,0.5397,0.8526
22216,2022-01-23,2234,Haldimand-Norfolk Health Unit,0.1873,221.0,1.94,0.6279,0.7801
22217,2022-01-23,2233,Grey Bruce Health Unit,0.0941,314.0,1.85,0.3694,0.6833
22218,2022-01-23,2258,Eastern Ontario Health Unit,0.2126,427.0,2.05,0.6462,0.8971
22219,2022-01-23,2230,Durham Regional Health Unit,0.168,1233.0,1.73,0.5161,0.7171
22220,2022-01-23,2226,District of Algoma Health Unit,0.1174,363.0,3.17,0.381,0.9107
22221,2022-01-23,3895,City of Toronto Health Unit,0.1481,5914.0,1.9,0.5358,0.7245
22222,2022-01-23,2251,City of Ottawa Health Unit,0.2118,1367.0,1.3,0.6576,0.8554
22223,2022-01-23,2237,City of Hamilton Health Unit,0.1763,1440.0,2.43,0.7181,0.8369
22224,2022-01-23,2240,Chatham-Kent Health Unit,0.2546,256.0,2.41,0.688,0.892
22225,2022-01-23,2227,Brant County Health Unit,0.1768,294.0,1.9,0.6102,0.7735
22226,2022-01-22,2270,York Regional Health Unit,0.156,1883.0,1.54,0.3942,0.6154
22227,2022-01-22,2268,Windsor-Essex County Health Unit,0.2234,1019.0,2.4,0.4414,0.7894
22228,2022-01-22,2266,Wellington-Dufferin-Guelph Health Unit,0.1849,435.0,1.39,0.543,0.7339
22229,2022-01-22,2265,Waterloo Health Unit,0.1707,1032.0,1.77,0.5913,0.7371
22230,2022-01-22,2263,Timiskaming Health Unit,0.0643,84.0,2.58,0.5674,0.8901
22231,2022-01-22,2262,Thunder Bay District Health Unit,0.1776,387.0,2.58,0.7251,0.9375
22232,2022-01-22,2261,Sudbury and District Health Unit,0.1235,870.0,4.37,0.5505,0.8312
22233,2022-01-22,4913,Southwestern Public Health,0.1718,440.0,2.08,0.6126,0.8795
22234,2022-01-22,2260,Simcoe Muskoka District Health Unit,0.1624,1106.0,1.85,0.5507,0.7718
22235,2022-01-22,2257,Renfrew County and District Health Unit,0.1782,160.0,1.47,0.4439,0.8585
22236,2022-01-22,2256,Porcupine Health Unit,0.1504,209.0,2.5,0.7128,0.8824
22237,2022-01-22,2255,Peterborough County-City Health Unit,0.1253,277.0,1.87,0.7402,0.8691
22238,2022-01-22,2253,Peel Regional Health Unit,0.2147,2654.0,1.65,0.5073,0.7185
22239,2022-01-22,35,Ontario,0.1711,28291.0,1.91,0.5535,0.754
22240,2022-01-22,2249,Northwestern Health Unit,0.2566,156.0,1.78,0.6457,0.8515
22241,2022-01-22,2247,North Bay Parry Sound District Health Unit,0.144,217.0,1.67,0.7634,0.8746
22242,2022-01-22,2246,Niagara Regional Area Health Unit,0.2088,831.0,1.76,0.5823,0.7358
22243,2022-01-22,2244,Middlesex-London Health Unit,0.1878,1006.0,1.98,0.6794,0.8355
22244,2022-01-22,2243,"Leeds, Grenville and Lanark District Health Unit",0.1859,221.0,1.28,0.7083,0.8698
22245,2022-01-22,2242,Lambton Health Unit,0.2879,238.0,1.82,0.5427,0.8669
22246,2022-01-22,2241,"Kingston, Frontenac and Lennox and Addington Health Unit",0.0821,555.0,2.61,0.8946,0.9392
22247,2022-01-22,5183,Huron Perth Health Unit,0.1086,417.0,2.98,0.6125,0.8459
22248,2022-01-22,2238,Hastings and Prince Edward Counties Health Unit,0.0842,487.0,2.89,0.8487,0.9431
22249,2022-01-22,2236,Halton Regional Health Unit,0.1734,820.0,1.32,0.5201,0.6738
22250,2022-01-22,2235,"Haliburton, Kawartha, Pine Ridge District Health Unit",0.1231,436.0,2.31,0.5294,0.8133
22251,2022-01-22,2234,Haldimand-Norfolk Health Unit,0.1889,231.0,2.03,0.6216,0.7739
22252,2022-01-22,2233,Grey Bruce Health Unit,0.0902,315.0,1.85,0.3111,0.6929
22253,2022-01-22,2258,Eastern Ontario Health Unit,0.2137,432.0,2.07,0.6568,0.8706
22254,2022-01-22,2230,Durham Regional Health Unit,0.1788,1250.0,1.75,0.4703,0.6763
22255,2022-01-22,2226,District of Algoma Health Unit,0.1142,364.0,3.18,0.4459,0.9152
22256,2022-01-22,3895,City of Toronto Health Unit,0.1521,6015.0,1.93,0.5047,0.6915
22257,2022-01-22,2251,City of Ottawa Health Unit,0.2156,1375.0,1.3,0.6475,0.8344
22258,2022-01-22,2237,City of Hamilton Health Unit,0.1761,1487.0,2.51,0.7045,0.8186
22259,2022-01-22,2240,Chatham-Kent Health Unit,0.2515,257.0,2.41,0.6947,0.8918
22260,2022-01-22,2227,Brant County Health Unit,0.1913,313.0,2.02,0.5708,0.7431
22261,2022-01-21,2270,York Regional Health Unit,0.1607,1922.0,1.57,0.37,0.5826
22262,2022-01-21,2268,Windsor-Essex County Health Unit,0.2244,1082.0,2.55,0.4172,0.7503
22263,2022-01-21,2266,Wellington-Dufferin-Guelph Health Unit,0.1862,440.0,1.41,0.4971,0.7205
22264,2022-01-21,2265,Waterloo Health Unit,0.1739,1069.0,1.83,0.5723,0.7337
22265,2022-01-21,2263,Timiskaming Health Unit,0.0642,82.0,2.52,0.5478,0.9029
22266,2022-01-21,2262,Thunder Bay District Health Unit,0.1779,395.0,2.63,0.7421,0.9349
22267,2022-01-21,2261,Sudbury and District Health Unit,0.1239,868.0,4.36,0.5493,0.8552
22268,2022-01-21,4913,Southwestern Public Health,0.17,448.0,2.12,0.6197,0.8853
22269,2022-01-21,2260,Simcoe Muskoka District Health Unit,0.1663,1136.0,1.89,0.5075,0.7336
22270,2022-01-21,2257,Renfrew County and District Health Unit,0.1688,157.0,1.45,0.4046,0.8498
22271,2022-01-21,2256,Porcupine Health Unit,0.1471,209.0,2.5,0.7102,0.8734
22272,2022-01-21,2255,Peterborough County-City Health Unit,0.1195,275.0,1.86,0.7394,0.8685
22273,2022-01-21,2253,Peel Regional Health Unit,0.2239,2742.0,1.71,0.492,0.7015
22274,2022-01-21,35,Ontario,0.1745,29020.0,1.96,0.5403,0.7396
22275,2022-01-21,2249,Northwestern Health Unit,0.2578,156.0,1.78,0.6453,0.8335
22276,2022-01-21,2247,North Bay Parry Sound District Health Unit,0.1484,213.0,1.64,0.7591,0.8722
22277,2022-01-21,2246,Niagara Regional Area Health Unit,0.2139,844.0,1.79,0.5769,0.7269
22278,2022-01-21,2244,Middlesex-London Health Unit,0.1892,1032.0,2.03,0.6727,0.8388
22279,2022-01-21,2243,"Leeds, Grenville and Lanark District Health Unit",0.1757,237.0,1.37,0.701,0.8547
22280,2022-01-21,2242,Lambton Health Unit,0.2926,248.0,1.89,0.4976,0.8567
22281,2022-01-21,2241,"Kingston, Frontenac and Lennox and Addington Health Unit",0.0785,557.0,2.62,0.8876,0.9344
22282,2022-01-21,5183,Huron Perth Health Unit,0.1068,430.0,3.07,0.6322,0.8583
22283,2022-01-21,2238,Hastings and Prince Edward Counties Health Unit,0.0808,484.0,2.87,0.851,0.9423
22284,2022-01-21,2236,Halton Regional Health Unit,0.1786,833.0,1.34,0.5026,0.6637
22285,2022-01-21,2235,"Haliburton, Kawartha, Pine Ridge District Health Unit",0.1218,438.0,2.32,0.5407,0.7656
22286,2022-01-21,2234,Haldimand-Norfolk Health Unit,0.1937,232.0,2.04,0.6704,0.8324
22287,2022-01-21,2233,Grey Bruce Health Unit,0.0945,331.0,1.95,0.2944,0.703
22288,2022-01-21,2258,Eastern Ontario Health Unit,0.2253,431.0,2.07,0.6329,0.8646
22289,2022-01-21,2230,Durham Regional Health Unit,0.1881,1262.0,1.77,0.4378,0.6264
22290,2022-01-21,2226,District of Algoma Health Unit,0.1176,370.0,3.24,0.4866,0.9003
22291,2022-01-21,3895,City of Toronto Health Unit,0.1539,6254.0,2.0,0.4928,0.6721
22292,2022-01-21,2251,City of Ottawa Health Unit,0.2167,1423.0,1.35,0.6439,0.8278
22293,2022-01-21,2237,City of Hamilton Health Unit,0.1845,1509.0,2.55,0.73,0.8436
22294,2022-01-21,2240,Chatham-Kent Health Unit,0.2504,260.0,2.44,0.6723,0.906
22295,2022-01-21,2227,Brant County Health Unit,0.1967,333.0,2.15,0.5586,0.7361
22296,2022-01-20,2270,York Regional Health Unit,0.1604,1989.0,1.62,0.3514,0.5504
22297,2022-01-20,2268,Windsor-Essex County Health Unit,0.2249,1125.0,2.65,0.3957,0.7196
22298,2022-01-20,2266,Wellington-Dufferin-Guelph Health Unit,0.1848,450.0,1.44,0.4721,0.7118
22299,2022-01-20,2265,Waterloo Health Unit,0.1765,1027.0,1.76,0.5512,0.7269
22300,2022-01-20,2263,Timiskaming Health Unit,0.0635,79.0,2.41,0.5792,0.9032
22301,2022-01-20,2262,Thunder Bay District Health Unit,0.1655,393.0,2.62,0.7785,0.9258
22302,2022-01-20,2261,Sudbury and District Health Unit,0.1277,906.0,4.55,0.5745,0.9006
22303,2022-01-20,4913,Southwestern Public Health,0.1694,468.0,2.21,0.6138,0.8775
22304,2022-01-20,2260,Simcoe Muskoka District Health Unit,0.1688,1187.0,1.98,0.4884,0.7004
22305,2022-01-20,2257,Renfrew County and District Health Unit,0.1668,153.0,1.41,0.4147,0.8586
22306,2022-01-20,2256,Porcupine Health Unit,0.1445,208.0,2.49,0.6747,0.831
22307,2022-01-20,2255,Peterborough County-City Health Unit,0.1178,290.0,1.96,0.7298,0.858
22308,2022-01-20,2253,Peel Regional Health Unit,0.2284,2902.0,1.81,0.4794,0.6835
22309,2022-01-20,35,Ontario,0.1765,30199.0,2.04,0.5297,0.7271
22310,2022-01-20,2249,Northwestern Health Unit,0.2386,160.0,1.82,0.6525,0.8593
22311,2022-01-20,2247,North Bay Parry Sound District Health Unit,0.1451,224.0,1.73,0.7792,0.8703
22312,2022-01-20,2246,Niagara Regional Area Health Unit,0.2182,884.0,1.87,0.5469,0.7199
22313,2022-01-20,2244,Middlesex-London Health Unit,0.1939,1089.0,2.15,0.6569,0.8303
22314,2022-01-20,2243,"Leeds, Grenville and Lanark District Health Unit",0.1885,240.0,1.39,0.6903,0.8348
22315,2022-01-20,2242,Lambton Health Unit,0.2946,242.0,1.85,0.4841,0.857
22316,2022-01-20,2241,"Kingston, Frontenac and Lennox and Addington Health Unit",0.0755,558.0,2.62,0.8732,0.9278
22317,2022-01-20,5183,Huron Perth Health Unit,0.0964,462.0,3.31,0.6071,0.8388
22318,2022-01-20,2238,Hastings and Prince Edward Counties Health Unit,0.088,528.0,3.13,0.8474,0.9354
22319,2022-01-20,2236,Halton Regional Health Unit,0.181,857.0,1.38,0.4916,0.656
22320,2022-01-20,2235,"Haliburton, Kawartha, Pine Ridge District Health Unit",0.1291,449.0,2.38,0.505,0.7357
22321,2022-01-20,2234,Haldimand-Norfolk Health Unit,0.1902,240.0,2.11,0.6588,0.8527
22322,2022-01-20,2233,Grey Bruce Health Unit,0.0963,374.0,2.2,0.3006,0.7508
22323,2022-01-20,2258,Eastern Ontario Health Unit,0.2336,438.0,2.1,0.6523,0.8804
22324,2022-01-20,2230,Durham Regional Health Unit,0.1993,1331.0,1.87,0.4314,0.5936
22325,2022-01-20,2226,District of Algoma Health Unit,0.1374,330.0,2.88,0.5376,0.8989
22326,2022-01-20,3895,City of Toronto Health Unit,0.1556,6670.0,2.14,0.4841,0.6572
22327,2022-01-20,2251,City of Ottawa Health Unit,0.218,1460.0,1.38,0.6245,0.8248
22328,2022-01-20,2237,City of Hamilton Health Unit,0.1873,1518.0,2.56,0.7296,0.8496
22329,2022-01-20,2240,Chatham-Kent Health Unit,0.2457,275.0,2.59,0.6377,0.8845
22330,2022-01-20,2227,Brant County Health Unit,0.1933,350.0,2.26,0.5551,0.7527
22331,2022-01-19,2270,York Regional Health Unit,0.1686,2091.0,1.71,0.3299,0.5256
22332,2022-01-19,2268,Windsor-Essex County Health Unit,0.2245,1187.0,2.79,0.361,0.7027
22333,2022-01-19,2266,Wellington-Dufferin-Guelph Health Unit,0.182,484.0,1.55,0.4674,0.7084
22334,2022-01-19,2265,Waterloo Health Unit,0.1682,1086.0,1.86,0.5594,0.7423
22335,2022-01-19,2263,Timiskaming Health Unit,0.0863,96.0,2.94,0.545,0.8975
22336,2022-01-19,2262,Thunder Bay District Health Unit,0.1648,393.0,2.62,0.7962,0.9135
22337,2022-01-19,2261,Sudbury and District Health Unit,0.1215,989.0,4.97,0.593,0.893
22338,2022-01-19,4913,Southwestern Public Health,0.1545,482.0,2.28,0.6323,0.8626
22339,2022-01-19,2260,Simcoe Muskoka District Health Unit,0.1651,1258.0,2.1,0.4638,0.6703
22340,2022-01-19,2257,Renfrew County and District Health Unit,0.1674,158.0,1.45,0.4162,0.8094
22341,2022-01-19,2256,Porcupine Health Unit,0.1411,213.0,2.55,0.7238,0.854
22342,2022-01-19,2255,Peterborough County-City Health Unit,0.13,294.0,1.99,0.7581,0.8626
22343,2022-01-19,2253,Peel Regional Health Unit,0.2389,2965.0,1.85,0.4679,0.6627
22344,2022-01-19,35,Ontario,0.1792,31444.0,2.12,0.5147,0.7109
22345,2022-01-19,2249,Northwestern Health Unit,0.2283,165.0,1.88,0.6625,0.8539
22346,2022-01-19,2247,North Bay Parry Sound District Health Unit,0.1318,238.0,1.84,0.7535,0.8502
22347,2022-01-19,2246,Niagara Regional Area Health Unit,0.2237,941.0,1.99,0.516,0.7005
22348,2022-01-19,2244,Middlesex-London Health Unit,0.1923,1149.0,2.26,0.6602,0.8243
22349,2022-01-19,2243,"Leeds, Grenville and Lanark District Health Unit",0.1806,246.0,1.42,0.7115,0.8128
22350,2022-01-19,2242,Lambton Health Unit,0.2966,262.0,2.0,0.479,0.8528
22351,2022-01-19,2241,"Kingston, Frontenac and Lennox and Addington Health Unit",0.0735,566.0,2.66,0.8601,0.9173
22352,2022-01-19,5183,Huron Perth Health Unit,0.0912,467.0,3.34,0.6042,0.862
22353,2022-01-19,2238,Hastings and Prince Edward Counties Health Unit,0.0961,555.0,3.29,0.8549,0.9412
22354,2022-01-19,2236,Halton Regional Health Unit,0.1838,883.0,1.43,0.4747,0.6405
22355,2022-01-19,2235,"Haliburton, Kawartha, Pine Ridge District Health Unit",0.126,435.0,2.3,0.4604,0.7108
22356,2022-01-19,2234,Haldimand-Norfolk Health Unit,0.193,240.0,2.1,0.6153,0.8448
22357,2022-01-19,2233,Grey Bruce Health Unit,0.0973,385.0,2.26,0.3124,0.7604
22358,2022-01-19,2258,Eastern Ontario Health Unit,0.2218,470.0,2.25,0.6256,0.8527
22359,2022-01-19,2230,Durham Regional Health Unit,0.213,1445.0,2.03,0.4112,0.5856
22360,2022-01-19,2226,District of Algoma Health Unit,0.1389,322.0,2.81,0.5803,0.8793
22361,2022-01-19,3895,City of Toronto Health Unit,0.1605,6895.0,2.21,0.4637,0.6417
22362,2022-01-19,2251,City of Ottawa Health Unit,0.2162,1510.0,1.43,0.6112,0.7974
22363,2022-01-19,2237,City of Hamilton Health Unit,0.1917,1562.0,2.64,0.7077,0.8431
22364,2022-01-19,2240,Chatham-Kent Health Unit,0.2622,271.0,2.55,0.6227,0.8666
22365,2022-01-19,2227,Brant County Health Unit,0.1893,382.0,2.46,0.5553,0.7353
22366,2022-01-18,2270,York Regional Health Unit,0.1749,2226.0,1.82,0.3071,0.4989
22367,2022-01-18,2268,Windsor-Essex County Health Unit,0.2204,1169.0,2.75,0.3578,0.7158
22368,2022-01-18,2266,Wellington-Dufferin-Guelph Health Unit,0.189,490.0,1.57,0.4415,0.7053
22369,2022-01-18,2265,Waterloo Health Unit,0.1773,1150.0,1.97,0.5382,0.7505
22370,2022-01-18,2263,Timiskaming Health Unit,0.101,89.0,2.73,0.5714,0.8722
22371,2022-01-18,2262,Thunder Bay District Health Unit,0.1594,376.0,2.51,0.8046,0.9064
22372,2022-01-18,2261,Sudbury and District Health Unit,0.1232,1030.0,5.17,0.5975,0.887
22373,2022-01-18,4913,Southwestern Public Health,0.1543,485.0,2.29,0.6079,0.8759
22374,2022-01-18,2260,Simcoe Muskoka District Health Unit,0.1657,1275.0,2.13,0.4531,0.6445
22375,2022-01-18,2257,Renfrew County and District Health Unit,0.1577,167.0,1.53,0.4223,0.7377
22376,2022-01-18,2256,Porcupine Health Unit,0.1356,233.0,2.79,0.6865,0.8339
22377,2022-01-18,2255,Peterborough County-City Health Unit,0.1223,326.0,2.2,0.7619,0.8791
22378,2022-01-18,2253,Peel Regional Health Unit,0.2447,3055.0,1.9,0.4518,0.6601
22379,2022-01-18,35,Ontario,0.1825,32331.0,2.18,0.4968,0.7024
22380,2022-01-18,2249,Northwestern Health Unit,0.2182,171.0,1.95,0.6628,0.8511
22381,2022-01-18,2247,North Bay Parry Sound District Health Unit,0.1364,233.0,1.79,0.7417,0.8342
22382,2022-01-18,2246,Niagara Regional Area Health Unit,0.2264,969.0,2.05,0.4874,0.6846
22383,2022-01-18,2244,Middlesex-London Health Unit,0.1952,1191.0,2.35,0.6472,0.8335
22384,2022-01-18,2243,"Leeds, Grenville and Lanark District Health Unit",0.1727,235.0,1.36,0.7202,0.8211
22385,2022-01-18,2242,Lambton Health Unit,0.2872,274.0,2.09,0.4323,0.8605
22386,2022-01-18,2241,"Kingston, Frontenac and Lennox and Addington Health Unit",0.0733,575.0,2.7,0.8549,0.913
22387,2022-01-18,5183,Huron Perth Health Unit,0.0923,461.0,3.3,0.5763,0.8659
22388,2022-01-18,2238,Hastings and Prince Edward Counties Health Unit,0.097,588.0,3.49,0.8703,0.9342
22389,2022-01-18,2236,Halton Regional Health Unit,0.1859,903.0,1.46,0.435,0.6262
22390,2022-01-18,2235,"Haliburton, Kawartha, Pine Ridge District Health Unit",0.1231,446.0,2.36,0.4356,0.6727
22391,2022-01-18,2234,Haldimand-Norfolk Health Unit,0.1988,231.0,2.03,0.6088,0.853
22392,2022-01-18,2233,Grey Bruce Health Unit,0.1049,407.0,2.4,0.3381,0.7434
22393,2022-01-18,2258,Eastern Ontario Health Unit,0.2313,469.0,2.25,0.5912,0.8583
22394,2022-01-18,2230,Durham Regional Health Unit,0.2199,1519.0,2.13,0.3582,0.5571
22395,2022-01-18,2226,District of Algoma Health Unit,0.1409,303.0,2.65,0.6246,0.8655
22396,2022-01-18,3895,City of Toronto Health Unit,0.1655,7128.0,2.28,0.4499,0.641
22397,2022-01-18,2251,City of Ottawa Health Unit,0.2137,1576.0,1.49,0.6078,0.7968
22398,2022-01-18,2237,City of Hamilton Health Unit,0.1951,1553.0,2.62,0.6848,0.8405
22399,2022-01-18,2240,Chatham-Kent Health Unit,0.2699,264.0,2.48,0.6148,0.8674
22400,2022-01-18,2227,Brant County Health Unit,0.2055,392.0,2.53,0.569,0.7687
22401,2022-01-17,2270,York Regional Health Unit,0.1776,2344.0,1.91,0.3057,0.4918
22402,2022-01-17,2268,Windsor-Essex County Health Unit,0.2152,1259.0,2.96,0.3106,0.6656
22403,2022-01-17,2266,Wellington-Dufferin-Guelph Health Unit,0.1875,509.0,1.63,0.4359,0.6958
22404,2022-01-17,2265,Waterloo Health Unit,0.1984,1187.0,2.03,0.5436,0.7585
22405,2022-01-17,2263,Timiskaming Health Unit,0.1039,84.0,2.57,0.5265,0.8786
22406,2022-01-17,2262,Thunder Bay District Health Unit,0.1618,378.0,2.52,0.8396,0.9117
22407,2022-01-17,2261,Sudbury and District Health Unit,0.1337,968.0,4.87,0.5993,0.8994
22408,2022-01-17,4913,Southwestern Public Health,0.1579,483.0,2.28,0.5785,0.8616
22409,2022-01-17,2260,Simcoe Muskoka District Health Unit,0.1674,1339.0,2.23,0.4484,0.6446
22410,2022-01-17,2257,Renfrew County and District Health Unit,0.1714,166.0,1.53,0.4201,0.6917
22411,2022-01-17,2256,Porcupine Health Unit,0.1332,227.0,2.73,0.6733,0.8244
22412,2022-01-17,2255,Peterborough County-City Health Unit,0.1269,324.0,2.19,0.7801,0.8903
22413,2022-01-17,2253,Peel Regional Health Unit,0.2577,3158.0,1.97,0.4519,0.6557
22414,2022-01-17,35,Ontario,0.1874,33456.0,2.26,0.4959,0.6992
22415,2022-01-17,2249,Northwestern Health Unit,0.2105,174.0,1.98,0.6572,0.8432
22416,2022-01-17,2247,North Bay Parry Sound District Health Unit,0.1566,230.0,1.77,0.7077,0.803
22417,2022-01-17,2246,Niagara Regional Area Health Unit,0.2262,1014.0,2.15,0.512,0.6942
22418,2022-01-17,2244,Middlesex-London Health Unit,0.2002,1205.0,2.38,0.6124,0.8277
22419,2022-01-17,2243,"Leeds, Grenville and Lanark District Health Unit",0.1625,238.0,1.38,0.7275,0.8215
22420,2022-01-17,2242,Lambton Health Unit,0.2982,278.0,2.12,0.3926,0.8369
22421,2022-01-17,2241,"Kingston, Frontenac and Lennox and Addington Health Unit",0.0696,600.0,2.82,0.851,0.9113
22422,2022-01-17,5183,Huron Perth Health Unit,0.088,497.0,3.55,0.5586,0.8563
22423,2022-01-17,2238,Hastings and Prince Edward Counties Health Unit,0.1022,572.0,3.39,0.8815,0.9405
22424,2022-01-17,2236,Halton Regional Health Unit,0.1978,929.0,1.5,0.4289,0.6216
22425,2022-01-17,2235,"Haliburton, Kawartha, Pine Ridge District Health Unit",0.1198,485.0,2.57,0.4446,0.6686
22426,2022-01-17,2234,Haldimand-Norfolk Health Unit,0.1824,237.0,2.07,0.62,0.8519
22427,2022-01-17,2233,Grey Bruce Health Unit,0.1115,406.0,2.39,0.3035,0.7217
22428,2022-01-17,2258,Eastern Ontario Health Unit,0.2206,466.0,2.23,0.5867,0.8524
22429,2022-01-17,2230,Durham Regional Health Unit,0.2264,1627.0,2.28,0.3506,0.5285
22430,2022-01-17,2226,District of Algoma Health Unit,0.1535,281.0,2.46,0.639,0.8755
22431,2022-01-17,3895,City of Toronto Health Unit,0.17,7581.0,2.43,0.464,0.6539
22432,2022-01-17,2251,City of Ottawa Health Unit,0.2145,1575.0,1.49,0.5925,0.7981
22433,2022-01-17,2237,City of Hamilton Health Unit,0.2014,1598.0,2.7,0.6981,0.8429
22434,2022-01-17,2240,Chatham-Kent Health Unit,0.2612,261.0,2.46,0.5942,0.8439
22435,2022-01-17,2227,Brant County Health Unit,0.2173,396.0,2.55,0.5657,0.7552
22436,2022-01-16,2270,York Regional Health Unit,0.1852,2602.0,2.12,0.2985,0.479
22437,2022-01-16,2268,Windsor-Essex County Health Unit,0.2259,1279.0,3.01,0.2999,0.6383
22438,2022-01-16,2266,Wellington-Dufferin-Guelph Health Unit,0.1909,547.0,1.75,0.4009,0.652
22439,2022-01-16,2265,Waterloo Health Unit,0.2215,1320.0,2.26,0.5359,0.7322
22440,2022-01-16,2263,Timiskaming Health Unit,0.1201,76.0,2.33,0.5436,0.8868
22441,2022-01-16,2262,Thunder Bay District Health Unit,0.1565,404.0,2.7,0.8285,0.9051
22442,2022-01-16,2261,Sudbury and District Health Unit,0.1333,948.0,4.76,0.6082,0.9098
22443,2022-01-16,4913,Southwestern Public Health,0.1587,510.0,2.41,0.5624,0.8379
22444,2022-01-16,2260,Simcoe Muskoka District Health Unit,0.1682,1437.0,2.4,0.441,0.6276
22445,2022-01-16,2257,Renfrew County and District Health Unit,0.1909,177.0,1.63,0.4372,0.6682
22446,2022-01-16,2256,Porcupine Health Unit,0.119,246.0,2.95,0.6675,0.8088
22447,2022-01-16,2255,Peterborough County-City Health Unit,0.1298,371.0,2.51,0.7773,0.886
22448,2022-01-16,2253,Peel Regional Health Unit,0.2674,3539.0,2.2,0.447,0.6412
22449,2022-01-16,35,Ontario,0.1951,36672.0,2.47,0.4833,0.6833
22450,2022-01-16,2249,Northwestern Health Unit,0.1835,171.0,1.95,0.6476,0.8295
22451,2022-01-16,2247,North Bay Parry Sound District Health Unit,0.151,230.0,1.77,0.715,0.8078
22452,2022-01-16,2246,Niagara Regional Area Health Unit,0.2351,1150.0,2.43,0.5136,0.6944
22453,2022-01-16,2244,Middlesex-London Health Unit,0.2079,1242.0,2.45,0.5998,0.8104
22454,2022-01-16,2243,"Leeds, Grenville and Lanark District Health Unit",0.1618,270.0,1.56,0.709,0.8033
22455,2022-01-16,2242,Lambton Health Unit,0.3001,293.0,2.24,0.3687,0.8336
22456,2022-01-16,2241,"Kingston, Frontenac and Lennox and Addington Health Unit",0.0739,646.0,3.04,0.8363,0.899
22457,2022-01-16,5183,Huron Perth Health Unit,0.086,517.0,3.7,0.5502,0.85
22458,2022-01-16,2238,Hastings and Prince Edward Counties Health Unit,0.1156,641.0,3.81,0.8865,0.9423
22459,2022-01-16,2236,Halton Regional Health Unit,0.2098,1067.0,1.72,0.407,0.6023
22460,2022-01-16,2235,"Haliburton, Kawartha, Pine Ridge District Health Unit",0.1236,525.0,2.78,0.4115,0.6629
22461,2022-01-16,2234,Haldimand-Norfolk Health Unit,0.1993,267.0,2.34,0.6197,0.8473
22462,2022-01-16,2233,Grey Bruce Health Unit,0.1338,381.0,2.24,0.2948,0.7137
22463,2022-01-16,2258,Eastern Ontario Health Unit,0.2124,544.0,2.61,0.5563,0.8345
22464,2022-01-16,2230,Durham Regional Health Unit,0.2453,1837.0,2.58,0.3282,0.4986
22465,2022-01-16,2226,District of Algoma Health Unit,0.1519,272.0,2.37,0.6143,0.8498
22466,2022-01-16,3895,City of Toronto Health Unit,0.1748,8565.0,2.74,0.4498,0.6415
22467,2022-01-16,2251,City of Ottawa Health Unit,0.2254,1725.0,1.64,0.573,0.7682
22468,2022-01-16,2237,City of Hamilton Health Unit,0.2091,1789.0,3.02,0.6781,0.8279
22469,2022-01-16,2240,Chatham-Kent Health Unit,0.2708,256.0,2.41,0.5498,0.8327
22470,2022-01-16,2227,Brant County Health Unit,0.2252,415.0,2.67,0.5788,0.7684
22471,2022-01-15,2270,York Regional Health Unit,0.19,2759.0,2.25,0.303,0.4789
22472,2022-01-15,2268,Windsor-Essex County Health Unit,0.2282,1280.0,3.01,0.3011,0.6331
22473,2022-01-15,2266,Wellington-Dufferin-Guelph Health Unit,0.1973,547.0,1.75,0.391,0.6501
22474,2022-01-15,2265,Waterloo Health Unit,0.2358,1385.0,2.37,0.5137,0.7388
22475,2022-01-15,2263,Timiskaming Health Unit,0.1073,84.0,2.57,0.6,0.9344
22476,2022-01-15,2262,Thunder Bay District Health Unit,0.1634,415.0,2.77,0.7536,0.8669
22477,2022-01-15,2261,Sudbury and District Health Unit,0.1376,963.0,4.84,0.5835,0.8938
22478,2022-01-15,4913,Southwestern Public Health,0.1585,510.0,2.41,0.545,0.824
22479,2022-01-15,2260,Simcoe Muskoka District Health Unit,0.1676,1524.0,2.54,0.4512,0.6188
22480,2022-01-15,2257,Renfrew County and District Health Unit,0.193,181.0,1.66,0.4604,0.6669
22481,2022-01-15,2256,Porcupine Health Unit,0.1181,253.0,3.03,0.6474,0.7914
22482,2022-01-15,2255,Peterborough County-City Health Unit,0.1396,373.0,2.52,0.7578,0.875
22483,2022-01-15,2253,Peel Regional Health Unit,0.2719,3633.0,2.26,0.4554,0.6378
22484,2022-01-15,35,Ontario,0.1992,37585.0,2.53,0.4816,0.6807
22485,2022-01-15,2249,Northwestern Health Unit,0.175,180.0,2.05,0.5758,0.7704
22486,2022-01-15,2247,North Bay Parry Sound District Health Unit,0.1486,233.0,1.79,0.732,0.8368
22487,2022-01-15,2246,Niagara Regional Area Health Unit,0.2425,1174.0,2.49,0.5191,0.6935
22488,2022-01-15,2244,Middlesex-London Health Unit,0.209,1301.0,2.56,0.5864,0.8161
22489,2022-01-15,2243,"Leeds, Grenville and Lanark District Health Unit",0.1566,273.0,1.57,0.6663,0.7917
22490,2022-01-15,2242,Lambton Health Unit,0.3027,294.0,2.24,0.3133,0.8137
22491,2022-01-15,2241,"Kingston, Frontenac and Lennox and Addington Health Unit",0.0765,644.0,3.03,0.8499,0.907
22492,2022-01-15,5183,Huron Perth Health Unit,0.0838,523.0,3.75,0.583,0.8531
22493,2022-01-15,2238,Hastings and Prince Edward Counties Health Unit,0.1249,625.0,3.71,0.8751,0.9312
22494,2022-01-15,2236,Halton Regional Health Unit,0.2234,1115.0,1.8,0.3993,0.5899
22495,2022-01-15,2235,"Haliburton, Kawartha, Pine Ridge District Health Unit",0.1266,513.0,2.72,0.3988,0.6484
22496,2022-01-15,2234,Haldimand-Norfolk Health Unit,0.2076,267.0,2.34,0.6016,0.8521
22497,2022-01-15,2233,Grey Bruce Health Unit,0.1356,406.0,2.39,0.3098,0.7021
22498,2022-01-15,2258,Eastern Ontario Health Unit,0.2084,568.0,2.72,0.4878,0.7961
22499,2022-01-15,2230,Durham Regional Health Unit,0.2541,1865.0,2.62,0.3171,0.4701
22500,2022-01-15,2226,District of Algoma Health Unit,0.1479,278.0,2.43,0.6293,0.8372
22501,2022-01-15,3895,City of Toronto Health Unit,0.1786,8733.0,2.8,0.4578,0.6448
22502,2022-01-15,2251,City of Ottawa Health Unit,0.2234,1793.0,1.7,0.5634,0.7574
22503,2022-01-15,2237,City of Hamilton Health Unit,0.2124,1811.0,3.06,0.6771,0.8439
22504,2022-01-15,2240,Chatham-Kent Health Unit,0.275,260.0,2.45,0.5177,0.8379
22505,2022-01-15,2227,Brant County Health Unit,0.2264,406.0,2.62,0.6081,0.7841
22506,2022-01-14,2270,York Regional Health Unit,0.1953,2906.0,2.37,0.3075,0.4797
22507,2022-01-14,2268,Windsor-Essex County Health Unit,0.2309,1299.0,3.06,0.2701,0.6244
22508,2022-01-14,2266,Wellington-Dufferin-Guelph Health Unit,0.1962,559.0,1.79,0.3856,0.6363
22509,2022-01-14,2265,Waterloo Health Unit,0.248,1374.0,2.35,0.4895,0.7229
22510,2022-01-14,2263,Timiskaming Health Unit,0.1002,93.0,2.84,0.6786,0.9266
22511,2022-01-14,2262,Thunder Bay District Health Unit,0.1588,432.0,2.88,0.7139,0.8315
22512,2022-01-14,2261,Sudbury and District Health Unit,0.138,972.0,4.88,0.6055,0.8847
22513,2022-01-14,4913,Southwestern Public Health,0.1593,517.0,2.44,0.5266,0.8178
22514,2022-01-14,2260,Simcoe Muskoka District Health Unit,0.1714,1565.0,2.61,0.4684,0.6173
22515,2022-01-14,2257,Renfrew County and District Health Unit,0.2108,180.0,1.65,0.4472,0.6331
22516,2022-01-14,2256,Porcupine Health Unit,0.129,259.0,3.11,0.6404,0.7844
22517,2022-01-14,2255,Peterborough County-City Health Unit,0.1396,366.0,2.48,0.7584,0.8677
22518,2022-01-14,2253,Peel Regional Health Unit,0.2793,3751.0,2.34,0.4503,0.6217
22519,2022-01-14,35,Ontario,0.2021,38729.0,2.61,0.4717,0.6707
22520,2022-01-14,2249,Northwestern Health Unit,0.1755,186.0,2.12,0.5411,0.7142
22521,2022-01-14,2247,North Bay Parry Sound District Health Unit,0.1454,236.0,1.82,0.7275,0.8226
22522,2022-01-14,2246,Niagara Regional Area Health Unit,0.2429,1195.0,2.53,0.4923,0.679
22523,2022-01-14,2244,Middlesex-London Health Unit,0.2094,1323.0,2.61,0.5651,0.802
22524,2022-01-14,2243,"Leeds, Grenville and Lanark District Health Unit",0.1565,264.0,1.52,0.6377,0.7914
22525,2022-01-14,2242,Lambton Health Unit,0.3086,299.0,2.28,0.2912,0.801
22526,2022-01-14,2241,"Kingston, Frontenac and Lennox and Addington Health Unit",0.0774,650.0,3.05,0.8447,0.9024
22527,2022-01-14,5183,Huron Perth Health Unit,0.0776,554.0,3.97,0.5408,0.8499
22528,2022-01-14,2238,Hastings and Prince Edward Counties Health Unit,0.1288,636.0,3.78,0.866,0.9243
22529,2022-01-14,2236,Halton Regional Health Unit,0.2272,1176.0,1.9,0.3924,0.5806
22530,2022-01-14,2235,"Haliburton, Kawartha, Pine Ridge District Health Unit",0.1228,542.0,2.87,0.3697,0.6259
22531,2022-01-14,2234,Haldimand-Norfolk Health Unit,0.2032,270.0,2.37,0.5577,0.8332
22532,2022-01-14,2233,Grey Bruce Health Unit,0.1366,405.0,2.38,0.309,0.6885
22533,2022-01-14,2258,Eastern Ontario Health Unit,0.2,605.0,2.9,0.4401,0.7458
22534,2022-01-14,2230,Durham Regional Health Unit,0.2595,1909.0,2.68,0.2938,0.4513
22535,2022-01-14,2226,District of Algoma Health Unit,0.1459,272.0,2.38,0.654,0.841
22536,2022-01-14,3895,City of Toronto Health Unit,0.1809,9091.0,2.91,0.4528,0.6447
22537,2022-01-14,2251,City of Ottawa Health Unit,0.2288,1805.0,1.71,0.5419,0.7401
22538,2022-01-14,2237,City of Hamilton Health Unit,0.2124,1913.0,3.23,0.6612,0.8387
22539,2022-01-14,2240,Chatham-Kent Health Unit,0.2555,284.0,2.67,0.4768,0.7945
22540,2022-01-14,2227,Brant County Health Unit,0.2301,417.0,2.68,0.6132,0.7854
22541,2022-01-13,2270,York Regional Health Unit,0.2028,3132.0,2.56,0.294,0.4648
22542,2022-01-13,2268,Windsor-Essex County Health Unit,0.2419,1284.0,3.02,0.2398,0.6184
22543,2022-01-13,2266,Wellington-Dufferin-Guelph Health Unit,0.2024,577.0,1.85,0.3661,0.6197
22544,2022-01-13,2265,Waterloo Health Unit,0.2525,1500.0,2.57,0.4755,0.7044
22545,2022-01-13,2263,Timiskaming Health Unit,0.1169,88.0,2.69,0.6486,0.9234
22546,2022-01-13,2262,Thunder Bay District Health Unit,0.1584,443.0,2.95,0.655,0.8206
22547,2022-01-13,2261,Sudbury and District Health Unit,0.1348,987.0,4.96,0.5963,0.859
22548,2022-01-13,4913,Southwestern Public Health,0.1613,523.0,2.47,0.472,0.7585
22549,2022-01-13,2260,Simcoe Muskoka District Health Unit,0.1775,1642.0,2.74,0.4753,0.6275
22550,2022-01-13,2257,Renfrew County and District Health Unit,0.2076,210.0,1.93,0.4348,0.5927
22551,2022-01-13,2256,Porcupine Health Unit,0.1212,283.0,3.39,0.6523,0.8067
22552,2022-01-13,2255,Peterborough County-City Health Unit,0.1495,381.0,2.58,0.7563,0.864
22553,2022-01-13,2253,Peel Regional Health Unit,0.2849,3875.0,2.41,0.4363,0.6175
22554,2022-01-13,35,Ontario,0.2075,40174.0,2.71,0.4566,0.6609
22555,2022-01-13,2249,Northwestern Health Unit,0.1708,191.0,2.18,0.5408,0.6779
22556,2022-01-13,2247,North Bay Parry Sound District Health Unit,0.1614,242.0,1.86,0.7086,0.8088
22557,2022-01-13,2246,Niagara Regional Area Health Unit,0.2424,1223.0,2.59,0.4876,0.663
22558,2022-01-13,2244,Middlesex-London Health Unit,0.2031,1349.0,2.66,0.5398,0.7885
22559,2022-01-13,2243,"Leeds, Grenville and Lanark District Health Unit",0.1426,272.0,1.57,0.639,0.8004
22560,2022-01-13,2242,Lambton Health Unit,0.3274,315.0,2.41,0.2615,0.7563
22561,2022-01-13,2241,"Kingston, Frontenac and Lennox and Addington Health Unit",0.0836,655.0,3.08,0.8552,0.9
22562,2022-01-13,5183,Huron Perth Health Unit,0.0848,514.0,3.67,0.5393,0.8636
22563,2022-01-13,2238,Hastings and Prince Edward Counties Health Unit,0.1344,624.0,3.7,0.8562,0.9246
22564,2022-01-13,2236,Halton Regional Health Unit,0.2401,1251.0,2.02,0.3581,0.5717
22565,2022-01-13,2235,"Haliburton, Kawartha, Pine Ridge District Health Unit",0.1163,544.0,2.88,0.3733,0.619
22566,2022-01-13,2234,Haldimand-Norfolk Health Unit,0.215,258.0,2.27,0.5557,0.8082
22567,2022-01-13,2233,Grey Bruce Health Unit,0.1457,375.0,2.2,0.2927,0.6577
22568,2022-01-13,2258,Eastern Ontario Health Unit,0.2,644.0,3.09,0.3869,0.6863
22569,2022-01-13,2230,Durham Regional Health Unit,0.2703,2054.0,2.88,0.2565,0.4245
22570,2022-01-13,2226,District of Algoma Health Unit,0.1321,273.0,2.38,0.6488,0.8218
22571,2022-01-13,3895,City of Toronto Health Unit,0.1859,9373.0,3.0,0.4468,0.6482
22572,2022-01-13,2251,City of Ottawa Health Unit,0.2341,1884.0,1.79,0.5141,0.7085
22573,2022-01-13,2237,City of Hamilton Health Unit,0.2142,2039.0,3.44,0.652,0.8323
22574,2022-01-13,2240,Chatham-Kent Health Unit,0.25,290.0,2.73,0.4629,0.7615
22575,2022-01-13,2227,Brant County Health Unit,0.2411,431.0,2.78,0.6223,0.7787
22576,2022-01-12,2270,York Regional Health Unit,0.2137,3238.0,2.64,0.286,0.4458
22577,2022-01-12,2268,Windsor-Essex County Health Unit,0.2542,1310.0,3.08,0.2451,0.6142
22578,2022-01-12,2266,Wellington-Dufferin-Guelph Health Unit,0.2014,594.0,1.9,0.3345,0.5917
22579,2022-01-12,2265,Waterloo Health Unit,0.2703,1573.0,2.69,0.4508,0.673
22580,2022-01-12,2263,Timiskaming Health Unit,0.1055,65.0,1.99,0.6616,0.903
22581,2022-01-12,2262,Thunder Bay District Health Unit,0.1582,456.0,3.04,0.5685,0.7434
22582,2022-01-12,2261,Sudbury and District Health Unit,0.1431,950.0,4.77,0.599,0.8601
22583,2022-01-12,4913,Southwestern Public Health,0.1675,541.0,2.56,0.4448,0.7614
22584,2022-01-12,2260,Simcoe Muskoka District Health Unit,0.1911,1706.0,2.85,0.4735,0.6309
22585,2022-01-12,2257,Renfrew County and District Health Unit,0.2147,221.0,2.03,0.4548,0.6213
22586,2022-01-12,2256,Porcupine Health Unit,0.1196,296.0,3.55,0.6281,0.7685
22587,2022-01-12,2255,Peterborough County-City Health Unit,0.1597,368.0,2.48,0.7828,0.8797
22588,2022-01-12,2253,Peel Regional Health Unit,0.2893,3989.0,2.48,0.4192,0.6064
22589,2022-01-12,35,Ontario,0.2137,41612.0,2.81,0.4469,0.6487
22590,2022-01-12,2249,Northwestern Health Unit,0.1681,198.0,2.26,0.5307,0.662
22591,2022-01-12,2247,North Bay Parry Sound District Health Unit,0.1686,232.0,1.79,0.7189,0.8169
22592,2022-01-12,2246,Niagara Regional Area Health Unit,0.2379,1276.0,2.7,0.4783,0.6528
22593,2022-01-12,2244,Middlesex-London Health Unit,0.2064,1393.0,2.74,0.5086,0.7805
22594,2022-01-12,2243,"Leeds, Grenville and Lanark District Health Unit",0.1327,295.0,1.7,0.596,0.7651
22595,2022-01-12,2242,Lambton Health Unit,0.3252,326.0,2.49,0.2265,0.6807
22596,2022-01-12,2241,"Kingston, Frontenac and Lennox and Addington Health Unit",0.0862,655.0,3.08,0.8586,0.9076
22597,2022-01-12,5183,Huron Perth Health Unit,0.0843,556.0,3.98,0.5082,0.8381
22598,2022-01-12,2238,Hastings and Prince Edward Counties Health Unit,0.1301,645.0,3.83,0.8781,0.929
22599,2022-01-12,2236,Halton Regional Health Unit,0.2532,1343.0,2.17,0.3345,0.5584
22600,2022-01-12,2235,"Haliburton, Kawartha, Pine Ridge District Health Unit",0.1217,579.0,3.06,0.4051,0.6405
22601,2022-01-12,2234,Haldimand-Norfolk Health Unit,0.2177,271.0,2.38,0.5937,0.8242
22602,2022-01-12,2233,Grey Bruce Health Unit,0.1557,371.0,2.18,0.2398,0.6278
22603,2022-01-12,2258,Eastern Ontario Health Unit,0.2036,699.0,3.35,0.3525,0.6561
22604,2022-01-12,2230,Durham Regional Health Unit,0.2867,2095.0,2.94,0.2408,0.388
22605,2022-01-12,2226,District of Algoma Health Unit,0.1323,267.0,2.33,0.6091,0.7855
22606,2022-01-12,3895,City of Toronto Health Unit,0.1877,9788.0,3.14,0.4453,0.6368
22607,2022-01-12,2251,City of Ottawa Health Unit,0.2379,1970.0,1.87,0.4957,0.6935
22608,2022-01-12,2237,City of Hamilton Health Unit,0.2222,2149.0,3.63,0.6442,0.8169
22609,2022-01-12,2240,Chatham-Kent Health Unit,0.2558,305.0,2.87,0.4277,0.7412
22610,2022-01-12,2227,Brant County Health Unit,0.2605,424.0,2.73,0.6216,0.7885
22611,2022-01-11,2270,York Regional Health Unit,0.2295,3341.0,2.73,0.2872,0.4367
22612,2022-01-11,2268,Windsor-Essex County Health Unit,0.2665,1418.0,3.34,0.2104,0.5645
22613,2022-01-11,2266,Wellington-Dufferin-Guelph Health Unit,0.205,606.0,1.94,0.3237,0.5699
22614,2022-01-11,2265,Waterloo Health Unit,0.2825,1587.0,2.72,0.4514,0.6466
22615,2022-01-11,2263,Timiskaming Health Unit,0.0996,67.0,2.06,0.6745,0.9024
22616,2022-01-11,2262,Thunder Bay District Health Unit,0.1539,496.0,3.31,0.5409,0.7348
22617,2022-01-11,2261,Sudbury and District Health Unit,0.1351,951.0,4.78,0.6068,0.8555
22618,2022-01-11,4913,Southwestern Public Health,0.182,564.0,2.67,0.4179,0.7275
22619,2022-01-11,2260,Simcoe Muskoka District Health Unit,0.1991,1787.0,2.98,0.4662,0.6141
22620,2022-01-11,2257,Renfrew County and District Health Unit,0.2178,216.0,1.99,0.4514,0.6354
22621,2022-01-11,2256,Porcupine Health Unit,0.1161,321.0,3.85,0.6612,0.7853
22622,2022-01-11,2255,Peterborough County-City Health Unit,0.16,389.0,2.63,0.7953,0.8861
22623,2022-01-11,2253,Peel Regional Health Unit,0.296,4117.0,2.56,0.4118,0.5913
22624,2022-01-11,35,Ontario,0.2203,43193.0,2.91,0.4395,0.6314
22625,2022-01-11,2249,Northwestern Health Unit,0.1648,203.0,2.31,0.5505,0.656
22626,2022-01-11,2247,North Bay Parry Sound District Health Unit,0.1595,242.0,1.86,0.7496,0.832
22627,2022-01-11,2246,Niagara Regional Area Health Unit,0.2374,1337.0,2.83,0.4727,0.6478
22628,2022-01-11,2244,Middlesex-London Health Unit,0.2063,1456.0,2.87,0.4608,0.7218
22629,2022-01-11,2243,"Leeds, Grenville and Lanark District Health Unit",0.1392,310.0,1.79,0.5641,0.7391
22630,2022-01-11,2242,Lambton Health Unit,0.3193,343.0,2.62,0.2118,0.5909
22631,2022-01-11,2241,"Kingston, Frontenac and Lennox and Addington Health Unit",0.0827,698.0,3.28,0.8632,0.9143
22632,2022-01-11,5183,Huron Perth Health Unit,0.0822,589.0,4.22,0.4337,0.788
22633,2022-01-11,2238,Hastings and Prince Edward Counties Health Unit,0.1347,690.0,4.09,0.8859,0.933
22634,2022-01-11,2236,Halton Regional Health Unit,0.2623,1443.0,2.33,0.3318,0.5524
22635,2022-01-11,2235,"Haliburton, Kawartha, Pine Ridge District Health Unit",0.1309,591.0,3.13,0.4176,0.6441
22636,2022-01-11,2234,Haldimand-Norfolk Health Unit,0.2079,312.0,2.73,0.5892,0.8306
22637,2022-01-11,2233,Grey Bruce Health Unit,0.1487,377.0,2.22,0.2069,0.6036
22638,2022-01-11,2258,Eastern Ontario Health Unit,0.2129,726.0,3.48,0.3217,0.6006
22639,2022-01-11,2230,Durham Regional Health Unit,0.304,2159.0,3.03,0.2492,0.3803
22640,2022-01-11,2226,District of Algoma Health Unit,0.128,264.0,2.31,0.6048,0.7533
22641,2022-01-11,3895,City of Toronto Health Unit,0.1951,10023.0,3.21,0.4403,0.6209
22642,2022-01-11,2251,City of Ottawa Health Unit,0.2442,2055.0,1.95,0.4634,0.6465
22643,2022-01-11,2237,City of Hamilton Health Unit,0.2292,2239.0,3.78,0.6387,0.8088
22644,2022-01-11,2240,Chatham-Kent Health Unit,0.2431,332.0,3.12,0.3714,0.6841
22645,2022-01-11,2227,Brant County Health Unit,0.2675,437.0,2.82,0.6123,0.7693
22646,2022-01-10,2270,York Regional Health Unit,0.2363,3531.0,2.88,0.2737,0.4171
22647,2022-01-10,2268,Windsor-Essex County Health Unit,0.2806,1368.0,3.22,0.2014,0.567
22648,2022-01-10,2266,Wellington-Dufferin-Guelph Health Unit,0.213,627.0,2.01,0.3166,0.5567
22649,2022-01-10,2265,Waterloo Health Unit,0.2779,1671.0,2.86,0.4365,0.6231
22650,2022-01-10,2263,Timiskaming Health Unit,0.1179,75.0,2.3,0.6685,0.8633
22651,2022-01-10,2262,Thunder Bay District Health Unit,0.1539,493.0,3.29,0.4683,0.6934
22652,2022-01-10,2261,Sudbury and District Health Unit,0.1248,966.0,4.86,0.5815,0.8419
22653,2022-01-10,4913,Southwestern Public Health,0.1798,609.0,2.88,0.3966,0.7251
22654,2022-01-10,2260,Simcoe Muskoka District Health Unit,0.2092,1874.0,3.13,0.455,0.6063
22655,2022-01-10,2257,Renfrew County and District Health Unit,0.2056,219.0,2.01,0.4425,0.6504
22656,2022-01-10,2256,Porcupine Health Unit,0.1264,344.0,4.12,0.6827,0.7998
22657,2022-01-10,2255,Peterborough County-City Health Unit,0.1639,423.0,2.86,0.7191,0.814
22658,2022-01-10,2253,Peel Regional Health Unit,0.297,4288.0,2.67,0.3988,0.5722
22659,2022-01-10,35,Ontario,0.2262,44718.0,3.02,0.4225,0.6116
22660,2022-01-10,2249,Northwestern Health Unit,0.1779,214.0,2.45,0.5079,0.6143
22661,2022-01-10,2247,North Bay Parry Sound District Health Unit,0.1567,266.0,2.05,0.7724,0.8552
22662,2022-01-10,2246,Niagara Regional Area Health Unit,0.2448,1379.0,2.92,0.4587,0.6378
22663,2022-01-10,2244,Middlesex-London Health Unit,0.2133,1499.0,2.95,0.4398,0.6933
22664,2022-01-10,2243,"Leeds, Grenville and Lanark District Health Unit",0.1413,319.0,1.84,0.5538,0.7196
22665,2022-01-10,2242,Lambton Health Unit,0.3109,368.0,2.81,0.1855,0.5564
22666,2022-01-10,2241,"Kingston, Frontenac and Lennox and Addington Health Unit",0.0918,699.0,3.28,0.863,0.9107
22667,2022-01-10,5183,Huron Perth Health Unit,0.0901,538.0,3.85,0.3877,0.7604
22668,2022-01-10,2238,Hastings and Prince Edward Counties Health Unit,0.1364,701.0,4.16,0.8827,0.9278
22669,2022-01-10,2236,Halton Regional Health Unit,0.2757,1554.0,2.51,0.3139,0.5239
22670,2022-01-10,2235,"Haliburton, Kawartha, Pine Ridge District Health Unit",0.1355,593.0,3.14,0.3943,0.6159
22671,2022-01-10,2234,Haldimand-Norfolk Health Unit,0.2251,334.0,2.93,0.6021,0.8284
22672,2022-01-10,2233,Grey Bruce Health Unit,0.1569,405.0,2.38,0.2003,0.6246
22673,2022-01-10,2258,Eastern Ontario Health Unit,0.2198,777.0,3.72,0.2979,0.555
22674,2022-01-10,2230,Durham Regional Health Unit,0.3085,2200.0,3.09,0.2351,0.3615
22675,2022-01-10,2226,District of Algoma Health Unit,0.12,283.0,2.48,0.5934,0.7541
22676,2022-01-10,3895,City of Toronto Health Unit,0.2021,10302.0,3.3,0.4265,0.6081
22677,2022-01-10,2251,City of Ottawa Health Unit,0.2542,2134.0,2.02,0.4312,0.5859
22678,2022-01-10,2237,City of Hamilton Health Unit,0.237,2326.0,3.93,0.6145,0.7903
22679,2022-01-10,2240,Chatham-Kent Health Unit,0.2495,353.0,3.32,0.3393,0.6629
22680,2022-01-10,2227,Brant County Health Unit,0.2662,450.0,2.9,0.6038,0.7576
22681,2022-01-09,2270,York Regional Health Unit,0.2419,3628.0,2.96,0.2634,0.4014
22682,2022-01-09,2268,Windsor-Essex County Health Unit,0.2892,1325.0,3.12,0.1875,0.5266
22683,2022-01-09,2266,Wellington-Dufferin-Guelph Health Unit,0.2213,633.0,2.03,0.3177,0.5458
22684,2022-01-09,2265,Waterloo Health Unit,0.2734,1696.0,2.9,0.4049,0.5771
22685,2022-01-09,2263,Timiskaming Health Unit,0.1332,74.0,2.26,0.6623,0.8563
22686,2022-01-09,2262,Thunder Bay District Health Unit,0.1529,464.0,3.1,0.4325,0.6459
22687,2022-01-09,2261,Sudbury and District Health Unit,0.1277,909.0,4.57,0.5818,0.8324
22688,2022-01-09,4913,Southwestern Public Health,0.1849,626.0,2.96,0.3672,0.6941
22689,2022-01-09,2260,Simcoe Muskoka District Health Unit,0.215,1897.0,3.16,0.4588,0.6069
22690,2022-01-09,2257,Renfrew County and District Health Unit,0.1981,210.0,1.93,0.4318,0.6374
22691,2022-01-09,2256,Porcupine Health Unit,0.138,342.0,4.1,0.685,0.8083
22692,2022-01-09,2255,Peterborough County-City Health Unit,0.1733,400.0,2.7,0.6722,0.7635
22693,2022-01-09,2253,Peel Regional Health Unit,0.301,4313.0,2.69,0.3655,0.5276
22694,2022-01-09,35,Ontario,0.2311,45030.0,3.04,0.4069,0.5866
22695,2022-01-09,2249,Northwestern Health Unit,0.1814,202.0,2.31,0.4938,0.588
22696,2022-01-09,2247,North Bay Parry Sound District Health Unit,0.1654,253.0,1.95,0.7607,0.8435
22697,2022-01-09,2246,Niagara Regional Area Health Unit,0.2474,1411.0,2.99,0.4327,0.5997
22698,2022-01-09,2244,Middlesex-London Health Unit,0.2124,1498.0,2.95,0.4178,0.6651
22699,2022-01-09,2243,"Leeds, Grenville and Lanark District Health Unit",0.1482,319.0,1.84,0.5629,0.7134
22700,2022-01-09,2242,Lambton Health Unit,0.2772,378.0,2.88,0.1775,0.5128
22701,2022-01-09,2241,"Kingston, Frontenac and Lennox and Addington Health Unit",0.1009,716.0,3.37,0.862,0.9062
22702,2022-01-09,5183,Huron Perth Health Unit,0.0969,537.0,3.84,0.3786,0.7298
22703,2022-01-09,2238,Hastings and Prince Edward Counties Health Unit,0.1313,696.0,4.13,0.878,0.9211
22704,2022-01-09,2236,Halton Regional Health Unit,0.2886,1654.0,2.67,0.2873,0.4902
22705,2022-01-09,2235,"Haliburton, Kawartha, Pine Ridge District Health Unit",0.1395,570.0,3.02,0.4161,0.5945
22706,2022-01-09,2234,Haldimand-Norfolk Health Unit,0.2249,336.0,2.95,0.5665,0.785
22707,2022-01-09,2233,Grey Bruce Health Unit,0.16,405.0,2.39,0.2069,0.5865
22708,2022-01-09,2258,Eastern Ontario Health Unit,0.2468,780.0,3.74,0.2947,0.5323
22709,2022-01-09,2230,Durham Regional Health Unit,0.3071,2246.0,3.15,0.2249,0.348
22710,2022-01-09,2226,District of Algoma Health Unit,0.1194,272.0,2.37,0.5949,0.7533
22711,2022-01-09,3895,City of Toronto Health Unit,0.2077,10329.0,3.31,0.4126,0.5852
22712,2022-01-09,2251,City of Ottawa Health Unit,0.2587,2150.0,2.04,0.4303,0.577
22713,2022-01-09,2237,City of Hamilton Health Unit,0.2423,2396.0,4.05,0.6046,0.7708
22714,2022-01-09,2240,Chatham-Kent Health Unit,0.2443,359.0,3.38,0.3288,0.6191
22715,2022-01-09,2227,Brant County Health Unit,0.2718,443.0,2.85,0.5489,0.6991
22716,2022-01-08,2270,York Regional Health Unit,0.2437,3773.0,3.08,0.2375,0.368
22717,2022-01-08,2268,Windsor-Essex County Health Unit,0.2875,1373.0,3.23,0.141,0.4501
22718,2022-01-08,2266,Wellington-Dufferin-Guelph Health Unit,0.2122,654.0,2.1,0.2773,0.4885
22719,2022-01-08,2265,Waterloo Health Unit,0.2674,1688.0,2.89,0.365,0.5092
22720,2022-01-08,2263,Timiskaming Health Unit,0.1411,71.0,2.17,0.6231,0.848
22721,2022-01-08,2262,Thunder Bay District Health Unit,0.1423,481.0,3.21,0.4181,0.6745
22722,2022-01-08,2261,Sudbury and District Health Unit,0.1241,913.0,4.59,0.5982,0.8525
22723,2022-01-08,4913,Southwestern Public Health,0.1841,655.0,3.1,0.3202,0.6609
22724,2022-01-08,2260,Simcoe Muskoka District Health Unit,0.215,1951.0,3.25,0.4119,0.5754
22725,2022-01-08,2257,Renfrew County and District Health Unit,0.2127,214.0,1.97,0.3687,0.5768
22726,2022-01-08,2256,Porcupine Health Unit,0.1362,335.0,4.01,0.7134,0.8214
22727,2022-01-08,2255,Peterborough County-City Health Unit,0.1652,394.0,2.67,0.6299,0.7173
22728,2022-01-08,2253,Peel Regional Health Unit,0.3023,4392.0,2.74,0.3242,0.4831
22729,2022-01-08,35,Ontario,0.2303,46254.0,3.12,0.376,0.5542
22730,2022-01-08,2249,Northwestern Health Unit,0.1828,196.0,2.24,0.5723,0.6224
22731,2022-01-08,2247,North Bay Parry Sound District Health Unit,0.1608,265.0,2.04,0.7655,0.839
22732,2022-01-08,2246,Niagara Regional Area Health Unit,0.2419,1471.0,3.11,0.3917,0.5659
22733,2022-01-08,2244,Middlesex-London Health Unit,0.2063,1518.0,2.99,0.3671,0.6199
22734,2022-01-08,2243,"Leeds, Grenville and Lanark District Health Unit",0.1492,332.0,1.92,0.5406,0.7064
22735,2022-01-08,2242,Lambton Health Unit,0.2731,390.0,2.98,0.146,0.4652
22736,2022-01-08,2241,"Kingston, Frontenac and Lennox and Addington Health Unit",0.1054,753.0,3.54,0.8433,0.8947
22737,2022-01-08,5183,Huron Perth Health Unit,0.0939,557.0,3.99,0.292,0.6705
22738,2022-01-08,2238,Hastings and Prince Edward Counties Health Unit,0.1309,722.0,4.28,0.8632,0.9242
22739,2022-01-08,2236,Halton Regional Health Unit,0.2871,1677.0,2.71,0.2632,0.4623
22740,2022-01-08,2235,"Haliburton, Kawartha, Pine Ridge District Health Unit",0.1372,582.0,3.08,0.408,0.6161
22741,2022-01-08,2234,Haldimand-Norfolk Health Unit,0.2138,331.0,2.9,0.517,0.7518
22742,2022-01-08,2233,Grey Bruce Health Unit,0.165,417.0,2.46,0.1805,0.5416
22743,2022-01-08,2258,Eastern Ontario Health Unit,0.2497,765.0,3.67,0.2966,0.4894
22744,2022-01-08,2230,Durham Regional Health Unit,0.3031,2267.0,3.18,0.2134,0.3439
22745,2022-01-08,2226,District of Algoma Health Unit,0.1162,277.0,2.42,0.5961,0.7396
22746,2022-01-08,3895,City of Toronto Health Unit,0.2087,10797.0,3.46,0.3909,0.5553
22747,2022-01-08,2251,City of Ottawa Health Unit,0.2662,2176.0,2.06,0.3898,0.5653
22748,2022-01-08,2237,City of Hamilton Health Unit,0.2413,2473.0,4.18,0.5676,0.7317
22749,2022-01-08,2240,Chatham-Kent Health Unit,0.2425,363.0,3.42,0.2945,0.5726
22750,2022-01-08,2227,Brant County Health Unit,0.2671,454.0,2.93,0.507,0.668
22751,2022-01-07,2270,York Regional Health Unit,0.2441,3713.0,3.03,0.2227,0.3472
22752,2022-01-07,2268,Windsor-Essex County Health Unit,0.2864,1330.0,3.13,0.1297,0.4202
22753,2022-01-07,2266,Wellington-Dufferin-Guelph Health Unit,0.2104,632.0,2.02,0.2514,0.4906
22754,2022-01-07,2265,Waterloo Health Unit,0.2567,1644.0,2.81,0.3528,0.494
22755,2022-01-07,2263,Timiskaming Health Unit,0.1506,64.0,1.94,0.5522,0.8375
22756,2022-01-07,2262,Thunder Bay District Health Unit,0.1412,473.0,3.16,0.3987,0.7112
22757,2022-01-07,2261,Sudbury and District Health Unit,0.1277,916.0,4.6,0.5799,0.8438
22758,2022-01-07,4913,Southwestern Public Health,0.1875,656.0,3.1,0.2798,0.6413
22759,2022-01-07,2260,Simcoe Muskoka District Health Unit,0.2137,1880.0,3.14,0.3916,0.5653
22760,2022-01-07,2257,Renfrew County and District Health Unit,0.2077,223.0,2.05,0.3371,0.5949
22761,2022-01-07,2256,Porcupine Health Unit,0.1253,330.0,3.95,0.704,0.8291
22762,2022-01-07,2255,Peterborough County-City Health Unit,0.1634,384.0,2.59,0.6126,0.7181
22763,2022-01-07,2253,Peel Regional Health Unit,0.2953,4266.0,2.66,0.3064,0.4724
22764,2022-01-07,35,Ontario,0.2283,45371.0,3.06,0.3587,0.5461
22765,2022-01-07,2249,Northwestern Health Unit,0.1762,191.0,2.17,0.5633,0.7063
22766,2022-01-07,2247,North Bay Parry Sound District Health Unit,0.1581,260.0,2.01,0.7244,0.8511
22767,2022-01-07,2246,Niagara Regional Area Health Unit,0.2371,1427.0,3.02,0.377,0.5536
22768,2022-01-07,2244,Middlesex-London Health Unit,0.2023,1510.0,2.98,0.3124,0.5964
22769,2022-01-07,2243,"Leeds, Grenville and Lanark District Health Unit",0.148,335.0,1.93,0.5334,0.7234
22770,2022-01-07,2242,Lambton Health Unit,0.2598,382.0,2.92,0.1246,0.437
22771,2022-01-07,2241,"Kingston, Frontenac and Lennox and Addington Health Unit",0.1073,738.0,3.47,0.7972,0.9071
22772,2022-01-07,5183,Huron Perth Health Unit,0.0996,521.0,3.73,0.2351,0.6435
22773,2022-01-07,2238,Hastings and Prince Edward Counties Health Unit,0.13,757.0,4.5,0.8628,0.9283
22774,2022-01-07,2236,Halton Regional Health Unit,0.29,1694.0,2.74,0.238,0.45
22775,2022-01-07,2235,"Haliburton, Kawartha, Pine Ridge District Health Unit",0.1396,556.0,2.94,0.4015,0.6286
22776,2022-01-07,2234,Haldimand-Norfolk Health Unit,0.2148,319.0,2.79,0.4853,0.7334
22777,2022-01-07,2233,Grey Bruce Health Unit,0.1646,397.0,2.34,0.1665,0.522
22778,2022-01-07,2258,Eastern Ontario Health Unit,0.2486,756.0,3.62,0.2792,0.5249
22779,2022-01-07,2230,Durham Regional Health Unit,0.2947,2260.0,3.17,0.2089,0.3328
22780,2022-01-07,2226,District of Algoma Health Unit,0.1167,290.0,2.54,0.5125,0.6823
22781,2022-01-07,3895,City of Toronto Health Unit,0.2099,10572.0,3.39,0.3941,0.5479
22782,2022-01-07,2251,City of Ottawa Health Unit,0.2607,2159.0,2.05,0.3485,0.5784
22783,2022-01-07,2237,City of Hamilton Health Unit,0.2371,2385.0,4.03,0.5213,0.7084
22784,2022-01-07,2240,Chatham-Kent Health Unit,0.2526,344.0,3.23,0.2516,0.5412
22785,2022-01-07,2227,Brant County Health Unit,0.2703,437.0,2.82,0.4592,0.6618
22786,2022-01-06,2270,York Regional Health Unit,0.2573,3837.0,3.13,0.2251,0.3861
22787,2022-01-06,2268,Windsor-Essex County Health Unit,0.2792,1353.0,3.19,0.1303,0.4322
22788,2022-01-06,2266,Wellington-Dufferin-Guelph Health Unit,0.2197,680.0,2.18,0.2412,0.4952
22789,2022-01-06,2265,Waterloo Health Unit,0.2604,1655.0,2.83,0.3484,0.5039
22790,2022-01-06,2263,Timiskaming Health Unit,0.1546,73.0,2.23,0.461,0.8411
22791,2022-01-06,2262,Thunder Bay District Health Unit,0.142,499.0,3.33,0.4528,0.75
22792,2022-01-06,2261,Sudbury and District Health Unit,0.1317,882.0,4.43,0.5949,0.8817
22793,2022-01-06,4913,Southwestern Public Health,0.1969,696.0,3.29,0.2669,0.6475
22794,2022-01-06,2260,Simcoe Muskoka District Health Unit,0.2237,1913.0,3.19,0.3802,0.5712
22795,2022-01-06,2257,Renfrew County and District Health Unit,0.2106,205.0,1.89,0.3414,0.6465
22796,2022-01-06,2256,Porcupine Health Unit,0.1285,315.0,3.77,0.7455,0.8577
22797,2022-01-06,2255,Peterborough County-City Health Unit,0.1741,392.0,2.65,0.605,0.738
22798,2022-01-06,2253,Peel Regional Health Unit,0.3053,4431.0,2.76,0.2995,0.4654
22799,2022-01-06,35,Ontario,0.2379,46809.0,3.16,0.3619,0.5603
22800,2022-01-06,2249,Northwestern Health Unit,0.1759,196.0,2.23,0.565,0.7624
22801,2022-01-06,2247,North Bay Parry Sound District Health Unit,0.1447,263.0,2.02,0.7068,0.8537
22802,2022-01-06,2246,Niagara Regional Area Health Unit,0.2478,1441.0,3.05,0.3872,0.5799
22803,2022-01-06,2244,Middlesex-London Health Unit,0.2173,1558.0,3.07,0.2918,0.5928
22804,2022-01-06,2243,"Leeds, Grenville and Lanark District Health Unit",0.1629,376.0,2.17,0.529,0.7554
22805,2022-01-06,2242,Lambton Health Unit,0.2437,427.0,3.26,0.1169,0.4446
22806,2022-01-06,2241,"Kingston, Frontenac and Lennox and Addington Health Unit",0.117,782.0,3.67,0.8017,0.9226
22807,2022-01-06,5183,Huron Perth Health Unit,0.109,552.0,3.95,0.1765,0.6278
22808,2022-01-06,2238,Hastings and Prince Edward Counties Health Unit,0.1369,801.0,4.76,0.8785,0.9367
22809,2022-01-06,2236,Halton Regional Health Unit,0.2977,1766.0,2.85,0.241,0.4399
22810,2022-01-06,2235,"Haliburton, Kawartha, Pine Ridge District Health Unit",0.1669,567.0,3.0,0.3964,0.6488
22811,2022-01-06,2234,Haldimand-Norfolk Health Unit,0.2142,337.0,2.95,0.4659,0.7717
22812,2022-01-06,2233,Grey Bruce Health Unit,0.168,431.0,2.54,0.143,0.5518
22813,2022-01-06,2258,Eastern Ontario Health Unit,0.2616,755.0,3.62,0.2914,0.5945
22814,2022-01-06,2230,Durham Regional Health Unit,0.283,2273.0,3.19,0.2079,0.3588
22815,2022-01-06,2226,District of Algoma Health Unit,0.134,279.0,2.44,0.4681,0.6411
22816,2022-01-06,3895,City of Toronto Health Unit,0.2278,11017.0,3.53,0.4059,0.5523
22817,2022-01-06,2251,City of Ottawa Health Unit,0.2723,2278.0,2.16,0.3537,0.6289
22818,2022-01-06,2237,City of Hamilton Health Unit,0.2418,2416.0,4.08,0.522,0.713
22819,2022-01-06,2240,Chatham-Kent Health Unit,0.2736,338.0,3.18,0.2121,0.5506
22820,2022-01-06,2227,Brant County Health Unit,0.2777,434.0,2.8,0.4748,0.6773
22821,2022-01-05,2270,York Regional Health Unit,0.2787,4267.0,3.48,0.2402,0.4407
22822,2022-01-05,2268,Windsor-Essex County Health Unit,0.2835,1479.0,3.48,0.1373,0.4572
22823,2022-01-05,2266,Wellington-Dufferin-Guelph Health Unit,0.2678,785.0,2.52,0.2566,0.5149
22824,2022-01-05,2265,Waterloo Health Unit,0.2797,1800.0,3.08,0.3513,0.5396
22825,2022-01-05,2263,Timiskaming Health Unit,0.1812,80.0,2.46,0.4346,0.8542
22826,2022-01-05,2262,Thunder Bay District Health Unit,0.154,566.0,3.77,0.5231,0.8604
22827,2022-01-05,2261,Sudbury and District Health Unit,0.1481,882.0,4.43,0.5864,0.8922
22828,2022-01-05,4913,Southwestern Public Health,0.2117,744.0,3.52,0.2717,0.6373
22829,2022-01-05,2260,Simcoe Muskoka District Health Unit,0.2468,2134.0,3.56,0.3851,0.5998
22830,2022-01-05,2257,Renfrew County and District Health Unit,0.2202,235.0,2.16,0.3062,0.6607
22831,2022-01-05,2256,Porcupine Health Unit,0.1537,368.0,4.41,0.7622,0.9035
22832,2022-01-05,2255,Peterborough County-City Health Unit,0.1787,454.0,3.07,0.5729,0.7274
22833,2022-01-05,2253,Peel Regional Health Unit,0.3242,4961.0,3.09,0.3037,0.4707
22834,2022-01-05,35,Ontario,0.2596,51528.0,3.47,0.3713,0.5871
22835,2022-01-05,2249,Northwestern Health Unit,0.193,217.0,2.47,0.583,0.7951
22836,2022-01-05,2247,North Bay Parry Sound District Health Unit,0.1648,301.0,2.32,0.749,0.8831
22837,2022-01-05,2246,Niagara Regional Area Health Unit,0.2765,1552.0,3.28,0.4101,0.6194
22838,2022-01-05,2244,Middlesex-London Health Unit,0.2364,1756.0,3.46,0.2741,0.5834
22839,2022-01-05,2243,"Leeds, Grenville and Lanark District Health Unit",0.2055,439.0,2.53,0.5377,0.8178
22840,2022-01-05,2242,Lambton Health Unit,0.2725,505.0,3.86,0.1249,0.4673
22841,2022-01-05,2241,"Kingston, Frontenac and Lennox and Addington Health Unit",0.1329,935.0,4.4,0.8083,0.9311
22842,2022-01-05,5183,Huron Perth Health Unit,0.1461,580.0,4.15,0.1733,0.6428
22843,2022-01-05,2238,Hastings and Prince Edward Counties Health Unit,0.1485,900.0,5.34,0.8662,0.932
22844,2022-01-05,2236,Halton Regional Health Unit,0.3212,2021.0,3.26,0.2529,0.4563
22845,2022-01-05,2235,"Haliburton, Kawartha, Pine Ridge District Health Unit",0.1981,567.0,3.0,0.3836,0.6433
22846,2022-01-05,2234,Haldimand-Norfolk Health Unit,0.2328,350.0,3.07,0.4227,0.7746
22847,2022-01-05,2233,Grey Bruce Health Unit,0.1895,464.0,2.73,0.1482,0.5918
22848,2022-01-05,2258,Eastern Ontario Health Unit,0.2841,841.0,4.03,0.3124,0.6495
22849,2022-01-05,2230,Durham Regional Health Unit,0.2928,2428.0,3.41,0.2087,0.3926
22850,2022-01-05,2226,District of Algoma Health Unit,0.1611,322.0,2.81,0.5101,0.684
22851,2022-01-05,3895,City of Toronto Health Unit,0.2557,11828.0,3.79,0.4289,0.5784
22852,2022-01-05,2251,City of Ottawa Health Unit,0.2935,2635.0,2.5,0.3487,0.678
22853,2022-01-05,2237,City of Hamilton Health Unit,0.2576,2617.0,4.42,0.4997,0.7177
22854,2022-01-05,2240,Chatham-Kent Health Unit,0.276,360.0,3.38,0.1845,0.562
22855,2022-01-05,2227,Brant County Health Unit,0.297,506.0,3.26,0.461,0.7082
22856,2022-01-04,2270,York Regional Health Unit,0.2902,4846.0,3.95,0.2573,0.4879
22857,2022-01-04,2268,Windsor-Essex County Health Unit,0.2835,1557.0,3.67,0.17,0.4976
22858,2022-01-04,2266,Wellington-Dufferin-Guelph Health Unit,0.2861,918.0,2.94,0.2887,0.5692
22859,2022-01-04,2265,Waterloo Health Unit,0.2922,1972.0,3.38,0.3424,0.5687
22860,2022-01-04,2263,Timiskaming Health Unit,0.1892,98.0,3.0,0.3241,0.8601
22861,2022-01-04,2262,Thunder Bay District Health Unit,0.1709,582.0,3.88,0.5004,0.8665
22862,2022-01-04,2261,Sudbury and District Health Unit,0.1559,935.0,4.7,0.5966,0.8996
22863,2022-01-04,4913,Southwestern Public Health,0.2137,790.0,3.73,0.3038,0.6634
22864,2022-01-04,2260,Simcoe Muskoka District Health Unit,0.265,2372.0,3.96,0.3979,0.6319
22865,2022-01-04,2257,Renfrew County and District Health Unit,0.2286,282.0,2.6,0.296,0.699
22866,2022-01-04,2256,Porcupine Health Unit,0.1816,393.0,4.71,0.7949,0.9176
22867,2022-01-04,2255,Peterborough County-City Health Unit,0.1975,500.0,3.38,0.5344,0.7191
22868,2022-01-04,2253,Peel Regional Health Unit,0.3412,5451.0,3.39,0.2956,0.4831
22869,2022-01-04,35,Ontario,0.2745,56177.0,3.79,0.3821,0.6154
22870,2022-01-04,2249,Northwestern Health Unit,0.1917,234.0,2.67,0.5539,0.7843
22871,2022-01-04,2247,North Bay Parry Sound District Health Unit,0.1857,338.0,2.61,0.757,0.8896
22872,2022-01-04,2246,Niagara Regional Area Health Unit,0.2831,1655.0,3.5,0.4361,0.6661
22873,2022-01-04,2244,Middlesex-London Health Unit,0.2543,1891.0,3.73,0.2999,0.6357
22874,2022-01-04,2243,"Leeds, Grenville and Lanark District Health Unit",0.2182,513.0,2.96,0.5422,0.8487
22875,2022-01-04,2242,Lambton Health Unit,0.284,572.0,4.37,0.1463,0.5277
22876,2022-01-04,2241,"Kingston, Frontenac and Lennox and Addington Health Unit",0.1491,1021.0,4.8,0.8117,0.93
22877,2022-01-04,5183,Huron Perth Health Unit,0.1672,623.0,4.46,0.181,0.6677
22878,2022-01-04,2238,Hastings and Prince Edward Counties Health Unit,0.1644,912.0,5.41,0.8702,0.9361
22879,2022-01-04,2236,Halton Regional Health Unit,0.3391,2311.0,3.73,0.252,0.4623
22880,2022-01-04,2235,"Haliburton, Kawartha, Pine Ridge District Health Unit",0.2132,582.0,3.08,0.3819,0.6852
22881,2022-01-04,2234,Haldimand-Norfolk Health Unit,0.2692,359.0,3.14,0.3868,0.7747
22882,2022-01-04,2233,Grey Bruce Health Unit,0.2172,526.0,3.09,0.1374,0.6338
22883,2022-01-04,2258,Eastern Ontario Health Unit,0.3033,914.0,4.38,0.3423,0.7241
22884,2022-01-04,2230,Durham Regional Health Unit,0.2956,2595.0,3.64,0.2182,0.4185
22885,2022-01-04,2226,District of Algoma Health Unit,0.182,366.0,3.2,0.5084,0.6707
22886,2022-01-04,3895,City of Toronto Health Unit,0.2754,12839.0,4.11,0.4504,0.604
22887,2022-01-04,2251,City of Ottawa Health Unit,0.3049,2903.0,2.75,0.3547,0.7299
22888,2022-01-04,2237,City of Hamilton Health Unit,0.2655,2734.0,4.62,0.502,0.7298
22889,2022-01-04,2240,Chatham-Kent Health Unit,0.2765,354.0,3.33,0.1984,0.6266
22890,2022-01-04,2227,Brant County Health Unit,0.3014,546.0,3.52,0.4616,0.717
22891,2022-01-03,2270,York Regional Health Unit,0.3012,5194.0,4.24,0.2946,0.5405
22892,2022-01-03,2268,Windsor-Essex County Health Unit,0.278,1599.0,3.76,0.1974,0.5335
22893,2022-01-03,2266,Wellington-Dufferin-Guelph Health Unit,0.2925,1007.0,3.23,0.3282,0.6025
22894,2022-01-03,2265,Waterloo Health Unit,0.2982,2048.0,3.5,0.3412,0.5828
22895,2022-01-03,2263,Timiskaming Health Unit,0.17,94.0,2.88,0.3125,0.8765
22896,2022-01-03,2262,Thunder Bay District Health Unit,0.1774,594.0,3.96,0.5093,0.8952
22897,2022-01-03,2261,Sudbury and District Health Unit,0.1649,954.0,4.79,0.614,0.9108
22898,2022-01-03,4913,Southwestern Public Health,0.2265,807.0,3.82,0.3313,0.6713
22899,2022-01-03,2260,Simcoe Muskoka District Health Unit,0.2638,2538.0,4.23,0.4228,0.6399
22900,2022-01-03,2257,Renfrew County and District Health Unit,0.2449,306.0,2.82,0.3136,0.7133
22901,2022-01-03,2256,Porcupine Health Unit,0.1857,428.0,5.13,0.7969,0.917
22902,2022-01-03,2255,Peterborough County-City Health Unit,0.2116,494.0,3.34,0.5582,0.7446
22903,2022-01-03,2253,Peel Regional Health Unit,0.3513,5694.0,3.55,0.3015,0.4895
22904,2022-01-03,35,Ontario,0.2824,59194.0,3.99,0.4047,0.6383
22905,2022-01-03,2249,Northwestern Health Unit,0.1965,227.0,2.59,0.5659,0.7942
22906,2022-01-03,2247,North Bay Parry Sound District Health Unit,0.1715,351.0,2.7,0.782,0.902
22907,2022-01-03,2246,Niagara Regional Area Health Unit,0.2807,1769.0,3.74,0.4674,0.7002
22908,2022-01-03,2244,Middlesex-London Health Unit,0.2616,2052.0,4.04,0.3307,0.648
22909,2022-01-03,2243,"Leeds, Grenville and Lanark District Health Unit",0.2392,573.0,3.31,0.5534,0.8677
22910,2022-01-03,2242,Lambton Health Unit,0.2853,622.0,4.75,0.1515,0.5514
22911,2022-01-03,2241,"Kingston, Frontenac and Lennox and Addington Health Unit",0.1513,1113.0,5.23,0.825,0.9374
22912,2022-01-03,5183,Huron Perth Health Unit,0.1814,634.0,4.54,0.207,0.6886
22913,2022-01-03,2238,Hastings and Prince Edward Counties Health Unit,0.1711,972.0,5.77,0.8713,0.936
22914,2022-01-03,2236,Halton Regional Health Unit,0.3384,2501.0,4.04,0.2576,0.4597
22915,2022-01-03,2235,"Haliburton, Kawartha, Pine Ridge District Health Unit",0.2279,566.0,3.0,0.3485,0.6174
22916,2022-01-03,2234,Haldimand-Norfolk Health Unit,0.2614,363.0,3.19,0.4055,0.7873
22917,2022-01-03,2233,Grey Bruce Health Unit,0.2167,552.0,3.25,0.1289,0.6309
22918,2022-01-03,2258,Eastern Ontario Health Unit,0.3214,920.0,4.41,0.3714,0.7749
22919,2022-01-03,2230,Durham Regional Health Unit,0.3049,2735.0,3.84,0.2446,0.4675
22920,2022-01-03,2226,District of Algoma Health Unit,0.1868,382.0,3.34,0.5306,0.6714
22921,2022-01-03,3895,City of Toronto Health Unit,0.2902,13297.0,4.26,0.4799,0.6289
22922,2022-01-03,2251,City of Ottawa Health Unit,0.3087,3215.0,3.05,0.3854,0.7719
22923,2022-01-03,2237,City of Hamilton Health Unit,0.2655,2904.0,4.9,0.5182,0.7461
22924,2022-01-03,2240,Chatham-Kent Health Unit,0.2654,346.0,3.26,0.2184,0.6376
22925,2022-01-03,2227,Brant County Health Unit,0.3102,600.0,3.87,0.4842,0.7356
22926,2022-01-02,2270,York Regional Health Unit,0.3105,5444.0,4.44,0.309,0.5583
22927,2022-01-02,2268,Windsor-Essex County Health Unit,0.2718,1596.0,3.76,0.2262,0.5768
22928,2022-01-02,2266,Wellington-Dufferin-Guelph Health Unit,0.2976,1098.0,3.52,0.3599,0.6288
22929,2022-01-02,2265,Waterloo Health Unit,0.2989,2072.0,3.55,0.3636,0.6225
22930,2022-01-02,2263,Timiskaming Health Unit,0.1645,101.0,3.08,0.2993,0.8563
22931,2022-01-02,2262,Thunder Bay District Health Unit,0.1766,611.0,4.07,0.5207,0.9295
22932,2022-01-02,2261,Sudbury and District Health Unit,0.1734,963.0,4.84,0.6145,0.9187
22933,2022-01-02,4913,Southwestern Public Health,0.228,810.0,3.83,0.376,0.7031
22934,2022-01-02,2260,Simcoe Muskoka District Health Unit,0.2663,2653.0,4.43,0.4279,0.648
22935,2022-01-02,2257,Renfrew County and District Health Unit,0.2571,337.0,3.11,0.3082,0.7194
22936,2022-01-02,2256,Porcupine Health Unit,0.1827,436.0,5.23,0.8032,0.9205
22937,2022-01-02,2255,Peterborough County-City Health Unit,0.2109,535.0,3.62,0.5689,0.7524
22938,2022-01-02,2253,Peel Regional Health Unit,0.3493,5939.0,3.7,0.3132,0.503
22939,2022-01-02,35,Ontario,0.2863,61546.0,4.15,0.4219,0.6573
22940,2022-01-02,2249,Northwestern Health Unit,0.198,233.0,2.66,0.5705,0.7992
22941,2022-01-02,2247,North Bay Parry Sound District Health Unit,0.1698,382.0,2.94,0.7974,0.914
22942,2022-01-02,2246,Niagara Regional Area Health Unit,0.2771,1838.0,3.89,0.5054,0.7452
22943,2022-01-02,2244,Middlesex-London Health Unit,0.2657,2204.0,4.34,0.3566,0.6737
22944,2022-01-02,2243,"Leeds, Grenville and Lanark District Health Unit",0.2467,629.0,3.63,0.5502,0.8682
22945,2022-01-02,2242,Lambton Health Unit,0.2933,626.0,4.78,0.1562,0.5557
22946,2022-01-02,2241,"Kingston, Frontenac and Lennox and Addington Health Unit",0.1522,1189.0,5.59,0.8211,0.9347
22947,2022-01-02,5183,Huron Perth Health Unit,0.1843,630.0,4.5,0.1988,0.7105
22948,2022-01-02,2238,Hastings and Prince Edward Counties Health Unit,0.1797,1006.0,5.97,0.8729,0.9376
22949,2022-01-02,2236,Halton Regional Health Unit,0.338,2605.0,4.21,0.2692,0.4604
22950,2022-01-02,2235,"Haliburton, Kawartha, Pine Ridge District Health Unit",0.2257,600.0,3.18,0.357,0.6291
22951,2022-01-02,2234,Haldimand-Norfolk Health Unit,0.2658,386.0,3.39,0.4094,0.7898
22952,2022-01-02,2233,Grey Bruce Health Unit,0.2186,578.0,3.4,0.1273,0.6347
22953,2022-01-02,2258,Eastern Ontario Health Unit,0.3113,929.0,4.45,0.3908,0.8084
22954,2022-01-02,2230,Durham Regional Health Unit,0.3089,2854.0,4.01,0.2617,0.5003
22955,2022-01-02,2226,District of Algoma Health Unit,0.1882,398.0,3.48,0.5179,0.6523
22956,2022-01-02,3895,City of Toronto Health Unit,0.3019,13694.0,4.39,0.5058,0.652
22957,2022-01-02,2251,City of Ottawa Health Unit,0.3072,3444.0,3.27,0.397,0.7855
22958,2022-01-02,2237,City of Hamilton Health Unit,0.2665,2968.0,5.01,0.5208,0.7577
22959,2022-01-02,2240,Chatham-Kent Health Unit,0.2511,356.0,3.35,0.2428,0.6738
22960,2022-01-02,2227,Brant County Health Unit,0.3052,642.0,4.13,0.5003,0.7492
22961,2022-01-01,2270,York Regional Health Unit,0.3092,5513.0,4.5,0.3218,0.6009
22962,2022-01-01,2268,Windsor-Essex County Health Unit,0.2639,1580.0,3.72,0.28,0.6716
22963,2022-01-01,2266,Wellington-Dufferin-Guelph Health Unit,0.3048,1125.0,3.61,0.3794,0.678
22964,2022-01-01,2265,Waterloo Health Unit,0.3016,2090.0,3.58,0.3805,0.6646
22965,2022-01-01,2263,Timiskaming Health Unit,0.1679,98.0,2.99,0.292,0.8336
22966,2022-01-01,2262,Thunder Bay District Health Unit,0.1787,593.0,3.96,0.4832,0.8701
22967,2022-01-01,2261,Sudbury and District Health Unit,0.1763,939.0,4.72,0.6001,0.9138
22968,2022-01-01,4913,Southwestern Public Health,0.2263,801.0,3.79,0.4278,0.7613
22969,2022-01-01,2260,Simcoe Muskoka District Health Unit,0.2725,2590.0,4.32,0.4357,0.6737
22970,2022-01-01,2257,Renfrew County and District Health Unit,0.2472,330.0,3.04,0.3399,0.7801
22971,2022-01-01,2256,Porcupine Health Unit,0.187,456.0,5.47,0.81,0.9222
22972,2022-01-01,2255,Peterborough County-City Health Unit,0.2159,536.0,3.62,0.5819,0.7765
22973,2022-01-01,2253,Peel Regional Health Unit,0.3467,5929.0,3.69,0.3306,0.526
22974,2022-01-01,35,Ontario,0.2874,61575.0,4.15,0.4384,0.6863
22975,2022-01-01,2249,Northwestern Health Unit,0.1973,235.0,2.68,0.5054,0.7243
22976,2022-01-01,2247,North Bay Parry Sound District Health Unit,0.1723,394.0,3.04,0.8073,0.9192
22977,2022-01-01,2246,Niagara Regional Area Health Unit,0.2762,1814.0,3.84,0.5372,0.785
22978,2022-01-01,2244,Middlesex-London Health Unit,0.27,2198.0,4.33,0.3856,0.709
22979,2022-01-01,2243,"Leeds, Grenville and Lanark District Health Unit",0.2509,621.0,3.58,0.5473,0.8776
22980,2022-01-01,2242,Lambton Health Unit,0.2946,629.0,4.8,0.1792,0.6222
22981,2022-01-01,2241,"Kingston, Frontenac and Lennox and Addington Health Unit",0.1529,1132.0,5.32,0.8192,0.9326
22982,2022-01-01,5183,Huron Perth Health Unit,0.192,608.0,4.35,0.2389,0.7813
22983,2022-01-01,2238,Hastings and Prince Edward Counties Health Unit,0.1765,1009.0,5.99,0.8794,0.9368
22984,2022-01-01,2236,Halton Regional Health Unit,0.3342,2635.0,4.26,0.2689,0.4688
22985,2022-01-01,2235,"Haliburton, Kawartha, Pine Ridge District Health Unit",0.2276,599.0,3.17,0.3726,0.6293
22986,2022-01-01,2234,Haldimand-Norfolk Health Unit,0.268,382.0,3.35,0.434,0.8192
22987,2022-01-01,2233,Grey Bruce Health Unit,0.2162,570.0,3.36,0.1497,0.7192
22988,2022-01-01,2258,Eastern Ontario Health Unit,0.3119,924.0,4.43,0.3953,0.8374
22989,2022-01-01,2230,Durham Regional Health Unit,0.3066,2865.0,4.02,0.2732,0.5413
22990,2022-01-01,2226,District of Algoma Health Unit,0.1982,394.0,3.45,0.5293,0.6557
22991,2022-01-01,3895,City of Toronto Health Unit,0.3052,13776.0,4.41,0.5307,0.6862
22992,2022-01-01,2251,City of Ottawa Health Unit,0.305,3504.0,3.32,0.3999,0.8078
22993,2022-01-01,2237,City of Hamilton Health Unit,0.2699,2957.0,4.99,0.5297,0.7762
22994,2022-01-01,2240,Chatham-Kent Health Unit,0.249,353.0,3.32,0.262,0.7364
22995,2022-01-01,2227,Brant County Health Unit,0.3081,641.0,4.13,0.5234,0.77
22996,2021-12-31,2270,York Regional Health Unit,0.3063,5586.0,4.56,0.3311,0.6332
22997,2021-12-31,2268,Windsor-Essex County Health Unit,0.2629,1533.0,3.61,0.3087,0.7517
22998,2021-12-31,2266,Wellington-Dufferin-Guelph Health Unit,0.3045,1122.0,3.6,0.414,0.7213
22999,2021-12-31,2265,Waterloo Health Unit,0.3034,2072.0,3.55,0.3988,0.6741
23000,2021-12-31,2263,Timiskaming Health Unit,0.1709,95.0,2.92,0.2273,0.8309
23001,2021-12-31,2262,Thunder Bay District Health Unit,0.1787,566.0,3.78,0.4715,0.8606
23002,2021-12-31,2261,Sudbury and District Health Unit,0.1708,882.0,4.43,0.6073,0.927
23003,2021-12-31,4913,Southwestern Public Health,0.2211,794.0,3.75,0.4507,0.7732
23004,2021-12-31,2260,Simcoe Muskoka District Health Unit,0.2717,2573.0,4.29,0.419,0.6697
23005,2021-12-31,2257,Renfrew County and District Health Unit,0.2445,324.0,2.98,0.3339,0.8015
23006,2021-12-31,2256,Porcupine Health Unit,0.1886,454.0,5.44,0.828,0.9296
23007,2021-12-31,2255,Peterborough County-City Health Unit,0.2165,540.0,3.65,0.5891,0.7752
23008,2021-12-31,2253,Peel Regional Health Unit,0.3457,5948.0,3.7,0.3384,0.5255
23009,2021-12-31,35,Ontario,0.2877,61224.0,4.13,0.4501,0.7021
23010,2021-12-31,2249,Northwestern Health Unit,0.2017,234.0,2.67,0.5197,0.7082
23011,2021-12-31,2247,North Bay Parry Sound District Health Unit,0.174,389.0,3.0,0.8434,0.9288
23012,2021-12-31,2246,Niagara Regional Area Health Unit,0.2765,1775.0,3.76,0.564,0.7975
23013,2021-12-31,2244,Middlesex-London Health Unit,0.2717,2166.0,4.27,0.4255,0.7474
23014,2021-12-31,2243,"Leeds, Grenville and Lanark District Health Unit",0.2551,605.0,3.49,0.5657,0.8839
23015,2021-12-31,2242,Lambton Health Unit,0.2964,615.0,4.7,0.207,0.6929
23016,2021-12-31,2241,"Kingston, Frontenac and Lennox and Addington Health Unit",0.1546,1102.0,5.18,0.8602,0.9323
23017,2021-12-31,5183,Huron Perth Health Unit,0.1915,601.0,4.3,0.2689,0.8269
23018,2021-12-31,2238,Hastings and Prince Edward Counties Health Unit,0.1776,941.0,5.59,0.8794,0.9329
23019,2021-12-31,2236,Halton Regional Health Unit,0.3326,2633.0,4.25,0.2815,0.4748
23020,2021-12-31,2235,"Haliburton, Kawartha, Pine Ridge District Health Unit",0.229,590.0,3.12,0.3547,0.6217
23021,2021-12-31,2234,Haldimand-Norfolk Health Unit,0.2679,384.0,3.37,0.4542,0.8335
23022,2021-12-31,2233,Grey Bruce Health Unit,0.213,574.0,3.38,0.1513,0.768
23023,2021-12-31,2258,Eastern Ontario Health Unit,0.3177,890.0,4.26,0.4023,0.8176
23024,2021-12-31,2230,Durham Regional Health Unit,0.3099,2829.0,3.97,0.2722,0.5779
23025,2021-12-31,2226,District of Algoma Health Unit,0.2016,380.0,3.32,0.5704,0.6738
23026,2021-12-31,3895,City of Toronto Health Unit,0.305,13897.0,4.45,0.5386,0.704
23027,2021-12-31,2251,City of Ottawa Health Unit,0.3056,3467.0,3.29,0.4115,0.8114
23028,2021-12-31,2237,City of Hamilton Health Unit,0.2704,2939.0,4.96,0.5688,0.7966
23029,2021-12-31,2240,Chatham-Kent Health Unit,0.2424,339.0,3.19,0.2692,0.7695
23030,2021-12-31,2227,Brant County Health Unit,0.305,637.0,4.1,0.5229,0.7805
23031,2021-12-30,2270,York Regional Health Unit,0.2954,5670.0,4.63,0.3416,0.6566
23032,2021-12-30,2268,Windsor-Essex County Health Unit,0.2552,1483.0,3.49,0.307,0.7217
23033,2021-12-30,2266,Wellington-Dufferin-Guelph Health Unit,0.2942,1137.0,3.64,0.4762,0.7723
23034,2021-12-30,2265,Waterloo Health Unit,0.2934,2069.0,3.54,0.4333,0.6966
23035,2021-12-30,2263,Timiskaming Health Unit,0.1586,83.0,2.53,0.3071,0.8464
23036,2021-12-30,2262,Thunder Bay District Health Unit,0.1738,534.0,3.56,0.3997,0.8313
23037,2021-12-30,2261,Sudbury and District Health Unit,0.1627,860.0,4.32,0.6599,0.9275
23038,2021-12-30,4913,Southwestern Public Health,0.2099,763.0,3.61,0.4951,0.8163
23039,2021-12-30,2260,Simcoe Muskoka District Health Unit,0.2588,2592.0,4.32,0.421,0.6779
23040,2021-12-30,2257,Renfrew County and District Health Unit,0.2439,316.0,2.91,0.3279,0.7684
23041,2021-12-30,2256,Porcupine Health Unit,0.1907,454.0,5.44,0.8173,0.9149
23042,2021-12-30,2255,Peterborough County-City Health Unit,0.2092,546.0,3.69,0.5825,0.7701
23043,2021-12-30,2253,Peel Regional Health Unit,0.3323,5926.0,3.69,0.353,0.5373
23044,2021-12-30,35,Ontario,0.2791,61037.0,4.12,0.4608,0.7145
23045,2021-12-30,2249,Northwestern Health Unit,0.199,229.0,2.61,0.5058,0.6779
23046,2021-12-30,2247,North Bay Parry Sound District Health Unit,0.1735,389.0,2.99,0.8818,0.9514
23047,2021-12-30,2246,Niagara Regional Area Health Unit,0.2608,1790.0,3.79,0.571,0.7882
23048,2021-12-30,2244,Middlesex-London Health Unit,0.2626,2166.0,4.27,0.45,0.769
23049,2021-12-30,2243,"Leeds, Grenville and Lanark District Health Unit",0.2544,594.0,3.43,0.5877,0.8924
23050,2021-12-30,2242,Lambton Health Unit,0.2911,595.0,4.55,0.2258,0.758
23051,2021-12-30,2241,"Kingston, Frontenac and Lennox and Addington Health Unit",0.1486,1129.0,5.31,0.8684,0.927
23052,2021-12-30,5183,Huron Perth Health Unit,0.1934,574.0,4.11,0.3132,0.864
23053,2021-12-30,2238,Hastings and Prince Edward Counties Health Unit,0.1712,892.0,5.29,0.8797,0.9313
23054,2021-12-30,2236,Halton Regional Health Unit,0.3205,2791.0,4.51,0.2869,0.486
23055,2021-12-30,2235,"Haliburton, Kawartha, Pine Ridge District Health Unit",0.2194,539.0,2.85,0.378,0.637
23056,2021-12-30,2234,Haldimand-Norfolk Health Unit,0.2591,383.0,3.35,0.4381,0.7873
23057,2021-12-30,2233,Grey Bruce Health Unit,0.2047,583.0,3.43,0.1534,0.7779
23058,2021-12-30,2258,Eastern Ontario Health Unit,0.3153,828.0,3.97,0.4178,0.806
23059,2021-12-30,2230,Durham Regional Health Unit,0.317,2745.0,3.85,0.2787,0.6193
23060,2021-12-30,2226,District of Algoma Health Unit,0.2007,368.0,3.22,0.6059,0.6844
23061,2021-12-30,3895,City of Toronto Health Unit,0.2949,13815.0,4.43,0.5409,0.7202
23062,2021-12-30,2251,City of Ottawa Health Unit,0.289,3537.0,3.35,0.4372,0.8159
23063,2021-12-30,2237,City of Hamilton Health Unit,0.2695,2937.0,4.96,0.5745,0.794
23064,2021-12-30,2240,Chatham-Kent Health Unit,0.2264,335.0,3.15,0.2981,0.8082
23065,2021-12-30,2227,Brant County Health Unit,0.297,639.0,4.12,0.473,0.7623
23066,2021-12-29,2270,York Regional Health Unit,0.2733,5597.0,4.57,0.3443,0.6678
23067,2021-12-29,2268,Windsor-Essex County Health Unit,0.2265,1338.0,3.15,0.2982,0.6818
23068,2021-12-29,2266,Wellington-Dufferin-Guelph Health Unit,0.2583,1130.0,3.62,0.489,0.8014
23069,2021-12-29,2265,Waterloo Health Unit,0.2627,2015.0,3.45,0.4449,0.6849
23070,2021-12-29,2263,Timiskaming Health Unit,0.1386,87.0,2.65,0.3397,0.8596
23071,2021-12-29,2262,Thunder Bay District Health Unit,0.1504,466.0,3.11,0.3252,0.8029
23072,2021-12-29,2261,Sudbury and District Health Unit,0.1403,818.0,4.11,0.6769,0.9319
23073,2021-12-29,4913,Southwestern Public Health,0.1837,740.0,3.5,0.5046,0.8314
23074,2021-12-29,2260,Simcoe Muskoka District Health Unit,0.2304,2482.0,4.14,0.4135,0.6815
23075,2021-12-29,2257,Renfrew County and District Health Unit,0.2206,308.0,2.83,0.3697,0.7691
23076,2021-12-29,2256,Porcupine Health Unit,0.1765,414.0,4.96,0.8358,0.9238
23077,2021-12-29,2255,Peterborough County-City Health Unit,0.1994,533.0,3.6,0.5491,0.747
23078,2021-12-29,2253,Peel Regional Health Unit,0.3072,5686.0,3.54,0.3584,0.5477
23079,2021-12-29,35,Ontario,0.2556,59131.0,3.99,0.4647,0.7213
23080,2021-12-29,2249,Northwestern Health Unit,0.1622,221.0,2.52,0.388,0.5639
23081,2021-12-29,2247,North Bay Parry Sound District Health Unit,0.1532,380.0,2.93,0.8738,0.9454
23082,2021-12-29,2246,Niagara Regional Area Health Unit,0.2271,1712.0,3.62,0.5692,0.7729
23083,2021-12-29,2244,Middlesex-London Health Unit,0.2378,2083.0,4.1,0.4691,0.7988
23084,2021-12-29,2243,"Leeds, Grenville and Lanark District Health Unit",0.2318,572.0,3.3,0.6273,0.8809
23085,2021-12-29,2242,Lambton Health Unit,0.2597,556.0,4.24,0.277,0.8224
23086,2021-12-29,2241,"Kingston, Frontenac and Lennox and Addington Health Unit",0.1337,1116.0,5.25,0.8652,0.916
23087,2021-12-29,5183,Huron Perth Health Unit,0.1655,556.0,3.98,0.3289,0.8874
23088,2021-12-29,2238,Hastings and Prince Edward Counties Health Unit,0.16,844.0,5.01,0.8708,0.9252
23089,2021-12-29,2236,Halton Regional Health Unit,0.2947,2797.0,4.52,0.2794,0.4933
23090,2021-12-29,2235,"Haliburton, Kawartha, Pine Ridge District Health Unit",0.1906,510.0,2.7,0.3394,0.5878
23091,2021-12-29,2234,Haldimand-Norfolk Health Unit,0.2389,368.0,3.22,0.4231,0.7125
23092,2021-12-29,2233,Grey Bruce Health Unit,0.1883,571.0,3.36,0.2136,0.7991
23093,2021-12-29,2258,Eastern Ontario Health Unit,0.3024,728.0,3.49,0.4289,0.8033
23094,2021-12-29,2230,Durham Regional Health Unit,0.2923,2653.0,3.72,0.2736,0.6443
23095,2021-12-29,2226,District of Algoma Health Unit,0.1731,339.0,2.96,0.5949,0.6679
23096,2021-12-29,3895,City of Toronto Health Unit,0.2742,13556.0,4.34,0.5433,0.7414
23097,2021-12-29,2251,City of Ottawa Health Unit,0.257,3526.0,3.34,0.4734,0.8194
23098,2021-12-29,2237,City of Hamilton Health Unit,0.2569,2825.0,4.77,0.6066,0.7979
23099,2021-12-29,2240,Chatham-Kent Health Unit,0.198,311.0,2.93,0.3036,0.8164
23100,2021-12-29,2227,Brant County Health Unit,0.2666,587.0,3.78,0.4435,0.6946
23101,2021-12-28,2270,York Regional Health Unit,0.2487,5343.0,4.36,0.3486,0.681
23102,2021-12-28,2268,Windsor-Essex County Health Unit,0.1918,1209.0,2.85,0.2931,0.6734
23103,2021-12-28,2266,Wellington-Dufferin-Guelph Health Unit,0.229,1078.0,3.45,0.5073,0.8048
23104,2021-12-28,2265,Waterloo Health Unit,0.231,1896.0,3.24,0.4683,0.6895
23105,2021-12-28,2263,Timiskaming Health Unit,0.1089,79.0,2.41,0.4523,0.8685
23106,2021-12-28,2262,Thunder Bay District Health Unit,0.1194,421.0,2.81,0.2698,0.7596
23107,2021-12-28,2261,Sudbury and District Health Unit,0.1327,663.0,3.33,0.6641,0.9192
23108,2021-12-28,4913,Southwestern Public Health,0.1656,716.0,3.39,0.5129,0.8324
23109,2021-12-28,2260,Simcoe Muskoka District Health Unit,0.2001,2367.0,3.95,0.4086,0.6933
23110,2021-12-28,2257,Renfrew County and District Health Unit,0.2041,277.0,2.55,0.4285,0.753
23111,2021-12-28,2256,Porcupine Health Unit,0.1553,373.0,4.46,0.8036,0.9071
23112,2021-12-28,2255,Peterborough County-City Health Unit,0.1909,484.0,3.27,0.5829,0.7486
23113,2021-12-28,2253,Peel Regional Health Unit,0.2761,5419.0,3.37,0.3763,0.5779
23114,2021-12-28,35,Ontario,0.2298,56994.0,3.84,0.4697,0.7326
23115,2021-12-28,2249,Northwestern Health Unit,0.1542,209.0,2.39,0.3348,0.53
23116,2021-12-28,2247,North Bay Parry Sound District Health Unit,0.1215,362.0,2.79,0.8673,0.9512
23117,2021-12-28,2246,Niagara Regional Area Health Unit,0.2069,1646.0,3.48,0.5791,0.7608
23118,2021-12-28,2244,Middlesex-London Health Unit,0.2136,2017.0,3.97,0.4709,0.8041
23119,2021-12-28,2243,"Leeds, Grenville and Lanark District Health Unit",0.2086,561.0,3.24,0.648,0.8724
23120,2021-12-28,2242,Lambton Health Unit,0.2255,545.0,4.16,0.266,0.8326
23121,2021-12-28,2241,"Kingston, Frontenac and Lennox and Addington Health Unit",0.118,1139.0,5.35,0.8659,0.9209
23122,2021-12-28,5183,Huron Perth Health Unit,0.1423,523.0,3.74,0.3403,0.8928
23123,2021-12-28,2238,Hastings and Prince Edward Counties Health Unit,0.1393,809.0,4.8,0.8623,0.9211
23124,2021-12-28,2236,Halton Regional Health Unit,0.2684,2759.0,4.46,0.2783,0.5247
23125,2021-12-28,2235,"Haliburton, Kawartha, Pine Ridge District Health Unit",0.1685,479.0,2.54,0.3249,0.5756
23126,2021-12-28,2234,Haldimand-Norfolk Health Unit,0.1976,352.0,3.09,0.4197,0.6786
23127,2021-12-28,2233,Grey Bruce Health Unit,0.151,584.0,3.44,0.2398,0.8008
23128,2021-12-28,2258,Eastern Ontario Health Unit,0.2629,676.0,3.24,0.4298,0.7945
23129,2021-12-28,2230,Durham Regional Health Unit,0.2608,2577.0,3.62,0.2722,0.6741
23130,2021-12-28,2226,District of Algoma Health Unit,0.1451,308.0,2.69,0.6236,0.6915
23131,2021-12-28,3895,City of Toronto Health Unit,0.2482,13277.0,4.25,0.5394,0.7605
23132,2021-12-28,2251,City of Ottawa Health Unit,0.2305,3536.0,3.35,0.5041,0.825
23133,2021-12-28,2237,City of Hamilton Health Unit,0.2404,2753.0,4.65,0.6215,0.7922
23134,2021-12-28,2240,Chatham-Kent Health Unit,0.1739,304.0,2.86,0.3151,0.8146
23135,2021-12-28,2227,Brant County Health Unit,0.2373,570.0,3.67,0.4257,0.6781
23136,2021-12-27,2270,York Regional Health Unit,0.2263,5176.0,4.22,0.3598,0.7065
23137,2021-12-27,2268,Windsor-Essex County Health Unit,0.1645,1177.0,2.77,0.3168,0.6766
23138,2021-12-27,2266,Wellington-Dufferin-Guelph Health Unit,0.1966,1073.0,3.44,0.5226,0.8193
23139,2021-12-27,2265,Waterloo Health Unit,0.2045,1806.0,3.09,0.4942,0.7083
23140,2021-12-27,2263,Timiskaming Health Unit,0.0944,86.0,2.64,0.5309,0.8793
23141,2021-12-27,2262,Thunder Bay District Health Unit,0.0951,398.0,2.66,0.2516,0.7352
23142,2021-12-27,2261,Sudbury and District Health Unit,0.1161,606.0,3.04,0.6605,0.9227
23143,2021-12-27,4913,Southwestern Public Health,0.1416,693.0,3.28,0.5134,0.8475
23144,2021-12-27,2260,Simcoe Muskoka District Health Unit,0.1774,2241.0,3.74,0.4194,0.7092
23145,2021-12-27,2257,Renfrew County and District Health Unit,0.1623,283.0,2.6,0.4472,0.7642
23146,2021-12-27,2256,Porcupine Health Unit,0.1345,336.0,4.02,0.8046,0.9097
23147,2021-12-27,2255,Peterborough County-City Health Unit,0.1606,503.0,3.4,0.5916,0.7629
23148,2021-12-27,2253,Peel Regional Health Unit,0.2411,5251.0,3.27,0.3808,0.6002
23149,2021-12-27,35,Ontario,0.2051,55693.0,3.76,0.4791,0.7499
23150,2021-12-27,2249,Northwestern Health Unit,0.1213,227.0,2.59,0.3315,0.5288
23151,2021-12-27,2247,North Bay Parry Sound District Health Unit,0.1124,357.0,2.75,0.8625,0.9544
23152,2021-12-27,2246,Niagara Regional Area Health Unit,0.1852,1569.0,3.32,0.5657,0.7595
23153,2021-12-27,2244,Middlesex-London Health Unit,0.1853,1970.0,3.88,0.4643,0.8353
23154,2021-12-27,2243,"Leeds, Grenville and Lanark District Health Unit",0.1749,550.0,3.17,0.6767,0.88
23155,2021-12-27,2242,Lambton Health Unit,0.1947,500.0,3.81,0.2611,0.8062
23156,2021-12-27,2241,"Kingston, Frontenac and Lennox and Addington Health Unit",0.1051,1175.0,5.52,0.8671,0.9202
23157,2021-12-27,5183,Huron Perth Health Unit,0.1116,543.0,3.88,0.3574,0.8982
23158,2021-12-27,2238,Hastings and Prince Edward Counties Health Unit,0.117,778.0,4.62,0.8665,0.9266
23159,2021-12-27,2236,Halton Regional Health Unit,0.2467,2741.0,4.43,0.2802,0.5508
23160,2021-12-27,2235,"Haliburton, Kawartha, Pine Ridge District Health Unit",0.1429,461.0,2.44,0.4199,0.7115
23161,2021-12-27,2234,Haldimand-Norfolk Health Unit,0.1819,346.0,3.04,0.3985,0.6681
23162,2021-12-27,2233,Grey Bruce Health Unit,0.1348,570.0,3.36,0.2894,0.8083
23163,2021-12-27,2258,Eastern Ontario Health Unit,0.2234,654.0,3.13,0.4261,0.7953
23164,2021-12-27,2230,Durham Regional Health Unit,0.2357,2521.0,3.54,0.3045,0.7169
23165,2021-12-27,2226,District of Algoma Health Unit,0.1305,296.0,2.58,0.5848,0.6752
23166,2021-12-27,3895,City of Toronto Health Unit,0.2267,13181.0,4.22,0.5418,0.7746
23167,2021-12-27,2251,City of Ottawa Health Unit,0.1996,3578.0,3.39,0.5291,0.8334
23168,2021-12-27,2237,City of Hamilton Health Unit,0.225,2567.0,4.33,0.6343,0.8023
23169,2021-12-27,2240,Chatham-Kent Health Unit,0.1549,308.0,2.9,0.3395,0.8524
23170,2021-12-27,2227,Brant County Health Unit,0.1998,523.0,3.37,0.3883,0.665
23171,2021-12-26,2270,York Regional Health Unit,0.2015,5041.0,4.11,0.3845,0.7666
23172,2021-12-26,2268,Windsor-Essex County Health Unit,0.1337,1214.0,2.86,0.3319,0.6944
23173,2021-12-26,2266,Wellington-Dufferin-Guelph Health Unit,0.1658,1058.0,3.39,0.5096,0.86
23174,2021-12-26,2265,Waterloo Health Unit,0.1808,1775.0,3.04,0.503,0.7366
23175,2021-12-26,2263,Timiskaming Health Unit,0.0603,95.0,2.9,0.5427,0.9131
23176,2021-12-26,2262,Thunder Bay District Health Unit,0.0724,397.0,2.64,0.2211,0.7444
23177,2021-12-26,2261,Sudbury and District Health Unit,0.094,592.0,2.98,0.6353,0.9115
23178,2021-12-26,4913,Southwestern Public Health,0.1209,700.0,3.31,0.4951,0.8714
23179,2021-12-26,2260,Simcoe Muskoka District Health Unit,0.1518,2221.0,3.7,0.4224,0.7166
23180,2021-12-26,2257,Renfrew County and District Health Unit,0.1262,254.0,2.33,0.4362,0.7627
23181,2021-12-26,2256,Porcupine Health Unit,0.1208,331.0,3.97,0.8049,0.9137
23182,2021-12-26,2255,Peterborough County-City Health Unit,0.1472,492.0,3.33,0.621,0.81
23183,2021-12-26,2253,Peel Regional Health Unit,0.2173,5118.0,3.19,0.3948,0.6416
23184,2021-12-26,35,Ontario,0.1814,55038.0,3.71,0.4841,0.7774
23185,2021-12-26,2249,Northwestern Health Unit,0.0994,260.0,2.97,0.3083,0.5156
23186,2021-12-26,2247,North Bay Parry Sound District Health Unit,0.0955,350.0,2.7,0.8578,0.9628
23187,2021-12-26,2246,Niagara Regional Area Health Unit,0.1649,1512.0,3.2,0.5456,0.7718
23188,2021-12-26,2244,Middlesex-London Health Unit,0.1586,1911.0,3.77,0.4268,0.8439
23189,2021-12-26,2243,"Leeds, Grenville and Lanark District Health Unit",0.142,556.0,3.21,0.6813,0.8998
23190,2021-12-26,2242,Lambton Health Unit,0.1783,491.0,3.75,0.2552,0.8178
23191,2021-12-26,2241,"Kingston, Frontenac and Lennox and Addington Health Unit",0.0877,1239.0,5.82,0.8682,0.9253
23192,2021-12-26,5183,Huron Perth Health Unit,0.0978,549.0,3.93,0.344,0.8915
23193,2021-12-26,2238,Hastings and Prince Edward Counties Health Unit,0.0984,778.0,4.62,0.8619,0.928
23194,2021-12-26,2236,Halton Regional Health Unit,0.2257,2760.0,4.46,0.2804,0.5899
23195,2021-12-26,2235,"Haliburton, Kawartha, Pine Ridge District Health Unit",0.1238,457.0,2.42,0.4269,0.7445
23196,2021-12-26,2234,Haldimand-Norfolk Health Unit,0.1474,354.0,3.1,0.3939,0.6841
23197,2021-12-26,2233,Grey Bruce Health Unit,0.1131,592.0,3.49,0.2866,0.848
23198,2021-12-26,2258,Eastern Ontario Health Unit,0.1917,645.0,3.09,0.4429,0.8172
23199,2021-12-26,2230,Durham Regional Health Unit,0.2054,2462.0,3.46,0.3251,0.7661
23200,2021-12-26,2226,District of Algoma Health Unit,0.1086,309.0,2.7,0.5902,0.6804
23201,2021-12-26,3895,City of Toronto Health Unit,0.2062,12973.0,4.16,0.5468,0.7999
23202,2021-12-26,2251,City of Ottawa Health Unit,0.1736,3661.0,3.47,0.5333,0.8444
23203,2021-12-26,2237,City of Hamilton Health Unit,0.2039,2441.0,4.12,0.6439,0.8192
23204,2021-12-26,2240,Chatham-Kent Health Unit,0.1416,307.0,2.88,0.3123,0.8677
23205,2021-12-26,2227,Brant County Health Unit,0.1741,501.0,3.23,0.3866,0.7182
23206,2021-12-25,2270,York Regional Health Unit,0.189,4950.0,4.04,0.4296,0.8177
23207,2021-12-25,2268,Windsor-Essex County Health Unit,0.1177,1211.0,2.85,0.3179,0.674
23208,2021-12-25,2266,Wellington-Dufferin-Guelph Health Unit,0.1472,1059.0,3.4,0.5273,0.8803
23209,2021-12-25,2265,Waterloo Health Unit,0.1631,1745.0,2.99,0.5493,0.7772
23210,2021-12-25,2263,Timiskaming Health Unit,0.0571,95.0,2.91,0.5113,0.9338
23211,2021-12-25,2262,Thunder Bay District Health Unit,0.0593,402.0,2.68,0.2629,0.807
23212,2021-12-25,2261,Sudbury and District Health Unit,0.0793,596.0,3.0,0.6827,0.9043
23213,2021-12-25,4913,Southwestern Public Health,0.1116,708.0,3.35,0.5171,0.8848
23214,2021-12-25,2260,Simcoe Muskoka District Health Unit,0.1396,2230.0,3.72,0.4851,0.7565
23215,2021-12-25,2257,Renfrew County and District Health Unit,0.1275,251.0,2.31,0.3982,0.7467
23216,2021-12-25,2256,Porcupine Health Unit,0.1062,308.0,3.69,0.8152,0.9236
23217,2021-12-25,2255,Peterborough County-City Health Unit,0.1443,509.0,3.44,0.6315,0.8285
23218,2021-12-25,2253,Peel Regional Health Unit,0.2049,5090.0,3.17,0.4034,0.6769
23219,2021-12-25,35,Ontario,0.1694,54839.0,3.7,0.5066,0.8027
23220,2021-12-25,2249,Northwestern Health Unit,0.0883,286.0,3.27,0.3089,0.5449
23221,2021-12-25,2247,North Bay Parry Sound District Health Unit,0.0817,334.0,2.58,0.8508,0.9645
23222,2021-12-25,2246,Niagara Regional Area Health Unit,0.1505,1510.0,3.2,0.5793,0.7991
23223,2021-12-25,2244,Middlesex-London Health Unit,0.1472,1920.0,3.78,0.4246,0.8595
23224,2021-12-25,2243,"Leeds, Grenville and Lanark District Health Unit",0.1339,575.0,3.32,0.6927,0.9126
23225,2021-12-25,2242,Lambton Health Unit,0.1693,478.0,3.65,0.2686,0.8151
23226,2021-12-25,2241,"Kingston, Frontenac and Lennox and Addington Health Unit",0.0848,1337.0,6.29,0.8747,0.9361
23227,2021-12-25,5183,Huron Perth Health Unit,0.0945,549.0,3.93,0.3361,0.8717
23228,2021-12-25,2238,Hastings and Prince Edward Counties Health Unit,0.0943,779.0,4.62,0.8713,0.9349
23229,2021-12-25,2236,Halton Regional Health Unit,0.2197,2775.0,4.48,0.2915,0.6285
23230,2021-12-25,2235,"Haliburton, Kawartha, Pine Ridge District Health Unit",0.1209,443.0,2.35,0.4319,0.7556
23231,2021-12-25,2234,Haldimand-Norfolk Health Unit,0.14,364.0,3.19,0.4047,0.6917
23232,2021-12-25,2233,Grey Bruce Health Unit,0.106,597.0,3.51,0.2784,0.8498
23233,2021-12-25,2258,Eastern Ontario Health Unit,0.1832,648.0,3.11,0.4854,0.8724
23234,2021-12-25,2230,Durham Regional Health Unit,0.1944,2465.0,3.46,0.3317,0.7767
23235,2021-12-25,2226,District of Algoma Health Unit,0.085,331.0,2.89,0.5824,0.6592
23236,2021-12-25,3895,City of Toronto Health Unit,0.1938,12760.0,4.09,0.5677,0.8281
23237,2021-12-25,2251,City of Ottawa Health Unit,0.1625,3705.0,3.51,0.5603,0.8542
23238,2021-12-25,2237,City of Hamilton Health Unit,0.1895,2369.0,4.0,0.6786,0.8427
23239,2021-12-25,2240,Chatham-Kent Health Unit,0.1276,308.0,2.9,0.3451,0.8706
23240,2021-12-25,2227,Brant County Health Unit,0.1577,507.0,3.27,0.396,0.7374
23241,2021-12-24,2270,York Regional Health Unit,0.1789,5090.0,4.15,0.4725,0.8563
23242,2021-12-24,2268,Windsor-Essex County Health Unit,0.1087,1248.0,2.94,0.3455,0.6804
23243,2021-12-24,2266,Wellington-Dufferin-Guelph Health Unit,0.1417,1149.0,3.69,0.5683,0.9059
23244,2021-12-24,2265,Waterloo Health Unit,0.1575,1865.0,3.19,0.5693,0.8193
23245,2021-12-24,2263,Timiskaming Health Unit,0.0542,100.0,3.06,0.5023,0.8899
23246,2021-12-24,2262,Thunder Bay District Health Unit,0.0547,446.0,2.98,0.3237,0.8106
23247,2021-12-24,2261,Sudbury and District Health Unit,0.0754,637.0,3.2,0.696,0.9011
23248,2021-12-24,4913,Southwestern Public Health,0.1058,755.0,3.57,0.5481,0.9084
23249,2021-12-24,2260,Simcoe Muskoka District Health Unit,0.1315,2402.0,4.01,0.5493,0.814
23250,2021-12-24,2257,Renfrew County and District Health Unit,0.1238,254.0,2.34,0.4343,0.743
23251,2021-12-24,2256,Porcupine Health Unit,0.1028,314.0,3.76,0.8215,0.9202
23252,2021-12-24,2255,Peterborough County-City Health Unit,0.1444,534.0,3.61,0.5738,0.7534
23253,2021-12-24,2253,Peel Regional Health Unit,0.1946,5199.0,3.24,0.4209,0.7208
23254,2021-12-24,35,Ontario,0.1604,57377.0,3.87,0.5335,0.8253
23255,2021-12-24,2249,Northwestern Health Unit,0.0775,312.0,3.56,0.3126,0.541
23256,2021-12-24,2247,North Bay Parry Sound District Health Unit,0.0774,349.0,2.69,0.8599,0.9666
23257,2021-12-24,2246,Niagara Regional Area Health Unit,0.1432,1628.0,3.45,0.6043,0.8306
23258,2021-12-24,2244,Middlesex-London Health Unit,0.1393,2044.0,4.03,0.4434,0.8736
23259,2021-12-24,2243,"Leeds, Grenville and Lanark District Health Unit",0.1271,627.0,3.62,0.6868,0.92
23260,2021-12-24,2242,Lambton Health Unit,0.1602,515.0,3.93,0.2647,0.8054
23261,2021-12-24,2241,"Kingston, Frontenac and Lennox and Addington Health Unit",0.0804,1508.0,7.09,0.8776,0.939
23262,2021-12-24,5183,Huron Perth Health Unit,0.0925,568.0,4.07,0.3479,0.8646
23263,2021-12-24,2238,Hastings and Prince Edward Counties Health Unit,0.0916,828.0,4.92,0.8511,0.9429
23264,2021-12-24,2236,Halton Regional Health Unit,0.2104,2918.0,4.71,0.3017,0.6652
23265,2021-12-24,2235,"Haliburton, Kawartha, Pine Ridge District Health Unit",0.1188,457.0,2.42,0.406,0.6808
23266,2021-12-24,2234,Haldimand-Norfolk Health Unit,0.1322,377.0,3.31,0.4745,0.7216
23267,2021-12-24,2233,Grey Bruce Health Unit,0.1038,643.0,3.78,0.2878,0.8555
23268,2021-12-24,2258,Eastern Ontario Health Unit,0.1753,674.0,3.23,0.5302,0.9118
23269,2021-12-24,2230,Durham Regional Health Unit,0.1844,2536.0,3.56,0.377,0.8068
23270,2021-12-24,2226,District of Algoma Health Unit,0.0768,361.0,3.15,0.5931,0.6706
23271,2021-12-24,3895,City of Toronto Health Unit,0.183,13099.0,4.2,0.586,0.843
23272,2021-12-24,2251,City of Ottawa Health Unit,0.1553,3978.0,3.77,0.5973,0.8652
23273,2021-12-24,2237,City of Hamilton Health Unit,0.1838,2439.0,4.12,0.7095,0.8667
23274,2021-12-24,2240,Chatham-Kent Health Unit,0.1251,327.0,3.07,0.3689,0.905
23275,2021-12-24,2227,Brant County Health Unit,0.1491,523.0,3.37,0.4589,0.7459
23276,2021-12-23,2270,York Regional Health Unit,0.1622,4911.0,4.01,0.5304,0.8931
23277,2021-12-23,2268,Windsor-Essex County Health Unit,0.1008,1276.0,3.0,0.3718,0.6921
23278,2021-12-23,2266,Wellington-Dufferin-Guelph Health Unit,0.1269,1171.0,3.75,0.5821,0.9213
23279,2021-12-23,2265,Waterloo Health Unit,0.1435,1844.0,3.16,0.5687,0.834
23280,2021-12-23,2263,Timiskaming Health Unit,0.0545,115.0,3.53,0.4564,0.8279
23281,2021-12-23,2262,Thunder Bay District Health Unit,0.0439,455.0,3.03,0.4337,0.8291
23282,2021-12-23,2261,Sudbury and District Health Unit,0.071,626.0,3.15,0.6404,0.8776
23283,2021-12-23,4913,Southwestern Public Health,0.0953,751.0,3.55,0.5748,0.9194
23284,2021-12-23,2260,Simcoe Muskoka District Health Unit,0.1182,2404.0,4.01,0.591,0.8468
23285,2021-12-23,2257,Renfrew County and District Health Unit,0.0927,270.0,2.48,0.4741,0.7858
23286,2021-12-23,2256,Porcupine Health Unit,0.0983,302.0,3.62,0.836,0.9402
23287,2021-12-23,2255,Peterborough County-City Health Unit,0.1334,500.0,3.38,0.5699,0.7472
23288,2021-12-23,2253,Peel Regional Health Unit,0.1746,5081.0,3.16,0.4381,0.7691
23289,2021-12-23,35,Ontario,0.1439,57149.0,3.85,0.5572,0.8469
23290,2021-12-23,2249,Northwestern Health Unit,0.0722,340.0,3.88,0.2825,0.4849
23291,2021-12-23,2247,North Bay Parry Sound District Health Unit,0.0672,347.0,2.67,0.8563,0.9689
23292,2021-12-23,2246,Niagara Regional Area Health Unit,0.1275,1601.0,3.39,0.6238,0.8493
23293,2021-12-23,2244,Middlesex-London Health Unit,0.1233,2084.0,4.11,0.4664,0.8874
23294,2021-12-23,2243,"Leeds, Grenville and Lanark District Health Unit",0.1171,643.0,3.71,0.6983,0.9169
23295,2021-12-23,2242,Lambton Health Unit,0.1488,489.0,3.73,0.2628,0.7995
23296,2021-12-23,2241,"Kingston, Frontenac and Lennox and Addington Health Unit",0.0733,1652.0,7.77,0.8721,0.937
23297,2021-12-23,5183,Huron Perth Health Unit,0.0757,588.0,4.21,0.3389,0.8514
23298,2021-12-23,2238,Hastings and Prince Edward Counties Health Unit,0.087,875.0,5.2,0.837,0.9397
23299,2021-12-23,2236,Halton Regional Health Unit,0.1934,2830.0,4.57,0.3178,0.7199
23300,2021-12-23,2235,"Haliburton, Kawartha, Pine Ridge District Health Unit",0.1094,444.0,2.35,0.3927,0.6767
23301,2021-12-23,2234,Haldimand-Norfolk Health Unit,0.1158,396.0,3.47,0.5172,0.7534
23302,2021-12-23,2233,Grey Bruce Health Unit,0.0908,658.0,3.87,0.2814,0.8569
23303,2021-12-23,2258,Eastern Ontario Health Unit,0.1594,694.0,3.33,0.545,0.9235
23304,2021-12-23,2230,Durham Regional Health Unit,0.1633,2513.0,3.53,0.4435,0.8409
23305,2021-12-23,2226,District of Algoma Health Unit,0.0675,394.0,3.44,0.6179,0.7059
23306,2021-12-23,3895,City of Toronto Health Unit,0.1658,12921.0,4.14,0.6245,0.8694
23307,2021-12-23,2251,City of Ottawa Health Unit,0.1389,4114.0,3.9,0.5934,0.8672
23308,2021-12-23,2237,City of Hamilton Health Unit,0.1639,2357.0,3.98,0.7238,0.8854
23309,2021-12-23,2240,Chatham-Kent Health Unit,0.1059,326.0,3.07,0.3561,0.9127
23310,2021-12-23,2227,Brant County Health Unit,0.1309,507.0,3.27,0.5188,0.7734
23311,2021-12-22,2270,York Regional Health Unit,0.1431,4634.0,3.78,0.5732,0.9016
23312,2021-12-22,2268,Windsor-Essex County Health Unit,0.0911,1259.0,2.96,0.4018,0.7031
23313,2021-12-22,2266,Wellington-Dufferin-Guelph Health Unit,0.1112,1142.0,3.66,0.6145,0.9308
23314,2021-12-22,2265,Waterloo Health Unit,0.1232,1741.0,2.98,0.5909,0.8546
23315,2021-12-22,2263,Timiskaming Health Unit,0.0356,112.0,3.44,0.449,0.8299
23316,2021-12-22,2262,Thunder Bay District Health Unit,0.0364,467.0,3.11,0.5304,0.8488
23317,2021-12-22,2261,Sudbury and District Health Unit,0.0637,610.0,3.06,0.6328,0.8466
23318,2021-12-22,4913,Southwestern Public Health,0.0887,733.0,3.47,0.5953,0.9336
23319,2021-12-22,2260,Simcoe Muskoka District Health Unit,0.1041,2331.0,3.89,0.6401,0.8605
23320,2021-12-22,2257,Renfrew County and District Health Unit,0.0723,263.0,2.42,0.4468,0.7945
23321,2021-12-22,2256,Porcupine Health Unit,0.0859,271.0,3.25,0.8507,0.9384
23322,2021-12-22,2255,Peterborough County-City Health Unit,0.1227,446.0,3.01,0.5956,0.7702
23323,2021-12-22,2253,Peel Regional Health Unit,0.1512,4809.0,2.99,0.4486,0.7983
23324,2021-12-22,35,Ontario,0.1263,54812.0,3.7,0.5815,0.8616
23325,2021-12-22,2249,Northwestern Health Unit,0.0703,329.0,3.75,0.3296,0.5328
23326,2021-12-22,2247,North Bay Parry Sound District Health Unit,0.055,317.0,2.44,0.8415,0.9736
23327,2021-12-22,2246,Niagara Regional Area Health Unit,0.1116,1547.0,3.27,0.6471,0.8576
23328,2021-12-22,2244,Middlesex-London Health Unit,0.11,2031.0,4.0,0.4963,0.9
23329,2021-12-22,2243,"Leeds, Grenville and Lanark District Health Unit",0.0993,659.0,3.81,0.7196,0.9259
23330,2021-12-22,2242,Lambton Health Unit,0.1214,453.0,3.46,0.2182,0.7832
23331,2021-12-22,2241,"Kingston, Frontenac and Lennox and Addington Health Unit",0.0668,1690.0,7.95,0.88,0.9454
23332,2021-12-22,5183,Huron Perth Health Unit,0.0599,570.0,4.08,0.3316,0.8465
23333,2021-12-22,2238,Hastings and Prince Edward Counties Health Unit,0.0748,855.0,5.08,0.8424,0.9469
23334,2021-12-22,2236,Halton Regional Health Unit,0.1768,2668.0,4.31,0.347,0.7592
23335,2021-12-22,2235,"Haliburton, Kawartha, Pine Ridge District Health Unit",0.0934,424.0,2.24,0.4659,0.7539
23336,2021-12-22,2234,Haldimand-Norfolk Health Unit,0.108,381.0,3.34,0.5804,0.8421
23337,2021-12-22,2233,Grey Bruce Health Unit,0.0805,653.0,3.85,0.2421,0.8556
23338,2021-12-22,2258,Eastern Ontario Health Unit,0.1312,640.0,3.07,0.565,0.9412
23339,2021-12-22,2230,Durham Regional Health Unit,0.1433,2435.0,3.42,0.5109,0.8662
23340,2021-12-22,2226,District of Algoma Health Unit,0.0585,410.0,3.58,0.5988,0.6878
23341,2021-12-22,3895,City of Toronto Health Unit,0.1475,12350.0,3.96,0.6502,0.8771
23342,2021-12-22,2251,City of Ottawa Health Unit,0.1251,3978.0,3.77,0.584,0.868
23343,2021-12-22,2237,City of Hamilton Health Unit,0.1335,2144.0,3.62,0.7522,0.9122
23344,2021-12-22,2240,Chatham-Kent Health Unit,0.0887,329.0,3.09,0.3675,0.9038
23345,2021-12-22,2227,Brant County Health Unit,0.1121,483.0,3.11,0.6268,0.8643
23346,2021-12-21,2270,York Regional Health Unit,0.1222,4318.0,3.52,0.6112,0.9145
23347,2021-12-21,2268,Windsor-Essex County Health Unit,0.0814,1267.0,2.98,0.4013,0.6861
23348,2021-12-21,2266,Wellington-Dufferin-Guelph Health Unit,0.094,1126.0,3.61,0.6118,0.9407
23349,2021-12-21,2265,Waterloo Health Unit,0.1032,1700.0,2.91,0.6093,0.8639
23350,2021-12-21,2263,Timiskaming Health Unit,0.0232,117.0,3.57,0.462,0.8263
23351,2021-12-21,2262,Thunder Bay District Health Unit,0.0327,467.0,3.12,0.6294,0.8837
23352,2021-12-21,2261,Sudbury and District Health Unit,0.0517,638.0,3.21,0.6388,0.8515
23353,2021-12-21,4913,Southwestern Public Health,0.0781,692.0,3.27,0.5977,0.9366
23354,2021-12-21,2260,Simcoe Muskoka District Health Unit,0.0879,2244.0,3.74,0.676,0.873
23355,2021-12-21,2257,Renfrew County and District Health Unit,0.0579,254.0,2.34,0.4481,0.795
23356,2021-12-21,2256,Porcupine Health Unit,0.0683,243.0,2.91,0.8571,0.9491
23357,2021-12-21,2255,Peterborough County-City Health Unit,0.1022,404.0,2.73,0.5818,0.772
23358,2021-12-21,2253,Peel Regional Health Unit,0.1266,4506.0,2.81,0.4698,0.8152
23359,2021-12-21,35,Ontario,0.1087,52256.0,3.52,0.6039,0.8696
23360,2021-12-21,2249,Northwestern Health Unit,0.0573,324.0,3.7,0.3944,0.5555
23361,2021-12-21,2247,North Bay Parry Sound District Health Unit,0.0498,293.0,2.26,0.8347,0.9744
23362,2021-12-21,2246,Niagara Regional Area Health Unit,0.092,1459.0,3.09,0.6369,0.8543
23363,2021-12-21,2244,Middlesex-London Health Unit,0.0973,1957.0,3.86,0.5218,0.9031
23364,2021-12-21,2243,"Leeds, Grenville and Lanark District Health Unit",0.086,658.0,3.8,0.7285,0.9321
23365,2021-12-21,2242,Lambton Health Unit,0.0993,408.0,3.12,0.2176,0.7706
23366,2021-12-21,2241,"Kingston, Frontenac and Lennox and Addington Health Unit",0.0618,1747.0,8.21,0.8792,0.9466
23367,2021-12-21,5183,Huron Perth Health Unit,0.0496,535.0,3.83,0.3492,0.8469
23368,2021-12-21,2238,Hastings and Prince Edward Counties Health Unit,0.0672,831.0,4.93,0.8341,0.9442
23369,2021-12-21,2236,Halton Regional Health Unit,0.1575,2491.0,4.02,0.3932,0.7806
23370,2021-12-21,2235,"Haliburton, Kawartha, Pine Ridge District Health Unit",0.0772,398.0,2.11,0.5149,0.7501
23371,2021-12-21,2234,Haldimand-Norfolk Health Unit,0.0972,357.0,3.13,0.6468,0.8921
23372,2021-12-21,2233,Grey Bruce Health Unit,0.0681,617.0,3.63,0.2113,0.8704
23373,2021-12-21,2258,Eastern Ontario Health Unit,0.1098,595.0,2.85,0.5632,0.9435
23374,2021-12-21,2230,Durham Regional Health Unit,0.1278,2309.0,3.24,0.5703,0.8709
23375,2021-12-21,2226,District of Algoma Health Unit,0.051,429.0,3.74,0.5674,0.6693
23376,2021-12-21,3895,City of Toronto Health Unit,0.1296,11601.0,3.72,0.6806,0.8818
23377,2021-12-21,2251,City of Ottawa Health Unit,0.1094,3884.0,3.68,0.5863,0.8791
23378,2021-12-21,2237,City of Hamilton Health Unit,0.1134,1977.0,3.34,0.758,0.9162
23379,2021-12-21,2240,Chatham-Kent Health Unit,0.0797,330.0,3.1,0.4015,0.9093
23380,2021-12-21,2227,Brant County Health Unit,0.0951,457.0,2.94,0.6658,0.8877
23381,2021-12-20,2270,York Regional Health Unit,0.0998,4038.0,3.29,0.6314,0.9173
23382,2021-12-20,2268,Windsor-Essex County Health Unit,0.0729,1246.0,2.93,0.3947,0.7001
23383,2021-12-20,2266,Wellington-Dufferin-Guelph Health Unit,0.0829,1104.0,3.54,0.6068,0.9484
23384,2021-12-20,2265,Waterloo Health Unit,0.089,1647.0,2.82,0.6186,0.8721
23385,2021-12-20,2263,Timiskaming Health Unit,0.0208,124.0,3.79,0.416,0.8196
23386,2021-12-20,2262,Thunder Bay District Health Unit,0.0278,462.0,3.08,0.7032,0.9097
23387,2021-12-20,2261,Sudbury and District Health Unit,0.0503,627.0,3.15,0.6375,0.8453
23388,2021-12-20,4913,Southwestern Public Health,0.0719,650.0,3.07,0.6417,0.9421
23389,2021-12-20,2260,Simcoe Muskoka District Health Unit,0.0776,2167.0,3.61,0.7059,0.9021
23390,2021-12-20,2257,Renfrew County and District Health Unit,0.0417,233.0,2.15,0.444,0.7973
23391,2021-12-20,2256,Porcupine Health Unit,0.0564,218.0,2.61,0.8469,0.9521
23392,2021-12-20,2255,Peterborough County-City Health Unit,0.0927,361.0,2.44,0.5846,0.7843
23393,2021-12-20,2253,Peel Regional Health Unit,0.1068,4222.0,2.63,0.5134,0.8552
23394,2021-12-20,35,Ontario,0.0919,49872.0,3.36,0.6235,0.8816
23395,2021-12-20,2249,Northwestern Health Unit,0.0508,315.0,3.59,0.4183,0.5684
23396,2021-12-20,2247,North Bay Parry Sound District Health Unit,0.0434,260.0,2.01,0.8212,0.9724
23397,2021-12-20,2246,Niagara Regional Area Health Unit,0.0747,1370.0,2.9,0.661,0.8571
23398,2021-12-20,2244,Middlesex-London Health Unit,0.084,1849.0,3.64,0.5578,0.9053
23399,2021-12-20,2243,"Leeds, Grenville and Lanark District Health Unit",0.074,647.0,3.74,0.7256,0.9331
23400,2021-12-20,2242,Lambton Health Unit,0.0832,395.0,3.01,0.2913,0.8427
23401,2021-12-20,2241,"Kingston, Frontenac and Lennox and Addington Health Unit",0.0588,1803.0,8.48,0.8831,0.9496
23402,2021-12-20,5183,Huron Perth Health Unit,0.043,525.0,3.76,0.3509,0.858
23403,2021-12-20,2238,Hastings and Prince Edward Counties Health Unit,0.0603,827.0,4.91,0.8202,0.9296
23404,2021-12-20,2236,Halton Regional Health Unit,0.1395,2340.0,3.78,0.4498,0.8297
23405,2021-12-20,2235,"Haliburton, Kawartha, Pine Ridge District Health Unit",0.0687,383.0,2.03,0.4945,0.7345
23406,2021-12-20,2234,Haldimand-Norfolk Health Unit,0.0815,350.0,3.07,0.6539,0.906
23407,2021-12-20,2233,Grey Bruce Health Unit,0.0588,622.0,3.66,0.188,0.8823
23408,2021-12-20,2258,Eastern Ontario Health Unit,0.0847,557.0,2.67,0.5537,0.9445
23409,2021-12-20,2230,Durham Regional Health Unit,0.1026,2188.0,3.07,0.5928,0.8795
23410,2021-12-20,2226,District of Algoma Health Unit,0.0466,445.0,3.88,0.5977,0.6901
23411,2021-12-20,3895,City of Toronto Health Unit,0.1087,10917.0,3.5,0.6976,0.8863
23412,2021-12-20,2251,City of Ottawa Health Unit,0.0936,3762.0,3.57,0.5902,0.8913
23413,2021-12-20,2237,City of Hamilton Health Unit,0.0935,1848.0,3.12,0.771,0.9263
23414,2021-12-20,2240,Chatham-Kent Health Unit,0.0713,326.0,3.07,0.4414,0.9138
23415,2021-12-20,2227,Brant County Health Unit,0.0854,438.0,2.82,0.7016,0.9047
23416,2021-12-19,2270,York Regional Health Unit,0.0837,3838.0,3.13,0.6511,0.9124
23417,2021-12-19,2268,Windsor-Essex County Health Unit,0.0733,1208.0,2.84,0.3962,0.7072
23418,2021-12-19,2266,Wellington-Dufferin-Guelph Health Unit,0.0702,1082.0,3.47,0.636,0.9479
23419,2021-12-19,2265,Waterloo Health Unit,0.0785,1611.0,2.76,0.6286,0.8848
23420,2021-12-19,2263,Timiskaming Health Unit,0.0227,107.0,3.27,0.3899,0.763
23421,2021-12-19,2262,Thunder Bay District Health Unit,0.0235,461.0,3.08,0.7429,0.9091
23422,2021-12-19,2261,Sudbury and District Health Unit,0.05,620.0,3.11,0.6539,0.8462
23423,2021-12-19,4913,Southwestern Public Health,0.0669,632.0,2.99,0.6859,0.9449
23424,2021-12-19,2260,Simcoe Muskoka District Health Unit,0.0696,2074.0,3.46,0.7302,0.9309
23425,2021-12-19,2257,Renfrew County and District Health Unit,0.0372,230.0,2.12,0.4802,0.8504
23426,2021-12-19,2256,Porcupine Health Unit,0.049,192.0,2.3,0.815,0.9234
23427,2021-12-19,2255,Peterborough County-City Health Unit,0.076,331.0,2.24,0.5806,0.7795
23428,2021-12-19,2253,Peel Regional Health Unit,0.09,4052.0,2.52,0.5444,0.8839
23429,2021-12-19,35,Ontario,0.0787,47929.0,3.23,0.6466,0.8915
23430,2021-12-19,2249,Northwestern Health Unit,0.0494,298.0,3.4,0.4432,0.5893
23431,2021-12-19,2247,North Bay Parry Sound District Health Unit,0.0361,242.0,1.86,0.8273,0.9682
23432,2021-12-19,2246,Niagara Regional Area Health Unit,0.0613,1327.0,2.81,0.6958,0.8559
23433,2021-12-19,2244,Middlesex-London Health Unit,0.0735,1777.0,3.5,0.6266,0.9227
23434,2021-12-19,2243,"Leeds, Grenville and Lanark District Health Unit",0.0656,627.0,3.62,0.7382,0.9364
23435,2021-12-19,2242,Lambton Health Unit,0.0702,389.0,2.97,0.3111,0.8937
23436,2021-12-19,2241,"Kingston, Frontenac and Lennox and Addington Health Unit",0.0565,1810.0,8.51,0.8856,0.9513
23437,2021-12-19,5183,Huron Perth Health Unit,0.041,506.0,3.62,0.3662,0.8815
23438,2021-12-19,2238,Hastings and Prince Edward Counties Health Unit,0.0511,808.0,4.8,0.8238,0.9304
23439,2021-12-19,2236,Halton Regional Health Unit,0.1217,2189.0,3.54,0.5056,0.8732
23440,2021-12-19,2235,"Haliburton, Kawartha, Pine Ridge District Health Unit",0.0584,350.0,1.85,0.5016,0.7334
23441,2021-12-19,2234,Haldimand-Norfolk Health Unit,0.0662,307.0,2.69,0.6912,0.9393
23442,2021-12-19,2233,Grey Bruce Health Unit,0.0484,652.0,3.84,0.1958,0.8934
23443,2021-12-19,2258,Eastern Ontario Health Unit,0.0603,512.0,2.45,0.5542,0.9519
23444,2021-12-19,2230,Durham Regional Health Unit,0.0845,2066.0,2.9,0.6242,0.8812
23445,2021-12-19,2226,District of Algoma Health Unit,0.0497,454.0,3.97,0.62,0.7165
23446,2021-12-19,3895,City of Toronto Health Unit,0.0905,10409.0,3.34,0.7163,0.8894
23447,2021-12-19,2251,City of Ottawa Health Unit,0.0813,3662.0,3.47,0.5969,0.9021
23448,2021-12-19,2237,City of Hamilton Health Unit,0.0808,1767.0,2.98,0.8006,0.9398
23449,2021-12-19,2240,Chatham-Kent Health Unit,0.0696,328.0,3.09,0.4854,0.9235
23450,2021-12-19,2227,Brant County Health Unit,0.0749,420.0,2.7,0.7605,0.9074
23451,2021-12-18,2270,York Regional Health Unit,0.0747,3693.0,3.01,0.6668,0.9149
23452,2021-12-18,2268,Windsor-Essex County Health Unit,0.0733,1192.0,2.81,0.4396,0.7418
23453,2021-12-18,2266,Wellington-Dufferin-Guelph Health Unit,0.0685,1069.0,3.43,0.6526,0.9505
23454,2021-12-18,2265,Waterloo Health Unit,0.0722,1592.0,2.72,0.6201,0.8888
23455,2021-12-18,2263,Timiskaming Health Unit,0.023,106.0,3.23,0.3954,0.7279
23456,2021-12-18,2262,Thunder Bay District Health Unit,0.0244,439.0,2.93,0.7911,0.9071
23457,2021-12-18,2261,Sudbury and District Health Unit,0.0485,622.0,3.13,0.6508,0.8654
23458,2021-12-18,4913,Southwestern Public Health,0.0675,616.0,2.91,0.7112,0.9426
23459,2021-12-18,2260,Simcoe Muskoka District Health Unit,0.0658,2054.0,3.43,0.7276,0.9383
23460,2021-12-18,2257,Renfrew County and District Health Unit,0.0326,228.0,2.1,0.6451,0.9407
23461,2021-12-18,2256,Porcupine Health Unit,0.0483,189.0,2.27,0.8076,0.918
23462,2021-12-18,2255,Peterborough County-City Health Unit,0.0616,313.0,2.12,0.5913,0.7943
23463,2021-12-18,2253,Peel Regional Health Unit,0.0799,3914.0,2.44,0.5814,0.9111
23464,2021-12-18,35,Ontario,0.0723,46710.0,3.15,0.6616,0.8989
23465,2021-12-18,2249,Northwestern Health Unit,0.0486,282.0,3.22,0.4863,0.5979
23466,2021-12-18,2247,North Bay Parry Sound District Health Unit,0.032,236.0,1.82,0.8196,0.969
23467,2021-12-18,2246,Niagara Regional Area Health Unit,0.0587,1301.0,2.75,0.7085,0.8616
23468,2021-12-18,2244,Middlesex-London Health Unit,0.0682,1725.0,3.4,0.6702,0.9309
23469,2021-12-18,2243,"Leeds, Grenville and Lanark District Health Unit",0.0597,637.0,3.68,0.7232,0.9339
23470,2021-12-18,2242,Lambton Health Unit,0.07,390.0,2.98,0.3142,0.909
23471,2021-12-18,2241,"Kingston, Frontenac and Lennox and Addington Health Unit",0.0554,1815.0,8.53,0.8837,0.9485
23472,2021-12-18,5183,Huron Perth Health Unit,0.0408,494.0,3.53,0.3803,0.9212
23473,2021-12-18,2238,Hastings and Prince Edward Counties Health Unit,0.0492,819.0,4.86,0.8278,0.9312
23474,2021-12-18,2236,Halton Regional Health Unit,0.1132,2124.0,3.43,0.5517,0.9061
23475,2021-12-18,2235,"Haliburton, Kawartha, Pine Ridge District Health Unit",0.0518,342.0,1.81,0.5163,0.7468
23476,2021-12-18,2234,Haldimand-Norfolk Health Unit,0.067,309.0,2.71,0.7001,0.934
23477,2021-12-18,2233,Grey Bruce Health Unit,0.0459,622.0,3.66,0.2127,0.9004
23478,2021-12-18,2258,Eastern Ontario Health Unit,0.0584,504.0,2.41,0.5576,0.9502
23479,2021-12-18,2230,Durham Regional Health Unit,0.074,2015.0,2.83,0.683,0.9199
23480,2021-12-18,2226,District of Algoma Health Unit,0.0546,455.0,3.98,0.6104,0.731
23481,2021-12-18,3895,City of Toronto Health Unit,0.0815,9988.0,3.2,0.7199,0.8823
23482,2021-12-18,2251,City of Ottawa Health Unit,0.0741,3592.0,3.41,0.5882,0.8994
23483,2021-12-18,2237,City of Hamilton Health Unit,0.0776,1716.0,2.9,0.8098,0.9411
23484,2021-12-18,2240,Chatham-Kent Health Unit,0.0677,331.0,3.12,0.5145,0.9406
23485,2021-12-18,2227,Brant County Health Unit,0.0701,404.0,2.6,0.7722,0.9073
23486,2021-12-17,2270,York Regional Health Unit,0.0677,3515.0,2.87,0.6817,0.9101
23487,2021-12-17,2268,Windsor-Essex County Health Unit,0.0713,1206.0,2.84,0.4567,0.7482
23488,2021-12-17,2266,Wellington-Dufferin-Guelph Health Unit,0.0633,1030.0,3.3,0.6819,0.953
23489,2021-12-17,2265,Waterloo Health Unit,0.0657,1545.0,2.64,0.6331,0.8953
23490,2021-12-17,2263,Timiskaming Health Unit,0.0226,101.0,3.1,0.4174,0.7291
23491,2021-12-17,2262,Thunder Bay District Health Unit,0.0208,426.0,2.84,0.8148,0.9138
23492,2021-12-17,2261,Sudbury and District Health Unit,0.0489,613.0,3.08,0.6154,0.873
23493,2021-12-17,4913,Southwestern Public Health,0.0629,586.0,2.77,0.7433,0.9455
23494,2021-12-17,2260,Simcoe Muskoka District Health Unit,0.0627,2011.0,3.35,0.7495,0.9407
23495,2021-12-17,2257,Renfrew County and District Health Unit,0.026,258.0,2.38,0.5975,0.9468
23496,2021-12-17,2256,Porcupine Health Unit,0.048,181.0,2.17,0.8057,0.918
23497,2021-12-17,2255,Peterborough County-City Health Unit,0.0479,298.0,2.01,0.6999,0.9487
23498,2021-12-17,2253,Peel Regional Health Unit,0.0704,3780.0,2.35,0.6098,0.921
23499,2021-12-17,35,Ontario,0.0661,45079.0,3.04,0.6792,0.9053
23500,2021-12-17,2249,Northwestern Health Unit,0.0536,269.0,3.07,0.4623,0.5612
23501,2021-12-17,2247,North Bay Parry Sound District Health Unit,0.0309,235.0,1.81,0.8173,0.9691
23502,2021-12-17,2246,Niagara Regional Area Health Unit,0.0547,1269.0,2.69,0.7206,0.857
23503,2021-12-17,2244,Middlesex-London Health Unit,0.0643,1651.0,3.25,0.7062,0.9354
23504,2021-12-17,2243,"Leeds, Grenville and Lanark District Health Unit",0.0611,612.0,3.54,0.7475,0.9303
23505,2021-12-17,2242,Lambton Health Unit,0.067,378.0,2.88,0.3098,0.9096
23506,2021-12-17,2241,"Kingston, Frontenac and Lennox and Addington Health Unit",0.0557,1788.0,8.4,0.8832,0.9448
23507,2021-12-17,5183,Huron Perth Health Unit,0.0402,476.0,3.41,0.3957,0.9407
23508,2021-12-17,2238,Hastings and Prince Edward Counties Health Unit,0.0459,825.0,4.89,0.8614,0.9322
23509,2021-12-17,2236,Halton Regional Health Unit,0.1002,2022.0,3.27,0.5841,0.9158
23510,2021-12-17,2235,"Haliburton, Kawartha, Pine Ridge District Health Unit",0.0481,339.0,1.79,0.6592,0.9242
23511,2021-12-17,2234,Haldimand-Norfolk Health Unit,0.0664,305.0,2.68,0.6731,0.9203
23512,2021-12-17,2233,Grey Bruce Health Unit,0.0436,590.0,3.47,0.228,0.9132
23513,2021-12-17,2258,Eastern Ontario Health Unit,0.0559,488.0,2.34,0.5573,0.9526
23514,2021-12-17,2230,Durham Regional Health Unit,0.0687,1959.0,2.75,0.7207,0.9326
23515,2021-12-17,2226,District of Algoma Health Unit,0.0561,454.0,3.96,0.6325,0.7546
23516,2021-12-17,3895,City of Toronto Health Unit,0.0725,9467.0,3.03,0.7399,0.8923
23517,2021-12-17,2251,City of Ottawa Health Unit,0.0679,3467.0,3.29,0.5815,0.901
23518,2021-12-17,2237,City of Hamilton Health Unit,0.0678,1637.0,2.76,0.8201,0.9372
23519,2021-12-17,2240,Chatham-Kent Health Unit,0.072,339.0,3.19,0.5727,0.9426
23520,2021-12-17,2227,Brant County Health Unit,0.0652,399.0,2.57,0.7741,0.9019
23521,2021-12-16,2270,York Regional Health Unit,0.0611,3376.0,2.75,0.6956,0.9058
23522,2021-12-16,2268,Windsor-Essex County Health Unit,0.0689,1192.0,2.81,0.4656,0.7593
23523,2021-12-16,2266,Wellington-Dufferin-Guelph Health Unit,0.0594,994.0,3.19,0.71,0.9557
23524,2021-12-16,2265,Waterloo Health Unit,0.061,1485.0,2.54,0.6536,0.8985
23525,2021-12-16,2263,Timiskaming Health Unit,0.0191,97.0,2.98,0.5195,0.8071
23526,2021-12-16,2262,Thunder Bay District Health Unit,0.02,407.0,2.71,0.8082,0.905
23527,2021-12-16,2261,Sudbury and District Health Unit,0.0458,617.0,3.1,0.6524,0.867
23528,2021-12-16,4913,Southwestern Public Health,0.0589,565.0,2.67,0.7692,0.9485
23529,2021-12-16,2260,Simcoe Muskoka District Health Unit,0.0575,1977.0,3.3,0.7716,0.9474
23530,2021-12-16,2257,Renfrew County and District Health Unit,0.0256,223.0,2.06,0.5831,0.9387
23531,2021-12-16,2256,Porcupine Health Unit,0.0363,181.0,2.17,0.7941,0.9094
23532,2021-12-16,2255,Peterborough County-City Health Unit,0.0415,292.0,1.98,0.6962,0.9506
23533,2021-12-16,2253,Peel Regional Health Unit,0.0596,3603.0,2.24,0.6447,0.9184
23534,2021-12-16,35,Ontario,0.059,43196.0,2.91,0.6938,0.9038
23535,2021-12-16,2249,Northwestern Health Unit,0.0473,242.0,2.76,0.4861,0.5831
23536,2021-12-16,2247,North Bay Parry Sound District Health Unit,0.0272,242.0,1.86,0.8055,0.9676
23537,2021-12-16,2246,Niagara Regional Area Health Unit,0.0516,1243.0,2.63,0.7224,0.856
23538,2021-12-16,2244,Middlesex-London Health Unit,0.0596,1577.0,3.11,0.7271,0.9394
23539,2021-12-16,2243,"Leeds, Grenville and Lanark District Health Unit",0.054,614.0,3.55,0.7395,0.9296
23540,2021-12-16,2242,Lambton Health Unit,0.0616,369.0,2.82,0.3201,0.8989
23541,2021-12-16,2241,"Kingston, Frontenac and Lennox and Addington Health Unit",0.0548,1677.0,7.89,0.8892,0.95
23542,2021-12-16,5183,Huron Perth Health Unit,0.041,446.0,3.19,0.4183,0.9532
23543,2021-12-16,2238,Hastings and Prince Edward Counties Health Unit,0.0423,845.0,5.02,0.8675,0.935
23544,2021-12-16,2236,Halton Regional Health Unit,0.0895,1918.0,3.1,0.6433,0.92
23545,2021-12-16,2235,"Haliburton, Kawartha, Pine Ridge District Health Unit",0.0441,330.0,1.75,0.6977,0.9261
23546,2021-12-16,2234,Haldimand-Norfolk Health Unit,0.0666,266.0,2.33,0.6699,0.9168
23547,2021-12-16,2233,Grey Bruce Health Unit,0.0411,538.0,3.17,0.2641,0.9402
23548,2021-12-16,2258,Eastern Ontario Health Unit,0.0474,456.0,2.18,0.582,0.9478
23549,2021-12-16,2230,Durham Regional Health Unit,0.0598,1900.0,2.67,0.7401,0.9345
23550,2021-12-16,2226,District of Algoma Health Unit,0.0583,468.0,4.09,0.5898,0.7267
23551,2021-12-16,3895,City of Toronto Health Unit,0.0612,8987.0,2.88,0.7339,0.8839
23552,2021-12-16,2251,City of Ottawa Health Unit,0.0614,3266.0,3.1,0.5961,0.8988
23553,2021-12-16,2237,City of Hamilton Health Unit,0.0613,1526.0,2.58,0.8368,0.9412
23554,2021-12-16,2240,Chatham-Kent Health Unit,0.0699,345.0,3.25,0.681,0.9464
23555,2021-12-16,2227,Brant County Health Unit,0.0579,390.0,2.51,0.7927,0.9085
23556,2021-12-15,2270,York Regional Health Unit,0.0515,3182.0,2.6,0.7066,0.9039
23557,2021-12-15,2268,Windsor-Essex County Health Unit,0.0662,1191.0,2.8,0.4773,0.7852
23558,2021-12-15,2266,Wellington-Dufferin-Guelph Health Unit,0.0509,952.0,3.05,0.7101,0.9495
23559,2021-12-15,2265,Waterloo Health Unit,0.0558,1436.0,2.46,0.6743,0.8995
23560,2021-12-15,2263,Timiskaming Health Unit,0.0215,100.0,3.05,0.5284,0.7926
23561,2021-12-15,2262,Thunder Bay District Health Unit,0.0189,385.0,2.57,0.8183,0.897
23562,2021-12-15,2261,Sudbury and District Health Unit,0.0432,691.0,3.47,0.6496,0.8902
23563,2021-12-15,4913,Southwestern Public Health,0.0537,558.0,2.64,0.7918,0.9476
23564,2021-12-15,2260,Simcoe Muskoka District Health Unit,0.0525,1953.0,3.26,0.7793,0.9481
23565,2021-12-15,2257,Renfrew County and District Health Unit,0.0241,208.0,1.91,0.6304,0.9381
23566,2021-12-15,2256,Porcupine Health Unit,0.0361,178.0,2.13,0.7513,0.8871
23567,2021-12-15,2255,Peterborough County-City Health Unit,0.0274,286.0,1.93,0.6754,0.9315
23568,2021-12-15,2253,Peel Regional Health Unit,0.0528,3398.0,2.12,0.6816,0.9154
23569,2021-12-15,35,Ontario,0.0522,41608.0,2.81,0.705,0.9017
23570,2021-12-15,2249,Northwestern Health Unit,0.0381,240.0,2.74,0.4974,0.5752
23571,2021-12-15,2247,North Bay Parry Sound District Health Unit,0.0275,239.0,1.84,0.8193,0.9663
23572,2021-12-15,2246,Niagara Regional Area Health Unit,0.0514,1200.0,2.54,0.7129,0.8531
23573,2021-12-15,2244,Middlesex-London Health Unit,0.0527,1508.0,2.97,0.736,0.934
23574,2021-12-15,2243,"Leeds, Grenville and Lanark District Health Unit",0.0546,552.0,3.19,0.7226,0.9223
23575,2021-12-15,2242,Lambton Health Unit,0.0592,360.0,2.75,0.3545,0.8926
23576,2021-12-15,2241,"Kingston, Frontenac and Lennox and Addington Health Unit",0.0545,1582.0,7.44,0.888,0.9466
23577,2021-12-15,5183,Huron Perth Health Unit,0.0459,411.0,2.94,0.4489,0.9455
23578,2021-12-15,2238,Hastings and Prince Edward Counties Health Unit,0.0413,826.0,4.9,0.8732,0.9363
23579,2021-12-15,2236,Halton Regional Health Unit,0.0761,1814.0,2.93,0.67,0.915
23580,2021-12-15,2235,"Haliburton, Kawartha, Pine Ridge District Health Unit",0.0368,322.0,1.71,0.6739,0.9144
23581,2021-12-15,2234,Haldimand-Norfolk Health Unit,0.0577,260.0,2.28,0.6963,0.9118
23582,2021-12-15,2233,Grey Bruce Health Unit,0.0378,511.0,3.01,0.2739,0.9335
23583,2021-12-15,2258,Eastern Ontario Health Unit,0.0418,454.0,2.18,0.623,0.9485
23584,2021-12-15,2230,Durham Regional Health Unit,0.0512,1828.0,2.57,0.7528,0.9279
23585,2021-12-15,2226,District of Algoma Health Unit,0.0604,466.0,4.07,0.5842,0.7297
23586,2021-12-15,3895,City of Toronto Health Unit,0.0504,8595.0,2.75,0.7355,0.8795
23587,2021-12-15,2251,City of Ottawa Health Unit,0.0527,3189.0,3.02,0.6257,0.9061
23588,2021-12-15,2237,City of Hamilton Health Unit,0.0576,1471.0,2.48,0.8261,0.9257
23589,2021-12-15,2240,Chatham-Kent Health Unit,0.0663,360.0,3.38,0.6965,0.9513
23590,2021-12-15,2227,Brant County Health Unit,0.055,376.0,2.42,0.7919,0.906
23591,2021-12-14,2270,York Regional Health Unit,0.0449,3067.0,2.5,0.706,0.8956
23592,2021-12-14,2268,Windsor-Essex County Health Unit,0.0683,1181.0,2.78,0.4737,0.7948
23593,2021-12-14,2266,Wellington-Dufferin-Guelph Health Unit,0.0483,914.0,2.93,0.741,0.9375
23594,2021-12-14,2265,Waterloo Health Unit,0.0516,1378.0,2.36,0.6711,0.904
23595,2021-12-14,2263,Timiskaming Health Unit,0.0215,93.0,2.85,0.513,0.7772
23596,2021-12-14,2262,Thunder Bay District Health Unit,0.0154,381.0,2.54,0.8274,0.8974
23597,2021-12-14,2261,Sudbury and District Health Unit,0.0458,667.0,3.35,0.606,0.9031
23598,2021-12-14,4913,Southwestern Public Health,0.048,559.0,2.65,0.7982,0.9463
23599,2021-12-14,2260,Simcoe Muskoka District Health Unit,0.0462,1910.0,3.19,0.7817,0.9452
23600,2021-12-14,2257,Renfrew County and District Health Unit,0.0222,206.0,1.9,0.665,0.943
23601,2021-12-14,2256,Porcupine Health Unit,0.0363,173.0,2.07,0.7493,0.8864
23602,2021-12-14,2255,Peterborough County-City Health Unit,0.0234,281.0,1.9,0.6658,0.9253
23603,2021-12-14,2253,Peel Regional Health Unit,0.0446,3244.0,2.02,0.6984,0.915
23604,2021-12-14,35,Ontario,0.0457,40110.0,2.7,0.7096,0.8979
23605,2021-12-14,2249,Northwestern Health Unit,0.0352,239.0,2.73,0.4783,0.5794
23606,2021-12-14,2247,North Bay Parry Sound District Health Unit,0.0292,230.0,1.77,0.8025,0.9655
23607,2021-12-14,2246,Niagara Regional Area Health Unit,0.0476,1186.0,2.51,0.7166,0.834
23608,2021-12-14,2244,Middlesex-London Health Unit,0.0438,1448.0,2.85,0.726,0.9322
23609,2021-12-14,2243,"Leeds, Grenville and Lanark District Health Unit",0.0578,499.0,2.88,0.7079,0.9017
23610,2021-12-14,2242,Lambton Health Unit,0.0496,340.0,2.59,0.4101,0.8972
23611,2021-12-14,2241,"Kingston, Frontenac and Lennox and Addington Health Unit",0.0519,1470.0,6.91,0.8893,0.9425
23612,2021-12-14,5183,Huron Perth Health Unit,0.0475,403.0,2.89,0.4585,0.9353
23613,2021-12-14,2238,Hastings and Prince Edward Counties Health Unit,0.0431,808.0,4.8,0.8884,0.9431
23614,2021-12-14,2236,Halton Regional Health Unit,0.0636,1712.0,2.76,0.6922,0.9101
23615,2021-12-14,2235,"Haliburton, Kawartha, Pine Ridge District Health Unit",0.034,311.0,1.65,0.6817,0.9092
23616,2021-12-14,2234,Haldimand-Norfolk Health Unit,0.0541,253.0,2.22,0.6857,0.9113
23617,2021-12-14,2233,Grey Bruce Health Unit,0.0347,461.0,2.71,0.3359,0.9176
23618,2021-12-14,2258,Eastern Ontario Health Unit,0.0333,437.0,2.09,0.6568,0.939
23619,2021-12-14,2230,Durham Regional Health Unit,0.0427,1765.0,2.48,0.7502,0.9182
23620,2021-12-14,2226,District of Algoma Health Unit,0.0596,467.0,4.08,0.6321,0.7822
23621,2021-12-14,3895,City of Toronto Health Unit,0.0401,8336.0,2.67,0.7343,0.8751
23622,2021-12-14,2251,City of Ottawa Health Unit,0.0443,3053.0,2.89,0.6439,0.8988
23623,2021-12-14,2237,City of Hamilton Health Unit,0.0507,1408.0,2.38,0.8321,0.9246
23624,2021-12-14,2240,Chatham-Kent Health Unit,0.0659,349.0,3.28,0.699,0.947
23625,2021-12-14,2227,Brant County Health Unit,0.0567,365.0,2.35,0.7908,0.9045
23626,2021-12-13,2270,York Regional Health Unit,0.0413,2949.0,2.41,0.7086,0.9016
23627,2021-12-13,2268,Windsor-Essex County Health Unit,0.0667,1201.0,2.83,0.451,0.7668
23628,2021-12-13,2266,Wellington-Dufferin-Guelph Health Unit,0.0431,849.0,2.72,0.7627,0.9401
23629,2021-12-13,2265,Waterloo Health Unit,0.0479,1308.0,2.24,0.6729,0.9074
23630,2021-12-13,2263,Timiskaming Health Unit,0.0264,81.0,2.49,0.4834,0.7864
23631,2021-12-13,2262,Thunder Bay District Health Unit,0.018,388.0,2.59,0.8312,0.9013
23632,2021-12-13,2261,Sudbury and District Health Unit,0.0435,712.0,3.58,0.5909,0.8871
23633,2021-12-13,4913,Southwestern Public Health,0.0425,552.0,2.61,0.7551,0.9097
23634,2021-12-13,2260,Simcoe Muskoka District Health Unit,0.0428,1882.0,3.14,0.7791,0.945
23635,2021-12-13,2257,Renfrew County and District Health Unit,0.0209,225.0,2.07,0.6978,0.9501
23636,2021-12-13,2256,Porcupine Health Unit,0.0337,165.0,1.98,0.75,0.8864
23637,2021-12-13,2255,Peterborough County-City Health Unit,0.0215,273.0,1.84,0.6749,0.9274
23638,2021-12-13,2253,Peel Regional Health Unit,0.0387,3153.0,1.96,0.6985,0.917
23639,2021-12-13,35,Ontario,0.0413,38974.0,2.63,0.7099,0.8989
23640,2021-12-13,2249,Northwestern Health Unit,0.028,235.0,2.68,0.5,0.603
23641,2021-12-13,2247,North Bay Parry Sound District Health Unit,0.029,241.0,1.86,0.7982,0.9652
23642,2021-12-13,2246,Niagara Regional Area Health Unit,0.0433,1177.0,2.49,0.7279,0.8384
23643,2021-12-13,2244,Middlesex-London Health Unit,0.039,1420.0,2.8,0.7213,0.9309
23644,2021-12-13,2243,"Leeds, Grenville and Lanark District Health Unit",0.0629,447.0,2.58,0.6964,0.8987
23645,2021-12-13,2242,Lambton Health Unit,0.0443,336.0,2.56,0.4033,0.8959
23646,2021-12-13,2241,"Kingston, Frontenac and Lennox and Addington Health Unit",0.0503,1338.0,6.29,0.8882,0.9442
23647,2021-12-13,5183,Huron Perth Health Unit,0.0503,364.0,2.6,0.4473,0.9313
23648,2021-12-13,2238,Hastings and Prince Edward Counties Health Unit,0.0398,818.0,4.85,0.9071,0.9631
23649,2021-12-13,2236,Halton Regional Health Unit,0.0537,1606.0,2.59,0.6803,0.9049
23650,2021-12-13,2235,"Haliburton, Kawartha, Pine Ridge District Health Unit",0.0294,311.0,1.64,0.6852,0.9063
23651,2021-12-13,2234,Haldimand-Norfolk Health Unit,0.0511,246.0,2.16,0.6922,0.9105
23652,2021-12-13,2233,Grey Bruce Health Unit,0.0348,414.0,2.44,0.3304,0.9267
23653,2021-12-13,2258,Eastern Ontario Health Unit,0.0334,424.0,2.03,0.6541,0.94
23654,2021-12-13,2230,Durham Regional Health Unit,0.0397,1708.0,2.4,0.7535,0.9187
23655,2021-12-13,2226,District of Algoma Health Unit,0.0586,475.0,4.15,0.6497,0.7908
23656,2021-12-13,3895,City of Toronto Health Unit,0.0339,8128.0,2.6,0.7379,0.8811
23657,2021-12-13,2251,City of Ottawa Health Unit,0.0368,2958.0,2.8,0.6524,0.9021
23658,2021-12-13,2237,City of Hamilton Health Unit,0.0463,1376.0,2.32,0.8372,0.9253
23659,2021-12-13,2240,Chatham-Kent Health Unit,0.0697,352.0,3.31,0.6956,0.9442
23660,2021-12-13,2227,Brant County Health Unit,0.0584,362.0,2.33,0.7946,0.8993
23661,2021-12-12,2270,York Regional Health Unit,0.0381,2860.0,2.33,0.7251,0.9168
23662,2021-12-12,2268,Windsor-Essex County Health Unit,0.066,1183.0,2.79,0.434,0.7642
23663,2021-12-12,2266,Wellington-Dufferin-Guelph Health Unit,0.0417,825.0,2.64,0.7822,0.9457
23664,2021-12-12,2265,Waterloo Health Unit,0.0448,1234.0,2.11,0.677,0.9124
23665,2021-12-12,2263,Timiskaming Health Unit,0.0244,82.0,2.51,0.5402,0.8561
23666,2021-12-12,2262,Thunder Bay District Health Unit,0.0224,371.0,2.47,0.8638,0.8986
23667,2021-12-12,2261,Sudbury and District Health Unit,0.0397,788.0,3.96,0.6057,0.898
23668,2021-12-12,4913,Southwestern Public Health,0.0407,510.0,2.41,0.7535,0.9109
23669,2021-12-12,2260,Simcoe Muskoka District Health Unit,0.0419,1846.0,3.08,0.7827,0.9476
23670,2021-12-12,2257,Renfrew County and District Health Unit,0.0205,223.0,2.06,0.7038,0.9492
23671,2021-12-12,2256,Porcupine Health Unit,0.0287,159.0,1.91,0.7807,0.9197
23672,2021-12-12,2255,Peterborough County-City Health Unit,0.0213,268.0,1.81,0.6789,0.9333
23673,2021-12-12,2253,Peel Regional Health Unit,0.0346,3033.0,1.89,0.7084,0.9243
23674,2021-12-12,35,Ontario,0.0381,37648.0,2.54,0.7141,0.9037
23675,2021-12-12,2249,Northwestern Health Unit,0.0175,228.0,2.61,0.5045,0.6054
23676,2021-12-12,2247,North Bay Parry Sound District Health Unit,0.0359,243.0,1.87,0.8014,0.971
23677,2021-12-12,2246,Niagara Regional Area Health Unit,0.0418,1146.0,2.42,0.7241,0.8352
23678,2021-12-12,2244,Middlesex-London Health Unit,0.0357,1377.0,2.71,0.7202,0.9356
23679,2021-12-12,2243,"Leeds, Grenville and Lanark District Health Unit",0.0639,402.0,2.32,0.6901,0.8995
23680,2021-12-12,2242,Lambton Health Unit,0.0371,331.0,2.53,0.3903,0.8968
23681,2021-12-12,2241,"Kingston, Frontenac and Lennox and Addington Health Unit",0.0506,1206.0,5.67,0.9004,0.9524
23682,2021-12-12,5183,Huron Perth Health Unit,0.0465,332.0,2.37,0.437,0.9378
23683,2021-12-12,2238,Hastings and Prince Edward Counties Health Unit,0.0374,817.0,4.85,0.9185,0.972
23684,2021-12-12,2236,Halton Regional Health Unit,0.0458,1539.0,2.49,0.6845,0.9134
23685,2021-12-12,2235,"Haliburton, Kawartha, Pine Ridge District Health Unit",0.0265,307.0,1.63,0.6749,0.8924
23686,2021-12-12,2234,Haldimand-Norfolk Health Unit,0.054,246.0,2.16,0.6844,0.9078
23687,2021-12-12,2233,Grey Bruce Health Unit,0.0324,322.0,1.89,0.338,0.9262
23688,2021-12-12,2258,Eastern Ontario Health Unit,0.0291,398.0,1.91,0.6568,0.9402
23689,2021-12-12,2230,Durham Regional Health Unit,0.0355,1664.0,2.34,0.7562,0.9256
23690,2021-12-12,2226,District of Algoma Health Unit,0.0548,485.0,4.24,0.6284,0.7758
23691,2021-12-12,3895,City of Toronto Health Unit,0.0301,7859.0,2.52,0.7367,0.8831
23692,2021-12-12,2251,City of Ottawa Health Unit,0.0317,2831.0,2.68,0.6701,0.9109
23693,2021-12-12,2237,City of Hamilton Health Unit,0.0418,1337.0,2.26,0.8364,0.9282
23694,2021-12-12,2240,Chatham-Kent Health Unit,0.0683,347.0,3.27,0.7098,0.946
23695,2021-12-12,2227,Brant County Health Unit,0.0589,364.0,2.34,0.802,0.9037
23696,2021-12-11,2270,York Regional Health Unit,0.0369,2795.0,2.28,0.7519,0.9263
23697,2021-12-11,2268,Windsor-Essex County Health Unit,0.068,1188.0,2.8,0.4167,0.7715
23698,2021-12-11,2266,Wellington-Dufferin-Guelph Health Unit,0.0408,805.0,2.58,0.7958,0.9478
23699,2021-12-11,2265,Waterloo Health Unit,0.0438,1203.0,2.06,0.6931,0.9171
23700,2021-12-11,2263,Timiskaming Health Unit,0.0248,86.0,2.64,0.4746,0.9159
23701,2021-12-11,2262,Thunder Bay District Health Unit,0.0248,385.0,2.57,0.8701,0.9024
23702,2021-12-11,2261,Sudbury and District Health Unit,0.0416,793.0,3.98,0.5943,0.9107
23703,2021-12-11,4913,Southwestern Public Health,0.0417,507.0,2.4,0.7661,0.9097
23704,2021-12-11,2260,Simcoe Muskoka District Health Unit,0.0422,1815.0,3.03,0.8015,0.9482
23705,2021-12-11,2257,Renfrew County and District Health Unit,0.0187,221.0,2.03,0.6319,0.951
23706,2021-12-11,2256,Porcupine Health Unit,0.0303,156.0,1.87,0.7733,0.9267
23707,2021-12-11,2255,Peterborough County-City Health Unit,0.0248,265.0,1.79,0.6821,0.9319
23708,2021-12-11,2253,Peel Regional Health Unit,0.0337,2983.0,1.86,0.7327,0.9231
23709,2021-12-11,35,Ontario,0.0371,36995.0,2.49,0.7247,0.9073
23710,2021-12-11,2249,Northwestern Health Unit,0.0179,224.0,2.55,0.4952,0.5911
23711,2021-12-11,2247,North Bay Parry Sound District Health Unit,0.0364,240.0,1.85,0.821,0.9717
23712,2021-12-11,2246,Niagara Regional Area Health Unit,0.0375,1119.0,2.37,0.6993,0.8239
23713,2021-12-11,2244,Middlesex-London Health Unit,0.0335,1339.0,2.64,0.7376,0.933
23714,2021-12-11,2243,"Leeds, Grenville and Lanark District Health Unit",0.0666,378.0,2.18,0.7606,0.8926
23715,2021-12-11,2242,Lambton Health Unit,0.037,325.0,2.48,0.4012,0.8952
23716,2021-12-11,2241,"Kingston, Frontenac and Lennox and Addington Health Unit",0.0503,1169.0,5.5,0.9189,0.9601
23717,2021-12-11,5183,Huron Perth Health Unit,0.0446,330.0,2.36,0.4637,0.9339
23718,2021-12-11,2238,Hastings and Prince Edward Counties Health Unit,0.0356,802.0,4.76,0.9307,0.9783
23719,2021-12-11,2236,Halton Regional Health Unit,0.0435,1518.0,2.45,0.7175,0.9116
23720,2021-12-11,2235,"Haliburton, Kawartha, Pine Ridge District Health Unit",0.0241,302.0,1.6,0.6842,0.8935
23721,2021-12-11,2234,Haldimand-Norfolk Health Unit,0.0509,233.0,2.04,0.7001,0.9129
23722,2021-12-11,2233,Grey Bruce Health Unit,0.0331,315.0,1.86,0.3351,0.9127
23723,2021-12-11,2258,Eastern Ontario Health Unit,0.0292,396.0,1.9,0.6752,0.937
23724,2021-12-11,2230,Durham Regional Health Unit,0.0356,1626.0,2.28,0.7242,0.93
23725,2021-12-11,2226,District of Algoma Health Unit,0.0532,486.0,4.25,0.6532,0.7848
23726,2021-12-11,3895,City of Toronto Health Unit,0.0286,7731.0,2.48,0.7382,0.8893
23727,2021-12-11,2251,City of Ottawa Health Unit,0.0303,2760.0,2.62,0.7016,0.9267
23728,2021-12-11,2237,City of Hamilton Health Unit,0.0379,1322.0,2.23,0.8402,0.9293
23729,2021-12-11,2240,Chatham-Kent Health Unit,0.0705,348.0,3.28,0.7484,0.9429
23730,2021-12-11,2227,Brant County Health Unit,0.0581,362.0,2.33,0.8094,0.9011
23731,2021-12-10,2270,York Regional Health Unit,0.0338,2728.0,2.23,0.7704,0.9355
23732,2021-12-10,2268,Windsor-Essex County Health Unit,0.0673,1177.0,2.77,0.3976,0.7563
23733,2021-12-10,2266,Wellington-Dufferin-Guelph Health Unit,0.0417,784.0,2.51,0.7985,0.946
23734,2021-12-10,2265,Waterloo Health Unit,0.0416,1178.0,2.02,0.6942,0.9167
23735,2021-12-10,2263,Timiskaming Health Unit,0.025,86.0,2.62,0.4463,0.9191
23736,2021-12-10,2262,Thunder Bay District Health Unit,0.0272,383.0,2.55,0.8676,0.8997
23737,2021-12-10,2261,Sudbury and District Health Unit,0.0442,804.0,4.04,0.6121,0.916
23738,2021-12-10,4913,Southwestern Public Health,0.0453,508.0,2.4,0.7701,0.912
23739,2021-12-10,2260,Simcoe Muskoka District Health Unit,0.0438,1769.0,2.95,0.8073,0.9507
23740,2021-12-10,2257,Renfrew County and District Health Unit,0.0205,202.0,1.86,0.7114,0.9485
23741,2021-12-10,2256,Porcupine Health Unit,0.0317,153.0,1.83,0.7627,0.9285
23742,2021-12-10,2255,Peterborough County-City Health Unit,0.0201,256.0,1.73,0.7174,0.9345
23743,2021-12-10,2253,Peel Regional Health Unit,0.0314,2934.0,1.83,0.7498,0.9232
23744,2021-12-10,35,Ontario,0.0355,36247.0,2.44,0.7325,0.9079
23745,2021-12-10,2249,Northwestern Health Unit,0.0131,218.0,2.49,0.5455,0.6349
23746,2021-12-10,2247,North Bay Parry Sound District Health Unit,0.0386,230.0,1.77,0.829,0.9703
23747,2021-12-10,2246,Niagara Regional Area Health Unit,0.0353,1090.0,2.31,0.6896,0.8169
23748,2021-12-10,2244,Middlesex-London Health Unit,0.0305,1310.0,2.58,0.7509,0.9309
23749,2021-12-10,2243,"Leeds, Grenville and Lanark District Health Unit",0.06,362.0,2.09,0.7698,0.8981
23750,2021-12-10,2242,Lambton Health Unit,0.0331,324.0,2.47,0.4533,0.8891
23751,2021-12-10,2241,"Kingston, Frontenac and Lennox and Addington Health Unit",0.0473,1127.0,5.3,0.9293,0.9671
23752,2021-12-10,5183,Huron Perth Health Unit,0.0426,335.0,2.4,0.5289,0.9408
23753,2021-12-10,2238,Hastings and Prince Edward Counties Health Unit,0.0355,800.0,4.75,0.9395,0.9807
23754,2021-12-10,2236,Halton Regional Health Unit,0.0391,1471.0,2.38,0.7324,0.9117
23755,2021-12-10,2235,"Haliburton, Kawartha, Pine Ridge District Health Unit",0.02,293.0,1.55,0.6657,0.8868
23756,2021-12-10,2234,Haldimand-Norfolk Health Unit,0.0519,226.0,1.98,0.7094,0.9217
23757,2021-12-10,2233,Grey Bruce Health Unit,0.0302,303.0,1.78,0.3575,0.9061
23758,2021-12-10,2258,Eastern Ontario Health Unit,0.0277,397.0,1.9,0.7044,0.9364
23759,2021-12-10,2230,Durham Regional Health Unit,0.0336,1594.0,2.24,0.7033,0.9203
23760,2021-12-10,2226,District of Algoma Health Unit,0.0527,488.0,4.27,0.6415,0.7863
23761,2021-12-10,3895,City of Toronto Health Unit,0.0269,7545.0,2.42,0.7377,0.8887
23762,2021-12-10,2251,City of Ottawa Health Unit,0.0281,2696.0,2.56,0.7292,0.9332
23763,2021-12-10,2237,City of Hamilton Health Unit,0.0366,1315.0,2.22,0.8437,0.9283
23764,2021-12-10,2240,Chatham-Kent Health Unit,0.065,339.0,3.19,0.769,0.941
23765,2021-12-10,2227,Brant County Health Unit,0.0613,356.0,2.3,0.8248,0.9164
23766,2021-12-09,2270,York Regional Health Unit,0.0317,2635.0,2.15,0.7922,0.9369
23767,2021-12-09,2268,Windsor-Essex County Health Unit,0.0641,1189.0,2.8,0.4249,0.7666
23768,2021-12-09,2266,Wellington-Dufferin-Guelph Health Unit,0.0364,749.0,2.4,0.8077,0.9433
23769,2021-12-09,2265,Waterloo Health Unit,0.0391,1150.0,1.97,0.6833,0.9192
23770,2021-12-09,2263,Timiskaming Health Unit,0.0253,96.0,2.94,0.4031,0.9023
23771,2021-12-09,2262,Thunder Bay District Health Unit,0.0293,391.0,2.6,0.8701,0.9199
23772,2021-12-09,2261,Sudbury and District Health Unit,0.0508,846.0,4.25,0.634,0.9494
23773,2021-12-09,4913,Southwestern Public Health,0.0486,512.0,2.42,0.7729,0.9088
23774,2021-12-09,2260,Simcoe Muskoka District Health Unit,0.0474,1742.0,2.91,0.8283,0.9522
23775,2021-12-09,2257,Renfrew County and District Health Unit,0.0271,226.0,2.08,0.7552,0.9622
23776,2021-12-09,2256,Porcupine Health Unit,0.023,143.0,1.71,0.7332,0.9179
23777,2021-12-09,2255,Peterborough County-City Health Unit,0.0205,258.0,1.74,0.7818,0.9368
23778,2021-12-09,2253,Peel Regional Health Unit,0.03,2910.0,1.81,0.7653,0.9239
23779,2021-12-09,35,Ontario,0.0341,35573.0,2.4,0.751,0.913
23780,2021-12-09,2249,Northwestern Health Unit,0.0139,215.0,2.45,0.5974,0.7145
23781,2021-12-09,2247,North Bay Parry Sound District Health Unit,0.0472,215.0,1.66,0.849,0.9658
23782,2021-12-09,2246,Niagara Regional Area Health Unit,0.0356,1076.0,2.28,0.6959,0.8203
23783,2021-12-09,2244,Middlesex-London Health Unit,0.0279,1259.0,2.48,0.7732,0.9308
23784,2021-12-09,2243,"Leeds, Grenville and Lanark District Health Unit",0.0541,322.0,1.86,0.7754,0.893
23785,2021-12-09,2242,Lambton Health Unit,0.0312,325.0,2.48,0.5336,0.9059
23786,2021-12-09,2241,"Kingston, Frontenac and Lennox and Addington Health Unit",0.0432,1087.0,5.11,0.9357,0.9685
23787,2021-12-09,5183,Huron Perth Health Unit,0.0419,334.0,2.39,0.551,0.9361
23788,2021-12-09,2238,Hastings and Prince Edward Counties Health Unit,0.0305,763.0,4.53,0.9502,0.9812
23789,2021-12-09,2236,Halton Regional Health Unit,0.0352,1399.0,2.26,0.7413,0.9107
23790,2021-12-09,2235,"Haliburton, Kawartha, Pine Ridge District Health Unit",0.0183,281.0,1.49,0.679,0.8855
23791,2021-12-09,2234,Haldimand-Norfolk Health Unit,0.0497,227.0,1.99,0.728,0.9231
23792,2021-12-09,2233,Grey Bruce Health Unit,0.0265,291.0,1.71,0.3694,0.906
23793,2021-12-09,2258,Eastern Ontario Health Unit,0.027,396.0,1.9,0.7304,0.9407
23794,2021-12-09,2230,Durham Regional Health Unit,0.0318,1525.0,2.14,0.7115,0.9158
23795,2021-12-09,2226,District of Algoma Health Unit,0.0493,495.0,4.33,0.7023,0.8224
23796,2021-12-09,3895,City of Toronto Health Unit,0.0256,7399.0,2.37,0.759,0.8957
23797,2021-12-09,2251,City of Ottawa Health Unit,0.0265,2639.0,2.5,0.7651,0.9495
23798,2021-12-09,2237,City of Hamilton Health Unit,0.0339,1324.0,2.24,0.8575,0.9258
23799,2021-12-09,2240,Chatham-Kent Health Unit,0.0618,335.0,3.15,0.7715,0.941
23800,2021-12-09,2227,Brant County Health Unit,0.0584,360.0,2.32,0.8326,0.9165
23801,2021-12-08,2270,York Regional Health Unit,0.0313,2548.0,2.08,0.8084,0.9381
23802,2021-12-08,2268,Windsor-Essex County Health Unit,0.0642,1210.0,2.85,0.4525,0.7682
23803,2021-12-08,2266,Wellington-Dufferin-Guelph Health Unit,0.035,726.0,2.33,0.8178,0.9485
23804,2021-12-08,2265,Waterloo Health Unit,0.0361,1128.0,1.93,0.6709,0.926
23805,2021-12-08,2263,Timiskaming Health Unit,0.0244,94.0,2.86,0.3975,0.9069
23806,2021-12-08,2262,Thunder Bay District Health Unit,0.0349,393.0,2.62,0.794,0.9288
23807,2021-12-08,2261,Sudbury and District Health Unit,0.0514,823.0,4.14,0.6325,0.952
23808,2021-12-08,4913,Southwestern Public Health,0.0525,498.0,2.36,0.776,0.914
23809,2021-12-08,2260,Simcoe Muskoka District Health Unit,0.047,1706.0,2.85,0.8538,0.9566
23810,2021-12-08,2257,Renfrew County and District Health Unit,0.0258,216.0,1.99,0.7502,0.9632
23811,2021-12-08,2256,Porcupine Health Unit,0.0186,130.0,1.56,0.7585,0.9204
23812,2021-12-08,2255,Peterborough County-City Health Unit,0.0222,258.0,1.74,0.8343,0.96
23813,2021-12-08,2253,Peel Regional Health Unit,0.0277,2863.0,1.78,0.7843,0.9249
23814,2021-12-08,35,Ontario,0.0329,34984.0,2.36,0.7671,0.919
23815,2021-12-08,2249,Northwestern Health Unit,0.0131,207.0,2.36,0.5737,0.7345
23816,2021-12-08,2247,North Bay Parry Sound District Health Unit,0.0442,210.0,1.62,0.8594,0.9614
23817,2021-12-08,2246,Niagara Regional Area Health Unit,0.0339,1058.0,2.24,0.7255,0.8417
23818,2021-12-08,2244,Middlesex-London Health Unit,0.0273,1192.0,2.35,0.8009,0.9407
23819,2021-12-08,2243,"Leeds, Grenville and Lanark District Health Unit",0.0454,308.0,1.78,0.8035,0.9025
23820,2021-12-08,2242,Lambton Health Unit,0.0319,322.0,2.46,0.5886,0.9272
23821,2021-12-08,2241,"Kingston, Frontenac and Lennox and Addington Health Unit",0.0408,1061.0,4.99,0.9484,0.9751
23822,2021-12-08,5183,Huron Perth Health Unit,0.0366,320.0,2.29,0.5844,0.9491
23823,2021-12-08,2238,Hastings and Prince Edward Counties Health Unit,0.0298,744.0,4.41,0.9541,0.9846
23824,2021-12-08,2236,Halton Regional Health Unit,0.0334,1358.0,2.19,0.7644,0.9065
23825,2021-12-08,2235,"Haliburton, Kawartha, Pine Ridge District Health Unit",0.0211,278.0,1.47,0.7317,0.9052
23826,2021-12-08,2234,Haldimand-Norfolk Health Unit,0.053,229.0,2.01,0.7446,0.9258
23827,2021-12-08,2233,Grey Bruce Health Unit,0.0258,277.0,1.63,0.4032,0.9131
23828,2021-12-08,2258,Eastern Ontario Health Unit,0.0278,396.0,1.9,0.7171,0.9435
23829,2021-12-08,2230,Durham Regional Health Unit,0.0292,1468.0,2.06,0.7173,0.9207
23830,2021-12-08,2226,District of Algoma Health Unit,0.0482,519.0,4.53,0.7339,0.8579
23831,2021-12-08,3895,City of Toronto Health Unit,0.0235,7459.0,2.39,0.7775,0.9007
23832,2021-12-08,2251,City of Ottawa Health Unit,0.0255,2548.0,2.42,0.7711,0.9495
23833,2021-12-08,2237,City of Hamilton Health Unit,0.0328,1305.0,2.2,0.8812,0.9402
23834,2021-12-08,2240,Chatham-Kent Health Unit,0.0678,308.0,2.89,0.8119,0.9455
23835,2021-12-08,2227,Brant County Health Unit,0.0565,366.0,2.36,0.8453,0.9208
23836,2021-12-07,2270,York Regional Health Unit,0.03,2426.0,1.98,0.8323,0.9443
23837,2021-12-07,2268,Windsor-Essex County Health Unit,0.0619,1184.0,2.79,0.4952,0.7955
23838,2021-12-07,2266,Wellington-Dufferin-Guelph Health Unit,0.0351,689.0,2.21,0.8339,0.9546
23839,2021-12-07,2265,Waterloo Health Unit,0.0358,1089.0,1.86,0.6863,0.9305
23840,2021-12-07,2263,Timiskaming Health Unit,0.0268,91.0,2.78,0.39,0.9142
23841,2021-12-07,2262,Thunder Bay District Health Unit,0.0417,394.0,2.63,0.7778,0.9258
23842,2021-12-07,2261,Sudbury and District Health Unit,0.0515,823.0,4.14,0.6819,0.9526
23843,2021-12-07,4913,Southwestern Public Health,0.056,483.0,2.28,0.7795,0.9204
23844,2021-12-07,2260,Simcoe Muskoka District Health Unit,0.0489,1692.0,2.82,0.8728,0.9598
23845,2021-12-07,2257,Renfrew County and District Health Unit,0.0286,210.0,1.93,0.7445,0.9624
23846,2021-12-07,2256,Porcupine Health Unit,0.0128,123.0,1.47,0.7537,0.9196
23847,2021-12-07,2255,Peterborough County-City Health Unit,0.0233,252.0,1.7,0.8565,0.9682
23848,2021-12-07,2253,Peel Regional Health Unit,0.0258,2799.0,1.74,0.8164,0.9339
23849,2021-12-07,35,Ontario,0.0316,34191.0,2.31,0.7875,0.9278
23850,2021-12-07,2249,Northwestern Health Unit,0.0132,205.0,2.34,0.6104,0.7707
23851,2021-12-07,2247,North Bay Parry Sound District Health Unit,0.0453,205.0,1.58,0.8947,0.9599
23852,2021-12-07,2246,Niagara Regional Area Health Unit,0.0335,1035.0,2.19,0.7519,0.868
23853,2021-12-07,2244,Middlesex-London Health Unit,0.0283,1143.0,2.25,0.8507,0.9485
23854,2021-12-07,2243,"Leeds, Grenville and Lanark District Health Unit",0.0344,312.0,1.8,0.8372,0.9334
23855,2021-12-07,2242,Lambton Health Unit,0.0321,312.0,2.38,0.6521,0.933
23856,2021-12-07,2241,"Kingston, Frontenac and Lennox and Addington Health Unit",0.0374,1036.0,4.87,0.9525,0.9786
23857,2021-12-07,5183,Huron Perth Health Unit,0.0324,317.0,2.27,0.6237,0.962
23858,2021-12-07,2238,Hastings and Prince Edward Counties Health Unit,0.0253,757.0,4.49,0.9512,0.9827
23859,2021-12-07,2236,Halton Regional Health Unit,0.0296,1327.0,2.14,0.7875,0.9193
23860,2021-12-07,2235,"Haliburton, Kawartha, Pine Ridge District Health Unit",0.0228,276.0,1.46,0.7354,0.9138
23861,2021-12-07,2234,Haldimand-Norfolk Health Unit,0.0539,230.0,2.02,0.7799,0.9405
23862,2021-12-07,2233,Grey Bruce Health Unit,0.0224,280.0,1.65,0.4124,0.928
23863,2021-12-07,2258,Eastern Ontario Health Unit,0.0255,393.0,1.88,0.7193,0.9572
23864,2021-12-07,2230,Durham Regional Health Unit,0.0266,1405.0,1.97,0.7344,0.937
23865,2021-12-07,2226,District of Algoma Health Unit,0.0499,507.0,4.43,0.6858,0.8492
23866,2021-12-07,3895,City of Toronto Health Unit,0.0214,7303.0,2.34,0.7931,0.907
23867,2021-12-07,2251,City of Ottawa Health Unit,0.0251,2501.0,2.37,0.788,0.9573
23868,2021-12-07,2237,City of Hamilton Health Unit,0.0301,1292.0,2.18,0.8959,0.9502
23869,2021-12-07,2240,Chatham-Kent Health Unit,0.0675,299.0,2.81,0.8296,0.95
23870,2021-12-07,2227,Brant County Health Unit,0.0537,367.0,2.36,0.8626,0.9349
23871,2021-12-06,2270,York Regional Health Unit,0.0279,2377.0,1.94,0.8316,0.9445
23872,2021-12-06,2268,Windsor-Essex County Health Unit,0.0652,1115.0,2.62,0.525,0.8024
23873,2021-12-06,2266,Wellington-Dufferin-Guelph Health Unit,0.0352,674.0,2.16,0.8311,0.9536
23874,2021-12-06,2265,Waterloo Health Unit,0.0358,1085.0,1.86,0.6929,0.9343
23875,2021-12-06,2263,Timiskaming Health Unit,0.0251,91.0,2.78,0.3709,0.9069
23876,2021-12-06,2262,Thunder Bay District Health Unit,0.0431,398.0,2.65,0.7684,0.9228
23877,2021-12-06,2261,Sudbury and District Health Unit,0.0517,832.0,4.18,0.7018,0.9739
23878,2021-12-06,4913,Southwestern Public Health,0.0547,499.0,2.36,0.8191,0.957
23879,2021-12-06,2260,Simcoe Muskoka District Health Unit,0.0502,1653.0,2.76,0.8796,0.9643
23880,2021-12-06,2257,Renfrew County and District Health Unit,0.0335,192.0,1.77,0.7194,0.9605
23881,2021-12-06,2256,Porcupine Health Unit,0.0093,122.0,1.47,0.7407,0.9099
23882,2021-12-06,2255,Peterborough County-City Health Unit,0.023,255.0,1.72,0.8636,0.9686
23883,2021-12-06,2253,Peel Regional Health Unit,0.0247,2708.0,1.69,0.8352,0.9339
23884,2021-12-06,35,Ontario,0.031,33326.0,2.25,0.7947,0.9299
23885,2021-12-06,2249,Northwestern Health Unit,0.0127,203.0,2.31,0.6017,0.7659
23886,2021-12-06,2247,North Bay Parry Sound District Health Unit,0.0418,188.0,1.45,0.9154,0.9612
23887,2021-12-06,2246,Niagara Regional Area Health Unit,0.0355,995.0,2.11,0.7488,0.8657
23888,2021-12-06,2244,Middlesex-London Health Unit,0.0284,1090.0,2.15,0.8602,0.9508
23889,2021-12-06,2243,"Leeds, Grenville and Lanark District Health Unit",0.022,311.0,1.8,0.8433,0.935
23890,2021-12-06,2242,Lambton Health Unit,0.0332,297.0,2.27,0.6679,0.9367
23891,2021-12-06,2241,"Kingston, Frontenac and Lennox and Addington Health Unit",0.0342,1039.0,4.89,0.954,0.9798
23892,2021-12-06,5183,Huron Perth Health Unit,0.0302,312.0,2.23,0.6249,0.9701
23893,2021-12-06,2238,Hastings and Prince Edward Counties Health Unit,0.0264,720.0,4.27,0.9532,0.9828
23894,2021-12-06,2236,Halton Regional Health Unit,0.0284,1302.0,2.1,0.8216,0.9288
23895,2021-12-06,2235,"Haliburton, Kawartha, Pine Ridge District Health Unit",0.0239,263.0,1.39,0.7546,0.9254
23896,2021-12-06,2234,Haldimand-Norfolk Health Unit,0.0602,221.0,1.93,0.7869,0.9388
23897,2021-12-06,2233,Grey Bruce Health Unit,0.0209,280.0,1.65,0.4666,0.9322
23898,2021-12-06,2258,Eastern Ontario Health Unit,0.0261,399.0,1.91,0.7369,0.9582
23899,2021-12-06,2230,Durham Regional Health Unit,0.0238,1352.0,1.9,0.7293,0.9354
23900,2021-12-06,2226,District of Algoma Health Unit,0.0524,518.0,4.53,0.6776,0.8442
23901,2021-12-06,3895,City of Toronto Health Unit,0.0205,7035.0,2.25,0.7988,0.907
23902,2021-12-06,2251,City of Ottawa Health Unit,0.0236,2429.0,2.3,0.7911,0.9564
23903,2021-12-06,2237,City of Hamilton Health Unit,0.0293,1290.0,2.18,0.8969,0.9493
23904,2021-12-06,2240,Chatham-Kent Health Unit,0.0623,289.0,2.72,0.8358,0.9508
23905,2021-12-06,2227,Brant County Health Unit,0.0505,370.0,2.39,0.8706,0.9404
23906,2021-12-05,2270,York Regional Health Unit,0.027,2307.0,1.88,0.8289,0.938
23907,2021-12-05,2268,Windsor-Essex County Health Unit,0.0666,1127.0,2.65,0.5469,0.8123
23908,2021-12-05,2266,Wellington-Dufferin-Guelph Health Unit,0.0325,637.0,2.04,0.8277,0.9498
23909,2021-12-05,2265,Waterloo Health Unit,0.0354,1077.0,1.84,0.7031,0.9367
23910,2021-12-05,2263,Timiskaming Health Unit,0.0226,89.0,2.71,0.325,0.8792
23911,2021-12-05,2262,Thunder Bay District Health Unit,0.0432,404.0,2.69,0.762,0.9169
23912,2021-12-05,2261,Sudbury and District Health Unit,0.0545,792.0,3.98,0.6908,0.9651
23913,2021-12-05,4913,Southwestern Public Health,0.0564,512.0,2.42,0.8206,0.9581
23914,2021-12-05,2260,Simcoe Muskoka District Health Unit,0.0473,1665.0,2.78,0.8876,0.9656
23915,2021-12-05,2257,Renfrew County and District Health Unit,0.0348,189.0,1.74,0.727,0.9633
23916,2021-12-05,2256,Porcupine Health Unit,0.0092,124.0,1.48,0.7512,0.9159
23917,2021-12-05,2255,Peterborough County-City Health Unit,0.0245,257.0,1.73,0.8735,0.97
23918,2021-12-05,2253,Peel Regional Health Unit,0.0254,2658.0,1.66,0.845,0.9317
23919,2021-12-05,35,Ontario,0.0305,32773.0,2.21,0.8038,0.9336
23920,2021-12-05,2249,Northwestern Health Unit,0.0156,202.0,2.3,0.6198,0.781
23921,2021-12-05,2247,North Bay Parry Sound District Health Unit,0.0266,193.0,1.49,0.9113,0.9572
23922,2021-12-05,2246,Niagara Regional Area Health Unit,0.0334,955.0,2.02,0.755,0.8727
23923,2021-12-05,2244,Middlesex-London Health Unit,0.0275,1058.0,2.08,0.8613,0.9494
23924,2021-12-05,2243,"Leeds, Grenville and Lanark District Health Unit",0.0197,312.0,1.8,0.8633,0.9329
23925,2021-12-05,2242,Lambton Health Unit,0.0357,284.0,2.17,0.7011,0.9426
23926,2021-12-05,2241,"Kingston, Frontenac and Lennox and Addington Health Unit",0.0306,1069.0,5.03,0.9572,0.9817
23927,2021-12-05,5183,Huron Perth Health Unit,0.0295,300.0,2.15,0.6282,0.9682
23928,2021-12-05,2238,Hastings and Prince Edward Counties Health Unit,0.0261,707.0,4.2,0.9537,0.9825
23929,2021-12-05,2236,Halton Regional Health Unit,0.0283,1263.0,2.04,0.8485,0.9259
23930,2021-12-05,2235,"Haliburton, Kawartha, Pine Ridge District Health Unit",0.0281,255.0,1.35,0.777,0.9444
23931,2021-12-05,2234,Haldimand-Norfolk Health Unit,0.0602,218.0,1.91,0.8121,0.9477
23932,2021-12-05,2233,Grey Bruce Health Unit,0.0189,317.0,1.87,0.4718,0.9282
23933,2021-12-05,2258,Eastern Ontario Health Unit,0.0255,431.0,2.07,0.7403,0.9563
23934,2021-12-05,2230,Durham Regional Health Unit,0.0252,1294.0,1.82,0.7295,0.9323
23935,2021-12-05,2226,District of Algoma Health Unit,0.0541,518.0,4.52,0.6814,0.8609
23936,2021-12-05,3895,City of Toronto Health Unit,0.0198,6848.0,2.19,0.8209,0.9243
23937,2021-12-05,2251,City of Ottawa Health Unit,0.0232,2417.0,2.29,0.7993,0.9589
23938,2021-12-05,2237,City of Hamilton Health Unit,0.0277,1238.0,2.09,0.9021,0.9496
23939,2021-12-05,2240,Chatham-Kent Health Unit,0.0615,281.0,2.64,0.8376,0.951
23940,2021-12-05,2227,Brant County Health Unit,0.0491,369.0,2.38,0.8481,0.9354
23941,2021-12-04,2270,York Regional Health Unit,0.0255,2240.0,1.83,0.8247,0.9368
23942,2021-12-04,2268,Windsor-Essex County Health Unit,0.0668,1102.0,2.59,0.563,0.8231
23943,2021-12-04,2266,Wellington-Dufferin-Guelph Health Unit,0.0314,624.0,2.0,0.8483,0.9485
23944,2021-12-04,2265,Waterloo Health Unit,0.0357,1069.0,1.83,0.7205,0.9331
23945,2021-12-04,2263,Timiskaming Health Unit,0.0293,88.0,2.68,0.3847,0.8559
23946,2021-12-04,2262,Thunder Bay District Health Unit,0.0431,378.0,2.52,0.7584,0.9209
23947,2021-12-04,2261,Sudbury and District Health Unit,0.0549,810.0,4.07,0.7103,0.9532
23948,2021-12-04,4913,Southwestern Public Health,0.0524,502.0,2.37,0.8227,0.9557
23949,2021-12-04,2260,Simcoe Muskoka District Health Unit,0.0475,1671.0,2.79,0.8904,0.967
23950,2021-12-04,2257,Renfrew County and District Health Unit,0.0351,187.0,1.72,0.8064,0.9596
23951,2021-12-04,2256,Porcupine Health Unit,0.008,125.0,1.5,0.7483,0.91
23952,2021-12-04,2255,Peterborough County-City Health Unit,0.0227,252.0,1.7,0.8791,0.969
23953,2021-12-04,2253,Peel Regional Health Unit,0.025,2604.0,1.62,0.8403,0.9317
23954,2021-12-04,35,Ontario,0.0299,32230.0,2.17,0.815,0.9358
23955,2021-12-04,2249,Northwestern Health Unit,0.0155,194.0,2.21,0.6228,0.7863
23956,2021-12-04,2247,North Bay Parry Sound District Health Unit,0.0241,190.0,1.46,0.9085,0.9535
23957,2021-12-04,2246,Niagara Regional Area Health Unit,0.0331,914.0,1.93,0.8021,0.893
23958,2021-12-04,2244,Middlesex-London Health Unit,0.0254,1018.0,2.01,0.8728,0.951
23959,2021-12-04,2243,"Leeds, Grenville and Lanark District Health Unit",0.017,302.0,1.74,0.8663,0.9387
23960,2021-12-04,2242,Lambton Health Unit,0.0359,282.0,2.16,0.7096,0.9454
23961,2021-12-04,2241,"Kingston, Frontenac and Lennox and Addington Health Unit",0.0286,1064.0,5.0,0.9525,0.9795
23962,2021-12-04,5183,Huron Perth Health Unit,0.0278,298.0,2.13,0.637,0.9666
23963,2021-12-04,2238,Hastings and Prince Edward Counties Health Unit,0.0253,712.0,4.22,0.9495,0.9816
23964,2021-12-04,2236,Halton Regional Health Unit,0.0277,1218.0,1.97,0.8431,0.9252
23965,2021-12-04,2235,"Haliburton, Kawartha, Pine Ridge District Health Unit",0.0293,254.0,1.34,0.7864,0.9454
23966,2021-12-04,2234,Haldimand-Norfolk Health Unit,0.0601,212.0,1.86,0.8025,0.9505
23967,2021-12-04,2233,Grey Bruce Health Unit,0.0183,312.0,1.84,0.5056,0.9431
23968,2021-12-04,2258,Eastern Ontario Health Unit,0.0244,427.0,2.04,0.7432,0.9591
23969,2021-12-04,2230,Durham Regional Health Unit,0.0241,1272.0,1.79,0.7847,0.9278
23970,2021-12-04,2226,District of Algoma Health Unit,0.0568,511.0,4.46,0.6868,0.8602
23971,2021-12-04,3895,City of Toronto Health Unit,0.0194,6757.0,2.17,0.8364,0.9333
23972,2021-12-04,2251,City of Ottawa Health Unit,0.022,2390.0,2.27,0.8176,0.9595
23973,2021-12-04,2237,City of Hamilton Health Unit,0.0274,1215.0,2.05,0.908,0.9495
23974,2021-12-04,2240,Chatham-Kent Health Unit,0.0638,271.0,2.55,0.8401,0.9525
23975,2021-12-04,2227,Brant County Health Unit,0.0486,364.0,2.35,0.8553,0.941
23976,2021-12-03,2270,York Regional Health Unit,0.025,2179.0,1.78,0.8292,0.9327
23977,2021-12-03,2268,Windsor-Essex County Health Unit,0.0693,1110.0,2.61,0.5645,0.8515
23978,2021-12-03,2266,Wellington-Dufferin-Guelph Health Unit,0.029,616.0,1.97,0.8466,0.9453
23979,2021-12-03,2265,Waterloo Health Unit,0.0345,1046.0,1.79,0.7502,0.9336
23980,2021-12-03,2263,Timiskaming Health Unit,0.0323,97.0,2.98,0.4205,0.8564
23981,2021-12-03,2262,Thunder Bay District Health Unit,0.0454,359.0,2.39,0.7516,0.9172
23982,2021-12-03,2261,Sudbury and District Health Unit,0.0532,806.0,4.05,0.734,0.9491
23983,2021-12-03,4913,Southwestern Public Health,0.0545,496.0,2.34,0.8314,0.9555
23984,2021-12-03,2260,Simcoe Muskoka District Health Unit,0.0481,1658.0,2.76,0.9032,0.9686
23985,2021-12-03,2257,Renfrew County and District Health Unit,0.0329,182.0,1.68,0.8099,0.9633
23986,2021-12-03,2256,Porcupine Health Unit,0.0057,125.0,1.5,0.7491,0.9065
23987,2021-12-03,2255,Peterborough County-City Health Unit,0.0247,254.0,1.72,0.8581,0.9689
23988,2021-12-03,2253,Peel Regional Health Unit,0.0248,2564.0,1.6,0.8394,0.9289
23989,2021-12-03,35,Ontario,0.0301,31705.0,2.14,0.8197,0.9384
23990,2021-12-03,2249,Northwestern Health Unit,0.0146,186.0,2.12,0.627,0.7966
23991,2021-12-03,2247,North Bay Parry Sound District Health Unit,0.0226,190.0,1.46,0.9083,0.9496
23992,2021-12-03,2246,Niagara Regional Area Health Unit,0.0334,886.0,1.88,0.8246,0.9099
23993,2021-12-03,2244,Middlesex-London Health Unit,0.0258,986.0,1.94,0.8692,0.9537
23994,2021-12-03,2243,"Leeds, Grenville and Lanark District Health Unit",0.0194,294.0,1.7,0.8671,0.9378
23995,2021-12-03,2242,Lambton Health Unit,0.0351,264.0,2.02,0.7059,0.9556
23996,2021-12-03,2241,"Kingston, Frontenac and Lennox and Addington Health Unit",0.0303,1051.0,4.94,0.9542,0.9813
23997,2021-12-03,5183,Huron Perth Health Unit,0.0298,292.0,2.09,0.6285,0.9625
23998,2021-12-03,2238,Hastings and Prince Edward Counties Health Unit,0.0249,706.0,4.19,0.9469,0.9815
23999,2021-12-03,2236,Halton Regional Health Unit,0.0283,1150.0,1.86,0.8479,0.9238
24000,2021-12-03,2235,"Haliburton, Kawartha, Pine Ridge District Health Unit",0.027,254.0,1.34,0.8325,0.9601
24001,2021-12-03,2234,Haldimand-Norfolk Health Unit,0.0622,216.0,1.89,0.8081,0.9499
24002,2021-12-03,2233,Grey Bruce Health Unit,0.0182,306.0,1.8,0.5233,0.9488
24003,2021-12-03,2258,Eastern Ontario Health Unit,0.0255,426.0,2.04,0.7352,0.9613
24004,2021-12-03,2230,Durham Regional Health Unit,0.0247,1253.0,1.76,0.8139,0.938
24005,2021-12-03,2226,District of Algoma Health Unit,0.0578,521.0,4.55,0.6807,0.8655
24006,2021-12-03,3895,City of Toronto Health Unit,0.0192,6644.0,2.13,0.8474,0.939
24007,2021-12-03,2251,City of Ottawa Health Unit,0.021,2391.0,2.27,0.7979,0.9548
24008,2021-12-03,2237,City of Hamilton Health Unit,0.0291,1177.0,1.99,0.9122,0.9511
24009,2021-12-03,2240,Chatham-Kent Health Unit,0.0605,267.0,2.51,0.8064,0.9587
24010,2021-12-03,2227,Brant County Health Unit,0.0505,362.0,2.33,0.8574,0.9422
24011,2021-12-02,2270,York Regional Health Unit,0.025,2126.0,1.73,0.822,0.93
24012,2021-12-02,2268,Windsor-Essex County Health Unit,0.0717,1092.0,2.57,0.5339,0.8417
24013,2021-12-02,2266,Wellington-Dufferin-Guelph Health Unit,0.0298,580.0,1.86,0.8372,0.9441
24014,2021-12-02,2265,Waterloo Health Unit,0.0345,1010.0,1.73,0.7794,0.9375
24015,2021-12-02,2263,Timiskaming Health Unit,0.0343,88.0,2.68,0.4133,0.856
24016,2021-12-02,2262,Thunder Bay District Health Unit,0.0488,345.0,2.3,0.7525,0.9062
24017,2021-12-02,2261,Sudbury and District Health Unit,0.0448,788.0,3.96,0.7057,0.9272
24018,2021-12-02,4913,Southwestern Public Health,0.0568,491.0,2.32,0.8242,0.9504
24019,2021-12-02,2260,Simcoe Muskoka District Health Unit,0.046,1655.0,2.76,0.8985,0.9663
24020,2021-12-02,2257,Renfrew County and District Health Unit,0.0216,165.0,1.52,0.7763,0.9361
24021,2021-12-02,2256,Porcupine Health Unit,0.0058,123.0,1.48,0.7628,0.9028
24022,2021-12-02,2255,Peterborough County-City Health Unit,0.0229,250.0,1.69,0.8442,0.9681
24023,2021-12-02,2253,Peel Regional Health Unit,0.0247,2451.0,1.53,0.8332,0.9268
24024,2021-12-02,35,Ontario,0.0297,30794.0,2.08,0.8125,0.9363
24025,2021-12-02,2249,Northwestern Health Unit,0.0112,179.0,2.04,0.654,0.8102
24026,2021-12-02,2247,North Bay Parry Sound District Health Unit,0.0167,188.0,1.45,0.9052,0.9515
24027,2021-12-02,2246,Niagara Regional Area Health Unit,0.0321,833.0,1.76,0.8278,0.9038
24028,2021-12-02,2244,Middlesex-London Health Unit,0.0238,942.0,1.86,0.8585,0.9546
24029,2021-12-02,2243,"Leeds, Grenville and Lanark District Health Unit",0.0186,277.0,1.6,0.888,0.9481
24030,2021-12-02,2242,Lambton Health Unit,0.0342,247.0,1.88,0.7138,0.9549
24031,2021-12-02,2241,"Kingston, Frontenac and Lennox and Addington Health Unit",0.0295,1067.0,5.01,0.9578,0.9808
24032,2021-12-02,5183,Huron Perth Health Unit,0.0327,276.0,1.97,0.6315,0.9653
24033,2021-12-02,2238,Hastings and Prince Edward Counties Health Unit,0.0247,688.0,4.08,0.9464,0.9803
24034,2021-12-02,2236,Halton Regional Health Unit,0.028,1115.0,1.8,0.8421,0.9212
24035,2021-12-02,2235,"Haliburton, Kawartha, Pine Ridge District Health Unit",0.0283,268.0,1.42,0.8329,0.9627
24036,2021-12-02,2234,Haldimand-Norfolk Health Unit,0.062,214.0,1.88,0.8138,0.9553
24037,2021-12-02,2233,Grey Bruce Health Unit,0.0182,307.0,1.81,0.5747,0.9445
24038,2021-12-02,2258,Eastern Ontario Health Unit,0.0278,426.0,2.04,0.7328,0.9543
24039,2021-12-02,2230,Durham Regional Health Unit,0.0252,1228.0,1.72,0.8125,0.9403
24040,2021-12-02,2226,District of Algoma Health Unit,0.0618,515.0,4.5,0.6388,0.8646
24041,2021-12-02,3895,City of Toronto Health Unit,0.0186,6419.0,2.06,0.8406,0.9371
24042,2021-12-02,2251,City of Ottawa Health Unit,0.0202,2332.0,2.21,0.766,0.9509
24043,2021-12-02,2237,City of Hamilton Health Unit,0.0274,1124.0,1.9,0.9057,0.9485
24044,2021-12-02,2240,Chatham-Kent Health Unit,0.0634,252.0,2.37,0.7905,0.9557
24045,2021-12-02,2227,Brant County Health Unit,0.0584,357.0,2.3,0.8554,0.9428
24046,2021-12-01,2270,York Regional Health Unit,0.0238,2097.0,1.71,0.8255,0.9305
24047,2021-12-01,2268,Windsor-Essex County Health Unit,0.073,1069.0,2.52,0.5069,0.8372
24048,2021-12-01,2266,Wellington-Dufferin-Guelph Health Unit,0.0283,541.0,1.73,0.8515,0.9472
24049,2021-12-01,2265,Waterloo Health Unit,0.0327,990.0,1.69,0.8025,0.9325
24050,2021-12-01,2263,Timiskaming Health Unit,0.0343,88.0,2.68,0.3797,0.8522
24051,2021-12-01,2262,Thunder Bay District Health Unit,0.0477,333.0,2.22,0.8639,0.9007
24052,2021-12-01,2261,Sudbury and District Health Unit,0.0451,776.0,3.9,0.683,0.9145
24053,2021-12-01,4913,Southwestern Public Health,0.0508,478.0,2.26,0.8336,0.9498
24054,2021-12-01,2260,Simcoe Muskoka District Health Unit,0.0473,1618.0,2.7,0.897,0.9666
24055,2021-12-01,2257,Renfrew County and District Health Unit,0.0221,155.0,1.43,0.7537,0.9414
24056,2021-12-01,2256,Porcupine Health Unit,0.0045,128.0,1.53,0.7379,0.9169
24057,2021-12-01,2255,Peterborough County-City Health Unit,0.0244,240.0,1.62,0.8365,0.9667
24058,2021-12-01,2253,Peel Regional Health Unit,0.0238,2412.0,1.5,0.8314,0.9267
24059,2021-12-01,35,Ontario,0.0292,29925.0,2.02,0.8115,0.9356
24060,2021-12-01,2249,Northwestern Health Unit,0.0104,179.0,2.04,0.7236,0.8455
24061,2021-12-01,2247,North Bay Parry Sound District Health Unit,0.0177,193.0,1.49,0.9121,0.9576
24062,2021-12-01,2246,Niagara Regional Area Health Unit,0.028,790.0,1.67,0.8425,0.9122
24063,2021-12-01,2244,Middlesex-London Health Unit,0.0225,933.0,1.84,0.8538,0.9528
24064,2021-12-01,2243,"Leeds, Grenville and Lanark District Health Unit",0.0174,271.0,1.56,0.8923,0.9578
24065,2021-12-01,2242,Lambton Health Unit,0.0279,235.0,1.8,0.7125,0.9502
24066,2021-12-01,2241,"Kingston, Frontenac and Lennox and Addington Health Unit",0.0295,1055.0,4.96,0.958,0.9816
24067,2021-12-01,5183,Huron Perth Health Unit,0.0354,270.0,1.93,0.6165,0.9577
24068,2021-12-01,2238,Hastings and Prince Edward Counties Health Unit,0.0224,676.0,4.01,0.9498,0.9793
24069,2021-12-01,2236,Halton Regional Health Unit,0.0279,1079.0,1.74,0.8525,0.9303
24070,2021-12-01,2235,"Haliburton, Kawartha, Pine Ridge District Health Unit",0.0247,260.0,1.38,0.8198,0.9567
24071,2021-12-01,2234,Haldimand-Norfolk Health Unit,0.0636,229.0,2.01,0.8267,0.9608
24072,2021-12-01,2233,Grey Bruce Health Unit,0.0174,311.0,1.83,0.6083,0.9546
24073,2021-12-01,2258,Eastern Ontario Health Unit,0.0283,439.0,2.1,0.7643,0.9592
24074,2021-12-01,2230,Durham Regional Health Unit,0.0265,1209.0,1.7,0.8259,0.9439
24075,2021-12-01,2226,District of Algoma Health Unit,0.066,507.0,4.43,0.5988,0.8199
24076,2021-12-01,3895,City of Toronto Health Unit,0.0188,6023.0,1.93,0.8349,0.9364
24077,2021-12-01,2251,City of Ottawa Health Unit,0.019,2309.0,2.19,0.7672,0.9567
24078,2021-12-01,2237,City of Hamilton Health Unit,0.0246,1082.0,1.83,0.9084,0.9519
24079,2021-12-01,2240,Chatham-Kent Health Unit,0.0581,246.0,2.31,0.7951,0.9488
24080,2021-12-01,2227,Brant County Health Unit,0.0599,351.0,2.26,0.8612,0.9494
24081,2021-11-30,2270,York Regional Health Unit,0.023,2098.0,1.71,0.8228,0.9272
24082,2021-11-30,2268,Windsor-Essex County Health Unit,0.074,1063.0,2.5,0.5085,0.8567
24083,2021-11-30,2266,Wellington-Dufferin-Guelph Health Unit,0.0229,524.0,1.68,0.8583,0.949
24084,2021-11-30,2265,Waterloo Health Unit,0.0333,983.0,1.68,0.8243,0.9314
24085,2021-11-30,2263,Timiskaming Health Unit,0.0395,90.0,2.77,0.3871,0.8514
24086,2021-11-30,2262,Thunder Bay District Health Unit,0.0429,316.0,2.11,0.8909,0.9184
24087,2021-11-30,2261,Sudbury and District Health Unit,0.0409,783.0,3.94,0.6341,0.9032
24088,2021-11-30,4913,Southwestern Public Health,0.0475,481.0,2.27,0.8566,0.9521
24089,2021-11-30,2260,Simcoe Muskoka District Health Unit,0.0457,1606.0,2.68,0.8976,0.967
24090,2021-11-30,2257,Renfrew County and District Health Unit,0.02,143.0,1.31,0.7323,0.9397
24091,2021-11-30,2256,Porcupine Health Unit,0.0042,136.0,1.63,0.7234,0.9045
24092,2021-11-30,2255,Peterborough County-City Health Unit,0.022,241.0,1.63,0.8178,0.9649
24093,2021-11-30,2253,Peel Regional Health Unit,0.0234,2374.0,1.48,0.8267,0.9206
24094,2021-11-30,35,Ontario,0.029,29528.0,1.99,0.8108,0.9336
24095,2021-11-30,2249,Northwestern Health Unit,0.0128,178.0,2.03,0.7398,0.8525
24096,2021-11-30,2247,North Bay Parry Sound District Health Unit,0.0109,196.0,1.51,0.9041,0.9542
24097,2021-11-30,2246,Niagara Regional Area Health Unit,0.0259,772.0,1.63,0.8505,0.9167
24098,2021-11-30,2244,Middlesex-London Health Unit,0.0207,936.0,1.85,0.8566,0.9538
24099,2021-11-30,2243,"Leeds, Grenville and Lanark District Health Unit",0.0159,252.0,1.45,0.8844,0.9526
24100,2021-11-30,2242,Lambton Health Unit,0.0257,233.0,1.78,0.7064,0.9561
24101,2021-11-30,2241,"Kingston, Frontenac and Lennox and Addington Health Unit",0.0313,1037.0,4.88,0.9619,0.9818
24102,2021-11-30,5183,Huron Perth Health Unit,0.0341,260.0,1.86,0.6014,0.9572
24103,2021-11-30,2238,Hastings and Prince Edward Counties Health Unit,0.0258,642.0,3.81,0.9581,0.9806
24104,2021-11-30,2236,Halton Regional Health Unit,0.0269,1051.0,1.7,0.8378,0.9188
24105,2021-11-30,2235,"Haliburton, Kawartha, Pine Ridge District Health Unit",0.0221,253.0,1.34,0.8515,0.9599
24106,2021-11-30,2234,Haldimand-Norfolk Health Unit,0.058,234.0,2.05,0.8317,0.9616
24107,2021-11-30,2233,Grey Bruce Health Unit,0.0208,296.0,1.74,0.6647,0.953
24108,2021-11-30,2258,Eastern Ontario Health Unit,0.0295,446.0,2.14,0.7668,0.9606
24109,2021-11-30,2230,Durham Regional Health Unit,0.0276,1207.0,1.69,0.8306,0.9425
24110,2021-11-30,2226,District of Algoma Health Unit,0.0625,530.0,4.63,0.6236,0.8042
24111,2021-11-30,3895,City of Toronto Health Unit,0.02,5889.0,1.89,0.8287,0.9302
24112,2021-11-30,2251,City of Ottawa Health Unit,0.0183,2272.0,2.15,0.7525,0.954
24113,2021-11-30,2237,City of Hamilton Health Unit,0.0263,1070.0,1.81,0.904,0.9482
24114,2021-11-30,2240,Chatham-Kent Health Unit,0.0572,245.0,2.3,0.8133,0.9617
24115,2021-11-30,2227,Brant County Health Unit,0.0592,345.0,2.22,0.8707,0.9513
24116,2021-11-29,2270,York Regional Health Unit,0.0227,2071.0,1.69,0.8305,0.9226
24117,2021-11-29,2268,Windsor-Essex County Health Unit,0.0695,1089.0,2.56,0.5169,0.8866
24118,2021-11-29,2266,Wellington-Dufferin-Guelph Health Unit,0.0223,520.0,1.67,0.8564,0.946
24119,2021-11-29,2265,Waterloo Health Unit,0.031,954.0,1.63,0.8379,0.9302
24120,2021-11-29,2263,Timiskaming Health Unit,0.0404,99.0,3.03,0.4118,0.8358
24121,2021-11-29,2262,Thunder Bay District Health Unit,0.042,299.0,1.99,0.8919,0.92
24122,2021-11-29,2261,Sudbury and District Health Unit,0.0387,772.0,3.88,0.6074,0.8982
24123,2021-11-29,4913,Southwestern Public Health,0.053,453.0,2.14,0.8627,0.9543
24124,2021-11-29,2260,Simcoe Muskoka District Health Unit,0.0433,1633.0,2.72,0.9003,0.9652
24125,2021-11-29,2257,Renfrew County and District Health Unit,0.0188,144.0,1.33,0.7589,0.944
24126,2021-11-29,2256,Porcupine Health Unit,0.0095,150.0,1.79,0.7179,0.9063
24127,2021-11-29,2255,Peterborough County-City Health Unit,0.0234,232.0,1.57,0.8077,0.9604
24128,2021-11-29,2253,Peel Regional Health Unit,0.0229,2391.0,1.49,0.822,0.9157
24129,2021-11-29,35,Ontario,0.0284,29166.0,1.97,0.81,0.9323
24130,2021-11-29,2249,Northwestern Health Unit,0.013,175.0,2.0,0.737,0.8504
24131,2021-11-29,2247,North Bay Parry Sound District Health Unit,0.0117,195.0,1.51,0.9013,0.9522
24132,2021-11-29,2246,Niagara Regional Area Health Unit,0.0245,763.0,1.61,0.8517,0.9152
24133,2021-11-29,2244,Middlesex-London Health Unit,0.02,930.0,1.83,0.8503,0.9496
24134,2021-11-29,2243,"Leeds, Grenville and Lanark District Health Unit",0.0161,248.0,1.43,0.8791,0.948
24135,2021-11-29,2242,Lambton Health Unit,0.0225,229.0,1.75,0.7221,0.9573
24136,2021-11-29,2241,"Kingston, Frontenac and Lennox and Addington Health Unit",0.0315,1025.0,4.82,0.96,0.9799
24137,2021-11-29,5183,Huron Perth Health Unit,0.0363,256.0,1.83,0.6012,0.9544
24138,2021-11-29,2238,Hastings and Prince Edward Counties Health Unit,0.0271,632.0,3.75,0.9565,0.9803
24139,2021-11-29,2236,Halton Regional Health Unit,0.0266,1031.0,1.67,0.8319,0.9164
24140,2021-11-29,2235,"Haliburton, Kawartha, Pine Ridge District Health Unit",0.025,252.0,1.33,0.8376,0.9585
24141,2021-11-29,2234,Haldimand-Norfolk Health Unit,0.0584,237.0,2.08,0.8275,0.9576
24142,2021-11-29,2233,Grey Bruce Health Unit,0.0242,289.0,1.7,0.6415,0.9509
24143,2021-11-29,2258,Eastern Ontario Health Unit,0.0309,454.0,2.17,0.7727,0.962
24144,2021-11-29,2230,Durham Regional Health Unit,0.0263,1193.0,1.67,0.8343,0.9425
24145,2021-11-29,2226,District of Algoma Health Unit,0.0594,514.0,4.5,0.6225,0.8023
24146,2021-11-29,3895,City of Toronto Health Unit,0.0194,5760.0,1.85,0.826,0.928
24147,2021-11-29,2251,City of Ottawa Health Unit,0.019,2227.0,2.11,0.7466,0.9509
24148,2021-11-29,2237,City of Hamilton Health Unit,0.024,1042.0,1.76,0.9018,0.9464
24149,2021-11-29,2240,Chatham-Kent Health Unit,0.0521,241.0,2.27,0.8155,0.9639
24150,2021-11-29,2227,Brant County Health Unit,0.0566,333.0,2.15,0.8671,0.9525
24151,2021-11-28,2270,York Regional Health Unit,0.0219,2090.0,1.71,0.8288,0.923
24152,2021-11-28,2268,Windsor-Essex County Health Unit,0.0675,1067.0,2.51,0.4941,0.8754
24153,2021-11-28,2266,Wellington-Dufferin-Guelph Health Unit,0.0199,516.0,1.65,0.846,0.9393
24154,2021-11-28,2265,Waterloo Health Unit,0.0293,930.0,1.59,0.8568,0.9314
24155,2021-11-28,2263,Timiskaming Health Unit,0.0461,105.0,3.22,0.4607,0.8384
24156,2021-11-28,2262,Thunder Bay District Health Unit,0.0404,290.0,1.93,0.902,0.9304
24157,2021-11-28,2261,Sudbury and District Health Unit,0.0396,787.0,3.96,0.6027,0.8978
24158,2021-11-28,4913,Southwestern Public Health,0.0551,446.0,2.11,0.8447,0.9601
24159,2021-11-28,2260,Simcoe Muskoka District Health Unit,0.0435,1617.0,2.7,0.9028,0.9656
24160,2021-11-28,2257,Renfrew County and District Health Unit,0.0188,144.0,1.33,0.7502,0.9461
24161,2021-11-28,2256,Porcupine Health Unit,0.0118,146.0,1.74,0.7115,0.9
24162,2021-11-28,2255,Peterborough County-City Health Unit,0.0202,226.0,1.53,0.804,0.9613
24163,2021-11-28,2253,Peel Regional Health Unit,0.0216,2378.0,1.48,0.8182,0.9173
24164,2021-11-28,35,Ontario,0.0275,28877.0,1.95,0.8091,0.9321
24165,2021-11-28,2249,Northwestern Health Unit,0.0099,173.0,1.97,0.7223,0.8413
24166,2021-11-28,2247,North Bay Parry Sound District Health Unit,0.0133,183.0,1.41,0.8985,0.9585
24167,2021-11-28,2246,Niagara Regional Area Health Unit,0.0247,759.0,1.61,0.8494,0.9148
24168,2021-11-28,2244,Middlesex-London Health Unit,0.0197,912.0,1.8,0.8556,0.9561
24169,2021-11-28,2243,"Leeds, Grenville and Lanark District Health Unit",0.0191,240.0,1.39,0.862,0.9486
24170,2021-11-28,2242,Lambton Health Unit,0.0222,232.0,1.77,0.7689,0.9562
24171,2021-11-28,2241,"Kingston, Frontenac and Lennox and Addington Health Unit",0.0341,976.0,4.59,0.9604,0.9798
24172,2021-11-28,5183,Huron Perth Health Unit,0.0363,256.0,1.83,0.6146,0.9518
24173,2021-11-28,2238,Hastings and Prince Edward Counties Health Unit,0.0266,617.0,3.66,0.9557,0.9805
24174,2021-11-28,2236,Halton Regional Health Unit,0.025,1018.0,1.64,0.8272,0.9144
24175,2021-11-28,2235,"Haliburton, Kawartha, Pine Ridge District Health Unit",0.0197,246.0,1.3,0.8366,0.9575
24176,2021-11-28,2234,Haldimand-Norfolk Health Unit,0.0613,235.0,2.06,0.8299,0.9575
24177,2021-11-28,2233,Grey Bruce Health Unit,0.0267,247.0,1.45,0.6376,0.9529
24178,2021-11-28,2258,Eastern Ontario Health Unit,0.0279,461.0,2.21,0.7808,0.9661
24179,2021-11-28,2230,Durham Regional Health Unit,0.0248,1198.0,1.68,0.8462,0.9447
24180,2021-11-28,2226,District of Algoma Health Unit,0.0575,507.0,4.43,0.6209,0.8134
24181,2021-11-28,3895,City of Toronto Health Unit,0.0183,5739.0,1.84,0.8267,0.9279
24182,2021-11-28,2251,City of Ottawa Health Unit,0.0179,2184.0,2.07,0.7397,0.9457
24183,2021-11-28,2237,City of Hamilton Health Unit,0.021,1053.0,1.78,0.9044,0.9465
24184,2021-11-28,2240,Chatham-Kent Health Unit,0.0432,245.0,2.3,0.8073,0.9576
24185,2021-11-28,2227,Brant County Health Unit,0.0578,324.0,2.09,0.8998,0.9616
24186,2021-11-27,2270,York Regional Health Unit,0.0227,2124.0,1.73,0.8396,0.9236
24187,2021-11-27,2268,Windsor-Essex County Health Unit,0.0651,1077.0,2.53,0.489,0.8643
24188,2021-11-27,2266,Wellington-Dufferin-Guelph Health Unit,0.0187,513.0,1.64,0.8434,0.9361
24189,2021-11-27,2265,Waterloo Health Unit,0.0304,917.0,1.57,0.8535,0.9332
24190,2021-11-27,2263,Timiskaming Health Unit,0.0412,104.0,3.18,0.4552,0.8529
24191,2021-11-27,2262,Thunder Bay District Health Unit,0.0401,289.0,1.92,0.9062,0.9313
24192,2021-11-27,2261,Sudbury and District Health Unit,0.0355,796.0,4.0,0.6217,0.9085
24193,2021-11-27,4913,Southwestern Public Health,0.0559,450.0,2.13,0.8547,0.9645
24194,2021-11-27,2260,Simcoe Muskoka District Health Unit,0.0434,1616.0,2.7,0.9099,0.9656
24195,2021-11-27,2257,Renfrew County and District Health Unit,0.019,143.0,1.32,0.7082,0.9371
24196,2021-11-27,2256,Porcupine Health Unit,0.0105,150.0,1.8,0.7293,0.9085
24197,2021-11-27,2255,Peterborough County-City Health Unit,0.0213,228.0,1.54,0.8054,0.9641
24198,2021-11-27,2253,Peel Regional Health Unit,0.0219,2368.0,1.47,0.8319,0.9133
24199,2021-11-27,35,Ontario,0.0275,28832.0,1.94,0.8169,0.932
24200,2021-11-27,2249,Northwestern Health Unit,0.0101,169.0,1.93,0.7055,0.8439
24201,2021-11-27,2247,North Bay Parry Sound District Health Unit,0.0142,181.0,1.39,0.9034,0.9632
24202,2021-11-27,2246,Niagara Regional Area Health Unit,0.024,757.0,1.6,0.848,0.9116
24203,2021-11-27,2244,Middlesex-London Health Unit,0.0202,913.0,1.8,0.8594,0.955
24204,2021-11-27,2243,"Leeds, Grenville and Lanark District Health Unit",0.0188,235.0,1.36,0.8676,0.9467
24205,2021-11-27,2242,Lambton Health Unit,0.0244,229.0,1.75,0.788,0.9568
24206,2021-11-27,2241,"Kingston, Frontenac and Lennox and Addington Health Unit",0.0352,943.0,4.43,0.9648,0.9811
24207,2021-11-27,5183,Huron Perth Health Unit,0.0379,253.0,1.81,0.6155,0.9489
24208,2021-11-27,2238,Hastings and Prince Edward Counties Health Unit,0.0281,590.0,3.5,0.9571,0.9779
24209,2021-11-27,2236,Halton Regional Health Unit,0.0251,1015.0,1.64,0.8424,0.9126
24210,2021-11-27,2235,"Haliburton, Kawartha, Pine Ridge District Health Unit",0.0188,244.0,1.29,0.8397,0.9534
24211,2021-11-27,2234,Haldimand-Norfolk Health Unit,0.0607,240.0,2.1,0.8328,0.9557
24212,2021-11-27,2233,Grey Bruce Health Unit,0.0279,246.0,1.45,0.6496,0.9536
24213,2021-11-27,2258,Eastern Ontario Health Unit,0.0283,469.0,2.25,0.7895,0.9688
24214,2021-11-27,2230,Durham Regional Health Unit,0.025,1202.0,1.69,0.8514,0.9449
24215,2021-11-27,2226,District of Algoma Health Unit,0.054,534.0,4.67,0.6347,0.8268
24216,2021-11-27,3895,City of Toronto Health Unit,0.0183,5731.0,1.84,0.8368,0.9285
24217,2021-11-27,2251,City of Ottawa Health Unit,0.0175,2162.0,2.05,0.7561,0.9446
24218,2021-11-27,2237,City of Hamilton Health Unit,0.0215,1057.0,1.78,0.9118,0.9468
24219,2021-11-27,2240,Chatham-Kent Health Unit,0.0384,245.0,2.31,0.7871,0.9589
24220,2021-11-27,2227,Brant County Health Unit,0.0565,323.0,2.08,0.8718,0.9627
24221,2021-11-26,2270,York Regional Health Unit,0.0235,2157.0,1.76,0.8308,0.9167
24222,2021-11-26,2268,Windsor-Essex County Health Unit,0.0629,1065.0,2.51,0.5034,0.8583
24223,2021-11-26,2266,Wellington-Dufferin-Guelph Health Unit,0.0171,500.0,1.6,0.845,0.9374
24224,2021-11-26,2265,Waterloo Health Unit,0.0332,914.0,1.56,0.8427,0.9311
24225,2021-11-26,2263,Timiskaming Health Unit,0.0401,100.0,3.05,0.4771,0.8656
24226,2021-11-26,2262,Thunder Bay District Health Unit,0.036,309.0,2.06,0.9139,0.9437
24227,2021-11-26,2261,Sudbury and District Health Unit,0.0368,815.0,4.09,0.6208,0.911
24228,2021-11-26,4913,Southwestern Public Health,0.0542,467.0,2.21,0.8492,0.9647
24229,2021-11-26,2260,Simcoe Muskoka District Health Unit,0.0436,1633.0,2.72,0.908,0.9639
24230,2021-11-26,2257,Renfrew County and District Health Unit,0.0172,141.0,1.3,0.7344,0.9378
24231,2021-11-26,2256,Porcupine Health Unit,0.0104,151.0,1.81,0.7405,0.9116
24232,2021-11-26,2255,Peterborough County-City Health Unit,0.0182,220.0,1.49,0.8037,0.9601
24233,2021-11-26,2253,Peel Regional Health Unit,0.0212,2332.0,1.45,0.8236,0.9071
24234,2021-11-26,35,Ontario,0.0271,28739.0,1.94,0.8158,0.9287
24235,2021-11-26,2249,Northwestern Health Unit,0.011,169.0,1.93,0.7121,0.8519
24236,2021-11-26,2247,North Bay Parry Sound District Health Unit,0.0145,187.0,1.44,0.9032,0.9624
24237,2021-11-26,2246,Niagara Regional Area Health Unit,0.0233,759.0,1.61,0.8443,0.9081
24238,2021-11-26,2244,Middlesex-London Health Unit,0.0199,907.0,1.79,0.851,0.9555
24239,2021-11-26,2243,"Leeds, Grenville and Lanark District Health Unit",0.0176,235.0,1.36,0.8722,0.9481
24240,2021-11-26,2242,Lambton Health Unit,0.0255,230.0,1.76,0.8206,0.9529
24241,2021-11-26,2241,"Kingston, Frontenac and Lennox and Addington Health Unit",0.0314,914.0,4.3,0.9656,0.9797
24242,2021-11-26,5183,Huron Perth Health Unit,0.037,244.0,1.74,0.6048,0.9482
24243,2021-11-26,2238,Hastings and Prince Edward Counties Health Unit,0.0282,568.0,3.37,0.9504,0.9706
24244,2021-11-26,2236,Halton Regional Health Unit,0.0235,1015.0,1.64,0.8264,0.8999
24245,2021-11-26,2235,"Haliburton, Kawartha, Pine Ridge District Health Unit",0.0196,240.0,1.27,0.8319,0.946
24246,2021-11-26,2234,Haldimand-Norfolk Health Unit,0.059,242.0,2.12,0.8412,0.9589
24247,2021-11-26,2233,Grey Bruce Health Unit,0.0267,246.0,1.45,0.6467,0.9542
24248,2021-11-26,2258,Eastern Ontario Health Unit,0.0271,458.0,2.19,0.8156,0.97
24249,2021-11-26,2230,Durham Regional Health Unit,0.024,1192.0,1.67,0.8479,0.9412
24250,2021-11-26,2226,District of Algoma Health Unit,0.054,556.0,4.86,0.6689,0.8363
24251,2021-11-26,3895,City of Toronto Health Unit,0.0182,5707.0,1.83,0.8293,0.9216
24252,2021-11-26,2251,City of Ottawa Health Unit,0.0183,2134.0,2.02,0.7699,0.9492
24253,2021-11-26,2237,City of Hamilton Health Unit,0.02,1052.0,1.78,0.899,0.9384
24254,2021-11-26,2240,Chatham-Kent Health Unit,0.0378,238.0,2.24,0.8141,0.9549
24255,2021-11-26,2227,Brant County Health Unit,0.0545,317.0,2.04,0.8687,0.9567
24256,2021-11-25,2270,York Regional Health Unit,0.0217,2163.0,1.76,0.8356,0.9168
24257,2021-11-25,2268,Windsor-Essex County Health Unit,0.0592,1031.0,2.43,0.5145,0.8676
24258,2021-11-25,2266,Wellington-Dufferin-Guelph Health Unit,0.0164,514.0,1.65,0.851,0.9399
24259,2021-11-25,2265,Waterloo Health Unit,0.0331,925.0,1.58,0.8377,0.9253
24260,2021-11-25,2263,Timiskaming Health Unit,0.0438,101.0,3.09,0.5057,0.8933
24261,2021-11-25,2262,Thunder Bay District Health Unit,0.0321,307.0,2.05,0.9116,0.9416
24262,2021-11-25,2261,Sudbury and District Health Unit,0.0398,801.0,4.03,0.6386,0.9232
24263,2021-11-25,4913,Southwestern Public Health,0.0526,467.0,2.21,0.854,0.972
24264,2021-11-25,2260,Simcoe Muskoka District Health Unit,0.0426,1593.0,2.66,0.9078,0.9648
24265,2021-11-25,2257,Renfrew County and District Health Unit,0.0182,133.0,1.23,0.7798,0.9616
24266,2021-11-25,2256,Porcupine Health Unit,0.0095,150.0,1.8,0.7203,0.8962
24267,2021-11-25,2255,Peterborough County-City Health Unit,0.0224,217.0,1.46,0.8107,0.9573
24268,2021-11-25,2253,Peel Regional Health Unit,0.0208,2330.0,1.45,0.8329,0.9073
24269,2021-11-25,35,Ontario,0.0263,28544.0,1.92,0.8231,0.9295
24270,2021-11-25,2249,Northwestern Health Unit,0.0152,169.0,1.93,0.6768,0.8168
24271,2021-11-25,2247,North Bay Parry Sound District Health Unit,0.0112,192.0,1.48,0.9101,0.9603
24272,2021-11-25,2246,Niagara Regional Area Health Unit,0.0243,771.0,1.63,0.8537,0.908
24273,2021-11-25,2244,Middlesex-London Health Unit,0.0196,896.0,1.77,0.8534,0.9594
24274,2021-11-25,2243,"Leeds, Grenville and Lanark District Health Unit",0.0191,239.0,1.38,0.8775,0.951
24275,2021-11-25,2242,Lambton Health Unit,0.0241,231.0,1.76,0.7973,0.9476
24276,2021-11-25,2241,"Kingston, Frontenac and Lennox and Addington Health Unit",0.0305,856.0,4.03,0.967,0.9795
24277,2021-11-25,5183,Huron Perth Health Unit,0.0311,234.0,1.68,0.6047,0.9458
24278,2021-11-25,2238,Hastings and Prince Edward Counties Health Unit,0.0284,538.0,3.19,0.9524,0.9728
24279,2021-11-25,2236,Halton Regional Health Unit,0.0229,1002.0,1.62,0.8302,0.8961
24280,2021-11-25,2235,"Haliburton, Kawartha, Pine Ridge District Health Unit",0.0151,236.0,1.25,0.8365,0.9474
24281,2021-11-25,2234,Haldimand-Norfolk Health Unit,0.0572,250.0,2.19,0.8491,0.9565
24282,2021-11-25,2233,Grey Bruce Health Unit,0.0247,237.0,1.4,0.6333,0.957
24283,2021-11-25,2258,Eastern Ontario Health Unit,0.029,458.0,2.19,0.8219,0.9806
24284,2021-11-25,2230,Durham Regional Health Unit,0.0226,1205.0,1.69,0.8556,0.9409
24285,2021-11-25,2226,District of Algoma Health Unit,0.0547,556.0,4.86,0.7127,0.8422
24286,2021-11-25,3895,City of Toronto Health Unit,0.0177,5673.0,1.82,0.8348,0.9207
24287,2021-11-25,2251,City of Ottawa Health Unit,0.018,2147.0,2.04,0.8082,0.9539
24288,2021-11-25,2237,City of Hamilton Health Unit,0.0198,1045.0,1.76,0.9045,0.9391
24289,2021-11-25,2240,Chatham-Kent Health Unit,0.0327,241.0,2.26,0.7978,0.9547
24290,2021-11-25,2227,Brant County Health Unit,0.0517,312.0,2.01,0.8686,0.9516
24291,2021-11-24,2270,York Regional Health Unit,0.02,2155.0,1.76,0.831,0.9113
24292,2021-11-24,2268,Windsor-Essex County Health Unit,0.054,1017.0,2.39,0.5214,0.8676
24293,2021-11-24,2266,Wellington-Dufferin-Guelph Health Unit,0.0161,524.0,1.68,0.8426,0.9326
24294,2021-11-24,2265,Waterloo Health Unit,0.0356,894.0,1.53,0.8352,0.9215
24295,2021-11-24,2263,Timiskaming Health Unit,0.0463,96.0,2.92,0.55,0.8821
24296,2021-11-24,2262,Thunder Bay District Health Unit,0.0291,300.0,2.0,0.904,0.9378
24297,2021-11-24,2261,Sudbury and District Health Unit,0.0433,779.0,3.91,0.6911,0.9453
24298,2021-11-24,4913,Southwestern Public Health,0.0543,461.0,2.18,0.8455,0.9672
24299,2021-11-24,2260,Simcoe Muskoka District Health Unit,0.04,1568.0,2.61,0.8917,0.9632
24300,2021-11-24,2257,Renfrew County and District Health Unit,0.0248,144.0,1.33,0.8387,0.9586
24301,2021-11-24,2256,Porcupine Health Unit,0.011,156.0,1.87,0.7729,0.8884
24302,2021-11-24,2255,Peterborough County-City Health Unit,0.0199,215.0,1.45,0.8117,0.9492
24303,2021-11-24,2253,Peel Regional Health Unit,0.0196,2315.0,1.44,0.8324,0.9047
24304,2021-11-24,35,Ontario,0.0256,28234.0,1.9,0.8233,0.9268
24305,2021-11-24,2249,Northwestern Health Unit,0.0158,162.0,1.85,0.6643,0.7959
24306,2021-11-24,2247,North Bay Parry Sound District Health Unit,0.0121,189.0,1.46,0.916,0.963
24307,2021-11-24,2246,Niagara Regional Area Health Unit,0.0242,785.0,1.66,0.8444,0.9023
24308,2021-11-24,2244,Middlesex-London Health Unit,0.0184,900.0,1.77,0.8522,0.9558
24309,2021-11-24,2243,"Leeds, Grenville and Lanark District Health Unit",0.0204,238.0,1.38,0.8754,0.9486
24310,2021-11-24,2242,Lambton Health Unit,0.0262,223.0,1.71,0.7705,0.9498
24311,2021-11-24,2241,"Kingston, Frontenac and Lennox and Addington Health Unit",0.0289,841.0,3.95,0.967,0.9777
24312,2021-11-24,5183,Huron Perth Health Unit,0.0297,231.0,1.65,0.6005,0.9517
24313,2021-11-24,2238,Hastings and Prince Edward Counties Health Unit,0.0319,511.0,3.03,0.9498,0.969
24314,2021-11-24,2236,Halton Regional Health Unit,0.0203,984.0,1.59,0.8235,0.8863
24315,2021-11-24,2235,"Haliburton, Kawartha, Pine Ridge District Health Unit",0.0163,227.0,1.2,0.8441,0.944
24316,2021-11-24,2234,Haldimand-Norfolk Health Unit,0.0608,242.0,2.12,0.8414,0.9534
24317,2021-11-24,2233,Grey Bruce Health Unit,0.021,231.0,1.36,0.5988,0.9542
24318,2021-11-24,2258,Eastern Ontario Health Unit,0.0274,427.0,2.05,0.8154,0.9759
24319,2021-11-24,2230,Durham Regional Health Unit,0.0225,1205.0,1.69,0.8591,0.9387
24320,2021-11-24,2226,District of Algoma Health Unit,0.0525,541.0,4.73,0.7799,0.8806
24321,2021-11-24,3895,City of Toronto Health Unit,0.0171,5596.0,1.79,0.8274,0.9159
24322,2021-11-24,2251,City of Ottawa Health Unit,0.0176,2168.0,2.06,0.8158,0.9471
24323,2021-11-24,2237,City of Hamilton Health Unit,0.021,1036.0,1.75,0.9026,0.9365
24324,2021-11-24,2240,Chatham-Kent Health Unit,0.0309,245.0,2.31,0.7843,0.961
24325,2021-11-24,2227,Brant County Health Unit,0.0528,301.0,1.94,0.8246,0.9111
24326,2021-11-23,2270,York Regional Health Unit,0.0197,2153.0,1.76,0.8402,0.918
24327,2021-11-23,2268,Windsor-Essex County Health Unit,0.051,995.0,2.34,0.5469,0.8679
24328,2021-11-23,2266,Wellington-Dufferin-Guelph Health Unit,0.0155,526.0,1.69,0.8465,0.9349
24329,2021-11-23,2265,Waterloo Health Unit,0.035,890.0,1.52,0.8349,0.9278
24330,2021-11-23,2263,Timiskaming Health Unit,0.0536,91.0,2.77,0.5697,0.8745
24331,2021-11-23,2262,Thunder Bay District Health Unit,0.0273,288.0,1.92,0.8778,0.9331
24332,2021-11-23,2261,Sudbury and District Health Unit,0.0473,783.0,3.93,0.7554,0.9574
24333,2021-11-23,4913,Southwestern Public Health,0.0592,470.0,2.22,0.8246,0.9689
24334,2021-11-23,2260,Simcoe Muskoka District Health Unit,0.0411,1541.0,2.57,0.891,0.9644
24335,2021-11-23,2257,Renfrew County and District Health Unit,0.0243,141.0,1.3,0.8574,0.9628
24336,2021-11-23,2256,Porcupine Health Unit,0.0129,155.0,1.85,0.8054,0.9011
24337,2021-11-23,2255,Peterborough County-City Health Unit,0.0202,212.0,1.43,0.8397,0.9527
24338,2021-11-23,2253,Peel Regional Health Unit,0.0197,2334.0,1.45,0.8435,0.9147
24339,2021-11-23,35,Ontario,0.0251,28041.0,1.89,0.8278,0.9317
24340,2021-11-23,2249,Northwestern Health Unit,0.0113,152.0,1.74,0.6338,0.7929
24341,2021-11-23,2247,North Bay Parry Sound District Health Unit,0.0146,186.0,1.43,0.9266,0.968
24342,2021-11-23,2246,Niagara Regional Area Health Unit,0.0255,773.0,1.64,0.8464,0.9038
24343,2021-11-23,2244,Middlesex-London Health Unit,0.0189,892.0,1.76,0.8475,0.9571
24344,2021-11-23,2243,"Leeds, Grenville and Lanark District Health Unit",0.0231,241.0,1.39,0.8895,0.9616
24345,2021-11-23,2242,Lambton Health Unit,0.0276,222.0,1.7,0.7075,0.9489
24346,2021-11-23,2241,"Kingston, Frontenac and Lennox and Addington Health Unit",0.0272,825.0,3.88,0.9696,0.9794
24347,2021-11-23,5183,Huron Perth Health Unit,0.0351,232.0,1.66,0.5926,0.9582
24348,2021-11-23,2238,Hastings and Prince Edward Counties Health Unit,0.0298,479.0,2.84,0.9491,0.9682
24349,2021-11-23,2236,Halton Regional Health Unit,0.0203,980.0,1.58,0.847,0.8992
24350,2021-11-23,2235,"Haliburton, Kawartha, Pine Ridge District Health Unit",0.0139,227.0,1.2,0.8362,0.9435
24351,2021-11-23,2234,Haldimand-Norfolk Health Unit,0.0664,241.0,2.11,0.812,0.9579
24352,2021-11-23,2233,Grey Bruce Health Unit,0.0131,229.0,1.35,0.5492,0.9496
24353,2021-11-23,2258,Eastern Ontario Health Unit,0.0258,427.0,2.05,0.8471,0.9776
24354,2021-11-23,2230,Durham Regional Health Unit,0.0213,1196.0,1.68,0.8597,0.9424
24355,2021-11-23,2226,District of Algoma Health Unit,0.0527,531.0,4.64,0.7715,0.896
24356,2021-11-23,3895,City of Toronto Health Unit,0.0157,5557.0,1.78,0.8294,0.9206
24357,2021-11-23,2251,City of Ottawa Health Unit,0.0172,2167.0,2.06,0.8204,0.9511
24358,2021-11-23,2237,City of Hamilton Health Unit,0.0195,1038.0,1.75,0.9066,0.9412
24359,2021-11-23,2240,Chatham-Kent Health Unit,0.0281,239.0,2.25,0.7514,0.96
24360,2021-11-23,2227,Brant County Health Unit,0.0499,292.0,1.88,0.8204,0.9119
24361,2021-11-22,2270,York Regional Health Unit,0.02,2157.0,1.76,0.8468,0.9245
24362,2021-11-22,2268,Windsor-Essex County Health Unit,0.0528,982.0,2.31,0.5566,0.8702
24363,2021-11-22,2266,Wellington-Dufferin-Guelph Health Unit,0.0157,519.0,1.67,0.8494,0.9397
24364,2021-11-22,2265,Waterloo Health Unit,0.0362,897.0,1.53,0.8323,0.9324
24365,2021-11-22,2263,Timiskaming Health Unit,0.0583,76.0,2.33,0.5814,0.9005
24366,2021-11-22,2262,Thunder Bay District Health Unit,0.0247,278.0,1.85,0.8642,0.9255
24367,2021-11-22,2261,Sudbury and District Health Unit,0.0463,781.0,3.92,0.7947,0.9684
24368,2021-11-22,4913,Southwestern Public Health,0.0539,474.0,2.24,0.8023,0.972
24369,2021-11-22,2260,Simcoe Muskoka District Health Unit,0.041,1498.0,2.5,0.8962,0.9678
24370,2021-11-22,2257,Renfrew County and District Health Unit,0.0219,137.0,1.26,0.8405,0.9537
24371,2021-11-22,2256,Porcupine Health Unit,0.0117,146.0,1.75,0.8182,0.9062
24372,2021-11-22,2255,Peterborough County-City Health Unit,0.0164,208.0,1.41,0.8476,0.9596
24373,2021-11-22,2253,Peel Regional Health Unit,0.019,2301.0,1.43,0.8444,0.9216
24374,2021-11-22,35,Ontario,0.0247,27874.0,1.88,0.8296,0.9361
24375,2021-11-22,2249,Northwestern Health Unit,0.015,143.0,1.63,0.5978,0.7699
24376,2021-11-22,2247,North Bay Parry Sound District Health Unit,0.0144,188.0,1.45,0.925,0.968
24377,2021-11-22,2246,Niagara Regional Area Health Unit,0.0254,777.0,1.64,0.8462,0.9061
24378,2021-11-22,2244,Middlesex-London Health Unit,0.0183,890.0,1.75,0.8425,0.9608
24379,2021-11-22,2243,"Leeds, Grenville and Lanark District Health Unit",0.0264,243.0,1.4,0.8562,0.9624
24380,2021-11-22,2242,Lambton Health Unit,0.0265,216.0,1.65,0.6765,0.9455
24381,2021-11-22,2241,"Kingston, Frontenac and Lennox and Addington Health Unit",0.0268,793.0,3.73,0.9695,0.9799
24382,2021-11-22,5183,Huron Perth Health Unit,0.0333,231.0,1.66,0.5871,0.9597
24383,2021-11-22,2238,Hastings and Prince Edward Counties Health Unit,0.0257,461.0,2.74,0.9463,0.9659
24384,2021-11-22,2236,Halton Regional Health Unit,0.0197,959.0,1.55,0.8468,0.905
24385,2021-11-22,2235,"Haliburton, Kawartha, Pine Ridge District Health Unit",0.0123,221.0,1.17,0.8563,0.9473
24386,2021-11-22,2234,Haldimand-Norfolk Health Unit,0.0656,235.0,2.06,0.8213,0.9619
24387,2021-11-22,2233,Grey Bruce Health Unit,0.0083,223.0,1.31,0.5541,0.952
24388,2021-11-22,2258,Eastern Ontario Health Unit,0.0255,415.0,1.99,0.8398,0.9738
24389,2021-11-22,2230,Durham Regional Health Unit,0.0217,1196.0,1.68,0.8633,0.9447
24390,2021-11-22,2226,District of Algoma Health Unit,0.0523,513.0,4.49,0.7798,0.9049
24391,2021-11-22,3895,City of Toronto Health Unit,0.0152,5625.0,1.8,0.8339,0.9281
24392,2021-11-22,2251,City of Ottawa Health Unit,0.0161,2184.0,2.07,0.8233,0.9546
24393,2021-11-22,2237,City of Hamilton Health Unit,0.0212,1040.0,1.76,0.9028,0.9411
24394,2021-11-22,2240,Chatham-Kent Health Unit,0.031,239.0,2.25,0.7159,0.9593
24395,2021-11-22,2227,Brant County Health Unit,0.0544,284.0,1.83,0.8154,0.9104
24396,2021-11-21,2270,York Regional Health Unit,0.0188,2139.0,1.74,0.8594,0.935
24397,2021-11-21,2268,Windsor-Essex County Health Unit,0.0509,972.0,2.29,0.5968,0.8945
24398,2021-11-21,2266,Wellington-Dufferin-Guelph Health Unit,0.0171,519.0,1.66,0.8661,0.9522
24399,2021-11-21,2265,Waterloo Health Unit,0.0357,897.0,1.53,0.8256,0.9384
24400,2021-11-21,2263,Timiskaming Health Unit,0.0524,68.0,2.08,0.6114,0.9336
24401,2021-11-21,2262,Thunder Bay District Health Unit,0.0208,268.0,1.79,0.8671,0.9291
24402,2021-11-21,2261,Sudbury and District Health Unit,0.044,757.0,3.8,0.7944,0.9698
24403,2021-11-21,4913,Southwestern Public Health,0.0509,480.0,2.27,0.8153,0.9726
24404,2021-11-21,2260,Simcoe Muskoka District Health Unit,0.0409,1512.0,2.52,0.8934,0.9699
24405,2021-11-21,2257,Renfrew County and District Health Unit,0.0207,131.0,1.21,0.8516,0.9557
24406,2021-11-21,2256,Porcupine Health Unit,0.0122,153.0,1.83,0.8038,0.8865
24407,2021-11-21,2255,Peterborough County-City Health Unit,0.0189,204.0,1.38,0.8487,0.9599
24408,2021-11-21,2253,Peel Regional Health Unit,0.0184,2271.0,1.41,0.8518,0.928
24409,2021-11-21,35,Ontario,0.0242,27692.0,1.87,0.8352,0.942
24410,2021-11-21,2249,Northwestern Health Unit,0.0174,140.0,1.59,0.6249,0.792
24411,2021-11-21,2247,North Bay Parry Sound District Health Unit,0.0173,182.0,1.4,0.9296,0.9627
24412,2021-11-21,2246,Niagara Regional Area Health Unit,0.0255,783.0,1.66,0.8447,0.9145
24413,2021-11-21,2244,Middlesex-London Health Unit,0.0166,893.0,1.76,0.8479,0.9645
24414,2021-11-21,2243,"Leeds, Grenville and Lanark District Health Unit",0.0245,245.0,1.41,0.8671,0.9641
24415,2021-11-21,2242,Lambton Health Unit,0.0268,213.0,1.63,0.6704,0.9494
24416,2021-11-21,2241,"Kingston, Frontenac and Lennox and Addington Health Unit",0.0253,761.0,3.58,0.9695,0.9812
24417,2021-11-21,5183,Huron Perth Health Unit,0.0327,232.0,1.66,0.5834,0.9637
24418,2021-11-21,2238,Hastings and Prince Edward Counties Health Unit,0.024,434.0,2.58,0.9462,0.9675
24419,2021-11-21,2236,Halton Regional Health Unit,0.0188,944.0,1.53,0.8497,0.9132
24420,2021-11-21,2235,"Haliburton, Kawartha, Pine Ridge District Health Unit",0.0111,231.0,1.22,0.8644,0.9556
24421,2021-11-21,2234,Haldimand-Norfolk Health Unit,0.0596,247.0,2.16,0.7969,0.9653
24422,2021-11-21,2233,Grey Bruce Health Unit,0.0074,232.0,1.37,0.5561,0.9583
24423,2021-11-21,2258,Eastern Ontario Health Unit,0.0283,389.0,1.86,0.8363,0.9743
24424,2021-11-21,2230,Durham Regional Health Unit,0.0222,1185.0,1.66,0.8664,0.9503
24425,2021-11-21,2226,District of Algoma Health Unit,0.0543,511.0,4.46,0.8319,0.9194
24426,2021-11-21,3895,City of Toronto Health Unit,0.0151,5614.0,1.8,0.8347,0.931
24427,2021-11-21,2251,City of Ottawa Health Unit,0.016,2219.0,2.1,0.8365,0.9645
24428,2021-11-21,2237,City of Hamilton Health Unit,0.0224,1007.0,1.7,0.903,0.9442
24429,2021-11-21,2240,Chatham-Kent Health Unit,0.0317,239.0,2.25,0.7098,0.9664
24430,2021-11-21,2227,Brant County Health Unit,0.0485,286.0,1.84,0.8014,0.912
24431,2021-11-20,2270,York Regional Health Unit,0.0179,2141.0,1.75,0.856,0.939
24432,2021-11-20,2268,Windsor-Essex County Health Unit,0.0504,962.0,2.26,0.5995,0.9119
24433,2021-11-20,2266,Wellington-Dufferin-Guelph Health Unit,0.0175,514.0,1.65,0.8698,0.9577
24434,2021-11-20,2265,Waterloo Health Unit,0.0345,898.0,1.54,0.8116,0.9426
24435,2021-11-20,2263,Timiskaming Health Unit,0.0524,65.0,2.0,0.6371,0.9243
24436,2021-11-20,2262,Thunder Bay District Health Unit,0.0198,267.0,1.78,0.851,0.9258
24437,2021-11-20,2261,Sudbury and District Health Unit,0.0462,739.0,3.71,0.7561,0.9711
24438,2021-11-20,4913,Southwestern Public Health,0.0516,485.0,2.29,0.806,0.9707
24439,2021-11-20,2260,Simcoe Muskoka District Health Unit,0.0389,1480.0,2.47,0.8746,0.9712
24440,2021-11-20,2257,Renfrew County and District Health Unit,0.0209,130.0,1.19,0.8627,0.9603
24441,2021-11-20,2256,Porcupine Health Unit,0.0123,151.0,1.8,0.8171,0.8956
24442,2021-11-20,2255,Peterborough County-City Health Unit,0.0156,201.0,1.36,0.8742,0.9588
24443,2021-11-20,2253,Peel Regional Health Unit,0.0182,2277.0,1.42,0.8503,0.9356
24444,2021-11-20,35,Ontario,0.0236,27704.0,1.87,0.8305,0.9449
24445,2021-11-20,2249,Northwestern Health Unit,0.017,143.0,1.63,0.6452,0.8036
24446,2021-11-20,2247,North Bay Parry Sound District Health Unit,0.0184,179.0,1.38,0.9239,0.964
24447,2021-11-20,2246,Niagara Regional Area Health Unit,0.0252,795.0,1.68,0.8532,0.9216
24448,2021-11-20,2244,Middlesex-London Health Unit,0.0161,915.0,1.8,0.8506,0.9682
24449,2021-11-20,2243,"Leeds, Grenville and Lanark District Health Unit",0.025,274.0,1.58,0.8793,0.9705
24450,2021-11-20,2242,Lambton Health Unit,0.024,215.0,1.64,0.6721,0.9547
24451,2021-11-20,2241,"Kingston, Frontenac and Lennox and Addington Health Unit",0.0244,756.0,3.55,0.9701,0.9832
24452,2021-11-20,5183,Huron Perth Health Unit,0.0328,231.0,1.65,0.5859,0.9684
24453,2021-11-20,2238,Hastings and Prince Edward Counties Health Unit,0.0206,424.0,2.51,0.9489,0.9704
24454,2021-11-20,2236,Halton Regional Health Unit,0.0182,935.0,1.51,0.8431,0.9206
24455,2021-11-20,2235,"Haliburton, Kawartha, Pine Ridge District Health Unit",0.0123,231.0,1.22,0.872,0.9654
24456,2021-11-20,2234,Haldimand-Norfolk Health Unit,0.0647,243.0,2.13,0.8015,0.9678
24457,2021-11-20,2233,Grey Bruce Health Unit,0.0067,234.0,1.38,0.55,0.9611
24458,2021-11-20,2258,Eastern Ontario Health Unit,0.028,383.0,1.83,0.8328,0.9759
24459,2021-11-20,2230,Durham Regional Health Unit,0.0221,1184.0,1.66,0.8711,0.955
24460,2021-11-20,2226,District of Algoma Health Unit,0.0512,500.0,4.37,0.8154,0.922
24461,2021-11-20,3895,City of Toronto Health Unit,0.0142,5654.0,1.81,0.8268,0.93
24462,2021-11-20,2251,City of Ottawa Health Unit,0.0166,2233.0,2.12,0.8389,0.9676
24463,2021-11-20,2237,City of Hamilton Health Unit,0.0221,1006.0,1.7,0.901,0.9475
24464,2021-11-20,2240,Chatham-Kent Health Unit,0.0319,237.0,2.23,0.7313,0.9651
24465,2021-11-20,2227,Brant County Health Unit,0.0487,284.0,1.83,0.7464,0.8926
24466,2021-11-19,2270,York Regional Health Unit,0.0161,2127.0,1.74,0.8524,0.9487
24467,2021-11-19,2268,Windsor-Essex County Health Unit,0.0465,922.0,2.17,0.6045,0.9165
24468,2021-11-19,2266,Wellington-Dufferin-Guelph Health Unit,0.0181,514.0,1.65,0.8724,0.9597
24469,2021-11-19,2265,Waterloo Health Unit,0.0334,911.0,1.56,0.8197,0.9455
24470,2021-11-19,2263,Timiskaming Health Unit,0.0548,60.0,1.84,0.5948,0.8309
24471,2021-11-19,2262,Thunder Bay District Health Unit,0.0194,235.0,1.57,0.8217,0.9255
24472,2021-11-19,2261,Sudbury and District Health Unit,0.0448,724.0,3.64,0.7427,0.9608
24473,2021-11-19,4913,Southwestern Public Health,0.0523,473.0,2.24,0.8085,0.971
24474,2021-11-19,2260,Simcoe Muskoka District Health Unit,0.0366,1446.0,2.41,0.8594,0.9715
24475,2021-11-19,2257,Renfrew County and District Health Unit,0.0194,125.0,1.15,0.8309,0.9605
24476,2021-11-19,2256,Porcupine Health Unit,0.0156,155.0,1.86,0.8089,0.8929
24477,2021-11-19,2255,Peterborough County-City Health Unit,0.0149,201.0,1.36,0.9073,0.9644
24478,2021-11-19,2253,Peel Regional Health Unit,0.018,2274.0,1.42,0.855,0.9447
24479,2021-11-19,35,Ontario,0.0228,27625.0,1.86,0.8342,0.9491
24480,2021-11-19,2249,Northwestern Health Unit,0.016,143.0,1.63,0.6454,0.7963
24481,2021-11-19,2247,North Bay Parry Sound District Health Unit,0.0175,171.0,1.32,0.9281,0.9682
24482,2021-11-19,2246,Niagara Regional Area Health Unit,0.027,799.0,1.69,0.8604,0.929
24483,2021-11-19,2244,Middlesex-London Health Unit,0.0145,927.0,1.83,0.8714,0.9704
24484,2021-11-19,2243,"Leeds, Grenville and Lanark District Health Unit",0.0275,280.0,1.62,0.8857,0.974
24485,2021-11-19,2242,Lambton Health Unit,0.0261,219.0,1.67,0.6852,0.9608
24486,2021-11-19,2241,"Kingston, Frontenac and Lennox and Addington Health Unit",0.0269,737.0,3.47,0.9707,0.9838
24487,2021-11-19,5183,Huron Perth Health Unit,0.0331,233.0,1.67,0.6112,0.9685
24488,2021-11-19,2238,Hastings and Prince Edward Counties Health Unit,0.0194,413.0,2.45,0.9583,0.9792
24489,2021-11-19,2236,Halton Regional Health Unit,0.0164,942.0,1.52,0.8596,0.9361
24490,2021-11-19,2235,"Haliburton, Kawartha, Pine Ridge District Health Unit",0.0116,233.0,1.23,0.8699,0.97
24491,2021-11-19,2234,Haldimand-Norfolk Health Unit,0.0705,243.0,2.13,0.7957,0.9681
24492,2021-11-19,2233,Grey Bruce Health Unit,0.0066,238.0,1.4,0.5708,0.9638
24493,2021-11-19,2258,Eastern Ontario Health Unit,0.0289,395.0,1.89,0.8525,0.977
24494,2021-11-19,2230,Durham Regional Health Unit,0.0216,1199.0,1.68,0.8698,0.9599
24495,2021-11-19,2226,District of Algoma Health Unit,0.0486,473.0,4.13,0.8071,0.917
24496,2021-11-19,3895,City of Toronto Health Unit,0.0133,5699.0,1.83,0.8282,0.934
24497,2021-11-19,2251,City of Ottawa Health Unit,0.0171,2247.0,2.13,0.86,0.9711
24498,2021-11-19,2237,City of Hamilton Health Unit,0.0216,1010.0,1.71,0.9106,0.9575
24499,2021-11-19,2240,Chatham-Kent Health Unit,0.0296,237.0,2.23,0.7455,0.9666
24500,2021-11-19,2227,Brant County Health Unit,0.0433,280.0,1.81,0.7352,0.8892
24501,2021-11-18,2270,York Regional Health Unit,0.0172,2157.0,1.76,0.8476,0.949
24502,2021-11-18,2268,Windsor-Essex County Health Unit,0.0484,941.0,2.22,0.5958,0.8991
24503,2021-11-18,2266,Wellington-Dufferin-Guelph Health Unit,0.0184,504.0,1.62,0.8726,0.9604
24504,2021-11-18,2265,Waterloo Health Unit,0.0319,923.0,1.58,0.8321,0.9489
24505,2021-11-18,2263,Timiskaming Health Unit,0.0491,49.0,1.51,0.52,0.72
24506,2021-11-18,2262,Thunder Bay District Health Unit,0.0153,224.0,1.49,0.8096,0.9194
24507,2021-11-18,2261,Sudbury and District Health Unit,0.0426,761.0,3.82,0.7368,0.9556
24508,2021-11-18,4913,Southwestern Public Health,0.0497,462.0,2.19,0.801,0.9695
24509,2021-11-18,2260,Simcoe Muskoka District Health Unit,0.036,1422.0,2.37,0.8538,0.9712
24510,2021-11-18,2257,Renfrew County and District Health Unit,0.0225,121.0,1.11,0.8164,0.9665
24511,2021-11-18,2256,Porcupine Health Unit,0.0178,160.0,1.92,0.846,0.9111
24512,2021-11-18,2255,Peterborough County-City Health Unit,0.0116,197.0,1.33,0.9098,0.9645
24513,2021-11-18,2253,Peel Regional Health Unit,0.0179,2323.0,1.45,0.8576,0.9496
24514,2021-11-18,35,Ontario,0.0229,27592.0,1.86,0.832,0.9496
24515,2021-11-18,2249,Northwestern Health Unit,0.0075,133.0,1.52,0.6564,0.8252
24516,2021-11-18,2247,North Bay Parry Sound District Health Unit,0.0209,164.0,1.26,0.9253,0.968
24517,2021-11-18,2246,Niagara Regional Area Health Unit,0.028,817.0,1.73,0.8685,0.9412
24518,2021-11-18,2244,Middlesex-London Health Unit,0.0155,958.0,1.89,0.8791,0.97
24519,2021-11-18,2243,"Leeds, Grenville and Lanark District Health Unit",0.0265,280.0,1.62,0.8822,0.9729
24520,2021-11-18,2242,Lambton Health Unit,0.0258,222.0,1.69,0.6919,0.9695
24521,2021-11-18,2241,"Kingston, Frontenac and Lennox and Addington Health Unit",0.0283,716.0,3.37,0.9723,0.9853
24522,2021-11-18,5183,Huron Perth Health Unit,0.0384,238.0,1.71,0.6371,0.9739
24523,2021-11-18,2238,Hastings and Prince Edward Counties Health Unit,0.0189,393.0,2.33,0.9623,0.9823
24524,2021-11-18,2236,Halton Regional Health Unit,0.0153,951.0,1.54,0.8614,0.9436
24525,2021-11-18,2235,"Haliburton, Kawartha, Pine Ridge District Health Unit",0.0119,227.0,1.2,0.8624,0.9656
24526,2021-11-18,2234,Haldimand-Norfolk Health Unit,0.0801,234.0,2.05,0.7754,0.9642
24527,2021-11-18,2233,Grey Bruce Health Unit,0.008,251.0,1.47,0.5803,0.9618
24528,2021-11-18,2258,Eastern Ontario Health Unit,0.0234,408.0,1.96,0.8356,0.9731
24529,2021-11-18,2230,Durham Regional Health Unit,0.022,1179.0,1.66,0.868,0.9631
24530,2021-11-18,2226,District of Algoma Health Unit,0.0451,462.0,4.04,0.817,0.9255
24531,2021-11-18,3895,City of Toronto Health Unit,0.0135,5640.0,1.81,0.8202,0.9316
24532,2021-11-18,2251,City of Ottawa Health Unit,0.0177,2214.0,2.1,0.8566,0.9716
24533,2021-11-18,2237,City of Hamilton Health Unit,0.0222,1009.0,1.7,0.9102,0.9601
24534,2021-11-18,2240,Chatham-Kent Health Unit,0.0306,233.0,2.19,0.7649,0.9648
24535,2021-11-18,2227,Brant County Health Unit,0.0392,277.0,1.78,0.6977,0.8982
24536,2021-11-17,2270,York Regional Health Unit,0.0177,2178.0,1.78,0.8516,0.9554
24537,2021-11-17,2268,Windsor-Essex County Health Unit,0.0482,916.0,2.16,0.6458,0.916
24538,2021-11-17,2266,Wellington-Dufferin-Guelph Health Unit,0.018,500.0,1.6,0.8892,0.9691
24539,2021-11-17,2265,Waterloo Health Unit,0.0295,948.0,1.62,0.8238,0.9562
24540,2021-11-17,2263,Timiskaming Health Unit,0.0507,42.0,1.29,0.5654,0.7288
24541,2021-11-17,2262,Thunder Bay District Health Unit,0.0106,216.0,1.44,0.7405,0.8983
24542,2021-11-17,2261,Sudbury and District Health Unit,0.0395,752.0,3.78,0.7332,0.9509
24543,2021-11-17,4913,Southwestern Public Health,0.0517,445.0,2.1,0.8012,0.9738
24544,2021-11-17,2260,Simcoe Muskoka District Health Unit,0.0355,1401.0,2.34,0.8503,0.9747
24545,2021-11-17,2257,Renfrew County and District Health Unit,0.0173,115.0,1.06,0.7913,0.9721
24546,2021-11-17,2256,Porcupine Health Unit,0.0172,158.0,1.89,0.8501,0.9222
24547,2021-11-17,2255,Peterborough County-City Health Unit,0.0124,195.0,1.32,0.9177,0.9672
24548,2021-11-17,2253,Peel Regional Health Unit,0.0179,2327.0,1.45,0.8523,0.9506
24549,2021-11-17,35,Ontario,0.0224,27232.0,1.84,0.8338,0.9528
24550,2021-11-17,2249,Northwestern Health Unit,0.0067,128.0,1.46,0.5419,0.7682
24551,2021-11-17,2247,North Bay Parry Sound District Health Unit,0.0205,154.0,1.18,0.9185,0.9653
24552,2021-11-17,2246,Niagara Regional Area Health Unit,0.0296,839.0,1.78,0.8671,0.9456
24553,2021-11-17,2244,Middlesex-London Health Unit,0.0161,948.0,1.87,0.88,0.9738
24554,2021-11-17,2243,"Leeds, Grenville and Lanark District Health Unit",0.0273,272.0,1.57,0.8844,0.9724
24555,2021-11-17,2242,Lambton Health Unit,0.0275,213.0,1.63,0.7473,0.9745
24556,2021-11-17,2241,"Kingston, Frontenac and Lennox and Addington Health Unit",0.0291,677.0,3.18,0.9726,0.9858
24557,2021-11-17,5183,Huron Perth Health Unit,0.0332,246.0,1.76,0.6541,0.9693
24558,2021-11-17,2238,Hastings and Prince Edward Counties Health Unit,0.0133,375.0,2.22,0.9663,0.9861
24559,2021-11-17,2236,Halton Regional Health Unit,0.0144,974.0,1.57,0.8549,0.9509
24560,2021-11-17,2235,"Haliburton, Kawartha, Pine Ridge District Health Unit",0.0102,224.0,1.19,0.8642,0.9753
24561,2021-11-17,2234,Haldimand-Norfolk Health Unit,0.0756,217.0,1.9,0.7879,0.9695
24562,2021-11-17,2233,Grey Bruce Health Unit,0.0099,245.0,1.44,0.5827,0.9576
24563,2021-11-17,2258,Eastern Ontario Health Unit,0.0215,399.0,1.91,0.8456,0.9769
24564,2021-11-17,2230,Durham Regional Health Unit,0.0216,1166.0,1.64,0.8735,0.9663
24565,2021-11-17,2226,District of Algoma Health Unit,0.0473,447.0,3.9,0.824,0.9435
24566,2021-11-17,3895,City of Toronto Health Unit,0.0133,5584.0,1.79,0.8235,0.9327
24567,2021-11-17,2251,City of Ottawa Health Unit,0.0182,2087.0,1.98,0.8606,0.9766
24568,2021-11-17,2237,City of Hamilton Health Unit,0.0198,1015.0,1.71,0.9091,0.9624
24569,2021-11-17,2240,Chatham-Kent Health Unit,0.0312,220.0,2.07,0.7995,0.9624
24570,2021-11-17,2227,Brant County Health Unit,0.0341,272.0,1.75,0.7033,0.9418
24571,2021-11-16,2270,York Regional Health Unit,0.0175,2186.0,1.78,0.8525,0.9575
24572,2021-11-16,2268,Windsor-Essex County Health Unit,0.0466,956.0,2.25,0.633,0.9146
24573,2021-11-16,2266,Wellington-Dufferin-Guelph Health Unit,0.0198,499.0,1.6,0.8925,0.9723
24574,2021-11-16,2265,Waterloo Health Unit,0.0295,939.0,1.61,0.8235,0.9554
24575,2021-11-16,2263,Timiskaming Health Unit,0.0174,41.0,1.26,0.5512,0.7261
24576,2021-11-16,2262,Thunder Bay District Health Unit,0.0086,216.0,1.44,0.7058,0.884
24577,2021-11-16,2261,Sudbury and District Health Unit,0.0388,748.0,3.76,0.7224,0.949
24578,2021-11-16,4913,Southwestern Public Health,0.0538,428.0,2.02,0.8238,0.9738
24579,2021-11-16,2260,Simcoe Muskoka District Health Unit,0.0337,1379.0,2.3,0.8398,0.975
24580,2021-11-16,2257,Renfrew County and District Health Unit,0.02,114.0,1.05,0.8036,0.9782
24581,2021-11-16,2256,Porcupine Health Unit,0.0156,156.0,1.87,0.8468,0.9252
24582,2021-11-16,2255,Peterborough County-City Health Unit,0.0128,190.0,1.28,0.9145,0.964
24583,2021-11-16,2253,Peel Regional Health Unit,0.017,2295.0,1.43,0.8577,0.9514
24584,2021-11-16,35,Ontario,0.0222,27099.0,1.83,0.8373,0.9537
24585,2021-11-16,2249,Northwestern Health Unit,0.0088,130.0,1.48,0.5231,0.7326
24586,2021-11-16,2247,North Bay Parry Sound District Health Unit,0.0201,149.0,1.15,0.9118,0.9644
24587,2021-11-16,2246,Niagara Regional Area Health Unit,0.0301,849.0,1.8,0.8742,0.9501
24588,2021-11-16,2244,Middlesex-London Health Unit,0.0158,933.0,1.84,0.891,0.9746
24589,2021-11-16,2243,"Leeds, Grenville and Lanark District Health Unit",0.0271,269.0,1.55,0.878,0.9742
24590,2021-11-16,2242,Lambton Health Unit,0.0237,235.0,1.79,0.7842,0.969
24591,2021-11-16,2241,"Kingston, Frontenac and Lennox and Addington Health Unit",0.0279,646.0,3.04,0.9752,0.9881
24592,2021-11-16,5183,Huron Perth Health Unit,0.032,250.0,1.79,0.6056,0.9719
24593,2021-11-16,2238,Hastings and Prince Edward Counties Health Unit,0.0105,366.0,2.17,0.9669,0.9857
24594,2021-11-16,2236,Halton Regional Health Unit,0.0137,971.0,1.57,0.8634,0.955
24595,2021-11-16,2235,"Haliburton, Kawartha, Pine Ridge District Health Unit",0.0107,227.0,1.2,0.8671,0.9773
24596,2021-11-16,2234,Haldimand-Norfolk Health Unit,0.0696,224.0,1.96,0.8244,0.9666
24597,2021-11-16,2233,Grey Bruce Health Unit,0.0108,239.0,1.41,0.6319,0.9632
24598,2021-11-16,2258,Eastern Ontario Health Unit,0.0243,400.0,1.92,0.865,0.9804
24599,2021-11-16,2230,Durham Regional Health Unit,0.0242,1144.0,1.61,0.885,0.9673
24600,2021-11-16,2226,District of Algoma Health Unit,0.0518,419.0,3.66,0.8687,0.9543
24601,2021-11-16,3895,City of Toronto Health Unit,0.0128,5619.0,1.8,0.8246,0.9321
24602,2021-11-16,2251,City of Ottawa Health Unit,0.0185,2054.0,1.95,0.8746,0.9794
24603,2021-11-16,2237,City of Hamilton Health Unit,0.0191,1003.0,1.69,0.9154,0.9647
24604,2021-11-16,2240,Chatham-Kent Health Unit,0.0332,219.0,2.06,0.8215,0.9653
24605,2021-11-16,2227,Brant County Health Unit,0.0371,278.0,1.79,0.6581,0.9454
24606,2021-11-15,2270,York Regional Health Unit,0.0178,2202.0,1.8,0.8413,0.9501
24607,2021-11-15,2268,Windsor-Essex County Health Unit,0.0447,923.0,2.17,0.6284,0.9097
24608,2021-11-15,2266,Wellington-Dufferin-Guelph Health Unit,0.0203,507.0,1.63,0.8912,0.9708
24609,2021-11-15,2265,Waterloo Health Unit,0.0278,929.0,1.59,0.8228,0.954
24610,2021-11-15,2263,Timiskaming Health Unit,0.0129,44.0,1.36,0.5627,0.7331
24611,2021-11-15,2262,Thunder Bay District Health Unit,0.0076,207.0,1.38,0.7195,0.8924
24612,2021-11-15,2261,Sudbury and District Health Unit,0.0404,729.0,3.66,0.7108,0.946
24613,2021-11-15,4913,Southwestern Public Health,0.0598,418.0,1.98,0.8465,0.9716
24614,2021-11-15,2260,Simcoe Muskoka District Health Unit,0.0342,1366.0,2.28,0.8335,0.9712
24615,2021-11-15,2257,Renfrew County and District Health Unit,0.0129,111.0,1.02,0.7772,0.977
24616,2021-11-15,2256,Porcupine Health Unit,0.0162,159.0,1.91,0.8523,0.9302
24617,2021-11-15,2255,Peterborough County-City Health Unit,0.0142,181.0,1.22,0.9162,0.9627
24618,2021-11-15,2253,Peel Regional Health Unit,0.0178,2304.0,1.43,0.8567,0.9515
24619,2021-11-15,35,Ontario,0.0217,26995.0,1.82,0.8371,0.9527
24620,2021-11-15,2249,Northwestern Health Unit,0.0056,127.0,1.45,0.5407,0.7514
24621,2021-11-15,2247,North Bay Parry Sound District Health Unit,0.0213,148.0,1.14,0.9106,0.9658
24622,2021-11-15,2246,Niagara Regional Area Health Unit,0.0309,850.0,1.8,0.8747,0.9501
24623,2021-11-15,2244,Middlesex-London Health Unit,0.0146,932.0,1.84,0.9002,0.9754
24624,2021-11-15,2243,"Leeds, Grenville and Lanark District Health Unit",0.0239,257.0,1.49,0.9029,0.9767
24625,2021-11-15,2242,Lambton Health Unit,0.025,240.0,1.83,0.7945,0.9696
24626,2021-11-15,2241,"Kingston, Frontenac and Lennox and Addington Health Unit",0.0277,623.0,2.93,0.9729,0.9885
24627,2021-11-15,5183,Huron Perth Health Unit,0.0326,241.0,1.72,0.5872,0.9727
24628,2021-11-15,2238,Hastings and Prince Edward Counties Health Unit,0.0093,354.0,2.1,0.9683,0.9873
24629,2021-11-15,2236,Halton Regional Health Unit,0.0138,992.0,1.6,0.864,0.9548
24630,2021-11-15,2235,"Haliburton, Kawartha, Pine Ridge District Health Unit",0.0082,227.0,1.2,0.8595,0.975
24631,2021-11-15,2234,Haldimand-Norfolk Health Unit,0.073,219.0,1.92,0.8303,0.968
24632,2021-11-15,2233,Grey Bruce Health Unit,0.0108,251.0,1.48,0.6361,0.964
24633,2021-11-15,2258,Eastern Ontario Health Unit,0.0205,397.0,1.9,0.8713,0.9839
24634,2021-11-15,2230,Durham Regional Health Unit,0.0235,1145.0,1.61,0.8783,0.967
24635,2021-11-15,2226,District of Algoma Health Unit,0.0527,407.0,3.55,0.8651,0.951
24636,2021-11-15,3895,City of Toronto Health Unit,0.0126,5658.0,1.81,0.8247,0.9309
24637,2021-11-15,2251,City of Ottawa Health Unit,0.0176,2025.0,1.92,0.8772,0.9796
24638,2021-11-15,2237,City of Hamilton Health Unit,0.0152,1006.0,1.7,0.9204,0.9676
24639,2021-11-15,2240,Chatham-Kent Health Unit,0.0299,210.0,1.98,0.8666,0.9648
24640,2021-11-15,2227,Brant County Health Unit,0.033,285.0,1.84,0.6558,0.9463
24641,2021-11-14,2270,York Regional Health Unit,0.0175,2220.0,1.81,0.8433,0.9499
24642,2021-11-14,2268,Windsor-Essex County Health Unit,0.0441,900.0,2.12,0.6241,0.9054
24643,2021-11-14,2266,Wellington-Dufferin-Guelph Health Unit,0.0217,514.0,1.65,0.8978,0.971
24644,2021-11-14,2265,Waterloo Health Unit,0.0284,926.0,1.59,0.8357,0.9541
24645,2021-11-14,2263,Timiskaming Health Unit,0.0097,44.0,1.35,0.5563,0.7219
24646,2021-11-14,2262,Thunder Bay District Health Unit,0.0074,211.0,1.41,0.7021,0.8819
24647,2021-11-14,2261,Sudbury and District Health Unit,0.0416,724.0,3.64,0.7229,0.9517
24648,2021-11-14,4913,Southwestern Public Health,0.0626,404.0,1.91,0.8539,0.9705
24649,2021-11-14,2260,Simcoe Muskoka District Health Unit,0.0332,1363.0,2.27,0.8139,0.9717
24650,2021-11-14,2257,Renfrew County and District Health Unit,0.013,110.0,1.01,0.7834,0.9792
24651,2021-11-14,2256,Porcupine Health Unit,0.0168,161.0,1.93,0.8743,0.9584
24652,2021-11-14,2255,Peterborough County-City Health Unit,0.0137,187.0,1.26,0.917,0.9638
24653,2021-11-14,2253,Peel Regional Health Unit,0.0174,2325.0,1.45,0.8646,0.9525
24654,2021-11-14,35,Ontario,0.0213,27040.0,1.82,0.8405,0.9528
24655,2021-11-14,2249,Northwestern Health Unit,0.0047,122.0,1.39,0.4678,0.6898
24656,2021-11-14,2247,North Bay Parry Sound District Health Unit,0.0201,156.0,1.2,0.9237,0.9728
24657,2021-11-14,2246,Niagara Regional Area Health Unit,0.0313,843.0,1.78,0.8846,0.9487
24658,2021-11-14,2244,Middlesex-London Health Unit,0.0142,956.0,1.88,0.9012,0.9719
24659,2021-11-14,2243,"Leeds, Grenville and Lanark District Health Unit",0.0248,253.0,1.46,0.906,0.9773
24660,2021-11-14,2242,Lambton Health Unit,0.0227,239.0,1.83,0.8034,0.9704
24661,2021-11-14,2241,"Kingston, Frontenac and Lennox and Addington Health Unit",0.0274,605.0,2.84,0.9741,0.9884
24662,2021-11-14,5183,Huron Perth Health Unit,0.0323,257.0,1.84,0.6135,0.9739
24663,2021-11-14,2238,Hastings and Prince Edward Counties Health Unit,0.0073,370.0,2.2,0.9718,0.9882
24664,2021-11-14,2236,Halton Regional Health Unit,0.0138,1001.0,1.62,0.868,0.9569
24665,2021-11-14,2235,"Haliburton, Kawartha, Pine Ridge District Health Unit",0.0065,221.0,1.17,0.8598,0.9736
24666,2021-11-14,2234,Haldimand-Norfolk Health Unit,0.0763,215.0,1.89,0.878,0.9693
24667,2021-11-14,2233,Grey Bruce Health Unit,0.0087,247.0,1.45,0.6305,0.9638
24668,2021-11-14,2258,Eastern Ontario Health Unit,0.0199,403.0,1.93,0.8704,0.9846
24669,2021-11-14,2230,Durham Regional Health Unit,0.022,1125.0,1.58,0.8814,0.9671
24670,2021-11-14,2226,District of Algoma Health Unit,0.0502,373.0,3.26,0.8699,0.9529
24671,2021-11-14,3895,City of Toronto Health Unit,0.0121,5751.0,1.84,0.8291,0.9307
24672,2021-11-14,2251,City of Ottawa Health Unit,0.0179,1993.0,1.89,0.8784,0.9789
24673,2021-11-14,2237,City of Hamilton Health Unit,0.0139,1015.0,1.71,0.9245,0.9693
24674,2021-11-14,2240,Chatham-Kent Health Unit,0.0311,207.0,1.94,0.8738,0.9656
24675,2021-11-14,2227,Brant County Health Unit,0.0346,281.0,1.81,0.6523,0.9475
24676,2021-11-13,2270,York Regional Health Unit,0.0176,2214.0,1.81,0.8456,0.9477
24677,2021-11-13,2268,Windsor-Essex County Health Unit,0.042,861.0,2.03,0.6447,0.9033
24678,2021-11-13,2266,Wellington-Dufferin-Guelph Health Unit,0.0253,519.0,1.66,0.8985,0.9717
24679,2021-11-13,2265,Waterloo Health Unit,0.0277,945.0,1.62,0.8503,0.9546
24680,2021-11-13,2263,Timiskaming Health Unit,0.0098,44.0,1.34,0.5515,0.7243
24681,2021-11-13,2262,Thunder Bay District Health Unit,0.0074,211.0,1.41,0.7115,0.8913
24682,2021-11-13,2261,Sudbury and District Health Unit,0.048,729.0,3.66,0.7582,0.9487
24683,2021-11-13,4913,Southwestern Public Health,0.0618,400.0,1.89,0.8597,0.9751
24684,2021-11-13,2260,Simcoe Muskoka District Health Unit,0.0329,1355.0,2.26,0.8138,0.968
24685,2021-11-13,2257,Renfrew County and District Health Unit,0.0141,111.0,1.03,0.7712,0.976
24686,2021-11-13,2256,Porcupine Health Unit,0.018,158.0,1.9,0.8613,0.9515
24687,2021-11-13,2255,Peterborough County-City Health Unit,0.0129,188.0,1.27,0.9201,0.9646
24688,2021-11-13,2253,Peel Regional Health Unit,0.0167,2307.0,1.44,0.8676,0.9501
24689,2021-11-13,35,Ontario,0.0214,26888.0,1.81,0.8438,0.9522
24690,2021-11-13,2249,Northwestern Health Unit,0.0048,118.0,1.35,0.469,0.6923
24691,2021-11-13,2247,North Bay Parry Sound District Health Unit,0.0195,161.0,1.24,0.9349,0.9754
24692,2021-11-13,2246,Niagara Regional Area Health Unit,0.0325,836.0,1.77,0.8894,0.9513
24693,2021-11-13,2244,Middlesex-London Health Unit,0.0141,952.0,1.88,0.9004,0.9719
24694,2021-11-13,2243,"Leeds, Grenville and Lanark District Health Unit",0.0273,230.0,1.33,0.9045,0.9776
24695,2021-11-13,2242,Lambton Health Unit,0.0233,239.0,1.83,0.806,0.9711
24696,2021-11-13,2241,"Kingston, Frontenac and Lennox and Addington Health Unit",0.027,607.0,2.86,0.976,0.9885
24697,2021-11-13,5183,Huron Perth Health Unit,0.0289,277.0,1.98,0.5992,0.9722
24698,2021-11-13,2238,Hastings and Prince Edward Counties Health Unit,0.0071,380.0,2.26,0.972,0.9886
24699,2021-11-13,2236,Halton Regional Health Unit,0.0134,1022.0,1.65,0.88,0.9531
24700,2021-11-13,2235,"Haliburton, Kawartha, Pine Ridge District Health Unit",0.0058,223.0,1.18,0.8629,0.9719
24701,2021-11-13,2234,Haldimand-Norfolk Health Unit,0.0726,217.0,1.9,0.8773,0.9719
24702,2021-11-13,2233,Grey Bruce Health Unit,0.0087,247.0,1.45,0.6044,0.9623
24703,2021-11-13,2258,Eastern Ontario Health Unit,0.02,401.0,1.92,0.8565,0.9858
24704,2021-11-13,2230,Durham Regional Health Unit,0.023,1098.0,1.54,0.8787,0.9659
24705,2021-11-13,2226,District of Algoma Health Unit,0.0556,336.0,2.94,0.8877,0.9535
24706,2021-11-13,3895,City of Toronto Health Unit,0.0122,5709.0,1.83,0.8358,0.9309
24707,2021-11-13,2251,City of Ottawa Health Unit,0.0185,1974.0,1.87,0.859,0.9786
24708,2021-11-13,2237,City of Hamilton Health Unit,0.0133,1022.0,1.73,0.9276,0.9686
24709,2021-11-13,2240,Chatham-Kent Health Unit,0.0335,204.0,1.92,0.878,0.9672
24710,2021-11-13,2227,Brant County Health Unit,0.0343,279.0,1.8,0.6403,0.9367
24711,2021-11-12,2270,York Regional Health Unit,0.0184,2214.0,1.81,0.8619,0.9519
24712,2021-11-12,2268,Windsor-Essex County Health Unit,0.0424,860.0,2.02,0.6738,0.9086
24713,2021-11-12,2266,Wellington-Dufferin-Guelph Health Unit,0.0249,517.0,1.66,0.9053,0.9763
24714,2021-11-12,2265,Waterloo Health Unit,0.0304,936.0,1.6,0.8296,0.9617
24715,2021-11-12,2263,Timiskaming Health Unit,0.0066,43.0,1.33,0.5742,0.8452
24716,2021-11-12,2262,Thunder Bay District Health Unit,0.0089,208.0,1.39,0.723,0.8829
24717,2021-11-12,2261,Sudbury and District Health Unit,0.0489,736.0,3.7,0.7789,0.9546
24718,2021-11-12,4913,Southwestern Public Health,0.0575,390.0,1.84,0.8682,0.9779
24719,2021-11-12,2260,Simcoe Muskoka District Health Unit,0.0321,1355.0,2.26,0.8368,0.972
24720,2021-11-12,2257,Renfrew County and District Health Unit,0.0157,100.0,0.92,0.7321,0.9818
24721,2021-11-12,2256,Porcupine Health Unit,0.0176,154.0,1.85,0.8589,0.9501
24722,2021-11-12,2255,Peterborough County-City Health Unit,0.0143,190.0,1.28,0.926,0.968
24723,2021-11-12,2253,Peel Regional Health Unit,0.0164,2287.0,1.42,0.8822,0.957
24724,2021-11-12,35,Ontario,0.0215,26654.0,1.8,0.8511,0.9571
24725,2021-11-12,2249,Northwestern Health Unit,0.005,115.0,1.31,0.4926,0.7195
24726,2021-11-12,2247,North Bay Parry Sound District Health Unit,0.0258,166.0,1.28,0.9406,0.9799
24727,2021-11-12,2246,Niagara Regional Area Health Unit,0.0325,849.0,1.8,0.8976,0.9572
24728,2021-11-12,2244,Middlesex-London Health Unit,0.0151,943.0,1.86,0.9028,0.9757
24729,2021-11-12,2243,"Leeds, Grenville and Lanark District Health Unit",0.0233,221.0,1.28,0.9003,0.9787
24730,2021-11-12,2242,Lambton Health Unit,0.0243,241.0,1.84,0.7896,0.976
24731,2021-11-12,2241,"Kingston, Frontenac and Lennox and Addington Health Unit",0.0263,604.0,2.84,0.9759,0.9891
24732,2021-11-12,5183,Huron Perth Health Unit,0.0286,275.0,1.97,0.5805,0.9764
24733,2021-11-12,2238,Hastings and Prince Edward Counties Health Unit,0.007,388.0,2.3,0.9744,0.9902
24734,2021-11-12,2236,Halton Regional Health Unit,0.0149,1036.0,1.67,0.8951,0.9605
24735,2021-11-12,2235,"Haliburton, Kawartha, Pine Ridge District Health Unit",0.0072,220.0,1.16,0.8747,0.9755
24736,2021-11-12,2234,Haldimand-Norfolk Health Unit,0.0636,200.0,1.75,0.8766,0.9745
24737,2021-11-12,2233,Grey Bruce Health Unit,0.0088,243.0,1.43,0.5656,0.9601
24738,2021-11-12,2258,Eastern Ontario Health Unit,0.0213,396.0,1.9,0.8239,0.9857
24739,2021-11-12,2230,Durham Regional Health Unit,0.0241,1074.0,1.51,0.8874,0.9689
24740,2021-11-12,2226,District of Algoma Health Unit,0.0506,316.0,2.76,0.9092,0.964
24741,2021-11-12,3895,City of Toronto Health Unit,0.012,5622.0,1.8,0.8503,0.9374
24742,2021-11-12,2251,City of Ottawa Health Unit,0.0177,1941.0,1.84,0.8438,0.98
24743,2021-11-12,2237,City of Hamilton Health Unit,0.0135,1023.0,1.73,0.9377,0.9725
24744,2021-11-12,2240,Chatham-Kent Health Unit,0.0375,202.0,1.9,0.8729,0.9695
24745,2021-11-12,2227,Brant County Health Unit,0.0358,280.0,1.8,0.6421,0.9394
24746,2021-11-11,2270,York Regional Health Unit,0.0185,2195.0,1.79,0.8739,0.9571
24747,2021-11-11,2268,Windsor-Essex County Health Unit,0.0387,815.0,1.92,0.7352,0.9426
24748,2021-11-11,2266,Wellington-Dufferin-Guelph Health Unit,0.0267,519.0,1.66,0.9061,0.9748
24749,2021-11-11,2265,Waterloo Health Unit,0.0311,900.0,1.54,0.784,0.9687
24750,2021-11-11,2263,Timiskaming Health Unit,0.0,45.0,1.37,0.7366,0.9624
24751,2021-11-11,2262,Thunder Bay District Health Unit,0.017,210.0,1.4,0.737,0.9179
24752,2021-11-11,2261,Sudbury and District Health Unit,0.0507,687.0,3.45,0.8062,0.9694
24753,2021-11-11,4913,Southwestern Public Health,0.0579,388.0,1.83,0.8673,0.9771
24754,2021-11-11,2260,Simcoe Muskoka District Health Unit,0.0308,1353.0,2.26,0.8536,0.9741
24755,2021-11-11,2257,Renfrew County and District Health Unit,0.0147,107.0,0.99,0.7352,0.9766
24756,2021-11-11,2256,Porcupine Health Unit,0.0147,155.0,1.86,0.8557,0.9417
24757,2021-11-11,2255,Peterborough County-City Health Unit,0.0151,189.0,1.28,0.9337,0.9748
24758,2021-11-11,2253,Peel Regional Health Unit,0.016,2214.0,1.38,0.8846,0.9578
24759,2021-11-11,35,Ontario,0.0208,26380.0,1.78,0.8597,0.962
24760,2021-11-11,2249,Northwestern Health Unit,0.0046,124.0,1.41,0.5021,0.7279
24761,2021-11-11,2247,North Bay Parry Sound District Health Unit,0.0245,169.0,1.3,0.9482,0.9887
24762,2021-11-11,2246,Niagara Regional Area Health Unit,0.032,861.0,1.82,0.9074,0.9615
24763,2021-11-11,2244,Middlesex-London Health Unit,0.0135,909.0,1.79,0.9112,0.9767
24764,2021-11-11,2243,"Leeds, Grenville and Lanark District Health Unit",0.0245,210.0,1.21,0.905,0.9809
24765,2021-11-11,2242,Lambton Health Unit,0.024,244.0,1.86,0.7642,0.977
24766,2021-11-11,2241,"Kingston, Frontenac and Lennox and Addington Health Unit",0.0278,595.0,2.8,0.9766,0.9891
24767,2021-11-11,5183,Huron Perth Health Unit,0.0237,277.0,1.98,0.578,0.9767
24768,2021-11-11,2238,Hastings and Prince Edward Counties Health Unit,0.006,383.0,2.27,0.9732,0.9885
24769,2021-11-11,2236,Halton Regional Health Unit,0.0146,1041.0,1.68,0.9037,0.9629
24770,2021-11-11,2235,"Haliburton, Kawartha, Pine Ridge District Health Unit",0.006,214.0,1.13,0.8918,0.9815
24771,2021-11-11,2234,Haldimand-Norfolk Health Unit,0.0578,198.0,1.73,0.8882,0.9792
24772,2021-11-11,2233,Grey Bruce Health Unit,0.0071,242.0,1.42,0.5627,0.9651
24773,2021-11-11,2258,Eastern Ontario Health Unit,0.0232,376.0,1.8,0.8441,0.9919
24774,2021-11-11,2230,Durham Regional Health Unit,0.0234,1061.0,1.49,0.8854,0.9695
24775,2021-11-11,2226,District of Algoma Health Unit,0.0439,290.0,2.53,0.9099,0.9664
24776,2021-11-11,3895,City of Toronto Health Unit,0.0113,5642.0,1.81,0.8633,0.9443
24777,2021-11-11,2251,City of Ottawa Health Unit,0.0171,1950.0,1.85,0.8552,0.9812
24778,2021-11-11,2237,City of Hamilton Health Unit,0.013,1033.0,1.74,0.943,0.9762
24779,2021-11-11,2240,Chatham-Kent Health Unit,0.0389,198.0,1.86,0.8784,0.9788
24780,2021-11-11,2227,Brant County Health Unit,0.035,277.0,1.79,0.6497,0.9417
24781,2021-11-10,2270,York Regional Health Unit,0.0182,2206.0,1.8,0.8769,0.9575
24782,2021-11-10,2268,Windsor-Essex County Health Unit,0.0378,794.0,1.87,0.694,0.9344
24783,2021-11-10,2266,Wellington-Dufferin-Guelph Health Unit,0.0273,528.0,1.69,0.8981,0.9702
24784,2021-11-10,2265,Waterloo Health Unit,0.0305,885.0,1.51,0.7725,0.9674
24785,2021-11-10,2263,Timiskaming Health Unit,0.0,63.0,1.94,0.706,0.9396
24786,2021-11-10,2262,Thunder Bay District Health Unit,0.0182,212.0,1.41,0.8022,0.9469
24787,2021-11-10,2261,Sudbury and District Health Unit,0.0527,684.0,3.43,0.806,0.9604
24788,2021-11-10,4913,Southwestern Public Health,0.0573,394.0,1.86,0.8586,0.9758
24789,2021-11-10,2260,Simcoe Muskoka District Health Unit,0.0304,1365.0,2.28,0.8705,0.9717
24790,2021-11-10,2257,Renfrew County and District Health Unit,0.0094,106.0,0.97,0.7609,0.9719
24791,2021-11-10,2256,Porcupine Health Unit,0.0165,156.0,1.87,0.8596,0.951
24792,2021-11-10,2255,Peterborough County-City Health Unit,0.0159,189.0,1.28,0.9309,0.9758
24793,2021-11-10,2253,Peel Regional Health Unit,0.0172,2205.0,1.37,0.8952,0.9602
24794,2021-11-10,35,Ontario,0.0207,26577.0,1.79,0.864,0.9638
24795,2021-11-10,2249,Northwestern Health Unit,0.0054,131.0,1.5,0.5752,0.7903
24796,2021-11-10,2247,North Bay Parry Sound District Health Unit,0.0248,178.0,1.38,0.9532,0.9897
24797,2021-11-10,2246,Niagara Regional Area Health Unit,0.0331,845.0,1.79,0.9067,0.9634
24798,2021-11-10,2244,Middlesex-London Health Unit,0.0126,915.0,1.8,0.9126,0.9771
24799,2021-11-10,2243,"Leeds, Grenville and Lanark District Health Unit",0.0231,210.0,1.22,0.9012,0.9804
24800,2021-11-10,2242,Lambton Health Unit,0.025,257.0,1.96,0.6885,0.9764
24801,2021-11-10,2241,"Kingston, Frontenac and Lennox and Addington Health Unit",0.0261,585.0,2.75,0.9796,0.9917
24802,2021-11-10,5183,Huron Perth Health Unit,0.0256,290.0,2.08,0.558,0.9784
24803,2021-11-10,2238,Hastings and Prince Edward Counties Health Unit,0.0041,386.0,2.29,0.9735,0.9912
24804,2021-11-10,2236,Halton Regional Health Unit,0.0156,1028.0,1.66,0.9189,0.9646
24805,2021-11-10,2235,"Haliburton, Kawartha, Pine Ridge District Health Unit",0.0071,221.0,1.17,0.889,0.9824
24806,2021-11-10,2234,Haldimand-Norfolk Health Unit,0.0587,202.0,1.77,0.8825,0.9804
24807,2021-11-10,2233,Grey Bruce Health Unit,0.0051,254.0,1.5,0.5511,0.9711
24808,2021-11-10,2258,Eastern Ontario Health Unit,0.0252,385.0,1.85,0.8552,0.9912
24809,2021-11-10,2230,Durham Regional Health Unit,0.0227,1049.0,1.47,0.8891,0.9727
24810,2021-11-10,2226,District of Algoma Health Unit,0.0362,280.0,2.45,0.9109,0.9628
24811,2021-11-10,3895,City of Toronto Health Unit,0.0109,5717.0,1.83,0.871,0.9488
24812,2021-11-10,2251,City of Ottawa Health Unit,0.0173,2012.0,1.91,0.8629,0.9812
24813,2021-11-10,2237,City of Hamilton Health Unit,0.0144,1049.0,1.77,0.9489,0.9779
24814,2021-11-10,2240,Chatham-Kent Health Unit,0.037,209.0,1.96,0.873,0.9824
24815,2021-11-10,2227,Brant County Health Unit,0.038,278.0,1.79,0.6504,0.9422
24816,2021-11-09,2270,York Regional Health Unit,0.0177,2208.0,1.8,0.8911,0.9594
24817,2021-11-09,2268,Windsor-Essex County Health Unit,0.0354,726.0,1.71,0.7249,0.936
24818,2021-11-09,2266,Wellington-Dufferin-Guelph Health Unit,0.0261,526.0,1.69,0.8998,0.9703
24819,2021-11-09,2265,Waterloo Health Unit,0.0283,929.0,1.59,0.7652,0.9691
24820,2021-11-09,2263,Timiskaming Health Unit,0.0024,59.0,1.82,0.7301,0.9409
24821,2021-11-09,2262,Thunder Bay District Health Unit,0.0171,209.0,1.39,0.8603,0.968
24822,2021-11-09,2261,Sudbury and District Health Unit,0.0507,665.0,3.34,0.8268,0.9621
24823,2021-11-09,4913,Southwestern Public Health,0.0527,387.0,1.83,0.8534,0.9744
24824,2021-11-09,2260,Simcoe Muskoka District Health Unit,0.0295,1357.0,2.26,0.8876,0.973
24825,2021-11-09,2257,Renfrew County and District Health Unit,0.0068,105.0,0.97,0.7288,0.9641
24826,2021-11-09,2256,Porcupine Health Unit,0.0162,150.0,1.79,0.8673,0.9519
24827,2021-11-09,2255,Peterborough County-City Health Unit,0.0163,193.0,1.31,0.9408,0.9803
24828,2021-11-09,2253,Peel Regional Health Unit,0.017,2204.0,1.37,0.9032,0.9606
24829,2021-11-09,35,Ontario,0.0198,26404.0,1.78,0.8724,0.9657
24830,2021-11-09,2249,Northwestern Health Unit,0.0043,132.0,1.5,0.5921,0.8102
24831,2021-11-09,2247,North Bay Parry Sound District Health Unit,0.0424,189.0,1.45,0.9641,0.9904
24832,2021-11-09,2246,Niagara Regional Area Health Unit,0.0316,845.0,1.79,0.9093,0.9648
24833,2021-11-09,2244,Middlesex-London Health Unit,0.0122,913.0,1.8,0.9066,0.9784
24834,2021-11-09,2243,"Leeds, Grenville and Lanark District Health Unit",0.0227,201.0,1.16,0.9112,0.98
24835,2021-11-09,2242,Lambton Health Unit,0.025,229.0,1.75,0.6484,0.983
24836,2021-11-09,2241,"Kingston, Frontenac and Lennox and Addington Health Unit",0.0263,582.0,2.73,0.9782,0.9906
24837,2021-11-09,5183,Huron Perth Health Unit,0.0246,279.0,2.0,0.5768,0.975
24838,2021-11-09,2238,Hastings and Prince Edward Counties Health Unit,0.0044,386.0,2.29,0.9765,0.9924
24839,2021-11-09,2236,Halton Regional Health Unit,0.0148,1033.0,1.67,0.9233,0.9664
24840,2021-11-09,2235,"Haliburton, Kawartha, Pine Ridge District Health Unit",0.0074,212.0,1.12,0.8988,0.9823
24841,2021-11-09,2234,Haldimand-Norfolk Health Unit,0.0614,195.0,1.71,0.8793,0.9783
24842,2021-11-09,2233,Grey Bruce Health Unit,0.0066,260.0,1.53,0.509,0.9719
24843,2021-11-09,2258,Eastern Ontario Health Unit,0.0233,380.0,1.82,0.8526,0.9916
24844,2021-11-09,2230,Durham Regional Health Unit,0.019,1061.0,1.49,0.8904,0.9737
24845,2021-11-09,2226,District of Algoma Health Unit,0.0267,273.0,2.38,0.9054,0.9646
24846,2021-11-09,3895,City of Toronto Health Unit,0.0104,5673.0,1.82,0.8846,0.9536
24847,2021-11-09,2251,City of Ottawa Health Unit,0.0166,2015.0,1.91,0.8726,0.9824
24848,2021-11-09,2237,City of Hamilton Health Unit,0.0145,1052.0,1.78,0.9501,0.978
24849,2021-11-09,2240,Chatham-Kent Health Unit,0.032,205.0,1.93,0.8952,0.9805
24850,2021-11-09,2227,Brant County Health Unit,0.0346,272.0,1.75,0.6635,0.9405
24851,2021-11-08,2270,York Regional Health Unit,0.018,2228.0,1.82,0.9068,0.9667
24852,2021-11-08,2268,Windsor-Essex County Health Unit,0.0324,706.0,1.66,0.7409,0.9369
24853,2021-11-08,2266,Wellington-Dufferin-Guelph Health Unit,0.027,518.0,1.66,0.9036,0.9713
24854,2021-11-08,2265,Waterloo Health Unit,0.0268,927.0,1.59,0.7706,0.9717
24855,2021-11-08,2263,Timiskaming Health Unit,0.005,57.0,1.74,0.7112,0.9439
24856,2021-11-08,2262,Thunder Bay District Health Unit,0.0182,212.0,1.41,0.8633,0.9678
24857,2021-11-08,2261,Sudbury and District Health Unit,0.0521,663.0,3.33,0.8414,0.9628
24858,2021-11-08,4913,Southwestern Public Health,0.0492,389.0,1.84,0.8565,0.9735
24859,2021-11-08,2260,Simcoe Muskoka District Health Unit,0.0283,1377.0,2.3,0.8936,0.976
24860,2021-11-08,2257,Renfrew County and District Health Unit,0.0065,88.0,0.81,0.7823,0.9739
24861,2021-11-08,2256,Porcupine Health Unit,0.0182,149.0,1.79,0.8656,0.9491
24862,2021-11-08,2255,Peterborough County-City Health Unit,0.014,204.0,1.38,0.9428,0.9821
24863,2021-11-08,2253,Peel Regional Health Unit,0.0161,2177.0,1.36,0.9128,0.9623
24864,2021-11-08,35,Ontario,0.0194,26335.0,1.78,0.878,0.9669
24865,2021-11-08,2249,Northwestern Health Unit,0.0041,139.0,1.58,0.6071,0.8192
24866,2021-11-08,2247,North Bay Parry Sound District Health Unit,0.0422,183.0,1.41,0.9651,0.9913
24867,2021-11-08,2246,Niagara Regional Area Health Unit,0.0316,860.0,1.82,0.9112,0.9662
24868,2021-11-08,2244,Middlesex-London Health Unit,0.012,914.0,1.8,0.9107,0.9781
24869,2021-11-08,2243,"Leeds, Grenville and Lanark District Health Unit",0.0231,198.0,1.14,0.9227,0.9807
24870,2021-11-08,2242,Lambton Health Unit,0.0287,219.0,1.67,0.6178,0.9829
24871,2021-11-08,2241,"Kingston, Frontenac and Lennox and Addington Health Unit",0.0264,568.0,2.67,0.9805,0.9903
24872,2021-11-08,5183,Huron Perth Health Unit,0.0243,276.0,1.98,0.5945,0.9758
24873,2021-11-08,2238,Hastings and Prince Edward Counties Health Unit,0.0051,392.0,2.32,0.9772,0.992
24874,2021-11-08,2236,Halton Regional Health Unit,0.013,1036.0,1.67,0.9324,0.9679
24875,2021-11-08,2235,"Haliburton, Kawartha, Pine Ridge District Health Unit",0.0081,211.0,1.12,0.9092,0.986
24876,2021-11-08,2234,Haldimand-Norfolk Health Unit,0.0549,208.0,1.82,0.8744,0.9779
24877,2021-11-08,2233,Grey Bruce Health Unit,0.0093,260.0,1.53,0.4863,0.971
24878,2021-11-08,2258,Eastern Ontario Health Unit,0.0219,392.0,1.88,0.8524,0.991
24879,2021-11-08,2230,Durham Regional Health Unit,0.0172,1031.0,1.45,0.8975,0.9747
24880,2021-11-08,2226,District of Algoma Health Unit,0.0228,270.0,2.36,0.912,0.9664
24881,2021-11-08,3895,City of Toronto Health Unit,0.0105,5649.0,1.81,0.8895,0.9533
24882,2021-11-08,2251,City of Ottawa Health Unit,0.0176,2004.0,1.9,0.8668,0.9826
24883,2021-11-08,2237,City of Hamilton Health Unit,0.0142,1069.0,1.81,0.9553,0.9796
24884,2021-11-08,2240,Chatham-Kent Health Unit,0.0321,205.0,1.93,0.8854,0.98
24885,2021-11-08,2227,Brant County Health Unit,0.0297,265.0,1.7,0.6762,0.9404
24886,2021-11-07,2270,York Regional Health Unit,0.0193,2239.0,1.83,0.9043,0.9625
24887,2021-11-07,2268,Windsor-Essex County Health Unit,0.0296,724.0,1.7,0.7656,0.9395
24888,2021-11-07,2266,Wellington-Dufferin-Guelph Health Unit,0.0256,508.0,1.63,0.9007,0.971
24889,2021-11-07,2265,Waterloo Health Unit,0.026,929.0,1.59,0.7625,0.9702
24890,2021-11-07,2263,Timiskaming Health Unit,0.0054,53.0,1.62,0.7016,0.9398
24891,2021-11-07,2262,Thunder Bay District Health Unit,0.0199,208.0,1.39,0.8755,0.9719
24892,2021-11-07,2261,Sudbury and District Health Unit,0.0504,657.0,3.3,0.8307,0.963
24893,2021-11-07,4913,Southwestern Public Health,0.047,386.0,1.82,0.8574,0.9719
24894,2021-11-07,2260,Simcoe Muskoka District Health Unit,0.0266,1351.0,2.25,0.9197,0.9766
24895,2021-11-07,2257,Renfrew County and District Health Unit,0.0071,101.0,0.93,0.7808,0.9745
24896,2021-11-07,2256,Porcupine Health Unit,0.0166,146.0,1.75,0.8569,0.9419
24897,2021-11-07,2255,Peterborough County-City Health Unit,0.0129,200.0,1.35,0.9453,0.9827
24898,2021-11-07,2253,Peel Regional Health Unit,0.0164,2172.0,1.35,0.9092,0.9598
24899,2021-11-07,35,Ontario,0.0191,26155.0,1.76,0.8796,0.9665
24900,2021-11-07,2249,Northwestern Health Unit,0.0041,138.0,1.58,0.6389,0.8421
24901,2021-11-07,2247,North Bay Parry Sound District Health Unit,0.0401,175.0,1.35,0.9614,0.9899
24902,2021-11-07,2246,Niagara Regional Area Health Unit,0.034,857.0,1.81,0.9122,0.9656
24903,2021-11-07,2244,Middlesex-London Health Unit,0.0109,908.0,1.79,0.911,0.9813
24904,2021-11-07,2243,"Leeds, Grenville and Lanark District Health Unit",0.0195,190.0,1.1,0.9329,0.981
24905,2021-11-07,2242,Lambton Health Unit,0.0354,210.0,1.6,0.6214,0.9811
24906,2021-11-07,2241,"Kingston, Frontenac and Lennox and Addington Health Unit",0.0261,564.0,2.65,0.9807,0.9906
24907,2021-11-07,5183,Huron Perth Health Unit,0.0236,266.0,1.9,0.5862,0.9777
24908,2021-11-07,2238,Hastings and Prince Edward Counties Health Unit,0.0067,361.0,2.14,0.9731,0.9898
24909,2021-11-07,2236,Halton Regional Health Unit,0.0127,1025.0,1.66,0.9247,0.966
24910,2021-11-07,2235,"Haliburton, Kawartha, Pine Ridge District Health Unit",0.0096,209.0,1.11,0.8912,0.9835
24911,2021-11-07,2234,Haldimand-Norfolk Health Unit,0.0519,195.0,1.71,0.8744,0.9817
24912,2021-11-07,2233,Grey Bruce Health Unit,0.0137,261.0,1.54,0.4936,0.9706
24913,2021-11-07,2258,Eastern Ontario Health Unit,0.0195,396.0,1.9,0.8574,0.9916
24914,2021-11-07,2230,Durham Regional Health Unit,0.0156,1018.0,1.43,0.8964,0.9721
24915,2021-11-07,2226,District of Algoma Health Unit,0.0196,277.0,2.42,0.9068,0.9638
24916,2021-11-07,3895,City of Toronto Health Unit,0.0107,5605.0,1.8,0.8908,0.9543
24917,2021-11-07,2251,City of Ottawa Health Unit,0.0161,1964.0,1.86,0.8712,0.9828
24918,2021-11-07,2237,City of Hamilton Health Unit,0.0149,1111.0,1.88,0.9537,0.9786
24919,2021-11-07,2240,Chatham-Kent Health Unit,0.032,192.0,1.8,0.8888,0.9802
24920,2021-11-07,2227,Brant County Health Unit,0.0268,267.0,1.72,0.6919,0.9415
24921,2021-11-06,2270,York Regional Health Unit,0.0203,2218.0,1.81,0.9106,0.9665
24922,2021-11-06,2268,Windsor-Essex County Health Unit,0.0297,722.0,1.7,0.7668,0.9436
24923,2021-11-06,2266,Wellington-Dufferin-Guelph Health Unit,0.0208,495.0,1.59,0.9009,0.9714
24924,2021-11-06,2265,Waterloo Health Unit,0.026,896.0,1.53,0.7679,0.9689
24925,2021-11-06,2263,Timiskaming Health Unit,0.0053,54.0,1.66,0.7213,0.9372
24926,2021-11-06,2262,Thunder Bay District Health Unit,0.0205,209.0,1.4,0.8793,0.9717
24927,2021-11-06,2261,Sudbury and District Health Unit,0.0444,634.0,3.19,0.8389,0.9641
24928,2021-11-06,4913,Southwestern Public Health,0.0479,373.0,1.76,0.8511,0.9705
24929,2021-11-06,2260,Simcoe Muskoka District Health Unit,0.0265,1318.0,2.2,0.9362,0.9819
24930,2021-11-06,2257,Renfrew County and District Health Unit,0.0057,100.0,0.92,0.75,0.9778
24931,2021-11-06,2256,Porcupine Health Unit,0.0159,144.0,1.72,0.8546,0.9474
24932,2021-11-06,2255,Peterborough County-City Health Unit,0.0129,199.0,1.35,0.9528,0.984
24933,2021-11-06,2253,Peel Regional Health Unit,0.0167,2157.0,1.34,0.9168,0.9636
24934,2021-11-06,35,Ontario,0.0187,25803.0,1.74,0.8882,0.9701
24935,2021-11-06,2249,Northwestern Health Unit,0.0041,139.0,1.59,0.6531,0.8496
24936,2021-11-06,2247,North Bay Parry Sound District Health Unit,0.0416,168.0,1.3,0.9587,0.9886
24937,2021-11-06,2246,Niagara Regional Area Health Unit,0.0351,846.0,1.79,0.91,0.9645
24938,2021-11-06,2244,Middlesex-London Health Unit,0.0101,888.0,1.75,0.9165,0.9835
24939,2021-11-06,2243,"Leeds, Grenville and Lanark District Health Unit",0.0172,175.0,1.01,0.9376,0.9814
24940,2021-11-06,2242,Lambton Health Unit,0.0372,207.0,1.58,0.6009,0.9836
24941,2021-11-06,2241,"Kingston, Frontenac and Lennox and Addington Health Unit",0.0244,546.0,2.56,0.9813,0.991
24942,2021-11-06,5183,Huron Perth Health Unit,0.0246,256.0,1.83,0.5813,0.9816
24943,2021-11-06,2238,Hastings and Prince Edward Counties Health Unit,0.0074,346.0,2.05,0.9721,0.9888
24944,2021-11-06,2236,Halton Regional Health Unit,0.0127,1002.0,1.62,0.9297,0.9709
24945,2021-11-06,2235,"Haliburton, Kawartha, Pine Ridge District Health Unit",0.0084,203.0,1.08,0.8906,0.983
24946,2021-11-06,2234,Haldimand-Norfolk Health Unit,0.0503,190.0,1.67,0.8814,0.9789
24947,2021-11-06,2233,Grey Bruce Health Unit,0.0131,262.0,1.54,0.5255,0.9756
24948,2021-11-06,2258,Eastern Ontario Health Unit,0.0192,395.0,1.89,0.8822,0.9897
24949,2021-11-06,2230,Durham Regional Health Unit,0.0127,1014.0,1.42,0.9043,0.9747
24950,2021-11-06,2226,District of Algoma Health Unit,0.0164,278.0,2.43,0.9155,0.9621
24951,2021-11-06,3895,City of Toronto Health Unit,0.0107,5572.0,1.79,0.9055,0.9627
24952,2021-11-06,2251,City of Ottawa Health Unit,0.0152,1958.0,1.86,0.8906,0.9839
24953,2021-11-06,2237,City of Hamilton Health Unit,0.0158,1102.0,1.86,0.9576,0.9812
24954,2021-11-06,2240,Chatham-Kent Health Unit,0.0279,190.0,1.78,0.8853,0.9824
24955,2021-11-06,2227,Brant County Health Unit,0.0309,264.0,1.7,0.7102,0.9587
24956,2021-11-05,2270,York Regional Health Unit,0.0197,2218.0,1.81,0.9168,0.9672
24957,2021-11-05,2268,Windsor-Essex County Health Unit,0.031,714.0,1.68,0.7637,0.9445
24958,2021-11-05,2266,Wellington-Dufferin-Guelph Health Unit,0.0207,484.0,1.55,0.9004,0.9714
24959,2021-11-05,2265,Waterloo Health Unit,0.0208,878.0,1.5,0.7991,0.9696
24960,2021-11-05,2263,Timiskaming Health Unit,0.0053,54.0,1.65,0.7937,0.927
24961,2021-11-05,2262,Thunder Bay District Health Unit,0.0197,211.0,1.4,0.8739,0.9731
24962,2021-11-05,2261,Sudbury and District Health Unit,0.0414,624.0,3.14,0.8533,0.9697
24963,2021-11-05,4913,Southwestern Public Health,0.0484,369.0,1.74,0.851,0.9716
24964,2021-11-05,2260,Simcoe Muskoka District Health Unit,0.0269,1294.0,2.16,0.9366,0.9831
24965,2021-11-05,2257,Renfrew County and District Health Unit,0.0059,97.0,0.89,0.8088,0.9716
24966,2021-11-05,2256,Porcupine Health Unit,0.0129,144.0,1.73,0.857,0.9457
24967,2021-11-05,2255,Peterborough County-City Health Unit,0.0115,199.0,1.34,0.9449,0.9833
24968,2021-11-05,2253,Peel Regional Health Unit,0.0176,2143.0,1.33,0.9226,0.9643
24969,2021-11-05,35,Ontario,0.0182,25567.0,1.72,0.8929,0.9707
24970,2021-11-05,2249,Northwestern Health Unit,0.0051,139.0,1.59,0.6451,0.8428
24971,2021-11-05,2247,North Bay Parry Sound District Health Unit,0.0362,162.0,1.25,0.953,0.988
24972,2021-11-05,2246,Niagara Regional Area Health Unit,0.0341,816.0,1.73,0.9086,0.963
24973,2021-11-05,2244,Middlesex-London Health Unit,0.0094,895.0,1.76,0.9178,0.9832
24974,2021-11-05,2243,"Leeds, Grenville and Lanark District Health Unit",0.0149,173.0,1.0,0.9432,0.9825
24975,2021-11-05,2242,Lambton Health Unit,0.0353,198.0,1.51,0.6212,0.9818
24976,2021-11-05,2241,"Kingston, Frontenac and Lennox and Addington Health Unit",0.0221,530.0,2.49,0.9822,0.9921
24977,2021-11-05,5183,Huron Perth Health Unit,0.0241,255.0,1.82,0.555,0.9823
24978,2021-11-05,2238,Hastings and Prince Edward Counties Health Unit,0.0072,336.0,1.99,0.9719,0.9895
24979,2021-11-05,2236,Halton Regional Health Unit,0.0126,987.0,1.59,0.9296,0.9713
24980,2021-11-05,2235,"Haliburton, Kawartha, Pine Ridge District Health Unit",0.007,203.0,1.07,0.8801,0.9832
24981,2021-11-05,2234,Haldimand-Norfolk Health Unit,0.05,194.0,1.7,0.8854,0.9801
24982,2021-11-05,2233,Grey Bruce Health Unit,0.0145,265.0,1.56,0.5694,0.9843
24983,2021-11-05,2258,Eastern Ontario Health Unit,0.017,387.0,1.85,0.9136,0.9908
24984,2021-11-05,2230,Durham Regional Health Unit,0.01,1003.0,1.41,0.9075,0.9757
24985,2021-11-05,2226,District of Algoma Health Unit,0.0202,276.0,2.41,0.921,0.9639
24986,2021-11-05,3895,City of Toronto Health Unit,0.0108,5536.0,1.77,0.9053,0.9627
24987,2021-11-05,2251,City of Ottawa Health Unit,0.0145,1948.0,1.85,0.9009,0.9846
24988,2021-11-05,2237,City of Hamilton Health Unit,0.0159,1105.0,1.87,0.9596,0.9826
24989,2021-11-05,2240,Chatham-Kent Health Unit,0.0274,188.0,1.76,0.8935,0.9848
24990,2021-11-05,2227,Brant County Health Unit,0.0305,262.0,1.69,0.7107,0.9596
24991,2021-11-04,2270,York Regional Health Unit,0.0181,2186.0,1.78,0.9136,0.9688
24992,2021-11-04,2268,Windsor-Essex County Health Unit,0.0313,717.0,1.69,0.7489,0.95
24993,2021-11-04,2266,Wellington-Dufferin-Guelph Health Unit,0.0187,467.0,1.5,0.9023,0.977
24994,2021-11-04,2265,Waterloo Health Unit,0.0191,892.0,1.53,0.8418,0.9718
24995,2021-11-04,2263,Timiskaming Health Unit,0.0057,50.0,1.53,0.7665,0.934
24996,2021-11-04,2262,Thunder Bay District Health Unit,0.0123,209.0,1.39,0.9026,0.9716
24997,2021-11-04,2261,Sudbury and District Health Unit,0.0408,627.0,3.15,0.864,0.9706
24998,2021-11-04,4913,Southwestern Public Health,0.0483,373.0,1.76,0.8663,0.9767
24999,2021-11-04,2260,Simcoe Muskoka District Health Unit,0.0253,1267.0,2.11,0.936,0.9866
25000,2021-11-04,2257,Renfrew County and District Health Unit,0.0043,99.0,0.91,0.8248,0.9796
25001,2021-11-04,2256,Porcupine Health Unit,0.0144,139.0,1.66,0.8646,0.9672
25002,2021-11-04,2255,Peterborough County-City Health Unit,0.0103,195.0,1.32,0.9451,0.9846
25003,2021-11-04,2253,Peel Regional Health Unit,0.0178,2121.0,1.32,0.9273,0.9692
25004,2021-11-04,35,Ontario,0.0176,25170.0,1.7,0.8973,0.9739
25005,2021-11-04,2249,Northwestern Health Unit,0.0053,135.0,1.53,0.6869,0.8552
25006,2021-11-04,2247,North Bay Parry Sound District Health Unit,0.0378,147.0,1.14,0.9444,0.984
25007,2021-11-04,2246,Niagara Regional Area Health Unit,0.0321,762.0,1.61,0.9072,0.964
25008,2021-11-04,2244,Middlesex-London Health Unit,0.0102,895.0,1.76,0.9164,0.9866
25009,2021-11-04,2243,"Leeds, Grenville and Lanark District Health Unit",0.011,168.0,0.97,0.945,0.9822
25010,2021-11-04,2242,Lambton Health Unit,0.0419,198.0,1.51,0.6825,0.9845
25011,2021-11-04,2241,"Kingston, Frontenac and Lennox and Addington Health Unit",0.0181,504.0,2.37,0.9828,0.9934
25012,2021-11-04,5183,Huron Perth Health Unit,0.0225,248.0,1.77,0.5132,0.9865
25013,2021-11-04,2238,Hastings and Prince Edward Counties Health Unit,0.007,328.0,1.95,0.9742,0.992
25014,2021-11-04,2236,Halton Regional Health Unit,0.0128,959.0,1.55,0.9322,0.9747
25015,2021-11-04,2235,"Haliburton, Kawartha, Pine Ridge District Health Unit",0.0064,200.0,1.06,0.8735,0.9821
25016,2021-11-04,2234,Haldimand-Norfolk Health Unit,0.0511,187.0,1.64,0.8946,0.9847
25017,2021-11-04,2233,Grey Bruce Health Unit,0.017,261.0,1.53,0.5733,0.9839
25018,2021-11-04,2258,Eastern Ontario Health Unit,0.015,390.0,1.87,0.9274,0.9914
25019,2021-11-04,2230,Durham Regional Health Unit,0.0095,982.0,1.38,0.9177,0.98
25020,2021-11-04,2226,District of Algoma Health Unit,0.02,272.0,2.37,0.9218,0.9644
25021,2021-11-04,3895,City of Toronto Health Unit,0.0111,5477.0,1.76,0.9077,0.9664
25022,2021-11-04,2251,City of Ottawa Health Unit,0.0143,1911.0,1.81,0.9125,0.9863
25023,2021-11-04,2237,City of Hamilton Health Unit,0.016,1082.0,1.83,0.9603,0.9842
25024,2021-11-04,2240,Chatham-Kent Health Unit,0.0242,189.0,1.78,0.8942,0.985
25025,2021-11-04,2227,Brant County Health Unit,0.0256,257.0,1.66,0.7079,0.9607
25026,2021-11-03,2270,York Regional Health Unit,0.0174,2124.0,1.73,0.917,0.9723
25027,2021-11-03,2268,Windsor-Essex County Health Unit,0.0307,703.0,1.65,0.7668,0.9635
25028,2021-11-03,2266,Wellington-Dufferin-Guelph Health Unit,0.0166,447.0,1.43,0.914,0.9831
25029,2021-11-03,2265,Waterloo Health Unit,0.0194,891.0,1.53,0.8598,0.9745
25030,2021-11-03,2263,Timiskaming Health Unit,0.0094,30.0,0.93,0.8022,0.978
25031,2021-11-03,2262,Thunder Bay District Health Unit,0.0135,201.0,1.34,0.906,0.9736
25032,2021-11-03,2261,Sudbury and District Health Unit,0.0379,611.0,3.07,0.8569,0.9854
25033,2021-11-03,4913,Southwestern Public Health,0.0488,375.0,1.77,0.8765,0.9766
25034,2021-11-03,2260,Simcoe Muskoka District Health Unit,0.0243,1199.0,2.0,0.9428,0.9888
25035,2021-11-03,2257,Renfrew County and District Health Unit,0.0058,99.0,0.91,0.766,0.9791
25036,2021-11-03,2256,Porcupine Health Unit,0.0117,135.0,1.62,0.8493,0.9542
25037,2021-11-03,2255,Peterborough County-City Health Unit,0.0073,196.0,1.32,0.9542,0.9908
25038,2021-11-03,2253,Peel Regional Health Unit,0.0167,2122.0,1.32,0.9385,0.9748
25039,2021-11-03,35,Ontario,0.0168,24784.0,1.67,0.9002,0.9767
25040,2021-11-03,2249,Northwestern Health Unit,0.0044,130.0,1.48,0.7351,0.8794
25041,2021-11-03,2247,North Bay Parry Sound District Health Unit,0.0383,134.0,1.03,0.9392,0.9831
25042,2021-11-03,2246,Niagara Regional Area Health Unit,0.0316,733.0,1.55,0.9254,0.9682
25043,2021-11-03,2244,Middlesex-London Health Unit,0.011,897.0,1.77,0.9276,0.9904
25044,2021-11-03,2243,"Leeds, Grenville and Lanark District Health Unit",0.0077,167.0,0.96,0.9458,0.9831
25045,2021-11-03,2242,Lambton Health Unit,0.0378,196.0,1.5,0.7437,0.9916
25046,2021-11-03,2241,"Kingston, Frontenac and Lennox and Addington Health Unit",0.0157,508.0,2.39,0.9802,0.9913
25047,2021-11-03,5183,Huron Perth Health Unit,0.0242,230.0,1.65,0.4871,0.9322
25048,2021-11-03,2238,Hastings and Prince Edward Counties Health Unit,0.0095,314.0,1.86,0.9765,0.9922
25049,2021-11-03,2236,Halton Regional Health Unit,0.0116,938.0,1.52,0.9374,0.9773
25050,2021-11-03,2235,"Haliburton, Kawartha, Pine Ridge District Health Unit",0.0043,201.0,1.06,0.8808,0.9854
25051,2021-11-03,2234,Haldimand-Norfolk Health Unit,0.0456,182.0,1.59,0.8821,0.9833
25052,2021-11-03,2233,Grey Bruce Health Unit,0.0203,253.0,1.49,0.6108,0.9873
25053,2021-11-03,2258,Eastern Ontario Health Unit,0.0139,391.0,1.87,0.8798,0.976
25054,2021-11-03,2230,Durham Regional Health Unit,0.0083,967.0,1.36,0.9052,0.9821
25055,2021-11-03,2226,District of Algoma Health Unit,0.0218,269.0,2.35,0.9163,0.9703
25056,2021-11-03,3895,City of Toronto Health Unit,0.0107,5442.0,1.74,0.9161,0.9709
25057,2021-11-03,2251,City of Ottawa Health Unit,0.013,1925.0,1.82,0.8882,0.9838
25058,2021-11-03,2237,City of Hamilton Health Unit,0.0144,1059.0,1.79,0.9632,0.9875
25059,2021-11-03,2240,Chatham-Kent Health Unit,0.0242,183.0,1.72,0.8944,0.9898
25060,2021-11-03,2227,Brant County Health Unit,0.0237,253.0,1.63,0.7107,0.9635
25061,2021-11-02,2270,York Regional Health Unit,0.0169,2104.0,1.72,0.9163,0.9736
25062,2021-11-02,2268,Windsor-Essex County Health Unit,0.0312,715.0,1.68,0.7407,0.9639
25063,2021-11-02,2266,Wellington-Dufferin-Guelph Health Unit,0.0139,441.0,1.42,0.9175,0.9852
25064,2021-11-02,2265,Waterloo Health Unit,0.0173,853.0,1.46,0.8794,0.9767
25065,2021-11-02,2263,Timiskaming Health Unit,0.005,29.0,0.88,0.7277,0.9738
25066,2021-11-02,2262,Thunder Bay District Health Unit,0.0133,193.0,1.29,0.9005,0.9713
25067,2021-11-02,2261,Sudbury and District Health Unit,0.0417,595.0,2.99,0.8449,0.9851
25068,2021-11-02,4913,Southwestern Public Health,0.044,374.0,1.77,0.8919,0.9788
25069,2021-11-02,2260,Simcoe Muskoka District Health Unit,0.022,1150.0,1.92,0.9341,0.9898
25070,2021-11-02,2257,Renfrew County and District Health Unit,0.0112,102.0,0.94,0.7406,0.9799
25071,2021-11-02,2256,Porcupine Health Unit,0.0138,134.0,1.61,0.8077,0.9297
25072,2021-11-02,2255,Peterborough County-City Health Unit,0.006,192.0,1.3,0.9525,0.9902
25073,2021-11-02,2253,Peel Regional Health Unit,0.0165,2118.0,1.32,0.9194,0.9779
25074,2021-11-02,35,Ontario,0.0163,24421.0,1.65,0.8981,0.9778
25075,2021-11-02,2249,Northwestern Health Unit,0.0034,127.0,1.45,0.7063,0.8881
25076,2021-11-02,2247,North Bay Parry Sound District Health Unit,0.0105,122.0,0.94,0.933,0.9841
25077,2021-11-02,2246,Niagara Regional Area Health Unit,0.0325,708.0,1.5,0.932,0.9708
25078,2021-11-02,2244,Middlesex-London Health Unit,0.0103,900.0,1.77,0.9396,0.9899
25079,2021-11-02,2243,"Leeds, Grenville and Lanark District Health Unit",0.0061,164.0,0.95,0.9493,0.984
25080,2021-11-02,2242,Lambton Health Unit,0.0404,198.0,1.51,0.7767,0.9926
25081,2021-11-02,2241,"Kingston, Frontenac and Lennox and Addington Health Unit",0.0161,487.0,2.29,0.9806,0.9922
25082,2021-11-02,5183,Huron Perth Health Unit,0.0238,234.0,1.67,0.5284,0.9322
25083,2021-11-02,2238,Hastings and Prince Edward Counties Health Unit,0.0082,313.0,1.86,0.9733,0.9917
25084,2021-11-02,2236,Halton Regional Health Unit,0.0129,910.0,1.47,0.9376,0.9791
25085,2021-11-02,2235,"Haliburton, Kawartha, Pine Ridge District Health Unit",0.0049,204.0,1.08,0.8691,0.9825
25086,2021-11-02,2234,Haldimand-Norfolk Health Unit,0.0448,172.0,1.51,0.8848,0.9873
25087,2021-11-02,2233,Grey Bruce Health Unit,0.0202,248.0,1.46,0.6776,0.9886
25088,2021-11-02,2258,Eastern Ontario Health Unit,0.0119,384.0,1.84,0.851,0.9758
25089,2021-11-02,2230,Durham Regional Health Unit,0.0068,939.0,1.32,0.9105,0.9851
25090,2021-11-02,2226,District of Algoma Health Unit,0.0216,258.0,2.26,0.9037,0.9711
25091,2021-11-02,3895,City of Toronto Health Unit,0.0106,5399.0,1.73,0.9177,0.9721
25092,2021-11-02,2251,City of Ottawa Health Unit,0.0125,1891.0,1.79,0.8755,0.984
25093,2021-11-02,2237,City of Hamilton Health Unit,0.0144,1052.0,1.78,0.9668,0.9896
25094,2021-11-02,2240,Chatham-Kent Health Unit,0.0256,184.0,1.73,0.8785,0.9901
25095,2021-11-02,2227,Brant County Health Unit,0.0207,248.0,1.6,0.6933,0.965
25096,2021-11-01,2270,York Regional Health Unit,0.0149,2058.0,1.68,0.9137,0.9745
25097,2021-11-01,2268,Windsor-Essex County Health Unit,0.031,710.0,1.67,0.7574,0.9696
25098,2021-11-01,2266,Wellington-Dufferin-Guelph Health Unit,0.0098,436.0,1.4,0.9176,0.9852
25099,2021-11-01,2265,Waterloo Health Unit,0.0204,846.0,1.45,0.8807,0.9764
25100,2021-11-01,2263,Timiskaming Health Unit,0.011,26.0,0.79,0.774,0.976
25101,2021-11-01,2262,Thunder Bay District Health Unit,0.0128,189.0,1.26,0.9117,0.9786
25102,2021-11-01,2261,Sudbury and District Health Unit,0.0415,561.0,2.82,0.847,0.9859
25103,2021-11-01,4913,Southwestern Public Health,0.0424,371.0,1.75,0.8909,0.9801
25104,2021-11-01,2260,Simcoe Muskoka District Health Unit,0.0202,1077.0,1.8,0.9306,0.9897
25105,2021-11-01,2257,Renfrew County and District Health Unit,0.0104,110.0,1.01,0.7519,0.9857
25106,2021-11-01,2256,Porcupine Health Unit,0.0067,128.0,1.53,0.8031,0.9277
25107,2021-11-01,2255,Peterborough County-City Health Unit,0.0053,190.0,1.28,0.9551,0.9909
25108,2021-11-01,2253,Peel Regional Health Unit,0.0165,2129.0,1.33,0.9173,0.977
25109,2021-11-01,35,Ontario,0.0158,24060.0,1.62,0.8983,0.9778
25110,2021-11-01,2249,Northwestern Health Unit,0.0046,124.0,1.42,0.7112,0.8907
25111,2021-11-01,2247,North Bay Parry Sound District Health Unit,0.0116,123.0,0.95,0.9312,0.981
25112,2021-11-01,2246,Niagara Regional Area Health Unit,0.0302,682.0,1.44,0.9336,0.9689
25113,2021-11-01,2244,Middlesex-London Health Unit,0.0107,882.0,1.74,0.9371,0.9899
25114,2021-11-01,2243,"Leeds, Grenville and Lanark District Health Unit",0.007,164.0,0.95,0.954,0.9838
25115,2021-11-01,2242,Lambton Health Unit,0.0352,199.0,1.52,0.7857,0.991
25116,2021-11-01,2241,"Kingston, Frontenac and Lennox and Addington Health Unit",0.0157,481.0,2.26,0.9791,0.9923
25117,2021-11-01,5183,Huron Perth Health Unit,0.023,236.0,1.69,0.5222,0.932
25118,2021-11-01,2238,Hastings and Prince Edward Counties Health Unit,0.0074,308.0,1.83,0.9724,0.991
25119,2021-11-01,2236,Halton Regional Health Unit,0.0133,892.0,1.44,0.9343,0.9771
25120,2021-11-01,2235,"Haliburton, Kawartha, Pine Ridge District Health Unit",0.0036,201.0,1.06,0.8641,0.979
25121,2021-11-01,2234,Haldimand-Norfolk Health Unit,0.0399,161.0,1.41,0.8882,0.9882
25122,2021-11-01,2233,Grey Bruce Health Unit,0.019,240.0,1.42,0.6903,0.9839
25123,2021-11-01,2258,Eastern Ontario Health Unit,0.012,382.0,1.83,0.8498,0.9762
25124,2021-11-01,2230,Durham Regional Health Unit,0.0067,942.0,1.32,0.9129,0.9843
25125,2021-11-01,2226,District of Algoma Health Unit,0.0218,249.0,2.18,0.9022,0.9707
25126,2021-11-01,3895,City of Toronto Health Unit,0.0105,5337.0,1.71,0.9176,0.9721
25127,2021-11-01,2251,City of Ottawa Health Unit,0.0114,1887.0,1.79,0.8788,0.9833
25128,2021-11-01,2237,City of Hamilton Health Unit,0.0168,1037.0,1.75,0.9651,0.9891
25129,2021-11-01,2240,Chatham-Kent Health Unit,0.0278,185.0,1.74,0.8859,0.9912
25130,2021-11-01,2227,Brant County Health Unit,0.0265,237.0,1.53,0.6737,0.963
25131,2021-10-31,2270,York Regional Health Unit,0.0144,2014.0,1.64,0.9177,0.9765
25132,2021-10-31,2268,Windsor-Essex County Health Unit,0.0321,691.0,1.63,0.7411,0.9677
25133,2021-10-31,2266,Wellington-Dufferin-Guelph Health Unit,0.0085,438.0,1.4,0.9125,0.982
25134,2021-10-31,2265,Waterloo Health Unit,0.0186,838.0,1.43,0.8876,0.9764
25135,2021-10-31,2263,Timiskaming Health Unit,0.0142,30.0,0.92,0.7756,0.9805
25136,2021-10-31,2262,Thunder Bay District Health Unit,0.0092,202.0,1.34,0.9109,0.9734
25137,2021-10-31,2261,Sudbury and District Health Unit,0.0414,545.0,2.74,0.8608,0.9891
25138,2021-10-31,4913,Southwestern Public Health,0.0394,366.0,1.73,0.8952,0.9822
25139,2021-10-31,2260,Simcoe Muskoka District Health Unit,0.019,1012.0,1.69,0.9272,0.988
25140,2021-10-31,2257,Renfrew County and District Health Unit,0.0078,110.0,1.01,0.7513,0.9856
25141,2021-10-31,2256,Porcupine Health Unit,0.0046,125.0,1.49,0.807,0.9237
25142,2021-10-31,2255,Peterborough County-City Health Unit,0.0052,191.0,1.29,0.9553,0.9917
25143,2021-10-31,2253,Peel Regional Health Unit,0.0163,2119.0,1.32,0.9153,0.9754
25144,2021-10-31,35,Ontario,0.0155,23867.0,1.61,0.8953,0.9768
25145,2021-10-31,2249,Northwestern Health Unit,0.0035,124.0,1.42,0.7151,0.8965
25146,2021-10-31,2247,North Bay Parry Sound District Health Unit,0.0107,120.0,0.92,0.9319,0.9812
25147,2021-10-31,2246,Niagara Regional Area Health Unit,0.0286,664.0,1.41,0.8612,0.9594
25148,2021-10-31,2244,Middlesex-London Health Unit,0.0126,874.0,1.72,0.9346,0.9895
25149,2021-10-31,2243,"Leeds, Grenville and Lanark District Health Unit",0.0059,169.0,0.98,0.9468,0.9836
25150,2021-10-31,2242,Lambton Health Unit,0.0291,206.0,1.58,0.7611,0.9927
25151,2021-10-31,2241,"Kingston, Frontenac and Lennox and Addington Health Unit",0.015,475.0,2.23,0.9786,0.9919
25152,2021-10-31,5183,Huron Perth Health Unit,0.0222,231.0,1.65,0.5032,0.9186
25153,2021-10-31,2238,Hastings and Prince Edward Counties Health Unit,0.0063,316.0,1.88,0.9775,0.9942
25154,2021-10-31,2236,Halton Regional Health Unit,0.013,887.0,1.43,0.9499,0.976
25155,2021-10-31,2235,"Haliburton, Kawartha, Pine Ridge District Health Unit",0.0021,201.0,1.06,0.8857,0.9844
25156,2021-10-31,2234,Haldimand-Norfolk Health Unit,0.0382,161.0,1.41,0.8682,0.9783
25157,2021-10-31,2233,Grey Bruce Health Unit,0.0215,239.0,1.41,0.6516,0.9628
25158,2021-10-31,2258,Eastern Ontario Health Unit,0.0159,396.0,1.9,0.8498,0.9757
25159,2021-10-31,2230,Durham Regional Health Unit,0.0062,943.0,1.32,0.9127,0.9849
25160,2021-10-31,2226,District of Algoma Health Unit,0.0208,240.0,2.1,0.9071,0.9769
25161,2021-10-31,3895,City of Toronto Health Unit,0.0108,5337.0,1.71,0.9161,0.972
25162,2021-10-31,2251,City of Ottawa Health Unit,0.0127,1871.0,1.77,0.8764,0.981
25163,2021-10-31,2237,City of Hamilton Health Unit,0.0153,1016.0,1.72,0.9662,0.9882
25164,2021-10-31,2240,Chatham-Kent Health Unit,0.0246,197.0,1.85,0.8818,0.9906
25165,2021-10-31,2227,Brant County Health Unit,0.0247,237.0,1.53,0.6703,0.9612
25166,2021-10-30,2270,York Regional Health Unit,0.0128,2013.0,1.64,0.9202,0.9764
25167,2021-10-30,2268,Windsor-Essex County Health Unit,0.0343,684.0,1.61,0.7465,0.9684
25168,2021-10-30,2266,Wellington-Dufferin-Guelph Health Unit,0.009,444.0,1.42,0.9109,0.9814
25169,2021-10-30,2265,Waterloo Health Unit,0.0173,842.0,1.44,0.8892,0.9789
25170,2021-10-30,2263,Timiskaming Health Unit,0.0148,29.0,0.89,0.7833,0.9803
25171,2021-10-30,2262,Thunder Bay District Health Unit,0.0086,200.0,1.33,0.908,0.9703
25172,2021-10-30,2261,Sudbury and District Health Unit,0.0396,530.0,2.66,0.8518,0.9879
25173,2021-10-30,4913,Southwestern Public Health,0.0384,372.0,1.76,0.9008,0.9807
25174,2021-10-30,2260,Simcoe Muskoka District Health Unit,0.0179,1014.0,1.69,0.927,0.9872
25175,2021-10-30,2257,Renfrew County and District Health Unit,0.0078,110.0,1.02,0.7932,0.9864
25176,2021-10-30,2256,Porcupine Health Unit,0.0046,125.0,1.5,0.8142,0.9197
25177,2021-10-30,2255,Peterborough County-City Health Unit,0.0053,190.0,1.28,0.9544,0.9931
25178,2021-10-30,2253,Peel Regional Health Unit,0.0159,2118.0,1.32,0.9158,0.9752
25179,2021-10-30,35,Ontario,0.0152,23834.0,1.61,0.895,0.9757
25180,2021-10-30,2249,Northwestern Health Unit,0.0035,124.0,1.41,0.7188,0.8878
25181,2021-10-30,2247,North Bay Parry Sound District Health Unit,0.0106,121.0,0.93,0.9322,0.9801
25182,2021-10-30,2246,Niagara Regional Area Health Unit,0.0277,659.0,1.4,0.8394,0.9572
25183,2021-10-30,2244,Middlesex-London Health Unit,0.0142,884.0,1.74,0.9356,0.9883
25184,2021-10-30,2243,"Leeds, Grenville and Lanark District Health Unit",0.005,173.0,1.0,0.943,0.9827
25185,2021-10-30,2242,Lambton Health Unit,0.0274,209.0,1.59,0.7741,0.9927
25186,2021-10-30,2241,"Kingston, Frontenac and Lennox and Addington Health Unit",0.0156,459.0,2.16,0.9775,0.9917
25187,2021-10-30,5183,Huron Perth Health Unit,0.0242,224.0,1.6,0.5247,0.918
25188,2021-10-30,2238,Hastings and Prince Edward Counties Health Unit,0.0058,322.0,1.91,0.9795,0.9948
25189,2021-10-30,2236,Halton Regional Health Unit,0.0136,892.0,1.44,0.9496,0.9752
25190,2021-10-30,2235,"Haliburton, Kawartha, Pine Ridge District Health Unit",0.0014,206.0,1.09,0.8902,0.9869
25191,2021-10-30,2234,Haldimand-Norfolk Health Unit,0.0381,158.0,1.38,0.8595,0.9753
25192,2021-10-30,2233,Grey Bruce Health Unit,0.0231,235.0,1.38,0.6292,0.9598
25193,2021-10-30,2258,Eastern Ontario Health Unit,0.0152,403.0,1.93,0.8486,0.9749
25194,2021-10-30,2230,Durham Regional Health Unit,0.0067,943.0,1.32,0.9117,0.9849
25195,2021-10-30,2226,District of Algoma Health Unit,0.0192,231.0,2.01,0.9085,0.9793
25196,2021-10-30,3895,City of Toronto Health Unit,0.0106,5307.0,1.7,0.9146,0.9689
25197,2021-10-30,2251,City of Ottawa Health Unit,0.0127,1886.0,1.79,0.8705,0.9799
25198,2021-10-30,2237,City of Hamilton Health Unit,0.0146,1010.0,1.71,0.9664,0.989
25199,2021-10-30,2240,Chatham-Kent Health Unit,0.0254,197.0,1.85,0.865,0.9908
25200,2021-10-30,2227,Brant County Health Unit,0.0195,234.0,1.51,0.6872,0.9478
25201,2021-10-29,2270,York Regional Health Unit,0.0128,1974.0,1.61,0.9187,0.9731
25202,2021-10-29,2268,Windsor-Essex County Health Unit,0.0325,677.0,1.59,0.7693,0.9652
25203,2021-10-29,2266,Wellington-Dufferin-Guelph Health Unit,0.0091,453.0,1.45,0.9146,0.9788
25204,2021-10-29,2265,Waterloo Health Unit,0.0186,829.0,1.42,0.8899,0.9736
25205,2021-10-29,2263,Timiskaming Health Unit,0.0147,29.0,0.89,0.7124,0.9785
25206,2021-10-29,2262,Thunder Bay District Health Unit,0.0093,200.0,1.34,0.9155,0.9721
25207,2021-10-29,2261,Sudbury and District Health Unit,0.0416,512.0,2.57,0.8425,0.9846
25208,2021-10-29,4913,Southwestern Public Health,0.0386,374.0,1.77,0.8956,0.9783
25209,2021-10-29,2260,Simcoe Muskoka District Health Unit,0.0163,988.0,1.65,0.9204,0.9834
25210,2021-10-29,2257,Renfrew County and District Health Unit,0.0074,116.0,1.07,0.7593,0.9826
25211,2021-10-29,2256,Porcupine Health Unit,0.0047,122.0,1.46,0.8259,0.923
25212,2021-10-29,2255,Peterborough County-City Health Unit,0.0053,190.0,1.28,0.9476,0.9934
25213,2021-10-29,2253,Peel Regional Health Unit,0.0152,2121.0,1.32,0.9128,0.9722
25214,2021-10-29,35,Ontario,0.0149,23768.0,1.6,0.8946,0.9738
25215,2021-10-29,2249,Northwestern Health Unit,0.0033,128.0,1.46,0.713,0.8864
25216,2021-10-29,2247,North Bay Parry Sound District Health Unit,0.0106,121.0,0.93,0.9302,0.979
25217,2021-10-29,2246,Niagara Regional Area Health Unit,0.0283,657.0,1.39,0.8382,0.9564
25218,2021-10-29,2244,Middlesex-London Health Unit,0.014,890.0,1.75,0.9414,0.9866
25219,2021-10-29,2243,"Leeds, Grenville and Lanark District Health Unit",0.005,172.0,0.99,0.9259,0.9793
25220,2021-10-29,2242,Lambton Health Unit,0.0293,219.0,1.68,0.7577,0.9934
25221,2021-10-29,2241,"Kingston, Frontenac and Lennox and Addington Health Unit",0.0162,441.0,2.08,0.9754,0.9896
25222,2021-10-29,5183,Huron Perth Health Unit,0.0247,225.0,1.61,0.5794,0.9212
25223,2021-10-29,2238,Hastings and Prince Edward Counties Health Unit,0.0061,326.0,1.93,0.9787,0.9944
25224,2021-10-29,2236,Halton Regional Health Unit,0.0122,889.0,1.44,0.9458,0.9709
25225,2021-10-29,2235,"Haliburton, Kawartha, Pine Ridge District Health Unit",0.0014,207.0,1.1,0.8909,0.9857
25226,2021-10-29,2234,Haldimand-Norfolk Health Unit,0.0403,156.0,1.37,0.8513,0.9673
25227,2021-10-29,2233,Grey Bruce Health Unit,0.0203,232.0,1.37,0.5994,0.9545
25228,2021-10-29,2258,Eastern Ontario Health Unit,0.0154,399.0,1.91,0.8385,0.9762
25229,2021-10-29,2230,Durham Regional Health Unit,0.0071,947.0,1.33,0.9091,0.9831
25230,2021-10-29,2226,District of Algoma Health Unit,0.0184,217.0,1.9,0.8914,0.9749
25231,2021-10-29,3895,City of Toronto Health Unit,0.01,5343.0,1.71,0.9164,0.9687
25232,2021-10-29,2251,City of Ottawa Health Unit,0.0124,1884.0,1.79,0.8739,0.979
25233,2021-10-29,2237,City of Hamilton Health Unit,0.0148,1002.0,1.69,0.9651,0.9866
25234,2021-10-29,2240,Chatham-Kent Health Unit,0.0267,198.0,1.86,0.8624,0.9914
25235,2021-10-29,2227,Brant County Health Unit,0.0187,237.0,1.53,0.6934,0.9481
25236,2021-10-28,2270,York Regional Health Unit,0.0126,1957.0,1.6,0.9081,0.9667
25237,2021-10-28,2268,Windsor-Essex County Health Unit,0.0305,676.0,1.59,0.7665,0.9555
25238,2021-10-28,2266,Wellington-Dufferin-Guelph Health Unit,0.0095,467.0,1.5,0.9147,0.976
25239,2021-10-28,2265,Waterloo Health Unit,0.0182,816.0,1.4,0.8899,0.9591
25240,2021-10-28,2263,Timiskaming Health Unit,0.019,30.0,0.92,0.7481,0.9809
25241,2021-10-28,2262,Thunder Bay District Health Unit,0.0081,195.0,1.3,0.8469,0.9299
25242,2021-10-28,2261,Sudbury and District Health Unit,0.0418,486.0,2.44,0.8302,0.9835
25243,2021-10-28,4913,Southwestern Public Health,0.0379,366.0,1.73,0.8896,0.9744
25244,2021-10-28,2260,Simcoe Muskoka District Health Unit,0.016,958.0,1.6,0.9135,0.9792
25245,2021-10-28,2257,Renfrew County and District Health Unit,0.0066,109.0,1.0,0.7566,0.9837
25246,2021-10-28,2256,Porcupine Health Unit,0.0035,121.0,1.45,0.8101,0.9079
25247,2021-10-28,2255,Peterborough County-City Health Unit,0.0029,196.0,1.32,0.9481,0.9916
25248,2021-10-28,2253,Peel Regional Health Unit,0.0146,2158.0,1.34,0.9075,0.9646
25249,2021-10-28,35,Ontario,0.0146,23773.0,1.6,0.8876,0.968
25250,2021-10-28,2249,Northwestern Health Unit,0.0033,132.0,1.5,0.6828,0.8562
25251,2021-10-28,2247,North Bay Parry Sound District Health Unit,0.0079,127.0,0.98,0.9333,0.9746
25252,2021-10-28,2246,Niagara Regional Area Health Unit,0.0275,681.0,1.44,0.8329,0.9513
25253,2021-10-28,2244,Middlesex-London Health Unit,0.0148,914.0,1.8,0.9221,0.9811
25254,2021-10-28,2243,"Leeds, Grenville and Lanark District Health Unit",0.0049,173.0,1.0,0.9225,0.9788
25255,2021-10-28,2242,Lambton Health Unit,0.0275,213.0,1.63,0.6879,0.9918
25256,2021-10-28,2241,"Kingston, Frontenac and Lennox and Addington Health Unit",0.0166,421.0,1.98,0.9725,0.9884
25257,2021-10-28,5183,Huron Perth Health Unit,0.0264,238.0,1.7,0.5681,0.9163
25258,2021-10-28,2238,Hastings and Prince Edward Counties Health Unit,0.0064,333.0,1.98,0.9776,0.9928
25259,2021-10-28,2236,Halton Regional Health Unit,0.0119,901.0,1.46,0.9395,0.9655
25260,2021-10-28,2235,"Haliburton, Kawartha, Pine Ridge District Health Unit",0.0014,211.0,1.12,0.8928,0.9877
25261,2021-10-28,2234,Haldimand-Norfolk Health Unit,0.0317,153.0,1.34,0.8443,0.9634
25262,2021-10-28,2233,Grey Bruce Health Unit,0.0212,223.0,1.31,0.5649,0.9466
25263,2021-10-28,2258,Eastern Ontario Health Unit,0.0144,407.0,1.95,0.8407,0.9753
25264,2021-10-28,2230,Durham Regional Health Unit,0.0061,968.0,1.36,0.8966,0.9757
25265,2021-10-28,2226,District of Algoma Health Unit,0.0229,206.0,1.8,0.8875,0.9699
25266,2021-10-28,3895,City of Toronto Health Unit,0.0095,5321.0,1.71,0.9147,0.9639
25267,2021-10-28,2251,City of Ottawa Health Unit,0.0119,1891.0,1.79,0.8656,0.977
25268,2021-10-28,2237,City of Hamilton Health Unit,0.0159,1006.0,1.7,0.9628,0.9822
25269,2021-10-28,2240,Chatham-Kent Health Unit,0.0332,198.0,1.86,0.8677,0.9881
25270,2021-10-28,2227,Brant County Health Unit,0.02,236.0,1.52,0.6927,0.9409
25271,2021-10-27,2270,York Regional Health Unit,0.0135,1977.0,1.61,0.9149,0.9718
25272,2021-10-27,2268,Windsor-Essex County Health Unit,0.0299,673.0,1.59,0.7833,0.9582
25273,2021-10-27,2266,Wellington-Dufferin-Guelph Health Unit,0.0096,476.0,1.53,0.9154,0.9788
25274,2021-10-27,2265,Waterloo Health Unit,0.0182,800.0,1.37,0.8977,0.9632
25275,2021-10-27,2263,Timiskaming Health Unit,0.0154,37.0,1.13,0.7462,0.9848
25276,2021-10-27,2262,Thunder Bay District Health Unit,0.0096,194.0,1.3,0.842,0.9223
25277,2021-10-27,2261,Sudbury and District Health Unit,0.042,480.0,2.41,0.8607,0.9796
25278,2021-10-27,4913,Southwestern Public Health,0.036,361.0,1.71,0.8879,0.9803
25279,2021-10-27,2260,Simcoe Muskoka District Health Unit,0.0148,973.0,1.62,0.9181,0.9824
25280,2021-10-27,2257,Renfrew County and District Health Unit,0.0076,113.0,1.04,0.8019,0.9879
25281,2021-10-27,2256,Porcupine Health Unit,0.0037,117.0,1.4,0.7952,0.885
25282,2021-10-27,2255,Peterborough County-City Health Unit,0.0028,204.0,1.38,0.9547,0.9945
25283,2021-10-27,2253,Peel Regional Health Unit,0.016,2172.0,1.35,0.9105,0.9684
25284,2021-10-27,35,Ontario,0.0146,23857.0,1.61,0.8943,0.9716
25285,2021-10-27,2249,Northwestern Health Unit,0.0031,137.0,1.56,0.6837,0.8519
25286,2021-10-27,2247,North Bay Parry Sound District Health Unit,0.0084,136.0,1.05,0.9437,0.9799
25287,2021-10-27,2246,Niagara Regional Area Health Unit,0.0278,698.0,1.48,0.8368,0.9555
25288,2021-10-27,2244,Middlesex-London Health Unit,0.014,908.0,1.79,0.9042,0.9818
25289,2021-10-27,2243,"Leeds, Grenville and Lanark District Health Unit",0.0041,176.0,1.02,0.9302,0.9829
25290,2021-10-27,2242,Lambton Health Unit,0.0259,220.0,1.68,0.6131,0.9938
25291,2021-10-27,2241,"Kingston, Frontenac and Lennox and Addington Health Unit",0.0182,384.0,1.81,0.9763,0.9917
25292,2021-10-27,5183,Huron Perth Health Unit,0.0232,228.0,1.63,0.5617,0.9779
25293,2021-10-27,2238,Hastings and Prince Edward Counties Health Unit,0.0055,338.0,2.01,0.9766,0.9921
25294,2021-10-27,2236,Halton Regional Health Unit,0.0119,914.0,1.48,0.9438,0.9711
25295,2021-10-27,2235,"Haliburton, Kawartha, Pine Ridge District Health Unit",0.0021,207.0,1.09,0.9019,0.9857
25296,2021-10-27,2234,Haldimand-Norfolk Health Unit,0.0337,153.0,1.34,0.8632,0.9672
25297,2021-10-27,2233,Grey Bruce Health Unit,0.0196,219.0,1.29,0.5595,0.9455
25298,2021-10-27,2258,Eastern Ontario Health Unit,0.013,419.0,2.01,0.8849,0.9924
25299,2021-10-27,2230,Durham Regional Health Unit,0.007,982.0,1.38,0.9161,0.9781
25300,2021-10-27,2226,District of Algoma Health Unit,0.0182,188.0,1.64,0.9028,0.9734
25301,2021-10-27,3895,City of Toronto Health Unit,0.0095,5374.0,1.72,0.9173,0.9667
25302,2021-10-27,2251,City of Ottawa Health Unit,0.0127,1852.0,1.76,0.9007,0.9813
25303,2021-10-27,2237,City of Hamilton Health Unit,0.016,1012.0,1.71,0.9628,0.983
25304,2021-10-27,2240,Chatham-Kent Health Unit,0.0299,205.0,1.93,0.8452,0.9888
25305,2021-10-27,2227,Brant County Health Unit,0.0195,241.0,1.55,0.7003,0.9423
25306,2021-10-26,2270,York Regional Health Unit,0.0138,1976.0,1.61,0.9071,0.9723
25307,2021-10-26,2268,Windsor-Essex County Health Unit,0.0285,661.0,1.55,0.7716,0.9603
25308,2021-10-26,2266,Wellington-Dufferin-Guelph Health Unit,0.0114,488.0,1.56,0.9103,0.9766
25309,2021-10-26,2265,Waterloo Health Unit,0.0182,785.0,1.34,0.8893,0.9627
25310,2021-10-26,2263,Timiskaming Health Unit,0.0191,37.0,1.15,0.7669,0.985
25311,2021-10-26,2262,Thunder Bay District Health Unit,0.0113,203.0,1.35,0.7629,0.9176
25312,2021-10-26,2261,Sudbury and District Health Unit,0.0376,482.0,2.42,0.8679,0.9709
25313,2021-10-26,4913,Southwestern Public Health,0.0367,366.0,1.73,0.8846,0.9787
25314,2021-10-26,2260,Simcoe Muskoka District Health Unit,0.0158,988.0,1.65,0.9224,0.9835
25315,2021-10-26,2257,Renfrew County and District Health Unit,0.0052,111.0,1.02,0.815,0.99
25316,2021-10-26,2256,Porcupine Health Unit,0.0012,115.0,1.37,0.8393,0.9023
25317,2021-10-26,2255,Peterborough County-City Health Unit,0.0021,209.0,1.41,0.9568,0.9945
25318,2021-10-26,2253,Peel Regional Health Unit,0.0167,2195.0,1.37,0.9304,0.9663
25319,2021-10-26,35,Ontario,0.0148,23938.0,1.61,0.8936,0.9709
25320,2021-10-26,2249,Northwestern Health Unit,0.0042,137.0,1.56,0.7178,0.8412
25321,2021-10-26,2247,North Bay Parry Sound District Health Unit,0.0082,139.0,1.07,0.9443,0.9771
25322,2021-10-26,2246,Niagara Regional Area Health Unit,0.0285,696.0,1.47,0.8295,0.9534
25323,2021-10-26,2244,Middlesex-London Health Unit,0.0153,906.0,1.78,0.9019,0.9821
25324,2021-10-26,2243,"Leeds, Grenville and Lanark District Health Unit",0.0023,184.0,1.06,0.9207,0.9834
25325,2021-10-26,2242,Lambton Health Unit,0.0264,233.0,1.78,0.6213,0.9932
25326,2021-10-26,2241,"Kingston, Frontenac and Lennox and Addington Health Unit",0.0153,382.0,1.8,0.9741,0.9911
25327,2021-10-26,5183,Huron Perth Health Unit,0.02,228.0,1.63,0.5201,0.9796
25328,2021-10-26,2238,Hastings and Prince Edward Counties Health Unit,0.0058,342.0,2.03,0.9805,0.9939
25329,2021-10-26,2236,Halton Regional Health Unit,0.0109,932.0,1.51,0.939,0.9693
25330,2021-10-26,2235,"Haliburton, Kawartha, Pine Ridge District Health Unit",0.002,212.0,1.12,0.9129,0.9895
25331,2021-10-26,2234,Haldimand-Norfolk Health Unit,0.0303,151.0,1.32,0.8333,0.9667
25332,2021-10-26,2233,Grey Bruce Health Unit,0.0192,216.0,1.27,0.5725,0.9456
25333,2021-10-26,2258,Eastern Ontario Health Unit,0.0152,422.0,2.02,0.8955,0.9899
25334,2021-10-26,2230,Durham Regional Health Unit,0.008,1002.0,1.41,0.9165,0.9789
25335,2021-10-26,2226,District of Algoma Health Unit,0.0168,187.0,1.64,0.9099,0.9702
25336,2021-10-26,3895,City of Toronto Health Unit,0.0098,5352.0,1.72,0.9157,0.9653
25337,2021-10-26,2251,City of Ottawa Health Unit,0.0133,1838.0,1.74,0.8972,0.9818
25338,2021-10-26,2237,City of Hamilton Health Unit,0.0157,1020.0,1.72,0.9568,0.9822
25339,2021-10-26,2240,Chatham-Kent Health Unit,0.0315,209.0,1.96,0.8566,0.9865
25340,2021-10-26,2227,Brant County Health Unit,0.0216,244.0,1.57,0.725,0.9435
25341,2021-10-25,2270,York Regional Health Unit,0.0138,1986.0,1.62,0.907,0.9702
25342,2021-10-25,2268,Windsor-Essex County Health Unit,0.026,682.0,1.6,0.7232,0.9537
25343,2021-10-25,2266,Wellington-Dufferin-Guelph Health Unit,0.0124,497.0,1.59,0.9103,0.9765
25344,2021-10-25,2265,Waterloo Health Unit,0.0153,786.0,1.34,0.883,0.9622
25345,2021-10-25,2263,Timiskaming Health Unit,0.0185,39.0,1.18,0.75,0.9846
25346,2021-10-25,2262,Thunder Bay District Health Unit,0.0085,202.0,1.35,0.731,0.9056
25347,2021-10-25,2261,Sudbury and District Health Unit,0.0337,474.0,2.38,0.872,0.9727
25348,2021-10-25,4913,Southwestern Public Health,0.0369,364.0,1.72,0.8859,0.9774
25349,2021-10-25,2260,Simcoe Muskoka District Health Unit,0.0145,983.0,1.64,0.9217,0.9827
25350,2021-10-25,2257,Renfrew County and District Health Unit,0.006,120.0,1.1,0.8175,0.9913
25351,2021-10-25,2256,Porcupine Health Unit,0.0012,115.0,1.38,0.8417,0.9045
25352,2021-10-25,2255,Peterborough County-City Health Unit,0.0034,211.0,1.42,0.9558,0.9946
25353,2021-10-25,2253,Peel Regional Health Unit,0.0165,2211.0,1.38,0.9278,0.9652
25354,2021-10-25,35,Ontario,0.0146,24032.0,1.62,0.8903,0.9695
25355,2021-10-25,2249,Northwestern Health Unit,0.0031,138.0,1.57,0.7297,0.8469
25356,2021-10-25,2247,North Bay Parry Sound District Health Unit,0.007,142.0,1.1,0.9428,0.9758
25357,2021-10-25,2246,Niagara Regional Area Health Unit,0.0301,689.0,1.46,0.8212,0.952
25358,2021-10-25,2244,Middlesex-London Health Unit,0.0182,909.0,1.79,0.904,0.9822
25359,2021-10-25,2243,"Leeds, Grenville and Lanark District Health Unit",0.0015,186.0,1.07,0.9148,0.9818
25360,2021-10-25,2242,Lambton Health Unit,0.0337,242.0,1.85,0.6507,0.9938
25361,2021-10-25,2241,"Kingston, Frontenac and Lennox and Addington Health Unit",0.0116,370.0,1.74,0.9745,0.99
25362,2021-10-25,5183,Huron Perth Health Unit,0.0168,247.0,1.77,0.5382,0.9796
25363,2021-10-25,2238,Hastings and Prince Edward Counties Health Unit,0.006,356.0,2.11,0.9794,0.9933
25364,2021-10-25,2236,Halton Regional Health Unit,0.0107,937.0,1.51,0.9378,0.9687
25365,2021-10-25,2235,"Haliburton, Kawartha, Pine Ridge District Health Unit",0.0039,219.0,1.16,0.9119,0.9859
25366,2021-10-25,2234,Haldimand-Norfolk Health Unit,0.0336,145.0,1.27,0.8235,0.9631
25367,2021-10-25,2233,Grey Bruce Health Unit,0.0186,215.0,1.27,0.5825,0.9478
25368,2021-10-25,2258,Eastern Ontario Health Unit,0.0159,423.0,2.02,0.8965,0.9899
25369,2021-10-25,2230,Durham Regional Health Unit,0.0082,1010.0,1.42,0.9158,0.9793
25370,2021-10-25,2226,District of Algoma Health Unit,0.0162,176.0,1.54,0.8987,0.9651
25371,2021-10-25,3895,City of Toronto Health Unit,0.0097,5393.0,1.73,0.9133,0.9627
25372,2021-10-25,2251,City of Ottawa Health Unit,0.0137,1790.0,1.7,0.8932,0.9814
25373,2021-10-25,2237,City of Hamilton Health Unit,0.015,1020.0,1.72,0.9534,0.9804
25374,2021-10-25,2240,Chatham-Kent Health Unit,0.0314,214.0,2.01,0.8388,0.9862
25375,2021-10-25,2227,Brant County Health Unit,0.0195,256.0,1.65,0.7323,0.9444
25376,2021-10-24,2270,York Regional Health Unit,0.0129,2009.0,1.64,0.9022,0.9696
25377,2021-10-24,2268,Windsor-Essex County Health Unit,0.0283,672.0,1.58,0.6947,0.955
25378,2021-10-24,2266,Wellington-Dufferin-Guelph Health Unit,0.0106,501.0,1.61,0.9178,0.9796
25379,2021-10-24,2265,Waterloo Health Unit,0.0166,793.0,1.36,0.8798,0.9625
25380,2021-10-24,2263,Timiskaming Health Unit,0.0269,37.0,1.14,0.7695,0.9922
25381,2021-10-24,2262,Thunder Bay District Health Unit,0.0094,182.0,1.21,0.7179,0.9106
25382,2021-10-24,2261,Sudbury and District Health Unit,0.0384,480.0,2.41,0.8822,0.973
25383,2021-10-24,4913,Southwestern Public Health,0.0396,361.0,1.71,0.8847,0.9774
25384,2021-10-24,2260,Simcoe Muskoka District Health Unit,0.0147,1002.0,1.67,0.9234,0.9839
25385,2021-10-24,2257,Renfrew County and District Health Unit,0.0075,115.0,1.06,0.8154,0.9901
25386,2021-10-24,2256,Porcupine Health Unit,0.0038,112.0,1.34,0.8484,0.9134
25387,2021-10-24,2255,Peterborough County-City Health Unit,0.004,213.0,1.44,0.9374,0.9948
25388,2021-10-24,2253,Peel Regional Health Unit,0.0171,2237.0,1.39,0.9255,0.9618
25389,2021-10-24,35,Ontario,0.0147,24116.0,1.63,0.8913,0.9701
25390,2021-10-24,2249,Northwestern Health Unit,0.002,142.0,1.62,0.753,0.8567
25391,2021-10-24,2247,North Bay Parry Sound District Health Unit,0.0086,150.0,1.16,0.9416,0.9746
25392,2021-10-24,2246,Niagara Regional Area Health Unit,0.0281,676.0,1.43,0.8894,0.961
25393,2021-10-24,2244,Middlesex-London Health Unit,0.0183,914.0,1.8,0.9025,0.9835
25394,2021-10-24,2243,"Leeds, Grenville and Lanark District Health Unit",0.0023,184.0,1.06,0.904,0.9756
25395,2021-10-24,2242,Lambton Health Unit,0.0403,252.0,1.92,0.6624,0.993
25396,2021-10-24,2241,"Kingston, Frontenac and Lennox and Addington Health Unit",0.0096,372.0,1.75,0.9728,0.9882
25397,2021-10-24,5183,Huron Perth Health Unit,0.0115,260.0,1.86,0.5422,0.9884
25398,2021-10-24,2238,Hastings and Prince Edward Counties Health Unit,0.0068,360.0,2.13,0.9781,0.9936
25399,2021-10-24,2236,Halton Regional Health Unit,0.0108,953.0,1.54,0.9356,0.9691
25400,2021-10-24,2235,"Haliburton, Kawartha, Pine Ridge District Health Unit",0.0057,224.0,1.19,0.8342,0.9851
25401,2021-10-24,2234,Haldimand-Norfolk Health Unit,0.0309,148.0,1.3,0.8452,0.9718
25402,2021-10-24,2233,Grey Bruce Health Unit,0.0115,212.0,1.25,0.6305,0.9745
25403,2021-10-24,2258,Eastern Ontario Health Unit,0.0129,411.0,1.97,0.8923,0.9862
25404,2021-10-24,2230,Durham Regional Health Unit,0.0101,1037.0,1.46,0.9134,0.9779
25405,2021-10-24,2226,District of Algoma Health Unit,0.0178,160.0,1.4,0.8975,0.9655
25406,2021-10-24,3895,City of Toronto Health Unit,0.009,5375.0,1.72,0.9136,0.9626
25407,2021-10-24,2251,City of Ottawa Health Unit,0.0131,1767.0,1.68,0.892,0.9823
25408,2021-10-24,2237,City of Hamilton Health Unit,0.0169,1046.0,1.77,0.9557,0.9815
25409,2021-10-24,2240,Chatham-Kent Health Unit,0.0338,212.0,1.99,0.8378,0.9857
25410,2021-10-24,2227,Brant County Health Unit,0.0201,256.0,1.65,0.7404,0.9438
25411,2021-10-23,2270,York Regional Health Unit,0.0131,2014.0,1.64,0.8951,0.9666
25412,2021-10-23,2268,Windsor-Essex County Health Unit,0.0272,684.0,1.61,0.6529,0.9535
25413,2021-10-23,2266,Wellington-Dufferin-Guelph Health Unit,0.0115,507.0,1.63,0.9237,0.9811
25414,2021-10-23,2265,Waterloo Health Unit,0.0166,785.0,1.34,0.8834,0.9624
25415,2021-10-23,2263,Timiskaming Health Unit,0.0303,38.0,1.15,0.7426,0.9926
25416,2021-10-23,2262,Thunder Bay District Health Unit,0.0103,180.0,1.2,0.7189,0.9132
25417,2021-10-23,2261,Sudbury and District Health Unit,0.0391,483.0,2.43,0.888,0.9713
25418,2021-10-23,4913,Southwestern Public Health,0.0391,355.0,1.68,0.8769,0.981
25419,2021-10-23,2260,Simcoe Muskoka District Health Unit,0.0151,1006.0,1.68,0.9107,0.9833
25420,2021-10-23,2257,Renfrew County and District Health Unit,0.0087,115.0,1.06,0.7684,0.9905
25421,2021-10-23,2256,Porcupine Health Unit,0.0038,112.0,1.34,0.8445,0.9113
25422,2021-10-23,2255,Peterborough County-City Health Unit,0.0059,216.0,1.46,0.9205,0.9851
25423,2021-10-23,2253,Peel Regional Health Unit,0.018,2251.0,1.4,0.9207,0.9605
25424,2021-10-23,35,Ontario,0.0149,24201.0,1.63,0.8827,0.967
25425,2021-10-23,2249,Northwestern Health Unit,0.003,144.0,1.64,0.7089,0.8488
25426,2021-10-23,2247,North Bay Parry Sound District Health Unit,0.0085,151.0,1.16,0.9384,0.9744
25427,2021-10-23,2246,Niagara Regional Area Health Unit,0.0269,679.0,1.44,0.9109,0.9641
25428,2021-10-23,2244,Middlesex-London Health Unit,0.0191,914.0,1.8,0.8991,0.9837
25429,2021-10-23,2243,"Leeds, Grenville and Lanark District Health Unit",0.0039,183.0,1.06,0.8978,0.9773
25430,2021-10-23,2242,Lambton Health Unit,0.0406,250.0,1.91,0.6538,0.9921
25431,2021-10-23,2241,"Kingston, Frontenac and Lennox and Addington Health Unit",0.0084,374.0,1.76,0.9729,0.9889
25432,2021-10-23,5183,Huron Perth Health Unit,0.0121,259.0,1.85,0.5242,0.9864
25433,2021-10-23,2238,Hastings and Prince Edward Counties Health Unit,0.0062,367.0,2.18,0.9758,0.9912
25434,2021-10-23,2236,Halton Regional Health Unit,0.0098,958.0,1.55,0.935,0.9681
25435,2021-10-23,2235,"Haliburton, Kawartha, Pine Ridge District Health Unit",0.0076,225.0,1.19,0.8209,0.9698
25436,2021-10-23,2234,Haldimand-Norfolk Health Unit,0.0314,150.0,1.31,0.8564,0.9761
25437,2021-10-23,2233,Grey Bruce Health Unit,0.01,215.0,1.27,0.6715,0.9772
25438,2021-10-23,2258,Eastern Ontario Health Unit,0.0141,404.0,1.94,0.8858,0.987
25439,2021-10-23,2230,Durham Regional Health Unit,0.0104,1044.0,1.47,0.9103,0.976
25440,2021-10-23,2226,District of Algoma Health Unit,0.0166,155.0,1.35,0.8784,0.9653
25441,2021-10-23,3895,City of Toronto Health Unit,0.0093,5401.0,1.73,0.894,0.9534
25442,2021-10-23,2251,City of Ottawa Health Unit,0.0131,1755.0,1.66,0.8879,0.9816
25443,2021-10-23,2237,City of Hamilton Health Unit,0.017,1057.0,1.78,0.9513,0.9768
25444,2021-10-23,2240,Chatham-Kent Health Unit,0.0328,218.0,2.05,0.8539,0.9857
25445,2021-10-23,2227,Brant County Health Unit,0.0192,261.0,1.68,0.7281,0.9437
25446,2021-10-22,2270,York Regional Health Unit,0.0127,2031.0,1.66,0.8944,0.967
25447,2021-10-22,2268,Windsor-Essex County Health Unit,0.0265,685.0,1.61,0.6411,0.9553
25448,2021-10-22,2266,Wellington-Dufferin-Guelph Health Unit,0.013,506.0,1.62,0.9201,0.9816
25449,2021-10-22,2265,Waterloo Health Unit,0.0158,787.0,1.35,0.8819,0.9642
25450,2021-10-22,2263,Timiskaming Health Unit,0.0305,37.0,1.15,0.7978,0.9888
25451,2021-10-22,2262,Thunder Bay District Health Unit,0.0086,182.0,1.21,0.7157,0.9089
25452,2021-10-22,2261,Sudbury and District Health Unit,0.0377,473.0,2.38,0.885,0.9745
25453,2021-10-22,4913,Southwestern Public Health,0.0379,350.0,1.66,0.8762,0.9807
25454,2021-10-22,2260,Simcoe Muskoka District Health Unit,0.0158,1022.0,1.7,0.9112,0.9856
25455,2021-10-22,2257,Renfrew County and District Health Unit,0.0092,109.0,1.0,0.7809,0.991
25456,2021-10-22,2256,Porcupine Health Unit,0.0039,110.0,1.32,0.8258,0.8949
25457,2021-10-22,2255,Peterborough County-City Health Unit,0.0058,221.0,1.49,0.9322,0.9857
25458,2021-10-22,2253,Peel Regional Health Unit,0.0195,2272.0,1.41,0.9139,0.9605
25459,2021-10-22,35,Ontario,0.0151,24292.0,1.64,0.8797,0.9653
25460,2021-10-22,2249,Northwestern Health Unit,0.002,141.0,1.61,0.716,0.8468
25461,2021-10-22,2247,North Bay Parry Sound District Health Unit,0.0113,151.0,1.17,0.9353,0.9738
25462,2021-10-22,2246,Niagara Regional Area Health Unit,0.0254,681.0,1.44,0.9138,0.9665
25463,2021-10-22,2244,Middlesex-London Health Unit,0.0184,917.0,1.81,0.8929,0.9832
25464,2021-10-22,2243,"Leeds, Grenville and Lanark District Health Unit",0.0046,187.0,1.08,0.904,0.9784
25465,2021-10-22,2242,Lambton Health Unit,0.0433,247.0,1.89,0.6647,0.9914
25466,2021-10-22,2241,"Kingston, Frontenac and Lennox and Addington Health Unit",0.0067,385.0,1.81,0.9771,0.9912
25467,2021-10-22,5183,Huron Perth Health Unit,0.0122,258.0,1.85,0.4827,0.9855
25468,2021-10-22,2238,Hastings and Prince Edward Counties Health Unit,0.0054,373.0,2.21,0.9771,0.9918
25469,2021-10-22,2236,Halton Regional Health Unit,0.0109,973.0,1.57,0.9322,0.9697
25470,2021-10-22,2235,"Haliburton, Kawartha, Pine Ridge District Health Unit",0.0088,244.0,1.29,0.8299,0.9707
25471,2021-10-22,2234,Haldimand-Norfolk Health Unit,0.0291,147.0,1.29,0.8643,0.9834
25472,2021-10-22,2233,Grey Bruce Health Unit,0.0097,220.0,1.29,0.6957,0.9788
25473,2021-10-22,2258,Eastern Ontario Health Unit,0.016,412.0,1.97,0.887,0.985
25474,2021-10-22,2230,Durham Regional Health Unit,0.0113,1051.0,1.47,0.9149,0.9764
25475,2021-10-22,2226,District of Algoma Health Unit,0.0107,146.0,1.28,0.8708,0.9642
25476,2021-10-22,3895,City of Toronto Health Unit,0.0095,5401.0,1.73,0.8847,0.9436
25477,2021-10-22,2251,City of Ottawa Health Unit,0.0145,1744.0,1.65,0.8803,0.9811
25478,2021-10-22,2237,City of Hamilton Health Unit,0.0174,1057.0,1.78,0.9519,0.9774
25479,2021-10-22,2240,Chatham-Kent Health Unit,0.0328,222.0,2.09,0.8506,0.9855
25480,2021-10-22,2227,Brant County Health Unit,0.0188,258.0,1.66,0.7227,0.9425
25481,2021-10-21,2270,York Regional Health Unit,0.0131,2090.0,1.71,0.8854,0.9664
25482,2021-10-21,2268,Windsor-Essex County Health Unit,0.0293,707.0,1.66,0.648,0.9575
25483,2021-10-21,2266,Wellington-Dufferin-Guelph Health Unit,0.0123,513.0,1.64,0.9132,0.9788
25484,2021-10-21,2265,Waterloo Health Unit,0.0162,787.0,1.35,0.8839,0.9713
25485,2021-10-21,2263,Timiskaming Health Unit,0.0244,41.0,1.25,0.6387,0.9452
25486,2021-10-21,2262,Thunder Bay District Health Unit,0.0087,180.0,1.2,0.7826,0.956
25487,2021-10-21,2261,Sudbury and District Health Unit,0.035,461.0,2.32,0.8818,0.9596
25488,2021-10-21,4913,Southwestern Public Health,0.032,357.0,1.69,0.8765,0.9825
25489,2021-10-21,2260,Simcoe Muskoka District Health Unit,0.0158,1056.0,1.76,0.9123,0.9837
25490,2021-10-21,2257,Renfrew County and District Health Unit,0.0124,115.0,1.06,0.7705,0.9913
25491,2021-10-21,2256,Porcupine Health Unit,0.0052,110.0,1.31,0.825,0.8875
25492,2021-10-21,2255,Peterborough County-City Health Unit,0.0082,228.0,1.54,0.9258,0.9841
25493,2021-10-21,2253,Peel Regional Health Unit,0.0223,2287.0,1.42,0.9088,0.9594
25494,2021-10-21,35,Ontario,0.0156,24573.0,1.66,0.8751,0.9639
25495,2021-10-21,2249,Northwestern Health Unit,0.0021,137.0,1.56,0.7546,0.8933
25496,2021-10-21,2247,North Bay Parry Sound District Health Unit,0.0132,151.0,1.17,0.9426,0.979
25497,2021-10-21,2246,Niagara Regional Area Health Unit,0.025,669.0,1.42,0.9014,0.9685
25498,2021-10-21,2244,Middlesex-London Health Unit,0.0161,896.0,1.77,0.9114,0.9848
25499,2021-10-21,2243,"Leeds, Grenville and Lanark District Health Unit",0.0052,193.0,1.11,0.9003,0.9796
25500,2021-10-21,2242,Lambton Health Unit,0.0442,252.0,1.93,0.7288,0.9913
25501,2021-10-21,2241,"Kingston, Frontenac and Lennox and Addington Health Unit",0.0078,419.0,1.97,0.9775,0.9912
25502,2021-10-21,5183,Huron Perth Health Unit,0.0092,249.0,1.78,0.477,0.9863
25503,2021-10-21,2238,Hastings and Prince Edward Counties Health Unit,0.0052,383.0,2.27,0.9749,0.991
25504,2021-10-21,2236,Halton Regional Health Unit,0.0104,977.0,1.58,0.9319,0.9687
25505,2021-10-21,2235,"Haliburton, Kawartha, Pine Ridge District Health Unit",0.0093,245.0,1.3,0.8133,0.9711
25506,2021-10-21,2234,Haldimand-Norfolk Health Unit,0.0242,147.0,1.29,0.8635,0.9832
25507,2021-10-21,2233,Grey Bruce Health Unit,0.0098,234.0,1.38,0.7458,0.9871
25508,2021-10-21,2258,Eastern Ontario Health Unit,0.0191,442.0,2.12,0.877,0.9856
25509,2021-10-21,2230,Durham Regional Health Unit,0.013,1075.0,1.51,0.9179,0.9782
25510,2021-10-21,2226,District of Algoma Health Unit,0.0042,135.0,1.18,0.8606,0.9719
25511,2021-10-21,3895,City of Toronto Health Unit,0.0098,5464.0,1.75,0.866,0.935
25512,2021-10-21,2251,City of Ottawa Health Unit,0.0158,1716.0,1.63,0.8741,0.9816
25513,2021-10-21,2237,City of Hamilton Health Unit,0.0178,1083.0,1.83,0.9504,0.976
25514,2021-10-21,2240,Chatham-Kent Health Unit,0.0286,225.0,2.11,0.8428,0.9855
25515,2021-10-21,2227,Brant County Health Unit,0.0261,257.0,1.65,0.6923,0.9454
25516,2021-10-20,2270,York Regional Health Unit,0.012,2139.0,1.75,0.879,0.9635
25517,2021-10-20,2268,Windsor-Essex County Health Unit,0.0306,742.0,1.75,0.6321,0.9573
25518,2021-10-20,2266,Wellington-Dufferin-Guelph Health Unit,0.0129,520.0,1.67,0.8811,0.9803
25519,2021-10-20,2265,Waterloo Health Unit,0.0157,799.0,1.37,0.8881,0.9716
25520,2021-10-20,2263,Timiskaming Health Unit,0.0277,36.0,1.11,0.6413,0.9483
25521,2021-10-20,2262,Thunder Bay District Health Unit,0.0047,182.0,1.21,0.8082,0.972
25522,2021-10-20,2261,Sudbury and District Health Unit,0.0341,466.0,2.34,0.8758,0.9655
25523,2021-10-20,4913,Southwestern Public Health,0.0342,360.0,1.7,0.8835,0.9842
25524,2021-10-20,2260,Simcoe Muskoka District Health Unit,0.0164,1078.0,1.8,0.9037,0.9849
25525,2021-10-20,2257,Renfrew County and District Health Unit,0.0143,120.0,1.1,0.8152,0.9931
25526,2021-10-20,2256,Porcupine Health Unit,0.0065,109.0,1.31,0.8392,0.932
25527,2021-10-20,2255,Peterborough County-City Health Unit,0.0096,223.0,1.51,0.9146,0.9835
25528,2021-10-20,2253,Peel Regional Health Unit,0.0233,2333.0,1.45,0.8937,0.9595
25529,2021-10-20,35,Ontario,0.0158,25008.0,1.69,0.8713,0.9647
25530,2021-10-20,2249,Northwestern Health Unit,0.0021,135.0,1.54,0.7478,0.9015
25531,2021-10-20,2247,North Bay Parry Sound District Health Unit,0.0123,151.0,1.16,0.935,0.9777
25532,2021-10-20,2246,Niagara Regional Area Health Unit,0.0217,664.0,1.41,0.9,0.9727
25533,2021-10-20,2244,Middlesex-London Health Unit,0.0168,916.0,1.81,0.9213,0.9845
25534,2021-10-20,2243,"Leeds, Grenville and Lanark District Health Unit",0.0051,194.0,1.12,0.894,0.9801
25535,2021-10-20,2242,Lambton Health Unit,0.0491,250.0,1.91,0.826,0.9889
25536,2021-10-20,2241,"Kingston, Frontenac and Lennox and Addington Health Unit",0.0083,450.0,2.11,0.9793,0.9923
25537,2021-10-20,5183,Huron Perth Health Unit,0.0126,261.0,1.86,0.4841,0.989
25538,2021-10-20,2238,Hastings and Prince Edward Counties Health Unit,0.0051,417.0,2.47,0.9747,0.9912
25539,2021-10-20,2236,Halton Regional Health Unit,0.0114,993.0,1.6,0.9332,0.9697
25540,2021-10-20,2235,"Haliburton, Kawartha, Pine Ridge District Health Unit",0.0092,263.0,1.39,0.8057,0.9747
25541,2021-10-20,2234,Haldimand-Norfolk Health Unit,0.0241,148.0,1.3,0.8476,0.9821
25542,2021-10-20,2233,Grey Bruce Health Unit,0.0085,235.0,1.38,0.7478,0.9895
25543,2021-10-20,2258,Eastern Ontario Health Unit,0.0183,452.0,2.16,0.8867,0.9856
25544,2021-10-20,2230,Durham Regional Health Unit,0.012,1085.0,1.52,0.9109,0.9795
25545,2021-10-20,2226,District of Algoma Health Unit,0.0051,140.0,1.22,0.8509,0.9761
25546,2021-10-20,3895,City of Toronto Health Unit,0.0105,5518.0,1.77,0.8615,0.9346
25547,2021-10-20,2251,City of Ottawa Health Unit,0.0154,1749.0,1.66,0.8685,0.9831
25548,2021-10-20,2237,City of Hamilton Health Unit,0.0192,1100.0,1.86,0.9545,0.9772
25549,2021-10-20,2240,Chatham-Kent Health Unit,0.0345,223.0,2.1,0.8485,0.9862
25550,2021-10-20,2227,Brant County Health Unit,0.0237,260.0,1.67,0.6689,0.9459
25551,2021-10-19,2270,York Regional Health Unit,0.0121,2234.0,1.82,0.8794,0.9629
25552,2021-10-19,2268,Windsor-Essex County Health Unit,0.0319,744.0,1.75,0.6488,0.9536
25553,2021-10-19,2266,Wellington-Dufferin-Guelph Health Unit,0.0123,544.0,1.74,0.8795,0.9814
25554,2021-10-19,2265,Waterloo Health Unit,0.0152,838.0,1.43,0.9008,0.9722
25555,2021-10-19,2263,Timiskaming Health Unit,0.019,45.0,1.38,0.6707,0.9461
25556,2021-10-19,2262,Thunder Bay District Health Unit,0.0032,177.0,1.18,0.9431,0.9794
25557,2021-10-19,2261,Sudbury and District Health Unit,0.0282,471.0,2.36,0.8883,0.9753
25558,2021-10-19,4913,Southwestern Public Health,0.0395,366.0,1.73,0.8939,0.9826
25559,2021-10-19,2260,Simcoe Muskoka District Health Unit,0.0154,1112.0,1.85,0.9066,0.9781
25560,2021-10-19,2257,Renfrew County and District Health Unit,0.0123,127.0,1.17,0.8369,0.9897
25561,2021-10-19,2256,Porcupine Health Unit,0.0066,109.0,1.3,0.8379,0.9327
25562,2021-10-19,2255,Peterborough County-City Health Unit,0.0147,223.0,1.51,0.9157,0.9836
25563,2021-10-19,2253,Peel Regional Health Unit,0.0228,2457.0,1.53,0.8934,0.9613
25564,2021-10-19,35,Ontario,0.0154,25871.0,1.74,0.8795,0.9639
25565,2021-10-19,2249,Northwestern Health Unit,0.0031,137.0,1.56,0.7778,0.9096
25566,2021-10-19,2247,North Bay Parry Sound District Health Unit,0.0123,151.0,1.16,0.9388,0.9746
25567,2021-10-19,2246,Niagara Regional Area Health Unit,0.0182,692.0,1.46,0.9021,0.9728
25568,2021-10-19,2244,Middlesex-London Health Unit,0.0148,946.0,1.86,0.927,0.9852
25569,2021-10-19,2243,"Leeds, Grenville and Lanark District Health Unit",0.0059,194.0,1.12,0.9027,0.9794
25570,2021-10-19,2242,Lambton Health Unit,0.0538,252.0,1.93,0.854,0.9897
25571,2021-10-19,2241,"Kingston, Frontenac and Lennox and Addington Health Unit",0.0098,469.0,2.2,0.9805,0.993
25572,2021-10-19,5183,Huron Perth Health Unit,0.0167,274.0,1.96,0.5388,0.9854
25573,2021-10-19,2238,Hastings and Prince Edward Counties Health Unit,0.0052,440.0,2.61,0.9768,0.9917
25574,2021-10-19,2236,Halton Regional Health Unit,0.0111,1019.0,1.65,0.9379,0.969
25575,2021-10-19,2235,"Haliburton, Kawartha, Pine Ridge District Health Unit",0.0086,284.0,1.5,0.8071,0.9673
25576,2021-10-19,2234,Haldimand-Norfolk Health Unit,0.0199,151.0,1.32,0.8802,0.981
25577,2021-10-19,2233,Grey Bruce Health Unit,0.0085,253.0,1.49,0.7649,0.9858
25578,2021-10-19,2258,Eastern Ontario Health Unit,0.0173,495.0,2.37,0.906,0.9883
25579,2021-10-19,2230,Durham Regional Health Unit,0.0121,1112.0,1.56,0.9033,0.9788
25580,2021-10-19,2226,District of Algoma Health Unit,0.0062,137.0,1.2,0.8755,0.9812
25581,2021-10-19,3895,City of Toronto Health Unit,0.0101,5705.0,1.83,0.8633,0.9303
25582,2021-10-19,2251,City of Ottawa Health Unit,0.0145,1768.0,1.68,0.8986,0.9831
25583,2021-10-19,2237,City of Hamilton Health Unit,0.019,1130.0,1.91,0.9607,0.9782
25584,2021-10-19,2240,Chatham-Kent Health Unit,0.0351,236.0,2.22,0.8462,0.9895
25585,2021-10-19,2227,Brant County Health Unit,0.0225,273.0,1.76,0.6786,0.9452
25586,2021-10-18,2270,York Regional Health Unit,0.0116,2307.0,1.88,0.8754,0.9643
25587,2021-10-18,2268,Windsor-Essex County Health Unit,0.0358,766.0,1.8,0.6642,0.9514
25588,2021-10-18,2266,Wellington-Dufferin-Guelph Health Unit,0.014,573.0,1.84,0.8671,0.978
25589,2021-10-18,2265,Waterloo Health Unit,0.0146,859.0,1.47,0.9024,0.9704
25590,2021-10-18,2263,Timiskaming Health Unit,0.0117,49.0,1.49,0.6516,0.9419
25591,2021-10-18,2262,Thunder Bay District Health Unit,0.003,188.0,1.25,0.9373,0.9695
25592,2021-10-18,2261,Sudbury and District Health Unit,0.0252,493.0,2.47,0.8784,0.9745
25593,2021-10-18,4913,Southwestern Public Health,0.0374,386.0,1.83,0.8869,0.9828
25594,2021-10-18,2260,Simcoe Muskoka District Health Unit,0.0158,1174.0,1.96,0.903,0.9769
25595,2021-10-18,2257,Renfrew County and District Health Unit,0.0121,118.0,1.09,0.7957,0.9866
25596,2021-10-18,2256,Porcupine Health Unit,0.008,107.0,1.28,0.8218,0.9278
25597,2021-10-18,2255,Peterborough County-City Health Unit,0.0138,228.0,1.54,0.9122,0.9827
25598,2021-10-18,2253,Peel Regional Health Unit,0.0238,2531.0,1.58,0.8916,0.9603
25599,2021-10-18,35,Ontario,0.0158,26630.0,1.8,0.8758,0.9629
25600,2021-10-18,2249,Northwestern Health Unit,0.0051,141.0,1.61,0.7417,0.8792
25601,2021-10-18,2247,North Bay Parry Sound District Health Unit,0.012,155.0,1.19,0.9418,0.9769
25602,2021-10-18,2246,Niagara Regional Area Health Unit,0.0161,682.0,1.44,0.896,0.9718
25603,2021-10-18,2244,Middlesex-London Health Unit,0.0126,973.0,1.92,0.9218,0.9845
25604,2021-10-18,2243,"Leeds, Grenville and Lanark District Health Unit",0.0064,200.0,1.15,0.8934,0.9792
25605,2021-10-18,2242,Lambton Health Unit,0.0533,265.0,2.02,0.8406,0.9886
25606,2021-10-18,2241,"Kingston, Frontenac and Lennox and Addington Health Unit",0.0094,486.0,2.29,0.9801,0.9938
25607,2021-10-18,5183,Huron Perth Health Unit,0.0177,274.0,1.96,0.5142,0.9813
25608,2021-10-18,2238,Hastings and Prince Edward Counties Health Unit,0.0058,467.0,2.77,0.9762,0.9911
25609,2021-10-18,2236,Halton Regional Health Unit,0.0102,1024.0,1.65,0.9381,0.9683
25610,2021-10-18,2235,"Haliburton, Kawartha, Pine Ridge District Health Unit",0.0071,301.0,1.59,0.7914,0.9674
25611,2021-10-18,2234,Haldimand-Norfolk Health Unit,0.0205,153.0,1.34,0.8664,0.9812
25612,2021-10-18,2233,Grey Bruce Health Unit,0.008,268.0,1.58,0.7612,0.9882
25613,2021-10-18,2258,Eastern Ontario Health Unit,0.0276,518.0,2.48,0.8998,0.9856
25614,2021-10-18,2230,Durham Regional Health Unit,0.0124,1155.0,1.62,0.8815,0.9715
25615,2021-10-18,2226,District of Algoma Health Unit,0.0049,146.0,1.28,0.8754,0.9803
25616,2021-10-18,3895,City of Toronto Health Unit,0.0108,5812.0,1.86,0.86,0.9301
25617,2021-10-18,2251,City of Ottawa Health Unit,0.0158,1831.0,1.74,0.8976,0.9817
25618,2021-10-18,2237,City of Hamilton Health Unit,0.0201,1160.0,1.96,0.9622,0.9784
25619,2021-10-18,2240,Chatham-Kent Health Unit,0.0348,242.0,2.28,0.8622,0.9887
25620,2021-10-18,2227,Brant County Health Unit,0.0203,281.0,1.81,0.6623,0.9424
25621,2021-10-17,2270,York Regional Health Unit,0.0131,2261.0,1.84,0.8604,0.9649
25622,2021-10-17,2268,Windsor-Essex County Health Unit,0.0363,748.0,1.76,0.6942,0.9551
25623,2021-10-17,2266,Wellington-Dufferin-Guelph Health Unit,0.0185,532.0,1.71,0.8674,0.9791
25624,2021-10-17,2265,Waterloo Health Unit,0.0143,838.0,1.43,0.9067,0.9728
25625,2021-10-17,2263,Timiskaming Health Unit,0.0032,44.0,1.35,0.6254,0.9063
25626,2021-10-17,2262,Thunder Bay District Health Unit,0.0026,165.0,1.1,0.9393,0.9692
25627,2021-10-17,2261,Sudbury and District Health Unit,0.0176,462.0,2.32,0.8787,0.9764
25628,2021-10-17,4913,Southwestern Public Health,0.0364,365.0,1.73,0.8845,0.9835
25629,2021-10-17,2260,Simcoe Muskoka District Health Unit,0.0163,1080.0,1.8,0.9016,0.9781
25630,2021-10-17,2257,Renfrew County and District Health Unit,0.0122,105.0,0.97,0.788,0.9867
25631,2021-10-17,2256,Porcupine Health Unit,0.0063,91.0,1.09,0.8119,0.9263
25632,2021-10-17,2255,Peterborough County-City Health Unit,0.0129,211.0,1.42,0.9341,0.9823
25633,2021-10-17,2253,Peel Regional Health Unit,0.0246,2354.0,1.47,0.894,0.9643
25634,2021-10-17,35,Ontario,0.0164,25093.0,1.69,0.8726,0.9626
25635,2021-10-17,2249,Northwestern Health Unit,0.0059,121.0,1.38,0.7245,0.8717
25636,2021-10-17,2247,North Bay Parry Sound District Health Unit,0.0137,136.0,1.05,0.9443,0.9797
25637,2021-10-17,2246,Niagara Regional Area Health Unit,0.0165,650.0,1.38,0.9013,0.9782
25638,2021-10-17,2244,Middlesex-London Health Unit,0.0126,928.0,1.83,0.9205,0.9836
25639,2021-10-17,2243,"Leeds, Grenville and Lanark District Health Unit",0.0086,182.0,1.05,0.9038,0.9858
25640,2021-10-17,2242,Lambton Health Unit,0.0509,227.0,1.74,0.8064,0.9879
25641,2021-10-17,2241,"Kingston, Frontenac and Lennox and Addington Health Unit",0.0126,466.0,2.19,0.9817,0.996
25642,2021-10-17,5183,Huron Perth Health Unit,0.0231,235.0,1.68,0.5144,0.9778
25643,2021-10-17,2238,Hastings and Prince Edward Counties Health Unit,0.0058,446.0,2.65,0.974,0.9908
25644,2021-10-17,2236,Halton Regional Health Unit,0.0118,980.0,1.58,0.9427,0.9707
25645,2021-10-17,2235,"Haliburton, Kawartha, Pine Ridge District Health Unit",0.0063,273.0,1.44,0.8299,0.963
25646,2021-10-17,2234,Haldimand-Norfolk Health Unit,0.0177,129.0,1.13,0.8379,0.9725
25647,2021-10-17,2233,Grey Bruce Health Unit,0.0085,252.0,1.48,0.7526,0.9861
25648,2021-10-17,2258,Eastern Ontario Health Unit,0.0335,495.0,2.37,0.8831,0.9887
25649,2021-10-17,2230,Durham Regional Health Unit,0.0121,1063.0,1.49,0.8637,0.9751
25650,2021-10-17,2226,District of Algoma Health Unit,0.0042,135.0,1.18,0.87,0.9805
25651,2021-10-17,3895,City of Toronto Health Unit,0.0116,5500.0,1.76,0.8527,0.9226
25652,2021-10-17,2251,City of Ottawa Health Unit,0.0161,1739.0,1.65,0.9005,0.9844
25653,2021-10-17,2237,City of Hamilton Health Unit,0.0193,1089.0,1.84,0.9619,0.9797
25654,2021-10-17,2240,Chatham-Kent Health Unit,0.0396,234.0,2.2,0.8653,0.9921
25655,2021-10-17,2227,Brant County Health Unit,0.0202,262.0,1.69,0.6519,0.9432
25656,2021-10-16,2270,York Regional Health Unit,0.0135,2284.0,1.86,0.8517,0.9656
25657,2021-10-16,2268,Windsor-Essex County Health Unit,0.0364,754.0,1.77,0.7186,0.9539
25658,2021-10-16,2266,Wellington-Dufferin-Guelph Health Unit,0.0181,529.0,1.7,0.8629,0.9778
25659,2021-10-16,2265,Waterloo Health Unit,0.0151,840.0,1.44,0.8989,0.9696
25660,2021-10-16,2263,Timiskaming Health Unit,0.0032,45.0,1.39,0.6424,0.8956
25661,2021-10-16,2262,Thunder Bay District Health Unit,0.0026,163.0,1.09,0.9384,0.967
25662,2021-10-16,2261,Sudbury and District Health Unit,0.0156,457.0,2.3,0.8803,0.9769
25663,2021-10-16,4913,Southwestern Public Health,0.0375,370.0,1.75,0.8936,0.9804
25664,2021-10-16,2260,Simcoe Muskoka District Health Unit,0.0164,1073.0,1.79,0.911,0.9774
25665,2021-10-16,2257,Renfrew County and District Health Unit,0.0121,106.0,0.98,0.841,0.9833
25666,2021-10-16,2256,Porcupine Health Unit,0.0063,90.0,1.08,0.8029,0.9279
25667,2021-10-16,2255,Peterborough County-City Health Unit,0.011,208.0,1.41,0.9448,0.992
25668,2021-10-16,2253,Peel Regional Health Unit,0.0249,2339.0,1.46,0.8969,0.962
25669,2021-10-16,35,Ontario,0.0166,25001.0,1.69,0.8735,0.9628
25670,2021-10-16,2249,Northwestern Health Unit,0.0048,118.0,1.35,0.7001,0.8383
25671,2021-10-16,2247,North Bay Parry Sound District Health Unit,0.0127,135.0,1.04,0.9527,0.9821
25672,2021-10-16,2246,Niagara Regional Area Health Unit,0.0173,653.0,1.38,0.8972,0.975
25673,2021-10-16,2244,Middlesex-London Health Unit,0.0109,921.0,1.82,0.9188,0.983
25674,2021-10-16,2243,"Leeds, Grenville and Lanark District Health Unit",0.0078,183.0,1.05,0.9109,0.985
25675,2021-10-16,2242,Lambton Health Unit,0.0511,226.0,1.73,0.7975,0.9868
25676,2021-10-16,2241,"Kingston, Frontenac and Lennox and Addington Health Unit",0.0155,461.0,2.17,0.9823,0.996
25677,2021-10-16,5183,Huron Perth Health Unit,0.0211,237.0,1.69,0.5176,0.9798
25678,2021-10-16,2238,Hastings and Prince Edward Counties Health Unit,0.0068,444.0,2.63,0.9767,0.9926
25679,2021-10-16,2236,Halton Regional Health Unit,0.0132,974.0,1.57,0.9402,0.9682
25680,2021-10-16,2235,"Haliburton, Kawartha, Pine Ridge District Health Unit",0.0052,275.0,1.45,0.8374,0.9741
25681,2021-10-16,2234,Haldimand-Norfolk Health Unit,0.0186,131.0,1.14,0.8438,0.9677
25682,2021-10-16,2233,Grey Bruce Health Unit,0.0085,252.0,1.48,0.7177,0.9846
25683,2021-10-16,2258,Eastern Ontario Health Unit,0.033,497.0,2.38,0.8717,0.9875
25684,2021-10-16,2230,Durham Regional Health Unit,0.0118,1067.0,1.5,0.8628,0.9751
25685,2021-10-16,2226,District of Algoma Health Unit,0.0044,131.0,1.14,0.8721,0.977
25686,2021-10-16,3895,City of Toronto Health Unit,0.0122,5432.0,1.74,0.8611,0.9267
25687,2021-10-16,2251,City of Ottawa Health Unit,0.016,1723.0,1.63,0.902,0.9865
25688,2021-10-16,2237,City of Hamilton Health Unit,0.0207,1086.0,1.83,0.9636,0.9827
25689,2021-10-16,2240,Chatham-Kent Health Unit,0.0386,237.0,2.23,0.8533,0.9913
25690,2021-10-16,2227,Brant County Health Unit,0.0196,262.0,1.69,0.6291,0.9192
25691,2021-10-15,2270,York Regional Health Unit,0.0138,2336.0,1.91,0.8536,0.9687
25692,2021-10-15,2268,Windsor-Essex County Health Unit,0.0375,757.0,1.78,0.7342,0.9574
25693,2021-10-15,2266,Wellington-Dufferin-Guelph Health Unit,0.0171,535.0,1.71,0.8606,0.9792
25694,2021-10-15,2265,Waterloo Health Unit,0.0146,842.0,1.44,0.8863,0.9711
25695,2021-10-15,2263,Timiskaming Health Unit,0.0032,45.0,1.38,0.686,0.9118
25696,2021-10-15,2262,Thunder Bay District Health Unit,0.0027,160.0,1.07,0.9331,0.9644
25697,2021-10-15,2261,Sudbury and District Health Unit,0.0145,454.0,2.28,0.8857,0.9768
25698,2021-10-15,4913,Southwestern Public Health,0.0385,367.0,1.74,0.8912,0.9786
25699,2021-10-15,2260,Simcoe Muskoka District Health Unit,0.0157,1070.0,1.79,0.9126,0.9779
25700,2021-10-15,2257,Renfrew County and District Health Unit,0.0117,110.0,1.01,0.7522,0.9922
25701,2021-10-15,2256,Porcupine Health Unit,0.0065,88.0,1.06,0.8113,0.9387
25702,2021-10-15,2255,Peterborough County-City Health Unit,0.0105,218.0,1.47,0.9284,0.9924
25703,2021-10-15,2253,Peel Regional Health Unit,0.0251,2347.0,1.46,0.9052,0.964
25704,2021-10-15,35,Ontario,0.0166,25311.0,1.71,0.8749,0.9658
25705,2021-10-15,2249,Northwestern Health Unit,0.0049,116.0,1.33,0.6625,0.8275
25706,2021-10-15,2247,North Bay Parry Sound District Health Unit,0.0094,137.0,1.06,0.9596,0.9834
25707,2021-10-15,2246,Niagara Regional Area Health Unit,0.0195,660.0,1.4,0.9,0.9752
25708,2021-10-15,2244,Middlesex-London Health Unit,0.0114,916.0,1.81,0.9167,0.9848
25709,2021-10-15,2243,"Leeds, Grenville and Lanark District Health Unit",0.0071,182.0,1.05,0.9179,0.9872
25710,2021-10-15,2242,Lambton Health Unit,0.0459,224.0,1.71,0.7935,0.9873
25711,2021-10-15,2241,"Kingston, Frontenac and Lennox and Addington Health Unit",0.0165,459.0,2.16,0.981,0.9961
25712,2021-10-15,5183,Huron Perth Health Unit,0.0201,241.0,1.73,0.5132,0.9805
25713,2021-10-15,2238,Hastings and Prince Edward Counties Health Unit,0.0087,443.0,2.63,0.9746,0.9925
25714,2021-10-15,2236,Halton Regional Health Unit,0.0121,977.0,1.58,0.9472,0.9707
25715,2021-10-15,2235,"Haliburton, Kawartha, Pine Ridge District Health Unit",0.0044,259.0,1.37,0.8325,0.9731
25716,2021-10-15,2234,Haldimand-Norfolk Health Unit,0.0204,133.0,1.16,0.8361,0.9643
25717,2021-10-15,2233,Grey Bruce Health Unit,0.0092,248.0,1.46,0.6931,0.9853
25718,2021-10-15,2258,Eastern Ontario Health Unit,0.0327,511.0,2.45,0.8677,0.9895
25719,2021-10-15,2230,Durham Regional Health Unit,0.0118,1079.0,1.51,0.8599,0.9766
25720,2021-10-15,2226,District of Algoma Health Unit,0.0044,131.0,1.15,0.8642,0.9752
25721,2021-10-15,3895,City of Toronto Health Unit,0.0127,5579.0,1.79,0.8726,0.9367
25722,2021-10-15,2251,City of Ottawa Health Unit,0.015,1743.0,1.65,0.8915,0.9849
25723,2021-10-15,2237,City of Hamilton Health Unit,0.0198,1109.0,1.87,0.9638,0.9839
25724,2021-10-15,2240,Chatham-Kent Health Unit,0.036,242.0,2.28,0.8222,0.991
25725,2021-10-15,2227,Brant County Health Unit,0.017,294.0,1.9,0.6303,0.92
25726,2021-10-14,2270,York Regional Health Unit,0.0156,2389.0,1.95,0.8704,0.9716
25727,2021-10-14,2268,Windsor-Essex County Health Unit,0.036,778.0,1.83,0.6962,0.9366
25728,2021-10-14,2266,Wellington-Dufferin-Guelph Health Unit,0.0179,535.0,1.72,0.8672,0.9843
25729,2021-10-14,2265,Waterloo Health Unit,0.0133,861.0,1.47,0.8944,0.9747
25730,2021-10-14,2263,Timiskaming Health Unit,0.0028,52.0,1.58,0.8229,0.9457
25731,2021-10-14,2262,Thunder Bay District Health Unit,0.0026,164.0,1.09,0.9262,0.9631
25732,2021-10-14,2261,Sudbury and District Health Unit,0.0165,451.0,2.27,0.9037,0.9936
25733,2021-10-14,4913,Southwestern Public Health,0.0427,361.0,1.71,0.8939,0.9812
25734,2021-10-14,2260,Simcoe Muskoka District Health Unit,0.0146,1087.0,1.81,0.9125,0.9772
25735,2021-10-14,2257,Renfrew County and District Health Unit,0.0115,112.0,1.03,0.7464,0.9868
25736,2021-10-14,2256,Porcupine Health Unit,0.0047,91.0,1.09,0.8393,0.9675
25737,2021-10-14,2255,Peterborough County-City Health Unit,0.0121,224.0,1.51,0.9032,0.9831
25738,2021-10-14,2253,Peel Regional Health Unit,0.0238,2387.0,1.49,0.9103,0.9691
25739,2021-10-14,35,Ontario,0.0167,25715.0,1.73,0.8781,0.9694
25740,2021-10-14,2249,Northwestern Health Unit,0.0047,122.0,1.39,0.628,0.8058
25741,2021-10-14,2247,North Bay Parry Sound District Health Unit,0.0083,138.0,1.06,0.9455,0.9843
25742,2021-10-14,2246,Niagara Regional Area Health Unit,0.0199,660.0,1.4,0.9204,0.9806
25743,2021-10-14,2244,Middlesex-London Health Unit,0.0119,926.0,1.83,0.9181,0.9879
25744,2021-10-14,2243,"Leeds, Grenville and Lanark District Health Unit",0.0079,180.0,1.04,0.9159,0.9895
25745,2021-10-14,2242,Lambton Health Unit,0.0409,224.0,1.71,0.7813,0.9868
25746,2021-10-14,2241,"Kingston, Frontenac and Lennox and Addington Health Unit",0.0151,446.0,2.1,0.9822,0.9975
25747,2021-10-14,5183,Huron Perth Health Unit,0.0238,246.0,1.76,0.5268,0.9821
25748,2021-10-14,2238,Hastings and Prince Edward Counties Health Unit,0.0111,451.0,2.68,0.9713,0.9909
25749,2021-10-14,2236,Halton Regional Health Unit,0.0139,1000.0,1.61,0.944,0.9757
25750,2021-10-14,2235,"Haliburton, Kawartha, Pine Ridge District Health Unit",0.0054,263.0,1.39,0.8405,0.9653
25751,2021-10-14,2234,Haldimand-Norfolk Health Unit,0.0238,132.0,1.16,0.8536,0.9688
25752,2021-10-14,2233,Grey Bruce Health Unit,0.0082,245.0,1.44,0.6599,0.9863
25753,2021-10-14,2258,Eastern Ontario Health Unit,0.0342,510.0,2.44,0.838,0.9916
25754,2021-10-14,2230,Durham Regional Health Unit,0.0116,1086.0,1.52,0.8671,0.9814
25755,2021-10-14,2226,District of Algoma Health Unit,0.0032,133.0,1.16,0.878,0.9745
25756,2021-10-14,3895,City of Toronto Health Unit,0.0131,5700.0,1.83,0.8866,0.9452
25757,2021-10-14,2251,City of Ottawa Health Unit,0.0138,1780.0,1.69,0.8666,0.9868
25758,2021-10-14,2237,City of Hamilton Health Unit,0.0199,1122.0,1.89,0.9666,0.9885
25759,2021-10-14,2240,Chatham-Kent Health Unit,0.037,247.0,2.32,0.8319,0.9928
25760,2021-10-14,2227,Brant County Health Unit,0.012,309.0,1.99,0.6413,0.9211
25761,2021-10-13,2270,York Regional Health Unit,0.018,2425.0,1.98,0.8761,0.9683
25762,2021-10-13,2268,Windsor-Essex County Health Unit,0.0386,755.0,1.78,0.6911,0.9292
25763,2021-10-13,2266,Wellington-Dufferin-Guelph Health Unit,0.0185,547.0,1.75,0.898,0.9838
25764,2021-10-13,2265,Waterloo Health Unit,0.0123,891.0,1.52,0.9039,0.9739
25765,2021-10-13,2263,Timiskaming Health Unit,0.0049,58.0,1.77,0.8108,0.9429
25766,2021-10-13,2262,Thunder Bay District Health Unit,0.0026,168.0,1.12,0.9237,0.9572
25767,2021-10-13,2261,Sudbury and District Health Unit,0.0137,437.0,2.2,0.9173,0.9931
25768,2021-10-13,4913,Southwestern Public Health,0.0382,363.0,1.72,0.8984,0.9811
25769,2021-10-13,2260,Simcoe Muskoka District Health Unit,0.0136,1093.0,1.82,0.9231,0.9752
25770,2021-10-13,2257,Renfrew County and District Health Unit,0.0074,115.0,1.06,0.6135,0.9834
25771,2021-10-13,2256,Porcupine Health Unit,0.0031,91.0,1.1,0.8622,0.9546
25772,2021-10-13,2255,Peterborough County-City Health Unit,0.013,231.0,1.56,0.9069,0.9826
25773,2021-10-13,2253,Peel Regional Health Unit,0.0228,2398.0,1.49,0.9185,0.9671
25774,2021-10-13,35,Ontario,0.0172,26117.0,1.76,0.8786,0.9669
25775,2021-10-13,2249,Northwestern Health Unit,0.0057,126.0,1.44,0.6216,0.7899
25776,2021-10-13,2247,North Bay Parry Sound District Health Unit,0.0127,135.0,1.04,0.9542,0.9854
25777,2021-10-13,2246,Niagara Regional Area Health Unit,0.0228,684.0,1.45,0.9139,0.9757
25778,2021-10-13,2244,Middlesex-London Health Unit,0.0122,937.0,1.85,0.9258,0.9871
25779,2021-10-13,2243,"Leeds, Grenville and Lanark District Health Unit",0.0095,181.0,1.04,0.9125,0.9868
25780,2021-10-13,2242,Lambton Health Unit,0.04,232.0,1.77,0.8011,0.9873
25781,2021-10-13,2241,"Kingston, Frontenac and Lennox and Addington Health Unit",0.014,447.0,2.1,0.9786,0.9968
25782,2021-10-13,5183,Huron Perth Health Unit,0.0233,251.0,1.8,0.5443,0.974
25783,2021-10-13,2238,Hastings and Prince Edward Counties Health Unit,0.0119,434.0,2.57,0.9733,0.992
25784,2021-10-13,2236,Halton Regional Health Unit,0.0134,1016.0,1.64,0.9435,0.9735
25785,2021-10-13,2235,"Haliburton, Kawartha, Pine Ridge District Health Unit",0.0072,258.0,1.36,0.8541,0.9624
25786,2021-10-13,2234,Haldimand-Norfolk Health Unit,0.0215,133.0,1.16,0.8737,0.9701
25787,2021-10-13,2233,Grey Bruce Health Unit,0.0097,250.0,1.47,0.6349,0.9844
25788,2021-10-13,2258,Eastern Ontario Health Unit,0.0351,529.0,2.53,0.7814,0.9904
25789,2021-10-13,2230,Durham Regional Health Unit,0.0122,1129.0,1.58,0.863,0.9798
25790,2021-10-13,2226,District of Algoma Health Unit,0.0033,131.0,1.14,0.8778,0.9652
25791,2021-10-13,3895,City of Toronto Health Unit,0.0136,5804.0,1.86,0.8869,0.9411
25792,2021-10-13,2251,City of Ottawa Health Unit,0.016,1827.0,1.73,0.8544,0.9861
25793,2021-10-13,2237,City of Hamilton Health Unit,0.0212,1153.0,1.95,0.9624,0.9865
25794,2021-10-13,2240,Chatham-Kent Health Unit,0.0353,259.0,2.44,0.8207,0.9933
25795,2021-10-13,2227,Brant County Health Unit,0.0139,319.0,2.05,0.6531,0.9241
25796,2021-10-12,2270,York Regional Health Unit,0.0181,2437.0,1.99,0.8726,0.966
25797,2021-10-12,2268,Windsor-Essex County Health Unit,0.0409,768.0,1.81,0.6878,0.9328
25798,2021-10-12,2266,Wellington-Dufferin-Guelph Health Unit,0.0211,549.0,1.76,0.8979,0.9834
25799,2021-10-12,2265,Waterloo Health Unit,0.0144,893.0,1.53,0.86,0.973
25800,2021-10-12,2263,Timiskaming Health Unit,0.0175,49.0,1.49,0.8031,0.9477
25801,2021-10-12,2262,Thunder Bay District Health Unit,0.0017,173.0,1.15,0.9143,0.9624
25802,2021-10-12,2261,Sudbury and District Health Unit,0.0177,411.0,2.06,0.9092,0.9916
25803,2021-10-12,4913,Southwestern Public Health,0.0302,387.0,1.83,0.8581,0.9852
25804,2021-10-12,2260,Simcoe Muskoka District Health Unit,0.0132,1105.0,1.84,0.9199,0.9784
25805,2021-10-12,2257,Renfrew County and District Health Unit,0.0079,109.0,1.0,0.5257,0.9866
25806,2021-10-12,2256,Porcupine Health Unit,0.0015,93.0,1.12,0.8503,0.9554
25807,2021-10-12,2255,Peterborough County-City Health Unit,0.0099,245.0,1.65,0.9018,0.9826
25808,2021-10-12,2253,Peel Regional Health Unit,0.0247,2351.0,1.46,0.9117,0.9648
25809,2021-10-12,35,Ontario,0.0182,26166.0,1.76,0.8667,0.9675
25810,2021-10-12,2249,Northwestern Health Unit,0.0067,129.0,1.47,0.5831,0.8006
25811,2021-10-12,2247,North Bay Parry Sound District Health Unit,0.0157,136.0,1.05,0.9458,0.9908
25812,2021-10-12,2246,Niagara Regional Area Health Unit,0.0264,688.0,1.46,0.9103,0.9745
25813,2021-10-12,2244,Middlesex-London Health Unit,0.0143,941.0,1.85,0.9188,0.9872
25814,2021-10-12,2243,"Leeds, Grenville and Lanark District Health Unit",0.0125,183.0,1.06,0.9032,0.9887
25815,2021-10-12,2242,Lambton Health Unit,0.0369,240.0,1.83,0.7598,0.9885
25816,2021-10-12,2241,"Kingston, Frontenac and Lennox and Addington Health Unit",0.0126,429.0,2.02,0.9769,0.9964
25817,2021-10-12,5183,Huron Perth Health Unit,0.0218,249.0,1.78,0.4997,0.9755
25818,2021-10-12,2238,Hastings and Prince Edward Counties Health Unit,0.0121,423.0,2.51,0.9691,0.9908
25819,2021-10-12,2236,Halton Regional Health Unit,0.0136,1032.0,1.67,0.9385,0.9746
25820,2021-10-12,2235,"Haliburton, Kawartha, Pine Ridge District Health Unit",0.0075,246.0,1.3,0.8388,0.9714
25821,2021-10-12,2234,Haldimand-Norfolk Health Unit,0.0259,132.0,1.16,0.8683,0.9739
25822,2021-10-12,2233,Grey Bruce Health Unit,0.009,255.0,1.5,0.5708,0.9857
25823,2021-10-12,2258,Eastern Ontario Health Unit,0.0349,508.0,2.43,0.7292,0.9891
25824,2021-10-12,2230,Durham Regional Health Unit,0.0135,1160.0,1.63,0.8463,0.9752
25825,2021-10-12,2226,District of Algoma Health Unit,0.0011,134.0,1.17,0.8601,0.9664
25826,2021-10-12,3895,City of Toronto Health Unit,0.0148,5744.0,1.84,0.8824,0.9449
25827,2021-10-12,2251,City of Ottawa Health Unit,0.017,1899.0,1.8,0.8367,0.9858
25828,2021-10-12,2237,City of Hamilton Health Unit,0.0239,1177.0,1.99,0.9564,0.9868
25829,2021-10-12,2240,Chatham-Kent Health Unit,0.0343,254.0,2.39,0.833,0.9926
25830,2021-10-12,2227,Brant County Health Unit,0.0114,325.0,2.09,0.6453,0.926
25831,2021-10-11,2270,York Regional Health Unit,0.0191,2457.0,2.0,0.8766,0.9682
25832,2021-10-11,2268,Windsor-Essex County Health Unit,0.0403,790.0,1.86,0.6657,0.9223
25833,2021-10-11,2266,Wellington-Dufferin-Guelph Health Unit,0.0184,535.0,1.72,0.9066,0.9854
25834,2021-10-11,2265,Waterloo Health Unit,0.0153,907.0,1.55,0.8321,0.9729
25835,2021-10-11,2263,Timiskaming Health Unit,0.0216,46.0,1.42,0.8223,0.9513
25836,2021-10-11,2262,Thunder Bay District Health Unit,0.0025,170.0,1.13,0.9345,0.9782
25837,2021-10-11,2261,Sudbury and District Health Unit,0.0191,390.0,1.96,0.9037,0.983
25838,2021-10-11,4913,Southwestern Public Health,0.0295,372.0,1.76,0.8671,0.986
25839,2021-10-11,2260,Simcoe Muskoka District Health Unit,0.0132,1094.0,1.82,0.9215,0.9797
25840,2021-10-11,2257,Renfrew County and District Health Unit,0.0086,117.0,1.07,0.558,0.9884
25841,2021-10-11,2256,Porcupine Health Unit,0.0,89.0,1.06,0.8414,0.9314
25842,2021-10-11,2255,Peterborough County-City Health Unit,0.0102,252.0,1.7,0.9027,0.982
25843,2021-10-11,2253,Peel Regional Health Unit,0.0242,2353.0,1.47,0.9137,0.9681
25844,2021-10-11,35,Ontario,0.018,26322.0,1.77,0.8703,0.9693
25845,2021-10-11,2249,Northwestern Health Unit,0.0057,126.0,1.43,0.6293,0.8381
25846,2021-10-11,2247,North Bay Parry Sound District Health Unit,0.0144,138.0,1.07,0.9359,0.9879
25847,2021-10-11,2246,Niagara Regional Area Health Unit,0.0276,730.0,1.55,0.9185,0.9773
25848,2021-10-11,2244,Middlesex-London Health Unit,0.0156,935.0,1.84,0.9242,0.9883
25849,2021-10-11,2243,"Leeds, Grenville and Lanark District Health Unit",0.0148,183.0,1.06,0.9119,0.9887
25850,2021-10-11,2242,Lambton Health Unit,0.0303,236.0,1.8,0.7844,0.9897
25851,2021-10-11,2241,"Kingston, Frontenac and Lennox and Addington Health Unit",0.0111,426.0,2.0,0.9814,0.9966
25852,2021-10-11,5183,Huron Perth Health Unit,0.0235,249.0,1.78,0.5083,0.9788
25853,2021-10-11,2238,Hastings and Prince Edward Counties Health Unit,0.0116,406.0,2.41,0.973,0.9932
25854,2021-10-11,2236,Halton Regional Health Unit,0.0153,1064.0,1.72,0.9263,0.9754
25855,2021-10-11,2235,"Haliburton, Kawartha, Pine Ridge District Health Unit",0.0078,237.0,1.25,0.8407,0.9773
25856,2021-10-11,2234,Haldimand-Norfolk Health Unit,0.02,135.0,1.19,0.8814,0.9793
25857,2021-10-11,2233,Grey Bruce Health Unit,0.0102,252.0,1.49,0.5646,0.9858
25858,2021-10-11,2258,Eastern Ontario Health Unit,0.0265,497.0,2.38,0.7402,0.9902
25859,2021-10-11,2230,Durham Regional Health Unit,0.013,1174.0,1.65,0.8659,0.9797
25860,2021-10-11,2226,District of Algoma Health Unit,0.0022,127.0,1.11,0.8674,0.9676
25861,2021-10-11,3895,City of Toronto Health Unit,0.0152,5801.0,1.86,0.8876,0.9489
25862,2021-10-11,2251,City of Ottawa Health Unit,0.0154,1930.0,1.83,0.8454,0.9878
25863,2021-10-11,2237,City of Hamilton Health Unit,0.022,1193.0,2.01,0.9412,0.9829
25864,2021-10-11,2240,Chatham-Kent Health Unit,0.0315,272.0,2.56,0.8506,0.9923
25865,2021-10-11,2227,Brant County Health Unit,0.0122,329.0,2.12,0.6631,0.9294
25866,2021-10-10,2270,York Regional Health Unit,0.0177,2571.0,2.1,0.8806,0.973
25867,2021-10-10,2268,Windsor-Essex County Health Unit,0.0411,834.0,1.96,0.6345,0.9164
25868,2021-10-10,2266,Wellington-Dufferin-Guelph Health Unit,0.0153,597.0,1.92,0.9085,0.9865
25869,2021-10-10,2265,Waterloo Health Unit,0.0151,955.0,1.63,0.8061,0.9678
25870,2021-10-10,2263,Timiskaming Health Unit,0.0226,51.0,1.55,0.8482,0.9881
25871,2021-10-10,2262,Thunder Bay District Health Unit,0.002,217.0,1.45,0.926,0.9653
25872,2021-10-10,2261,Sudbury and District Health Unit,0.0212,412.0,2.07,0.9035,0.982
25873,2021-10-10,4913,Southwestern Public Health,0.0298,412.0,1.95,0.8666,0.9816
25874,2021-10-10,2260,Simcoe Muskoka District Health Unit,0.0133,1234.0,2.06,0.9188,0.9784
25875,2021-10-10,2257,Renfrew County and District Health Unit,0.0083,137.0,1.26,0.5472,0.9635
25876,2021-10-10,2256,Porcupine Health Unit,0.0013,111.0,1.34,0.8589,0.9369
25877,2021-10-10,2255,Peterborough County-City Health Unit,0.0118,277.0,1.87,0.8994,0.9827
25878,2021-10-10,2253,Peel Regional Health Unit,0.0237,2574.0,1.6,0.9166,0.9719
25879,2021-10-10,35,Ontario,0.0179,28651.0,1.93,0.871,0.9704
25880,2021-10-10,2249,Northwestern Health Unit,0.0048,149.0,1.7,0.6032,0.8377
25881,2021-10-10,2247,North Bay Parry Sound District Health Unit,0.0146,156.0,1.21,0.9372,0.9874
25882,2021-10-10,2246,Niagara Regional Area Health Unit,0.0277,788.0,1.67,0.9115,0.9745
25883,2021-10-10,2244,Middlesex-London Health Unit,0.016,1001.0,1.97,0.9262,0.9893
25884,2021-10-10,2243,"Leeds, Grenville and Lanark District Health Unit",0.0142,211.0,1.22,0.9129,0.977
25885,2021-10-10,2242,Lambton Health Unit,0.0338,279.0,2.13,0.7971,0.9917
25886,2021-10-10,2241,"Kingston, Frontenac and Lennox and Addington Health Unit",0.0078,459.0,2.16,0.9801,0.9952
25887,2021-10-10,5183,Huron Perth Health Unit,0.0242,284.0,2.03,0.5093,0.9798
25888,2021-10-10,2238,Hastings and Prince Edward Counties Health Unit,0.0099,464.0,2.75,0.9765,0.9934
25889,2021-10-10,2236,Halton Regional Health Unit,0.014,1129.0,1.82,0.9297,0.9775
25890,2021-10-10,2235,"Haliburton, Kawartha, Pine Ridge District Health Unit",0.0074,270.0,1.43,0.8406,0.9787
25891,2021-10-10,2234,Haldimand-Norfolk Health Unit,0.0185,155.0,1.36,0.8948,0.9801
25892,2021-10-10,2233,Grey Bruce Health Unit,0.0114,277.0,1.63,0.5625,0.9658
25893,2021-10-10,2258,Eastern Ontario Health Unit,0.0264,553.0,2.65,0.7336,0.9804
25894,2021-10-10,2230,Durham Regional Health Unit,0.0148,1305.0,1.83,0.8672,0.9701
25895,2021-10-10,2226,District of Algoma Health Unit,0.002,141.0,1.23,0.8731,0.9688
25896,2021-10-10,3895,City of Toronto Health Unit,0.0155,6256.0,2.0,0.8974,0.9586
25897,2021-10-10,2251,City of Ottawa Health Unit,0.015,2089.0,1.98,0.8439,0.9836
25898,2021-10-10,2237,City of Hamilton Health Unit,0.0231,1300.0,2.19,0.942,0.9825
25899,2021-10-10,2240,Chatham-Kent Health Unit,0.0299,315.0,2.96,0.8557,0.991
25900,2021-10-10,2227,Brant County Health Unit,0.0141,356.0,2.29,0.6697,0.9321
25901,2021-10-09,2270,York Regional Health Unit,0.0171,2609.0,2.13,0.8767,0.9726
25902,2021-10-09,2268,Windsor-Essex County Health Unit,0.0405,839.0,1.98,0.62,0.9199
25903,2021-10-09,2266,Wellington-Dufferin-Guelph Health Unit,0.0142,613.0,1.97,0.9035,0.9842
25904,2021-10-09,2265,Waterloo Health Unit,0.0158,986.0,1.69,0.7987,0.9675
25905,2021-10-09,2263,Timiskaming Health Unit,0.0262,49.0,1.5,0.8589,0.9939
25906,2021-10-09,2262,Thunder Bay District Health Unit,0.0013,220.0,1.46,0.9247,0.9686
25907,2021-10-09,2261,Sudbury and District Health Unit,0.0188,418.0,2.1,0.9062,0.9827
25908,2021-10-09,4913,Southwestern Public Health,0.0286,414.0,1.96,0.8559,0.9841
25909,2021-10-09,2260,Simcoe Muskoka District Health Unit,0.0139,1261.0,2.1,0.916,0.979
25910,2021-10-09,2257,Renfrew County and District Health Unit,0.0071,141.0,1.3,0.5846,0.9674
25911,2021-10-09,2256,Porcupine Health Unit,0.0013,112.0,1.35,0.8717,0.9403
25912,2021-10-09,2255,Peterborough County-City Health Unit,0.0135,285.0,1.93,0.9006,0.983
25913,2021-10-09,2253,Peel Regional Health Unit,0.0239,2635.0,1.64,0.9113,0.9739
25914,2021-10-09,35,Ontario,0.0179,29244.0,1.97,0.8684,0.9718
25915,2021-10-09,2249,Northwestern Health Unit,0.0076,150.0,1.71,0.6471,0.8833
25916,2021-10-09,2247,North Bay Parry Sound District Health Unit,0.0142,161.0,1.24,0.9055,0.9768
25917,2021-10-09,2246,Niagara Regional Area Health Unit,0.0285,796.0,1.69,0.9077,0.9764
25918,2021-10-09,2244,Middlesex-London Health Unit,0.0164,1011.0,1.99,0.9244,0.9895
25919,2021-10-09,2243,"Leeds, Grenville and Lanark District Health Unit",0.0136,220.0,1.27,0.906,0.9763
25920,2021-10-09,2242,Lambton Health Unit,0.0345,282.0,2.15,0.796,0.9931
25921,2021-10-09,2241,"Kingston, Frontenac and Lennox and Addington Health Unit",0.0057,474.0,2.23,0.9807,0.9953
25922,2021-10-09,5183,Huron Perth Health Unit,0.0252,284.0,2.03,0.5115,0.9812
25923,2021-10-09,2238,Hastings and Prince Edward Counties Health Unit,0.0101,466.0,2.77,0.9761,0.9937
25924,2021-10-09,2236,Halton Regional Health Unit,0.0139,1147.0,1.85,0.925,0.9787
25925,2021-10-09,2235,"Haliburton, Kawartha, Pine Ridge District Health Unit",0.0069,270.0,1.43,0.8188,0.9781
25926,2021-10-09,2234,Haldimand-Norfolk Health Unit,0.0175,155.0,1.36,0.884,0.9829
25927,2021-10-09,2233,Grey Bruce Health Unit,0.0113,277.0,1.63,0.5744,0.9673
25928,2021-10-09,2258,Eastern Ontario Health Unit,0.0259,557.0,2.67,0.7315,0.982
25929,2021-10-09,2230,Durham Regional Health Unit,0.0156,1317.0,1.85,0.8508,0.966
25930,2021-10-09,2226,District of Algoma Health Unit,0.0029,148.0,1.29,0.8672,0.959
25931,2021-10-09,3895,City of Toronto Health Unit,0.0159,6449.0,2.07,0.8994,0.9616
25932,2021-10-09,2251,City of Ottawa Health Unit,0.0149,2159.0,2.05,0.8394,0.9835
25933,2021-10-09,2237,City of Hamilton Health Unit,0.0228,1322.0,2.23,0.9389,0.9838
25934,2021-10-09,2240,Chatham-Kent Health Unit,0.0318,319.0,3.0,0.8479,0.9924
25935,2021-10-09,2227,Brant County Health Unit,0.0166,362.0,2.33,0.6691,0.9373
25936,2021-10-08,2270,York Regional Health Unit,0.0176,2626.0,2.14,0.8762,0.9725
25937,2021-10-08,2268,Windsor-Essex County Health Unit,0.0389,877.0,2.06,0.5577,0.8983
25938,2021-10-08,2266,Wellington-Dufferin-Guelph Health Unit,0.0143,619.0,1.99,0.9058,0.9839
25939,2021-10-08,2265,Waterloo Health Unit,0.0156,1037.0,1.78,0.8118,0.9677
25940,2021-10-08,2263,Timiskaming Health Unit,0.0259,50.0,1.52,0.8377,0.9962
25941,2021-10-08,2262,Thunder Bay District Health Unit,0.0013,225.0,1.5,0.9307,0.9732
25942,2021-10-08,2261,Sudbury and District Health Unit,0.0188,419.0,2.1,0.9218,0.9826
25943,2021-10-08,4913,Southwestern Public Health,0.026,418.0,1.98,0.8617,0.9874
25944,2021-10-08,2260,Simcoe Muskoka District Health Unit,0.0146,1273.0,2.12,0.9083,0.9772
25945,2021-10-08,2257,Renfrew County and District Health Unit,0.0074,155.0,1.42,0.6127,0.9637
25946,2021-10-08,2256,Porcupine Health Unit,0.0012,115.0,1.38,0.8347,0.9306
25947,2021-10-08,2255,Peterborough County-City Health Unit,0.0149,278.0,1.88,0.8914,0.9798
25948,2021-10-08,2253,Peel Regional Health Unit,0.0237,2660.0,1.66,0.8873,0.9743
25949,2021-10-08,35,Ontario,0.0182,29503.0,1.99,0.8622,0.9711
25950,2021-10-08,2249,Northwestern Health Unit,0.0092,156.0,1.78,0.6614,0.8882
25951,2021-10-08,2247,North Bay Parry Sound District Health Unit,0.0168,162.0,1.25,0.9113,0.9761
25952,2021-10-08,2246,Niagara Regional Area Health Unit,0.0296,816.0,1.73,0.8977,0.9743
25953,2021-10-08,2244,Middlesex-London Health Unit,0.0175,1010.0,1.99,0.923,0.9891
25954,2021-10-08,2243,"Leeds, Grenville and Lanark District Health Unit",0.0143,220.0,1.27,0.8848,0.972
25955,2021-10-08,2242,Lambton Health Unit,0.0364,291.0,2.22,0.7923,0.9822
25956,2021-10-08,2241,"Kingston, Frontenac and Lennox and Addington Health Unit",0.005,487.0,2.29,0.9819,0.9949
25957,2021-10-08,5183,Huron Perth Health Unit,0.027,280.0,2.0,0.5157,0.9806
25958,2021-10-08,2238,Hastings and Prince Edward Counties Health Unit,0.0089,464.0,2.76,0.9741,0.9926
25959,2021-10-08,2236,Halton Regional Health Unit,0.0139,1160.0,1.87,0.8984,0.9784
25960,2021-10-08,2235,"Haliburton, Kawartha, Pine Ridge District Health Unit",0.0074,269.0,1.42,0.7864,0.9783
25961,2021-10-08,2234,Haldimand-Norfolk Health Unit,0.0137,156.0,1.37,0.8796,0.9807
25962,2021-10-08,2233,Grey Bruce Health Unit,0.0117,281.0,1.65,0.5687,0.9664
25963,2021-10-08,2258,Eastern Ontario Health Unit,0.0236,570.0,2.73,0.6858,0.9646
25964,2021-10-08,2230,Durham Regional Health Unit,0.0161,1334.0,1.87,0.8492,0.9653
25965,2021-10-08,2226,District of Algoma Health Unit,0.0029,149.0,1.3,0.873,0.9527
25966,2021-10-08,3895,City of Toronto Health Unit,0.0162,6424.0,2.06,0.8982,0.9646
25967,2021-10-08,2251,City of Ottawa Health Unit,0.0152,2191.0,2.08,0.8567,0.9852
25968,2021-10-08,2237,City of Hamilton Health Unit,0.0234,1338.0,2.26,0.9382,0.9842
25969,2021-10-08,2240,Chatham-Kent Health Unit,0.0351,317.0,2.98,0.8027,0.9879
25970,2021-10-08,2227,Brant County Health Unit,0.0181,339.0,2.18,0.6704,0.9371
25971,2021-10-07,2270,York Regional Health Unit,0.0159,2607.0,2.13,0.8774,0.9728
25972,2021-10-07,2268,Windsor-Essex County Health Unit,0.0397,882.0,2.08,0.5601,0.9092
25973,2021-10-07,2266,Wellington-Dufferin-Guelph Health Unit,0.0137,637.0,2.04,0.9051,0.9845
25974,2021-10-07,2265,Waterloo Health Unit,0.0163,1044.0,1.79,0.7708,0.9679
25975,2021-10-07,2263,Timiskaming Health Unit,0.0369,39.0,1.18,0.8279,1.0
25976,2021-10-07,2262,Thunder Bay District Health Unit,0.0018,239.0,1.59,0.9312,0.9744
25977,2021-10-07,2261,Sudbury and District Health Unit,0.0169,431.0,2.16,0.9295,0.9832
25978,2021-10-07,4913,Southwestern Public Health,0.0241,433.0,2.05,0.8589,0.9847
25979,2021-10-07,2260,Simcoe Muskoka District Health Unit,0.0144,1246.0,2.08,0.9019,0.9821
25980,2021-10-07,2257,Renfrew County and District Health Unit,0.0046,155.0,1.43,0.6211,0.9686
25981,2021-10-07,2256,Porcupine Health Unit,0.0012,117.0,1.41,0.8203,0.9124
25982,2021-10-07,2255,Peterborough County-City Health Unit,0.0139,267.0,1.8,0.9146,0.9891
25983,2021-10-07,2253,Peel Regional Health Unit,0.0237,2632.0,1.64,0.8875,0.9742
25984,2021-10-07,35,Ontario,0.0184,29660.0,2.0,0.8629,0.9718
25985,2021-10-07,2249,Northwestern Health Unit,0.0102,154.0,1.76,0.6285,0.8638
25986,2021-10-07,2247,North Bay Parry Sound District Health Unit,0.0181,166.0,1.28,0.9187,0.9777
25987,2021-10-07,2246,Niagara Regional Area Health Unit,0.031,839.0,1.78,0.8959,0.9732
25988,2021-10-07,2244,Middlesex-London Health Unit,0.0189,1023.0,2.02,0.9196,0.9891
25989,2021-10-07,2243,"Leeds, Grenville and Lanark District Health Unit",0.0156,229.0,1.32,0.8736,0.9724
25990,2021-10-07,2242,Lambton Health Unit,0.0359,303.0,2.31,0.7787,0.9843
25991,2021-10-07,2241,"Kingston, Frontenac and Lennox and Addington Health Unit",0.0045,507.0,2.39,0.9819,0.9944
25992,2021-10-07,5183,Huron Perth Health Unit,0.0301,275.0,1.97,0.5115,0.9785
25993,2021-10-07,2238,Hastings and Prince Edward Counties Health Unit,0.007,448.0,2.66,0.9773,0.9954
25994,2021-10-07,2236,Halton Regional Health Unit,0.0132,1169.0,1.89,0.9027,0.9782
25995,2021-10-07,2235,"Haliburton, Kawartha, Pine Ridge District Health Unit",0.0079,270.0,1.43,0.7608,0.9719
25996,2021-10-07,2234,Haldimand-Norfolk Health Unit,0.0141,162.0,1.42,0.8759,0.9799
25997,2021-10-07,2233,Grey Bruce Health Unit,0.0113,279.0,1.64,0.5927,0.9669
25998,2021-10-07,2258,Eastern Ontario Health Unit,0.0252,560.0,2.68,0.6841,0.9639
25999,2021-10-07,2230,Durham Regional Health Unit,0.0162,1356.0,1.9,0.8459,0.964
26000,2021-10-07,2226,District of Algoma Health Unit,0.0027,159.0,1.39,0.868,0.9537
26001,2021-10-07,3895,City of Toronto Health Unit,0.0164,6387.0,2.05,0.9055,0.9667
26002,2021-10-07,2251,City of Ottawa Health Unit,0.017,2246.0,2.13,0.869,0.9829
26003,2021-10-07,2237,City of Hamilton Health Unit,0.0235,1399.0,2.36,0.9379,0.9835
26004,2021-10-07,2240,Chatham-Kent Health Unit,0.0369,325.0,3.06,0.7936,0.9873
26005,2021-10-07,2227,Brant County Health Unit,0.0193,334.0,2.15,0.6787,0.9397
26006,2021-10-06,2270,York Regional Health Unit,0.0153,2556.0,2.09,0.8613,0.9799
26007,2021-10-06,2268,Windsor-Essex County Health Unit,0.0382,894.0,2.11,0.5622,0.9221
26008,2021-10-06,2266,Wellington-Dufferin-Guelph Health Unit,0.0134,641.0,2.06,0.9008,0.9826
26009,2021-10-06,2265,Waterloo Health Unit,0.0182,1029.0,1.76,0.7362,0.9683
26010,2021-10-06,2263,Timiskaming Health Unit,0.0409,31.0,0.96,0.8537,0.9951
26011,2021-10-06,2262,Thunder Bay District Health Unit,0.0024,238.0,1.59,0.9325,0.9758
26012,2021-10-06,2261,Sudbury and District Health Unit,0.016,438.0,2.2,0.9134,0.9843
26013,2021-10-06,4913,Southwestern Public Health,0.0275,432.0,2.04,0.8488,0.9846
26014,2021-10-06,2260,Simcoe Muskoka District Health Unit,0.0146,1215.0,2.03,0.8955,0.984
26015,2021-10-06,2257,Renfrew County and District Health Unit,0.0037,152.0,1.4,0.6885,0.9677
26016,2021-10-06,2256,Porcupine Health Unit,0.0012,119.0,1.43,0.8096,0.9104
26017,2021-10-06,2255,Peterborough County-City Health Unit,0.0139,268.0,1.81,0.9051,0.9894
26018,2021-10-06,2253,Peel Regional Health Unit,0.0244,2652.0,1.65,0.8901,0.9777
26019,2021-10-06,35,Ontario,0.0185,29398.0,1.98,0.8581,0.9749
26020,2021-10-06,2249,Northwestern Health Unit,0.0116,148.0,1.69,0.6225,0.8554
26021,2021-10-06,2247,North Bay Parry Sound District Health Unit,0.0153,168.0,1.3,0.8926,0.9777
26022,2021-10-06,2246,Niagara Regional Area Health Unit,0.0294,836.0,1.77,0.9015,0.975
26023,2021-10-06,2244,Middlesex-London Health Unit,0.0183,1005.0,1.98,0.924,0.9911
26024,2021-10-06,2243,"Leeds, Grenville and Lanark District Health Unit",0.016,232.0,1.34,0.8662,0.9748
26025,2021-10-06,2242,Lambton Health Unit,0.0387,295.0,2.25,0.786,0.9855
26026,2021-10-06,2241,"Kingston, Frontenac and Lennox and Addington Health Unit",0.0041,490.0,2.3,0.9818,0.9942
26027,2021-10-06,5183,Huron Perth Health Unit,0.0286,270.0,1.93,0.5139,0.9848
26028,2021-10-06,2238,Hastings and Prince Edward Counties Health Unit,0.0054,446.0,2.65,0.9739,0.9956
26029,2021-10-06,2236,Halton Regional Health Unit,0.0138,1163.0,1.88,0.9028,0.9811
26030,2021-10-06,2235,"Haliburton, Kawartha, Pine Ridge District Health Unit",0.0067,276.0,1.46,0.7302,0.972
26031,2021-10-06,2234,Haldimand-Norfolk Health Unit,0.0149,163.0,1.43,0.8715,0.9795
26032,2021-10-06,2233,Grey Bruce Health Unit,0.0112,281.0,1.66,0.615,0.9654
26033,2021-10-06,2258,Eastern Ontario Health Unit,0.027,556.0,2.66,0.6825,0.9647
26034,2021-10-06,2230,Durham Regional Health Unit,0.016,1353.0,1.9,0.8204,0.9637
26035,2021-10-06,2226,District of Algoma Health Unit,0.0018,158.0,1.38,0.8808,0.9626
26036,2021-10-06,3895,City of Toronto Health Unit,0.017,6306.0,2.02,0.9061,0.9728
26037,2021-10-06,2251,City of Ottawa Health Unit,0.0168,2174.0,2.06,0.867,0.9836
26038,2021-10-06,2237,City of Hamilton Health Unit,0.0234,1411.0,2.38,0.9426,0.9864
26039,2021-10-06,2240,Chatham-Kent Health Unit,0.0393,334.0,3.14,0.7628,0.9883
26040,2021-10-06,2227,Brant County Health Unit,0.0196,335.0,2.16,0.6855,0.94
26041,2021-10-05,2270,York Regional Health Unit,0.0151,2519.0,2.05,0.86,0.9838
26042,2021-10-05,2268,Windsor-Essex County Health Unit,0.0363,925.0,2.18,0.523,0.9201
26043,2021-10-05,2266,Wellington-Dufferin-Guelph Health Unit,0.0131,645.0,2.07,0.9023,0.9847
26044,2021-10-05,2265,Waterloo Health Unit,0.017,1031.0,1.76,0.7313,0.9698
26045,2021-10-05,2263,Timiskaming Health Unit,0.0238,30.0,0.92,0.8049,0.9939
26046,2021-10-05,2262,Thunder Bay District Health Unit,0.0023,248.0,1.65,0.9442,0.9774
26047,2021-10-05,2261,Sudbury and District Health Unit,0.0115,446.0,2.24,0.8987,0.9855
26048,2021-10-05,4913,Southwestern Public Health,0.027,407.0,1.93,0.8713,0.9845
26049,2021-10-05,2260,Simcoe Muskoka District Health Unit,0.0149,1208.0,2.01,0.8945,0.9877
26050,2021-10-05,2257,Renfrew County and District Health Unit,0.0034,167.0,1.54,0.6757,0.9643
26051,2021-10-05,2256,Porcupine Health Unit,0.0023,123.0,1.48,0.7882,0.8993
26052,2021-10-05,2255,Peterborough County-City Health Unit,0.0146,255.0,1.72,0.8987,0.9902
26053,2021-10-05,2253,Peel Regional Health Unit,0.0232,2640.0,1.64,0.8962,0.9801
26054,2021-10-05,35,Ontario,0.0183,29393.0,1.98,0.8576,0.9766
26055,2021-10-05,2249,Northwestern Health Unit,0.0098,146.0,1.67,0.6383,0.8598
26056,2021-10-05,2247,North Bay Parry Sound District Health Unit,0.0135,169.0,1.3,0.8856,0.9758
26057,2021-10-05,2246,Niagara Regional Area Health Unit,0.0295,848.0,1.8,0.9052,0.978
26058,2021-10-05,2244,Middlesex-London Health Unit,0.0195,1017.0,2.0,0.9284,0.9911
26059,2021-10-05,2243,"Leeds, Grenville and Lanark District Health Unit",0.0126,237.0,1.37,0.8514,0.9649
26060,2021-10-05,2242,Lambton Health Unit,0.0362,312.0,2.38,0.8225,0.9856
26061,2021-10-05,2241,"Kingston, Frontenac and Lennox and Addington Health Unit",0.0057,503.0,2.36,0.9782,0.9934
26062,2021-10-05,5183,Huron Perth Health Unit,0.029,266.0,1.91,0.4967,0.9873
26063,2021-10-05,2238,Hastings and Prince Edward Counties Health Unit,0.0055,445.0,2.64,0.9743,0.9962
26064,2021-10-05,2236,Halton Regional Health Unit,0.0139,1157.0,1.87,0.9109,0.9841
26065,2021-10-05,2235,"Haliburton, Kawartha, Pine Ridge District Health Unit",0.0057,276.0,1.46,0.7143,0.9732
26066,2021-10-05,2234,Haldimand-Norfolk Health Unit,0.0137,167.0,1.47,0.8797,0.9788
26067,2021-10-05,2233,Grey Bruce Health Unit,0.0119,277.0,1.63,0.6474,0.9681
26068,2021-10-05,2258,Eastern Ontario Health Unit,0.0324,568.0,2.72,0.6876,0.9654
26069,2021-10-05,2230,Durham Regional Health Unit,0.0155,1333.0,1.87,0.8187,0.9673
26070,2021-10-05,2226,District of Algoma Health Unit,0.0018,162.0,1.42,0.8839,0.963
26071,2021-10-05,3895,City of Toronto Health Unit,0.017,6296.0,2.02,0.9112,0.9754
26072,2021-10-05,2251,City of Ottawa Health Unit,0.0168,2127.0,2.02,0.8507,0.9834
26073,2021-10-05,2237,City of Hamilton Health Unit,0.0215,1438.0,2.43,0.946,0.9865
26074,2021-10-05,2240,Chatham-Kent Health Unit,0.0436,337.0,3.17,0.7337,0.9892
26075,2021-10-05,2227,Brant County Health Unit,0.0213,335.0,2.16,0.6877,0.9402
26076,2021-10-04,2270,York Regional Health Unit,0.0151,2518.0,2.05,0.8579,0.9761
26077,2021-10-04,2268,Windsor-Essex County Health Unit,0.036,916.0,2.16,0.5229,0.9333
26078,2021-10-04,2266,Wellington-Dufferin-Guelph Health Unit,0.013,662.0,2.12,0.8993,0.9865
26079,2021-10-04,2265,Waterloo Health Unit,0.017,1022.0,1.75,0.7548,0.971
26080,2021-10-04,2263,Timiskaming Health Unit,0.0247,23.0,0.71,0.7843,0.9869
26081,2021-10-04,2262,Thunder Bay District Health Unit,0.0017,258.0,1.72,0.9448,0.9774
26082,2021-10-04,2261,Sudbury and District Health Unit,0.0116,456.0,2.29,0.9057,0.9858
26083,2021-10-04,4913,Southwestern Public Health,0.0266,414.0,1.96,0.8701,0.9857
26084,2021-10-04,2260,Simcoe Muskoka District Health Unit,0.0148,1186.0,1.98,0.8964,0.987
26085,2021-10-04,2257,Renfrew County and District Health Unit,0.0035,161.0,1.48,0.6704,0.9602
26086,2021-10-04,2256,Porcupine Health Unit,0.0043,133.0,1.6,0.7889,0.8959
26087,2021-10-04,2255,Peterborough County-City Health Unit,0.0166,250.0,1.69,0.9006,0.9916
26088,2021-10-04,2253,Peel Regional Health Unit,0.0249,2646.0,1.65,0.8997,0.9817
26089,2021-10-04,35,Ontario,0.019,29441.0,1.99,0.8595,0.9766
26090,2021-10-04,2249,Northwestern Health Unit,0.0154,158.0,1.8,0.6404,0.86
26091,2021-10-04,2247,North Bay Parry Sound District Health Unit,0.0167,171.0,1.32,0.8984,0.977
26092,2021-10-04,2246,Niagara Regional Area Health Unit,0.0313,854.0,1.81,0.9045,0.9775
26093,2021-10-04,2244,Middlesex-London Health Unit,0.0187,1033.0,2.03,0.9249,0.9912
26094,2021-10-04,2243,"Leeds, Grenville and Lanark District Health Unit",0.0133,236.0,1.36,0.8279,0.9549
26095,2021-10-04,2242,Lambton Health Unit,0.0366,320.0,2.44,0.8282,0.9861
26096,2021-10-04,2241,"Kingston, Frontenac and Lennox and Addington Health Unit",0.0084,526.0,2.47,0.9756,0.9923
26097,2021-10-04,5183,Huron Perth Health Unit,0.03,257.0,1.84,0.5151,0.9888
26098,2021-10-04,2238,Hastings and Prince Edward Counties Health Unit,0.0062,437.0,2.59,0.9722,0.9959
26099,2021-10-04,2236,Halton Regional Health Unit,0.0132,1173.0,1.89,0.9255,0.986
26100,2021-10-04,2235,"Haliburton, Kawartha, Pine Ridge District Health Unit",0.0065,284.0,1.5,0.7205,0.9707
26101,2021-10-04,2234,Haldimand-Norfolk Health Unit,0.0143,169.0,1.48,0.8714,0.9622
26102,2021-10-04,2233,Grey Bruce Health Unit,0.0102,279.0,1.64,0.6759,0.9707
26103,2021-10-04,2258,Eastern Ontario Health Unit,0.0355,567.0,2.72,0.6817,0.9673
26104,2021-10-04,2230,Durham Regional Health Unit,0.0171,1332.0,1.87,0.8122,0.9628
26105,2021-10-04,2226,District of Algoma Health Unit,0.0017,170.0,1.49,0.8887,0.9667
26106,2021-10-04,3895,City of Toronto Health Unit,0.0169,6238.0,2.0,0.9146,0.9762
26107,2021-10-04,2251,City of Ottawa Health Unit,0.0188,2101.0,1.99,0.8355,0.9833
26108,2021-10-04,2237,City of Hamilton Health Unit,0.0229,1475.0,2.49,0.9629,0.9911
26109,2021-10-04,2240,Chatham-Kent Health Unit,0.0481,354.0,3.33,0.7295,0.9908
26110,2021-10-04,2227,Brant County Health Unit,0.0222,334.0,2.15,0.6856,0.9376
26111,2021-10-03,2270,York Regional Health Unit,0.0159,2524.0,2.06,0.8742,0.9759
26112,2021-10-03,2268,Windsor-Essex County Health Unit,0.0335,946.0,2.23,0.5082,0.9307
26113,2021-10-03,2266,Wellington-Dufferin-Guelph Health Unit,0.0138,672.0,2.15,0.8963,0.9857
26114,2021-10-03,2265,Waterloo Health Unit,0.0174,1019.0,1.74,0.7819,0.9765
26115,2021-10-03,2263,Timiskaming Health Unit,0.0197,22.0,0.66,0.7718,0.9597
26116,2021-10-03,2262,Thunder Bay District Health Unit,0.0028,258.0,1.72,0.9447,0.979
26117,2021-10-03,2261,Sudbury and District Health Unit,0.0086,464.0,2.33,0.8882,0.9675
26118,2021-10-03,4913,Southwestern Public Health,0.024,410.0,1.94,0.8714,0.9905
26119,2021-10-03,2260,Simcoe Muskoka District Health Unit,0.0128,1198.0,2.0,0.9012,0.9887
26120,2021-10-03,2257,Renfrew County and District Health Unit,0.0035,164.0,1.51,0.6828,0.9806
26121,2021-10-03,2256,Porcupine Health Unit,0.0041,140.0,1.68,0.7767,0.8873
26122,2021-10-03,2255,Peterborough County-City Health Unit,0.0152,244.0,1.65,0.8913,0.9914
26123,2021-10-03,2253,Peel Regional Health Unit,0.0257,2634.0,1.64,0.9019,0.9817
26124,2021-10-03,35,Ontario,0.0189,29425.0,1.98,0.862,0.9774
26125,2021-10-03,2249,Northwestern Health Unit,0.0156,156.0,1.78,0.6708,0.8603
26126,2021-10-03,2247,North Bay Parry Sound District Health Unit,0.0144,178.0,1.37,0.8999,0.9768
26127,2021-10-03,2246,Niagara Regional Area Health Unit,0.0339,844.0,1.79,0.9091,0.977
26128,2021-10-03,2244,Middlesex-London Health Unit,0.0182,1038.0,2.04,0.9173,0.989
26129,2021-10-03,2243,"Leeds, Grenville and Lanark District Health Unit",0.0122,233.0,1.35,0.8267,0.9636
26130,2021-10-03,2242,Lambton Health Unit,0.0347,321.0,2.45,0.7966,0.9845
26131,2021-10-03,2241,"Kingston, Frontenac and Lennox and Addington Health Unit",0.0092,529.0,2.49,0.9752,0.9912
26132,2021-10-03,5183,Huron Perth Health Unit,0.0264,270.0,1.93,0.51,0.9911
26133,2021-10-03,2238,Hastings and Prince Edward Counties Health Unit,0.0078,419.0,2.49,0.9726,0.9958
26134,2021-10-03,2236,Halton Regional Health Unit,0.0133,1151.0,1.86,0.9253,0.9853
26135,2021-10-03,2235,"Haliburton, Kawartha, Pine Ridge District Health Unit",0.0064,288.0,1.52,0.7435,0.9713
26136,2021-10-03,2234,Haldimand-Norfolk Health Unit,0.0187,168.0,1.48,0.8794,0.9617
26137,2021-10-03,2233,Grey Bruce Health Unit,0.0073,293.0,1.72,0.6896,0.991
26138,2021-10-03,2258,Eastern Ontario Health Unit,0.0378,552.0,2.64,0.7024,0.9744
26139,2021-10-03,2230,Durham Regional Health Unit,0.0169,1326.0,1.86,0.8231,0.969
26140,2021-10-03,2226,District of Algoma Health Unit,0.0016,176.0,1.53,0.8862,0.9641
26141,2021-10-03,3895,City of Toronto Health Unit,0.0164,6193.0,1.98,0.9132,0.9762
26142,2021-10-03,2251,City of Ottawa Health Unit,0.0194,2114.0,2.0,0.8351,0.9858
26143,2021-10-03,2237,City of Hamilton Health Unit,0.0232,1472.0,2.49,0.9639,0.9919
26144,2021-10-03,2240,Chatham-Kent Health Unit,0.0467,358.0,3.36,0.7203,0.9884
26145,2021-10-03,2227,Brant County Health Unit,0.0196,329.0,2.12,0.6873,0.9362
26146,2021-10-02,2270,York Regional Health Unit,0.0161,2485.0,2.03,0.8753,0.9803
26147,2021-10-02,2268,Windsor-Essex County Health Unit,0.0345,948.0,2.23,0.4733,0.9211
26148,2021-10-02,2266,Wellington-Dufferin-Guelph Health Unit,0.0148,668.0,2.14,0.896,0.9889
26149,2021-10-02,2265,Waterloo Health Unit,0.017,1009.0,1.73,0.791,0.9799
26150,2021-10-02,2263,Timiskaming Health Unit,0.0068,21.0,0.64,0.7697,0.9605
26151,2021-10-02,2262,Thunder Bay District Health Unit,0.0028,258.0,1.72,0.9504,0.9792
26152,2021-10-02,2261,Sudbury and District Health Unit,0.0094,458.0,2.3,0.8769,0.968
26153,2021-10-02,4913,Southwestern Public Health,0.0229,405.0,1.92,0.8899,0.9899
26154,2021-10-02,2260,Simcoe Muskoka District Health Unit,0.0116,1190.0,1.98,0.901,0.99
26155,2021-10-02,2257,Renfrew County and District Health Unit,0.0036,160.0,1.47,0.62,0.9817
26156,2021-10-02,2256,Porcupine Health Unit,0.0041,139.0,1.67,0.7715,0.8823
26157,2021-10-02,2255,Peterborough County-City Health Unit,0.0126,249.0,1.68,0.8891,0.9861
26158,2021-10-02,2253,Peel Regional Health Unit,0.0251,2608.0,1.62,0.9098,0.9844
26159,2021-10-02,35,Ontario,0.0189,29307.0,1.98,0.863,0.9787
26160,2021-10-02,2249,Northwestern Health Unit,0.0127,157.0,1.79,0.6391,0.8425
26161,2021-10-02,2247,North Bay Parry Sound District Health Unit,0.0137,177.0,1.36,0.9187,0.9789
26162,2021-10-02,2246,Niagara Regional Area Health Unit,0.0347,864.0,1.83,0.8988,0.9783
26163,2021-10-02,2244,Middlesex-London Health Unit,0.018,1046.0,2.06,0.9153,0.9901
26164,2021-10-02,2243,"Leeds, Grenville and Lanark District Health Unit",0.012,227.0,1.31,0.8093,0.9624
26165,2021-10-02,2242,Lambton Health Unit,0.0341,319.0,2.43,0.7956,0.9793
26166,2021-10-02,2241,"Kingston, Frontenac and Lennox and Addington Health Unit",0.0098,527.0,2.48,0.9738,0.9905
26167,2021-10-02,5183,Huron Perth Health Unit,0.0254,270.0,1.93,0.4889,0.9889
26168,2021-10-02,2238,Hastings and Prince Edward Counties Health Unit,0.0081,423.0,2.51,0.9727,0.9959
26169,2021-10-02,2236,Halton Regional Health Unit,0.0142,1171.0,1.89,0.9316,0.9886
26170,2021-10-02,2235,"Haliburton, Kawartha, Pine Ridge District Health Unit",0.0075,287.0,1.52,0.758,0.9746
26171,2021-10-02,2234,Haldimand-Norfolk Health Unit,0.0185,170.0,1.49,0.868,0.9601
26172,2021-10-02,2233,Grey Bruce Health Unit,0.0073,292.0,1.72,0.707,0.9918
26173,2021-10-02,2258,Eastern Ontario Health Unit,0.0383,552.0,2.65,0.7004,0.9742
26174,2021-10-02,2230,Durham Regional Health Unit,0.0173,1329.0,1.87,0.8392,0.9761
26175,2021-10-02,2226,District of Algoma Health Unit,0.0016,179.0,1.57,0.8936,0.9679
26176,2021-10-02,3895,City of Toronto Health Unit,0.0161,6123.0,1.96,0.9232,0.9827
26177,2021-10-02,2251,City of Ottawa Health Unit,0.0203,2105.0,2.0,0.8308,0.982
26178,2021-10-02,2237,City of Hamilton Health Unit,0.0226,1489.0,2.51,0.9669,0.9914
26179,2021-10-02,2240,Chatham-Kent Health Unit,0.0483,355.0,3.34,0.6968,0.9435
26180,2021-10-02,2227,Brant County Health Unit,0.0184,326.0,2.1,0.6893,0.9433
26181,2021-10-01,2270,York Regional Health Unit,0.016,2459.0,2.01,0.8679,0.9812
26182,2021-10-01,2268,Windsor-Essex County Health Unit,0.0359,931.0,2.19,0.4854,0.9366
26183,2021-10-01,2266,Wellington-Dufferin-Guelph Health Unit,0.015,666.0,2.14,0.8982,0.9903
26184,2021-10-01,2265,Waterloo Health Unit,0.0176,988.0,1.69,0.7889,0.9817
26185,2021-10-01,2263,Timiskaming Health Unit,0.0067,21.0,0.66,0.7619,0.9592
26186,2021-10-01,2262,Thunder Bay District Health Unit,0.0028,259.0,1.73,0.9515,0.9791
26187,2021-10-01,2261,Sudbury and District Health Unit,0.01,473.0,2.38,0.8631,0.9667
26188,2021-10-01,4913,Southwestern Public Health,0.0226,404.0,1.91,0.8889,0.99
26189,2021-10-01,2260,Simcoe Muskoka District Health Unit,0.0115,1177.0,1.96,0.9089,0.9924
26190,2021-10-01,2257,Renfrew County and District Health Unit,0.0077,149.0,1.37,0.5861,0.9813
26191,2021-10-01,2256,Porcupine Health Unit,0.0041,138.0,1.66,0.7942,0.8934
26192,2021-10-01,2255,Peterborough County-City Health Unit,0.0127,258.0,1.74,0.9016,0.9892
26193,2021-10-01,2253,Peel Regional Health Unit,0.0235,2575.0,1.6,0.9348,0.9863
26194,2021-10-01,35,Ontario,0.019,29167.0,1.97,0.8626,0.9804
26195,2021-10-01,2249,Northwestern Health Unit,0.0122,152.0,1.74,0.6612,0.8393
26196,2021-10-01,2247,North Bay Parry Sound District Health Unit,0.0134,181.0,1.39,0.895,0.9774
26197,2021-10-01,2246,Niagara Regional Area Health Unit,0.0333,875.0,1.85,0.9087,0.9817
26198,2021-10-01,2244,Middlesex-London Health Unit,0.0178,1065.0,2.1,0.9186,0.9909
26199,2021-10-01,2243,"Leeds, Grenville and Lanark District Health Unit",0.0119,227.0,1.31,0.7829,0.9576
26200,2021-10-01,2242,Lambton Health Unit,0.0315,313.0,2.39,0.7918,0.9902
26201,2021-10-01,2241,"Kingston, Frontenac and Lennox and Addington Health Unit",0.0095,525.0,2.47,0.9726,0.9908
26202,2021-10-01,5183,Huron Perth Health Unit,0.0246,273.0,1.95,0.4962,0.9894
26203,2021-10-01,2238,Hastings and Prince Edward Counties Health Unit,0.0084,427.0,2.54,0.9753,0.9974
26204,2021-10-01,2236,Halton Regional Health Unit,0.014,1161.0,1.88,0.9461,0.9878
26205,2021-10-01,2235,"Haliburton, Kawartha, Pine Ridge District Health Unit",0.0069,289.0,1.53,0.7804,0.975
26206,2021-10-01,2234,Haldimand-Norfolk Health Unit,0.0193,170.0,1.49,0.8748,0.964
26207,2021-10-01,2233,Grey Bruce Health Unit,0.0063,295.0,1.73,0.7126,0.9918
26208,2021-10-01,2258,Eastern Ontario Health Unit,0.0432,542.0,2.6,0.6875,0.9929
26209,2021-10-01,2230,Durham Regional Health Unit,0.0177,1311.0,1.84,0.8322,0.9777
26210,2021-10-01,2226,District of Algoma Health Unit,0.0016,181.0,1.58,0.9099,0.9797
26211,2021-10-01,3895,City of Toronto Health Unit,0.0166,6100.0,1.95,0.9234,0.9838
26212,2021-10-01,2251,City of Ottawa Health Unit,0.021,2072.0,1.96,0.7855,0.977
26213,2021-10-01,2237,City of Hamilton Health Unit,0.0247,1501.0,2.53,0.9658,0.9924
26214,2021-10-01,2240,Chatham-Kent Health Unit,0.0462,362.0,3.4,0.7533,0.9444
26215,2021-10-01,2227,Brant County Health Unit,0.0187,329.0,2.12,0.6915,0.9438
26216,2021-09-30,2270,York Regional Health Unit,0.0174,2399.0,1.96,0.871,0.9854
26217,2021-09-30,2268,Windsor-Essex County Health Unit,0.0397,963.0,2.27,0.4474,0.9302
26218,2021-09-30,2266,Wellington-Dufferin-Guelph Health Unit,0.0175,669.0,2.14,0.9021,0.9904
26219,2021-09-30,2265,Waterloo Health Unit,0.0182,1002.0,1.71,0.834,0.9859
26220,2021-09-30,2263,Timiskaming Health Unit,0.0,20.0,0.61,0.7445,0.9562
26221,2021-09-30,2262,Thunder Bay District Health Unit,0.0022,258.0,1.72,0.9528,0.9807
26222,2021-09-30,2261,Sudbury and District Health Unit,0.0093,475.0,2.39,0.8392,0.9618
26223,2021-09-30,4913,Southwestern Public Health,0.0216,384.0,1.82,0.8961,0.9936
26224,2021-09-30,2260,Simcoe Muskoka District Health Unit,0.0123,1182.0,1.97,0.9128,0.9927
26225,2021-09-30,2257,Renfrew County and District Health Unit,0.0077,148.0,1.37,0.568,0.983
26226,2021-09-30,2256,Porcupine Health Unit,0.0042,137.0,1.65,0.82,0.9119
26227,2021-09-30,2255,Peterborough County-City Health Unit,0.0124,254.0,1.72,0.9046,0.9909
26228,2021-09-30,2253,Peel Regional Health Unit,0.0236,2581.0,1.61,0.9421,0.9912
26229,2021-09-30,35,Ontario,0.0194,28978.0,1.95,0.8618,0.9825
26230,2021-09-30,2249,Northwestern Health Unit,0.0136,158.0,1.8,0.7546,0.8988
26231,2021-09-30,2247,North Bay Parry Sound District Health Unit,0.0112,178.0,1.37,0.8936,0.9756
26232,2021-09-30,2246,Niagara Regional Area Health Unit,0.0327,877.0,1.86,0.9162,0.9851
26233,2021-09-30,2244,Middlesex-London Health Unit,0.0176,1073.0,2.12,0.922,0.9924
26234,2021-09-30,2243,"Leeds, Grenville and Lanark District Health Unit",0.0119,216.0,1.25,0.7644,0.9566
26235,2021-09-30,2242,Lambton Health Unit,0.0333,304.0,2.32,0.8287,0.9894
26236,2021-09-30,2241,"Kingston, Frontenac and Lennox and Addington Health Unit",0.0103,514.0,2.42,0.9738,0.9916
26237,2021-09-30,5183,Huron Perth Health Unit,0.0185,285.0,2.04,0.5123,0.9889
26238,2021-09-30,2238,Hastings and Prince Edward Counties Health Unit,0.0083,432.0,2.57,0.9768,0.9977
26239,2021-09-30,2236,Halton Regional Health Unit,0.0145,1145.0,1.85,0.9267,0.9903
26240,2021-09-30,2235,"Haliburton, Kawartha, Pine Ridge District Health Unit",0.0069,292.0,1.54,0.8076,0.9891
26241,2021-09-30,2234,Haldimand-Norfolk Health Unit,0.0196,168.0,1.47,0.8619,0.9649
26242,2021-09-30,2233,Grey Bruce Health Unit,0.0058,294.0,1.73,0.7141,0.9912
26243,2021-09-30,2258,Eastern Ontario Health Unit,0.0411,546.0,2.62,0.6841,0.9886
26244,2021-09-30,2230,Durham Regional Health Unit,0.0184,1287.0,1.81,0.8343,0.9797
26245,2021-09-30,2226,District of Algoma Health Unit,0.0016,174.0,1.52,0.9075,0.9771
26246,2021-09-30,3895,City of Toronto Health Unit,0.0176,6057.0,1.94,0.9272,0.9878
26247,2021-09-30,2251,City of Ottawa Health Unit,0.0204,2019.0,1.91,0.7491,0.9729
26248,2021-09-30,2237,City of Hamilton Health Unit,0.0239,1480.0,2.5,0.9695,0.9947
26249,2021-09-30,2240,Chatham-Kent Health Unit,0.0422,359.0,3.37,0.7526,0.946
26250,2021-09-30,2227,Brant County Health Unit,0.0208,336.0,2.17,0.6958,0.9438
26251,2021-09-29,2270,York Regional Health Unit,0.0176,2437.0,1.99,0.8906,0.9835
26252,2021-09-29,2268,Windsor-Essex County Health Unit,0.0394,994.0,2.34,0.4208,0.9229
26253,2021-09-29,2266,Wellington-Dufferin-Guelph Health Unit,0.0188,675.0,2.17,0.9104,0.9919
26254,2021-09-29,2265,Waterloo Health Unit,0.0178,1029.0,1.76,0.854,0.9869
26255,2021-09-29,2263,Timiskaming Health Unit,0.0,20.0,0.6,0.746,0.9524
26256,2021-09-29,2262,Thunder Bay District Health Unit,0.0022,265.0,1.77,0.9568,0.9831
26257,2021-09-29,2261,Sudbury and District Health Unit,0.0101,494.0,2.48,0.84,0.9605
26258,2021-09-29,4913,Southwestern Public Health,0.0186,384.0,1.81,0.9032,0.9935
26259,2021-09-29,2260,Simcoe Muskoka District Health Unit,0.0118,1211.0,2.02,0.9162,0.9922
26260,2021-09-29,2257,Renfrew County and District Health Unit,0.0088,163.0,1.5,0.6157,0.9867
26261,2021-09-29,2256,Porcupine Health Unit,0.0037,153.0,1.83,0.8237,0.905
26262,2021-09-29,2255,Peterborough County-City Health Unit,0.0147,252.0,1.71,0.9125,0.9908
26263,2021-09-29,2253,Peel Regional Health Unit,0.0233,2586.0,1.61,0.9397,0.9907
26264,2021-09-29,35,Ontario,0.0193,29250.0,1.97,0.8663,0.9817
26265,2021-09-29,2249,Northwestern Health Unit,0.0112,166.0,1.89,0.7029,0.8731
26266,2021-09-29,2247,North Bay Parry Sound District Health Unit,0.0096,179.0,1.38,0.922,0.9775
26267,2021-09-29,2246,Niagara Regional Area Health Unit,0.0333,868.0,1.84,0.9174,0.986
26268,2021-09-29,2244,Middlesex-London Health Unit,0.0177,1084.0,2.14,0.9172,0.9927
26269,2021-09-29,2243,"Leeds, Grenville and Lanark District Health Unit",0.0105,217.0,1.25,0.7471,0.9524
26270,2021-09-29,2242,Lambton Health Unit,0.029,315.0,2.41,0.8222,0.9899
26271,2021-09-29,2241,"Kingston, Frontenac and Lennox and Addington Health Unit",0.0116,517.0,2.43,0.9729,0.9909
26272,2021-09-29,5183,Huron Perth Health Unit,0.0185,294.0,2.1,0.5108,0.9899
26273,2021-09-29,2238,Hastings and Prince Edward Counties Health Unit,0.0085,435.0,2.58,0.9749,0.9979
26274,2021-09-29,2236,Halton Regional Health Unit,0.0154,1169.0,1.89,0.9047,0.988
26275,2021-09-29,2235,"Haliburton, Kawartha, Pine Ridge District Health Unit",0.0071,283.0,1.5,0.8306,0.9914
26276,2021-09-29,2234,Haldimand-Norfolk Health Unit,0.0202,170.0,1.49,0.8693,0.9644
26277,2021-09-29,2233,Grey Bruce Health Unit,0.0044,295.0,1.74,0.7183,0.9941
26278,2021-09-29,2258,Eastern Ontario Health Unit,0.0415,568.0,2.72,0.7036,0.9877
26279,2021-09-29,2230,Durham Regional Health Unit,0.0195,1284.0,1.8,0.8674,0.9819
26280,2021-09-29,2226,District of Algoma Health Unit,0.0016,179.0,1.56,0.9039,0.973
26281,2021-09-29,3895,City of Toronto Health Unit,0.0176,5994.0,1.92,0.9322,0.988
26282,2021-09-29,2251,City of Ottawa Health Unit,0.0207,2079.0,1.97,0.7425,0.9693
26283,2021-09-29,2237,City of Hamilton Health Unit,0.0222,1484.0,2.51,0.967,0.9927
26284,2021-09-29,2240,Chatham-Kent Health Unit,0.0393,357.0,3.35,0.8041,0.9433
26285,2021-09-29,2227,Brant County Health Unit,0.0223,339.0,2.19,0.6958,0.9445
26286,2021-09-28,2270,York Regional Health Unit,0.019,2357.0,1.92,0.895,0.9811
26287,2021-09-28,2268,Windsor-Essex County Health Unit,0.0404,989.0,2.33,0.4278,0.9194
26288,2021-09-28,2266,Wellington-Dufferin-Guelph Health Unit,0.0183,670.0,2.15,0.9123,0.9905
26289,2021-09-28,2265,Waterloo Health Unit,0.0183,1006.0,1.72,0.8803,0.986
26290,2021-09-28,2263,Timiskaming Health Unit,0.0155,18.0,0.56,0.7748,0.9459
26291,2021-09-28,2262,Thunder Bay District Health Unit,0.0023,251.0,1.67,0.9529,0.979
26292,2021-09-28,2261,Sudbury and District Health Unit,0.0109,500.0,2.51,0.845,0.9537
26293,2021-09-28,4913,Southwestern Public Health,0.0191,373.0,1.76,0.9164,0.9924
26294,2021-09-28,2260,Simcoe Muskoka District Health Unit,0.0118,1171.0,1.95,0.9196,0.9916
26295,2021-09-28,2257,Renfrew County and District Health Unit,0.0069,186.0,1.72,0.6496,0.9896
26296,2021-09-28,2256,Porcupine Health Unit,0.0042,138.0,1.65,0.8356,0.9069
26297,2021-09-28,2255,Peterborough County-City Health Unit,0.0146,245.0,1.66,0.9119,0.9885
26298,2021-09-28,2253,Peel Regional Health Unit,0.0236,2514.0,1.57,0.9397,0.99
26299,2021-09-28,35,Ontario,0.0201,28069.0,1.89,0.8688,0.9796
26300,2021-09-28,2249,Northwestern Health Unit,0.0127,157.0,1.79,0.6925,0.8493
26301,2021-09-28,2247,North Bay Parry Sound District Health Unit,0.01,172.0,1.33,0.9308,0.9782
26302,2021-09-28,2246,Niagara Regional Area Health Unit,0.0335,824.0,1.74,0.9103,0.9838
26303,2021-09-28,2244,Middlesex-London Health Unit,0.0168,1027.0,2.02,0.9119,0.9924
26304,2021-09-28,2243,"Leeds, Grenville and Lanark District Health Unit",0.0119,203.0,1.17,0.727,0.9519
26305,2021-09-28,2242,Lambton Health Unit,0.0265,291.0,2.22,0.7915,0.9874
26306,2021-09-28,2241,"Kingston, Frontenac and Lennox and Addington Health Unit",0.0125,445.0,2.09,0.9766,0.991
26307,2021-09-28,5183,Huron Perth Health Unit,0.0179,287.0,2.05,0.5464,0.9893
26308,2021-09-28,2238,Hastings and Prince Edward Counties Health Unit,0.0087,393.0,2.33,0.9743,0.9975
26309,2021-09-28,2236,Halton Regional Health Unit,0.0169,1130.0,1.82,0.8899,0.9849
26310,2021-09-28,2235,"Haliburton, Kawartha, Pine Ridge District Health Unit",0.0094,275.0,1.45,0.8482,0.9901
26311,2021-09-28,2234,Haldimand-Norfolk Health Unit,0.0178,160.0,1.4,0.8558,0.9573
26312,2021-09-28,2233,Grey Bruce Health Unit,0.004,287.0,1.69,0.7538,0.9932
26313,2021-09-28,2258,Eastern Ontario Health Unit,0.0403,564.0,2.7,0.7182,0.9864
26314,2021-09-28,2230,Durham Regional Health Unit,0.0218,1247.0,1.75,0.8786,0.9802
26315,2021-09-28,2226,District of Algoma Health Unit,0.0017,165.0,1.44,0.91,0.9706
26316,2021-09-28,3895,City of Toronto Health Unit,0.0186,5566.0,1.78,0.933,0.9867
26317,2021-09-28,2251,City of Ottawa Health Unit,0.0213,2088.0,1.98,0.7372,0.9647
26318,2021-09-28,2237,City of Hamilton Health Unit,0.0243,1363.0,2.3,0.9678,0.9919
26319,2021-09-28,2240,Chatham-Kent Health Unit,0.0376,368.0,3.47,0.8242,0.931
26320,2021-09-28,2227,Brant County Health Unit,0.0232,332.0,2.14,0.6893,0.9351
26321,2021-09-27,2270,York Regional Health Unit,0.0217,2013.0,1.64,0.9009,0.9908
26322,2021-09-27,2268,Windsor-Essex County Health Unit,0.0405,927.0,2.18,0.4257,0.8886
26323,2021-09-27,2266,Wellington-Dufferin-Guelph Health Unit,0.0211,568.0,1.82,0.9047,0.9858
26324,2021-09-27,2265,Waterloo Health Unit,0.0199,891.0,1.52,0.8275,0.976
26325,2021-09-27,2263,Timiskaming Health Unit,0.0168,17.0,0.52,0.7731,0.958
26326,2021-09-27,2262,Thunder Bay District Health Unit,0.0025,230.0,1.53,0.9501,0.9775
26327,2021-09-27,2261,Sudbury and District Health Unit,0.0106,443.0,2.23,0.8366,0.9517
26328,2021-09-27,4913,Southwestern Public Health,0.0182,314.0,1.48,0.9147,0.9906
26329,2021-09-27,2260,Simcoe Muskoka District Health Unit,0.0123,1035.0,1.73,0.916,0.9901
26330,2021-09-27,2257,Renfrew County and District Health Unit,0.0066,174.0,1.6,0.6776,0.9905
26331,2021-09-27,2256,Porcupine Health Unit,0.0022,127.0,1.53,0.8622,0.9364
26332,2021-09-27,2255,Peterborough County-City Health Unit,0.0134,214.0,1.45,0.9067,0.9823
26333,2021-09-27,2253,Peel Regional Health Unit,0.0249,2179.0,1.36,0.9382,0.9878
26334,2021-09-27,35,Ontario,0.0212,24606.0,1.66,0.8642,0.9779
26335,2021-09-27,2249,Northwestern Health Unit,0.0073,138.0,1.57,0.7,0.8531
26336,2021-09-27,2247,North Bay Parry Sound District Health Unit,0.0077,148.0,1.14,0.9038,0.974
26337,2021-09-27,2246,Niagara Regional Area Health Unit,0.0323,700.0,1.48,0.9119,0.9842
26338,2021-09-27,2244,Middlesex-London Health Unit,0.017,884.0,1.74,0.9113,0.9916
26339,2021-09-27,2243,"Leeds, Grenville and Lanark District Health Unit",0.0097,176.0,1.02,0.7329,0.9635
26340,2021-09-27,2242,Lambton Health Unit,0.0291,241.0,1.84,0.7816,0.9865
26341,2021-09-27,2241,"Kingston, Frontenac and Lennox and Addington Health Unit",0.0113,379.0,1.78,0.9767,0.9919
26342,2021-09-27,5183,Huron Perth Health Unit,0.0179,264.0,1.89,0.549,0.987
26343,2021-09-27,2238,Hastings and Prince Edward Counties Health Unit,0.0091,363.0,2.15,0.9768,0.9973
26344,2021-09-27,2236,Halton Regional Health Unit,0.0196,991.0,1.6,0.8671,0.9664
26345,2021-09-27,2235,"Haliburton, Kawartha, Pine Ridge District Health Unit",0.0112,229.0,1.21,0.8388,0.9819
26346,2021-09-27,2234,Haldimand-Norfolk Health Unit,0.0208,137.0,1.2,0.8669,0.9783
26347,2021-09-27,2233,Grey Bruce Health Unit,0.0039,255.0,1.5,0.7321,0.9926
26348,2021-09-27,2258,Eastern Ontario Health Unit,0.0415,506.0,2.42,0.7039,0.9832
26349,2021-09-27,2230,Durham Regional Health Unit,0.0244,1059.0,1.49,0.8865,0.989
26350,2021-09-27,2226,District of Algoma Health Unit,0.0009,159.0,1.39,0.9162,0.9721
26351,2021-09-27,3895,City of Toronto Health Unit,0.0193,4944.0,1.58,0.9326,0.987
26352,2021-09-27,2251,City of Ottawa Health Unit,0.0223,1854.0,1.76,0.7383,0.9628
26353,2021-09-27,2237,City of Hamilton Health Unit,0.0258,1169.0,1.97,0.9655,0.9918
26354,2021-09-27,2240,Chatham-Kent Health Unit,0.0407,302.0,2.84,0.8065,0.9253
26355,2021-09-27,2227,Brant County Health Unit,0.0305,305.0,1.96,0.68,0.9402
26356,2021-09-26,2270,York Regional Health Unit,0.0217,1941.0,1.58,0.8956,0.9896
26357,2021-09-26,2268,Windsor-Essex County Health Unit,0.0426,889.0,2.09,0.4307,0.8867
26358,2021-09-26,2266,Wellington-Dufferin-Guelph Health Unit,0.0205,544.0,1.75,0.9055,0.9862
26359,2021-09-26,2265,Waterloo Health Unit,0.0199,826.0,1.41,0.7875,0.9747
26360,2021-09-26,2263,Timiskaming Health Unit,0.0174,16.0,0.5,0.8158,0.9912
26361,2021-09-26,2262,Thunder Bay District Health Unit,0.0013,225.0,1.5,0.9578,0.9846
26362,2021-09-26,2261,Sudbury and District Health Unit,0.0098,438.0,2.2,0.8329,0.9578
26363,2021-09-26,4913,Southwestern Public Health,0.0165,303.0,1.43,0.9178,0.9911
26364,2021-09-26,2260,Simcoe Muskoka District Health Unit,0.0133,1009.0,1.68,0.9171,0.9898
26365,2021-09-26,2257,Renfrew County and District Health Unit,0.006,165.0,1.52,0.6647,0.9823
26366,2021-09-26,2256,Porcupine Health Unit,0.0089,128.0,1.53,0.8719,0.9454
26367,2021-09-26,2255,Peterborough County-City Health Unit,0.0151,208.0,1.41,0.919,0.9815
26368,2021-09-26,2253,Peel Regional Health Unit,0.0248,2156.0,1.34,0.9298,0.9835
26369,2021-09-26,35,Ontario,0.0215,23700.0,1.6,0.8586,0.9763
26370,2021-09-26,2249,Northwestern Health Unit,0.0092,140.0,1.6,0.6796,0.8483
26371,2021-09-26,2247,North Bay Parry Sound District Health Unit,0.0061,140.0,1.08,0.8963,0.9677
26372,2021-09-26,2246,Niagara Regional Area Health Unit,0.0302,690.0,1.46,0.9166,0.987
26373,2021-09-26,2244,Middlesex-London Health Unit,0.0191,869.0,1.71,0.9175,0.994
26374,2021-09-26,2243,"Leeds, Grenville and Lanark District Health Unit",0.0089,161.0,0.93,0.7151,0.962
26375,2021-09-26,2242,Lambton Health Unit,0.0223,230.0,1.76,0.7798,0.9889
26376,2021-09-26,2241,"Kingston, Frontenac and Lennox and Addington Health Unit",0.0108,370.0,1.74,0.9799,0.9951
26377,2021-09-26,5183,Huron Perth Health Unit,0.0181,228.0,1.63,0.5585,0.9874
26378,2021-09-26,2238,Hastings and Prince Edward Counties Health Unit,0.008,375.0,2.23,0.9755,0.9967
26379,2021-09-26,2236,Halton Regional Health Unit,0.0206,944.0,1.52,0.8165,0.9431
26380,2021-09-26,2235,"Haliburton, Kawartha, Pine Ridge District Health Unit",0.0147,204.0,1.08,0.8391,0.9834
26381,2021-09-26,2234,Haldimand-Norfolk Health Unit,0.0198,137.0,1.2,0.8741,0.9849
26382,2021-09-26,2233,Grey Bruce Health Unit,0.0054,212.0,1.25,0.73,0.9925
26383,2021-09-26,2258,Eastern Ontario Health Unit,0.0421,452.0,2.16,0.6715,0.9685
26384,2021-09-26,2230,Durham Regional Health Unit,0.0223,1033.0,1.45,0.8919,0.9922
26385,2021-09-26,2226,District of Algoma Health Unit,0.0036,160.0,1.4,0.9182,0.97
26386,2021-09-26,3895,City of Toronto Health Unit,0.0197,4832.0,1.55,0.933,0.9864
26387,2021-09-26,2251,City of Ottawa Health Unit,0.024,1705.0,1.62,0.7375,0.9627
26388,2021-09-26,2237,City of Hamilton Health Unit,0.0253,1136.0,1.92,0.9591,0.9913
26389,2021-09-26,2240,Chatham-Kent Health Unit,0.0471,270.0,2.54,0.8038,0.9274
26390,2021-09-26,2227,Brant County Health Unit,0.0361,293.0,1.89,0.6763,0.9382
26391,2021-09-25,2270,York Regional Health Unit,0.0229,1959.0,1.6,0.9098,0.9884
26392,2021-09-25,2268,Windsor-Essex County Health Unit,0.0432,893.0,2.1,0.4436,0.8804
26393,2021-09-25,2266,Wellington-Dufferin-Guelph Health Unit,0.0228,551.0,1.77,0.9068,0.9853
26394,2021-09-25,2265,Waterloo Health Unit,0.0202,836.0,1.43,0.7451,0.9766
26395,2021-09-25,2263,Timiskaming Health Unit,0.0161,18.0,0.54,0.7934,0.9917
26396,2021-09-25,2262,Thunder Bay District Health Unit,0.0019,223.0,1.49,0.954,0.9808
26397,2021-09-25,2261,Sudbury and District Health Unit,0.0094,454.0,2.28,0.8361,0.9593
26398,2021-09-25,4913,Southwestern Public Health,0.0155,305.0,1.44,0.8991,0.9909
26399,2021-09-25,2260,Simcoe Muskoka District Health Unit,0.0139,1017.0,1.7,0.922,0.9899
26400,2021-09-25,2257,Renfrew County and District Health Unit,0.0069,166.0,1.53,0.7097,0.9813
26401,2021-09-25,2256,Porcupine Health Unit,0.0086,133.0,1.59,0.8605,0.9318
26402,2021-09-25,2255,Peterborough County-City Health Unit,0.0178,201.0,1.36,0.9244,0.988
26403,2021-09-25,2253,Peel Regional Health Unit,0.0255,2153.0,1.34,0.9233,0.9818
26404,2021-09-25,35,Ontario,0.022,23654.0,1.59,0.8583,0.9756
26405,2021-09-25,2249,Northwestern Health Unit,0.0094,137.0,1.56,0.6603,0.8488
26406,2021-09-25,2247,North Bay Parry Sound District Health Unit,0.0079,144.0,1.11,0.9031,0.9765
26407,2021-09-25,2246,Niagara Regional Area Health Unit,0.0299,678.0,1.43,0.9446,0.9891
26408,2021-09-25,2244,Middlesex-London Health Unit,0.0195,864.0,1.7,0.9209,0.9937
26409,2021-09-25,2243,"Leeds, Grenville and Lanark District Health Unit",0.0112,166.0,0.96,0.7137,0.9664
26410,2021-09-25,2242,Lambton Health Unit,0.0228,232.0,1.77,0.7707,0.9939
26411,2021-09-25,2241,"Kingston, Frontenac and Lennox and Addington Health Unit",0.0094,366.0,1.72,0.9829,0.9972
26412,2021-09-25,5183,Huron Perth Health Unit,0.018,231.0,1.65,0.5991,0.9906
26413,2021-09-25,2238,Hastings and Prince Edward Counties Health Unit,0.007,387.0,2.3,0.9741,0.996
26414,2021-09-25,2236,Halton Regional Health Unit,0.0203,903.0,1.46,0.776,0.9146
26415,2021-09-25,2235,"Haliburton, Kawartha, Pine Ridge District Health Unit",0.0147,205.0,1.08,0.8186,0.9857
26416,2021-09-25,2234,Haldimand-Norfolk Health Unit,0.0189,136.0,1.19,0.889,0.9867
26417,2021-09-25,2233,Grey Bruce Health Unit,0.0054,213.0,1.26,0.697,0.9856
26418,2021-09-25,2258,Eastern Ontario Health Unit,0.0429,449.0,2.15,0.6699,0.9664
26419,2021-09-25,2230,Durham Regional Health Unit,0.0232,1023.0,1.44,0.8884,0.9903
26420,2021-09-25,2226,District of Algoma Health Unit,0.0035,161.0,1.41,0.9171,0.9733
26421,2021-09-25,3895,City of Toronto Health Unit,0.0206,4776.0,1.53,0.9339,0.9853
26422,2021-09-25,2251,City of Ottawa Health Unit,0.025,1720.0,1.63,0.7312,0.9673
26423,2021-09-25,2237,City of Hamilton Health Unit,0.025,1119.0,1.89,0.9595,0.9907
26424,2021-09-25,2240,Chatham-Kent Health Unit,0.0435,266.0,2.5,0.8703,0.9894
26425,2021-09-25,2227,Brant County Health Unit,0.036,297.0,1.92,0.7069,0.944
26426,2021-09-24,2270,York Regional Health Unit,0.024,1990.0,1.62,0.8985,0.9878
26427,2021-09-24,2268,Windsor-Essex County Health Unit,0.044,918.0,2.16,0.4597,0.8902
26428,2021-09-24,2266,Wellington-Dufferin-Guelph Health Unit,0.0248,559.0,1.79,0.9119,0.9856
26429,2021-09-24,2265,Waterloo Health Unit,0.0203,845.0,1.45,0.7349,0.9741
26430,2021-09-24,2263,Timiskaming Health Unit,0.0171,17.0,0.51,0.8319,0.9916
26431,2021-09-24,2262,Thunder Bay District Health Unit,0.0019,225.0,1.5,0.9533,0.9819
26432,2021-09-24,2261,Sudbury and District Health Unit,0.0071,461.0,2.32,0.8459,0.9616
26433,2021-09-24,4913,Southwestern Public Health,0.0158,308.0,1.46,0.904,0.9907
26434,2021-09-24,2260,Simcoe Muskoka District Health Unit,0.0135,1024.0,1.71,0.9167,0.989
26435,2021-09-24,2257,Renfrew County and District Health Unit,0.0024,180.0,1.66,0.6809,0.9829
26436,2021-09-24,2256,Porcupine Health Unit,0.0085,134.0,1.61,0.8554,0.9333
26437,2021-09-24,2255,Peterborough County-City Health Unit,0.0179,191.0,1.29,0.932,0.9882
26438,2021-09-24,2253,Peel Regional Health Unit,0.0284,2167.0,1.35,0.9241,0.9822
26439,2021-09-24,35,Ontario,0.0227,23695.0,1.6,0.8617,0.9764
26440,2021-09-24,2249,Northwestern Health Unit,0.0092,140.0,1.59,0.6529,0.8557
26441,2021-09-24,2247,North Bay Parry Sound District Health Unit,0.0077,148.0,1.14,0.9207,0.9791
26442,2021-09-24,2246,Niagara Regional Area Health Unit,0.0324,653.0,1.38,0.937,0.9874
26443,2021-09-24,2244,Middlesex-London Health Unit,0.0203,849.0,1.67,0.919,0.9931
26444,2021-09-24,2243,"Leeds, Grenville and Lanark District Health Unit",0.0117,171.0,0.99,0.7527,0.98
26445,2021-09-24,2242,Lambton Health Unit,0.024,232.0,1.77,0.7868,0.9937
26446,2021-09-24,2241,"Kingston, Frontenac and Lennox and Addington Health Unit",0.01,359.0,1.69,0.9832,0.9971
26447,2021-09-24,5183,Huron Perth Health Unit,0.0183,243.0,1.74,0.6014,0.9908
26448,2021-09-24,2238,Hastings and Prince Edward Counties Health Unit,0.0083,394.0,2.34,0.9769,0.9958
26449,2021-09-24,2236,Halton Regional Health Unit,0.022,881.0,1.42,0.7576,0.9147
26450,2021-09-24,2235,"Haliburton, Kawartha, Pine Ridge District Health Unit",0.0154,204.0,1.08,0.8242,0.9869
26451,2021-09-24,2234,Haldimand-Norfolk Health Unit,0.0211,135.0,1.19,0.8892,0.9849
26452,2021-09-24,2233,Grey Bruce Health Unit,0.0056,206.0,1.21,0.7315,0.9859
26453,2021-09-24,2258,Eastern Ontario Health Unit,0.0424,444.0,2.13,0.6831,0.9641
26454,2021-09-24,2230,Durham Regional Health Unit,0.024,1018.0,1.43,0.891,0.9894
26455,2021-09-24,2226,District of Algoma Health Unit,0.0035,164.0,1.43,0.9133,0.972
26456,2021-09-24,3895,City of Toronto Health Unit,0.021,4769.0,1.53,0.9403,0.9853
26457,2021-09-24,2251,City of Ottawa Health Unit,0.0259,1729.0,1.64,0.7544,0.9741
26458,2021-09-24,2237,City of Hamilton Health Unit,0.0222,1105.0,1.87,0.9584,0.9892
26459,2021-09-24,2240,Chatham-Kent Health Unit,0.0428,264.0,2.48,0.8632,0.9894
26460,2021-09-24,2227,Brant County Health Unit,0.0383,295.0,1.9,0.7144,0.9467
26461,2021-09-23,2270,York Regional Health Unit,0.0249,2017.0,1.65,0.8813,0.987
26462,2021-09-23,2268,Windsor-Essex County Health Unit,0.04,933.0,2.2,0.5387,0.9076
26463,2021-09-23,2266,Wellington-Dufferin-Guelph Health Unit,0.0226,568.0,1.82,0.9102,0.9866
26464,2021-09-23,2265,Waterloo Health Unit,0.0219,850.0,1.45,0.7059,0.9745
26465,2021-09-23,2263,Timiskaming Health Unit,0.0229,19.0,0.57,0.8309,0.9926
26466,2021-09-23,2262,Thunder Bay District Health Unit,0.0018,232.0,1.55,0.9601,0.9834
26467,2021-09-23,2261,Sudbury and District Health Unit,0.0062,481.0,2.42,0.861,0.9642
26468,2021-09-23,4913,Southwestern Public Health,0.0158,325.0,1.54,0.8874,0.9843
26469,2021-09-23,2260,Simcoe Muskoka District Health Unit,0.0145,1028.0,1.71,0.919,0.9893
26470,2021-09-23,2257,Renfrew County and District Health Unit,0.0024,177.0,1.63,0.7013,0.9769
26471,2021-09-23,2256,Porcupine Health Unit,0.0104,137.0,1.64,0.8306,0.9046
26472,2021-09-23,2255,Peterborough County-City Health Unit,0.0206,194.0,1.31,0.9257,0.9876
26473,2021-09-23,2253,Peel Regional Health Unit,0.0286,2230.0,1.39,0.9164,0.9802
26474,2021-09-23,35,Ontario,0.0231,23733.0,1.6,0.8623,0.9764
26475,2021-09-23,2249,Northwestern Health Unit,0.009,142.0,1.62,0.6053,0.8277
26476,2021-09-23,2247,North Bay Parry Sound District Health Unit,0.0061,163.0,1.26,0.8656,0.9781
26477,2021-09-23,2246,Niagara Regional Area Health Unit,0.0372,633.0,1.34,0.9205,0.9849
26478,2021-09-23,2244,Middlesex-London Health Unit,0.0205,849.0,1.67,0.9111,0.9929
26479,2021-09-23,2243,"Leeds, Grenville and Lanark District Health Unit",0.0097,177.0,1.02,0.7896,0.9798
26480,2021-09-23,2242,Lambton Health Unit,0.0239,234.0,1.78,0.7798,0.9926
26481,2021-09-23,2241,"Kingston, Frontenac and Lennox and Addington Health Unit",0.0092,340.0,1.6,0.9801,0.9955
26482,2021-09-23,5183,Huron Perth Health Unit,0.0198,231.0,1.66,0.5758,0.9947
26483,2021-09-23,2238,Hastings and Prince Edward Counties Health Unit,0.0101,408.0,2.42,0.9759,0.9961
26484,2021-09-23,2236,Halton Regional Health Unit,0.0229,868.0,1.4,0.716,0.9039
26485,2021-09-23,2235,"Haliburton, Kawartha, Pine Ridge District Health Unit",0.0159,206.0,1.09,0.8249,0.9866
26486,2021-09-23,2234,Haldimand-Norfolk Health Unit,0.0221,136.0,1.19,0.9073,0.9844
26487,2021-09-23,2233,Grey Bruce Health Unit,0.0055,206.0,1.21,0.7249,0.9878
26488,2021-09-23,2258,Eastern Ontario Health Unit,0.0439,426.0,2.04,0.6627,0.9658
26489,2021-09-23,2230,Durham Regional Health Unit,0.0243,1001.0,1.41,0.8851,0.99
26490,2021-09-23,2226,District of Algoma Health Unit,0.008,178.0,1.56,0.9248,0.9752
26491,2021-09-23,3895,City of Toronto Health Unit,0.0217,4698.0,1.51,0.9417,0.9849
26492,2021-09-23,2251,City of Ottawa Health Unit,0.026,1733.0,1.64,0.8045,0.9814
26493,2021-09-23,2237,City of Hamilton Health Unit,0.0243,1081.0,1.83,0.9565,0.9894
26494,2021-09-23,2240,Chatham-Kent Health Unit,0.0451,260.0,2.44,0.8788,0.99
26495,2021-09-23,2227,Brant County Health Unit,0.0362,296.0,1.91,0.7169,0.9429
26496,2021-09-22,2270,York Regional Health Unit,0.0271,1967.0,1.61,0.8613,0.9889
26497,2021-09-22,2268,Windsor-Essex County Health Unit,0.0398,975.0,2.3,0.5488,0.9142
26498,2021-09-22,2266,Wellington-Dufferin-Guelph Health Unit,0.0216,568.0,1.82,0.8962,0.9882
26499,2021-09-22,2265,Waterloo Health Unit,0.0224,823.0,1.41,0.697,0.9736
26500,2021-09-22,2263,Timiskaming Health Unit,0.0303,19.0,0.58,0.7862,1.0
26501,2021-09-22,2262,Thunder Bay District Health Unit,0.0019,227.0,1.51,0.935,0.9806
26502,2021-09-22,2261,Sudbury and District Health Unit,0.0083,467.0,2.35,0.8654,0.9653
26503,2021-09-22,4913,Southwestern Public Health,0.0152,329.0,1.55,0.8751,0.9834
26504,2021-09-22,2260,Simcoe Muskoka District Health Unit,0.0145,1022.0,1.71,0.9106,0.9895
26505,2021-09-22,2257,Renfrew County and District Health Unit,0.0009,163.0,1.5,0.5295,0.9325
26506,2021-09-22,2256,Porcupine Health Unit,0.0107,147.0,1.77,0.8055,0.8917
26507,2021-09-22,2255,Peterborough County-City Health Unit,0.0163,184.0,1.24,0.9255,0.9876
26508,2021-09-22,2253,Peel Regional Health Unit,0.0308,2196.0,1.37,0.9224,0.9811
26509,2021-09-22,35,Ontario,0.0243,23307.0,1.57,0.8568,0.9765
26510,2021-09-22,2249,Northwestern Health Unit,0.0089,144.0,1.65,0.6484,0.8744
26511,2021-09-22,2247,North Bay Parry Sound District Health Unit,0.0077,166.0,1.28,0.8267,0.9777
26512,2021-09-22,2246,Niagara Regional Area Health Unit,0.0384,609.0,1.29,0.905,0.9856
26513,2021-09-22,2244,Middlesex-London Health Unit,0.0208,844.0,1.66,0.9126,0.9929
26514,2021-09-22,2243,"Leeds, Grenville and Lanark District Health Unit",0.0095,181.0,1.05,0.7825,0.9686
26515,2021-09-22,2242,Lambton Health Unit,0.0228,232.0,1.77,0.7835,0.9924
26516,2021-09-22,2241,"Kingston, Frontenac and Lennox and Addington Health Unit",0.0082,333.0,1.56,0.9771,0.9941
26517,2021-09-22,5183,Huron Perth Health Unit,0.0177,218.0,1.56,0.5794,0.9942
26518,2021-09-22,2238,Hastings and Prince Edward Counties Health Unit,0.0114,403.0,2.39,0.9753,0.9951
26519,2021-09-22,2236,Halton Regional Health Unit,0.0245,847.0,1.37,0.7105,0.9017
26520,2021-09-22,2235,"Haliburton, Kawartha, Pine Ridge District Health Unit",0.0153,205.0,1.09,0.8218,0.985
26521,2021-09-22,2234,Haldimand-Norfolk Health Unit,0.0256,134.0,1.17,0.9013,0.9853
26522,2021-09-22,2233,Grey Bruce Health Unit,0.0062,208.0,1.22,0.7389,0.9852
26523,2021-09-22,2258,Eastern Ontario Health Unit,0.0477,384.0,1.84,0.6559,0.9593
26524,2021-09-22,2230,Durham Regional Health Unit,0.0263,966.0,1.36,0.8472,0.9856
26525,2021-09-22,2226,District of Algoma Health Unit,0.0086,182.0,1.59,0.9056,0.9746
26526,2021-09-22,3895,City of Toronto Health Unit,0.0224,4624.0,1.48,0.9439,0.9843
26527,2021-09-22,2251,City of Ottawa Health Unit,0.0281,1660.0,1.57,0.8039,0.9857
26528,2021-09-22,2237,City of Hamilton Health Unit,0.0274,1067.0,1.8,0.9563,0.9906
26529,2021-09-22,2240,Chatham-Kent Health Unit,0.0552,248.0,2.34,0.8949,0.9922
26530,2021-09-22,2227,Brant County Health Unit,0.0369,291.0,1.87,0.7183,0.9411
26531,2021-09-21,2270,York Regional Health Unit,0.029,1998.0,1.63,0.8413,0.9842
26532,2021-09-21,2268,Windsor-Essex County Health Unit,0.0383,970.0,2.28,0.5413,0.9176
26533,2021-09-21,2266,Wellington-Dufferin-Guelph Health Unit,0.024,558.0,1.79,0.8927,0.9889
26534,2021-09-21,2265,Waterloo Health Unit,0.0238,833.0,1.43,0.7102,0.9754
26535,2021-09-21,2263,Timiskaming Health Unit,0.0146,20.0,0.6,0.7813,1.0
26536,2021-09-21,2262,Thunder Bay District Health Unit,0.0035,245.0,1.63,0.9296,0.9841
26537,2021-09-21,2261,Sudbury and District Health Unit,0.0114,464.0,2.33,0.8707,0.9684
26538,2021-09-21,4913,Southwestern Public Health,0.0164,340.0,1.61,0.8792,0.9836
26539,2021-09-21,2260,Simcoe Muskoka District Health Unit,0.0154,1066.0,1.78,0.9106,0.9884
26540,2021-09-21,2257,Renfrew County and District Health Unit,0.0023,126.0,1.16,0.518,0.9413
26541,2021-09-21,2256,Porcupine Health Unit,0.0113,164.0,1.97,0.8105,0.9013
26542,2021-09-21,2255,Peterborough County-City Health Unit,0.0149,192.0,1.3,0.9298,0.9887
26543,2021-09-21,2253,Peel Regional Health Unit,0.0343,2218.0,1.38,0.9178,0.9748
26544,2021-09-21,35,Ontario,0.025,23858.0,1.61,0.8533,0.9746
26545,2021-09-21,2249,Northwestern Health Unit,0.0094,167.0,1.9,0.6533,0.8899
26546,2021-09-21,2247,North Bay Parry Sound District Health Unit,0.0069,185.0,1.43,0.8284,0.9753
26547,2021-09-21,2246,Niagara Regional Area Health Unit,0.0367,622.0,1.32,0.9081,0.9838
26548,2021-09-21,2244,Middlesex-London Health Unit,0.0207,882.0,1.74,0.9097,0.9857
26549,2021-09-21,2243,"Leeds, Grenville and Lanark District Health Unit",0.0088,194.0,1.12,0.8005,0.9764
26550,2021-09-21,2242,Lambton Health Unit,0.0253,242.0,1.85,0.7635,0.9917
26551,2021-09-21,2241,"Kingston, Frontenac and Lennox and Addington Health Unit",0.0063,387.0,1.82,0.9777,0.9941
26552,2021-09-21,5183,Huron Perth Health Unit,0.0147,224.0,1.6,0.5632,0.993
26553,2021-09-21,2238,Hastings and Prince Edward Counties Health Unit,0.0109,431.0,2.56,0.9755,0.9951
26554,2021-09-21,2236,Halton Regional Health Unit,0.024,846.0,1.37,0.7277,0.9013
26555,2021-09-21,2235,"Haliburton, Kawartha, Pine Ridge District Health Unit",0.0152,207.0,1.09,0.8309,0.9824
26556,2021-09-21,2234,Haldimand-Norfolk Health Unit,0.0253,135.0,1.19,0.9014,0.9833
26557,2021-09-21,2233,Grey Bruce Health Unit,0.0076,208.0,1.22,0.7274,0.9867
26558,2021-09-21,2258,Eastern Ontario Health Unit,0.0476,372.0,1.78,0.6525,0.9669
26559,2021-09-21,2230,Durham Regional Health Unit,0.0272,978.0,1.37,0.8547,0.982
26560,2021-09-21,2226,District of Algoma Health Unit,0.0089,192.0,1.68,0.902,0.9752
26561,2021-09-21,3895,City of Toronto Health Unit,0.0232,4842.0,1.55,0.9379,0.9791
26562,2021-09-21,2251,City of Ottawa Health Unit,0.0284,1617.0,1.53,0.7978,0.9869
26563,2021-09-21,2237,City of Hamilton Health Unit,0.028,1119.0,1.89,0.9503,0.9849
26564,2021-09-21,2240,Chatham-Kent Health Unit,0.055,244.0,2.3,0.901,0.9918
26565,2021-09-21,2227,Brant County Health Unit,0.0385,293.0,1.89,0.7255,0.9474
26566,2021-09-20,2270,York Regional Health Unit,0.0271,2252.0,1.84,0.8343,0.9832
26567,2021-09-20,2268,Windsor-Essex County Health Unit,0.0386,1032.0,2.43,0.588,0.9491
26568,2021-09-20,2266,Wellington-Dufferin-Guelph Health Unit,0.0232,645.0,2.07,0.8958,0.9893
26569,2021-09-20,2265,Waterloo Health Unit,0.0235,947.0,1.62,0.7203,0.9782
26570,2021-09-20,2263,Timiskaming Health Unit,0.0127,22.0,0.69,0.7727,1.0
26571,2021-09-20,2262,Thunder Bay District Health Unit,0.0031,273.0,1.82,0.9126,0.9798
26572,2021-09-20,2261,Sudbury and District Health Unit,0.0111,516.0,2.59,0.8849,0.9752
26573,2021-09-20,4913,Southwestern Public Health,0.0207,394.0,1.86,0.8751,0.9828
26574,2021-09-20,2260,Simcoe Muskoka District Health Unit,0.0155,1187.0,1.98,0.912,0.9912
26575,2021-09-20,2257,Renfrew County and District Health Unit,0.0019,148.0,1.36,0.465,0.9381
26576,2021-09-20,2256,Porcupine Health Unit,0.0097,191.0,2.29,0.7963,0.8844
26577,2021-09-20,2255,Peterborough County-City Health Unit,0.0141,223.0,1.51,0.9333,0.9951
26578,2021-09-20,2253,Peel Regional Health Unit,0.0318,2501.0,1.56,0.9114,0.9694
26579,2021-09-20,35,Ontario,0.0243,26686.0,1.8,0.8523,0.9754
26580,2021-09-20,2249,Northwestern Health Unit,0.0078,184.0,2.1,0.6471,0.8872
26581,2021-09-20,2247,North Bay Parry Sound District Health Unit,0.0074,213.0,1.64,0.8571,0.981
26582,2021-09-20,2246,Niagara Regional Area Health Unit,0.0366,707.0,1.5,0.9072,0.9818
26583,2021-09-20,2244,Middlesex-London Health Unit,0.0203,1011.0,1.99,0.9073,0.9844
26584,2021-09-20,2243,"Leeds, Grenville and Lanark District Health Unit",0.0083,225.0,1.3,0.7919,0.9768
26585,2021-09-20,2242,Lambton Health Unit,0.0202,276.0,2.11,0.7473,0.9922
26586,2021-09-20,2241,"Kingston, Frontenac and Lennox and Addington Health Unit",0.0083,415.0,1.95,0.9751,0.9928
26587,2021-09-20,5183,Huron Perth Health Unit,0.0129,244.0,1.74,0.5621,0.9935
26588,2021-09-20,2238,Hastings and Prince Edward Counties Health Unit,0.0099,463.0,2.75,0.9742,0.9954
26589,2021-09-20,2236,Halton Regional Health Unit,0.0224,936.0,1.51,0.7434,0.9156
26590,2021-09-20,2235,"Haliburton, Kawartha, Pine Ridge District Health Unit",0.0143,239.0,1.27,0.8412,0.99
26591,2021-09-20,2234,Haldimand-Norfolk Health Unit,0.0259,154.0,1.35,0.9021,0.9808
26592,2021-09-20,2233,Grey Bruce Health Unit,0.0104,233.0,1.37,0.7403,0.9867
26593,2021-09-20,2258,Eastern Ontario Health Unit,0.0417,435.0,2.08,0.6515,0.9666
26594,2021-09-20,2230,Durham Regional Health Unit,0.0248,1171.0,1.64,0.842,0.9804
26595,2021-09-20,2226,District of Algoma Health Unit,0.0107,201.0,1.76,0.8909,0.9715
26596,2021-09-20,3895,City of Toronto Health Unit,0.0238,5297.0,1.7,0.9335,0.9775
26597,2021-09-20,2251,City of Ottawa Health Unit,0.0274,1782.0,1.69,0.7861,0.9867
26598,2021-09-20,2237,City of Hamilton Health Unit,0.0281,1259.0,2.13,0.9499,0.9839
26599,2021-09-20,2240,Chatham-Kent Health Unit,0.0494,278.0,2.61,0.9013,0.9926
26600,2021-09-20,2227,Brant County Health Unit,0.0341,326.0,2.1,0.7339,0.9475
26601,2021-09-19,2270,York Regional Health Unit,0.0289,2242.0,1.83,0.8281,0.9789
26602,2021-09-19,2268,Windsor-Essex County Health Unit,0.0384,1113.0,2.62,0.6247,0.9607
26603,2021-09-19,2266,Wellington-Dufferin-Guelph Health Unit,0.0246,646.0,2.07,0.8947,0.9881
26604,2021-09-19,2265,Waterloo Health Unit,0.0243,989.0,1.69,0.7286,0.9793
26605,2021-09-19,2263,Timiskaming Health Unit,0.013,22.0,0.67,0.7682,1.0
26606,2021-09-19,2262,Thunder Bay District Health Unit,0.0043,269.0,1.79,0.8937,0.9606
26607,2021-09-19,2261,Sudbury and District Health Unit,0.0133,517.0,2.6,0.903,0.9881
26608,2021-09-19,4913,Southwestern Public Health,0.0235,395.0,1.87,0.849,0.9809
26609,2021-09-19,2260,Simcoe Muskoka District Health Unit,0.017,1161.0,1.94,0.911,0.9908
26610,2021-09-19,2257,Renfrew County and District Health Unit,0.0018,156.0,1.44,0.4694,0.9426
26611,2021-09-19,2256,Porcupine Health Unit,0.0059,194.0,2.32,0.7894,0.8761
26612,2021-09-19,2255,Peterborough County-City Health Unit,0.016,232.0,1.57,0.9334,0.9951
26613,2021-09-19,2253,Peel Regional Health Unit,0.0337,2511.0,1.56,0.9154,0.9714
26614,2021-09-19,35,Ontario,0.0254,26846.0,1.81,0.8555,0.9756
26615,2021-09-19,2249,Northwestern Health Unit,0.0077,185.0,2.11,0.6373,0.8634
26616,2021-09-19,2247,North Bay Parry Sound District Health Unit,0.0078,239.0,1.84,0.8634,0.9861
26617,2021-09-19,2246,Niagara Regional Area Health Unit,0.0356,711.0,1.51,0.9058,0.9779
26618,2021-09-19,2244,Middlesex-London Health Unit,0.0203,1005.0,1.98,0.9114,0.9847
26619,2021-09-19,2243,"Leeds, Grenville and Lanark District Health Unit",0.0123,231.0,1.34,0.8008,0.9793
26620,2021-09-19,2242,Lambton Health Unit,0.0218,275.0,2.1,0.7754,0.9929
26621,2021-09-19,2241,"Kingston, Frontenac and Lennox and Addington Health Unit",0.0083,412.0,1.94,0.9712,0.9903
26622,2021-09-19,5183,Huron Perth Health Unit,0.0152,264.0,1.89,0.5569,0.9934
26623,2021-09-19,2238,Hastings and Prince Edward Counties Health Unit,0.0109,434.0,2.58,0.973,0.9949
26624,2021-09-19,2236,Halton Regional Health Unit,0.0239,964.0,1.56,0.7781,0.9362
26625,2021-09-19,2235,"Haliburton, Kawartha, Pine Ridge District Health Unit",0.0167,257.0,1.36,0.8323,0.9884
26626,2021-09-19,2234,Haldimand-Norfolk Health Unit,0.0223,148.0,1.29,0.8784,0.9775
26627,2021-09-19,2233,Grey Bruce Health Unit,0.0094,259.0,1.52,0.7364,0.9795
26628,2021-09-19,2258,Eastern Ontario Health Unit,0.0352,467.0,2.24,0.6769,0.9768
26629,2021-09-19,2230,Durham Regional Health Unit,0.0263,1156.0,1.62,0.8394,0.9801
26630,2021-09-19,2226,District of Algoma Health Unit,0.011,195.0,1.7,0.8891,0.9728
26631,2021-09-19,3895,City of Toronto Health Unit,0.0256,5177.0,1.66,0.9304,0.974
26632,2021-09-19,2251,City of Ottawa Health Unit,0.0279,1837.0,1.74,0.7837,0.9882
26633,2021-09-19,2237,City of Hamilton Health Unit,0.0303,1266.0,2.14,0.9514,0.9834
26634,2021-09-19,2240,Chatham-Kent Health Unit,0.0487,270.0,2.54,0.9078,0.9932
26635,2021-09-19,2227,Brant County Health Unit,0.031,341.0,2.2,0.7485,0.9512
26636,2021-09-18,2270,York Regional Health Unit,0.0295,2195.0,1.79,0.8095,0.9783
26637,2021-09-18,2268,Windsor-Essex County Health Unit,0.0394,1117.0,2.63,0.6715,0.9718
26638,2021-09-18,2266,Wellington-Dufferin-Guelph Health Unit,0.0242,637.0,2.04,0.9053,0.9887
26639,2021-09-18,2265,Waterloo Health Unit,0.0236,975.0,1.67,0.7629,0.9781
26640,2021-09-18,2263,Timiskaming Health Unit,0.0131,22.0,0.67,0.7875,1.0
26641,2021-09-18,2262,Thunder Bay District Health Unit,0.0037,273.0,1.82,0.8965,0.9643
26642,2021-09-18,2261,Sudbury and District Health Unit,0.0141,496.0,2.49,0.9114,0.9872
26643,2021-09-18,4913,Southwestern Public Health,0.0259,386.0,1.83,0.8519,0.9813
26644,2021-09-18,2260,Simcoe Muskoka District Health Unit,0.0174,1138.0,1.9,0.9127,0.99
26645,2021-09-18,2257,Renfrew County and District Health Unit,0.0009,156.0,1.44,0.4159,0.9413
26646,2021-09-18,2256,Porcupine Health Unit,0.0066,195.0,2.34,0.8023,0.8881
26647,2021-09-18,2255,Peterborough County-City Health Unit,0.0178,232.0,1.57,0.9283,0.9907
26648,2021-09-18,2253,Peel Regional Health Unit,0.0331,2502.0,1.56,0.918,0.972
26649,2021-09-18,35,Ontario,0.0258,26620.0,1.79,0.862,0.9773
26650,2021-09-18,2249,Northwestern Health Unit,0.0083,190.0,2.17,0.6789,0.8782
26651,2021-09-18,2247,North Bay Parry Sound District Health Unit,0.0066,240.0,1.85,0.8634,0.9873
26652,2021-09-18,2246,Niagara Regional Area Health Unit,0.0367,716.0,1.52,0.9,0.9775
26653,2021-09-18,2244,Middlesex-London Health Unit,0.0213,985.0,1.94,0.9124,0.9845
26654,2021-09-18,2243,"Leeds, Grenville and Lanark District Health Unit",0.0142,231.0,1.33,0.8228,0.9772
26655,2021-09-18,2242,Lambton Health Unit,0.0215,273.0,2.08,0.8163,0.9932
26656,2021-09-18,2241,"Kingston, Frontenac and Lennox and Addington Health Unit",0.0087,411.0,1.93,0.9662,0.9887
26657,2021-09-18,5183,Huron Perth Health Unit,0.0155,258.0,1.85,0.5474,0.9918
26658,2021-09-18,2238,Hastings and Prince Edward Counties Health Unit,0.0117,414.0,2.46,0.9701,0.9938
26659,2021-09-18,2236,Halton Regional Health Unit,0.0256,977.0,1.58,0.7952,0.9606
26660,2021-09-18,2235,"Haliburton, Kawartha, Pine Ridge District Health Unit",0.0161,257.0,1.36,0.8535,0.974
26661,2021-09-18,2234,Haldimand-Norfolk Health Unit,0.0232,148.0,1.29,0.8897,0.9811
26662,2021-09-18,2233,Grey Bruce Health Unit,0.0101,255.0,1.5,0.7411,0.9819
26663,2021-09-18,2258,Eastern Ontario Health Unit,0.0349,462.0,2.21,0.6907,0.9782
26664,2021-09-18,2230,Durham Regional Health Unit,0.0254,1141.0,1.6,0.8355,0.9804
26665,2021-09-18,2226,District of Algoma Health Unit,0.0112,192.0,1.68,0.8917,0.9746
26666,2021-09-18,3895,City of Toronto Health Unit,0.0257,5204.0,1.67,0.93,0.9735
26667,2021-09-18,2251,City of Ottawa Health Unit,0.0283,1760.0,1.67,0.8028,0.9883
26668,2021-09-18,2237,City of Hamilton Health Unit,0.0315,1259.0,2.13,0.9524,0.9844
26669,2021-09-18,2240,Chatham-Kent Health Unit,0.0503,273.0,2.57,0.912,0.9942
26670,2021-09-18,2227,Brant County Health Unit,0.0344,349.0,2.25,0.8112,0.9857
26671,2021-09-17,2270,York Regional Health Unit,0.0302,2097.0,1.71,0.8127,0.9771
26672,2021-09-17,2268,Windsor-Essex County Health Unit,0.0401,1086.0,2.56,0.6894,0.9727
26673,2021-09-17,2266,Wellington-Dufferin-Guelph Health Unit,0.0264,628.0,2.01,0.8972,0.9877
26674,2021-09-17,2265,Waterloo Health Unit,0.0253,947.0,1.62,0.7691,0.977
26675,2021-09-17,2263,Timiskaming Health Unit,0.0126,23.0,0.69,0.7655,1.0
26676,2021-09-17,2262,Thunder Bay District Health Unit,0.0032,269.0,1.79,0.8903,0.9609
26677,2021-09-17,2261,Sudbury and District Health Unit,0.0148,472.0,2.37,0.9141,0.9856
26678,2021-09-17,4913,Southwestern Public Health,0.0258,376.0,1.78,0.834,0.9804
26679,2021-09-17,2260,Simcoe Muskoka District Health Unit,0.0176,1126.0,1.88,0.922,0.9906
26680,2021-09-17,2257,Renfrew County and District Health Unit,0.001,141.0,1.3,0.4732,0.9261
26681,2021-09-17,2256,Porcupine Health Unit,0.0065,197.0,2.36,0.7655,0.8662
26682,2021-09-17,2255,Peterborough County-City Health Unit,0.0186,230.0,1.56,0.9233,0.9889
26683,2021-09-17,2253,Peel Regional Health Unit,0.0322,2479.0,1.54,0.913,0.9687
26684,2021-09-17,35,Ontario,0.0261,26065.0,1.76,0.8647,0.9754
26685,2021-09-17,2249,Northwestern Health Unit,0.0091,189.0,2.16,0.6779,0.8955
26686,2021-09-17,2247,North Bay Parry Sound District Health Unit,0.0066,238.0,1.83,0.8705,0.9883
26687,2021-09-17,2246,Niagara Regional Area Health Unit,0.0377,702.0,1.49,0.8924,0.9727
26688,2021-09-17,2244,Middlesex-London Health Unit,0.0204,965.0,1.9,0.9082,0.9847
26689,2021-09-17,2243,"Leeds, Grenville and Lanark District Health Unit",0.0151,227.0,1.31,0.8447,0.9769
26690,2021-09-17,2242,Lambton Health Unit,0.0205,265.0,2.02,0.8172,0.9938
26691,2021-09-17,2241,"Kingston, Frontenac and Lennox and Addington Health Unit",0.0102,407.0,1.92,0.9657,0.9886
26692,2021-09-17,5183,Huron Perth Health Unit,0.0149,240.0,1.72,0.5277,0.9695
26693,2021-09-17,2238,Hastings and Prince Edward Counties Health Unit,0.01,401.0,2.38,0.9697,0.9934
26694,2021-09-17,2236,Halton Regional Health Unit,0.0246,975.0,1.57,0.7976,0.9577
26695,2021-09-17,2235,"Haliburton, Kawartha, Pine Ridge District Health Unit",0.0185,255.0,1.35,0.8342,0.9726
26696,2021-09-17,2234,Haldimand-Norfolk Health Unit,0.0206,145.0,1.27,0.8864,0.9793
26697,2021-09-17,2233,Grey Bruce Health Unit,0.0112,256.0,1.51,0.7383,0.9797
26698,2021-09-17,2258,Eastern Ontario Health Unit,0.032,442.0,2.12,0.7461,0.9765
26699,2021-09-17,2230,Durham Regional Health Unit,0.0251,1125.0,1.58,0.8322,0.9799
26700,2021-09-17,2226,District of Algoma Health Unit,0.0129,189.0,1.65,0.8884,0.9705
26701,2021-09-17,3895,City of Toronto Health Unit,0.0262,5113.0,1.64,0.9291,0.9717
26702,2021-09-17,2251,City of Ottawa Health Unit,0.0296,1705.0,1.62,0.8278,0.9869
26703,2021-09-17,2237,City of Hamilton Health Unit,0.0315,1239.0,2.09,0.9494,0.9802
26704,2021-09-17,2240,Chatham-Kent Health Unit,0.0501,274.0,2.57,0.9251,0.9942
26705,2021-09-17,2227,Brant County Health Unit,0.0379,347.0,2.24,0.807,0.9837
26706,2021-09-16,2270,York Regional Health Unit,0.0303,2032.0,1.66,0.8118,0.9757
26707,2021-09-16,2268,Windsor-Essex County Health Unit,0.0454,1028.0,2.42,0.6869,0.9728
26708,2021-09-16,2266,Wellington-Dufferin-Guelph Health Unit,0.0302,592.0,1.9,0.8624,0.975
26709,2021-09-16,2265,Waterloo Health Unit,0.0259,908.0,1.55,0.7833,0.9747
26710,2021-09-16,2263,Timiskaming Health Unit,0.007,20.0,0.62,0.7704,1.0
26711,2021-09-16,2262,Thunder Bay District Health Unit,0.0044,258.0,1.72,0.8711,0.9521
26712,2021-09-16,2261,Sudbury and District Health Unit,0.0165,441.0,2.22,0.9001,0.9897
26713,2021-09-16,4913,Southwestern Public Health,0.0318,359.0,1.7,0.8429,0.9863
26714,2021-09-16,2260,Simcoe Muskoka District Health Unit,0.0192,1108.0,1.85,0.9223,0.9898
26715,2021-09-16,2257,Renfrew County and District Health Unit,0.0091,142.0,1.3,0.5356,0.9401
26716,2021-09-16,2256,Porcupine Health Unit,0.0058,197.0,2.36,0.7783,0.8862
26717,2021-09-16,2255,Peterborough County-City Health Unit,0.0162,230.0,1.55,0.9195,0.989
26718,2021-09-16,2253,Peel Regional Health Unit,0.034,2363.0,1.47,0.9169,0.969
26719,2021-09-16,35,Ontario,0.0273,25247.0,1.7,0.8691,0.9751
26720,2021-09-16,2249,Northwestern Health Unit,0.0102,183.0,2.09,0.6958,0.9272
26721,2021-09-16,2247,North Bay Parry Sound District Health Unit,0.0114,239.0,1.84,0.9133,0.9909
26722,2021-09-16,2246,Niagara Regional Area Health Unit,0.0375,685.0,1.45,0.9003,0.9712
26723,2021-09-16,2244,Middlesex-London Health Unit,0.0216,939.0,1.85,0.9143,0.983
26724,2021-09-16,2243,"Leeds, Grenville and Lanark District Health Unit",0.0169,228.0,1.32,0.8494,0.9773
26725,2021-09-16,2242,Lambton Health Unit,0.0192,253.0,1.93,0.8065,0.9957
26726,2021-09-16,2241,"Kingston, Frontenac and Lennox and Addington Health Unit",0.0116,408.0,1.92,0.9668,0.9891
26727,2021-09-16,5183,Huron Perth Health Unit,0.0149,230.0,1.65,0.5573,0.9685
26728,2021-09-16,2238,Hastings and Prince Edward Counties Health Unit,0.0075,379.0,2.25,0.9699,0.9924
26729,2021-09-16,2236,Halton Regional Health Unit,0.0248,956.0,1.54,0.8439,0.9609
26730,2021-09-16,2235,"Haliburton, Kawartha, Pine Ridge District Health Unit",0.0206,242.0,1.28,0.8219,0.9715
26731,2021-09-16,2234,Haldimand-Norfolk Health Unit,0.0182,141.0,1.24,0.8841,0.9802
26732,2021-09-16,2233,Grey Bruce Health Unit,0.0139,246.0,1.45,0.7724,0.9769
26733,2021-09-16,2258,Eastern Ontario Health Unit,0.031,420.0,2.01,0.7998,0.9766
26734,2021-09-16,2230,Durham Regional Health Unit,0.0268,1110.0,1.56,0.8264,0.9785
26735,2021-09-16,2226,District of Algoma Health Unit,0.0116,172.0,1.51,0.8705,0.9708
26736,2021-09-16,3895,City of Toronto Health Unit,0.0267,5018.0,1.61,0.9288,0.9708
26737,2021-09-16,2251,City of Ottawa Health Unit,0.0309,1621.0,1.54,0.8408,0.9875
26738,2021-09-16,2237,City of Hamilton Health Unit,0.0336,1212.0,2.05,0.947,0.9775
26739,2021-09-16,2240,Chatham-Kent Health Unit,0.0538,276.0,2.6,0.9261,0.9945
26740,2021-09-16,2227,Brant County Health Unit,0.041,328.0,2.11,0.8442,0.9854
26741,2021-09-15,2270,York Regional Health Unit,0.0307,1999.0,1.63,0.8161,0.9709
26742,2021-09-15,2268,Windsor-Essex County Health Unit,0.0504,969.0,2.28,0.7293,0.9664
26743,2021-09-15,2266,Wellington-Dufferin-Guelph Health Unit,0.0338,554.0,1.78,0.8523,0.9625
26744,2021-09-15,2265,Waterloo Health Unit,0.0264,883.0,1.51,0.7712,0.9676
26745,2021-09-15,2263,Timiskaming Health Unit,0.0,20.0,0.61,0.7983,1.0
26746,2021-09-15,2262,Thunder Bay District Health Unit,0.0039,256.0,1.71,0.8894,0.9533
26747,2021-09-15,2261,Sudbury and District Health Unit,0.0173,413.0,2.07,0.9044,0.9888
26748,2021-09-15,4913,Southwestern Public Health,0.0329,360.0,1.7,0.8464,0.9853
26749,2021-09-15,2260,Simcoe Muskoka District Health Unit,0.0214,1073.0,1.79,0.9311,0.9888
26750,2021-09-15,2257,Renfrew County and District Health Unit,0.0104,137.0,1.26,0.6653,0.9852
26751,2021-09-15,2256,Porcupine Health Unit,0.0075,190.0,2.27,0.7532,0.8598
26752,2021-09-15,2255,Peterborough County-City Health Unit,0.0227,233.0,1.57,0.9184,0.9847
26753,2021-09-15,2253,Peel Regional Health Unit,0.0342,2295.0,1.43,0.9046,0.9548
26754,2021-09-15,35,Ontario,0.0286,24494.0,1.65,0.8734,0.9697
26755,2021-09-15,2249,Northwestern Health Unit,0.0126,181.0,2.06,0.7035,0.9203
26756,2021-09-15,2247,North Bay Parry Sound District Health Unit,0.0135,233.0,1.8,0.9448,0.9906
26757,2021-09-15,2246,Niagara Regional Area Health Unit,0.0402,683.0,1.44,0.9059,0.9638
26758,2021-09-15,2244,Middlesex-London Health Unit,0.0228,913.0,1.8,0.9063,0.97
26759,2021-09-15,2243,"Leeds, Grenville and Lanark District Health Unit",0.0227,214.0,1.23,0.8857,0.9832
26760,2021-09-15,2242,Lambton Health Unit,0.0223,230.0,1.76,0.7662,0.9959
26761,2021-09-15,2241,"Kingston, Frontenac and Lennox and Addington Health Unit",0.0125,388.0,1.82,0.9681,0.9887
26762,2021-09-15,5183,Huron Perth Health Unit,0.0177,227.0,1.62,0.5755,0.9679
26763,2021-09-15,2238,Hastings and Prince Edward Counties Health Unit,0.0094,366.0,2.17,0.9656,0.9905
26764,2021-09-15,2236,Halton Regional Health Unit,0.0265,933.0,1.51,0.8558,0.9512
26765,2021-09-15,2235,"Haliburton, Kawartha, Pine Ridge District Health Unit",0.0224,242.0,1.28,0.8067,0.9704
26766,2021-09-15,2234,Haldimand-Norfolk Health Unit,0.0168,145.0,1.27,0.8663,0.9772
26767,2021-09-15,2233,Grey Bruce Health Unit,0.0134,235.0,1.38,0.7515,0.9719
26768,2021-09-15,2258,Eastern Ontario Health Unit,0.0293,405.0,1.94,0.8082,0.9789
26769,2021-09-15,2230,Durham Regional Health Unit,0.0271,1098.0,1.54,0.8557,0.9763
26770,2021-09-15,2226,District of Algoma Health Unit,0.0146,166.0,1.45,0.8921,0.9672
26771,2021-09-15,3895,City of Toronto Health Unit,0.0286,4876.0,1.56,0.9309,0.9687
26772,2021-09-15,2251,City of Ottawa Health Unit,0.029,1570.0,1.49,0.8599,0.9823
26773,2021-09-15,2237,City of Hamilton Health Unit,0.0355,1160.0,1.96,0.9386,0.9693
26774,2021-09-15,2240,Chatham-Kent Health Unit,0.0556,262.0,2.46,0.9016,0.9932
26775,2021-09-15,2227,Brant County Health Unit,0.0427,311.0,2.01,0.8397,0.9859
26776,2021-09-14,2270,York Regional Health Unit,0.0309,1948.0,1.59,0.8494,0.9761
26777,2021-09-14,2268,Windsor-Essex County Health Unit,0.0557,977.0,2.3,0.7617,0.9711
26778,2021-09-14,2266,Wellington-Dufferin-Guelph Health Unit,0.0329,530.0,1.7,0.8615,0.9603
26779,2021-09-14,2265,Waterloo Health Unit,0.0284,844.0,1.44,0.7897,0.9686
26780,2021-09-14,2263,Timiskaming Health Unit,0.0,19.0,0.57,0.8258,1.0
26781,2021-09-14,2262,Thunder Bay District Health Unit,0.004,252.0,1.68,0.8998,0.9485
26782,2021-09-14,2261,Sudbury and District Health Unit,0.0153,392.0,1.97,0.914,0.9883
26783,2021-09-14,4913,Southwestern Public Health,0.033,346.0,1.64,0.8531,0.9872
26784,2021-09-14,2260,Simcoe Muskoka District Health Unit,0.0229,1024.0,1.71,0.9401,0.9901
26785,2021-09-14,2257,Renfrew County and District Health Unit,0.0106,135.0,1.24,0.7192,0.9808
26786,2021-09-14,2256,Porcupine Health Unit,0.0051,194.0,2.33,0.7529,0.8404
26787,2021-09-14,2255,Peterborough County-City Health Unit,0.0281,229.0,1.55,0.9233,0.9855
26788,2021-09-14,2253,Peel Regional Health Unit,0.0344,2243.0,1.4,0.9115,0.963
26789,2021-09-14,35,Ontario,0.0296,23858.0,1.61,0.8887,0.9731
26790,2021-09-14,2249,Northwestern Health Unit,0.0097,176.0,2.01,0.7165,0.8855
26791,2021-09-14,2247,North Bay Parry Sound District Health Unit,0.013,220.0,1.7,0.9558,0.9862
26792,2021-09-14,2246,Niagara Regional Area Health Unit,0.0471,655.0,1.39,0.9064,0.9657
26793,2021-09-14,2244,Middlesex-London Health Unit,0.0219,893.0,1.76,0.9139,0.9759
26794,2021-09-14,2243,"Leeds, Grenville and Lanark District Health Unit",0.0245,204.0,1.18,0.8838,0.9814
26795,2021-09-14,2242,Lambton Health Unit,0.0204,203.0,1.55,0.8063,0.9955
26796,2021-09-14,2241,"Kingston, Frontenac and Lennox and Addington Health Unit",0.0123,383.0,1.8,0.9703,0.9891
26797,2021-09-14,5183,Huron Perth Health Unit,0.0189,226.0,1.62,0.632,0.9642
26798,2021-09-14,2238,Hastings and Prince Edward Counties Health Unit,0.0113,354.0,2.1,0.9657,0.9906
26799,2021-09-14,2236,Halton Regional Health Unit,0.029,901.0,1.45,0.8698,0.9628
26800,2021-09-14,2235,"Haliburton, Kawartha, Pine Ridge District Health Unit",0.0229,237.0,1.25,0.8116,0.9735
26801,2021-09-14,2234,Haldimand-Norfolk Health Unit,0.0195,139.0,1.22,0.8702,0.9797
26802,2021-09-14,2233,Grey Bruce Health Unit,0.0127,213.0,1.26,0.8013,0.9705
26803,2021-09-14,2258,Eastern Ontario Health Unit,0.0265,367.0,1.76,0.868,0.9735
26804,2021-09-14,2230,Durham Regional Health Unit,0.0254,1109.0,1.56,0.8598,0.981
26805,2021-09-14,2226,District of Algoma Health Unit,0.017,168.0,1.47,0.9001,0.9633
26806,2021-09-14,3895,City of Toronto Health Unit,0.0287,4829.0,1.55,0.9397,0.9754
26807,2021-09-14,2251,City of Ottawa Health Unit,0.0318,1513.0,1.43,0.8978,0.9814
26808,2021-09-14,2237,City of Hamilton Health Unit,0.0389,1123.0,1.9,0.9483,0.9764
26809,2021-09-14,2240,Chatham-Kent Health Unit,0.0596,247.0,2.32,0.897,0.9936
26810,2021-09-14,2227,Brant County Health Unit,0.0435,296.0,1.91,0.8504,0.9864
26811,2021-09-13,2270,York Regional Health Unit,0.0321,1916.0,1.56,0.8536,0.9768
26812,2021-09-13,2268,Windsor-Essex County Health Unit,0.0592,943.0,2.22,0.753,0.9704
26813,2021-09-13,2266,Wellington-Dufferin-Guelph Health Unit,0.0353,502.0,1.61,0.8592,0.9595
26814,2021-09-13,2265,Waterloo Health Unit,0.0287,827.0,1.41,0.8063,0.9739
26815,2021-09-13,2263,Timiskaming Health Unit,0.0,19.0,0.58,0.8376,1.0
26816,2021-09-13,2262,Thunder Bay District Health Unit,0.0061,236.0,1.57,0.9037,0.9441
26817,2021-09-13,2261,Sudbury and District Health Unit,0.0164,375.0,1.88,0.9087,0.9902
26818,2021-09-13,4913,Southwestern Public Health,0.0288,337.0,1.59,0.8441,0.9848
26819,2021-09-13,2260,Simcoe Muskoka District Health Unit,0.0261,987.0,1.65,0.9372,0.9884
26820,2021-09-13,2257,Renfrew County and District Health Unit,0.0141,122.0,1.12,0.7194,0.9778
26821,2021-09-13,2256,Porcupine Health Unit,0.0068,188.0,2.26,0.7185,0.8079
26822,2021-09-13,2255,Peterborough County-City Health Unit,0.0303,226.0,1.53,0.9135,0.9835
26823,2021-09-13,2253,Peel Regional Health Unit,0.0367,2213.0,1.38,0.9132,0.9669
26824,2021-09-13,35,Ontario,0.0311,23186.0,1.56,0.8875,0.9729
26825,2021-09-13,2249,Northwestern Health Unit,0.0109,170.0,1.94,0.683,0.8632
26826,2021-09-13,2247,North Bay Parry Sound District Health Unit,0.0124,208.0,1.6,0.9517,0.9836
26827,2021-09-13,2246,Niagara Regional Area Health Unit,0.0488,629.0,1.33,0.8933,0.9673
26828,2021-09-13,2244,Middlesex-London Health Unit,0.0238,860.0,1.69,0.9173,0.9762
26829,2021-09-13,2243,"Leeds, Grenville and Lanark District Health Unit",0.0248,196.0,1.13,0.8808,0.9811
26830,2021-09-13,2242,Lambton Health Unit,0.0234,202.0,1.54,0.7907,0.9948
26831,2021-09-13,2241,"Kingston, Frontenac and Lennox and Addington Health Unit",0.0104,370.0,1.74,0.9699,0.9895
26832,2021-09-13,5183,Huron Perth Health Unit,0.0222,225.0,1.61,0.5932,0.9606
26833,2021-09-13,2238,Hastings and Prince Edward Counties Health Unit,0.0136,326.0,1.93,0.96,0.9897
26834,2021-09-13,2236,Halton Regional Health Unit,0.0304,893.0,1.44,0.8593,0.967
26835,2021-09-13,2235,"Haliburton, Kawartha, Pine Ridge District Health Unit",0.0207,228.0,1.21,0.7863,0.9708
26836,2021-09-13,2234,Haldimand-Norfolk Health Unit,0.0192,134.0,1.17,0.8595,0.9798
26837,2021-09-13,2233,Grey Bruce Health Unit,0.0117,208.0,1.23,0.7897,0.9679
26838,2021-09-13,2258,Eastern Ontario Health Unit,0.0295,339.0,1.63,0.8616,0.9673
26839,2021-09-13,2230,Durham Regional Health Unit,0.0274,1048.0,1.47,0.8653,0.9798
26840,2021-09-13,2226,District of Algoma Health Unit,0.0176,162.0,1.42,0.9007,0.9629
26841,2021-09-13,3895,City of Toronto Health Unit,0.0291,4735.0,1.52,0.9386,0.9748
26842,2021-09-13,2251,City of Ottawa Health Unit,0.0322,1482.0,1.41,0.9116,0.9801
26843,2021-09-13,2237,City of Hamilton Health Unit,0.0425,1085.0,1.83,0.9459,0.9758
26844,2021-09-13,2240,Chatham-Kent Health Unit,0.062,244.0,2.3,0.9018,0.9945
26845,2021-09-13,2227,Brant County Health Unit,0.047,286.0,1.84,0.8512,0.9874
26846,2021-09-12,2270,York Regional Health Unit,0.0333,1829.0,1.49,0.8623,0.9786
26847,2021-09-12,2268,Windsor-Essex County Health Unit,0.0638,857.0,2.02,0.748,0.9691
26848,2021-09-12,2266,Wellington-Dufferin-Guelph Health Unit,0.0383,455.0,1.46,0.852,0.958
26849,2021-09-12,2265,Waterloo Health Unit,0.0307,772.0,1.32,0.8281,0.9662
26850,2021-09-12,2263,Timiskaming Health Unit,0.0,18.0,0.55,0.814,1.0
26851,2021-09-12,2262,Thunder Bay District Health Unit,0.0085,201.0,1.34,0.9256,0.9699
26852,2021-09-12,2261,Sudbury and District Health Unit,0.0171,333.0,1.68,0.9058,0.9888
26853,2021-09-12,4913,Southwestern Public Health,0.0288,303.0,1.43,0.8791,0.9872
26854,2021-09-12,2260,Simcoe Muskoka District Health Unit,0.0294,885.0,1.48,0.9361,0.9881
26855,2021-09-12,2257,Renfrew County and District Health Unit,0.0179,104.0,0.96,0.6921,0.9414
26856,2021-09-12,2256,Porcupine Health Unit,0.0058,171.0,2.05,0.7185,0.8136
26857,2021-09-12,2255,Peterborough County-City Health Unit,0.0348,205.0,1.39,0.9167,0.9828
26858,2021-09-12,2253,Peel Regional Health Unit,0.0371,2024.0,1.26,0.9065,0.9628
26859,2021-09-12,35,Ontario,0.0328,21381.0,1.44,0.8873,0.9728
26860,2021-09-12,2249,Northwestern Health Unit,0.0111,142.0,1.62,0.6831,0.8677
26861,2021-09-12,2247,North Bay Parry Sound District Health Unit,0.0161,168.0,1.3,0.9417,0.98
26862,2021-09-12,2246,Niagara Regional Area Health Unit,0.0534,591.0,1.25,0.8864,0.9685
26863,2021-09-12,2244,Middlesex-London Health Unit,0.0228,801.0,1.58,0.9147,0.9765
26864,2021-09-12,2243,"Leeds, Grenville and Lanark District Health Unit",0.0214,180.0,1.04,0.8862,0.9805
26865,2021-09-12,2242,Lambton Health Unit,0.0247,168.0,1.28,0.8314,0.9911
26866,2021-09-12,2241,"Kingston, Frontenac and Lennox and Addington Health Unit",0.0098,335.0,1.58,0.9723,0.9913
26867,2021-09-12,5183,Huron Perth Health Unit,0.0235,189.0,1.35,0.6237,0.9505
26868,2021-09-12,2238,Hastings and Prince Edward Counties Health Unit,0.0146,293.0,1.74,0.9587,0.9886
26869,2021-09-12,2236,Halton Regional Health Unit,0.0302,845.0,1.37,0.8437,0.9614
26870,2021-09-12,2235,"Haliburton, Kawartha, Pine Ridge District Health Unit",0.0183,195.0,1.03,0.7852,0.9713
26871,2021-09-12,2234,Haldimand-Norfolk Health Unit,0.0249,120.0,1.05,0.8914,0.9877
26872,2021-09-12,2233,Grey Bruce Health Unit,0.015,181.0,1.07,0.7964,0.9765
26873,2021-09-12,2258,Eastern Ontario Health Unit,0.0314,282.0,1.35,0.8585,0.9761
26874,2021-09-12,2230,Durham Regional Health Unit,0.0306,985.0,1.38,0.8611,0.9806
26875,2021-09-12,2226,District of Algoma Health Unit,0.0187,145.0,1.27,0.8946,0.9625
26876,2021-09-12,3895,City of Toronto Health Unit,0.0306,4496.0,1.44,0.9381,0.9761
26877,2021-09-12,2251,City of Ottawa Health Unit,0.0339,1360.0,1.29,0.9042,0.982
26878,2021-09-12,2237,City of Hamilton Health Unit,0.0439,998.0,1.69,0.9486,0.9745
26879,2021-09-12,2240,Chatham-Kent Health Unit,0.0659,238.0,2.24,0.9022,0.9946
26880,2021-09-12,2227,Brant County Health Unit,0.0537,264.0,1.7,0.8411,0.9852
26881,2021-09-11,2270,York Regional Health Unit,0.0331,1825.0,1.49,0.8711,0.9782
26882,2021-09-11,2268,Windsor-Essex County Health Unit,0.0684,863.0,2.03,0.7481,0.9723
26883,2021-09-11,2266,Wellington-Dufferin-Guelph Health Unit,0.0386,437.0,1.4,0.844,0.9539
26884,2021-09-11,2265,Waterloo Health Unit,0.0319,762.0,1.3,0.8323,0.9672
26885,2021-09-11,2263,Timiskaming Health Unit,0.0,17.0,0.52,0.7692,1.0
26886,2021-09-11,2262,Thunder Bay District Health Unit,0.0087,196.0,1.31,0.918,0.9636
26887,2021-09-11,2261,Sudbury and District Health Unit,0.0178,321.0,1.61,0.9068,0.9875
26888,2021-09-11,4913,Southwestern Public Health,0.0251,301.0,1.43,0.8881,0.9876
26889,2021-09-11,2260,Simcoe Muskoka District Health Unit,0.0293,878.0,1.46,0.9358,0.9879
26890,2021-09-11,2257,Renfrew County and District Health Unit,0.0197,101.0,0.93,0.6958,0.9369
26891,2021-09-11,2256,Porcupine Health Unit,0.0051,170.0,2.03,0.6969,0.8063
26892,2021-09-11,2255,Peterborough County-City Health Unit,0.0352,199.0,1.34,0.9259,0.988
26893,2021-09-11,2253,Peel Regional Health Unit,0.0382,2002.0,1.25,0.9046,0.9606
26894,2021-09-11,35,Ontario,0.0333,21118.0,1.42,0.888,0.9716
26895,2021-09-11,2249,Northwestern Health Unit,0.01,144.0,1.64,0.6488,0.8201
26896,2021-09-11,2247,North Bay Parry Sound District Health Unit,0.0195,161.0,1.24,0.9403,0.9785
26897,2021-09-11,2246,Niagara Regional Area Health Unit,0.0544,559.0,1.18,0.8926,0.9675
26898,2021-09-11,2244,Middlesex-London Health Unit,0.0211,792.0,1.56,0.9132,0.9738
26899,2021-09-11,2243,"Leeds, Grenville and Lanark District Health Unit",0.0186,176.0,1.02,0.8913,0.9812
26900,2021-09-11,2242,Lambton Health Unit,0.0237,169.0,1.29,0.8155,0.9866
26901,2021-09-11,2241,"Kingston, Frontenac and Lennox and Addington Health Unit",0.0097,324.0,1.52,0.9731,0.9921
26902,2021-09-11,5183,Huron Perth Health Unit,0.022,208.0,1.49,0.6463,0.9488
26903,2021-09-11,2238,Hastings and Prince Edward Counties Health Unit,0.0134,287.0,1.7,0.9592,0.9902
26904,2021-09-11,2236,Halton Regional Health Unit,0.0308,841.0,1.36,0.8559,0.9616
26905,2021-09-11,2235,"Haliburton, Kawartha, Pine Ridge District Health Unit",0.0196,189.0,1.0,0.8009,0.9875
26906,2021-09-11,2234,Haldimand-Norfolk Health Unit,0.0251,120.0,1.05,0.8758,0.9891
26907,2021-09-11,2233,Grey Bruce Health Unit,0.0164,183.0,1.08,0.8353,0.9806
26908,2021-09-11,2258,Eastern Ontario Health Unit,0.0315,277.0,1.33,0.8588,0.9758
26909,2021-09-11,2230,Durham Regional Health Unit,0.0324,975.0,1.37,0.8673,0.9804
26910,2021-09-11,2226,District of Algoma Health Unit,0.019,136.0,1.18,0.8741,0.9556
26911,2021-09-11,3895,City of Toronto Health Unit,0.0308,4434.0,1.42,0.9365,0.9747
26912,2021-09-11,2251,City of Ottawa Health Unit,0.0328,1343.0,1.27,0.9085,0.9808
26913,2021-09-11,2237,City of Hamilton Health Unit,0.0466,995.0,1.68,0.948,0.9729
26914,2021-09-11,2240,Chatham-Kent Health Unit,0.0699,237.0,2.23,0.8954,0.995
26915,2021-09-11,2227,Brant County Health Unit,0.0519,251.0,1.61,0.8134,0.9804
26916,2021-09-10,2270,York Regional Health Unit,0.0347,1814.0,1.48,0.8828,0.9778
26917,2021-09-10,2268,Windsor-Essex County Health Unit,0.0715,856.0,2.01,0.7605,0.9714
26918,2021-09-10,2266,Wellington-Dufferin-Guelph Health Unit,0.0362,431.0,1.38,0.8471,0.9537
26919,2021-09-10,2265,Waterloo Health Unit,0.0303,763.0,1.31,0.8257,0.9697
26920,2021-09-10,2263,Timiskaming Health Unit,0.0,16.0,0.5,0.7521,1.0
26921,2021-09-10,2262,Thunder Bay District Health Unit,0.0097,191.0,1.28,0.9153,0.9653
26922,2021-09-10,2261,Sudbury and District Health Unit,0.0185,308.0,1.55,0.9102,0.9896
26923,2021-09-10,4913,Southwestern Public Health,0.0266,301.0,1.42,0.9048,0.9884
26924,2021-09-10,2260,Simcoe Muskoka District Health Unit,0.0301,869.0,1.45,0.9255,0.987
26925,2021-09-10,2257,Renfrew County and District Health Unit,0.0206,97.0,0.9,0.6968,0.9411
26926,2021-09-10,2256,Porcupine Health Unit,0.0059,169.0,2.02,0.7042,0.8081
26927,2021-09-10,2255,Peterborough County-City Health Unit,0.0366,191.0,1.29,0.8731,0.9889
26928,2021-09-10,2253,Peel Regional Health Unit,0.0394,1973.0,1.23,0.9077,0.9624
26929,2021-09-10,35,Ontario,0.0338,20904.0,1.41,0.8912,0.9727
26930,2021-09-10,2249,Northwestern Health Unit,0.0079,145.0,1.65,0.6689,0.8219
26931,2021-09-10,2247,North Bay Parry Sound District Health Unit,0.0197,153.0,1.18,0.937,0.9766
26932,2021-09-10,2246,Niagara Regional Area Health Unit,0.0551,552.0,1.17,0.9038,0.974
26933,2021-09-10,2244,Middlesex-London Health Unit,0.0231,792.0,1.56,0.9187,0.9737
26934,2021-09-10,2243,"Leeds, Grenville and Lanark District Health Unit",0.0162,176.0,1.02,0.8836,0.979
26935,2021-09-10,2242,Lambton Health Unit,0.0223,167.0,1.27,0.8041,0.9858
26936,2021-09-10,2241,"Kingston, Frontenac and Lennox and Addington Health Unit",0.0091,315.0,1.48,0.971,0.9913
26937,2021-09-10,5183,Huron Perth Health Unit,0.0221,207.0,1.48,0.6506,0.9741
26938,2021-09-10,2238,Hastings and Prince Edward Counties Health Unit,0.0145,275.0,1.63,0.9559,0.9903
26939,2021-09-10,2236,Halton Regional Health Unit,0.0314,842.0,1.36,0.8775,0.9647
26940,2021-09-10,2235,"Haliburton, Kawartha, Pine Ridge District Health Unit",0.0167,188.0,1.0,0.8119,0.9881
26941,2021-09-10,2234,Haldimand-Norfolk Health Unit,0.027,116.0,1.02,0.8712,0.9866
26942,2021-09-10,2233,Grey Bruce Health Unit,0.0168,179.0,1.05,0.8395,0.9787
26943,2021-09-10,2258,Eastern Ontario Health Unit,0.032,277.0,1.33,0.8612,0.9754
26944,2021-09-10,2230,Durham Regional Health Unit,0.0328,990.0,1.39,0.866,0.9766
26945,2021-09-10,2226,District of Algoma Health Unit,0.0177,129.0,1.13,0.874,0.9587
26946,2021-09-10,3895,City of Toronto Health Unit,0.0308,4385.0,1.41,0.9385,0.9755
26947,2021-09-10,2251,City of Ottawa Health Unit,0.0309,1318.0,1.25,0.9066,0.9816
26948,2021-09-10,2237,City of Hamilton Health Unit,0.0515,994.0,1.68,0.9514,0.9779
26949,2021-09-10,2240,Chatham-Kent Health Unit,0.0721,230.0,2.16,0.9027,0.9961
26950,2021-09-10,2227,Brant County Health Unit,0.0499,246.0,1.59,0.8164,0.9823
26951,2021-09-09,2270,York Regional Health Unit,0.0346,1831.0,1.49,0.8722,0.9784
26952,2021-09-09,2268,Windsor-Essex County Health Unit,0.0772,846.0,1.99,0.7632,0.9715
26953,2021-09-09,2266,Wellington-Dufferin-Guelph Health Unit,0.0327,429.0,1.37,0.8892,0.9692
26954,2021-09-09,2265,Waterloo Health Unit,0.0305,755.0,1.29,0.8455,0.9723
26955,2021-09-09,2263,Timiskaming Health Unit,0.0,17.0,0.51,0.7257,1.0
26956,2021-09-09,2262,Thunder Bay District Health Unit,0.01,186.0,1.24,0.8954,0.9703
26957,2021-09-09,2261,Sudbury and District Health Unit,0.0187,290.0,1.46,0.9388,0.9901
26958,2021-09-09,4913,Southwestern Public Health,0.0216,291.0,1.38,0.9051,0.9871
26959,2021-09-09,2260,Simcoe Muskoka District Health Unit,0.0299,846.0,1.41,0.9092,0.9875
26960,2021-09-09,2257,Renfrew County and District Health Unit,0.0102,98.0,0.9,0.6814,0.931
26961,2021-09-09,2256,Porcupine Health Unit,0.005,171.0,2.05,0.665,0.7756
26962,2021-09-09,2255,Peterborough County-City Health Unit,0.0408,182.0,1.23,0.8759,0.9889
26963,2021-09-09,2253,Peel Regional Health Unit,0.0408,1961.0,1.22,0.9068,0.9623
26964,2021-09-09,35,Ontario,0.034,20687.0,1.39,0.8913,0.9735
26965,2021-09-09,2249,Northwestern Health Unit,0.008,143.0,1.63,0.6714,0.8096
26966,2021-09-09,2247,North Bay Parry Sound District Health Unit,0.0153,140.0,1.08,0.922,0.9761
26967,2021-09-09,2246,Niagara Regional Area Health Unit,0.058,549.0,1.16,0.9064,0.9755
26968,2021-09-09,2244,Middlesex-London Health Unit,0.0243,798.0,1.57,0.918,0.9755
26969,2021-09-09,2243,"Leeds, Grenville and Lanark District Health Unit",0.0157,164.0,0.95,0.8873,0.9796
26970,2021-09-09,2242,Lambton Health Unit,0.0215,159.0,1.22,0.7969,0.9847
26971,2021-09-09,2241,"Kingston, Frontenac and Lennox and Addington Health Unit",0.0076,300.0,1.41,0.9699,0.9913
26972,2021-09-09,5183,Huron Perth Health Unit,0.0237,205.0,1.47,0.6766,0.9768
26973,2021-09-09,2238,Hastings and Prince Edward Counties Health Unit,0.0151,265.0,1.57,0.9565,0.9911
26974,2021-09-09,2236,Halton Regional Health Unit,0.0335,845.0,1.36,0.8797,0.9645
26975,2021-09-09,2235,"Haliburton, Kawartha, Pine Ridge District Health Unit",0.0122,187.0,0.99,0.8009,0.9908
26976,2021-09-09,2234,Haldimand-Norfolk Health Unit,0.0296,116.0,1.01,0.8766,0.9861
26977,2021-09-09,2233,Grey Bruce Health Unit,0.0144,178.0,1.05,0.8235,0.9799
26978,2021-09-09,2258,Eastern Ontario Health Unit,0.0354,270.0,1.3,0.8321,0.9764
26979,2021-09-09,2230,Durham Regional Health Unit,0.03,1029.0,1.44,0.8726,0.9782
26980,2021-09-09,2226,District of Algoma Health Unit,0.0143,130.0,1.14,0.8895,0.959
26981,2021-09-09,3895,City of Toronto Health Unit,0.0307,4324.0,1.39,0.9407,0.9771
26982,2021-09-09,2251,City of Ottawa Health Unit,0.0316,1262.0,1.2,0.9058,0.9812
26983,2021-09-09,2237,City of Hamilton Health Unit,0.0494,991.0,1.67,0.9526,0.9799
26984,2021-09-09,2240,Chatham-Kent Health Unit,0.0699,225.0,2.11,0.8957,0.9962
26985,2021-09-09,2227,Brant County Health Unit,0.0477,255.0,1.64,0.8164,0.9858
26986,2021-09-08,2270,York Regional Health Unit,0.034,1817.0,1.48,0.8753,0.9822
26987,2021-09-08,2268,Windsor-Essex County Health Unit,0.0852,834.0,1.96,0.7522,0.9799
26988,2021-09-08,2266,Wellington-Dufferin-Guelph Health Unit,0.0297,429.0,1.37,0.9092,0.9789
26989,2021-09-08,2265,Waterloo Health Unit,0.0313,752.0,1.29,0.868,0.9813
26990,2021-09-08,2263,Timiskaming Health Unit,0.0,16.0,0.49,0.7658,1.0
26991,2021-09-08,2262,Thunder Bay District Health Unit,0.0112,178.0,1.19,0.8773,0.9661
26992,2021-09-08,2261,Sudbury and District Health Unit,0.0158,289.0,1.45,0.943,0.9903
26993,2021-09-08,4913,Southwestern Public Health,0.0186,268.0,1.27,0.8992,0.9875
26994,2021-09-08,2260,Simcoe Muskoka District Health Unit,0.032,840.0,1.4,0.9027,0.9867
26995,2021-09-08,2257,Renfrew County and District Health Unit,0.0096,89.0,0.82,0.67,0.9283
26996,2021-09-08,2256,Porcupine Health Unit,0.0063,159.0,1.91,0.7085,0.8224
26997,2021-09-08,2255,Peterborough County-City Health Unit,0.0336,183.0,1.23,0.8705,0.995
26998,2021-09-08,2253,Peel Regional Health Unit,0.042,1962.0,1.22,0.9223,0.9779
26999,2021-09-08,35,Ontario,0.0342,20545.0,1.39,0.895,0.9797
27000,2021-09-08,2249,Northwestern Health Unit,0.0052,138.0,1.57,0.6503,0.795
27001,2021-09-08,2247,North Bay Parry Sound District Health Unit,0.0168,136.0,1.05,0.9235,0.9759
27002,2021-09-08,2246,Niagara Regional Area Health Unit,0.057,539.0,1.14,0.9137,0.9809
27003,2021-09-08,2244,Middlesex-London Health Unit,0.025,802.0,1.58,0.9252,0.9903
27004,2021-09-08,2243,"Leeds, Grenville and Lanark District Health Unit",0.0088,162.0,0.94,0.8916,0.9877
27005,2021-09-08,2242,Lambton Health Unit,0.0159,153.0,1.17,0.7922,0.9836
27006,2021-09-08,2241,"Kingston, Frontenac and Lennox and Addington Health Unit",0.0101,297.0,1.4,0.9651,0.9916
27007,2021-09-08,5183,Huron Perth Health Unit,0.0221,226.0,1.62,0.6791,0.9759
27008,2021-09-08,2238,Hastings and Prince Edward Counties Health Unit,0.0145,255.0,1.52,0.9659,0.994
27009,2021-09-08,2236,Halton Regional Health Unit,0.0302,847.0,1.37,0.8853,0.9759
27010,2021-09-08,2235,"Haliburton, Kawartha, Pine Ridge District Health Unit",0.0117,183.0,0.97,0.7935,0.9887
27011,2021-09-08,2234,Haldimand-Norfolk Health Unit,0.0307,107.0,0.94,0.889,0.9781
27012,2021-09-08,2233,Grey Bruce Health Unit,0.0141,172.0,1.01,0.8454,0.9842
27013,2021-09-08,2258,Eastern Ontario Health Unit,0.0349,250.0,1.2,0.8188,0.96
27014,2021-09-08,2230,Durham Regional Health Unit,0.03,1047.0,1.47,0.8489,0.9844
27015,2021-09-08,2226,District of Algoma Health Unit,0.0103,125.0,1.09,0.8856,0.969
27016,2021-09-08,3895,City of Toronto Health Unit,0.0306,4366.0,1.4,0.943,0.9804
27017,2021-09-08,2251,City of Ottawa Health Unit,0.0333,1222.0,1.16,0.9099,0.9884
27018,2021-09-08,2237,City of Hamilton Health Unit,0.0527,988.0,1.67,0.9482,0.986
27019,2021-09-08,2240,Chatham-Kent Health Unit,0.064,221.0,2.08,0.9021,0.9954
27020,2021-09-08,2227,Brant County Health Unit,0.0459,252.0,1.62,0.8375,0.9841
27021,2021-09-07,2270,York Regional Health Unit,0.0348,1865.0,1.52,0.8479,0.9677
27022,2021-09-07,2268,Windsor-Essex County Health Unit,0.0917,795.0,1.87,0.7655,0.9685
27023,2021-09-07,2266,Wellington-Dufferin-Guelph Health Unit,0.0292,425.0,1.36,0.8788,0.9754
27024,2021-09-07,2265,Waterloo Health Unit,0.0288,749.0,1.28,0.8586,0.9694
27025,2021-09-07,2263,Timiskaming Health Unit,0.0,16.0,0.49,0.7184,0.9903
27026,2021-09-07,2262,Thunder Bay District Health Unit,0.0098,160.0,1.07,0.8719,0.9706
27027,2021-09-07,2261,Sudbury and District Health Unit,0.0147,281.0,1.41,0.9353,0.9894
27028,2021-09-07,4913,Southwestern Public Health,0.0193,259.0,1.22,0.8826,0.9776
27029,2021-09-07,2260,Simcoe Muskoka District Health Unit,0.0311,831.0,1.39,0.8929,0.9848
27030,2021-09-07,2257,Renfrew County and District Health Unit,0.0084,85.0,0.78,0.6824,0.9257
27031,2021-09-07,2256,Porcupine Health Unit,0.0121,153.0,1.83,0.6742,0.8342
27032,2021-09-07,2255,Peterborough County-City Health Unit,0.0272,173.0,1.17,0.8537,0.994
27033,2021-09-07,2253,Peel Regional Health Unit,0.0425,1975.0,1.23,0.9082,0.9693
27034,2021-09-07,35,Ontario,0.0344,20446.0,1.38,0.8767,0.9731
27035,2021-09-07,2249,Northwestern Health Unit,0.007,123.0,1.4,0.5771,0.8053
27036,2021-09-07,2247,North Bay Parry Sound District Health Unit,0.0234,134.0,1.03,0.9065,0.9809
27037,2021-09-07,2246,Niagara Regional Area Health Unit,0.0538,547.0,1.16,0.9131,0.9779
27038,2021-09-07,2244,Middlesex-London Health Unit,0.0258,797.0,1.57,0.91,0.9815
27039,2021-09-07,2243,"Leeds, Grenville and Lanark District Health Unit",0.0075,153.0,0.88,0.8905,0.9871
27040,2021-09-07,2242,Lambton Health Unit,0.0137,156.0,1.19,0.8025,0.9856
27041,2021-09-07,2241,"Kingston, Frontenac and Lennox and Addington Health Unit",0.0112,281.0,1.32,0.9526,0.9885
27042,2021-09-07,5183,Huron Perth Health Unit,0.0216,212.0,1.51,0.5929,0.9794
27043,2021-09-07,2238,Hastings and Prince Edward Counties Health Unit,0.0139,258.0,1.53,0.9613,0.9933
27044,2021-09-07,2236,Halton Regional Health Unit,0.0282,866.0,1.4,0.868,0.9682
27045,2021-09-07,2235,"Haliburton, Kawartha, Pine Ridge District Health Unit",0.0114,175.0,0.93,0.7305,0.9833
27046,2021-09-07,2234,Haldimand-Norfolk Health Unit,0.0281,107.0,0.94,0.8697,0.9769
27047,2021-09-07,2233,Grey Bruce Health Unit,0.0143,180.0,1.06,0.7486,0.9849
27048,2021-09-07,2258,Eastern Ontario Health Unit,0.0323,252.0,1.21,0.7778,0.9583
27049,2021-09-07,2230,Durham Regional Health Unit,0.0306,1043.0,1.46,0.8397,0.981
27050,2021-09-07,2226,District of Algoma Health Unit,0.0062,115.0,1.01,0.8503,0.966
27051,2021-09-07,3895,City of Toronto Health Unit,0.0313,4364.0,1.4,0.9314,0.9725
27052,2021-09-07,2251,City of Ottawa Health Unit,0.0301,1184.0,1.12,0.8495,0.9815
27053,2021-09-07,2237,City of Hamilton Health Unit,0.0547,1009.0,1.7,0.9295,0.9794
27054,2021-09-07,2240,Chatham-Kent Health Unit,0.0611,218.0,2.05,0.9069,0.9952
27055,2021-09-07,2227,Brant County Health Unit,0.0526,266.0,1.72,0.8475,0.9822
27056,2021-09-06,2270,York Regional Health Unit,0.036,1818.0,1.48,0.8486,0.967
27057,2021-09-06,2268,Windsor-Essex County Health Unit,0.0915,799.0,1.88,0.7712,0.9701
27058,2021-09-06,2266,Wellington-Dufferin-Guelph Health Unit,0.0296,425.0,1.36,0.8825,0.9751
27059,2021-09-06,2265,Waterloo Health Unit,0.0286,725.0,1.24,0.8843,0.9718
27060,2021-09-06,2263,Timiskaming Health Unit,0.01,14.0,0.44,0.7027,0.982
27061,2021-09-06,2262,Thunder Bay District Health Unit,0.0073,156.0,1.04,0.8824,0.9697
27062,2021-09-06,2261,Sudbury and District Health Unit,0.0146,275.0,1.38,0.9157,0.9906
27063,2021-09-06,4913,Southwestern Public Health,0.0185,248.0,1.17,0.8952,0.9823
27064,2021-09-06,2260,Simcoe Muskoka District Health Unit,0.0296,831.0,1.39,0.8946,0.9851
27065,2021-09-06,2257,Renfrew County and District Health Unit,0.005,85.0,0.79,0.7214,0.9355
27066,2021-09-06,2256,Porcupine Health Unit,0.0126,147.0,1.76,0.7182,0.8879
27067,2021-09-06,2255,Peterborough County-City Health Unit,0.0249,166.0,1.12,0.8642,0.9942
27068,2021-09-06,2253,Peel Regional Health Unit,0.0426,1930.0,1.2,0.9111,0.9695
27069,2021-09-06,35,Ontario,0.0343,20285.0,1.37,0.8813,0.9734
27070,2021-09-06,2249,Northwestern Health Unit,0.0064,111.0,1.27,0.5446,0.7648
27071,2021-09-06,2247,North Bay Parry Sound District Health Unit,0.0299,134.0,1.03,0.9067,0.9822
27072,2021-09-06,2246,Niagara Regional Area Health Unit,0.0542,559.0,1.18,0.9247,0.9761
27073,2021-09-06,2244,Middlesex-London Health Unit,0.0256,792.0,1.56,0.9105,0.9825
27074,2021-09-06,2243,"Leeds, Grenville and Lanark District Health Unit",0.0069,145.0,0.83,0.8812,0.9663
27075,2021-09-06,2242,Lambton Health Unit,0.0094,152.0,1.16,0.8064,0.9813
27076,2021-09-06,2241,"Kingston, Frontenac and Lennox and Addington Health Unit",0.0121,272.0,1.28,0.9507,0.9868
27077,2021-09-06,5183,Huron Perth Health Unit,0.0201,199.0,1.42,0.6292,0.9821
27078,2021-09-06,2238,Hastings and Prince Edward Counties Health Unit,0.0143,259.0,1.54,0.9668,0.9921
27079,2021-09-06,2236,Halton Regional Health Unit,0.0265,869.0,1.4,0.8814,0.9667
27080,2021-09-06,2235,"Haliburton, Kawartha, Pine Ridge District Health Unit",0.0139,175.0,0.93,0.7475,0.9816
27081,2021-09-06,2234,Haldimand-Norfolk Health Unit,0.0305,103.0,0.9,0.8646,0.9745
27082,2021-09-06,2233,Grey Bruce Health Unit,0.0115,175.0,1.03,0.7597,0.9848
27083,2021-09-06,2258,Eastern Ontario Health Unit,0.0261,241.0,1.16,0.7776,0.9551
27084,2021-09-06,2230,Durham Regional Health Unit,0.0272,1119.0,1.57,0.8439,0.9816
27085,2021-09-06,2226,District of Algoma Health Unit,0.0026,112.0,0.98,0.8444,0.9679
27086,2021-09-06,3895,City of Toronto Health Unit,0.0318,4366.0,1.4,0.9332,0.9736
27087,2021-09-06,2251,City of Ottawa Health Unit,0.0294,1127.0,1.07,0.8528,0.9822
27088,2021-09-06,2237,City of Hamilton Health Unit,0.0536,1048.0,1.77,0.9315,0.979
27089,2021-09-06,2240,Chatham-Kent Health Unit,0.0647,212.0,1.99,0.9034,0.9959
27090,2021-09-06,2227,Brant County Health Unit,0.0483,254.0,1.64,0.8573,0.9804
27091,2021-09-05,2270,York Regional Health Unit,0.0363,1903.0,1.55,0.8472,0.9623
27092,2021-09-05,2268,Windsor-Essex County Health Unit,0.0919,771.0,1.81,0.7759,0.9701
27093,2021-09-05,2266,Wellington-Dufferin-Guelph Health Unit,0.0289,459.0,1.47,0.8902,0.9782
27094,2021-09-05,2265,Waterloo Health Unit,0.0276,782.0,1.34,0.8913,0.9794
27095,2021-09-05,2263,Timiskaming Health Unit,0.0098,15.0,0.45,0.7143,0.9796
27096,2021-09-05,2262,Thunder Bay District Health Unit,0.0049,176.0,1.17,0.8903,0.973
27097,2021-09-05,2261,Sudbury and District Health Unit,0.0106,298.0,1.5,0.9264,0.9934
27098,2021-09-05,4913,Southwestern Public Health,0.0165,260.0,1.23,0.8944,0.9827
27099,2021-09-05,2260,Simcoe Muskoka District Health Unit,0.0306,901.0,1.5,0.8982,0.9861
27100,2021-09-05,2257,Renfrew County and District Health Unit,0.0029,97.0,0.9,0.7574,0.9793
27101,2021-09-05,2256,Porcupine Health Unit,0.0123,152.0,1.82,0.7188,0.8857
27102,2021-09-05,2255,Peterborough County-City Health Unit,0.0173,174.0,1.17,0.8624,0.995
27103,2021-09-05,2253,Peel Regional Health Unit,0.0421,2051.0,1.28,0.9159,0.9735
27104,2021-09-05,35,Ontario,0.0335,21474.0,1.45,0.8827,0.9739
27105,2021-09-05,2249,Northwestern Health Unit,0.0066,130.0,1.48,0.5818,0.8039
27106,2021-09-05,2247,North Bay Parry Sound District Health Unit,0.0281,142.0,1.1,0.918,0.9857
27107,2021-09-05,2246,Niagara Regional Area Health Unit,0.0507,580.0,1.23,0.9199,0.9742
27108,2021-09-05,2244,Middlesex-London Health Unit,0.0282,827.0,1.63,0.9069,0.9808
27109,2021-09-05,2243,"Leeds, Grenville and Lanark District Health Unit",0.0072,159.0,0.92,0.8285,0.9649
27110,2021-09-05,2242,Lambton Health Unit,0.008,160.0,1.22,0.8182,0.9845
27111,2021-09-05,2241,"Kingston, Frontenac and Lennox and Addington Health Unit",0.0111,282.0,1.33,0.9491,0.9871
27112,2021-09-05,5183,Huron Perth Health Unit,0.0178,241.0,1.73,0.6052,0.9947
27113,2021-09-05,2238,Hastings and Prince Edward Counties Health Unit,0.0125,296.0,1.76,0.969,0.9932
27114,2021-09-05,2236,Halton Regional Health Unit,0.0272,913.0,1.47,0.8921,0.9681
27115,2021-09-05,2235,"Haliburton, Kawartha, Pine Ridge District Health Unit",0.0127,202.0,1.07,0.7472,0.9831
27116,2021-09-05,2234,Haldimand-Norfolk Health Unit,0.0272,110.0,0.97,0.8564,0.9728
27117,2021-09-05,2233,Grey Bruce Health Unit,0.0102,210.0,1.23,0.7578,0.9848
27118,2021-09-05,2258,Eastern Ontario Health Unit,0.0322,267.0,1.28,0.7827,0.9564
27119,2021-09-05,2230,Durham Regional Health Unit,0.0259,1180.0,1.66,0.8369,0.978
27120,2021-09-05,2226,District of Algoma Health Unit,0.0034,128.0,1.12,0.8605,0.973
27121,2021-09-05,3895,City of Toronto Health Unit,0.0315,4527.0,1.45,0.9321,0.9715
27122,2021-09-05,2251,City of Ottawa Health Unit,0.0263,1216.0,1.15,0.8605,0.9826
27123,2021-09-05,2237,City of Hamilton Health Unit,0.0568,1129.0,1.91,0.9261,0.9803
27124,2021-09-05,2240,Chatham-Kent Health Unit,0.0625,210.0,1.98,0.9018,0.9959
27125,2021-09-05,2227,Brant County Health Unit,0.0484,272.0,1.75,0.8578,0.9817
27126,2021-09-04,2270,York Regional Health Unit,0.0375,1921.0,1.57,0.8397,0.9628
27127,2021-09-04,2268,Windsor-Essex County Health Unit,0.0912,753.0,1.77,0.7831,0.9699
27128,2021-09-04,2266,Wellington-Dufferin-Guelph Health Unit,0.03,466.0,1.49,0.8944,0.9774
27129,2021-09-04,2265,Waterloo Health Unit,0.0286,774.0,1.32,0.8989,0.9795
27130,2021-09-04,2263,Timiskaming Health Unit,0.0098,15.0,0.45,0.7576,0.9798
27131,2021-09-04,2262,Thunder Bay District Health Unit,0.0065,176.0,1.17,0.894,0.9737
27132,2021-09-04,2261,Sudbury and District Health Unit,0.0092,310.0,1.56,0.9286,0.9946
27133,2021-09-04,4913,Southwestern Public Health,0.0168,255.0,1.21,0.9016,0.9829
27134,2021-09-04,2260,Simcoe Muskoka District Health Unit,0.0303,906.0,1.51,0.8995,0.9857
27135,2021-09-04,2257,Renfrew County and District Health Unit,0.0014,100.0,0.92,0.7482,0.9812
27136,2021-09-04,2256,Porcupine Health Unit,0.0153,149.0,1.79,0.6987,0.857
27137,2021-09-04,2255,Peterborough County-City Health Unit,0.0149,173.0,1.17,0.857,0.9918
27138,2021-09-04,2253,Peel Regional Health Unit,0.0417,2066.0,1.29,0.9216,0.9747
27139,2021-09-04,35,Ontario,0.0334,21527.0,1.45,0.8832,0.9742
27140,2021-09-04,2249,Northwestern Health Unit,0.0066,130.0,1.48,0.6112,0.8429
27141,2021-09-04,2247,North Bay Parry Sound District Health Unit,0.0303,142.0,1.09,0.9051,0.9808
27142,2021-09-04,2246,Niagara Regional Area Health Unit,0.0495,580.0,1.23,0.9143,0.9708
27143,2021-09-04,2244,Middlesex-London Health Unit,0.0295,841.0,1.66,0.9111,0.9829
27144,2021-09-04,2243,"Leeds, Grenville and Lanark District Health Unit",0.0055,157.0,0.91,0.8205,0.9612
27145,2021-09-04,2242,Lambton Health Unit,0.0081,159.0,1.22,0.8531,0.9897
27146,2021-09-04,2241,"Kingston, Frontenac and Lennox and Addington Health Unit",0.0106,282.0,1.33,0.9546,0.9882
27147,2021-09-04,5183,Huron Perth Health Unit,0.0182,220.0,1.57,0.5887,0.9916
27148,2021-09-04,2238,Hastings and Prince Edward Counties Health Unit,0.0139,297.0,1.76,0.9671,0.9937
27149,2021-09-04,2236,Halton Regional Health Unit,0.0242,910.0,1.47,0.9004,0.9688
27150,2021-09-04,2235,"Haliburton, Kawartha, Pine Ridge District Health Unit",0.012,202.0,1.07,0.7432,0.9839
27151,2021-09-04,2234,Haldimand-Norfolk Health Unit,0.0298,110.0,0.97,0.8645,0.9639
27152,2021-09-04,2233,Grey Bruce Health Unit,0.009,207.0,1.22,0.7611,0.9834
27153,2021-09-04,2258,Eastern Ontario Health Unit,0.0307,270.0,1.29,0.7855,0.9556
27154,2021-09-04,2230,Durham Regional Health Unit,0.0259,1187.0,1.67,0.8178,0.9774
27155,2021-09-04,2226,District of Algoma Health Unit,0.0042,135.0,1.18,0.8703,0.9747
27156,2021-09-04,3895,City of Toronto Health Unit,0.0317,4555.0,1.46,0.933,0.9723
27157,2021-09-04,2251,City of Ottawa Health Unit,0.0244,1227.0,1.16,0.8597,0.9808
27158,2021-09-04,2237,City of Hamilton Health Unit,0.0575,1120.0,1.89,0.9258,0.9803
27159,2021-09-04,2240,Chatham-Kent Health Unit,0.0549,208.0,1.96,0.9071,0.9952
27160,2021-09-04,2227,Brant County Health Unit,0.0471,267.0,1.72,0.8686,0.9834
27161,2021-09-03,2270,York Regional Health Unit,0.0365,1937.0,1.58,0.8372,0.963
27162,2021-09-03,2268,Windsor-Essex County Health Unit,0.0938,757.0,1.78,0.8011,0.9697
27163,2021-09-03,2266,Wellington-Dufferin-Guelph Health Unit,0.028,469.0,1.5,0.8881,0.9768
27164,2021-09-03,2265,Waterloo Health Unit,0.0295,761.0,1.3,0.8989,0.9795
27165,2021-09-03,2263,Timiskaming Health Unit,0.0093,15.0,0.47,0.7959,0.9796
27166,2021-09-03,2262,Thunder Bay District Health Unit,0.0081,176.0,1.18,0.8979,0.9743
27167,2021-09-03,2261,Sudbury and District Health Unit,0.0085,321.0,1.61,0.9312,0.9953
27168,2021-09-03,4913,Southwestern Public Health,0.0146,254.0,1.2,0.8956,0.9833
27169,2021-09-03,2260,Simcoe Muskoka District Health Unit,0.0308,905.0,1.51,0.9006,0.9865
27170,2021-09-03,2257,Renfrew County and District Health Unit,0.0014,102.0,0.94,0.7344,0.9787
27171,2021-09-03,2256,Porcupine Health Unit,0.0174,148.0,1.77,0.7244,0.8582
27172,2021-09-03,2255,Peterborough County-City Health Unit,0.0148,174.0,1.18,0.9149,0.9905
27173,2021-09-03,2253,Peel Regional Health Unit,0.0433,2088.0,1.3,0.9248,0.9754
27174,2021-09-03,35,Ontario,0.0336,21706.0,1.46,0.8833,0.9746
27175,2021-09-03,2249,Northwestern Health Unit,0.0087,131.0,1.49,0.5915,0.8297
27176,2021-09-03,2247,North Bay Parry Sound District Health Unit,0.0292,142.0,1.09,0.9023,0.9807
27177,2021-09-03,2246,Niagara Regional Area Health Unit,0.0497,586.0,1.24,0.9149,0.9711
27178,2021-09-03,2244,Middlesex-London Health Unit,0.0274,843.0,1.66,0.9132,0.9832
27179,2021-09-03,2243,"Leeds, Grenville and Lanark District Health Unit",0.0052,164.0,0.94,0.8193,0.9625
27180,2021-09-03,2242,Lambton Health Unit,0.0081,159.0,1.21,0.8605,0.9898
27181,2021-09-03,2241,"Kingston, Frontenac and Lennox and Addington Health Unit",0.0092,281.0,1.32,0.9551,0.989
27182,2021-09-03,5183,Huron Perth Health Unit,0.0189,219.0,1.57,0.6015,0.9896
27183,2021-09-03,2238,Hastings and Prince Edward Counties Health Unit,0.0141,305.0,1.81,0.9648,0.9936
27184,2021-09-03,2236,Halton Regional Health Unit,0.0249,907.0,1.47,0.9042,0.9697
27185,2021-09-03,2235,"Haliburton, Kawartha, Pine Ridge District Health Unit",0.0106,202.0,1.07,0.7526,0.9847
27186,2021-09-03,2234,Haldimand-Norfolk Health Unit,0.0323,111.0,0.97,0.8413,0.9677
27187,2021-09-03,2233,Grey Bruce Health Unit,0.0082,208.0,1.23,0.7502,0.9862
27188,2021-09-03,2258,Eastern Ontario Health Unit,0.0305,271.0,1.3,0.7739,0.9544
27189,2021-09-03,2230,Durham Regional Health Unit,0.0252,1218.0,1.71,0.8195,0.9805
27190,2021-09-03,2226,District of Algoma Health Unit,0.0061,140.0,1.22,0.8834,0.9767
27191,2021-09-03,3895,City of Toronto Health Unit,0.0319,4603.0,1.48,0.9311,0.9727
27192,2021-09-03,2251,City of Ottawa Health Unit,0.0236,1240.0,1.18,0.8578,0.9813
27193,2021-09-03,2237,City of Hamilton Health Unit,0.06,1141.0,1.93,0.9269,0.9809
27194,2021-09-03,2240,Chatham-Kent Health Unit,0.0546,209.0,1.97,0.8941,0.9936
27195,2021-09-03,2227,Brant County Health Unit,0.048,262.0,1.69,0.8212,0.9851
27196,2021-09-02,2270,York Regional Health Unit,0.0376,1964.0,1.6,0.8517,0.964
27197,2021-09-02,2268,Windsor-Essex County Health Unit,0.0917,767.0,1.8,0.7904,0.9679
27198,2021-09-02,2266,Wellington-Dufferin-Guelph Health Unit,0.0293,463.0,1.49,0.881,0.9772
27199,2021-09-02,2265,Waterloo Health Unit,0.0267,765.0,1.31,0.8749,0.9782
27200,2021-09-02,2263,Timiskaming Health Unit,0.0098,15.0,0.45,0.8519,0.9815
27201,2021-09-02,2262,Thunder Bay District Health Unit,0.0071,180.0,1.2,0.9469,0.9791
27202,2021-09-02,2261,Sudbury and District Health Unit,0.0085,334.0,1.68,0.9022,0.9945
27203,2021-09-02,4913,Southwestern Public Health,0.0118,254.0,1.2,0.9044,0.9847
27204,2021-09-02,2260,Simcoe Muskoka District Health Unit,0.0297,909.0,1.52,0.9086,0.986
27205,2021-09-02,2257,Renfrew County and District Health Unit,0.0014,99.0,0.91,0.713,0.9697
27206,2021-09-02,2256,Porcupine Health Unit,0.018,143.0,1.72,0.7742,0.9031
27207,2021-09-02,2255,Peterborough County-City Health Unit,0.0128,178.0,1.21,0.9171,0.9877
27208,2021-09-02,2253,Peel Regional Health Unit,0.0418,2100.0,1.31,0.9255,0.9754
27209,2021-09-02,35,Ontario,0.0335,21740.0,1.47,0.8833,0.9749
27210,2021-09-02,2249,Northwestern Health Unit,0.0054,132.0,1.5,0.6021,0.8211
27211,2021-09-02,2247,North Bay Parry Sound District Health Unit,0.0276,140.0,1.08,0.9098,0.9805
27212,2021-09-02,2246,Niagara Regional Area Health Unit,0.0466,570.0,1.21,0.9131,0.9705
27213,2021-09-02,2244,Middlesex-London Health Unit,0.027,835.0,1.65,0.913,0.9832
27214,2021-09-02,2243,"Leeds, Grenville and Lanark District Health Unit",0.0034,169.0,0.98,0.8203,0.9598
27215,2021-09-02,2242,Lambton Health Unit,0.0092,156.0,1.19,0.8641,0.9901
27216,2021-09-02,2241,"Kingston, Frontenac and Lennox and Addington Health Unit",0.0081,281.0,1.32,0.9577,0.9882
27217,2021-09-02,5183,Huron Perth Health Unit,0.0155,231.0,1.65,0.576,0.989
27218,2021-09-02,2238,Hastings and Prince Edward Counties Health Unit,0.0156,312.0,1.85,0.9638,0.9937
27219,2021-09-02,2236,Halton Regional Health Unit,0.0231,903.0,1.46,0.9077,0.9716
27220,2021-09-02,2235,"Haliburton, Kawartha, Pine Ridge District Health Unit",0.0115,199.0,1.06,0.7776,0.9838
27221,2021-09-02,2234,Haldimand-Norfolk Health Unit,0.0309,106.0,0.93,0.8331,0.9674
27222,2021-09-02,2233,Grey Bruce Health Unit,0.0084,203.0,1.19,0.7443,0.9856
27223,2021-09-02,2258,Eastern Ontario Health Unit,0.0285,271.0,1.3,0.7755,0.9517
27224,2021-09-02,2230,Durham Regional Health Unit,0.0267,1213.0,1.7,0.8102,0.9802
27225,2021-09-02,2226,District of Algoma Health Unit,0.0073,137.0,1.2,0.8618,0.9717
27226,2021-09-02,3895,City of Toronto Health Unit,0.0324,4594.0,1.47,0.9299,0.9728
27227,2021-09-02,2251,City of Ottawa Health Unit,0.0222,1257.0,1.19,0.8597,0.9811
27228,2021-09-02,2237,City of Hamilton Health Unit,0.0681,1137.0,1.92,0.9222,0.981
27229,2021-09-02,2240,Chatham-Kent Health Unit,0.0548,198.0,1.87,0.9005,0.9935
27230,2021-09-02,2227,Brant County Health Unit,0.0446,263.0,1.69,0.7985,0.9865
27231,2021-09-01,2270,York Regional Health Unit,0.0381,1977.0,1.61,0.8232,0.9577
27232,2021-09-01,2268,Windsor-Essex County Health Unit,0.0877,731.0,1.72,0.8088,0.9682
27233,2021-09-01,2266,Wellington-Dufferin-Guelph Health Unit,0.0307,470.0,1.51,0.8777,0.9779
27234,2021-09-01,2265,Waterloo Health Unit,0.0275,770.0,1.32,0.8623,0.9784
27235,2021-09-01,2263,Timiskaming Health Unit,0.0088,16.0,0.49,0.8264,0.9835
27236,2021-09-01,2262,Thunder Bay District Health Unit,0.0085,184.0,1.23,0.9405,0.973
27237,2021-09-01,2261,Sudbury and District Health Unit,0.0086,347.0,1.75,0.8964,0.995
27238,2021-09-01,4913,Southwestern Public Health,0.0146,264.0,1.25,0.9158,0.9866
27239,2021-09-01,2260,Simcoe Muskoka District Health Unit,0.0277,912.0,1.52,0.9103,0.9872
27240,2021-09-01,2257,Renfrew County and District Health Unit,0.0027,107.0,0.99,0.7301,0.9701
27241,2021-09-01,2256,Porcupine Health Unit,0.0157,146.0,1.75,0.7216,0.8519
27242,2021-09-01,2255,Peterborough County-City Health Unit,0.0123,174.0,1.18,0.9277,0.9843
27243,2021-09-01,2253,Peel Regional Health Unit,0.0392,2119.0,1.32,0.9241,0.9754
27244,2021-09-01,35,Ontario,0.0327,21868.0,1.47,0.8793,0.9734
27245,2021-09-01,2249,Northwestern Health Unit,0.0067,127.0,1.45,0.5577,0.8029
27246,2021-09-01,2247,North Bay Parry Sound District Health Unit,0.0217,145.0,1.12,0.9131,0.9811
27247,2021-09-01,2246,Niagara Regional Area Health Unit,0.0458,565.0,1.2,0.9067,0.9703
27248,2021-09-01,2244,Middlesex-London Health Unit,0.0268,835.0,1.65,0.9116,0.9826
27249,2021-09-01,2243,"Leeds, Grenville and Lanark District Health Unit",0.0072,178.0,1.03,0.825,0.9599
27250,2021-09-01,2242,Lambton Health Unit,0.01,158.0,1.21,0.8671,0.9894
27251,2021-09-01,2241,"Kingston, Frontenac and Lennox and Addington Health Unit",0.0045,285.0,1.34,0.9581,0.9885
27252,2021-09-01,5183,Huron Perth Health Unit,0.0169,219.0,1.57,0.5637,0.989
27253,2021-09-01,2238,Hastings and Prince Edward Counties Health Unit,0.0141,323.0,1.92,0.9628,0.9929
27254,2021-09-01,2236,Halton Regional Health Unit,0.0231,904.0,1.46,0.9111,0.9663
27255,2021-09-01,2235,"Haliburton, Kawartha, Pine Ridge District Health Unit",0.0094,197.0,1.04,0.7722,0.9855
27256,2021-09-01,2234,Haldimand-Norfolk Health Unit,0.0259,110.0,0.97,0.8302,0.9763
27257,2021-09-01,2233,Grey Bruce Health Unit,0.0109,209.0,1.23,0.731,0.9883
27258,2021-09-01,2258,Eastern Ontario Health Unit,0.0306,266.0,1.27,0.8169,0.969
27259,2021-09-01,2230,Durham Regional Health Unit,0.0264,1201.0,1.69,0.7804,0.9732
27260,2021-09-01,2226,District of Algoma Health Unit,0.0083,138.0,1.21,0.8682,0.9732
27261,2021-09-01,3895,City of Toronto Health Unit,0.032,4599.0,1.47,0.9292,0.9728
27262,2021-09-01,2251,City of Ottawa Health Unit,0.0205,1283.0,1.22,0.8772,0.9824
27263,2021-09-01,2237,City of Hamilton Health Unit,0.0659,1151.0,1.94,0.9279,0.9783
27264,2021-09-01,2240,Chatham-Kent Health Unit,0.0518,199.0,1.87,0.9028,0.995
27265,2021-09-01,2227,Brant County Health Unit,0.0438,290.0,1.87,0.7742,0.9883
27266,2021-08-31,2270,York Regional Health Unit,0.037,1989.0,1.62,0.788,0.948
27267,2021-08-31,2268,Windsor-Essex County Health Unit,0.0852,731.0,1.72,0.7992,0.9671
27268,2021-08-31,2266,Wellington-Dufferin-Guelph Health Unit,0.0311,477.0,1.53,0.8894,0.9732
27269,2021-08-31,2265,Waterloo Health Unit,0.029,779.0,1.33,0.8218,0.9659
27270,2021-08-31,2263,Timiskaming Health Unit,0.0085,17.0,0.51,0.7869,0.9754
27271,2021-08-31,2262,Thunder Bay District Health Unit,0.0109,183.0,1.22,0.933,0.9642
27272,2021-08-31,2261,Sudbury and District Health Unit,0.0081,372.0,1.87,0.8868,0.9934
27273,2021-08-31,4913,Southwestern Public Health,0.0132,271.0,1.28,0.9189,0.9933
27274,2021-08-31,2260,Simcoe Muskoka District Health Unit,0.028,934.0,1.56,0.884,0.9837
27275,2021-08-31,2257,Renfrew County and District Health Unit,0.0025,116.0,1.07,0.7612,0.9743
27276,2021-08-31,2256,Porcupine Health Unit,0.0109,144.0,1.73,0.7331,0.8405
27277,2021-08-31,2255,Peterborough County-City Health Unit,0.0126,181.0,1.22,0.9339,0.9841
27278,2021-08-31,2253,Peel Regional Health Unit,0.0366,2151.0,1.34,0.9251,0.9705
27279,2021-08-31,35,Ontario,0.0319,22084.0,1.49,0.8722,0.9696
27280,2021-08-31,2249,Northwestern Health Unit,0.0056,127.0,1.45,0.5811,0.8182
27281,2021-08-31,2247,North Bay Parry Sound District Health Unit,0.0166,155.0,1.19,0.9135,0.9742
27282,2021-08-31,2246,Niagara Regional Area Health Unit,0.0422,552.0,1.17,0.8954,0.9658
27283,2021-08-31,2244,Middlesex-London Health Unit,0.0289,839.0,1.65,0.9118,0.9836
27284,2021-08-31,2243,"Leeds, Grenville and Lanark District Health Unit",0.0084,186.0,1.07,0.8392,0.9613
27285,2021-08-31,2242,Lambton Health Unit,0.0115,162.0,1.24,0.8654,0.9862
27286,2021-08-31,2241,"Kingston, Frontenac and Lennox and Addington Health Unit",0.0034,294.0,1.38,0.9556,0.9837
27287,2021-08-31,5183,Huron Perth Health Unit,0.0197,218.0,1.56,0.5953,0.9871
27288,2021-08-31,2238,Hastings and Prince Edward Counties Health Unit,0.0131,327.0,1.94,0.9607,0.9907
27289,2021-08-31,2236,Halton Regional Health Unit,0.0225,906.0,1.46,0.9034,0.9555
27290,2021-08-31,2235,"Haliburton, Kawartha, Pine Ridge District Health Unit",0.0077,205.0,1.08,0.7587,0.9875
27291,2021-08-31,2234,Haldimand-Norfolk Health Unit,0.0273,110.0,0.96,0.8112,0.9772
27292,2021-08-31,2233,Grey Bruce Health Unit,0.0137,209.0,1.23,0.7667,0.9827
27293,2021-08-31,2258,Eastern Ontario Health Unit,0.0345,265.0,1.27,0.8682,0.9692
27294,2021-08-31,2230,Durham Regional Health Unit,0.0271,1190.0,1.67,0.7268,0.9671
27295,2021-08-31,2226,District of Algoma Health Unit,0.0082,140.0,1.22,0.8619,0.9685
27296,2021-08-31,3895,City of Toronto Health Unit,0.0313,4625.0,1.48,0.9245,0.97
27297,2021-08-31,2251,City of Ottawa Health Unit,0.0202,1314.0,1.25,0.9199,0.9842
27298,2021-08-31,2237,City of Hamilton Health Unit,0.0653,1166.0,1.97,0.9255,0.9742
27299,2021-08-31,2240,Chatham-Kent Health Unit,0.0481,202.0,1.9,0.8775,0.9938
27300,2021-08-31,2227,Brant County Health Unit,0.0341,281.0,1.81,0.7533,0.9887
27301,2021-08-30,2270,York Regional Health Unit,0.0363,2029.0,1.66,0.779,0.9471
27302,2021-08-30,2268,Windsor-Essex County Health Unit,0.0909,727.0,1.71,0.797,0.9656
27303,2021-08-30,2266,Wellington-Dufferin-Guelph Health Unit,0.0307,475.0,1.52,0.8873,0.9733
27304,2021-08-30,2265,Waterloo Health Unit,0.0286,794.0,1.36,0.8117,0.965
27305,2021-08-30,2263,Timiskaming Health Unit,0.0,17.0,0.52,0.8217,0.9767
27306,2021-08-30,2262,Thunder Bay District Health Unit,0.0127,180.0,1.2,0.9278,0.9695
27307,2021-08-30,2261,Sudbury and District Health Unit,0.0073,392.0,1.97,0.8916,0.9932
27308,2021-08-30,4913,Southwestern Public Health,0.013,275.0,1.3,0.9189,0.9924
27309,2021-08-30,2260,Simcoe Muskoka District Health Unit,0.0262,934.0,1.56,0.8775,0.9837
27310,2021-08-30,2257,Renfrew County and District Health Unit,0.0037,116.0,1.07,0.7639,0.976
27311,2021-08-30,2256,Porcupine Health Unit,0.0129,133.0,1.59,0.7248,0.8362
27312,2021-08-30,2255,Peterborough County-City Health Unit,0.0136,178.0,1.21,0.936,0.9846
27313,2021-08-30,2253,Peel Regional Health Unit,0.0355,2169.0,1.35,0.9273,0.9714
27314,2021-08-30,35,Ontario,0.0314,22023.0,1.48,0.8716,0.9703
27315,2021-08-30,2249,Northwestern Health Unit,0.0087,131.0,1.49,0.625,0.8631
27316,2021-08-30,2247,North Bay Parry Sound District Health Unit,0.0127,157.0,1.21,0.9141,0.9729
27317,2021-08-30,2246,Niagara Regional Area Health Unit,0.0397,536.0,1.14,0.8936,0.9657
27318,2021-08-30,2244,Middlesex-London Health Unit,0.0301,848.0,1.67,0.9095,0.9834
27319,2021-08-30,2243,"Leeds, Grenville and Lanark District Health Unit",0.0096,194.0,1.12,0.8588,0.9795
27320,2021-08-30,2242,Lambton Health Unit,0.0122,164.0,1.25,0.8683,0.9912
27321,2021-08-30,2241,"Kingston, Frontenac and Lennox and Addington Health Unit",0.0014,299.0,1.4,0.9603,0.9859
27322,2021-08-30,5183,Huron Perth Health Unit,0.0169,236.0,1.69,0.5771,0.9845
27323,2021-08-30,2238,Hastings and Prince Edward Counties Health Unit,0.0106,338.0,2.01,0.9599,0.9914
27324,2021-08-30,2236,Halton Regional Health Unit,0.0209,897.0,1.45,0.9021,0.9551
27325,2021-08-30,2235,"Haliburton, Kawartha, Pine Ridge District Health Unit",0.0064,202.0,1.07,0.7551,0.9873
27326,2021-08-30,2234,Haldimand-Norfolk Health Unit,0.0246,104.0,0.92,0.8181,0.9808
27327,2021-08-30,2233,Grey Bruce Health Unit,0.0138,207.0,1.22,0.7703,0.9843
27328,2021-08-30,2258,Eastern Ontario Health Unit,0.039,264.0,1.26,0.8972,0.9847
27329,2021-08-30,2230,Durham Regional Health Unit,0.0295,1112.0,1.56,0.7063,0.9646
27330,2021-08-30,2226,District of Algoma Health Unit,0.0109,144.0,1.26,0.8728,0.9662
27331,2021-08-30,3895,City of Toronto Health Unit,0.0311,4545.0,1.46,0.9253,0.9702
27332,2021-08-30,2251,City of Ottawa Health Unit,0.0189,1358.0,1.29,0.9256,0.9851
27333,2021-08-30,2237,City of Hamilton Health Unit,0.0679,1108.0,1.87,0.922,0.9743
27334,2021-08-30,2240,Chatham-Kent Health Unit,0.0349,201.0,1.89,0.8808,0.991
27335,2021-08-30,2227,Brant County Health Unit,0.0314,292.0,1.88,0.7402,0.9886
27336,2021-08-29,2270,York Regional Health Unit,0.0362,2034.0,1.66,0.7748,0.9524
27337,2021-08-29,2268,Windsor-Essex County Health Unit,0.0898,731.0,1.72,0.7781,0.9413
27338,2021-08-29,2266,Wellington-Dufferin-Guelph Health Unit,0.0289,465.0,1.49,0.8816,0.9711
27339,2021-08-29,2265,Waterloo Health Unit,0.027,789.0,1.35,0.8112,0.9661
27340,2021-08-29,2263,Timiskaming Health Unit,0.0,19.0,0.58,0.8106,0.9697
27341,2021-08-29,2262,Thunder Bay District Health Unit,0.013,176.0,1.17,0.9287,0.9704
27342,2021-08-29,2261,Sudbury and District Health Unit,0.0076,393.0,1.98,0.8684,0.9862
27343,2021-08-29,4913,Southwestern Public Health,0.0122,282.0,1.33,0.914,0.992
27344,2021-08-29,2260,Simcoe Muskoka District Health Unit,0.0223,947.0,1.58,0.8737,0.9839
27345,2021-08-29,2257,Renfrew County and District Health Unit,0.0038,113.0,1.04,0.7627,0.9772
27346,2021-08-29,2256,Porcupine Health Unit,0.0141,131.0,1.57,0.727,0.8383
27347,2021-08-29,2255,Peterborough County-City Health Unit,0.0129,178.0,1.2,0.9353,0.9846
27348,2021-08-29,2253,Peel Regional Health Unit,0.0361,2158.0,1.34,0.9093,0.9666
27349,2021-08-29,35,Ontario,0.0306,21869.0,1.47,0.8692,0.9702
27350,2021-08-29,2249,Northwestern Health Unit,0.0087,132.0,1.5,0.612,0.8464
27351,2021-08-29,2247,North Bay Parry Sound District Health Unit,0.0108,159.0,1.22,0.907,0.9705
27352,2021-08-29,2246,Niagara Regional Area Health Unit,0.0375,529.0,1.12,0.9053,0.9714
27353,2021-08-29,2244,Middlesex-London Health Unit,0.0276,854.0,1.68,0.9155,0.9842
27354,2021-08-29,2243,"Leeds, Grenville and Lanark District Health Unit",0.0082,192.0,1.11,0.8823,0.9829
27355,2021-08-29,2242,Lambton Health Unit,0.0141,163.0,1.24,0.8657,0.9904
27356,2021-08-29,2241,"Kingston, Frontenac and Lennox and Addington Health Unit",0.0014,300.0,1.41,0.962,0.9857
27357,2021-08-29,5183,Huron Perth Health Unit,0.0152,226.0,1.62,0.571,0.9798
27358,2021-08-29,2238,Hastings and Prince Edward Counties Health Unit,0.0122,329.0,1.95,0.9598,0.9923
27359,2021-08-29,2236,Halton Regional Health Unit,0.0179,871.0,1.41,0.9107,0.959
27360,2021-08-29,2235,"Haliburton, Kawartha, Pine Ridge District Health Unit",0.0049,203.0,1.07,0.7615,0.9873
27361,2021-08-29,2234,Haldimand-Norfolk Health Unit,0.0265,108.0,0.94,0.7997,0.9509
27362,2021-08-29,2233,Grey Bruce Health Unit,0.0153,196.0,1.16,0.7611,0.9845
27363,2021-08-29,2258,Eastern Ontario Health Unit,0.0304,263.0,1.26,0.9055,0.9849
27364,2021-08-29,2230,Durham Regional Health Unit,0.0311,1066.0,1.5,0.7151,0.9686
27365,2021-08-29,2226,District of Algoma Health Unit,0.0107,146.0,1.28,0.8705,0.9627
27366,2021-08-29,3895,City of Toronto Health Unit,0.0305,4569.0,1.46,0.924,0.9739
27367,2021-08-29,2251,City of Ottawa Health Unit,0.0174,1328.0,1.26,0.9272,0.9836
27368,2021-08-29,2237,City of Hamilton Health Unit,0.0672,1069.0,1.81,0.9245,0.974
27369,2021-08-29,2240,Chatham-Kent Health Unit,0.0296,207.0,1.95,0.8733,0.9891
27370,2021-08-29,2227,Brant County Health Unit,0.0264,282.0,1.82,0.7371,0.9873
27371,2021-08-28,2270,York Regional Health Unit,0.0373,2058.0,1.68,0.7879,0.9523
27372,2021-08-28,2268,Windsor-Essex County Health Unit,0.0873,725.0,1.71,0.7505,0.9011
27373,2021-08-28,2266,Wellington-Dufferin-Guelph Health Unit,0.0274,463.0,1.49,0.8818,0.9757
27374,2021-08-28,2265,Waterloo Health Unit,0.0253,796.0,1.36,0.8124,0.9674
27375,2021-08-28,2263,Timiskaming Health Unit,0.0,18.0,0.56,0.8231,0.9692
27376,2021-08-28,2262,Thunder Bay District Health Unit,0.0113,178.0,1.19,0.9294,0.9719
27377,2021-08-28,2261,Sudbury and District Health Unit,0.0132,389.0,1.95,0.8723,0.9858
27378,2021-08-28,4913,Southwestern Public Health,0.0125,285.0,1.35,0.908,0.9926
27379,2021-08-28,2260,Simcoe Muskoka District Health Unit,0.022,955.0,1.59,0.8695,0.984
27380,2021-08-28,2257,Renfrew County and District Health Unit,0.0051,112.0,1.04,0.722,0.9783
27381,2021-08-28,2256,Porcupine Health Unit,0.0122,129.0,1.55,0.7642,0.8728
27382,2021-08-28,2255,Peterborough County-City Health Unit,0.0138,177.0,1.19,0.9333,0.9873
27383,2021-08-28,2253,Peel Regional Health Unit,0.0378,2128.0,1.33,0.9033,0.9676
27384,2021-08-28,35,Ontario,0.0306,21794.0,1.47,0.8692,0.9699
27385,2021-08-28,2249,Northwestern Health Unit,0.01,128.0,1.46,0.6138,0.8414
27386,2021-08-28,2247,North Bay Parry Sound District Health Unit,0.0064,156.0,1.2,0.9246,0.9746
27387,2021-08-28,2246,Niagara Regional Area Health Unit,0.0352,532.0,1.13,0.9106,0.9752
27388,2021-08-28,2244,Middlesex-London Health Unit,0.0266,866.0,1.71,0.9156,0.9852
27389,2021-08-28,2243,"Leeds, Grenville and Lanark District Health Unit",0.0082,191.0,1.1,0.8815,0.9858
27390,2021-08-28,2242,Lambton Health Unit,0.014,163.0,1.25,0.8381,0.9908
27391,2021-08-28,2241,"Kingston, Frontenac and Lennox and Addington Health Unit",0.0014,303.0,1.42,0.9597,0.9856
27392,2021-08-28,5183,Huron Perth Health Unit,0.0156,229.0,1.64,0.5877,0.9855
27393,2021-08-28,2238,Hastings and Prince Edward Counties Health Unit,0.0111,335.0,1.99,0.9637,0.9929
27394,2021-08-28,2236,Halton Regional Health Unit,0.0198,874.0,1.41,0.9109,0.9601
27395,2021-08-28,2235,"Haliburton, Kawartha, Pine Ridge District Health Unit",0.0042,202.0,1.07,0.7651,0.9874
27396,2021-08-28,2234,Haldimand-Norfolk Health Unit,0.0227,107.0,0.94,0.799,0.9593
27397,2021-08-28,2233,Grey Bruce Health Unit,0.0158,199.0,1.17,0.7566,0.9848
27398,2021-08-28,2258,Eastern Ontario Health Unit,0.0301,261.0,1.25,0.9006,0.985
27399,2021-08-28,2230,Durham Regional Health Unit,0.0306,1047.0,1.47,0.7351,0.9697
27400,2021-08-28,2226,District of Algoma Health Unit,0.0109,144.0,1.25,0.8869,0.9697
27401,2021-08-28,3895,City of Toronto Health Unit,0.0303,4515.0,1.45,0.92,0.9743
27402,2021-08-28,2251,City of Ottawa Health Unit,0.0182,1314.0,1.25,0.9288,0.9854
27403,2021-08-28,2237,City of Hamilton Health Unit,0.0662,1073.0,1.81,0.9198,0.9738
27404,2021-08-28,2240,Chatham-Kent Health Unit,0.0339,207.0,1.94,0.8663,0.9866
27405,2021-08-28,2227,Brant County Health Unit,0.0265,280.0,1.81,0.7561,0.9872
27406,2021-08-27,2270,York Regional Health Unit,0.0382,2085.0,1.7,0.7876,0.9536
27407,2021-08-27,2268,Windsor-Essex County Health Unit,0.0834,721.0,1.7,0.7447,0.896
27408,2021-08-27,2266,Wellington-Dufferin-Guelph Health Unit,0.0273,466.0,1.49,0.8816,0.973
27409,2021-08-27,2265,Waterloo Health Unit,0.0245,804.0,1.38,0.8092,0.9666
27410,2021-08-27,2263,Timiskaming Health Unit,0.0,18.0,0.56,0.8056,0.9722
27411,2021-08-27,2262,Thunder Bay District Health Unit,0.0097,176.0,1.17,0.9272,0.9707
27412,2021-08-27,2261,Sudbury and District Health Unit,0.0156,384.0,1.93,0.8707,0.9852
27413,2021-08-27,4913,Southwestern Public Health,0.0129,288.0,1.36,0.9015,0.9917
27414,2021-08-27,2260,Simcoe Muskoka District Health Unit,0.0212,955.0,1.59,0.8654,0.9794
27415,2021-08-27,2257,Renfrew County and District Health Unit,0.0051,112.0,1.03,0.7176,0.9806
27416,2021-08-27,2256,Porcupine Health Unit,0.0101,127.0,1.53,0.7298,0.8704
27417,2021-08-27,2255,Peterborough County-City Health Unit,0.012,178.0,1.2,0.8952,0.9894
27418,2021-08-27,2253,Peel Regional Health Unit,0.0361,2125.0,1.32,0.8963,0.9674
27419,2021-08-27,35,Ontario,0.0303,21797.0,1.47,0.864,0.9689
27420,2021-08-27,2249,Northwestern Health Unit,0.008,125.0,1.42,0.5703,0.8375
27421,2021-08-27,2247,North Bay Parry Sound District Health Unit,0.0072,158.0,1.22,0.9172,0.974
27422,2021-08-27,2246,Niagara Regional Area Health Unit,0.0297,515.0,1.09,0.9034,0.9723
27423,2021-08-27,2244,Middlesex-London Health Unit,0.0303,871.0,1.72,0.9041,0.9831
27424,2021-08-27,2243,"Leeds, Grenville and Lanark District Health Unit",0.0087,181.0,1.05,0.8811,0.9862
27425,2021-08-27,2242,Lambton Health Unit,0.0146,166.0,1.27,0.8272,0.9899
27426,2021-08-27,2241,"Kingston, Frontenac and Lennox and Addington Health Unit",0.0029,301.0,1.41,0.9555,0.9846
27427,2021-08-27,5183,Huron Perth Health Unit,0.0149,250.0,1.79,0.5869,0.9835
27428,2021-08-27,2238,Hastings and Prince Edward Counties Health Unit,0.0121,342.0,2.03,0.9623,0.9932
27429,2021-08-27,2236,Halton Regional Health Unit,0.0197,884.0,1.43,0.892,0.9598
27430,2021-08-27,2235,"Haliburton, Kawartha, Pine Ridge District Health Unit",0.0056,205.0,1.08,0.7488,0.9864
27431,2021-08-27,2234,Haldimand-Norfolk Health Unit,0.025,108.0,0.95,0.8062,0.9571
27432,2021-08-27,2233,Grey Bruce Health Unit,0.0176,203.0,1.2,0.741,0.9854
27433,2021-08-27,2258,Eastern Ontario Health Unit,0.0301,256.0,1.23,0.8426,0.9848
27434,2021-08-27,2230,Durham Regional Health Unit,0.0313,1005.0,1.41,0.733,0.9688
27435,2021-08-27,2226,District of Algoma Health Unit,0.0101,141.0,1.23,0.8717,0.9671
27436,2021-08-27,3895,City of Toronto Health Unit,0.0304,4543.0,1.46,0.9158,0.9739
27437,2021-08-27,2251,City of Ottawa Health Unit,0.0174,1301.0,1.23,0.9284,0.9845
27438,2021-08-27,2237,City of Hamilton Health Unit,0.0651,1062.0,1.79,0.9117,0.9688
27439,2021-08-27,2240,Chatham-Kent Health Unit,0.0305,202.0,1.9,0.8725,0.9868
27440,2021-08-27,2227,Brant County Health Unit,0.022,285.0,1.84,0.7891,0.9861
27441,2021-08-26,2270,York Regional Health Unit,0.0382,2077.0,1.69,0.7742,0.9471
27442,2021-08-26,2268,Windsor-Essex County Health Unit,0.0814,688.0,1.62,0.7695,0.896
27443,2021-08-26,2266,Wellington-Dufferin-Guelph Health Unit,0.0249,465.0,1.49,0.893,0.9711
27444,2021-08-26,2265,Waterloo Health Unit,0.0252,817.0,1.4,0.8213,0.9634
27445,2021-08-26,2263,Timiskaming Health Unit,0.0,20.0,0.6,0.8112,0.972
27446,2021-08-26,2262,Thunder Bay District Health Unit,0.0092,172.0,1.15,0.9245,0.9682
27447,2021-08-26,2261,Sudbury and District Health Unit,0.0153,373.0,1.87,0.9041,0.9843
27448,2021-08-26,4913,Southwestern Public Health,0.0148,290.0,1.37,0.8898,0.9899
27449,2021-08-26,2260,Simcoe Muskoka District Health Unit,0.0216,953.0,1.59,0.8717,0.9783
27450,2021-08-26,2257,Renfrew County and District Health Unit,0.0036,117.0,1.08,0.7517,0.9921
27451,2021-08-26,2256,Porcupine Health Unit,0.0112,127.0,1.52,0.7109,0.8566
27452,2021-08-26,2255,Peterborough County-City Health Unit,0.0103,166.0,1.12,0.8838,0.9919
27453,2021-08-26,2253,Peel Regional Health Unit,0.0357,2143.0,1.33,0.8894,0.9628
27454,2021-08-26,35,Ontario,0.0297,21763.0,1.47,0.8612,0.9656
27455,2021-08-26,2249,Northwestern Health Unit,0.0083,121.0,1.38,0.5324,0.8422
27456,2021-08-26,2247,North Bay Parry Sound District Health Unit,0.011,155.0,1.2,0.9308,0.9738
27457,2021-08-26,2246,Niagara Regional Area Health Unit,0.0261,509.0,1.08,0.9023,0.9706
27458,2021-08-26,2244,Middlesex-London Health Unit,0.0296,879.0,1.73,0.8971,0.9793
27459,2021-08-26,2243,"Leeds, Grenville and Lanark District Health Unit",0.0081,177.0,1.02,0.8846,0.9915
27460,2021-08-26,2242,Lambton Health Unit,0.0136,168.0,1.28,0.8202,0.9819
27461,2021-08-26,2241,"Kingston, Frontenac and Lennox and Addington Health Unit",0.0028,304.0,1.43,0.9474,0.984
27462,2021-08-26,5183,Huron Perth Health Unit,0.0165,243.0,1.74,0.5806,0.9826
27463,2021-08-26,2238,Hastings and Prince Edward Counties Health Unit,0.0123,336.0,1.99,0.9636,0.993
27464,2021-08-26,2236,Halton Regional Health Unit,0.0188,883.0,1.43,0.8609,0.9495
27465,2021-08-26,2235,"Haliburton, Kawartha, Pine Ridge District Health Unit",0.0076,206.0,1.09,0.7552,0.9841
27466,2021-08-26,2234,Haldimand-Norfolk Health Unit,0.0249,109.0,0.95,0.8207,0.9565
27467,2021-08-26,2233,Grey Bruce Health Unit,0.0178,209.0,1.23,0.7442,0.9836
27468,2021-08-26,2258,Eastern Ontario Health Unit,0.0272,247.0,1.18,0.844,0.9848
27469,2021-08-26,2230,Durham Regional Health Unit,0.0325,940.0,1.32,0.7405,0.9631
27470,2021-08-26,2226,District of Algoma Health Unit,0.0113,139.0,1.21,0.8865,0.9683
27471,2021-08-26,3895,City of Toronto Health Unit,0.0295,4646.0,1.49,0.9077,0.9703
27472,2021-08-26,2251,City of Ottawa Health Unit,0.0162,1282.0,1.22,0.9195,0.9824
27473,2021-08-26,2237,City of Hamilton Health Unit,0.0611,1069.0,1.8,0.9123,0.9661
27474,2021-08-26,2240,Chatham-Kent Health Unit,0.0285,205.0,1.93,0.8659,0.9824
27475,2021-08-26,2227,Brant County Health Unit,0.0262,278.0,1.79,0.8059,0.9846
27476,2021-08-25,2270,York Regional Health Unit,0.0372,2075.0,1.69,0.7994,0.9436
27477,2021-08-25,2268,Windsor-Essex County Health Unit,0.0777,704.0,1.66,0.7579,0.8906
27478,2021-08-25,2266,Wellington-Dufferin-Guelph Health Unit,0.0226,461.0,1.48,0.9022,0.9741
27479,2021-08-25,2265,Waterloo Health Unit,0.0229,834.0,1.43,0.8391,0.9618
27480,2021-08-25,2263,Timiskaming Health Unit,0.0,21.0,0.63,0.8039,0.9673
27481,2021-08-25,2262,Thunder Bay District Health Unit,0.0075,172.0,1.15,0.9264,0.9733
27482,2021-08-25,2261,Sudbury and District Health Unit,0.0135,360.0,1.81,0.8995,0.9823
27483,2021-08-25,4913,Southwestern Public Health,0.0137,281.0,1.33,0.8879,0.9898
27484,2021-08-25,2260,Simcoe Muskoka District Health Unit,0.0211,966.0,1.61,0.8754,0.977
27485,2021-08-25,2257,Renfrew County and District Health Unit,0.0025,116.0,1.06,0.7112,0.995
27486,2021-08-25,2256,Porcupine Health Unit,0.0104,124.0,1.48,0.7193,0.8863
27487,2021-08-25,2255,Peterborough County-City Health Unit,0.0107,173.0,1.17,0.8747,0.995
27488,2021-08-25,2253,Peel Regional Health Unit,0.0371,2154.0,1.34,0.8863,0.9578
27489,2021-08-25,35,Ontario,0.0292,21802.0,1.47,0.8673,0.964
27490,2021-08-25,2249,Northwestern Health Unit,0.0071,121.0,1.38,0.5529,0.8319
27491,2021-08-25,2247,North Bay Parry Sound District Health Unit,0.0112,153.0,1.18,0.9187,0.9722
27492,2021-08-25,2246,Niagara Regional Area Health Unit,0.0269,505.0,1.07,0.9012,0.9707
27493,2021-08-25,2244,Middlesex-London Health Unit,0.0326,882.0,1.74,0.8972,0.9759
27494,2021-08-25,2243,"Leeds, Grenville and Lanark District Health Unit",0.0075,172.0,0.99,0.8847,0.9942
27495,2021-08-25,2242,Lambton Health Unit,0.0139,174.0,1.33,0.8224,0.9832
27496,2021-08-25,2241,"Kingston, Frontenac and Lennox and Addington Health Unit",0.0033,307.0,1.44,0.9511,0.9856
27497,2021-08-25,5183,Huron Perth Health Unit,0.0162,230.0,1.64,0.5873,0.9781
27498,2021-08-25,2238,Hastings and Prince Edward Counties Health Unit,0.0117,343.0,2.03,0.971,0.9944
27499,2021-08-25,2236,Halton Regional Health Unit,0.0185,890.0,1.44,0.8474,0.9474
27500,2021-08-25,2235,"Haliburton, Kawartha, Pine Ridge District Health Unit",0.0109,210.0,1.11,0.7679,0.9853
27501,2021-08-25,2234,Haldimand-Norfolk Health Unit,0.0284,111.0,0.97,0.8322,0.9538
27502,2021-08-25,2233,Grey Bruce Health Unit,0.0166,224.0,1.32,0.776,0.9836
27503,2021-08-25,2258,Eastern Ontario Health Unit,0.0201,263.0,1.26,0.8385,0.9853
27504,2021-08-25,2230,Durham Regional Health Unit,0.0327,923.0,1.3,0.8097,0.9711
27505,2021-08-25,2226,District of Algoma Health Unit,0.0101,141.0,1.24,0.8491,0.9531
27506,2021-08-25,3895,City of Toronto Health Unit,0.0284,4675.0,1.5,0.9057,0.9677
27507,2021-08-25,2251,City of Ottawa Health Unit,0.0149,1254.0,1.19,0.912,0.9766
27508,2021-08-25,2237,City of Hamilton Health Unit,0.0636,1079.0,1.82,0.9167,0.9695
27509,2021-08-25,2240,Chatham-Kent Health Unit,0.024,203.0,1.91,0.8794,0.9768
27510,2021-08-25,2227,Brant County Health Unit,0.0216,257.0,1.66,0.859,0.9838
27511,2021-08-24,2270,York Regional Health Unit,0.0373,2040.0,1.66,0.8649,0.9641
27512,2021-08-24,2268,Windsor-Essex County Health Unit,0.0763,691.0,1.63,0.7485,0.9015
27513,2021-08-24,2266,Wellington-Dufferin-Guelph Health Unit,0.0218,458.0,1.47,0.9155,0.982
27514,2021-08-24,2265,Waterloo Health Unit,0.0216,834.0,1.43,0.884,0.9821
27515,2021-08-24,2263,Timiskaming Health Unit,0.0,22.0,0.67,0.8562,0.9795
27516,2021-08-24,2262,Thunder Bay District Health Unit,0.0058,174.0,1.16,0.9343,0.9809
27517,2021-08-24,2261,Sudbury and District Health Unit,0.0147,341.0,1.71,0.8745,0.9794
27518,2021-08-24,4913,Southwestern Public Health,0.0127,280.0,1.33,0.8947,0.9896
27519,2021-08-24,2260,Simcoe Muskoka District Health Unit,0.0194,964.0,1.61,0.9078,0.9788
27520,2021-08-24,2257,Renfrew County and District Health Unit,0.004,108.0,0.99,0.6717,0.9953
27521,2021-08-24,2256,Porcupine Health Unit,0.0117,122.0,1.46,0.7239,0.9092
27522,2021-08-24,2255,Peterborough County-City Health Unit,0.0118,170.0,1.15,0.8809,0.9927
27523,2021-08-24,2253,Peel Regional Health Unit,0.0378,2133.0,1.33,0.8875,0.9581
27524,2021-08-24,35,Ontario,0.0289,21638.0,1.46,0.8836,0.9698
27525,2021-08-24,2249,Northwestern Health Unit,0.0093,123.0,1.41,0.5676,0.8043
27526,2021-08-24,2247,North Bay Parry Sound District Health Unit,0.011,143.0,1.1,0.8734,0.9737
27527,2021-08-24,2246,Niagara Regional Area Health Unit,0.027,502.0,1.06,0.9115,0.973
27528,2021-08-24,2244,Middlesex-London Health Unit,0.0328,889.0,1.75,0.9098,0.9838
27529,2021-08-24,2243,"Leeds, Grenville and Lanark District Health Unit",0.0075,171.0,0.99,0.8793,0.9957
27530,2021-08-24,2242,Lambton Health Unit,0.0124,172.0,1.31,0.8203,0.9854
27531,2021-08-24,2241,"Kingston, Frontenac and Lennox and Addington Health Unit",0.0033,306.0,1.44,0.9605,0.9926
27532,2021-08-24,5183,Huron Perth Health Unit,0.0132,227.0,1.63,0.5698,0.9766
27533,2021-08-24,2238,Hastings and Prince Edward Counties Health Unit,0.013,364.0,2.16,0.9739,0.9949
27534,2021-08-24,2236,Halton Regional Health Unit,0.0189,901.0,1.46,0.8582,0.9587
27535,2021-08-24,2235,"Haliburton, Kawartha, Pine Ridge District Health Unit",0.0111,206.0,1.09,0.8171,0.9872
27536,2021-08-24,2234,Haldimand-Norfolk Health Unit,0.0284,111.0,0.97,0.8588,0.9451
27537,2021-08-24,2233,Grey Bruce Health Unit,0.0155,230.0,1.36,0.7882,0.9878
27538,2021-08-24,2258,Eastern Ontario Health Unit,0.015,267.0,1.28,0.8051,0.9858
27539,2021-08-24,2230,Durham Regional Health Unit,0.0298,896.0,1.26,0.8988,0.9827
27540,2021-08-24,2226,District of Algoma Health Unit,0.0108,146.0,1.28,0.8631,0.9614
27541,2021-08-24,3895,City of Toronto Health Unit,0.0282,4678.0,1.5,0.914,0.9706
27542,2021-08-24,2251,City of Ottawa Health Unit,0.0145,1234.0,1.17,0.901,0.9794
27543,2021-08-24,2237,City of Hamilton Health Unit,0.0647,1039.0,1.76,0.9274,0.9739
27544,2021-08-24,2240,Chatham-Kent Health Unit,0.0265,194.0,1.82,0.9017,0.9743
27545,2021-08-24,2227,Brant County Health Unit,0.027,254.0,1.63,0.8992,0.9833
27546,2021-08-23,2270,York Regional Health Unit,0.0364,2027.0,1.65,0.8775,0.9657
27547,2021-08-23,2268,Windsor-Essex County Health Unit,0.0724,680.0,1.6,0.7514,0.8975
27548,2021-08-23,2266,Wellington-Dufferin-Guelph Health Unit,0.0202,459.0,1.47,0.9168,0.9795
27549,2021-08-23,2265,Waterloo Health Unit,0.0213,837.0,1.43,0.8936,0.9799
27550,2021-08-23,2263,Timiskaming Health Unit,0.0,22.0,0.67,0.8457,0.9753
27551,2021-08-23,2262,Thunder Bay District Health Unit,0.0049,173.0,1.16,0.9352,0.9787
27552,2021-08-23,2261,Sudbury and District Health Unit,0.0144,328.0,1.65,0.8828,0.9767
27553,2021-08-23,4913,Southwestern Public Health,0.0122,280.0,1.32,0.8908,0.9853
27554,2021-08-23,2260,Simcoe Muskoka District Health Unit,0.0204,979.0,1.63,0.9193,0.9798
27555,2021-08-23,2257,Renfrew County and District Health Unit,0.0025,115.0,1.06,0.6384,0.9949
27556,2021-08-23,2256,Porcupine Health Unit,0.0113,126.0,1.51,0.7492,0.9146
27557,2021-08-23,2255,Peterborough County-City Health Unit,0.012,179.0,1.21,0.8773,0.9929
27558,2021-08-23,2253,Peel Regional Health Unit,0.0386,2134.0,1.33,0.8801,0.9546
27559,2021-08-23,35,Ontario,0.0283,21639.0,1.46,0.885,0.9685
27560,2021-08-23,2249,Northwestern Health Unit,0.006,119.0,1.35,0.5852,0.8162
27561,2021-08-23,2247,North Bay Parry Sound District Health Unit,0.0105,136.0,1.05,0.8755,0.9757
27562,2021-08-23,2246,Niagara Regional Area Health Unit,0.0267,498.0,1.05,0.911,0.9713
27563,2021-08-23,2244,Middlesex-London Health Unit,0.031,898.0,1.77,0.9062,0.979
27564,2021-08-23,2243,"Leeds, Grenville and Lanark District Health Unit",0.0076,169.0,0.97,0.8742,0.992
27565,2021-08-23,2242,Lambton Health Unit,0.012,167.0,1.27,0.8307,0.9861
27566,2021-08-23,2241,"Kingston, Frontenac and Lennox and Addington Health Unit",0.0042,310.0,1.46,0.9593,0.9928
27567,2021-08-23,5183,Huron Perth Health Unit,0.0126,205.0,1.46,0.5593,0.9748
27568,2021-08-23,2238,Hastings and Prince Edward Counties Health Unit,0.0154,372.0,2.21,0.974,0.9953
27569,2021-08-23,2236,Halton Regional Health Unit,0.0205,908.0,1.47,0.8588,0.9574
27570,2021-08-23,2235,"Haliburton, Kawartha, Pine Ridge District Health Unit",0.0147,213.0,1.13,0.8307,0.9907
27571,2021-08-23,2234,Haldimand-Norfolk Health Unit,0.0268,112.0,0.98,0.8494,0.938
27572,2021-08-23,2233,Grey Bruce Health Unit,0.0179,232.0,1.36,0.7901,0.9839
27573,2021-08-23,2258,Eastern Ontario Health Unit,0.01,256.0,1.23,0.7965,0.9817
27574,2021-08-23,2230,Durham Regional Health Unit,0.0293,891.0,1.25,0.9097,0.9829
27575,2021-08-23,2226,District of Algoma Health Unit,0.012,142.0,1.24,0.8443,0.9565
27576,2021-08-23,3895,City of Toronto Health Unit,0.0273,4744.0,1.52,0.9152,0.97
27577,2021-08-23,2251,City of Ottawa Health Unit,0.0138,1219.0,1.16,0.8967,0.9757
27578,2021-08-23,2237,City of Hamilton Health Unit,0.0625,1012.0,1.71,0.9212,0.9718
27579,2021-08-23,2240,Chatham-Kent Health Unit,0.0265,194.0,1.82,0.8994,0.9758
27580,2021-08-23,2227,Brant County Health Unit,0.0281,249.0,1.61,0.8919,0.9829
27581,2021-08-22,2270,York Regional Health Unit,0.0345,1998.0,1.63,0.8824,0.9599
27582,2021-08-22,2268,Windsor-Essex County Health Unit,0.0727,705.0,1.66,0.7914,0.9217
27583,2021-08-22,2266,Wellington-Dufferin-Guelph Health Unit,0.0191,450.0,1.44,0.9164,0.979
27584,2021-08-22,2265,Waterloo Health Unit,0.0206,848.0,1.45,0.8935,0.9783
27585,2021-08-22,2263,Timiskaming Health Unit,0.0,23.0,0.69,0.8571,0.9814
27586,2021-08-22,2262,Thunder Bay District Health Unit,0.0065,175.0,1.17,0.9282,0.9732
27587,2021-08-22,2261,Sudbury and District Health Unit,0.0155,332.0,1.67,0.8696,0.9503
27588,2021-08-22,4913,Southwestern Public Health,0.0128,279.0,1.32,0.8888,0.9849
27589,2021-08-22,2260,Simcoe Muskoka District Health Unit,0.0208,957.0,1.6,0.9186,0.9763
27590,2021-08-22,2257,Renfrew County and District Health Unit,0.0026,111.0,1.02,0.6435,0.9947
27591,2021-08-22,2256,Porcupine Health Unit,0.0096,133.0,1.6,0.7259,0.8969
27592,2021-08-22,2255,Peterborough County-City Health Unit,0.0111,179.0,1.21,0.8776,0.9911
27593,2021-08-22,2253,Peel Regional Health Unit,0.0387,2135.0,1.33,0.8933,0.9541
27594,2021-08-22,35,Ontario,0.0278,21574.0,1.45,0.888,0.9671
27595,2021-08-22,2249,Northwestern Health Unit,0.0062,116.0,1.32,0.5901,0.8271
27596,2021-08-22,2247,North Bay Parry Sound District Health Unit,0.0099,144.0,1.11,0.8798,0.978
27597,2021-08-22,2246,Niagara Regional Area Health Unit,0.0268,486.0,1.03,0.9076,0.9677
27598,2021-08-22,2244,Middlesex-London Health Unit,0.0307,880.0,1.73,0.9093,0.9787
27599,2021-08-22,2243,"Leeds, Grenville and Lanark District Health Unit",0.0105,163.0,0.94,0.9019,0.9864
27600,2021-08-22,2242,Lambton Health Unit,0.0122,175.0,1.34,0.8313,0.986
27601,2021-08-22,2241,"Kingston, Frontenac and Lennox and Addington Health Unit",0.0046,312.0,1.46,0.9606,0.9935
27602,2021-08-22,5183,Huron Perth Health Unit,0.0146,195.0,1.4,0.5654,0.9778
27603,2021-08-22,2238,Hastings and Prince Edward Counties Health Unit,0.0159,368.0,2.18,0.9736,0.9953
27604,2021-08-22,2236,Halton Regional Health Unit,0.0216,926.0,1.5,0.8538,0.9527
27605,2021-08-22,2235,"Haliburton, Kawartha, Pine Ridge District Health Unit",0.0173,215.0,1.14,0.816,0.9913
27606,2021-08-22,2234,Haldimand-Norfolk Health Unit,0.0251,108.0,0.95,0.8648,0.9679
27607,2021-08-22,2233,Grey Bruce Health Unit,0.0147,233.0,1.37,0.77,0.9854
27608,2021-08-22,2258,Eastern Ontario Health Unit,0.0102,251.0,1.2,0.7826,0.9729
27609,2021-08-22,2230,Durham Regional Health Unit,0.0263,905.0,1.27,0.9043,0.9772
27610,2021-08-22,2226,District of Algoma Health Unit,0.0116,136.0,1.18,0.841,0.9573
27611,2021-08-22,3895,City of Toronto Health Unit,0.0262,4744.0,1.52,0.9188,0.9682
27612,2021-08-22,2251,City of Ottawa Health Unit,0.0136,1233.0,1.17,0.8968,0.9735
27613,2021-08-22,2237,City of Hamilton Health Unit,0.0617,965.0,1.63,0.9232,0.9714
27614,2021-08-22,2240,Chatham-Kent Health Unit,0.0258,188.0,1.77,0.9144,0.9764
27615,2021-08-22,2227,Brant County Health Unit,0.0311,253.0,1.63,0.8674,0.9827
27616,2021-08-21,2270,York Regional Health Unit,0.0322,1917.0,1.56,0.8852,0.9545
27617,2021-08-21,2268,Windsor-Essex County Health Unit,0.0732,690.0,1.63,0.8292,0.9676
27618,2021-08-21,2266,Wellington-Dufferin-Guelph Health Unit,0.0179,447.0,1.43,0.899,0.9776
27619,2021-08-21,2265,Waterloo Health Unit,0.0202,843.0,1.44,0.8842,0.9768
27620,2021-08-21,2263,Timiskaming Health Unit,0.0,24.0,0.73,0.8402,0.9822
27621,2021-08-21,2262,Thunder Bay District Health Unit,0.0072,179.0,1.19,0.9261,0.9738
27622,2021-08-21,2261,Sudbury and District Health Unit,0.01,329.0,1.66,0.8647,0.951
27623,2021-08-21,4913,Southwestern Public Health,0.0132,282.0,1.33,0.8912,0.981
27624,2021-08-21,2260,Simcoe Muskoka District Health Unit,0.0206,936.0,1.56,0.9208,0.9747
27625,2021-08-21,2257,Renfrew County and District Health Unit,0.0013,110.0,1.01,0.6579,0.9903
27626,2021-08-21,2256,Porcupine Health Unit,0.0086,133.0,1.59,0.7311,0.8978
27627,2021-08-21,2255,Peterborough County-City Health Unit,0.0089,177.0,1.2,0.8826,0.9917
27628,2021-08-21,2253,Peel Regional Health Unit,0.0378,2133.0,1.33,0.8943,0.9496
27629,2021-08-21,35,Ontario,0.0272,21376.0,1.44,0.8881,0.9653
27630,2021-08-21,2249,Northwestern Health Unit,0.0049,116.0,1.33,0.5871,0.8258
27631,2021-08-21,2247,North Bay Parry Sound District Health Unit,0.0099,144.0,1.11,0.8702,0.9779
27632,2021-08-21,2246,Niagara Regional Area Health Unit,0.0292,469.0,0.99,0.8989,0.964
27633,2021-08-21,2244,Middlesex-London Health Unit,0.0319,865.0,1.71,0.9097,0.9744
27634,2021-08-21,2243,"Leeds, Grenville and Lanark District Health Unit",0.0105,164.0,0.95,0.9093,0.9867
27635,2021-08-21,2242,Lambton Health Unit,0.0123,174.0,1.33,0.8355,0.9854
27636,2021-08-21,2241,"Kingston, Frontenac and Lennox and Addington Health Unit",0.0046,308.0,1.45,0.9597,0.9928
27637,2021-08-21,5183,Huron Perth Health Unit,0.0153,196.0,1.4,0.5483,0.975
27638,2021-08-21,2238,Hastings and Prince Edward Counties Health Unit,0.0161,363.0,2.16,0.9747,0.9941
27639,2021-08-21,2236,Halton Regional Health Unit,0.0201,916.0,1.48,0.8425,0.9481
27640,2021-08-21,2235,"Haliburton, Kawartha, Pine Ridge District Health Unit",0.0174,213.0,1.13,0.8096,0.9883
27641,2021-08-21,2234,Haldimand-Norfolk Health Unit,0.0291,108.0,0.95,0.8671,0.9657
27642,2021-08-21,2233,Grey Bruce Health Unit,0.0137,229.0,1.35,0.7359,0.976
27643,2021-08-21,2258,Eastern Ontario Health Unit,0.0105,246.0,1.18,0.789,0.9732
27644,2021-08-21,2230,Durham Regional Health Unit,0.0258,896.0,1.26,0.9064,0.9744
27645,2021-08-21,2226,District of Algoma Health Unit,0.0138,134.0,1.17,0.8305,0.9582
27646,2021-08-21,3895,City of Toronto Health Unit,0.0257,4768.0,1.53,0.9207,0.9647
27647,2021-08-21,2251,City of Ottawa Health Unit,0.0133,1238.0,1.17,0.8934,0.9697
27648,2021-08-21,2237,City of Hamilton Health Unit,0.0621,952.0,1.61,0.9103,0.9661
27649,2021-08-21,2240,Chatham-Kent Health Unit,0.0208,179.0,1.68,0.923,0.9765
27650,2021-08-21,2227,Brant County Health Unit,0.0312,247.0,1.59,0.8663,0.9785
27651,2021-08-20,2270,York Regional Health Unit,0.0315,1855.0,1.51,0.8728,0.9459
27652,2021-08-20,2268,Windsor-Essex County Health Unit,0.077,664.0,1.56,0.8216,0.961
27653,2021-08-20,2266,Wellington-Dufferin-Guelph Health Unit,0.0167,436.0,1.4,0.8956,0.9734
27654,2021-08-20,2265,Waterloo Health Unit,0.0198,831.0,1.42,0.8847,0.9703
27655,2021-08-20,2263,Timiskaming Health Unit,0.0,24.0,0.73,0.8547,0.9826
27656,2021-08-20,2262,Thunder Bay District Health Unit,0.0063,180.0,1.2,0.9303,0.9716
27657,2021-08-20,2261,Sudbury and District Health Unit,0.0082,332.0,1.67,0.8235,0.9508
27658,2021-08-20,4913,Southwestern Public Health,0.0138,279.0,1.32,0.8908,0.9788
27659,2021-08-20,2260,Simcoe Muskoka District Health Unit,0.0211,926.0,1.54,0.9186,0.9752
27660,2021-08-20,2257,Renfrew County and District Health Unit,0.0013,106.0,0.98,0.6694,0.9861
27661,2021-08-20,2256,Porcupine Health Unit,0.0076,132.0,1.59,0.7703,0.9231
27662,2021-08-20,2255,Peterborough County-City Health Unit,0.009,174.0,1.18,0.9142,0.9886
27663,2021-08-20,2253,Peel Regional Health Unit,0.0371,2112.0,1.32,0.8906,0.9419
27664,2021-08-20,35,Ontario,0.0267,21044.0,1.42,0.8861,0.9604
27665,2021-08-20,2249,Northwestern Health Unit,0.005,115.0,1.32,0.6662,0.8391
27666,2021-08-20,2247,North Bay Parry Sound District Health Unit,0.008,142.0,1.1,0.8766,0.9747
27667,2021-08-20,2246,Niagara Regional Area Health Unit,0.0297,461.0,0.98,0.8936,0.9583
27668,2021-08-20,2244,Middlesex-London Health Unit,0.0287,856.0,1.69,0.918,0.9736
27669,2021-08-20,2243,"Leeds, Grenville and Lanark District Health Unit",0.0106,161.0,0.93,0.9105,0.9852
27670,2021-08-20,2242,Lambton Health Unit,0.0102,168.0,1.28,0.8429,0.9854
27671,2021-08-20,2241,"Kingston, Frontenac and Lennox and Addington Health Unit",0.0037,312.0,1.47,0.9577,0.9938
27672,2021-08-20,5183,Huron Perth Health Unit,0.0145,177.0,1.27,0.5433,0.9703
27673,2021-08-20,2238,Hastings and Prince Edward Counties Health Unit,0.0147,359.0,2.13,0.9718,0.9928
27674,2021-08-20,2236,Halton Regional Health Unit,0.0201,898.0,1.45,0.8525,0.9422
27675,2021-08-20,2235,"Haliburton, Kawartha, Pine Ridge District Health Unit",0.0173,207.0,1.09,0.8126,0.9861
27676,2021-08-20,2234,Haldimand-Norfolk Health Unit,0.0275,104.0,0.91,0.875,0.9702
27677,2021-08-20,2233,Grey Bruce Health Unit,0.0131,230.0,1.35,0.7492,0.9736
27678,2021-08-20,2258,Eastern Ontario Health Unit,0.0099,245.0,1.18,0.8471,0.9711
27679,2021-08-20,2230,Durham Regional Health Unit,0.0248,888.0,1.25,0.8901,0.9665
27680,2021-08-20,2226,District of Algoma Health Unit,0.0126,136.0,1.19,0.8365,0.9602
27681,2021-08-20,3895,City of Toronto Health Unit,0.0254,4696.0,1.5,0.9169,0.9583
27682,2021-08-20,2251,City of Ottawa Health Unit,0.0134,1233.0,1.17,0.8806,0.9594
27683,2021-08-20,2237,City of Hamilton Health Unit,0.0601,936.0,1.58,0.9166,0.968
27684,2021-08-20,2240,Chatham-Kent Health Unit,0.024,178.0,1.68,0.915,0.9769
27685,2021-08-20,2227,Brant County Health Unit,0.0355,242.0,1.56,0.8738,0.9756
27686,2021-08-19,2270,York Regional Health Unit,0.0305,1810.0,1.48,0.8648,0.9373
27687,2021-08-19,2268,Windsor-Essex County Health Unit,0.0757,636.0,1.5,0.7756,0.9513
27688,2021-08-19,2266,Wellington-Dufferin-Guelph Health Unit,0.0178,425.0,1.36,0.8882,0.9692
27689,2021-08-19,2265,Waterloo Health Unit,0.022,824.0,1.41,0.8688,0.9613
27690,2021-08-19,2263,Timiskaming Health Unit,0.0,26.0,0.78,0.84,0.9829
27691,2021-08-19,2262,Thunder Bay District Health Unit,0.0071,181.0,1.21,0.9297,0.9711
27692,2021-08-19,2261,Sudbury and District Health Unit,0.0075,343.0,1.72,0.7754,0.9523
27693,2021-08-19,4913,Southwestern Public Health,0.0117,280.0,1.33,0.8864,0.9783
27694,2021-08-19,2260,Simcoe Muskoka District Health Unit,0.0194,905.0,1.51,0.9188,0.9724
27695,2021-08-19,2257,Renfrew County and District Health Unit,0.0028,104.0,0.96,0.6554,0.9845
27696,2021-08-19,2256,Porcupine Health Unit,0.0064,135.0,1.61,0.7566,0.9134
27697,2021-08-19,2255,Peterborough County-City Health Unit,0.0079,181.0,1.22,0.9231,0.9868
27698,2021-08-19,2253,Peel Regional Health Unit,0.0363,2072.0,1.29,0.8781,0.9331
27699,2021-08-19,35,Ontario,0.0258,20804.0,1.4,0.8807,0.9562
27700,2021-08-19,2249,Northwestern Health Unit,0.0036,118.0,1.35,0.7069,0.8422
27701,2021-08-19,2247,North Bay Parry Sound District Health Unit,0.0039,146.0,1.13,0.8567,0.9688
27702,2021-08-19,2246,Niagara Regional Area Health Unit,0.0324,459.0,0.97,0.8862,0.9521
27703,2021-08-19,2244,Middlesex-London Health Unit,0.0287,840.0,1.66,0.9228,0.974
27704,2021-08-19,2243,"Leeds, Grenville and Lanark District Health Unit",0.014,163.0,0.94,0.9071,0.9814
27705,2021-08-19,2242,Lambton Health Unit,0.0136,168.0,1.28,0.8415,0.991
27706,2021-08-19,2241,"Kingston, Frontenac and Lennox and Addington Health Unit",0.0037,309.0,1.45,0.9586,0.9896
27707,2021-08-19,5183,Huron Perth Health Unit,0.0117,170.0,1.22,0.5209,0.9689
27708,2021-08-19,2238,Hastings and Prince Edward Counties Health Unit,0.0147,360.0,2.14,0.9695,0.9918
27709,2021-08-19,2236,Halton Regional Health Unit,0.0213,898.0,1.45,0.8682,0.9441
27710,2021-08-19,2235,"Haliburton, Kawartha, Pine Ridge District Health Unit",0.0152,207.0,1.1,0.8004,0.9824
27711,2021-08-19,2234,Haldimand-Norfolk Health Unit,0.0262,103.0,0.91,0.8698,0.9725
27712,2021-08-19,2233,Grey Bruce Health Unit,0.0127,226.0,1.33,0.7422,0.9727
27713,2021-08-19,2258,Eastern Ontario Health Unit,0.0079,253.0,1.21,0.8606,0.9696
27714,2021-08-19,2230,Durham Regional Health Unit,0.0225,876.0,1.23,0.8881,0.9693
27715,2021-08-19,2226,District of Algoma Health Unit,0.0107,134.0,1.17,0.8137,0.954
27716,2021-08-19,3895,City of Toronto Health Unit,0.0247,4664.0,1.49,0.9184,0.9552
27717,2021-08-19,2251,City of Ottawa Health Unit,0.013,1229.0,1.17,0.8782,0.9486
27718,2021-08-19,2237,City of Hamilton Health Unit,0.0565,902.0,1.52,0.9137,0.9686
27719,2021-08-19,2240,Chatham-Kent Health Unit,0.0241,172.0,1.62,0.9127,0.9814
27720,2021-08-19,2227,Brant County Health Unit,0.0337,242.0,1.56,0.8685,0.9741
27721,2021-08-18,2270,York Regional Health Unit,0.0311,1775.0,1.45,0.8477,0.9271
27722,2021-08-18,2268,Windsor-Essex County Health Unit,0.0762,609.0,1.43,0.7401,0.9415
27723,2021-08-18,2266,Wellington-Dufferin-Guelph Health Unit,0.0187,427.0,1.37,0.8643,0.9612
27724,2021-08-18,2265,Waterloo Health Unit,0.0239,795.0,1.36,0.8601,0.9546
27725,2021-08-18,2263,Timiskaming Health Unit,0.0,24.0,0.73,0.8553,0.9748
27726,2021-08-18,2262,Thunder Bay District Health Unit,0.0064,180.0,1.2,0.8976,0.948
27727,2021-08-18,2261,Sudbury and District Health Unit,0.0076,356.0,1.79,0.7308,0.9536
27728,2021-08-18,4913,Southwestern Public Health,0.0106,284.0,1.34,0.8802,0.9742
27729,2021-08-18,2260,Simcoe Muskoka District Health Unit,0.0177,905.0,1.51,0.9058,0.9691
27730,2021-08-18,2257,Renfrew County and District Health Unit,0.0029,99.0,0.91,0.7008,0.982
27731,2021-08-18,2256,Porcupine Health Unit,0.0065,132.0,1.58,0.7382,0.8867
27732,2021-08-18,2255,Peterborough County-City Health Unit,0.0074,174.0,1.18,0.9216,0.9806
27733,2021-08-18,2253,Peel Regional Health Unit,0.0354,2031.0,1.26,0.8554,0.9229
27734,2021-08-18,35,Ontario,0.0254,20463.0,1.38,0.8639,0.9477
27735,2021-08-18,2249,Northwestern Health Unit,0.0031,137.0,1.56,0.7192,0.8708
27736,2021-08-18,2247,North Bay Parry Sound District Health Unit,0.005,142.0,1.09,0.8471,0.9573
27737,2021-08-18,2246,Niagara Regional Area Health Unit,0.0304,456.0,0.96,0.8665,0.9453
27738,2021-08-18,2244,Middlesex-London Health Unit,0.0248,828.0,1.63,0.9121,0.9685
27739,2021-08-18,2243,"Leeds, Grenville and Lanark District Health Unit",0.0141,162.0,0.93,0.8894,0.9688
27740,2021-08-18,2242,Lambton Health Unit,0.0134,171.0,1.3,0.8142,0.9813
27741,2021-08-18,2241,"Kingston, Frontenac and Lennox and Addington Health Unit",0.0038,300.0,1.41,0.9524,0.987
27742,2021-08-18,5183,Huron Perth Health Unit,0.0093,169.0,1.21,0.5115,0.9646
27743,2021-08-18,2238,Hastings and Prince Edward Counties Health Unit,0.0158,352.0,2.09,0.9611,0.9885
27744,2021-08-18,2236,Halton Regional Health Unit,0.0206,886.0,1.43,0.8489,0.9299
27745,2021-08-18,2235,"Haliburton, Kawartha, Pine Ridge District Health Unit",0.0141,202.0,1.07,0.8092,0.9724
27746,2021-08-18,2234,Haldimand-Norfolk Health Unit,0.0257,100.0,0.88,0.8413,0.9697
27747,2021-08-18,2233,Grey Bruce Health Unit,0.0121,213.0,1.25,0.686,0.965
27748,2021-08-18,2258,Eastern Ontario Health Unit,0.0082,244.0,1.17,0.8699,0.969
27749,2021-08-18,2230,Durham Regional Health Unit,0.0218,860.0,1.21,0.8729,0.9575
27750,2021-08-18,2226,District of Algoma Health Unit,0.0129,122.0,1.07,0.8327,0.9546
27751,2021-08-18,3895,City of Toronto Health Unit,0.0248,4589.0,1.47,0.8998,0.9439
27752,2021-08-18,2251,City of Ottawa Health Unit,0.0124,1234.0,1.17,0.8778,0.9489
27753,2021-08-18,2237,City of Hamilton Health Unit,0.0561,856.0,1.45,0.9005,0.961
27754,2021-08-18,2240,Chatham-Kent Health Unit,0.0264,168.0,1.58,0.8816,0.9847
27755,2021-08-18,2227,Brant County Health Unit,0.0382,239.0,1.54,0.8513,0.9642
27756,2021-08-17,2270,York Regional Health Unit,0.0295,1735.0,1.42,0.8102,0.9151
27757,2021-08-17,2268,Windsor-Essex County Health Unit,0.0746,605.0,1.43,0.767,0.9383
27758,2021-08-17,2266,Wellington-Dufferin-Guelph Health Unit,0.0169,422.0,1.35,0.8294,0.9448
27759,2021-08-17,2265,Waterloo Health Unit,0.0236,799.0,1.37,0.8403,0.9308
27760,2021-08-17,2263,Timiskaming Health Unit,0.0,23.0,0.71,0.8256,0.9767
27761,2021-08-17,2262,Thunder Bay District Health Unit,0.0063,181.0,1.21,0.9002,0.9501
27762,2021-08-17,2261,Sudbury and District Health Unit,0.0061,375.0,1.88,0.748,0.9548
27763,2021-08-17,4913,Southwestern Public Health,0.0123,278.0,1.32,0.8664,0.97
27764,2021-08-17,2260,Simcoe Muskoka District Health Unit,0.0174,878.0,1.46,0.8961,0.9679
27765,2021-08-17,2257,Renfrew County and District Health Unit,0.0014,102.0,0.94,0.7078,0.9804
27766,2021-08-17,2256,Porcupine Health Unit,0.0043,132.0,1.59,0.7482,0.8903
27767,2021-08-17,2255,Peterborough County-City Health Unit,0.0057,174.0,1.18,0.9077,0.9728
27768,2021-08-17,2253,Peel Regional Health Unit,0.0339,1987.0,1.24,0.8389,0.915
27769,2021-08-17,35,Ontario,0.0244,20144.0,1.36,0.8476,0.935
27770,2021-08-17,2249,Northwestern Health Unit,0.0009,162.0,1.85,0.7358,0.9034
27771,2021-08-17,2247,North Bay Parry Sound District Health Unit,0.0039,145.0,1.12,0.906,0.9642
27772,2021-08-17,2246,Niagara Regional Area Health Unit,0.0307,443.0,0.94,0.8428,0.9288
27773,2021-08-17,2244,Middlesex-London Health Unit,0.0221,796.0,1.57,0.8858,0.947
27774,2021-08-17,2243,"Leeds, Grenville and Lanark District Health Unit",0.0136,157.0,0.91,0.891,0.9694
27775,2021-08-17,2242,Lambton Health Unit,0.0145,157.0,1.2,0.7979,0.9784
27776,2021-08-17,2241,"Kingston, Frontenac and Lennox and Addington Health Unit",0.0046,282.0,1.32,0.9489,0.9849
27777,2021-08-17,5183,Huron Perth Health Unit,0.01,172.0,1.23,0.5247,0.9674
27778,2021-08-17,2238,Hastings and Prince Edward Counties Health Unit,0.0152,328.0,1.95,0.952,0.9861
27779,2021-08-17,2236,Halton Regional Health Unit,0.02,877.0,1.42,0.8224,0.9045
27780,2021-08-17,2235,"Haliburton, Kawartha, Pine Ridge District Health Unit",0.0156,202.0,1.07,0.8047,0.9627
27781,2021-08-17,2234,Haldimand-Norfolk Health Unit,0.024,95.0,0.83,0.8083,0.9658
27782,2021-08-17,2233,Grey Bruce Health Unit,0.011,208.0,1.23,0.6377,0.95
27783,2021-08-17,2258,Eastern Ontario Health Unit,0.0077,240.0,1.15,0.8972,0.9718
27784,2021-08-17,2230,Durham Regional Health Unit,0.0224,847.0,1.19,0.847,0.9325
27785,2021-08-17,2226,District of Algoma Health Unit,0.013,110.0,0.96,0.8077,0.9372
27786,2021-08-17,3895,City of Toronto Health Unit,0.0239,4524.0,1.45,0.8807,0.9308
27787,2021-08-17,2251,City of Ottawa Health Unit,0.0117,1233.0,1.17,0.8675,0.9209
27788,2021-08-17,2237,City of Hamilton Health Unit,0.0546,827.0,1.4,0.8875,0.9508
27789,2021-08-17,2240,Chatham-Kent Health Unit,0.0236,163.0,1.54,0.8611,0.9811
27790,2021-08-17,2227,Brant County Health Unit,0.0339,236.0,1.52,0.8454,0.9581
27791,2021-08-16,2270,York Regional Health Unit,0.0289,1707.0,1.39,0.7979,0.9061
27792,2021-08-16,2268,Windsor-Essex County Health Unit,0.0678,598.0,1.41,0.7708,0.9431
27793,2021-08-16,2266,Wellington-Dufferin-Guelph Health Unit,0.0157,418.0,1.34,0.8197,0.944
27794,2021-08-16,2265,Waterloo Health Unit,0.023,787.0,1.35,0.8332,0.9294
27795,2021-08-16,2263,Timiskaming Health Unit,0.0,24.0,0.72,0.816,0.9877
27796,2021-08-16,2262,Thunder Bay District Health Unit,0.0064,179.0,1.19,0.9027,0.9481
27797,2021-08-16,2261,Sudbury and District Health Unit,0.0075,399.0,2.0,0.711,0.9568
27798,2021-08-16,4913,Southwestern Public Health,0.0127,269.0,1.27,0.8621,0.9744
27799,2021-08-16,2260,Simcoe Muskoka District Health Unit,0.0167,856.0,1.43,0.8918,0.9652
27800,2021-08-16,2257,Renfrew County and District Health Unit,0.0015,95.0,0.88,0.7062,0.9754
27801,2021-08-16,2256,Porcupine Health Unit,0.0032,135.0,1.61,0.7376,0.8828
27802,2021-08-16,2255,Peterborough County-City Health Unit,0.0042,169.0,1.14,0.9108,0.9678
27803,2021-08-16,2253,Peel Regional Health Unit,0.0311,1993.0,1.24,0.8394,0.9145
27804,2021-08-16,35,Ontario,0.0234,19892.0,1.34,0.8416,0.9324
27805,2021-08-16,2249,Northwestern Health Unit,0.0008,181.0,2.07,0.7341,0.8996
27806,2021-08-16,2247,North Bay Parry Sound District Health Unit,0.0057,150.0,1.15,0.9077,0.964
27807,2021-08-16,2246,Niagara Regional Area Health Unit,0.0291,447.0,0.95,0.8259,0.9208
27808,2021-08-16,2244,Middlesex-London Health Unit,0.02,765.0,1.51,0.8879,0.95
27809,2021-08-16,2243,"Leeds, Grenville and Lanark District Health Unit",0.0139,155.0,0.89,0.8904,0.9737
27810,2021-08-16,2242,Lambton Health Unit,0.0143,150.0,1.15,0.7851,0.9733
27811,2021-08-16,2241,"Kingston, Frontenac and Lennox and Addington Health Unit",0.0031,276.0,1.3,0.952,0.9858
27812,2021-08-16,5183,Huron Perth Health Unit,0.0099,173.0,1.24,0.5153,0.9703
27813,2021-08-16,2238,Hastings and Prince Edward Counties Health Unit,0.0136,305.0,1.81,0.9489,0.9855
27814,2021-08-16,2236,Halton Regional Health Unit,0.0199,888.0,1.43,0.8197,0.9004
27815,2021-08-16,2235,"Haliburton, Kawartha, Pine Ridge District Health Unit",0.0123,197.0,1.04,0.8059,0.9613
27816,2021-08-16,2234,Haldimand-Norfolk Health Unit,0.0211,95.0,0.83,0.8099,0.9675
27817,2021-08-16,2233,Grey Bruce Health Unit,0.0094,212.0,1.25,0.5884,0.9466
27818,2021-08-16,2258,Eastern Ontario Health Unit,0.0054,240.0,1.15,0.8946,0.9737
27819,2021-08-16,2230,Durham Regional Health Unit,0.0225,830.0,1.17,0.8391,0.9297
27820,2021-08-16,2226,District of Algoma Health Unit,0.0082,104.0,0.91,0.8104,0.9354
27821,2021-08-16,3895,City of Toronto Health Unit,0.0233,4448.0,1.43,0.8715,0.9253
27822,2021-08-16,2251,City of Ottawa Health Unit,0.0107,1219.0,1.16,0.8673,0.9214
27823,2021-08-16,2237,City of Hamilton Health Unit,0.0535,809.0,1.37,0.8867,0.9483
27824,2021-08-16,2240,Chatham-Kent Health Unit,0.022,156.0,1.46,0.856,0.9816
27825,2021-08-16,2227,Brant County Health Unit,0.0388,221.0,1.42,0.8493,0.9542
27826,2021-08-15,2270,York Regional Health Unit,0.0287,1723.0,1.41,0.7828,0.8946
27827,2021-08-15,2268,Windsor-Essex County Health Unit,0.0648,575.0,1.35,0.7446,0.914
27828,2021-08-15,2266,Wellington-Dufferin-Guelph Health Unit,0.0147,428.0,1.37,0.8158,0.9435
27829,2021-08-15,2265,Waterloo Health Unit,0.0232,775.0,1.33,0.8331,0.9289
27830,2021-08-15,2263,Timiskaming Health Unit,0.0,24.0,0.73,0.7841,0.9659
27831,2021-08-15,2262,Thunder Bay District Health Unit,0.0033,175.0,1.17,0.9104,0.9523
27832,2021-08-15,2261,Sudbury and District Health Unit,0.0076,396.0,1.99,0.7005,0.9715
27833,2021-08-15,4913,Southwestern Public Health,0.0144,267.0,1.26,0.8559,0.9725
27834,2021-08-15,2260,Simcoe Muskoka District Health Unit,0.0147,854.0,1.42,0.8902,0.9655
27835,2021-08-15,2257,Renfrew County and District Health Unit,0.0015,97.0,0.9,0.6993,0.973
27836,2021-08-15,2256,Porcupine Health Unit,0.0031,139.0,1.66,0.7425,0.8816
27837,2021-08-15,2255,Peterborough County-City Health Unit,0.0058,172.0,1.16,0.9151,0.9652
27838,2021-08-15,2253,Peel Regional Health Unit,0.0275,2014.0,1.25,0.8309,0.9091
27839,2021-08-15,35,Ontario,0.0222,19918.0,1.34,0.8334,0.9273
27840,2021-08-15,2249,Northwestern Health Unit,0.0,197.0,2.25,0.7362,0.895
27841,2021-08-15,2247,North Bay Parry Sound District Health Unit,0.0058,148.0,1.14,0.9031,0.9616
27842,2021-08-15,2246,Niagara Regional Area Health Unit,0.0276,445.0,0.94,0.8067,0.9113
27843,2021-08-15,2244,Middlesex-London Health Unit,0.0191,763.0,1.5,0.872,0.9472
27844,2021-08-15,2243,"Leeds, Grenville and Lanark District Health Unit",0.0106,162.0,0.94,0.889,0.9789
27845,2021-08-15,2242,Lambton Health Unit,0.0109,144.0,1.1,0.785,0.9714
27846,2021-08-15,2241,"Kingston, Frontenac and Lennox and Addington Health Unit",0.0036,278.0,1.31,0.9462,0.9837
27847,2021-08-15,5183,Huron Perth Health Unit,0.0102,168.0,1.2,0.4979,0.9563
27848,2021-08-15,2238,Hastings and Prince Edward Counties Health Unit,0.0124,300.0,1.78,0.9488,0.9848
27849,2021-08-15,2236,Halton Regional Health Unit,0.0203,892.0,1.44,0.8119,0.8986
27850,2021-08-15,2235,"Haliburton, Kawartha, Pine Ridge District Health Unit",0.0107,200.0,1.06,0.8146,0.9574
27851,2021-08-15,2234,Haldimand-Norfolk Health Unit,0.0211,95.0,0.83,0.8127,0.9659
27852,2021-08-15,2233,Grey Bruce Health Unit,0.0142,212.0,1.25,0.5957,0.9429
27853,2021-08-15,2258,Eastern Ontario Health Unit,0.0082,243.0,1.17,0.8942,0.9761
27854,2021-08-15,2230,Durham Regional Health Unit,0.0223,827.0,1.16,0.8387,0.9297
27855,2021-08-15,2226,District of Algoma Health Unit,0.0058,99.0,0.87,0.7931,0.9253
27856,2021-08-15,3895,City of Toronto Health Unit,0.0222,4469.0,1.43,0.8603,0.9171
27857,2021-08-15,2251,City of Ottawa Health Unit,0.0093,1215.0,1.15,0.8668,0.9209
27858,2021-08-15,2237,City of Hamilton Health Unit,0.0516,809.0,1.37,0.8769,0.9449
27859,2021-08-15,2240,Chatham-Kent Health Unit,0.0174,148.0,1.39,0.8245,0.9821
27860,2021-08-15,2227,Brant County Health Unit,0.0355,214.0,1.38,0.874,0.9541
27861,2021-08-14,2270,York Regional Health Unit,0.0276,1724.0,1.41,0.7657,0.8849
27862,2021-08-14,2268,Windsor-Essex County Health Unit,0.0635,569.0,1.34,0.721,0.9046
27863,2021-08-14,2266,Wellington-Dufferin-Guelph Health Unit,0.0148,434.0,1.39,0.8198,0.9381
27864,2021-08-14,2265,Waterloo Health Unit,0.0235,778.0,1.33,0.8307,0.9227
27865,2021-08-14,2263,Timiskaming Health Unit,0.0,24.0,0.74,0.7849,0.9477
27866,2021-08-14,2262,Thunder Bay District Health Unit,0.0024,175.0,1.17,0.8937,0.9396
27867,2021-08-14,2261,Sudbury and District Health Unit,0.0058,416.0,2.09,0.6724,0.9693
27868,2021-08-14,4913,Southwestern Public Health,0.0152,263.0,1.25,0.8575,0.9758
27869,2021-08-14,2260,Simcoe Muskoka District Health Unit,0.0148,860.0,1.43,0.8791,0.9638
27870,2021-08-14,2257,Renfrew County and District Health Unit,0.0015,98.0,0.9,0.709,0.976
27871,2021-08-14,2256,Porcupine Health Unit,0.0041,140.0,1.68,0.7307,0.8764
27872,2021-08-14,2255,Peterborough County-City Health Unit,0.0057,174.0,1.18,0.9006,0.9617
27873,2021-08-14,2253,Peel Regional Health Unit,0.0258,2028.0,1.26,0.8212,0.9042
27874,2021-08-14,35,Ontario,0.0215,19982.0,1.35,0.8257,0.9233
27875,2021-08-14,2249,Northwestern Health Unit,0.0007,197.0,2.25,0.7058,0.864
27876,2021-08-14,2247,North Bay Parry Sound District Health Unit,0.0057,149.0,1.15,0.9028,0.957
27877,2021-08-14,2246,Niagara Regional Area Health Unit,0.0235,444.0,0.94,0.8108,0.9129
27878,2021-08-14,2244,Middlesex-London Health Unit,0.0172,763.0,1.5,0.8727,0.9496
27879,2021-08-14,2243,"Leeds, Grenville and Lanark District Health Unit",0.0115,162.0,0.93,0.8773,0.9737
27880,2021-08-14,2242,Lambton Health Unit,0.0109,144.0,1.1,0.779,0.9607
27881,2021-08-14,2241,"Kingston, Frontenac and Lennox and Addington Health Unit",0.0036,280.0,1.31,0.9431,0.9812
27882,2021-08-14,5183,Huron Perth Health Unit,0.0086,166.0,1.19,0.4849,0.9535
27883,2021-08-14,2238,Hastings and Prince Edward Counties Health Unit,0.0115,298.0,1.77,0.9436,0.9817
27884,2021-08-14,2236,Halton Regional Health Unit,0.0204,902.0,1.46,0.8171,0.8994
27885,2021-08-14,2235,"Haliburton, Kawartha, Pine Ridge District Health Unit",0.0106,201.0,1.07,0.8138,0.9585
27886,2021-08-14,2234,Haldimand-Norfolk Health Unit,0.0186,92.0,0.81,0.8224,0.9678
27887,2021-08-14,2233,Grey Bruce Health Unit,0.0152,226.0,1.33,0.5904,0.9478
27888,2021-08-14,2258,Eastern Ontario Health Unit,0.0103,250.0,1.2,0.8852,0.974
27889,2021-08-14,2230,Durham Regional Health Unit,0.0213,839.0,1.18,0.8326,0.9267
27890,2021-08-14,2226,District of Algoma Health Unit,0.0029,97.0,0.85,0.7673,0.9087
27891,2021-08-14,3895,City of Toronto Health Unit,0.0215,4448.0,1.43,0.8508,0.9129
27892,2021-08-14,2251,City of Ottawa Health Unit,0.0088,1222.0,1.16,0.8574,0.9147
27893,2021-08-14,2237,City of Hamilton Health Unit,0.052,802.0,1.35,0.8947,0.9493
27894,2021-08-14,2240,Chatham-Kent Health Unit,0.0166,147.0,1.38,0.8108,0.9847
27895,2021-08-14,2227,Brant County Health Unit,0.0347,214.0,1.38,0.8786,0.9598
27896,2021-08-13,2270,York Regional Health Unit,0.0258,1727.0,1.41,0.7623,0.8778
27897,2021-08-13,2268,Windsor-Essex County Health Unit,0.0593,554.0,1.3,0.7083,0.8987
27898,2021-08-13,2266,Wellington-Dufferin-Guelph Health Unit,0.014,438.0,1.4,0.8143,0.94
27899,2021-08-13,2265,Waterloo Health Unit,0.027,779.0,1.33,0.8196,0.9212
27900,2021-08-13,2263,Timiskaming Health Unit,0.0,25.0,0.78,0.7416,0.9494
27901,2021-08-13,2262,Thunder Bay District Health Unit,0.0025,175.0,1.17,0.8888,0.9359
27902,2021-08-13,2261,Sudbury and District Health Unit,0.0061,423.0,2.12,0.6915,0.9693
27903,2021-08-13,4913,Southwestern Public Health,0.0134,266.0,1.26,0.8639,0.9748
27904,2021-08-13,2260,Simcoe Muskoka District Health Unit,0.0139,865.0,1.44,0.8731,0.9611
27905,2021-08-13,2257,Renfrew County and District Health Unit,0.0014,101.0,0.93,0.7103,0.9738
27906,2021-08-13,2256,Porcupine Health Unit,0.004,143.0,1.72,0.6894,0.832
27907,2021-08-13,2255,Peterborough County-City Health Unit,0.005,172.0,1.16,0.8787,0.955
27908,2021-08-13,2253,Peel Regional Health Unit,0.0249,2036.0,1.27,0.8088,0.8986
27909,2021-08-13,35,Ontario,0.0207,20069.0,1.35,0.8195,0.9193
27910,2021-08-13,2249,Northwestern Health Unit,0.0014,198.0,2.25,0.6992,0.8602
27911,2021-08-13,2247,North Bay Parry Sound District Health Unit,0.0067,150.0,1.15,0.8928,0.9546
27912,2021-08-13,2246,Niagara Regional Area Health Unit,0.0213,450.0,0.95,0.807,0.9116
27913,2021-08-13,2244,Middlesex-London Health Unit,0.0176,764.0,1.5,0.8658,0.9453
27914,2021-08-13,2243,"Leeds, Grenville and Lanark District Health Unit",0.0114,162.0,0.94,0.8732,0.971
27915,2021-08-13,2242,Lambton Health Unit,0.0109,145.0,1.1,0.7737,0.9522
27916,2021-08-13,2241,"Kingston, Frontenac and Lennox and Addington Health Unit",0.005,284.0,1.33,0.9466,0.9804
27917,2021-08-13,5183,Huron Perth Health Unit,0.0078,164.0,1.17,0.4818,0.9521
27918,2021-08-13,2238,Hastings and Prince Edward Counties Health Unit,0.0124,289.0,1.71,0.9512,0.9812
27919,2021-08-13,2236,Halton Regional Health Unit,0.0208,914.0,1.48,0.8072,0.8918
27920,2021-08-13,2235,"Haliburton, Kawartha, Pine Ridge District Health Unit",0.0098,204.0,1.08,0.8154,0.9559
27921,2021-08-13,2234,Haldimand-Norfolk Health Unit,0.0168,94.0,0.82,0.8315,0.9663
27922,2021-08-13,2233,Grey Bruce Health Unit,0.0172,224.0,1.32,0.5716,0.9474
27923,2021-08-13,2258,Eastern Ontario Health Unit,0.0097,251.0,1.2,0.8984,0.9722
27924,2021-08-13,2230,Durham Regional Health Unit,0.0213,840.0,1.18,0.8357,0.9264
27925,2021-08-13,2226,District of Algoma Health Unit,0.0031,92.0,0.81,0.7681,0.9055
27926,2021-08-13,3895,City of Toronto Health Unit,0.0207,4494.0,1.44,0.8397,0.9083
27927,2021-08-13,2251,City of Ottawa Health Unit,0.0076,1237.0,1.17,0.8636,0.9149
27928,2021-08-13,2237,City of Hamilton Health Unit,0.0499,804.0,1.36,0.888,0.9453
27929,2021-08-13,2240,Chatham-Kent Health Unit,0.0132,140.0,1.32,0.8151,0.9811
27930,2021-08-13,2227,Brant County Health Unit,0.0303,208.0,1.34,0.8769,0.9552
27931,2021-08-12,2237,City of Hamilton Health Unit,0.0493,788.0,1.33,0.8739,0.9324
27932,2021-08-12,2240,Chatham-Kent Health Unit,0.0093,138.0,1.3,0.8141,0.9709
27933,2021-08-12,2227,Brant County Health Unit,0.0257,200.0,1.29,0.8676,0.9449
27934,2021-08-12,2270,York Regional Health Unit,0.0249,1745.0,1.42,0.7641,0.8682
27935,2021-08-12,2268,Windsor-Essex County Health Unit,0.0565,546.0,1.29,0.7071,0.8905
27936,2021-08-12,2266,Wellington-Dufferin-Guelph Health Unit,0.012,440.0,1.41,0.7974,0.9364
27937,2021-08-12,2265,Waterloo Health Unit,0.0248,766.0,1.31,0.8213,0.9234
27938,2021-08-12,2263,Timiskaming Health Unit,0.0,23.0,0.72,0.6961,0.9282
27939,2021-08-12,2262,Thunder Bay District Health Unit,0.0016,174.0,1.16,0.8773,0.927
27940,2021-08-12,2261,Sudbury and District Health Unit,0.007,429.0,2.15,0.7184,0.9658
27941,2021-08-12,4913,Southwestern Public Health,0.0143,269.0,1.27,0.8589,0.9718
27942,2021-08-12,2260,Simcoe Muskoka District Health Unit,0.014,866.0,1.45,0.8634,0.9573
27943,2021-08-12,2257,Renfrew County and District Health Unit,0.0,99.0,0.91,0.7029,0.9706
27944,2021-08-12,2256,Porcupine Health Unit,0.0052,137.0,1.64,0.6883,0.8204
27945,2021-08-12,2255,Peterborough County-City Health Unit,0.0057,174.0,1.18,0.8624,0.9475
27946,2021-08-12,2253,Peel Regional Health Unit,0.0248,2014.0,1.25,0.7977,0.8942
27947,2021-08-12,35,Ontario,0.0198,19974.0,1.35,0.808,0.9115
27948,2021-08-12,2249,Northwestern Health Unit,0.0015,194.0,2.21,0.685,0.8659
27949,2021-08-12,2247,North Bay Parry Sound District Health Unit,0.0079,145.0,1.12,0.872,0.9341
27950,2021-08-12,2246,Niagara Regional Area Health Unit,0.0149,440.0,0.93,0.7918,0.9024
27951,2021-08-12,2244,Middlesex-London Health Unit,0.0163,744.0,1.47,0.8521,0.9394
27952,2021-08-12,2243,"Leeds, Grenville and Lanark District Health Unit",0.0078,164.0,0.95,0.8671,0.9734
27953,2021-08-12,2242,Lambton Health Unit,0.0068,148.0,1.13,0.7646,0.9468
27954,2021-08-12,2241,"Kingston, Frontenac and Lennox and Addington Health Unit",0.0066,280.0,1.32,0.9424,0.9818
27955,2021-08-12,5183,Huron Perth Health Unit,0.0085,169.0,1.21,0.5104,0.9482
27956,2021-08-12,2238,Hastings and Prince Edward Counties Health Unit,0.0097,280.0,1.66,0.9467,0.9819
27957,2021-08-12,2236,Halton Regional Health Unit,0.0186,907.0,1.46,0.792,0.8797
27958,2021-08-12,2235,"Haliburton, Kawartha, Pine Ridge District Health Unit",0.0085,203.0,1.07,0.7767,0.9565
27959,2021-08-12,2234,Haldimand-Norfolk Health Unit,0.0188,91.0,0.8,0.7854,0.9577
27960,2021-08-12,2233,Grey Bruce Health Unit,0.0234,238.0,1.4,0.5655,0.9455
27961,2021-08-12,2258,Eastern Ontario Health Unit,0.0112,243.0,1.16,0.8895,0.9713
27962,2021-08-12,2230,Durham Regional Health Unit,0.0209,839.0,1.18,0.828,0.9139
27963,2021-08-12,2226,District of Algoma Health Unit,0.003,95.0,0.83,0.7235,0.902
27964,2021-08-12,3895,City of Toronto Health Unit,0.0199,4476.0,1.43,0.8136,0.8932
27965,2021-08-12,2251,City of Ottawa Health Unit,0.007,1241.0,1.18,0.8535,0.9178
27966,2021-08-11,2270,York Regional Health Unit,0.0242,1751.0,1.43,0.7584,0.8578
27967,2021-08-11,2268,Windsor-Essex County Health Unit,0.0509,534.0,1.26,0.7112,0.8672
27968,2021-08-11,2266,Wellington-Dufferin-Guelph Health Unit,0.0121,436.0,1.4,0.7834,0.9337
27969,2021-08-11,2265,Waterloo Health Unit,0.023,783.0,1.34,0.8194,0.9212
27970,2021-08-11,2263,Timiskaming Health Unit,0.0,25.0,0.77,0.6648,0.933
27971,2021-08-11,2262,Thunder Bay District Health Unit,0.0024,176.0,1.18,0.9102,0.9498
27972,2021-08-11,2261,Sudbury and District Health Unit,0.0074,424.0,2.13,0.7482,0.9595
27973,2021-08-11,4913,Southwestern Public Health,0.0126,272.0,1.28,0.8375,0.9595
27974,2021-08-11,2260,Simcoe Muskoka District Health Unit,0.0135,839.0,1.4,0.8584,0.9484
27975,2021-08-11,2257,Renfrew County and District Health Unit,0.0014,99.0,0.91,0.6938,0.9661
27976,2021-08-11,2256,Porcupine Health Unit,0.0061,141.0,1.69,0.7407,0.8674
27977,2021-08-11,2255,Peterborough County-City Health Unit,0.0041,174.0,1.17,0.8434,0.9437
27978,2021-08-11,2253,Peel Regional Health Unit,0.0225,2009.0,1.25,0.7983,0.8848
27979,2021-08-11,35,Ontario,0.0183,19919.0,1.34,0.8042,0.9038
27980,2021-08-11,2249,Northwestern Health Unit,0.0016,181.0,2.06,0.6797,0.8768
27981,2021-08-11,2247,North Bay Parry Sound District Health Unit,0.0057,151.0,1.16,0.8515,0.9309
27982,2021-08-11,2246,Niagara Regional Area Health Unit,0.0123,430.0,0.91,0.7823,0.8768
27983,2021-08-11,2244,Middlesex-London Health Unit,0.0146,732.0,1.44,0.8508,0.9382
27984,2021-08-11,2243,"Leeds, Grenville and Lanark District Health Unit",0.0069,165.0,0.95,0.8776,0.9783
27985,2021-08-11,2242,Lambton Health Unit,0.0043,134.0,1.02,0.78,0.952
27986,2021-08-11,2241,"Kingston, Frontenac and Lennox and Addington Health Unit",0.006,284.0,1.34,0.939,0.9801
27987,2021-08-11,5183,Huron Perth Health Unit,0.0074,174.0,1.24,0.4896,0.9382
27988,2021-08-11,2238,Hastings and Prince Edward Counties Health Unit,0.0086,283.0,1.68,0.9451,0.9785
27989,2021-08-11,2236,Halton Regional Health Unit,0.0175,905.0,1.46,0.8007,0.874
27990,2021-08-11,2235,"Haliburton, Kawartha, Pine Ridge District Health Unit",0.007,205.0,1.08,0.7411,0.9552
27991,2021-08-11,2234,Haldimand-Norfolk Health Unit,0.0169,84.0,0.74,0.781,0.9474
27992,2021-08-11,2233,Grey Bruce Health Unit,0.0248,242.0,1.43,0.5788,0.9452
27993,2021-08-11,2258,Eastern Ontario Health Unit,0.0118,241.0,1.16,0.8897,0.9723
27994,2021-08-11,2230,Durham Regional Health Unit,0.0198,846.0,1.19,0.8197,0.9037
27995,2021-08-11,2226,District of Algoma Health Unit,0.0028,101.0,0.89,0.7092,0.8954
27996,2021-08-11,3895,City of Toronto Health Unit,0.0185,4482.0,1.44,0.8108,0.8861
27997,2021-08-11,2251,City of Ottawa Health Unit,0.006,1244.0,1.18,0.8355,0.9
27998,2021-08-11,2237,City of Hamilton Health Unit,0.0441,784.0,1.32,0.8609,0.9173
27999,2021-08-11,2240,Chatham-Kent Health Unit,0.0052,137.0,1.29,0.8012,0.9567
28000,2021-08-11,2227,Brant County Health Unit,0.0236,188.0,1.21,0.838,0.9259
28001,2021-08-10,2270,York Regional Health Unit,0.0226,1783.0,1.45,0.7839,0.8665
28002,2021-08-10,2268,Windsor-Essex County Health Unit,0.0439,521.0,1.23,0.7066,0.8755
28003,2021-08-10,2266,Wellington-Dufferin-Guelph Health Unit,0.0128,446.0,1.43,0.8131,0.9471
28004,2021-08-10,2265,Waterloo Health Unit,0.0248,801.0,1.37,0.8492,0.9439
28005,2021-08-10,2263,Timiskaming Health Unit,0.0,24.0,0.74,0.6704,0.9274
28006,2021-08-10,2262,Thunder Bay District Health Unit,0.0016,176.0,1.18,0.8825,0.9254
28007,2021-08-10,2261,Sudbury and District Health Unit,0.0085,403.0,2.02,0.7591,0.9588
28008,2021-08-10,4913,Southwestern Public Health,0.0122,281.0,1.33,0.8498,0.9641
28009,2021-08-10,2260,Simcoe Muskoka District Health Unit,0.012,830.0,1.38,0.871,0.9513
28010,2021-08-10,2257,Renfrew County and District Health Unit,0.0014,101.0,0.93,0.7214,0.9628
28011,2021-08-10,2256,Porcupine Health Unit,0.0071,142.0,1.7,0.7378,0.8385
28012,2021-08-10,2255,Peterborough County-City Health Unit,0.005,171.0,1.16,0.851,0.9497
28013,2021-08-10,2253,Peel Regional Health Unit,0.0208,2014.0,1.25,0.8157,0.8958
28014,2021-08-10,35,Ontario,0.0171,20018.0,1.35,0.822,0.9149
28015,2021-08-10,2249,Northwestern Health Unit,0.0026,165.0,1.88,0.6539,0.8235
28016,2021-08-10,2247,North Bay Parry Sound District Health Unit,0.0058,148.0,1.14,0.8564,0.9377
28017,2021-08-10,2246,Niagara Regional Area Health Unit,0.0104,428.0,0.91,0.7928,0.885
28018,2021-08-10,2244,Middlesex-London Health Unit,0.0143,739.0,1.46,0.8725,0.9571
28019,2021-08-10,2243,"Leeds, Grenville and Lanark District Health Unit",0.006,166.0,0.96,0.8798,0.9775
28020,2021-08-10,2242,Lambton Health Unit,0.0021,138.0,1.05,0.7776,0.9539
28021,2021-08-10,2241,"Kingston, Frontenac and Lennox and Addington Health Unit",0.006,287.0,1.35,0.9432,0.9812
28022,2021-08-10,5183,Huron Perth Health Unit,0.0092,171.0,1.22,0.5482,0.9349
28023,2021-08-10,2238,Hastings and Prince Edward Counties Health Unit,0.0103,290.0,1.72,0.9565,0.9828
28024,2021-08-10,2236,Halton Regional Health Unit,0.0161,898.0,1.45,0.8144,0.8887
28025,2021-08-10,2235,"Haliburton, Kawartha, Pine Ridge District Health Unit",0.0055,208.0,1.1,0.7622,0.9637
28026,2021-08-10,2234,Haldimand-Norfolk Health Unit,0.0167,86.0,0.75,0.826,0.9496
28027,2021-08-10,2233,Grey Bruce Health Unit,0.0281,249.0,1.47,0.6279,0.9543
28028,2021-08-10,2258,Eastern Ontario Health Unit,0.0124,241.0,1.16,0.8997,0.9744
28029,2021-08-10,2230,Durham Regional Health Unit,0.019,835.0,1.17,0.8335,0.9237
28030,2021-08-10,2226,District of Algoma Health Unit,0.0026,110.0,0.96,0.7436,0.9104
28031,2021-08-10,3895,City of Toronto Health Unit,0.0174,4540.0,1.45,0.8253,0.8985
28032,2021-08-10,2251,City of Ottawa Health Unit,0.0048,1267.0,1.2,0.8714,0.9299
28033,2021-08-10,2237,City of Hamilton Health Unit,0.0378,783.0,1.32,0.8681,0.9277
28034,2021-08-10,2240,Chatham-Kent Health Unit,0.0032,135.0,1.27,0.8195,0.9632
28035,2021-08-10,2227,Brant County Health Unit,0.0245,181.0,1.17,0.8309,0.9204
28036,2021-08-09,2270,York Regional Health Unit,0.0216,1809.0,1.48,0.7769,0.8632
28037,2021-08-09,2268,Windsor-Essex County Health Unit,0.0413,505.0,1.19,0.6862,0.8652
28038,2021-08-09,2266,Wellington-Dufferin-Guelph Health Unit,0.0116,455.0,1.46,0.8005,0.946
28039,2021-08-09,2265,Waterloo Health Unit,0.0233,815.0,1.39,0.8409,0.9395
28040,2021-08-09,2263,Timiskaming Health Unit,0.0,25.0,0.77,0.6438,0.9063
28041,2021-08-09,2262,Thunder Bay District Health Unit,0.0016,183.0,1.22,0.8765,0.9206
28042,2021-08-09,2261,Sudbury and District Health Unit,0.0064,381.0,1.92,0.7863,0.9513
28043,2021-08-09,4913,Southwestern Public Health,0.0107,293.0,1.38,0.8244,0.9635
28044,2021-08-09,2260,Simcoe Muskoka District Health Unit,0.0097,857.0,1.43,0.8546,0.9428
28045,2021-08-09,2257,Renfrew County and District Health Unit,0.0015,98.0,0.9,0.7351,0.9685
28046,2021-08-09,2256,Porcupine Health Unit,0.0057,149.0,1.79,0.7299,0.8373
28047,2021-08-09,2255,Peterborough County-City Health Unit,0.006,168.0,1.13,0.8369,0.9475
28048,2021-08-09,2253,Peel Regional Health Unit,0.0196,1988.0,1.24,0.8015,0.8877
28049,2021-08-09,35,Ontario,0.0156,20189.0,1.36,0.8132,0.9105
28050,2021-08-09,2249,Northwestern Health Unit,0.0029,150.0,1.71,0.6227,0.8205
28051,2021-08-09,2247,North Bay Parry Sound District Health Unit,0.0037,156.0,1.21,0.8438,0.9335
28052,2021-08-09,2246,Niagara Regional Area Health Unit,0.0092,406.0,0.86,0.7892,0.8787
28053,2021-08-09,2244,Middlesex-London Health Unit,0.0132,749.0,1.48,0.8676,0.9552
28054,2021-08-09,2243,"Leeds, Grenville and Lanark District Health Unit",0.0042,171.0,0.99,0.8793,0.9738
28055,2021-08-09,2242,Lambton Health Unit,0.002,141.0,1.08,0.7643,0.9548
28056,2021-08-09,2241,"Kingston, Frontenac and Lennox and Addington Health Unit",0.0064,289.0,1.36,0.934,0.9773
28057,2021-08-09,5183,Huron Perth Health Unit,0.0092,187.0,1.33,0.5314,0.9311
28058,2021-08-09,2238,Hastings and Prince Edward Counties Health Unit,0.0104,302.0,1.79,0.9562,0.9817
28059,2021-08-09,2236,Halton Regional Health Unit,0.0142,883.0,1.43,0.8044,0.8846
28060,2021-08-09,2235,"Haliburton, Kawartha, Pine Ridge District Health Unit",0.0078,218.0,1.16,0.7262,0.9573
28061,2021-08-09,2234,Haldimand-Norfolk Health Unit,0.0161,89.0,0.78,0.8133,0.9515
28062,2021-08-09,2233,Grey Bruce Health Unit,0.0283,253.0,1.49,0.6454,0.9581
28063,2021-08-09,2258,Eastern Ontario Health Unit,0.0116,259.0,1.24,0.8975,0.9754
28064,2021-08-09,2230,Durham Regional Health Unit,0.0154,826.0,1.16,0.8235,0.9174
28065,2021-08-09,2226,District of Algoma Health Unit,0.0026,110.0,0.96,0.7378,0.9107
28066,2021-08-09,3895,City of Toronto Health Unit,0.0155,4621.0,1.48,0.817,0.8956
28067,2021-08-09,2251,City of Ottawa Health Unit,0.0039,1293.0,1.23,0.8635,0.9258
28068,2021-08-09,2237,City of Hamilton Health Unit,0.0358,786.0,1.33,0.8693,0.9271
28069,2021-08-09,2240,Chatham-Kent Health Unit,0.0043,133.0,1.26,0.8014,0.9591
28070,2021-08-09,2227,Brant County Health Unit,0.0173,182.0,1.17,0.8296,0.9196
28071,2021-08-08,2270,York Regional Health Unit,0.0201,1676.0,1.37,0.7835,0.8716
28072,2021-08-08,2268,Windsor-Essex County Health Unit,0.0409,479.0,1.13,0.7083,0.8969
28073,2021-08-08,2266,Wellington-Dufferin-Guelph Health Unit,0.0124,405.0,1.3,0.8077,0.9467
28074,2021-08-08,2265,Waterloo Health Unit,0.0256,765.0,1.31,0.8381,0.9384
28075,2021-08-08,2263,Timiskaming Health Unit,0.0,22.0,0.67,0.6597,0.9236
28076,2021-08-08,2262,Thunder Bay District Health Unit,0.0027,162.0,1.08,0.8538,0.9147
28077,2021-08-08,2261,Sudbury and District Health Unit,0.0053,349.0,1.75,0.8363,0.9642
28078,2021-08-08,4913,Southwestern Public Health,0.0104,274.0,1.3,0.8342,0.964
28079,2021-08-08,2260,Simcoe Muskoka District Health Unit,0.0089,767.0,1.28,0.8536,0.9454
28080,2021-08-08,2257,Renfrew County and District Health Unit,0.0016,89.0,0.82,0.7426,0.9721
28081,2021-08-08,2256,Porcupine Health Unit,0.008,125.0,1.5,0.7378,0.8516
28082,2021-08-08,2255,Peterborough County-City Health Unit,0.0047,151.0,1.02,0.8365,0.9503
28083,2021-08-08,2253,Peel Regional Health Unit,0.0191,1798.0,1.12,0.8068,0.8924
28084,2021-08-08,35,Ontario,0.0153,18606.0,1.25,0.8189,0.9149
28085,2021-08-08,2249,Northwestern Health Unit,0.0036,118.0,1.35,0.5963,0.8085
28086,2021-08-08,2247,North Bay Parry Sound District Health Unit,0.0031,136.0,1.05,0.8358,0.9307
28087,2021-08-08,2246,Niagara Regional Area Health Unit,0.0091,391.0,0.83,0.7999,0.8838
28088,2021-08-08,2244,Middlesex-London Health Unit,0.0127,711.0,1.4,0.8814,0.9561
28089,2021-08-08,2243,"Leeds, Grenville and Lanark District Health Unit",0.0046,154.0,0.89,0.8704,0.9746
28090,2021-08-08,2242,Lambton Health Unit,0.0022,131.0,1.0,0.7662,0.9572
28091,2021-08-08,2241,"Kingston, Frontenac and Lennox and Addington Health Unit",0.0065,263.0,1.24,0.9364,0.9779
28092,2021-08-08,5183,Huron Perth Health Unit,0.008,161.0,1.15,0.5466,0.9457
28093,2021-08-08,2238,Hastings and Prince Edward Counties Health Unit,0.0103,277.0,1.64,0.9559,0.9821
28094,2021-08-08,2236,Halton Regional Health Unit,0.0124,819.0,1.32,0.814,0.8872
28095,2021-08-08,2235,"Haliburton, Kawartha, Pine Ridge District Health Unit",0.0068,188.0,0.99,0.7286,0.9599
28096,2021-08-08,2234,Haldimand-Norfolk Health Unit,0.0166,77.0,0.68,0.8145,0.9527
28097,2021-08-08,2233,Grey Bruce Health Unit,0.0308,222.0,1.31,0.6432,0.9571
28098,2021-08-08,2258,Eastern Ontario Health Unit,0.0084,221.0,1.06,0.91,0.9832
28099,2021-08-08,2230,Durham Regional Health Unit,0.0153,748.0,1.05,0.8258,0.9213
28100,2021-08-08,2226,District of Algoma Health Unit,0.0028,102.0,0.9,0.7415,0.9176
28101,2021-08-08,3895,City of Toronto Health Unit,0.015,4351.0,1.39,0.8217,0.9003
28102,2021-08-08,2251,City of Ottawa Health Unit,0.0042,1192.0,1.13,0.8645,0.9283
28103,2021-08-08,2237,City of Hamilton Health Unit,0.0346,755.0,1.28,0.8726,0.9249
28104,2021-08-08,2240,Chatham-Kent Health Unit,0.0034,124.0,1.17,0.8412,0.9588
28105,2021-08-08,2227,Brant County Health Unit,0.0151,171.0,1.1,0.8253,0.916
28106,2021-08-07,2270,York Regional Health Unit,0.0197,1648.0,1.34,0.7976,0.8783
28107,2021-08-07,2268,Windsor-Essex County Health Unit,0.0369,473.0,1.11,0.7295,0.9002
28108,2021-08-07,2266,Wellington-Dufferin-Guelph Health Unit,0.0104,398.0,1.28,0.8023,0.9479
28109,2021-08-07,2265,Waterloo Health Unit,0.0259,762.0,1.3,0.847,0.939
28110,2021-08-07,2263,Timiskaming Health Unit,0.0,21.0,0.64,0.6667,0.942
28111,2021-08-07,2262,Thunder Bay District Health Unit,0.0027,161.0,1.07,0.8651,0.9237
28112,2021-08-07,2261,Sudbury and District Health Unit,0.0058,320.0,1.61,0.8803,0.9654
28113,2021-08-07,4913,Southwestern Public Health,0.0086,281.0,1.33,0.8258,0.9612
28114,2021-08-07,2260,Simcoe Muskoka District Health Unit,0.0077,756.0,1.26,0.8603,0.9459
28115,2021-08-07,2257,Renfrew County and District Health Unit,0.0016,88.0,0.81,0.7856,0.9631
28116,2021-08-07,2256,Porcupine Health Unit,0.0069,125.0,1.49,0.7425,0.8499
28117,2021-08-07,2255,Peterborough County-City Health Unit,0.0047,151.0,1.02,0.8511,0.9539
28118,2021-08-07,2253,Peel Regional Health Unit,0.0189,1772.0,1.1,0.8088,0.8946
28119,2021-08-07,35,Ontario,0.0143,18381.0,1.24,0.8241,0.9167
28120,2021-08-07,2249,Northwestern Health Unit,0.0024,121.0,1.38,0.6422,0.8571
28121,2021-08-07,2247,North Bay Parry Sound District Health Unit,0.0032,134.0,1.03,0.8278,0.9238
28122,2021-08-07,2246,Niagara Regional Area Health Unit,0.0076,394.0,0.83,0.788,0.8768
28123,2021-08-07,2244,Middlesex-London Health Unit,0.0124,692.0,1.36,0.8727,0.9504
28124,2021-08-07,2243,"Leeds, Grenville and Lanark District Health Unit",0.0038,150.0,0.87,0.8615,0.9799
28125,2021-08-07,2242,Lambton Health Unit,0.0022,131.0,1.0,0.7726,0.9657
28126,2021-08-07,2241,"Kingston, Frontenac and Lennox and Addington Health Unit",0.0067,256.0,1.21,0.9312,0.9784
28127,2021-08-07,5183,Huron Perth Health Unit,0.0079,162.0,1.16,0.5505,0.9354
28128,2021-08-07,2238,Hastings and Prince Edward Counties Health Unit,0.0112,269.0,1.59,0.9597,0.985
28129,2021-08-07,2236,Halton Regional Health Unit,0.0111,812.0,1.31,0.8047,0.8815
28130,2021-08-07,2235,"Haliburton, Kawartha, Pine Ridge District Health Unit",0.0069,188.0,0.99,0.7254,0.9603
28131,2021-08-07,2234,Haldimand-Norfolk Health Unit,0.0199,79.0,0.69,0.8116,0.9475
28132,2021-08-07,2233,Grey Bruce Health Unit,0.0304,211.0,1.24,0.6654,0.9595
28133,2021-08-07,2258,Eastern Ontario Health Unit,0.0059,219.0,1.05,0.9148,0.9866
28134,2021-08-07,2230,Durham Regional Health Unit,0.0144,736.0,1.03,0.8271,0.9217
28135,2021-08-07,2226,District of Algoma Health Unit,0.0028,100.0,0.88,0.7485,0.9172
28136,2021-08-07,3895,City of Toronto Health Unit,0.0139,4319.0,1.38,0.8267,0.9023
28137,2021-08-07,2251,City of Ottawa Health Unit,0.004,1176.0,1.12,0.8737,0.9354
28138,2021-08-07,2237,City of Hamilton Health Unit,0.0292,749.0,1.26,0.8669,0.9222
28139,2021-08-07,2240,Chatham-Kent Health Unit,0.0056,126.0,1.19,0.8463,0.9605
28140,2021-08-07,2227,Brant County Health Unit,0.0152,170.0,1.09,0.8258,0.9133
28141,2021-08-06,2270,York Regional Health Unit,0.0191,1616.0,1.32,0.7985,0.8784
28142,2021-08-06,2268,Windsor-Essex County Health Unit,0.0322,471.0,1.11,0.7384,0.9089
28143,2021-08-06,2266,Wellington-Dufferin-Guelph Health Unit,0.0108,383.0,1.23,0.8023,0.9426
28144,2021-08-06,2265,Waterloo Health Unit,0.0232,762.0,1.3,0.856,0.9413
28145,2021-08-06,2263,Timiskaming Health Unit,0.0,19.0,0.59,0.6881,0.9266
28146,2021-08-06,2262,Thunder Bay District Health Unit,0.0036,160.0,1.07,0.8646,0.9268
28147,2021-08-06,2261,Sudbury and District Health Unit,0.0048,298.0,1.5,0.8777,0.9632
28148,2021-08-06,4913,Southwestern Public Health,0.0085,268.0,1.27,0.8206,0.9636
28149,2021-08-06,2260,Simcoe Muskoka District Health Unit,0.0065,751.0,1.25,0.8722,0.949
28150,2021-08-06,2257,Renfrew County and District Health Unit,0.0017,87.0,0.8,0.7856,0.9689
28151,2021-08-06,2256,Porcupine Health Unit,0.007,123.0,1.47,0.7856,0.8826
28152,2021-08-06,2255,Peterborough County-City Health Unit,0.0046,154.0,1.04,0.8866,0.9645
28153,2021-08-06,2253,Peel Regional Health Unit,0.0179,1743.0,1.09,0.816,0.8991
28154,2021-08-06,35,Ontario,0.0132,18041.0,1.22,0.8285,0.9193
28155,2021-08-06,2249,Northwestern Health Unit,0.0023,122.0,1.39,0.6399,0.8595
28156,2021-08-06,2247,North Bay Parry Sound District Health Unit,0.0022,131.0,1.01,0.8337,0.9238
28157,2021-08-06,2246,Niagara Regional Area Health Unit,0.0086,384.0,0.81,0.7913,0.8792
28158,2021-08-06,2244,Middlesex-London Health Unit,0.0106,673.0,1.33,0.8736,0.9515
28159,2021-08-06,2243,"Leeds, Grenville and Lanark District Health Unit",0.0049,147.0,0.85,0.8589,0.984
28160,2021-08-06,2242,Lambton Health Unit,0.0022,127.0,0.97,0.7758,0.9756
28161,2021-08-06,2241,"Kingston, Frontenac and Lennox and Addington Health Unit",0.0052,246.0,1.15,0.9319,0.9752
28162,2021-08-06,5183,Huron Perth Health Unit,0.0088,162.0,1.16,0.5562,0.937
28163,2021-08-06,2238,Hastings and Prince Edward Counties Health Unit,0.0095,270.0,1.6,0.9589,0.9851
28164,2021-08-06,2236,Halton Regional Health Unit,0.0089,785.0,1.27,0.8099,0.8873
28165,2021-08-06,2235,"Haliburton, Kawartha, Pine Ridge District Health Unit",0.0077,186.0,0.98,0.7013,0.9574
28166,2021-08-06,2234,Haldimand-Norfolk Health Unit,0.0199,79.0,0.69,0.7922,0.9425
28167,2021-08-06,2233,Grey Bruce Health Unit,0.0287,204.0,1.2,0.6751,0.9611
28168,2021-08-06,2258,Eastern Ontario Health Unit,0.006,215.0,1.03,0.9199,0.991
28169,2021-08-06,2230,Durham Regional Health Unit,0.0135,728.0,1.02,0.8347,0.9232
28170,2021-08-06,2226,District of Algoma Health Unit,0.0029,99.0,0.87,0.7329,0.9036
28171,2021-08-06,3895,City of Toronto Health Unit,0.0125,4238.0,1.36,0.8328,0.9042
28172,2021-08-06,2251,City of Ottawa Health Unit,0.0039,1165.0,1.1,0.8744,0.941
28173,2021-08-06,2237,City of Hamilton Health Unit,0.0251,721.0,1.22,0.8625,0.9202
28174,2021-08-06,2240,Chatham-Kent Health Unit,0.0055,129.0,1.21,0.8488,0.9595
28175,2021-08-06,2227,Brant County Health Unit,0.0165,173.0,1.12,0.8205,0.9145
28176,2021-08-05,2270,York Regional Health Unit,0.0177,1545.0,1.26,0.815,0.8923
28177,2021-08-05,2268,Windsor-Essex County Health Unit,0.0254,467.0,1.1,0.7514,0.9171
28178,2021-08-05,2266,Wellington-Dufferin-Guelph Health Unit,0.0112,384.0,1.23,0.817,0.9472
28179,2021-08-05,2265,Waterloo Health Unit,0.0227,748.0,1.28,0.8647,0.9479
28180,2021-08-05,2263,Timiskaming Health Unit,0.0,17.0,0.52,0.7222,0.9556
28181,2021-08-05,2262,Thunder Bay District Health Unit,0.0047,152.0,1.01,0.8673,0.9287
28182,2021-08-05,2261,Sudbury and District Health Unit,0.0032,267.0,1.34,0.8937,0.9611
28183,2021-08-05,4913,Southwestern Public Health,0.0084,256.0,1.21,0.8171,0.9669
28184,2021-08-05,2260,Simcoe Muskoka District Health Unit,0.006,736.0,1.23,0.8814,0.9541
28185,2021-08-05,2257,Renfrew County and District Health Unit,0.0017,85.0,0.78,0.7674,0.967
28186,2021-08-05,2256,Porcupine Health Unit,0.0091,126.0,1.51,0.7721,0.8732
28187,2021-08-05,2255,Peterborough County-City Health Unit,0.0056,154.0,1.04,0.9001,0.9661
28188,2021-08-05,2253,Peel Regional Health Unit,0.0163,1714.0,1.07,0.8353,0.9079
28189,2021-08-05,35,Ontario,0.0124,17566.0,1.18,0.8404,0.9274
28190,2021-08-05,2249,Northwestern Health Unit,0.0036,119.0,1.35,0.6378,0.8469
28191,2021-08-05,2247,North Bay Parry Sound District Health Unit,0.0023,124.0,0.96,0.8501,0.9455
28192,2021-08-05,2246,Niagara Regional Area Health Unit,0.0097,381.0,0.81,0.807,0.8924
28193,2021-08-05,2244,Middlesex-London Health Unit,0.0098,657.0,1.3,0.8776,0.9561
28194,2021-08-05,2243,"Leeds, Grenville and Lanark District Health Unit",0.0051,141.0,0.81,0.8611,0.9818
28195,2021-08-05,2242,Lambton Health Unit,0.0024,121.0,0.92,0.7752,0.976
28196,2021-08-05,2241,"Kingston, Frontenac and Lennox and Addington Health Unit",0.0047,245.0,1.15,0.9331,0.9762
28197,2021-08-05,5183,Huron Perth Health Unit,0.0085,152.0,1.09,0.5592,0.9378
28198,2021-08-05,2238,Hastings and Prince Edward Counties Health Unit,0.0129,265.0,1.57,0.9628,0.985
28199,2021-08-05,2236,Halton Regional Health Unit,0.0085,770.0,1.24,0.8255,0.8973
28200,2021-08-05,2235,"Haliburton, Kawartha, Pine Ridge District Health Unit",0.0088,179.0,0.95,0.732,0.9576
28201,2021-08-05,2234,Haldimand-Norfolk Health Unit,0.0206,76.0,0.67,0.8264,0.9434
28202,2021-08-05,2233,Grey Bruce Health Unit,0.0266,194.0,1.14,0.6657,0.9641
28203,2021-08-05,2258,Eastern Ontario Health Unit,0.0052,220.0,1.05,0.8952,0.9935
28204,2021-08-05,2230,Durham Regional Health Unit,0.0131,700.0,0.98,0.8458,0.9311
28205,2021-08-05,2226,District of Algoma Health Unit,0.003,95.0,0.83,0.799,0.9136
28206,2021-08-05,3895,City of Toronto Health Unit,0.0117,4101.0,1.31,0.8471,0.9169
28207,2021-08-05,2251,City of Ottawa Health Unit,0.0035,1155.0,1.09,0.8853,0.946
28208,2021-08-05,2237,City of Hamilton Health Unit,0.0233,717.0,1.21,0.8709,0.9265
28209,2021-08-05,2240,Chatham-Kent Health Unit,0.0064,135.0,1.27,0.8506,0.968
28210,2021-08-05,2227,Brant County Health Unit,0.0192,164.0,1.05,0.831,0.922
28211,2021-08-04,2270,York Regional Health Unit,0.0144,1496.0,1.22,0.8215,0.9039
28212,2021-08-04,2268,Windsor-Essex County Health Unit,0.0221,446.0,1.05,0.7846,0.9417
28213,2021-08-04,2266,Wellington-Dufferin-Guelph Health Unit,0.0088,373.0,1.19,0.8053,0.9506
28214,2021-08-04,2265,Waterloo Health Unit,0.0245,735.0,1.26,0.8599,0.9477
28215,2021-08-04,2263,Timiskaming Health Unit,0.0,14.0,0.42,0.7273,0.9481
28216,2021-08-04,2262,Thunder Bay District Health Unit,0.0039,148.0,0.99,0.8472,0.9189
28217,2021-08-04,2261,Sudbury and District Health Unit,0.0022,254.0,1.28,0.9226,0.9688
28218,2021-08-04,4913,Southwestern Public Health,0.0103,251.0,1.19,0.8327,0.9755
28219,2021-08-04,2260,Simcoe Muskoka District Health Unit,0.0057,722.0,1.2,0.8843,0.9563
28220,2021-08-04,2257,Renfrew County and District Health Unit,0.0,79.0,0.73,0.7557,0.9716
28221,2021-08-04,2256,Porcupine Health Unit,0.0095,121.0,1.45,0.7621,0.8524
28222,2021-08-04,2255,Peterborough County-City Health Unit,0.0066,152.0,1.02,0.9213,0.9681
28223,2021-08-04,2253,Peel Regional Health Unit,0.0156,1659.0,1.03,0.8374,0.9171
28224,2021-08-04,35,Ontario,0.0116,17183.0,1.16,0.8471,0.9352
28225,2021-08-04,2249,Northwestern Health Unit,0.0051,112.0,1.28,0.6168,0.8324
28226,2021-08-04,2247,North Bay Parry Sound District Health Unit,0.0037,117.0,0.9,0.8923,0.9598
28227,2021-08-04,2246,Niagara Regional Area Health Unit,0.0086,384.0,0.81,0.8106,0.8993
28228,2021-08-04,2244,Middlesex-London Health Unit,0.0091,641.0,1.26,0.8788,0.9606
28229,2021-08-04,2243,"Leeds, Grenville and Lanark District Health Unit",0.0032,134.0,0.78,0.8588,0.9891
28230,2021-08-04,2242,Lambton Health Unit,0.0012,120.0,0.92,0.7465,0.9756
28231,2021-08-04,2241,"Kingston, Frontenac and Lennox and Addington Health Unit",0.0047,243.0,1.14,0.9304,0.9745
28232,2021-08-04,5183,Huron Perth Health Unit,0.0108,146.0,1.04,0.624,0.96
28233,2021-08-04,2238,Hastings and Prince Edward Counties Health Unit,0.0126,250.0,1.49,0.9708,0.9903
28234,2021-08-04,2236,Halton Regional Health Unit,0.0081,760.0,1.23,0.8372,0.9095
28235,2021-08-04,2235,"Haliburton, Kawartha, Pine Ridge District Health Unit",0.0143,180.0,0.95,0.766,0.9621
28236,2021-08-04,2234,Haldimand-Norfolk Health Unit,0.0182,78.0,0.69,0.8414,0.9459
28237,2021-08-04,2233,Grey Bruce Health Unit,0.0275,187.0,1.1,0.7071,0.959
28238,2021-08-04,2258,Eastern Ontario Health Unit,0.0034,212.0,1.02,0.8914,0.9918
28239,2021-08-04,2230,Durham Regional Health Unit,0.0149,660.0,0.93,0.8522,0.9388
28240,2021-08-04,2226,District of Algoma Health Unit,0.0016,91.0,0.8,0.8102,0.9169
28241,2021-08-04,3895,City of Toronto Health Unit,0.0102,4049.0,1.3,0.8495,0.9235
28242,2021-08-04,2251,City of Ottawa Health Unit,0.003,1150.0,1.09,0.8941,0.9641
28243,2021-08-04,2237,City of Hamilton Health Unit,0.0233,718.0,1.21,0.8799,0.9378
28244,2021-08-04,2240,Chatham-Kent Health Unit,0.0064,134.0,1.26,0.8545,0.9813
28245,2021-08-04,2227,Brant County Health Unit,0.0145,167.0,1.08,0.8685,0.9432
28246,2021-08-03,2270,York Regional Health Unit,0.0139,1428.0,1.17,0.8062,0.8828
28247,2021-08-03,2268,Windsor-Essex County Health Unit,0.0191,426.0,1.0,0.7658,0.917
28248,2021-08-03,2266,Wellington-Dufferin-Guelph Health Unit,0.0077,354.0,1.13,0.7772,0.9441
28249,2021-08-03,2265,Waterloo Health Unit,0.0235,717.0,1.23,0.8401,0.942
28250,2021-08-03,2263,Timiskaming Health Unit,0.0,12.0,0.38,0.6974,0.8816
28251,2021-08-03,2262,Thunder Bay District Health Unit,0.004,144.0,0.96,0.8483,0.9369
28252,2021-08-03,2261,Sudbury and District Health Unit,0.0017,247.0,1.24,0.9126,0.9686
28253,2021-08-03,4913,Southwestern Public Health,0.0073,235.0,1.11,0.8253,0.9667
28254,2021-08-03,2260,Simcoe Muskoka District Health Unit,0.0056,711.0,1.19,0.8616,0.9357
28255,2021-08-03,2257,Renfrew County and District Health Unit,0.0,76.0,0.7,0.7268,0.9636
28256,2021-08-03,2256,Porcupine Health Unit,0.0122,118.0,1.41,0.6999,0.8091
28257,2021-08-03,2255,Peterborough County-City Health Unit,0.0091,156.0,1.06,0.9173,0.9655
28258,2021-08-03,2253,Peel Regional Health Unit,0.0149,1596.0,0.99,0.8145,0.895
28259,2021-08-03,35,Ontario,0.0108,16720.0,1.13,0.8315,0.9232
28260,2021-08-03,2249,Northwestern Health Unit,0.0043,100.0,1.14,0.5479,0.8424
28261,2021-08-03,2247,North Bay Parry Sound District Health Unit,0.0037,117.0,0.9,0.8689,0.9416
28262,2021-08-03,2246,Niagara Regional Area Health Unit,0.0082,367.0,0.78,0.8098,0.8959
28263,2021-08-03,2244,Middlesex-London Health Unit,0.0068,630.0,1.24,0.8683,0.9467
28264,2021-08-03,2243,"Leeds, Grenville and Lanark District Health Unit",0.0021,133.0,0.77,0.8516,0.983
28265,2021-08-03,2242,Lambton Health Unit,0.0012,119.0,0.91,0.7435,0.9642
28266,2021-08-03,2241,"Kingston, Frontenac and Lennox and Addington Health Unit",0.0035,247.0,1.16,0.9223,0.9671
28267,2021-08-03,5183,Huron Perth Health Unit,0.0082,140.0,1.0,0.5283,0.95
28268,2021-08-03,2238,Hastings and Prince Edward Counties Health Unit,0.0097,236.0,1.4,0.9654,0.9856
28269,2021-08-03,2236,Halton Regional Health Unit,0.0082,753.0,1.22,0.8395,0.9061
28270,2021-08-03,2235,"Haliburton, Kawartha, Pine Ridge District Health Unit",0.0138,176.0,0.93,0.7153,0.939
28271,2021-08-03,2234,Haldimand-Norfolk Health Unit,0.0204,77.0,0.67,0.8105,0.9496
28272,2021-08-03,2233,Grey Bruce Health Unit,0.0293,185.0,1.09,0.6825,0.96
28273,2021-08-03,2258,Eastern Ontario Health Unit,0.002,212.0,1.01,0.8572,0.9838
28274,2021-08-03,2230,Durham Regional Health Unit,0.0155,646.0,0.91,0.8495,0.9337
28275,2021-08-03,2226,District of Algoma Health Unit,0.0017,85.0,0.75,0.7492,0.8794
28276,2021-08-03,3895,City of Toronto Health Unit,0.0093,3961.0,1.27,0.838,0.9132
28277,2021-08-03,2251,City of Ottawa Health Unit,0.0032,1121.0,1.06,0.8739,0.9512
28278,2021-08-03,2237,City of Hamilton Health Unit,0.0227,712.0,1.2,0.8787,0.9303
28279,2021-08-03,2240,Chatham-Kent Health Unit,0.0054,133.0,1.25,0.8394,0.9823
28280,2021-08-03,2227,Brant County Health Unit,0.0114,163.0,1.05,0.8834,0.9526
28281,2021-08-02,2270,York Regional Health Unit,0.0121,1392.0,1.14,0.821,0.8922
28282,2021-08-02,2268,Windsor-Essex County Health Unit,0.0163,402.0,0.95,0.785,0.9234
28283,2021-08-02,2266,Wellington-Dufferin-Guelph Health Unit,0.0096,328.0,1.05,0.8004,0.947
28284,2021-08-02,2265,Waterloo Health Unit,0.0261,706.0,1.21,0.8496,0.9499
28285,2021-08-02,2263,Timiskaming Health Unit,0.0,11.0,0.34,0.7561,0.9146
28286,2021-08-02,2262,Thunder Bay District Health Unit,0.004,142.0,0.95,0.8542,0.9436
28287,2021-08-02,2261,Sudbury and District Health Unit,0.003,235.0,1.18,0.9226,0.9746
28288,2021-08-02,4913,Southwestern Public Health,0.0089,225.0,1.06,0.8569,0.9633
28289,2021-08-02,2260,Simcoe Muskoka District Health Unit,0.006,665.0,1.11,0.8786,0.9479
28290,2021-08-02,2257,Renfrew County and District Health Unit,0.0,76.0,0.7,0.739,0.9678
28291,2021-08-02,2256,Porcupine Health Unit,0.012,107.0,1.29,0.7227,0.8205
28292,2021-08-02,2255,Peterborough County-City Health Unit,0.0082,157.0,1.06,0.9254,0.9705
28293,2021-08-02,2253,Peel Regional Health Unit,0.0148,1534.0,0.96,0.8246,0.9008
28294,2021-08-02,35,Ontario,0.011,16280.0,1.1,0.8412,0.9286
28295,2021-08-02,2249,Northwestern Health Unit,0.0045,96.0,1.09,0.5621,0.8172
28296,2021-08-02,2247,North Bay Parry Sound District Health Unit,0.0042,101.0,0.78,0.8619,0.9336
28297,2021-08-02,2246,Niagara Regional Area Health Unit,0.008,373.0,0.79,0.8041,0.8975
28298,2021-08-02,2244,Middlesex-London Health Unit,0.007,613.0,1.21,0.8613,0.9493
28299,2021-08-02,2243,"Leeds, Grenville and Lanark District Health Unit",0.0023,127.0,0.73,0.8576,0.9773
28300,2021-08-02,2242,Lambton Health Unit,0.0,117.0,0.9,0.7537,0.9661
28301,2021-08-02,2241,"Kingston, Frontenac and Lennox and Addington Health Unit",0.0029,245.0,1.15,0.9295,0.9704
28302,2021-08-02,5183,Huron Perth Health Unit,0.0096,119.0,0.85,0.5621,0.9516
28303,2021-08-02,2238,Hastings and Prince Edward Counties Health Unit,0.0086,217.0,1.29,0.9661,0.9866
28304,2021-08-02,2236,Halton Regional Health Unit,0.0094,744.0,1.2,0.8446,0.9104
28305,2021-08-02,2235,"Haliburton, Kawartha, Pine Ridge District Health Unit",0.0154,157.0,0.83,0.7537,0.9487
28306,2021-08-02,2234,Haldimand-Norfolk Health Unit,0.022,71.0,0.62,0.8226,0.9528
28307,2021-08-02,2233,Grey Bruce Health Unit,0.0334,180.0,1.06,0.6988,0.9601
28308,2021-08-02,2258,Eastern Ontario Health Unit,0.0029,197.0,0.94,0.8732,0.9841
28309,2021-08-02,2230,Durham Regional Health Unit,0.0163,622.0,0.87,0.8605,0.9401
28310,2021-08-02,2226,District of Algoma Health Unit,0.0017,82.0,0.72,0.745,0.8771
28311,2021-08-02,3895,City of Toronto Health Unit,0.0093,3935.0,1.26,0.8469,0.919
28312,2021-08-02,2251,City of Ottawa Health Unit,0.0038,1096.0,1.04,0.884,0.9564
28313,2021-08-02,2237,City of Hamilton Health Unit,0.0228,734.0,1.24,0.8801,0.9334
28314,2021-08-02,2240,Chatham-Kent Health Unit,0.0063,136.0,1.28,0.8457,0.9842
28315,2021-08-02,2227,Brant County Health Unit,0.0119,156.0,1.01,0.868,0.9507
28316,2021-08-01,2270,York Regional Health Unit,0.012,1482.0,1.21,0.8259,0.8946
28317,2021-08-01,2268,Windsor-Essex County Health Unit,0.0135,414.0,0.97,0.7879,0.9211
28318,2021-08-01,2266,Wellington-Dufferin-Guelph Health Unit,0.0086,365.0,1.17,0.7944,0.9453
28319,2021-08-01,2265,Waterloo Health Unit,0.0254,763.0,1.31,0.8478,0.9472
28320,2021-08-01,2263,Timiskaming Health Unit,0.0,12.0,0.37,0.764,0.9213
28321,2021-08-01,2262,Thunder Bay District Health Unit,0.0036,160.0,1.07,0.8738,0.9457
28322,2021-08-01,2261,Sudbury and District Health Unit,0.004,248.0,1.25,0.9251,0.976
28323,2021-08-01,4913,Southwestern Public Health,0.0061,236.0,1.12,0.8527,0.9644
28324,2021-08-01,2260,Simcoe Muskoka District Health Unit,0.006,719.0,1.2,0.8813,0.9471
28325,2021-08-01,2257,Renfrew County and District Health Unit,0.0,84.0,0.77,0.7368,0.9658
28326,2021-08-01,2256,Porcupine Health Unit,0.0112,127.0,1.52,0.7358,0.8275
28327,2021-08-01,2255,Peterborough County-City Health Unit,0.0101,170.0,1.15,0.919,0.9696
28328,2021-08-01,2253,Peel Regional Health Unit,0.0136,1652.0,1.03,0.8293,0.9027
28329,2021-08-01,35,Ontario,0.0104,17437.0,1.18,0.8418,0.9287
28330,2021-08-01,2249,Northwestern Health Unit,0.0038,112.0,1.27,0.5553,0.8068
28331,2021-08-01,2247,North Bay Parry Sound District Health Unit,0.0038,111.0,0.86,0.873,0.9384
28332,2021-08-01,2246,Niagara Regional Area Health Unit,0.0082,381.0,0.81,0.7965,0.89
28333,2021-08-01,2244,Middlesex-London Health Unit,0.006,640.0,1.26,0.8608,0.9502
28334,2021-08-01,2243,"Leeds, Grenville and Lanark District Health Unit",0.002,144.0,0.83,0.8594,0.9751
28335,2021-08-01,2242,Lambton Health Unit,0.0035,124.0,0.94,0.7511,0.9661
28336,2021-08-01,2241,"Kingston, Frontenac and Lennox and Addington Health Unit",0.0021,272.0,1.28,0.9304,0.9696
28337,2021-08-01,5183,Huron Perth Health Unit,0.007,143.0,1.02,0.5547,0.9504
28338,2021-08-01,2238,Hastings and Prince Edward Counties Health Unit,0.0069,227.0,1.35,0.9659,0.9861
28339,2021-08-01,2236,Halton Regional Health Unit,0.0096,790.0,1.28,0.8427,0.9117
28340,2021-08-01,2235,"Haliburton, Kawartha, Pine Ridge District Health Unit",0.018,183.0,0.97,0.7441,0.9484
28341,2021-08-01,2234,Haldimand-Norfolk Health Unit,0.0201,78.0,0.68,0.8239,0.9523
28342,2021-08-01,2233,Grey Bruce Health Unit,0.0305,211.0,1.24,0.7206,0.9653
28343,2021-08-01,2258,Eastern Ontario Health Unit,0.003,236.0,1.13,0.8749,0.984
28344,2021-08-01,2230,Durham Regional Health Unit,0.0145,672.0,0.94,0.8582,0.9378
28345,2021-08-01,2226,District of Algoma Health Unit,0.0016,91.0,0.8,0.7481,0.8778
28346,2021-08-01,3895,City of Toronto Health Unit,0.0087,4137.0,1.33,0.8476,0.92
28347,2021-08-01,2251,City of Ottawa Health Unit,0.003,1184.0,1.12,0.8853,0.9561
28348,2021-08-01,2237,City of Hamilton Health Unit,0.0216,775.0,1.31,0.8743,0.9337
28349,2021-08-01,2240,Chatham-Kent Health Unit,0.0059,146.0,1.38,0.8394,0.9817
28350,2021-08-01,2227,Brant County Health Unit,0.0109,157.0,1.01,0.8666,0.9487
28351,2021-07-31,2270,York Regional Health Unit,0.0113,1476.0,1.2,0.8154,0.8934
28352,2021-07-31,2268,Windsor-Essex County Health Unit,0.011,403.0,0.95,0.7833,0.9182
28353,2021-07-31,2266,Wellington-Dufferin-Guelph Health Unit,0.0085,355.0,1.14,0.8044,0.9455
28354,2021-07-31,2265,Waterloo Health Unit,0.0259,756.0,1.29,0.848,0.9505
28355,2021-07-31,2263,Timiskaming Health Unit,0.0,13.0,0.4,0.7473,0.9231
28356,2021-07-31,2262,Thunder Bay District Health Unit,0.0036,158.0,1.05,0.8685,0.9434
28357,2021-07-31,2261,Sudbury and District Health Unit,0.0047,246.0,1.23,0.9228,0.9743
28358,2021-07-31,4913,Southwestern Public Health,0.0067,233.0,1.1,0.8508,0.9655
28359,2021-07-31,2260,Simcoe Muskoka District Health Unit,0.0064,719.0,1.2,0.8805,0.9492
28360,2021-07-31,2257,Renfrew County and District Health Unit,0.0,83.0,0.77,0.7423,0.9693
28361,2021-07-31,2256,Porcupine Health Unit,0.0105,136.0,1.63,0.6871,0.7935
28362,2021-07-31,2255,Peterborough County-City Health Unit,0.0101,169.0,1.14,0.9194,0.9664
28363,2021-07-31,2253,Peel Regional Health Unit,0.0135,1654.0,1.03,0.8271,0.9
28364,2021-07-31,35,Ontario,0.0103,17349.0,1.17,0.842,0.929
28365,2021-07-31,2249,Northwestern Health Unit,0.004,108.0,1.23,0.5642,0.8173
28366,2021-07-31,2247,North Bay Parry Sound District Health Unit,0.0039,110.0,0.85,0.875,0.9444
28367,2021-07-31,2246,Niagara Regional Area Health Unit,0.0096,371.0,0.79,0.8118,0.897
28368,2021-07-31,2244,Middlesex-London Health Unit,0.0055,650.0,1.28,0.8621,0.9518
28369,2021-07-31,2243,"Leeds, Grenville and Lanark District Health Unit",0.002,143.0,0.82,0.8793,0.9752
28370,2021-07-31,2242,Lambton Health Unit,0.0034,125.0,0.96,0.741,0.9638
28371,2021-07-31,2241,"Kingston, Frontenac and Lennox and Addington Health Unit",0.0021,275.0,1.29,0.9341,0.9702
28372,2021-07-31,5183,Huron Perth Health Unit,0.0072,139.0,1.0,0.6059,0.9572
28373,2021-07-31,2238,Hastings and Prince Edward Counties Health Unit,0.0063,225.0,1.34,0.965,0.987
28374,2021-07-31,2236,Halton Regional Health Unit,0.009,780.0,1.26,0.8496,0.9148
28375,2021-07-31,2235,"Haliburton, Kawartha, Pine Ridge District Health Unit",0.0179,183.0,0.97,0.7439,0.9497
28376,2021-07-31,2234,Haldimand-Norfolk Health Unit,0.0145,79.0,0.69,0.817,0.9501
28377,2021-07-31,2233,Grey Bruce Health Unit,0.0339,211.0,1.24,0.763,0.9676
28378,2021-07-31,2258,Eastern Ontario Health Unit,0.003,237.0,1.14,0.8681,0.9811
28379,2021-07-31,2230,Durham Regional Health Unit,0.0149,661.0,0.93,0.851,0.9369
28380,2021-07-31,2226,District of Algoma Health Unit,0.0,93.0,0.81,0.7567,0.8776
28381,2021-07-31,3895,City of Toronto Health Unit,0.0086,4120.0,1.32,0.8491,0.9213
28382,2021-07-31,2251,City of Ottawa Health Unit,0.0027,1175.0,1.11,0.8888,0.9591
28383,2021-07-31,2237,City of Hamilton Health Unit,0.0239,770.0,1.3,0.8661,0.9318
28384,2021-07-31,2240,Chatham-Kent Health Unit,0.0038,149.0,1.4,0.8359,0.9768
28385,2021-07-31,2227,Brant County Health Unit,0.0121,154.0,0.99,0.8687,0.9532
28386,2021-07-30,2270,York Regional Health Unit,0.0105,1472.0,1.2,0.818,0.8969
28387,2021-07-30,2268,Windsor-Essex County Health Unit,0.0093,400.0,0.94,0.756,0.9169
28388,2021-07-30,2266,Wellington-Dufferin-Guelph Health Unit,0.0079,363.0,1.17,0.811,0.9526
28389,2021-07-30,2265,Waterloo Health Unit,0.0254,736.0,1.26,0.8512,0.9498
28390,2021-07-30,2263,Timiskaming Health Unit,0.0,13.0,0.38,0.7097,0.914
28391,2021-07-30,2262,Thunder Bay District Health Unit,0.0028,156.0,1.04,0.8607,0.9431
28392,2021-07-30,2261,Sudbury and District Health Unit,0.0052,249.0,1.25,0.9336,0.9733
28393,2021-07-30,4913,Southwestern Public Health,0.0072,238.0,1.12,0.8574,0.9649
28394,2021-07-30,2260,Simcoe Muskoka District Health Unit,0.0064,710.0,1.18,0.8783,0.9492
28395,2021-07-30,2257,Renfrew County and District Health Unit,0.0,84.0,0.77,0.7442,0.9678
28396,2021-07-30,2256,Porcupine Health Unit,0.0105,135.0,1.62,0.6695,0.7812
28397,2021-07-30,2255,Peterborough County-City Health Unit,0.0101,170.0,1.15,0.9017,0.9632
28398,2021-07-30,2253,Peel Regional Health Unit,0.0126,1651.0,1.03,0.8275,0.8986
28399,2021-07-30,35,Ontario,0.0101,17255.0,1.16,0.8434,0.9298
28400,2021-07-30,2249,Northwestern Health Unit,0.0026,110.0,1.25,0.5607,0.8155
28401,2021-07-30,2247,North Bay Parry Sound District Health Unit,0.0038,114.0,0.88,0.8463,0.9388
28402,2021-07-30,2246,Niagara Regional Area Health Unit,0.0084,375.0,0.79,0.8125,0.8949
28403,2021-07-30,2244,Middlesex-London Health Unit,0.0057,654.0,1.29,0.8638,0.9539
28404,2021-07-30,2243,"Leeds, Grenville and Lanark District Health Unit",0.001,141.0,0.82,0.8825,0.9755
28405,2021-07-30,2242,Lambton Health Unit,0.0035,124.0,0.95,0.7327,0.9631
28406,2021-07-30,2241,"Kingston, Frontenac and Lennox and Addington Health Unit",0.0016,264.0,1.24,0.9308,0.9716
28407,2021-07-30,5183,Huron Perth Health Unit,0.0071,141.0,1.01,0.6504,0.9607
28408,2021-07-30,2238,Hastings and Prince Edward Counties Health Unit,0.0071,222.0,1.32,0.9663,0.9877
28409,2021-07-30,2236,Halton Regional Health Unit,0.0086,779.0,1.26,0.8525,0.9158
28410,2021-07-30,2235,"Haliburton, Kawartha, Pine Ridge District Health Unit",0.018,182.0,0.96,0.773,0.9555
28411,2021-07-30,2234,Haldimand-Norfolk Health Unit,0.0147,78.0,0.68,0.8178,0.9498
28412,2021-07-30,2233,Grey Bruce Health Unit,0.0361,221.0,1.3,0.7962,0.9712
28413,2021-07-30,2258,Eastern Ontario Health Unit,0.0036,240.0,1.15,0.8622,0.9806
28414,2021-07-30,2230,Durham Regional Health Unit,0.0152,646.0,0.91,0.8557,0.9384
28415,2021-07-30,2226,District of Algoma Health Unit,0.0,97.0,0.85,0.7677,0.8899
28416,2021-07-30,3895,City of Toronto Health Unit,0.0085,4068.0,1.3,0.851,0.9221
28417,2021-07-30,2251,City of Ottawa Health Unit,0.0026,1168.0,1.11,0.8913,0.9596
28418,2021-07-30,2237,City of Hamilton Health Unit,0.0253,773.0,1.31,0.8701,0.9371
28419,2021-07-30,2240,Chatham-Kent Health Unit,0.0077,148.0,1.39,0.8422,0.9819
28420,2021-07-30,2227,Brant County Health Unit,0.0113,151.0,0.98,0.8776,0.9565
28421,2021-07-29,2270,York Regional Health Unit,0.0086,1464.0,1.19,0.8105,0.8897
28422,2021-07-29,2268,Windsor-Essex County Health Unit,0.0103,387.0,0.91,0.7403,0.9083
28423,2021-07-29,2266,Wellington-Dufferin-Guelph Health Unit,0.008,356.0,1.14,0.8092,0.9499
28424,2021-07-29,2265,Waterloo Health Unit,0.0246,737.0,1.26,0.8502,0.9465
28425,2021-07-29,2263,Timiskaming Health Unit,0.0,13.0,0.4,0.7188,0.9063
28426,2021-07-29,2262,Thunder Bay District Health Unit,0.0026,166.0,1.11,0.8465,0.9285
28427,2021-07-29,2261,Sudbury and District Health Unit,0.0052,245.0,1.23,0.927,0.9749
28428,2021-07-29,4913,Southwestern Public Health,0.0059,240.0,1.14,0.8636,0.9609
28429,2021-07-29,2260,Simcoe Muskoka District Health Unit,0.0056,712.0,1.19,0.8795,0.9439
28430,2021-07-29,2257,Renfrew County and District Health Unit,0.0,81.0,0.75,0.7534,0.973
28431,2021-07-29,2256,Porcupine Health Unit,0.0073,138.0,1.65,0.6466,0.7823
28432,2021-07-29,2255,Peterborough County-City Health Unit,0.0097,163.0,1.1,0.8925,0.9653
28433,2021-07-29,2253,Peel Regional Health Unit,0.0118,1630.0,1.02,0.8167,0.8902
28434,2021-07-29,35,Ontario,0.0097,17239.0,1.16,0.8401,0.9252
28435,2021-07-29,2249,Northwestern Health Unit,0.0024,118.0,1.35,0.5232,0.7633
28436,2021-07-29,2247,North Bay Parry Sound District Health Unit,0.0024,117.0,0.9,0.8619,0.9504
28437,2021-07-29,2246,Niagara Regional Area Health Unit,0.0103,373.0,0.79,0.7806,0.8788
28438,2021-07-29,2244,Middlesex-London Health Unit,0.0049,665.0,1.31,0.8527,0.9487
28439,2021-07-29,2243,"Leeds, Grenville and Lanark District Health Unit",0.001,141.0,0.81,0.8842,0.9776
28440,2021-07-29,2242,Lambton Health Unit,0.0034,127.0,0.97,0.7254,0.9612
28441,2021-07-29,2241,"Kingston, Frontenac and Lennox and Addington Health Unit",0.0005,268.0,1.26,0.9353,0.9725
28442,2021-07-29,5183,Huron Perth Health Unit,0.0072,140.0,1.0,0.702,0.9596
28443,2021-07-29,2238,Hastings and Prince Edward Counties Health Unit,0.0032,220.0,1.31,0.9598,0.9806
28444,2021-07-29,2236,Halton Regional Health Unit,0.0086,780.0,1.26,0.846,0.9091
28445,2021-07-29,2235,"Haliburton, Kawartha, Pine Ridge District Health Unit",0.0173,190.0,1.01,0.7592,0.9549
28446,2021-07-29,2234,Haldimand-Norfolk Health Unit,0.011,78.0,0.68,0.8075,0.9412
28447,2021-07-29,2233,Grey Bruce Health Unit,0.0342,230.0,1.35,0.8328,0.969
28448,2021-07-29,2258,Eastern Ontario Health Unit,0.0031,234.0,1.12,0.8976,0.9793
28449,2021-07-29,2230,Durham Regional Health Unit,0.0154,650.0,0.91,0.8568,0.9373
28450,2021-07-29,2226,District of Algoma Health Unit,0.0015,98.0,0.86,0.751,0.8929
28451,2021-07-29,3895,City of Toronto Health Unit,0.0084,4049.0,1.3,0.8525,0.9171
28452,2021-07-29,2251,City of Ottawa Health Unit,0.0025,1162.0,1.1,0.892,0.9599
28453,2021-07-29,2237,City of Hamilton Health Unit,0.0258,779.0,1.32,0.8576,0.9378
28454,2021-07-29,2240,Chatham-Kent Health Unit,0.01,143.0,1.34,0.8462,0.982
28455,2021-07-29,2227,Brant County Health Unit,0.0082,156.0,1.01,0.8676,0.9541
28456,2021-07-28,2270,York Regional Health Unit,0.0081,1452.0,1.18,0.8039,0.8865
28457,2021-07-28,2268,Windsor-Essex County Health Unit,0.0104,398.0,0.94,0.7305,0.9103
28458,2021-07-28,2266,Wellington-Dufferin-Guelph Health Unit,0.0077,351.0,1.12,0.8381,0.9501
28459,2021-07-28,2265,Waterloo Health Unit,0.0228,733.0,1.26,0.8469,0.9439
28460,2021-07-28,2263,Timiskaming Health Unit,0.0,14.0,0.42,0.7874,0.937
28461,2021-07-28,2262,Thunder Bay District Health Unit,0.0043,167.0,1.11,0.844,0.9198
28462,2021-07-28,2261,Sudbury and District Health Unit,0.0055,234.0,1.18,0.924,0.9718
28463,2021-07-28,4913,Southwestern Public Health,0.0031,229.0,1.08,0.866,0.9639
28464,2021-07-28,2260,Simcoe Muskoka District Health Unit,0.0054,713.0,1.19,0.8722,0.943
28465,2021-07-28,2257,Renfrew County and District Health Unit,0.0,84.0,0.77,0.7599,0.9726
28466,2021-07-28,2256,Porcupine Health Unit,0.0099,144.0,1.72,0.6101,0.7706
28467,2021-07-28,2255,Peterborough County-City Health Unit,0.0079,163.0,1.1,0.8835,0.9684
28468,2021-07-28,2253,Peel Regional Health Unit,0.0114,1612.0,1.0,0.8088,0.8851
28469,2021-07-28,35,Ontario,0.0093,17122.0,1.15,0.8359,0.9232
28470,2021-07-28,2249,Northwestern Health Unit,0.0012,117.0,1.34,0.5,0.7495
28471,2021-07-28,2247,North Bay Parry Sound District Health Unit,0.0012,120.0,0.92,0.8322,0.9441
28472,2021-07-28,2246,Niagara Regional Area Health Unit,0.0117,355.0,0.75,0.7957,0.8873
28473,2021-07-28,2244,Middlesex-London Health Unit,0.0053,668.0,1.32,0.8551,0.9495
28474,2021-07-28,2243,"Leeds, Grenville and Lanark District Health Unit",0.0,147.0,0.85,0.8842,0.9742
28475,2021-07-28,2242,Lambton Health Unit,0.0032,135.0,1.03,0.7407,0.9638
28476,2021-07-28,2241,"Kingston, Frontenac and Lennox and Addington Health Unit",0.0,271.0,1.27,0.9362,0.9718
28477,2021-07-28,5183,Huron Perth Health Unit,0.0058,147.0,1.05,0.7281,0.9431
28478,2021-07-28,2238,Hastings and Prince Edward Counties Health Unit,0.0026,220.0,1.31,0.9568,0.9781
28479,2021-07-28,2236,Halton Regional Health Unit,0.008,764.0,1.23,0.8355,0.9046
28480,2021-07-28,2235,"Haliburton, Kawartha, Pine Ridge District Health Unit",0.0138,186.0,0.98,0.7677,0.9512
28481,2021-07-28,2234,Haldimand-Norfolk Health Unit,0.0146,78.0,0.69,0.7967,0.9316
28482,2021-07-28,2233,Grey Bruce Health Unit,0.0362,233.0,1.37,0.8384,0.9751
28483,2021-07-28,2258,Eastern Ontario Health Unit,0.0047,244.0,1.17,0.8977,0.9798
28484,2021-07-28,2230,Durham Regional Health Unit,0.0126,648.0,0.91,0.8465,0.9384
28485,2021-07-28,2226,District of Algoma Health Unit,0.0014,100.0,0.87,0.744,0.901
28486,2021-07-28,3895,City of Toronto Health Unit,0.0083,3992.0,1.28,0.8442,0.9154
28487,2021-07-28,2251,City of Ottawa Health Unit,0.0025,1157.0,1.1,0.898,0.9586
28488,2021-07-28,2237,City of Hamilton Health Unit,0.0244,756.0,1.28,0.8557,0.9362
28489,2021-07-28,2240,Chatham-Kent Health Unit,0.0118,145.0,1.36,0.8847,0.986
28490,2021-07-28,2227,Brant County Health Unit,0.0092,155.0,1.0,0.8582,0.9581
28491,2021-07-27,2270,York Regional Health Unit,0.0072,1443.0,1.18,0.7885,0.882
28492,2021-07-27,2268,Windsor-Essex County Health Unit,0.0101,397.0,0.93,0.7145,0.8959
28493,2021-07-27,2266,Wellington-Dufferin-Guelph Health Unit,0.0071,341.0,1.09,0.8384,0.947
28494,2021-07-27,2265,Waterloo Health Unit,0.0209,703.0,1.2,0.8557,0.9415
28495,2021-07-27,2263,Timiskaming Health Unit,0.0,18.0,0.54,0.8362,0.9828
28496,2021-07-27,2262,Thunder Bay District Health Unit,0.0053,162.0,1.08,0.8529,0.9216
28497,2021-07-27,2261,Sudbury and District Health Unit,0.0044,227.0,1.14,0.9192,0.9605
28498,2021-07-27,4913,Southwestern Public Health,0.0032,227.0,1.07,0.862,0.9687
28499,2021-07-27,2260,Simcoe Muskoka District Health Unit,0.0056,685.0,1.14,0.8768,0.9522
28500,2021-07-27,2257,Renfrew County and District Health Unit,0.0,85.0,0.78,0.7625,0.9732
28501,2021-07-27,2256,Porcupine Health Unit,0.0085,152.0,1.82,0.5895,0.7676
28502,2021-07-27,2255,Peterborough County-City Health Unit,0.0054,157.0,1.06,0.8636,0.9623
28503,2021-07-27,2253,Peel Regional Health Unit,0.0116,1613.0,1.0,0.8146,0.8911
28504,2021-07-27,35,Ontario,0.0092,16915.0,1.14,0.8288,0.9196
28505,2021-07-27,2249,Northwestern Health Unit,0.0024,118.0,1.35,0.5081,0.781
28506,2021-07-27,2247,North Bay Parry Sound District Health Unit,0.0047,122.0,0.94,0.8354,0.9501
28507,2021-07-27,2246,Niagara Regional Area Health Unit,0.011,364.0,0.77,0.7692,0.8703
28508,2021-07-27,2244,Middlesex-London Health Unit,0.0063,677.0,1.33,0.85,0.9588
28509,2021-07-27,2243,"Leeds, Grenville and Lanark District Health Unit",0.0,148.0,0.86,0.8889,0.978
28510,2021-07-27,2242,Lambton Health Unit,0.0034,128.0,0.97,0.7406,0.9735
28511,2021-07-27,2241,"Kingston, Frontenac and Lennox and Addington Health Unit",0.0,272.0,1.28,0.9301,0.9671
28512,2021-07-27,5183,Huron Perth Health Unit,0.0067,149.0,1.07,0.8021,0.9496
28513,2021-07-27,2238,Hastings and Prince Edward Counties Health Unit,0.0013,227.0,1.35,0.9534,0.9795
28514,2021-07-27,2236,Halton Regional Health Unit,0.0081,762.0,1.23,0.8235,0.8994
28515,2021-07-27,2235,"Haliburton, Kawartha, Pine Ridge District Health Unit",0.0161,195.0,1.03,0.7803,0.9624
28516,2021-07-27,2234,Haldimand-Norfolk Health Unit,0.011,78.0,0.68,0.7993,0.9331
28517,2021-07-27,2233,Grey Bruce Health Unit,0.0342,230.0,1.35,0.847,0.9733
28518,2021-07-27,2258,Eastern Ontario Health Unit,0.0064,247.0,1.18,0.9238,0.9808
28519,2021-07-27,2230,Durham Regional Health Unit,0.0121,638.0,0.9,0.8239,0.9188
28520,2021-07-27,2226,District of Algoma Health Unit,0.0014,101.0,0.88,0.7544,0.9222
28521,2021-07-27,3895,City of Toronto Health Unit,0.0082,3885.0,1.25,0.8316,0.9051
28522,2021-07-27,2251,City of Ottawa Health Unit,0.0024,1132.0,1.07,0.8911,0.956
28523,2021-07-27,2237,City of Hamilton Health Unit,0.0264,743.0,1.25,0.8298,0.9327
28524,2021-07-27,2240,Chatham-Kent Health Unit,0.0116,148.0,1.39,0.8953,0.9819
28525,2021-07-27,2227,Brant County Health Unit,0.0093,153.0,0.99,0.827,0.9457
28526,2021-07-26,2270,York Regional Health Unit,0.0075,1425.0,1.16,0.7919,0.8823
28527,2021-07-26,2268,Windsor-Essex County Health Unit,0.0094,397.0,0.93,0.692,0.898
28528,2021-07-26,2266,Wellington-Dufferin-Guelph Health Unit,0.0064,336.0,1.08,0.8391,0.9482
28529,2021-07-26,2265,Waterloo Health Unit,0.0199,695.0,1.19,0.8545,0.9392
28530,2021-07-26,2263,Timiskaming Health Unit,0.0,18.0,0.55,0.7879,0.9773
28531,2021-07-26,2262,Thunder Bay District Health Unit,0.0045,159.0,1.06,0.8464,0.9099
28532,2021-07-26,2261,Sudbury and District Health Unit,0.0032,223.0,1.12,0.8953,0.9647
28533,2021-07-26,4913,Southwestern Public Health,0.0026,224.0,1.06,0.8594,0.9724
28534,2021-07-26,2260,Simcoe Muskoka District Health Unit,0.0048,679.0,1.13,0.8741,0.9506
28535,2021-07-26,2257,Renfrew County and District Health Unit,0.0,76.0,0.7,0.7413,0.9468
28536,2021-07-26,2256,Porcupine Health Unit,0.0116,172.0,2.06,0.5097,0.6764
28537,2021-07-26,2255,Peterborough County-City Health Unit,0.0055,155.0,1.04,0.854,0.9605
28538,2021-07-26,2253,Peel Regional Health Unit,0.0102,1621.0,1.01,0.818,0.8939
28539,2021-07-26,35,Ontario,0.0092,16703.0,1.13,0.8282,0.9191
28540,2021-07-26,2249,Northwestern Health Unit,0.0035,121.0,1.38,0.5006,0.8024
28541,2021-07-26,2247,North Bay Parry Sound District Health Unit,0.008,125.0,0.96,0.8315,0.9446
28542,2021-07-26,2246,Niagara Regional Area Health Unit,0.0122,363.0,0.77,0.7863,0.8762
28543,2021-07-26,2244,Middlesex-London Health Unit,0.0084,666.0,1.31,0.8621,0.9598
28544,2021-07-26,2243,"Leeds, Grenville and Lanark District Health Unit",0.0,151.0,0.87,0.8983,0.9841
28545,2021-07-26,2242,Lambton Health Unit,0.0045,128.0,0.98,0.7418,0.9729
28546,2021-07-26,2241,"Kingston, Frontenac and Lennox and Addington Health Unit",0.0,270.0,1.27,0.9283,0.9676
28547,2021-07-26,5183,Huron Perth Health Unit,0.0111,155.0,1.11,0.8146,0.9548
28548,2021-07-26,2238,Hastings and Prince Edward Counties Health Unit,0.0019,227.0,1.35,0.9512,0.9784
28549,2021-07-26,2236,Halton Regional Health Unit,0.0084,748.0,1.21,0.8311,0.9032
28550,2021-07-26,2235,"Haliburton, Kawartha, Pine Ridge District Health Unit",0.0136,199.0,1.05,0.7726,0.9583
28551,2021-07-26,2234,Haldimand-Norfolk Health Unit,0.0149,77.0,0.67,0.8029,0.9349
28552,2021-07-26,2233,Grey Bruce Health Unit,0.0358,244.0,1.43,0.856,0.9753
28553,2021-07-26,2258,Eastern Ontario Health Unit,0.0057,252.0,1.21,0.9108,0.9817
28554,2021-07-26,2230,Durham Regional Health Unit,0.0117,633.0,0.89,0.8256,0.9163
28555,2021-07-26,2226,District of Algoma Health Unit,0.0013,107.0,0.94,0.7768,0.9308
28556,2021-07-26,3895,City of Toronto Health Unit,0.0082,3769.0,1.21,0.8337,0.9056
28557,2021-07-26,2251,City of Ottawa Health Unit,0.0022,1100.0,1.04,0.8883,0.9553
28558,2021-07-26,2237,City of Hamilton Health Unit,0.0278,710.0,1.2,0.8221,0.9298
28559,2021-07-26,2240,Chatham-Kent Health Unit,0.0109,144.0,1.35,0.8999,0.981
28560,2021-07-26,2227,Brant County Health Unit,0.0085,152.0,0.98,0.8287,0.9509
28561,2021-07-25,2270,York Regional Health Unit,0.0062,1441.0,1.18,0.7846,0.8809
28562,2021-07-25,2268,Windsor-Essex County Health Unit,0.0079,396.0,0.93,0.6824,0.8971
28563,2021-07-25,2266,Wellington-Dufferin-Guelph Health Unit,0.0088,341.0,1.09,0.8434,0.951
28564,2021-07-25,2265,Waterloo Health Unit,0.0182,668.0,1.14,0.8577,0.9439
28565,2021-07-25,2263,Timiskaming Health Unit,0.0,18.0,0.56,0.7794,0.9779
28566,2021-07-25,2262,Thunder Bay District Health Unit,0.0045,160.0,1.07,0.8425,0.9075
28567,2021-07-25,2261,Sudbury and District Health Unit,0.0019,222.0,1.11,0.89,0.9627
28568,2021-07-25,4913,Southwestern Public Health,0.0032,226.0,1.07,0.866,0.971
28569,2021-07-25,2260,Simcoe Muskoka District Health Unit,0.0042,677.0,1.13,0.8732,0.9498
28570,2021-07-25,2257,Renfrew County and District Health Unit,0.0,75.0,0.69,0.7399,0.9502
28571,2021-07-25,2256,Porcupine Health Unit,0.0133,182.0,2.18,0.495,0.6611
28572,2021-07-25,2255,Peterborough County-City Health Unit,0.0029,148.0,1.0,0.8437,0.9588
28573,2021-07-25,2253,Peel Regional Health Unit,0.0098,1610.0,1.0,0.8052,0.8879
28574,2021-07-25,35,Ontario,0.0092,16770.0,1.13,0.8226,0.9184
28575,2021-07-25,2249,Northwestern Health Unit,0.0046,124.0,1.42,0.4994,0.7922
28576,2021-07-25,2247,North Bay Parry Sound District Health Unit,0.0134,128.0,0.98,0.833,0.9454
28577,2021-07-25,2246,Niagara Regional Area Health Unit,0.0144,368.0,0.78,0.7909,0.8822
28578,2021-07-25,2244,Middlesex-London Health Unit,0.01,689.0,1.36,0.8552,0.9585
28579,2021-07-25,2243,"Leeds, Grenville and Lanark District Health Unit",0.0,155.0,0.9,0.9213,0.9852
28580,2021-07-25,2242,Lambton Health Unit,0.0022,129.0,0.99,0.7386,0.9705
28581,2021-07-25,2241,"Kingston, Frontenac and Lennox and Addington Health Unit",0.0,275.0,1.29,0.934,0.9712
28582,2021-07-25,5183,Huron Perth Health Unit,0.0108,159.0,1.14,0.8196,0.9554
28583,2021-07-25,2238,Hastings and Prince Edward Counties Health Unit,0.0019,229.0,1.36,0.9475,0.9778
28584,2021-07-25,2236,Halton Regional Health Unit,0.0084,747.0,1.21,0.8293,0.8979
28585,2021-07-25,2235,"Haliburton, Kawartha, Pine Ridge District Health Unit",0.0127,202.0,1.07,0.7759,0.9589
28586,2021-07-25,2234,Haldimand-Norfolk Health Unit,0.0182,79.0,0.69,0.8061,0.9328
28587,2021-07-25,2233,Grey Bruce Health Unit,0.0397,249.0,1.46,0.8075,0.9753
28588,2021-07-25,2258,Eastern Ontario Health Unit,0.0076,246.0,1.18,0.9105,0.9809
28589,2021-07-25,2230,Durham Regional Health Unit,0.013,646.0,0.91,0.8127,0.9201
28590,2021-07-25,2226,District of Algoma Health Unit,0.0024,120.0,1.04,0.7779,0.9316
28591,2021-07-25,3895,City of Toronto Health Unit,0.0082,3781.0,1.21,0.8248,0.9063
28592,2021-07-25,2251,City of Ottawa Health Unit,0.0025,1094.0,1.04,0.8866,0.9558
28593,2021-07-25,2237,City of Hamilton Health Unit,0.0266,697.0,1.18,0.8303,0.9332
28594,2021-07-25,2240,Chatham-Kent Health Unit,0.0109,144.0,1.35,0.8855,0.9836
28595,2021-07-25,2227,Brant County Health Unit,0.0112,153.0,0.99,0.824,0.9504
28596,2021-07-24,2270,York Regional Health Unit,0.0063,1432.0,1.17,0.7896,0.8809
28597,2021-07-24,2268,Windsor-Essex County Health Unit,0.0074,404.0,0.95,0.6804,0.9068
28598,2021-07-24,2266,Wellington-Dufferin-Guelph Health Unit,0.0087,346.0,1.11,0.8392,0.9491
28599,2021-07-24,2265,Waterloo Health Unit,0.0191,665.0,1.14,0.8506,0.9428
28600,2021-07-24,2263,Timiskaming Health Unit,0.0,19.0,0.58,0.7571,0.9714
28601,2021-07-24,2262,Thunder Bay District Health Unit,0.0044,163.0,1.09,0.8255,0.9072
28602,2021-07-24,2261,Sudbury and District Health Unit,0.0013,221.0,1.11,0.8789,0.9653
28603,2021-07-24,4913,Southwestern Public Health,0.0038,226.0,1.07,0.869,0.9697
28604,2021-07-24,2260,Simcoe Muskoka District Health Unit,0.0035,661.0,1.1,0.8697,0.9452
28605,2021-07-24,2257,Renfrew County and District Health Unit,0.0,75.0,0.69,0.7839,0.9509
28606,2021-07-24,2256,Porcupine Health Unit,0.0134,182.0,2.18,0.5041,0.6773
28607,2021-07-24,2255,Peterborough County-City Health Unit,0.0049,147.0,0.99,0.844,0.9598
28608,2021-07-24,2253,Peel Regional Health Unit,0.0094,1598.0,1.0,0.8119,0.8921
28609,2021-07-24,35,Ontario,0.0092,16769.0,1.13,0.819,0.9174
28610,2021-07-24,2249,Northwestern Health Unit,0.0044,130.0,1.48,0.4759,0.7503
28611,2021-07-24,2247,North Bay Parry Sound District Health Unit,0.0154,130.0,1.0,0.8223,0.935
28612,2021-07-24,2246,Niagara Regional Area Health Unit,0.0136,368.0,0.78,0.7782,0.8742
28613,2021-07-24,2244,Middlesex-London Health Unit,0.0103,668.0,1.32,0.8466,0.9582
28614,2021-07-24,2243,"Leeds, Grenville and Lanark District Health Unit",0.0,161.0,0.93,0.9196,0.9851
28615,2021-07-24,2242,Lambton Health Unit,0.0022,127.0,0.97,0.7365,0.9735
28616,2021-07-24,2241,"Kingston, Frontenac and Lennox and Addington Health Unit",0.0,275.0,1.29,0.9348,0.9697
28617,2021-07-24,5183,Huron Perth Health Unit,0.0106,162.0,1.16,0.813,0.9526
28618,2021-07-24,2238,Hastings and Prince Edward Counties Health Unit,0.0025,228.0,1.35,0.9461,0.9759
28619,2021-07-24,2236,Halton Regional Health Unit,0.0096,748.0,1.21,0.8277,0.8993
28620,2021-07-24,2235,"Haliburton, Kawartha, Pine Ridge District Health Unit",0.0126,204.0,1.08,0.7724,0.9555
28621,2021-07-24,2234,Haldimand-Norfolk Health Unit,0.0187,77.0,0.67,0.8175,0.9335
28622,2021-07-24,2233,Grey Bruce Health Unit,0.0379,249.0,1.47,0.7801,0.9692
28623,2021-07-24,2258,Eastern Ontario Health Unit,0.0075,249.0,1.19,0.9044,0.9811
28624,2021-07-24,2230,Durham Regional Health Unit,0.0128,657.0,0.92,0.8121,0.9186
28625,2021-07-24,2226,District of Algoma Health Unit,0.0024,120.0,1.05,0.7865,0.9349
28626,2021-07-24,3895,City of Toronto Health Unit,0.0082,3802.0,1.22,0.8164,0.9029
28627,2021-07-24,2251,City of Ottawa Health Unit,0.0027,1092.0,1.04,0.8748,0.9519
28628,2021-07-24,2237,City of Hamilton Health Unit,0.0251,706.0,1.19,0.8355,0.9352
28629,2021-07-24,2240,Chatham-Kent Health Unit,0.0114,137.0,1.29,0.8835,0.9883
28630,2021-07-24,2227,Brant County Health Unit,0.0084,154.0,0.99,0.8101,0.9448
28631,2021-07-23,2270,York Regional Health Unit,0.0062,1428.0,1.16,0.7832,0.8802
28632,2021-07-23,2268,Windsor-Essex County Health Unit,0.0067,406.0,0.96,0.6609,0.899
28633,2021-07-23,2266,Wellington-Dufferin-Guelph Health Unit,0.0096,341.0,1.09,0.8244,0.9503
28634,2021-07-23,2265,Waterloo Health Unit,0.0195,675.0,1.16,0.8358,0.9389
28635,2021-07-23,2263,Timiskaming Health Unit,0.0,19.0,0.59,0.8216,0.9838
28636,2021-07-23,2262,Thunder Bay District Health Unit,0.0043,166.0,1.11,0.8188,0.8952
28637,2021-07-23,2261,Sudbury and District Health Unit,0.0006,220.0,1.11,0.876,0.966
28638,2021-07-23,4913,Southwestern Public Health,0.0064,223.0,1.06,0.8537,0.9644
28639,2021-07-23,2260,Simcoe Muskoka District Health Unit,0.0033,653.0,1.09,0.8652,0.9424
28640,2021-07-23,2257,Renfrew County and District Health Unit,0.0,76.0,0.7,0.7584,0.9594
28641,2021-07-23,2256,Porcupine Health Unit,0.0136,189.0,2.26,0.5085,0.6912
28642,2021-07-23,2255,Peterborough County-City Health Unit,0.0058,148.0,1.0,0.8422,0.9588
28643,2021-07-23,2253,Peel Regional Health Unit,0.0098,1589.0,0.99,0.805,0.8887
28644,2021-07-23,35,Ontario,0.0092,16711.0,1.13,0.81,0.9144
28645,2021-07-23,2249,Northwestern Health Unit,0.0045,127.0,1.45,0.4307,0.7488
28646,2021-07-23,2247,North Bay Parry Sound District Health Unit,0.0156,128.0,0.99,0.8306,0.9457
28647,2021-07-23,2246,Niagara Regional Area Health Unit,0.0149,364.0,0.77,0.7615,0.8708
28648,2021-07-23,2244,Middlesex-London Health Unit,0.0105,651.0,1.28,0.8415,0.9539
28649,2021-07-23,2243,"Leeds, Grenville and Lanark District Health Unit",0.0,165.0,0.95,0.9148,0.984
28650,2021-07-23,2242,Lambton Health Unit,0.0044,129.0,0.98,0.738,0.9744
28651,2021-07-23,2241,"Kingston, Frontenac and Lennox and Addington Health Unit",0.0005,290.0,1.37,0.94,0.971
28652,2021-07-23,5183,Huron Perth Health Unit,0.0107,160.0,1.15,0.8322,0.9504
28653,2021-07-23,2238,Hastings and Prince Edward Counties Health Unit,0.0025,230.0,1.36,0.9385,0.9732
28654,2021-07-23,2236,Halton Regional Health Unit,0.0089,738.0,1.19,0.8177,0.8908
28655,2021-07-23,2235,"Haliburton, Kawartha, Pine Ridge District Health Unit",0.0119,204.0,1.08,0.733,0.9572
28656,2021-07-23,2234,Haldimand-Norfolk Health Unit,0.015,76.0,0.67,0.7853,0.9284
28657,2021-07-23,2233,Grey Bruce Health Unit,0.0388,254.0,1.5,0.7806,0.9632
28658,2021-07-23,2258,Eastern Ontario Health Unit,0.0075,248.0,1.19,0.8945,0.9771
28659,2021-07-23,2230,Durham Regional Health Unit,0.0118,651.0,0.91,0.8056,0.9141
28660,2021-07-23,2226,District of Algoma Health Unit,0.0036,120.0,1.04,0.7699,0.9252
28661,2021-07-23,3895,City of Toronto Health Unit,0.0083,3788.0,1.21,0.8065,0.898
28662,2021-07-23,2251,City of Ottawa Health Unit,0.0028,1083.0,1.03,0.8638,0.9525
28663,2021-07-23,2237,City of Hamilton Health Unit,0.025,691.0,1.17,0.8282,0.9298
28664,2021-07-23,2240,Chatham-Kent Health Unit,0.0074,136.0,1.28,0.8667,0.9839
28665,2021-07-23,2227,Brant County Health Unit,0.0066,151.0,0.97,0.8055,0.9399
28666,2021-07-22,2270,York Regional Health Unit,0.0064,1421.0,1.16,0.787,0.8881
28667,2021-07-22,2268,Windsor-Essex County Health Unit,0.0048,413.0,0.97,0.6785,0.9041
28668,2021-07-22,2266,Wellington-Dufferin-Guelph Health Unit,0.0091,344.0,1.1,0.8209,0.9523
28669,2021-07-22,2265,Waterloo Health Unit,0.0243,681.0,1.16,0.8271,0.9412
28670,2021-07-22,2263,Timiskaming Health Unit,0.0,26.0,0.79,0.8333,0.9804
28671,2021-07-22,2262,Thunder Bay District Health Unit,0.0034,166.0,1.11,0.8264,0.9158
28672,2021-07-22,2261,Sudbury and District Health Unit,0.0006,223.0,1.12,0.8881,0.9691
28673,2021-07-22,4913,Southwestern Public Health,0.0085,218.0,1.03,0.8618,0.9618
28674,2021-07-22,2260,Simcoe Muskoka District Health Unit,0.0038,638.0,1.06,0.8169,0.9397
28675,2021-07-22,2257,Renfrew County and District Health Unit,0.0,78.0,0.72,0.7265,0.9443
28676,2021-07-22,2256,Porcupine Health Unit,0.0175,213.0,2.55,0.5341,0.7167
28677,2021-07-22,2255,Peterborough County-City Health Unit,0.0048,148.0,1.0,0.8581,0.9667
28678,2021-07-22,2253,Peel Regional Health Unit,0.0091,1579.0,0.98,0.8052,0.8934
28679,2021-07-22,35,Ontario,0.0093,16732.0,1.13,0.8076,0.9179
28680,2021-07-22,2249,Northwestern Health Unit,0.0034,128.0,1.46,0.4643,0.8026
28681,2021-07-22,2247,North Bay Parry Sound District Health Unit,0.0193,126.0,0.97,0.7642,0.9283
28682,2021-07-22,2246,Niagara Regional Area Health Unit,0.0132,368.0,0.78,0.7797,0.8792
28683,2021-07-22,2244,Middlesex-London Health Unit,0.0105,637.0,1.26,0.8507,0.9553
28684,2021-07-22,2243,"Leeds, Grenville and Lanark District Health Unit",0.0008,169.0,0.98,0.908,0.9831
28685,2021-07-22,2242,Lambton Health Unit,0.0055,129.0,0.99,0.7406,0.9727
28686,2021-07-22,2241,"Kingston, Frontenac and Lennox and Addington Health Unit",0.0005,298.0,1.4,0.9387,0.9708
28687,2021-07-22,5183,Huron Perth Health Unit,0.0138,166.0,1.19,0.8403,0.9559
28688,2021-07-22,2238,Hastings and Prince Edward Counties Health Unit,0.0031,232.0,1.38,0.9459,0.9786
28689,2021-07-22,2236,Halton Regional Health Unit,0.0087,738.0,1.19,0.8188,0.8955
28690,2021-07-22,2235,"Haliburton, Kawartha, Pine Ridge District Health Unit",0.0124,207.0,1.1,0.7517,0.957
28691,2021-07-22,2234,Haldimand-Norfolk Health Unit,0.0185,77.0,0.68,0.7809,0.9399
28692,2021-07-22,2233,Grey Bruce Health Unit,0.0441,259.0,1.53,0.7855,0.9595
28693,2021-07-22,2258,Eastern Ontario Health Unit,0.0079,252.0,1.21,0.8806,0.9745
28694,2021-07-22,2230,Durham Regional Health Unit,0.0111,657.0,0.92,0.8058,0.918
28695,2021-07-22,2226,District of Algoma Health Unit,0.006,120.0,1.05,0.7784,0.9298
28696,2021-07-22,3895,City of Toronto Health Unit,0.0075,3786.0,1.21,0.8027,0.9035
28697,2021-07-22,2251,City of Ottawa Health Unit,0.0026,1081.0,1.03,0.8362,0.9404
28698,2021-07-22,2237,City of Hamilton Health Unit,0.0233,688.0,1.16,0.8404,0.9324
28699,2021-07-22,2240,Chatham-Kent Health Unit,0.0054,132.0,1.24,0.8693,0.9844
28700,2021-07-22,2227,Brant County Health Unit,0.0068,147.0,0.95,0.7904,0.9333
28701,2021-07-21,2270,York Regional Health Unit,0.0065,1439.0,1.17,0.7821,0.8983
28702,2021-07-21,2268,Windsor-Essex County Health Unit,0.0034,422.0,0.99,0.6825,0.9007
28703,2021-07-21,2266,Wellington-Dufferin-Guelph Health Unit,0.0082,367.0,1.18,0.8173,0.9497
28704,2021-07-21,2265,Waterloo Health Unit,0.0255,688.0,1.18,0.8216,0.9426
28705,2021-07-21,2263,Timiskaming Health Unit,0.0,29.0,0.9,0.8089,0.96
28706,2021-07-21,2262,Thunder Bay District Health Unit,0.0033,175.0,1.17,0.8323,0.9335
28707,2021-07-21,2261,Sudbury and District Health Unit,0.0025,226.0,1.14,0.8897,0.9676
28708,2021-07-21,4913,Southwestern Public Health,0.0107,227.0,1.07,0.8275,0.964
28709,2021-07-21,2260,Simcoe Muskoka District Health Unit,0.0038,632.0,1.05,0.8143,0.9467
28710,2021-07-21,2257,Renfrew County and District Health Unit,0.0,80.0,0.74,0.7742,0.9523
28711,2021-07-21,2256,Porcupine Health Unit,0.0185,209.0,2.5,0.5584,0.7372
28712,2021-07-21,2255,Peterborough County-City Health Unit,0.0048,149.0,1.01,0.8585,0.9634
28713,2021-07-21,2253,Peel Regional Health Unit,0.0086,1601.0,1.0,0.7952,0.8942
28714,2021-07-21,35,Ontario,0.0093,16999.0,1.15,0.8009,0.9211
28715,2021-07-21,2249,Northwestern Health Unit,0.0039,146.0,1.67,0.4908,0.8183
28716,2021-07-21,2247,North Bay Parry Sound District Health Unit,0.0215,140.0,1.08,0.7724,0.9149
28717,2021-07-21,2246,Niagara Regional Area Health Unit,0.0119,385.0,0.81,0.7598,0.8836
28718,2021-07-21,2244,Middlesex-London Health Unit,0.0104,645.0,1.27,0.8479,0.957
28719,2021-07-21,2243,"Leeds, Grenville and Lanark District Health Unit",0.0008,169.0,0.97,0.883,0.979
28720,2021-07-21,2242,Lambton Health Unit,0.0068,127.0,0.97,0.7778,0.9645
28721,2021-07-21,2241,"Kingston, Frontenac and Lennox and Addington Health Unit",0.0014,305.0,1.43,0.9417,0.9736
28722,2021-07-21,5183,Huron Perth Health Unit,0.012,179.0,1.28,0.8438,0.9606
28723,2021-07-21,2238,Hastings and Prince Edward Counties Health Unit,0.0036,238.0,1.41,0.9451,0.9801
28724,2021-07-21,2236,Halton Regional Health Unit,0.0097,734.0,1.19,0.8234,0.9038
28725,2021-07-21,2235,"Haliburton, Kawartha, Pine Ridge District Health Unit",0.0097,222.0,1.17,0.7296,0.9537
28726,2021-07-21,2234,Haldimand-Norfolk Health Unit,0.0142,80.0,0.7,0.7926,0.9551
28727,2021-07-21,2233,Grey Bruce Health Unit,0.0464,271.0,1.6,0.7859,0.9604
28728,2021-07-21,2258,Eastern Ontario Health Unit,0.0059,241.0,1.15,0.8493,0.9704
28729,2021-07-21,2230,Durham Regional Health Unit,0.0108,659.0,0.93,0.7997,0.9192
28730,2021-07-21,2226,District of Algoma Health Unit,0.0065,131.0,1.15,0.798,0.9354
28731,2021-07-21,3895,City of Toronto Health Unit,0.0073,3831.0,1.23,0.7895,0.9056
28732,2021-07-21,2251,City of Ottawa Health Unit,0.0028,1074.0,1.02,0.8286,0.9463
28733,2021-07-21,2237,City of Hamilton Health Unit,0.0233,706.0,1.19,0.8314,0.9349
28734,2021-07-21,2240,Chatham-Kent Health Unit,0.0031,137.0,1.28,0.8371,0.9822
28735,2021-07-21,2227,Brant County Health Unit,0.0057,150.0,0.96,0.7702,0.9271
28736,2021-07-20,2270,York Regional Health Unit,0.0056,1447.0,1.18,0.7643,0.9111
28737,2021-07-20,2268,Windsor-Essex County Health Unit,0.004,464.0,1.09,0.6666,0.8912
28738,2021-07-20,2266,Wellington-Dufferin-Guelph Health Unit,0.0095,376.0,1.21,0.7942,0.9457
28739,2021-07-20,2265,Waterloo Health Unit,0.0267,713.0,1.22,0.7832,0.9299
28740,2021-07-20,2263,Timiskaming Health Unit,0.0,31.0,0.94,0.7904,0.9669
28741,2021-07-20,2262,Thunder Bay District Health Unit,0.0023,186.0,1.24,0.8095,0.9288
28742,2021-07-20,2261,Sudbury and District Health Unit,0.0031,228.0,1.15,0.8934,0.977
28743,2021-07-20,4913,Southwestern Public Health,0.011,234.0,1.11,0.8256,0.9583
28744,2021-07-20,2260,Simcoe Muskoka District Health Unit,0.0025,686.0,1.14,0.8096,0.9498
28745,2021-07-20,2257,Renfrew County and District Health Unit,0.0,91.0,0.84,0.7902,0.9644
28746,2021-07-20,2256,Porcupine Health Unit,0.0177,210.0,2.51,0.5847,0.7605
28747,2021-07-20,2255,Peterborough County-City Health Unit,0.0038,149.0,1.01,0.852,0.9693
28748,2021-07-20,2253,Peel Regional Health Unit,0.0077,1617.0,1.01,0.7892,0.9042
28749,2021-07-20,35,Ontario,0.0089,17562.0,1.18,0.7926,0.927
28750,2021-07-20,2249,Northwestern Health Unit,0.0028,154.0,1.76,0.448,0.802
28751,2021-07-20,2247,North Bay Parry Sound District Health Unit,0.023,149.0,1.15,0.7359,0.8899
28752,2021-07-20,2246,Niagara Regional Area Health Unit,0.0122,397.0,0.84,0.7555,0.8961
28753,2021-07-20,2244,Middlesex-London Health Unit,0.01,668.0,1.32,0.8424,0.9569
28754,2021-07-20,2243,"Leeds, Grenville and Lanark District Health Unit",0.0008,175.0,1.01,0.851,0.983
28755,2021-07-20,2242,Lambton Health Unit,0.0068,127.0,0.97,0.7729,0.964
28756,2021-07-20,2241,"Kingston, Frontenac and Lennox and Addington Health Unit",0.0013,324.0,1.52,0.9379,0.9805
28757,2021-07-20,5183,Huron Perth Health Unit,0.0137,188.0,1.34,0.8546,0.9584
28758,2021-07-20,2238,Hastings and Prince Edward Counties Health Unit,0.0041,243.0,1.44,0.9407,0.9825
28759,2021-07-20,2236,Halton Regional Health Unit,0.0096,733.0,1.18,0.8261,0.9074
28760,2021-07-20,2235,"Haliburton, Kawartha, Pine Ridge District Health Unit",0.0073,215.0,1.14,0.7147,0.9587
28761,2021-07-20,2234,Haldimand-Norfolk Health Unit,0.0127,90.0,0.79,0.7758,0.953
28762,2021-07-20,2233,Grey Bruce Health Unit,0.0579,284.0,1.67,0.7893,0.9597
28763,2021-07-20,2258,Eastern Ontario Health Unit,0.0041,243.0,1.16,0.8335,0.9707
28764,2021-07-20,2230,Durham Regional Health Unit,0.0102,672.0,0.94,0.7923,0.9342
28765,2021-07-20,2226,District of Algoma Health Unit,0.0064,156.0,1.36,0.7724,0.951
28766,2021-07-20,3895,City of Toronto Health Unit,0.0065,4012.0,1.29,0.7855,0.9131
28767,2021-07-20,2251,City of Ottawa Health Unit,0.0025,1094.0,1.04,0.8287,0.9593
28768,2021-07-20,2237,City of Hamilton Health Unit,0.0199,723.0,1.22,0.8127,0.9424
28769,2021-07-20,2240,Chatham-Kent Health Unit,0.0021,139.0,1.3,0.8249,0.9784
28770,2021-07-20,2227,Brant County Health Unit,0.0063,158.0,1.02,0.7582,0.926
28771,2021-07-19,2270,York Regional Health Unit,0.005,1494.0,1.22,0.7471,0.8981
28772,2021-07-19,2268,Windsor-Essex County Health Unit,0.0045,475.0,1.12,0.6908,0.8923
28773,2021-07-19,2266,Wellington-Dufferin-Guelph Health Unit,0.0105,393.0,1.26,0.7952,0.9448
28774,2021-07-19,2265,Waterloo Health Unit,0.0273,722.0,1.24,0.7889,0.9281
28775,2021-07-19,2263,Timiskaming Health Unit,0.0,37.0,1.12,0.8218,0.9673
28776,2021-07-19,2262,Thunder Bay District Health Unit,0.003,193.0,1.29,0.8245,0.9425
28777,2021-07-19,2261,Sudbury and District Health Unit,0.0038,227.0,1.14,0.8595,0.9766
28778,2021-07-19,4913,Southwestern Public Health,0.0105,259.0,1.22,0.8251,0.9573
28779,2021-07-19,2260,Simcoe Muskoka District Health Unit,0.0026,716.0,1.19,0.8127,0.9473
28780,2021-07-19,2257,Renfrew County and District Health Unit,0.0,106.0,0.97,0.8256,0.9821
28781,2021-07-19,2256,Porcupine Health Unit,0.0184,202.0,2.42,0.6588,0.8749
28782,2021-07-19,2255,Peterborough County-City Health Unit,0.0028,152.0,1.03,0.8583,0.9655
28783,2021-07-19,2253,Peel Regional Health Unit,0.0064,1698.0,1.06,0.7755,0.8914
28784,2021-07-19,35,Ontario,0.0083,18209.0,1.23,0.7871,0.9207
28785,2021-07-19,2249,Northwestern Health Unit,0.0019,154.0,1.75,0.4641,0.7901
28786,2021-07-19,2247,North Bay Parry Sound District Health Unit,0.0219,150.0,1.16,0.7277,0.8786
28787,2021-07-19,2246,Niagara Regional Area Health Unit,0.0101,423.0,0.9,0.7361,0.8816
28788,2021-07-19,2244,Middlesex-London Health Unit,0.0095,695.0,1.37,0.8397,0.9527
28789,2021-07-19,2243,"Leeds, Grenville and Lanark District Health Unit",0.0022,191.0,1.1,0.8557,0.9853
28790,2021-07-19,2242,Lambton Health Unit,0.0056,128.0,0.98,0.7732,0.964
28791,2021-07-19,2241,"Kingston, Frontenac and Lennox and Addington Health Unit",0.0017,340.0,1.6,0.9389,0.9794
28792,2021-07-19,5183,Huron Perth Health Unit,0.0086,215.0,1.54,0.8639,0.9647
28793,2021-07-19,2238,Hastings and Prince Edward Counties Health Unit,0.0038,265.0,1.57,0.9422,0.9833
28794,2021-07-19,2236,Halton Regional Health Unit,0.008,737.0,1.19,0.8128,0.8981
28795,2021-07-19,2235,"Haliburton, Kawartha, Pine Ridge District Health Unit",0.0058,223.0,1.18,0.7201,0.9522
28796,2021-07-19,2234,Haldimand-Norfolk Health Unit,0.0077,93.0,0.81,0.7934,0.9532
28797,2021-07-19,2233,Grey Bruce Health Unit,0.0616,283.0,1.67,0.796,0.9614
28798,2021-07-19,2258,Eastern Ontario Health Unit,0.0041,245.0,1.18,0.8479,0.9708
28799,2021-07-19,2230,Durham Regional Health Unit,0.0092,681.0,0.96,0.7838,0.9287
28800,2021-07-19,2226,District of Algoma Health Unit,0.0057,177.0,1.55,0.802,0.9564
28801,2021-07-19,3895,City of Toronto Health Unit,0.0059,4194.0,1.34,0.767,0.8961
28802,2021-07-19,2251,City of Ottawa Health Unit,0.0019,1119.0,1.06,0.8233,0.9595
28803,2021-07-19,2237,City of Hamilton Health Unit,0.0186,731.0,1.23,0.814,0.9399
28804,2021-07-19,2240,Chatham-Kent Health Unit,0.001,137.0,1.29,0.8384,0.981
28805,2021-07-19,2227,Brant County Health Unit,0.0061,163.0,1.05,0.7663,0.9268
28806,2021-07-18,2270,York Regional Health Unit,0.0046,1537.0,1.25,0.745,0.8904
28807,2021-07-18,2268,Windsor-Essex County Health Unit,0.0045,504.0,1.19,0.6911,0.8905
28808,2021-07-18,2266,Wellington-Dufferin-Guelph Health Unit,0.0093,413.0,1.32,0.7852,0.944
28809,2021-07-18,2265,Waterloo Health Unit,0.0277,753.0,1.29,0.7825,0.9252
28810,2021-07-18,2263,Timiskaming Health Unit,0.0,40.0,1.21,0.8233,0.9662
28811,2021-07-18,2262,Thunder Bay District Health Unit,0.0021,202.0,1.35,0.8101,0.9256
28812,2021-07-18,2261,Sudbury and District Health Unit,0.0044,230.0,1.15,0.8543,0.9729
28813,2021-07-18,4913,Southwestern Public Health,0.0102,266.0,1.26,0.8258,0.9593
28814,2021-07-18,2260,Simcoe Muskoka District Health Unit,0.0031,739.0,1.23,0.8096,0.9443
28815,2021-07-18,2257,Renfrew County and District Health Unit,0.0,122.0,1.13,0.8353,0.9809
28816,2021-07-18,2256,Porcupine Health Unit,0.0193,200.0,2.4,0.6486,0.8586
28817,2021-07-18,2255,Peterborough County-City Health Unit,0.0027,158.0,1.07,0.8651,0.9663
28818,2021-07-18,2253,Peel Regional Health Unit,0.0065,1786.0,1.11,0.7747,0.8845
28819,2021-07-18,35,Ontario,0.008,18925.0,1.28,0.7862,0.9146
28820,2021-07-18,2249,Northwestern Health Unit,0.0018,163.0,1.86,0.4557,0.7875
28821,2021-07-18,2247,North Bay Parry Sound District Health Unit,0.0178,152.0,1.17,0.7197,0.8691
28822,2021-07-18,2246,Niagara Regional Area Health Unit,0.0073,450.0,0.95,0.7265,0.8657
28823,2021-07-18,2244,Middlesex-London Health Unit,0.0095,707.0,1.39,0.8435,0.9519
28824,2021-07-18,2243,"Leeds, Grenville and Lanark District Health Unit",0.0019,222.0,1.28,0.8483,0.9855
28825,2021-07-18,2242,Lambton Health Unit,0.0044,131.0,1.0,0.7774,0.962
28826,2021-07-18,2241,"Kingston, Frontenac and Lennox and Addington Health Unit",0.002,351.0,1.65,0.9332,0.9741
28827,2021-07-18,5183,Huron Perth Health Unit,0.008,250.0,1.79,0.8609,0.9638
28828,2021-07-18,2238,Hastings and Prince Edward Counties Health Unit,0.0035,284.0,1.68,0.9409,0.9784
28829,2021-07-18,2236,Halton Regional Health Unit,0.0069,740.0,1.2,0.8099,0.8924
28830,2021-07-18,2235,"Haliburton, Kawartha, Pine Ridge District Health Unit",0.0036,238.0,1.26,0.7242,0.9507
28831,2021-07-18,2234,Haldimand-Norfolk Health Unit,0.0055,104.0,0.92,0.787,0.9454
28832,2021-07-18,2233,Grey Bruce Health Unit,0.0714,292.0,1.72,0.8251,0.9574
28833,2021-07-18,2258,Eastern Ontario Health Unit,0.0016,266.0,1.28,0.847,0.9708
28834,2021-07-18,2230,Durham Regional Health Unit,0.0072,692.0,0.97,0.7951,0.9209
28835,2021-07-18,2226,District of Algoma Health Unit,0.0038,228.0,2.0,0.8044,0.954
28836,2021-07-18,3895,City of Toronto Health Unit,0.0058,4280.0,1.37,0.7653,0.8859
28837,2021-07-18,2251,City of Ottawa Health Unit,0.0016,1149.0,1.09,0.8213,0.9537
28838,2021-07-18,2237,City of Hamilton Health Unit,0.0186,753.0,1.27,0.8074,0.9323
28839,2021-07-18,2240,Chatham-Kent Health Unit,0.0019,148.0,1.39,0.8573,0.9781
28840,2021-07-18,2227,Brant County Health Unit,0.0032,180.0,1.16,0.7895,0.9305
28841,2021-07-17,2270,York Regional Health Unit,0.0043,1544.0,1.26,0.7401,0.8833
28842,2021-07-17,2268,Windsor-Essex County Health Unit,0.0051,503.0,1.18,0.6816,0.8878
28843,2021-07-17,2266,Wellington-Dufferin-Guelph Health Unit,0.0099,417.0,1.34,0.7877,0.9468
28844,2021-07-17,2265,Waterloo Health Unit,0.0287,751.0,1.28,0.7718,0.9242
28845,2021-07-17,2263,Timiskaming Health Unit,0.0,38.0,1.17,0.8359,0.9618
28846,2021-07-17,2262,Thunder Bay District Health Unit,0.0029,199.0,1.33,0.7872,0.9141
28847,2021-07-17,2261,Sudbury and District Health Unit,0.0039,255.0,1.28,0.8535,0.9727
28848,2021-07-17,4913,Southwestern Public Health,0.0101,268.0,1.27,0.8149,0.9596
28849,2021-07-17,2260,Simcoe Muskoka District Health Unit,0.0035,742.0,1.24,0.8092,0.9441
28850,2021-07-17,2257,Renfrew County and District Health Unit,0.0,123.0,1.14,0.8324,0.979
28851,2021-07-17,2256,Porcupine Health Unit,0.0214,200.0,2.4,0.6729,0.8699
28852,2021-07-17,2255,Peterborough County-City Health Unit,0.0009,158.0,1.07,0.8541,0.9604
28853,2021-07-17,2253,Peel Regional Health Unit,0.0066,1803.0,1.12,0.7672,0.8791
28854,2021-07-17,35,Ontario,0.0081,18992.0,1.28,0.7819,0.9123
28855,2021-07-17,2249,Northwestern Health Unit,0.0027,161.0,1.84,0.4262,0.7626
28856,2021-07-17,2247,North Bay Parry Sound District Health Unit,0.0177,154.0,1.18,0.7302,0.876
28857,2021-07-17,2246,Niagara Regional Area Health Unit,0.0077,463.0,0.98,0.7194,0.8613
28858,2021-07-17,2244,Middlesex-London Health Unit,0.0104,713.0,1.41,0.843,0.9525
28859,2021-07-17,2243,"Leeds, Grenville and Lanark District Health Unit",0.0019,225.0,1.3,0.8504,0.9862
28860,2021-07-17,2242,Lambton Health Unit,0.0054,132.0,1.01,0.7648,0.9638
28861,2021-07-17,2241,"Kingston, Frontenac and Lennox and Addington Health Unit",0.002,352.0,1.65,0.9271,0.9765
28862,2021-07-17,5183,Huron Perth Health Unit,0.0084,255.0,1.82,0.854,0.9666
28863,2021-07-17,2238,Hastings and Prince Edward Counties Health Unit,0.003,289.0,1.71,0.9335,0.9788
28864,2021-07-17,2236,Halton Regional Health Unit,0.0062,737.0,1.19,0.802,0.8837
28865,2021-07-17,2235,"Haliburton, Kawartha, Pine Ridge District Health Unit",0.0036,237.0,1.25,0.732,0.9476
28866,2021-07-17,2234,Haldimand-Norfolk Health Unit,0.0054,105.0,0.92,0.782,0.9517
28867,2021-07-17,2233,Grey Bruce Health Unit,0.0729,294.0,1.73,0.8396,0.9582
28868,2021-07-17,2258,Eastern Ontario Health Unit,0.0016,264.0,1.26,0.8545,0.973
28869,2021-07-17,2230,Durham Regional Health Unit,0.0071,687.0,0.96,0.7996,0.9221
28870,2021-07-17,2226,District of Algoma Health Unit,0.0037,233.0,2.03,0.7853,0.9302
28871,2021-07-17,3895,City of Toronto Health Unit,0.0058,4245.0,1.36,0.7625,0.8841
28872,2021-07-17,2251,City of Ottawa Health Unit,0.0014,1158.0,1.1,0.8224,0.9551
28873,2021-07-17,2237,City of Hamilton Health Unit,0.0197,741.0,1.25,0.7844,0.9276
28874,2021-07-17,2240,Chatham-Kent Health Unit,0.0019,152.0,1.43,0.8549,0.9741
28875,2021-07-17,2227,Brant County Health Unit,0.0035,202.0,1.3,0.7902,0.9326
28876,2021-07-16,2270,York Regional Health Unit,0.004,1544.0,1.26,0.7412,0.8882
28877,2021-07-16,2268,Windsor-Essex County Health Unit,0.0054,500.0,1.18,0.6988,0.889
28878,2021-07-16,2266,Wellington-Dufferin-Guelph Health Unit,0.0104,426.0,1.37,0.794,0.943
28879,2021-07-16,2265,Waterloo Health Unit,0.0313,758.0,1.3,0.77,0.9254
28880,2021-07-16,2263,Timiskaming Health Unit,0.0,38.0,1.16,0.8224,0.9459
28881,2021-07-16,2262,Thunder Bay District Health Unit,0.0029,199.0,1.32,0.6546,0.8603
28882,2021-07-16,2261,Sudbury and District Health Unit,0.0045,256.0,1.29,0.8481,0.9704
28883,2021-07-16,4913,Southwestern Public Health,0.008,269.0,1.27,0.8216,0.9624
28884,2021-07-16,2260,Simcoe Muskoka District Health Unit,0.0032,751.0,1.25,0.8067,0.9446
28885,2021-07-16,2257,Renfrew County and District Health Unit,0.0,124.0,1.14,0.8485,0.9793
28886,2021-07-16,2256,Porcupine Health Unit,0.0221,194.0,2.32,0.6577,0.8629
28887,2021-07-16,2255,Peterborough County-City Health Unit,0.0046,156.0,1.05,0.8424,0.9658
28888,2021-07-16,2253,Peel Regional Health Unit,0.0059,1816.0,1.13,0.766,0.8824
28889,2021-07-16,35,Ontario,0.008,19063.0,1.29,0.7801,0.9121
28890,2021-07-16,2249,Northwestern Health Unit,0.0026,165.0,1.88,0.384,0.7066
28891,2021-07-16,2247,North Bay Parry Sound District Health Unit,0.0177,153.0,1.18,0.7313,0.8692
28892,2021-07-16,2246,Niagara Regional Area Health Unit,0.0089,464.0,0.98,0.7165,0.8588
28893,2021-07-16,2244,Middlesex-London Health Unit,0.0107,723.0,1.42,0.8365,0.9546
28894,2021-07-16,2243,"Leeds, Grenville and Lanark District Health Unit",0.0019,229.0,1.32,0.8521,0.9865
28895,2021-07-16,2242,Lambton Health Unit,0.0031,137.0,1.05,0.7359,0.9657
28896,2021-07-16,2241,"Kingston, Frontenac and Lennox and Addington Health Unit",0.0019,367.0,1.73,0.9195,0.9747
28897,2021-07-16,5183,Huron Perth Health Unit,0.0079,255.0,1.82,0.8555,0.9672
28898,2021-07-16,2238,Hastings and Prince Edward Counties Health Unit,0.0025,287.0,1.71,0.9306,0.979
28899,2021-07-16,2236,Halton Regional Health Unit,0.0065,731.0,1.18,0.8017,0.8825
28900,2021-07-16,2235,"Haliburton, Kawartha, Pine Ridge District Health Unit",0.0041,242.0,1.28,0.7433,0.945
28901,2021-07-16,2234,Haldimand-Norfolk Health Unit,0.0053,108.0,0.94,0.8048,0.9566
28902,2021-07-16,2233,Grey Bruce Health Unit,0.0722,287.0,1.69,0.8417,0.9623
28903,2021-07-16,2258,Eastern Ontario Health Unit,0.0016,265.0,1.27,0.8646,0.9754
28904,2021-07-16,2230,Durham Regional Health Unit,0.0074,694.0,0.97,0.794,0.9231
28905,2021-07-16,2226,District of Algoma Health Unit,0.003,236.0,2.06,0.7832,0.9272
28906,2021-07-16,3895,City of Toronto Health Unit,0.0054,4264.0,1.37,0.7646,0.8874
28907,2021-07-16,2251,City of Ottawa Health Unit,0.0011,1155.0,1.09,0.8275,0.9556
28908,2021-07-16,2237,City of Hamilton Health Unit,0.0189,726.0,1.23,0.785,0.9255
28909,2021-07-16,2240,Chatham-Kent Health Unit,0.0019,153.0,1.44,0.8487,0.966
28910,2021-07-16,2227,Brant County Health Unit,0.0035,203.0,1.31,0.7803,0.9268
28911,2021-07-15,2270,York Regional Health Unit,0.0036,1587.0,1.29,0.7435,0.8954
28912,2021-07-15,2268,Windsor-Essex County Health Unit,0.0061,515.0,1.21,0.6981,0.8949
28913,2021-07-15,2266,Wellington-Dufferin-Guelph Health Unit,0.0122,433.0,1.39,0.7888,0.9466
28914,2021-07-15,2265,Waterloo Health Unit,0.0298,771.0,1.32,0.782,0.9281
28915,2021-07-15,2263,Timiskaming Health Unit,0.0,36.0,1.11,0.8249,0.9494
28916,2021-07-15,2262,Thunder Bay District Health Unit,0.0028,203.0,1.35,0.6039,0.8193
28917,2021-07-15,2261,Sudbury and District Health Unit,0.0044,257.0,1.29,0.839,0.9672
28918,2021-07-15,4913,Southwestern Public Health,0.0076,281.0,1.33,0.8197,0.9667
28919,2021-07-15,2260,Simcoe Muskoka District Health Unit,0.003,768.0,1.28,0.8282,0.9555
28920,2021-07-15,2257,Renfrew County and District Health Unit,0.0,126.0,1.16,0.874,0.9909
28921,2021-07-15,2256,Porcupine Health Unit,0.0191,172.0,2.07,0.6415,0.8639
28922,2021-07-15,2255,Peterborough County-City Health Unit,0.0054,160.0,1.08,0.8385,0.9663
28923,2021-07-15,2253,Peel Regional Health Unit,0.0059,1842.0,1.15,0.7798,0.8924
28924,2021-07-15,35,Ontario,0.0077,19412.0,1.31,0.7847,0.9159
28925,2021-07-15,2249,Northwestern Health Unit,0.0042,168.0,1.92,0.3725,0.6844
28926,2021-07-15,2247,North Bay Parry Sound District Health Unit,0.0158,163.0,1.26,0.759,0.8686
28927,2021-07-15,2246,Niagara Regional Area Health Unit,0.0086,484.0,1.02,0.7183,0.8672
28928,2021-07-15,2244,Middlesex-London Health Unit,0.0114,741.0,1.46,0.8428,0.9607
28929,2021-07-15,2243,"Leeds, Grenville and Lanark District Health Unit",0.0012,233.0,1.35,0.8576,0.9882
28930,2021-07-15,2242,Lambton Health Unit,0.003,142.0,1.09,0.6876,0.9699
28931,2021-07-15,2241,"Kingston, Frontenac and Lennox and Addington Health Unit",0.0019,369.0,1.73,0.9249,0.9768
28932,2021-07-15,5183,Huron Perth Health Unit,0.0061,259.0,1.85,0.8441,0.9669
28933,2021-07-15,2238,Hastings and Prince Edward Counties Health Unit,0.0024,292.0,1.73,0.9294,0.9806
28934,2021-07-15,2236,Halton Regional Health Unit,0.0065,730.0,1.18,0.8113,0.8876
28935,2021-07-15,2235,"Haliburton, Kawartha, Pine Ridge District Health Unit",0.004,249.0,1.32,0.7315,0.9517
28936,2021-07-15,2234,Haldimand-Norfolk Health Unit,0.0025,115.0,1.01,0.8261,0.9569
28937,2021-07-15,2233,Grey Bruce Health Unit,0.0722,287.0,1.69,0.8273,0.9672
28938,2021-07-15,2258,Eastern Ontario Health Unit,0.0011,270.0,1.3,0.879,0.9796
28939,2021-07-15,2230,Durham Regional Health Unit,0.0064,696.0,0.98,0.7986,0.9248
28940,2021-07-15,2226,District of Algoma Health Unit,0.0012,243.0,2.13,0.7774,0.9279
28941,2021-07-15,3895,City of Toronto Health Unit,0.0052,4359.0,1.4,0.7737,0.891
28942,2021-07-15,2251,City of Ottawa Health Unit,0.0012,1178.0,1.12,0.8537,0.9718
28943,2021-07-15,2237,City of Hamilton Health Unit,0.0186,723.0,1.22,0.7632,0.9094
28944,2021-07-15,2240,Chatham-Kent Health Unit,0.0009,157.0,1.48,0.8413,0.9659
28945,2021-07-15,2227,Brant County Health Unit,0.0048,207.0,1.34,0.7947,0.9309
28946,2021-07-14,2270,York Regional Health Unit,0.0033,1615.0,1.32,0.7578,0.9048
28947,2021-07-14,2268,Windsor-Essex County Health Unit,0.0064,516.0,1.22,0.7231,0.9138
28948,2021-07-14,2266,Wellington-Dufferin-Guelph Health Unit,0.0148,414.0,1.33,0.7907,0.9544
28949,2021-07-14,2265,Waterloo Health Unit,0.029,769.0,1.32,0.7899,0.9392
28950,2021-07-14,2263,Timiskaming Health Unit,0.0,36.0,1.09,0.8266,0.9597
28951,2021-07-14,2262,Thunder Bay District Health Unit,0.0013,218.0,1.45,0.5689,0.7926
28952,2021-07-14,2261,Sudbury and District Health Unit,0.0022,261.0,1.31,0.8439,0.9707
28953,2021-07-14,4913,Southwestern Public Health,0.0057,278.0,1.31,0.8278,0.9663
28954,2021-07-14,2260,Simcoe Muskoka District Health Unit,0.0033,781.0,1.3,0.8382,0.9574
28955,2021-07-14,2257,Renfrew County and District Health Unit,0.0,129.0,1.19,0.852,0.9915
28956,2021-07-14,2256,Porcupine Health Unit,0.0137,177.0,2.12,0.6531,0.8685
28957,2021-07-14,2255,Peterborough County-City Health Unit,0.0069,165.0,1.11,0.837,0.9748
28958,2021-07-14,2253,Peel Regional Health Unit,0.0071,1890.0,1.18,0.8102,0.9097
28959,2021-07-14,35,Ontario,0.0076,19588.0,1.32,0.7977,0.9244
28960,2021-07-14,2249,Northwestern Health Unit,0.0033,172.0,1.96,0.3379,0.6279
28961,2021-07-14,2247,North Bay Parry Sound District Health Unit,0.0139,154.0,1.19,0.761,0.8805
28962,2021-07-14,2246,Niagara Regional Area Health Unit,0.0086,501.0,1.06,0.7324,0.8738
28963,2021-07-14,2244,Middlesex-London Health Unit,0.0116,738.0,1.45,0.8566,0.9671
28964,2021-07-14,2243,"Leeds, Grenville and Lanark District Health Unit",0.0012,233.0,1.34,0.8495,0.9944
28965,2021-07-14,2242,Lambton Health Unit,0.0067,150.0,1.14,0.6171,0.9802
28966,2021-07-14,2241,"Kingston, Frontenac and Lennox and Addington Health Unit",0.0015,376.0,1.77,0.921,0.9799
28967,2021-07-14,5183,Huron Perth Health Unit,0.0068,252.0,1.8,0.8437,0.9714
28968,2021-07-14,2238,Hastings and Prince Edward Counties Health Unit,0.002,289.0,1.71,0.911,0.9848
28969,2021-07-14,2236,Halton Regional Health Unit,0.0064,738.0,1.19,0.8316,0.8972
28970,2021-07-14,2235,"Haliburton, Kawartha, Pine Ridge District Health Unit",0.0081,246.0,1.3,0.7424,0.9625
28971,2021-07-14,2234,Haldimand-Norfolk Health Unit,0.0025,114.0,1.0,0.8252,0.9497
28972,2021-07-14,2233,Grey Bruce Health Unit,0.072,290.0,1.71,0.8216,0.9697
28973,2021-07-14,2258,Eastern Ontario Health Unit,0.0016,272.0,1.3,0.9077,0.9854
28974,2021-07-14,2230,Durham Regional Health Unit,0.0059,705.0,0.99,0.8187,0.937
28975,2021-07-14,2226,District of Algoma Health Unit,0.0006,243.0,2.12,0.7751,0.9348
28976,2021-07-14,3895,City of Toronto Health Unit,0.0052,4421.0,1.42,0.7946,0.902
28977,2021-07-14,2251,City of Ottawa Health Unit,0.0012,1178.0,1.12,0.858,0.9737
28978,2021-07-14,2237,City of Hamilton Health Unit,0.0163,717.0,1.21,0.7805,0.9137
28979,2021-07-14,2240,Chatham-Kent Health Unit,0.0009,152.0,1.43,0.8419,0.9669
28980,2021-07-14,2227,Brant County Health Unit,0.0056,202.0,1.3,0.8294,0.9431
28981,2021-07-13,2270,York Regional Health Unit,0.0034,1628.0,1.33,0.7841,0.9148
28982,2021-07-13,2268,Windsor-Essex County Health Unit,0.0059,511.0,1.2,0.7461,0.9563
28983,2021-07-13,2266,Wellington-Dufferin-Guelph Health Unit,0.0141,425.0,1.36,0.7791,0.9683
28984,2021-07-13,2265,Waterloo Health Unit,0.0307,796.0,1.36,0.819,0.9535
28985,2021-07-13,2263,Timiskaming Health Unit,0.0,35.0,1.08,0.8696,0.9565
28986,2021-07-13,2262,Thunder Bay District Health Unit,0.0013,218.0,1.45,0.5618,0.7806
28987,2021-07-13,2261,Sudbury and District Health Unit,0.0016,270.0,1.36,0.8553,0.9755
28988,2021-07-13,4913,Southwestern Public Health,0.0098,278.0,1.31,0.8391,0.9729
28989,2021-07-13,2260,Simcoe Muskoka District Health Unit,0.0032,769.0,1.28,0.8339,0.9596
28990,2021-07-13,2257,Renfrew County and District Health Unit,0.0,132.0,1.22,0.8418,0.991
28991,2021-07-13,2256,Porcupine Health Unit,0.0154,185.0,2.22,0.6271,0.831
28992,2021-07-13,2255,Peterborough County-City Health Unit,0.0083,172.0,1.16,0.841,0.9773
28993,2021-07-13,2253,Peel Regional Health Unit,0.0071,1921.0,1.2,0.8212,0.9132
28994,2021-07-13,35,Ontario,0.0077,19619.0,1.32,0.8091,0.9304
28995,2021-07-13,2249,Northwestern Health Unit,0.0033,172.0,1.96,0.3779,0.6145
28996,2021-07-13,2247,North Bay Parry Sound District Health Unit,0.0096,149.0,1.15,0.7701,0.8793
28997,2021-07-13,2246,Niagara Regional Area Health Unit,0.0084,512.0,1.08,0.728,0.8798
28998,2021-07-13,2244,Middlesex-London Health Unit,0.0116,742.0,1.46,0.8616,0.9702
28999,2021-07-13,2243,"Leeds, Grenville and Lanark District Health Unit",0.0012,229.0,1.32,0.8448,0.9946
29000,2021-07-13,2242,Lambton Health Unit,0.0069,166.0,1.27,0.6017,0.9706
29001,2021-07-13,2241,"Kingston, Frontenac and Lennox and Addington Health Unit",0.0023,374.0,1.76,0.9244,0.9814
29002,2021-07-13,5183,Huron Perth Health Unit,0.0066,258.0,1.85,0.8337,0.9749
29003,2021-07-13,2238,Hastings and Prince Edward Counties Health Unit,0.002,290.0,1.72,0.9171,0.9835
29004,2021-07-13,2236,Halton Regional Health Unit,0.0067,723.0,1.17,0.8433,0.9083
29005,2021-07-13,2235,"Haliburton, Kawartha, Pine Ridge District Health Unit",0.0076,265.0,1.4,0.7383,0.9601
29006,2021-07-13,2234,Haldimand-Norfolk Health Unit,0.0038,113.0,0.99,0.8239,0.9507
29007,2021-07-13,2233,Grey Bruce Health Unit,0.0596,290.0,1.71,0.8106,0.9693
29008,2021-07-13,2258,Eastern Ontario Health Unit,0.0021,276.0,1.32,0.916,0.9891
29009,2021-07-13,2230,Durham Regional Health Unit,0.0051,700.0,0.98,0.8376,0.9374
29010,2021-07-13,2226,District of Algoma Health Unit,0.0,238.0,2.08,0.7453,0.9278
29011,2021-07-13,3895,City of Toronto Health Unit,0.0054,4332.0,1.39,0.8106,0.9107
29012,2021-07-13,2251,City of Ottawa Health Unit,0.0017,1185.0,1.12,0.8634,0.9755
29013,2021-07-13,2237,City of Hamilton Health Unit,0.0163,702.0,1.18,0.8181,0.909
29014,2021-07-13,2240,Chatham-Kent Health Unit,0.0018,155.0,1.46,0.8506,0.9694
29015,2021-07-13,2227,Brant County Health Unit,0.0055,208.0,1.34,0.8202,0.9401
29016,2021-07-12,2270,York Regional Health Unit,0.0039,1602.0,1.31,0.8053,0.9301
29017,2021-07-12,2268,Windsor-Essex County Health Unit,0.0064,517.0,1.22,0.7473,0.9575
29018,2021-07-12,2266,Wellington-Dufferin-Guelph Health Unit,0.0137,427.0,1.37,0.773,0.9705
29019,2021-07-12,2265,Waterloo Health Unit,0.0366,812.0,1.39,0.8032,0.9585
29020,2021-07-12,2263,Timiskaming Health Unit,0.0,34.0,1.04,0.8604,0.9595
29021,2021-07-12,2262,Thunder Bay District Health Unit,0.0007,217.0,1.45,0.5383,0.7655
29022,2021-07-12,2261,Sudbury and District Health Unit,0.0011,269.0,1.35,0.8568,0.9749
29023,2021-07-12,4913,Southwestern Public Health,0.0087,278.0,1.31,0.8473,0.9746
29024,2021-07-12,2260,Simcoe Muskoka District Health Unit,0.0032,759.0,1.27,0.8357,0.9627
29025,2021-07-12,2257,Renfrew County and District Health Unit,0.0022,129.0,1.19,0.8367,0.9898
29026,2021-07-12,2256,Porcupine Health Unit,0.013,186.0,2.23,0.618,0.7923
29027,2021-07-12,2255,Peterborough County-City Health Unit,0.0137,177.0,1.2,0.8444,0.9814
29028,2021-07-12,2253,Peel Regional Health Unit,0.008,1877.0,1.17,0.8398,0.9287
29029,2021-07-12,35,Ontario,0.0083,19608.0,1.32,0.8198,0.9395
29030,2021-07-12,2249,Northwestern Health Unit,0.0033,175.0,1.99,0.3847,0.6256
29031,2021-07-12,2247,North Bay Parry Sound District Health Unit,0.0084,152.0,1.17,0.7893,0.9052
29032,2021-07-12,2246,Niagara Regional Area Health Unit,0.0102,506.0,1.07,0.7569,0.9032
29033,2021-07-12,2244,Middlesex-London Health Unit,0.0111,734.0,1.45,0.8691,0.9752
29034,2021-07-12,2243,"Leeds, Grenville and Lanark District Health Unit",0.0,239.0,1.38,0.8416,0.9859
29035,2021-07-12,2242,Lambton Health Unit,0.0089,193.0,1.48,0.6115,0.9719
29036,2021-07-12,2241,"Kingston, Frontenac and Lennox and Addington Health Unit",0.0034,377.0,1.77,0.925,0.9819
29037,2021-07-12,5183,Huron Perth Health Unit,0.0086,265.0,1.9,0.8395,0.9734
29038,2021-07-12,2238,Hastings and Prince Edward Counties Health Unit,0.0014,308.0,1.83,0.9177,0.9849
29039,2021-07-12,2236,Halton Regional Health Unit,0.0068,713.0,1.15,0.8558,0.9171
29040,2021-07-12,2235,"Haliburton, Kawartha, Pine Ridge District Health Unit",0.0078,276.0,1.46,0.7344,0.9667
29041,2021-07-12,2234,Haldimand-Norfolk Health Unit,0.0038,114.0,1.0,0.8235,0.9546
29042,2021-07-12,2233,Grey Bruce Health Unit,0.0593,296.0,1.74,0.8146,0.9714
29043,2021-07-12,2258,Eastern Ontario Health Unit,0.0015,293.0,1.41,0.9183,0.988
29044,2021-07-12,2230,Durham Regional Health Unit,0.0064,691.0,0.97,0.8443,0.9434
29045,2021-07-12,2226,District of Algoma Health Unit,0.0,240.0,2.1,0.7462,0.934
29046,2021-07-12,3895,City of Toronto Health Unit,0.0053,4311.0,1.38,0.836,0.9302
29047,2021-07-12,2251,City of Ottawa Health Unit,0.0022,1177.0,1.12,0.8641,0.9753
29048,2021-07-12,2237,City of Hamilton Health Unit,0.0189,697.0,1.18,0.8245,0.9142
29049,2021-07-12,2240,Chatham-Kent Health Unit,0.0027,157.0,1.48,0.8471,0.9682
29050,2021-07-12,2227,Brant County Health Unit,0.0082,210.0,1.35,0.8255,0.9428
29051,2021-07-11,2270,York Regional Health Unit,0.0039,1587.0,1.29,0.812,0.9371
29052,2021-07-11,2268,Windsor-Essex County Health Unit,0.0064,510.0,1.2,0.7355,0.9608
29053,2021-07-11,2266,Wellington-Dufferin-Guelph Health Unit,0.0158,416.0,1.33,0.7715,0.9722
29054,2021-07-11,2265,Waterloo Health Unit,0.0397,799.0,1.37,0.8068,0.962
29055,2021-07-11,2263,Timiskaming Health Unit,0.0045,32.0,0.97,0.8655,0.9596
29056,2021-07-11,2262,Thunder Bay District Health Unit,0.0013,222.0,1.48,0.5525,0.7643
29057,2021-07-11,2261,Sudbury and District Health Unit,0.0011,265.0,1.33,0.8684,0.9798
29058,2021-07-11,4913,Southwestern Public Health,0.0094,275.0,1.3,0.8453,0.974
29059,2021-07-11,2260,Simcoe Muskoka District Health Unit,0.0032,762.0,1.27,0.8379,0.9652
29060,2021-07-11,2257,Renfrew County and District Health Unit,0.0046,125.0,1.15,0.8288,0.9897
29061,2021-07-11,2256,Porcupine Health Unit,0.0148,184.0,2.2,0.6452,0.8276
29062,2021-07-11,2255,Peterborough County-City Health Unit,0.019,181.0,1.22,0.8491,0.9826
29063,2021-07-11,2253,Peel Regional Health Unit,0.0092,1849.0,1.15,0.8461,0.9391
29064,2021-07-11,35,Ontario,0.0088,19357.0,1.31,0.824,0.9464
29065,2021-07-11,2249,Northwestern Health Unit,0.0043,168.0,1.92,0.403,0.639
29066,2021-07-11,2247,North Bay Parry Sound District Health Unit,0.0082,156.0,1.2,0.7989,0.9142
29067,2021-07-11,2246,Niagara Regional Area Health Unit,0.0104,508.0,1.08,0.7658,0.9233
29068,2021-07-11,2244,Middlesex-London Health Unit,0.0103,736.0,1.45,0.8694,0.9768
29069,2021-07-11,2243,"Leeds, Grenville and Lanark District Health Unit",0.0,243.0,1.4,0.8514,0.9861
29070,2021-07-11,2242,Lambton Health Unit,0.0106,201.0,1.54,0.5969,0.9756
29071,2021-07-11,2241,"Kingston, Frontenac and Lennox and Addington Health Unit",0.0052,355.0,1.67,0.9293,0.9868
29072,2021-07-11,5183,Huron Perth Health Unit,0.0086,267.0,1.91,0.844,0.9756
29073,2021-07-11,2238,Hastings and Prince Edward Counties Health Unit,0.001,296.0,1.76,0.9174,0.9897
29074,2021-07-11,2236,Halton Regional Health Unit,0.007,695.0,1.12,0.8644,0.9257
29075,2021-07-11,2235,"Haliburton, Kawartha, Pine Ridge District Health Unit",0.0073,272.0,1.44,0.7376,0.9687
29076,2021-07-11,2234,Haldimand-Norfolk Health Unit,0.0063,114.0,1.0,0.8252,0.9613
29077,2021-07-11,2233,Grey Bruce Health Unit,0.0545,296.0,1.74,0.8323,0.9744
29078,2021-07-11,2258,Eastern Ontario Health Unit,0.0015,290.0,1.39,0.9186,0.9891
29079,2021-07-11,2230,Durham Regional Health Unit,0.0069,665.0,0.93,0.8489,0.9513
29080,2021-07-11,2226,District of Algoma Health Unit,0.0,242.0,2.11,0.7451,0.9358
29081,2021-07-11,3895,City of Toronto Health Unit,0.0052,4285.0,1.37,0.8415,0.9394
29082,2021-07-11,2251,City of Ottawa Health Unit,0.0027,1161.0,1.1,0.8682,0.9809
29083,2021-07-11,2237,City of Hamilton Health Unit,0.0213,658.0,1.11,0.8259,0.9209
29084,2021-07-11,2240,Chatham-Kent Health Unit,0.0029,147.0,1.38,0.8406,0.9711
29085,2021-07-11,2227,Brant County Health Unit,0.0122,199.0,1.28,0.8139,0.9442
29086,2021-07-10,2270,York Regional Health Unit,0.0041,1583.0,1.29,0.8217,0.947
29087,2021-07-10,2268,Windsor-Essex County Health Unit,0.0061,511.0,1.2,0.7384,0.9595
29088,2021-07-10,2266,Wellington-Dufferin-Guelph Health Unit,0.0163,412.0,1.32,0.757,0.9688
29089,2021-07-10,2265,Waterloo Health Unit,0.0416,810.0,1.39,0.8083,0.9606
29090,2021-07-10,2263,Timiskaming Health Unit,0.0045,32.0,0.97,0.8704,0.9676
29091,2021-07-10,2262,Thunder Bay District Health Unit,0.0006,225.0,1.5,0.5835,0.7691
29092,2021-07-10,2261,Sudbury and District Health Unit,0.0011,261.0,1.31,0.8838,0.9778
29093,2021-07-10,4913,Southwestern Public Health,0.01,270.0,1.28,0.8539,0.9737
29094,2021-07-10,2260,Simcoe Muskoka District Health Unit,0.0036,757.0,1.26,0.8404,0.9673
29095,2021-07-10,2257,Renfrew County and District Health Unit,0.0046,124.0,1.14,0.7912,0.9834
29096,2021-07-10,2256,Porcupine Health Unit,0.0162,185.0,2.22,0.6343,0.8262
29097,2021-07-10,2255,Peterborough County-City Health Unit,0.0205,181.0,1.22,0.8406,0.9789
29098,2021-07-10,2253,Peel Regional Health Unit,0.0102,1834.0,1.14,0.8538,0.9435
29099,2021-07-10,35,Ontario,0.0093,19247.0,1.3,0.827,0.9494
29100,2021-07-10,2249,Northwestern Health Unit,0.0034,167.0,1.91,0.4291,0.7071
29101,2021-07-10,2247,North Bay Parry Sound District Health Unit,0.0065,154.0,1.19,0.8021,0.9167
29102,2021-07-10,2246,Niagara Regional Area Health Unit,0.0117,500.0,1.06,0.7644,0.9279
29103,2021-07-10,2244,Middlesex-London Health Unit,0.0107,736.0,1.45,0.8665,0.9783
29104,2021-07-10,2243,"Leeds, Grenville and Lanark District Health Unit",0.0017,247.0,1.42,0.8484,0.9839
29105,2021-07-10,2242,Lambton Health Unit,0.0105,204.0,1.55,0.5438,0.9769
29106,2021-07-10,2241,"Kingston, Frontenac and Lennox and Addington Health Unit",0.0068,357.0,1.68,0.9299,0.9855
29107,2021-07-10,5183,Huron Perth Health Unit,0.0092,265.0,1.89,0.847,0.9719
29108,2021-07-10,2238,Hastings and Prince Edward Counties Health Unit,0.0015,295.0,1.75,0.9047,0.9826
29109,2021-07-10,2236,Halton Regional Health Unit,0.0069,679.0,1.1,0.8648,0.9291
29110,2021-07-10,2235,"Haliburton, Kawartha, Pine Ridge District Health Unit",0.0083,275.0,1.46,0.7318,0.9726
29111,2021-07-10,2234,Haldimand-Norfolk Health Unit,0.0062,115.0,1.01,0.8346,0.9599
29112,2021-07-10,2233,Grey Bruce Health Unit,0.0519,295.0,1.73,0.8514,0.9781
29113,2021-07-10,2258,Eastern Ontario Health Unit,0.0025,289.0,1.38,0.9147,0.9876
29114,2021-07-10,2230,Durham Regional Health Unit,0.0071,668.0,0.94,0.8427,0.9508
29115,2021-07-10,2226,District of Algoma Health Unit,0.0,246.0,2.15,0.7591,0.9481
29116,2021-07-10,3895,City of Toronto Health Unit,0.0054,4257.0,1.36,0.8476,0.9435
29117,2021-07-10,2251,City of Ottawa Health Unit,0.0027,1150.0,1.09,0.8652,0.981
29118,2021-07-10,2237,City of Hamilton Health Unit,0.0212,647.0,1.09,0.852,0.9235
29119,2021-07-10,2240,Chatham-Kent Health Unit,0.003,144.0,1.35,0.8455,0.9754
29120,2021-07-10,2227,Brant County Health Unit,0.0136,178.0,1.15,0.8,0.9425
29121,2021-07-09,2270,York Regional Health Unit,0.0041,1606.0,1.31,0.8239,0.9432
29122,2021-07-09,2268,Windsor-Essex County Health Unit,0.0069,518.0,1.22,0.7238,0.9574
29123,2021-07-09,2266,Wellington-Dufferin-Guelph Health Unit,0.0151,407.0,1.3,0.747,0.9697
29124,2021-07-09,2265,Waterloo Health Unit,0.0427,804.0,1.38,0.8167,0.9609
29125,2021-07-09,2263,Timiskaming Health Unit,0.0046,31.0,0.96,0.8731,0.9797
29126,2021-07-09,2262,Thunder Bay District Health Unit,0.0012,230.0,1.53,0.752,0.8257
29127,2021-07-09,2261,Sudbury and District Health Unit,0.0005,260.0,1.31,0.8935,0.9826
29128,2021-07-09,4913,Southwestern Public Health,0.0096,268.0,1.27,0.8602,0.9719
29129,2021-07-09,2260,Simcoe Muskoka District Health Unit,0.0038,743.0,1.24,0.8509,0.9688
29130,2021-07-09,2257,Renfrew County and District Health Unit,0.0046,124.0,1.14,0.7986,0.9792
29131,2021-07-09,2256,Porcupine Health Unit,0.0161,187.0,2.24,0.6621,0.8261
29132,2021-07-09,2255,Peterborough County-City Health Unit,0.0178,184.0,1.24,0.869,0.9714
29133,2021-07-09,2253,Peel Regional Health Unit,0.0106,1814.0,1.13,0.8587,0.9382
29134,2021-07-09,35,Ontario,0.0095,19229.0,1.3,0.8331,0.9492
29135,2021-07-09,2249,Northwestern Health Unit,0.0043,164.0,1.87,0.5669,0.7902
29136,2021-07-09,2247,North Bay Parry Sound District Health Unit,0.0073,156.0,1.2,0.7715,0.8927
29137,2021-07-09,2246,Niagara Regional Area Health Unit,0.0114,501.0,1.06,0.7695,0.929
29138,2021-07-09,2244,Middlesex-London Health Unit,0.0096,730.0,1.44,0.8747,0.9706
29139,2021-07-09,2243,"Leeds, Grenville and Lanark District Health Unit",0.0018,243.0,1.41,0.843,0.9768
29140,2021-07-09,2242,Lambton Health Unit,0.013,210.0,1.6,0.5489,0.976
29141,2021-07-09,2241,"Kingston, Frontenac and Lennox and Addington Health Unit",0.007,345.0,1.62,0.9286,0.9783
29142,2021-07-09,5183,Huron Perth Health Unit,0.0091,267.0,1.91,0.8339,0.9741
29143,2021-07-09,2238,Hastings and Prince Edward Counties Health Unit,0.0024,298.0,1.77,0.9028,0.9781
29144,2021-07-09,2236,Halton Regional Health Unit,0.0079,672.0,1.08,0.8805,0.9389
29145,2021-07-09,2235,"Haliburton, Kawartha, Pine Ridge District Health Unit",0.0078,273.0,1.45,0.7542,0.9603
29146,2021-07-09,2234,Haldimand-Norfolk Health Unit,0.0062,116.0,1.01,0.8411,0.9531
29147,2021-07-09,2233,Grey Bruce Health Unit,0.0536,299.0,1.76,0.8538,0.9751
29148,2021-07-09,2258,Eastern Ontario Health Unit,0.002,287.0,1.37,0.9119,0.9848
29149,2021-07-09,2230,Durham Regional Health Unit,0.0066,671.0,0.94,0.8415,0.9499
29150,2021-07-09,2226,District of Algoma Health Unit,0.0,246.0,2.15,0.7491,0.9259
29151,2021-07-09,3895,City of Toronto Health Unit,0.0057,4268.0,1.37,0.848,0.9429
29152,2021-07-09,2251,City of Ottawa Health Unit,0.0031,1142.0,1.08,0.8627,0.9753
29153,2021-07-09,2237,City of Hamilton Health Unit,0.0207,657.0,1.11,0.8638,0.9284
29154,2021-07-09,2240,Chatham-Kent Health Unit,0.0029,146.0,1.37,0.8465,0.9814
29155,2021-07-09,2227,Brant County Health Unit,0.0154,176.0,1.14,0.8023,0.9491
29156,2021-07-08,2270,York Regional Health Unit,0.0043,1601.0,1.31,0.8198,0.9435
29157,2021-07-08,2268,Windsor-Essex County Health Unit,0.0065,507.0,1.19,0.6984,0.9635
29158,2021-07-08,2266,Wellington-Dufferin-Guelph Health Unit,0.017,404.0,1.3,0.7366,0.9655
29159,2021-07-08,2265,Waterloo Health Unit,0.0463,800.0,1.37,0.7996,0.9597
29160,2021-07-08,2263,Timiskaming Health Unit,0.0049,29.0,0.89,0.8629,0.9829
29161,2021-07-08,2262,Thunder Bay District Health Unit,0.0012,242.0,1.62,0.8295,0.8839
29162,2021-07-08,2261,Sudbury and District Health Unit,0.0016,266.0,1.34,0.9021,0.9863
29163,2021-07-08,4913,Southwestern Public Health,0.0097,264.0,1.25,0.8522,0.9735
29164,2021-07-08,2260,Simcoe Muskoka District Health Unit,0.0037,736.0,1.23,0.8487,0.9657
29165,2021-07-08,2257,Renfrew County and District Health Unit,0.0057,125.0,1.15,0.7345,0.9427
29166,2021-07-08,2256,Porcupine Health Unit,0.0177,194.0,2.32,0.6408,0.7764
29167,2021-07-08,2255,Peterborough County-City Health Unit,0.019,188.0,1.27,0.8413,0.9674
29168,2021-07-08,2253,Peel Regional Health Unit,0.0113,1798.0,1.12,0.8469,0.9346
29169,2021-07-08,35,Ontario,0.0101,19157.0,1.29,0.8211,0.9494
29170,2021-07-08,2249,Northwestern Health Unit,0.0025,171.0,1.96,0.5465,0.8214
29171,2021-07-08,2247,North Bay Parry Sound District Health Unit,0.0067,150.0,1.15,0.7481,0.885
29172,2021-07-08,2246,Niagara Regional Area Health Unit,0.0126,498.0,1.05,0.7643,0.9281
29173,2021-07-08,2244,Middlesex-London Health Unit,0.0092,726.0,1.43,0.862,0.9709
29174,2021-07-08,2243,"Leeds, Grenville and Lanark District Health Unit",0.0018,241.0,1.39,0.8338,0.9751
29175,2021-07-08,2242,Lambton Health Unit,0.0117,232.0,1.77,0.5491,0.9773
29176,2021-07-08,2241,"Kingston, Frontenac and Lennox and Addington Health Unit",0.0077,335.0,1.58,0.9005,0.9772
29177,2021-07-08,5183,Huron Perth Health Unit,0.0148,270.0,1.93,0.8191,0.9716
29178,2021-07-08,2238,Hastings and Prince Edward Counties Health Unit,0.0019,295.0,1.75,0.8709,0.9761
29179,2021-07-08,2236,Halton Regional Health Unit,0.009,681.0,1.1,0.8565,0.9389
29180,2021-07-08,2235,"Haliburton, Kawartha, Pine Ridge District Health Unit",0.0099,273.0,1.44,0.7408,0.9467
29181,2021-07-08,2234,Haldimand-Norfolk Health Unit,0.0078,110.0,0.97,0.827,0.9527
29182,2021-07-08,2233,Grey Bruce Health Unit,0.0565,298.0,1.75,0.8494,0.9742
29183,2021-07-08,2258,Eastern Ontario Health Unit,0.002,282.0,1.35,0.8715,0.984
29184,2021-07-08,2230,Durham Regional Health Unit,0.0081,668.0,0.94,0.8165,0.9483
29185,2021-07-08,2226,District of Algoma Health Unit,0.0,247.0,2.16,0.7362,0.9272
29186,2021-07-08,3895,City of Toronto Health Unit,0.0062,4290.0,1.37,0.835,0.9456
29187,2021-07-08,2251,City of Ottawa Health Unit,0.0035,1098.0,1.04,0.8494,0.9756
29188,2021-07-08,2237,City of Hamilton Health Unit,0.0212,633.0,1.07,0.8797,0.945
29189,2021-07-08,2240,Chatham-Kent Health Unit,0.0039,146.0,1.38,0.8393,0.9816
29190,2021-07-08,2227,Brant County Health Unit,0.0133,172.0,1.11,0.7733,0.9448
29191,2021-07-07,2270,York Regional Health Unit,0.0043,1552.0,1.27,0.8174,0.9364
29192,2021-07-07,2268,Windsor-Essex County Health Unit,0.0075,494.0,1.16,0.6854,0.9553
29193,2021-07-07,2266,Wellington-Dufferin-Guelph Health Unit,0.017,388.0,1.24,0.7367,0.9606
29194,2021-07-07,2265,Waterloo Health Unit,0.0498,772.0,1.32,0.7922,0.9494
29195,2021-07-07,2263,Timiskaming Health Unit,0.0056,26.0,0.79,0.8605,0.9884
29196,2021-07-07,2262,Thunder Bay District Health Unit,0.0021,204.0,1.36,0.8714,0.9119
29197,2021-07-07,2261,Sudbury and District Health Unit,0.0017,252.0,1.27,0.9002,0.9843
29198,2021-07-07,4913,Southwestern Public Health,0.0103,249.0,1.18,0.8619,0.9723
29199,2021-07-07,2260,Simcoe Muskoka District Health Unit,0.0034,682.0,1.14,0.8374,0.9665
29200,2021-07-07,2257,Renfrew County and District Health Unit,0.0063,114.0,1.05,0.7329,0.9378
29201,2021-07-07,2256,Porcupine Health Unit,0.0243,177.0,2.12,0.633,0.7665
29202,2021-07-07,2255,Peterborough County-City Health Unit,0.0216,165.0,1.12,0.8418,0.9654
29203,2021-07-07,2253,Peel Regional Health Unit,0.0103,1681.0,1.05,0.841,0.9278
29204,2021-07-07,35,Ontario,0.0107,18130.0,1.22,0.8184,0.946
29205,2021-07-07,2249,Northwestern Health Unit,0.003,145.0,1.65,0.5931,0.8821
29206,2021-07-07,2247,North Bay Parry Sound District Health Unit,0.0061,142.0,1.09,0.7585,0.8847
29207,2021-07-07,2246,Niagara Regional Area Health Unit,0.0168,466.0,0.99,0.7708,0.9337
29208,2021-07-07,2244,Middlesex-London Health Unit,0.0088,678.0,1.34,0.8543,0.9674
29209,2021-07-07,2243,"Leeds, Grenville and Lanark District Health Unit",0.0019,230.0,1.33,0.8309,0.9668
29210,2021-07-07,2242,Lambton Health Unit,0.0101,226.0,1.72,0.607,0.9765
29211,2021-07-07,2241,"Kingston, Frontenac and Lennox and Addington Health Unit",0.008,302.0,1.42,0.8921,0.9753
29212,2021-07-07,5183,Huron Perth Health Unit,0.0147,252.0,1.81,0.8275,0.9728
29213,2021-07-07,2238,Hastings and Prince Edward Counties Health Unit,0.002,283.0,1.68,0.8839,0.9739
29214,2021-07-07,2236,Halton Regional Health Unit,0.0091,627.0,1.01,0.8408,0.9353
29215,2021-07-07,2235,"Haliburton, Kawartha, Pine Ridge District Health Unit",0.0065,241.0,1.27,0.7429,0.9498
29216,2021-07-07,2234,Haldimand-Norfolk Health Unit,0.0083,104.0,0.91,0.8509,0.9673
29217,2021-07-07,2233,Grey Bruce Health Unit,0.0621,285.0,1.68,0.8599,0.9739
29218,2021-07-07,2258,Eastern Ontario Health Unit,0.0022,261.0,1.25,0.8649,0.9821
29219,2021-07-07,2230,Durham Regional Health Unit,0.0099,621.0,0.87,0.8157,0.9446
29220,2021-07-07,2226,District of Algoma Health Unit,0.0,231.0,2.02,0.7344,0.9234
29221,2021-07-07,3895,City of Toronto Health Unit,0.0062,4185.0,1.34,0.8327,0.9401
29222,2021-07-07,2251,City of Ottawa Health Unit,0.0039,1029.0,0.98,0.8265,0.9703
29223,2021-07-07,2237,City of Hamilton Health Unit,0.0234,586.0,0.99,0.8775,0.9455
29224,2021-07-07,2240,Chatham-Kent Health Unit,0.0071,141.0,1.33,0.8219,0.98
29225,2021-07-07,2227,Brant County Health Unit,0.0149,163.0,1.05,0.7429,0.9379
29226,2021-07-06,2270,York Regional Health Unit,0.0046,1555.0,1.27,0.82,0.9283
29227,2021-07-06,2268,Windsor-Essex County Health Unit,0.0078,512.0,1.21,0.6959,0.9514
29228,2021-07-06,2266,Wellington-Dufferin-Guelph Health Unit,0.0185,386.0,1.24,0.7375,0.9565
29229,2021-07-06,2265,Waterloo Health Unit,0.0523,760.0,1.3,0.7819,0.9537
29230,2021-07-06,2263,Timiskaming Health Unit,0.0057,25.0,0.76,0.8418,0.9831
29231,2021-07-06,2262,Thunder Bay District Health Unit,0.0026,222.0,1.48,0.8342,0.9277
29232,2021-07-06,2261,Sudbury and District Health Unit,0.0023,252.0,1.27,0.8962,0.9817
29233,2021-07-06,4913,Southwestern Public Health,0.0063,250.0,1.18,0.8505,0.9719
29234,2021-07-06,2260,Simcoe Muskoka District Health Unit,0.0039,704.0,1.17,0.8298,0.9526
29235,2021-07-06,2257,Renfrew County and District Health Unit,0.0075,115.0,1.05,0.7083,0.9357
29236,2021-07-06,2256,Porcupine Health Unit,0.0238,168.0,2.01,0.6502,0.8372
29237,2021-07-06,2255,Peterborough County-City Health Unit,0.0253,169.0,1.14,0.8536,0.966
29238,2021-07-06,2253,Peel Regional Health Unit,0.0112,1661.0,1.03,0.8358,0.9273
29239,2021-07-06,35,Ontario,0.0112,18236.0,1.23,0.8149,0.9444
29240,2021-07-06,2249,Northwestern Health Unit,0.0029,147.0,1.67,0.5333,0.8796
29241,2021-07-06,2247,North Bay Parry Sound District Health Unit,0.0083,156.0,1.2,0.797,0.9121
29242,2021-07-06,2246,Niagara Regional Area Health Unit,0.0185,464.0,0.98,0.7616,0.9239
29243,2021-07-06,2244,Middlesex-London Health Unit,0.0096,681.0,1.34,0.8503,0.9697
29244,2021-07-06,2243,"Leeds, Grenville and Lanark District Health Unit",0.0018,236.0,1.36,0.8404,0.9645
29245,2021-07-06,2242,Lambton Health Unit,0.0103,222.0,1.7,0.5996,0.9859
29246,2021-07-06,2241,"Kingston, Frontenac and Lennox and Addington Health Unit",0.0089,289.0,1.36,0.8848,0.9749
29247,2021-07-06,5183,Huron Perth Health Unit,0.0123,255.0,1.82,0.7972,0.9745
29248,2021-07-06,2238,Hastings and Prince Edward Counties Health Unit,0.0015,289.0,1.72,0.8863,0.9743
29249,2021-07-06,2236,Halton Regional Health Unit,0.0085,624.0,1.01,0.8419,0.9336
29250,2021-07-06,2235,"Haliburton, Kawartha, Pine Ridge District Health Unit",0.0114,250.0,1.32,0.7493,0.9529
29251,2021-07-06,2234,Haldimand-Norfolk Health Unit,0.0081,106.0,0.93,0.8713,0.9678
29252,2021-07-06,2233,Grey Bruce Health Unit,0.0654,297.0,1.75,0.8459,0.9674
29253,2021-07-06,2258,Eastern Ontario Health Unit,0.0023,253.0,1.21,0.8554,0.9791
29254,2021-07-06,2230,Durham Regional Health Unit,0.0099,632.0,0.89,0.8251,0.9511
29255,2021-07-06,2226,District of Algoma Health Unit,0.0,238.0,2.08,0.7471,0.9299
29256,2021-07-06,3895,City of Toronto Health Unit,0.0064,4260.0,1.37,0.8301,0.9356
29257,2021-07-06,2251,City of Ottawa Health Unit,0.0042,1014.0,0.96,0.8157,0.9638
29258,2021-07-06,2237,City of Hamilton Health Unit,0.0233,581.0,0.98,0.8847,0.9477
29259,2021-07-06,2240,Chatham-Kent Health Unit,0.0063,135.0,1.27,0.8136,0.9846
29260,2021-07-06,2227,Brant County Health Unit,0.0164,157.0,1.01,0.7697,0.9477
29261,2021-07-05,2270,York Regional Health Unit,0.0045,1588.0,1.3,0.8112,0.9284
29262,2021-07-05,2268,Windsor-Essex County Health Unit,0.0093,522.0,1.23,0.6949,0.9513
29263,2021-07-05,2266,Wellington-Dufferin-Guelph Health Unit,0.0173,387.0,1.24,0.7367,0.9568
29264,2021-07-05,2265,Waterloo Health Unit,0.0498,743.0,1.27,0.7825,0.9493
29265,2021-07-05,2263,Timiskaming Health Unit,0.0111,26.0,0.79,0.8448,0.9828
29266,2021-07-05,2262,Thunder Bay District Health Unit,0.0031,228.0,1.52,0.8392,0.9314
29267,2021-07-05,2261,Sudbury and District Health Unit,0.0023,247.0,1.24,0.9407,0.9832
29268,2021-07-05,4913,Southwestern Public Health,0.0085,235.0,1.11,0.8455,0.9728
29269,2021-07-05,2260,Simcoe Muskoka District Health Unit,0.0044,712.0,1.19,0.8201,0.9493
29270,2021-07-05,2257,Renfrew County and District Health Unit,0.0062,116.0,1.06,0.7156,0.9384
29271,2021-07-05,2256,Porcupine Health Unit,0.0253,158.0,1.9,0.6594,0.8904
29272,2021-07-05,2255,Peterborough County-City Health Unit,0.022,169.0,1.14,0.859,0.9677
29273,2021-07-05,2253,Peel Regional Health Unit,0.0116,1657.0,1.03,0.8181,0.9221
29274,2021-07-05,35,Ontario,0.0113,18167.0,1.22,0.8069,0.9429
29275,2021-07-05,2249,Northwestern Health Unit,0.0029,149.0,1.7,0.5256,0.88
29276,2021-07-05,2247,North Bay Parry Sound District Health Unit,0.0114,163.0,1.26,0.7807,0.8874
29277,2021-07-05,2246,Niagara Regional Area Health Unit,0.0187,474.0,1.0,0.7511,0.9224
29278,2021-07-05,2244,Middlesex-London Health Unit,0.0094,684.0,1.35,0.8462,0.969
29279,2021-07-05,2243,"Leeds, Grenville and Lanark District Health Unit",0.0018,242.0,1.4,0.8314,0.966
29280,2021-07-05,2242,Lambton Health Unit,0.0101,211.0,1.61,0.5938,0.9857
29281,2021-07-05,2241,"Kingston, Frontenac and Lennox and Addington Health Unit",0.0071,282.0,1.33,0.8799,0.9752
29282,2021-07-05,5183,Huron Perth Health Unit,0.0111,258.0,1.85,0.7817,0.9744
29283,2021-07-05,2238,Hastings and Prince Edward Counties Health Unit,0.0016,276.0,1.64,0.8783,0.9727
29284,2021-07-05,2236,Halton Regional Health Unit,0.0106,622.0,1.0,0.8299,0.9301
29285,2021-07-05,2235,"Haliburton, Kawartha, Pine Ridge District Health Unit",0.0114,250.0,1.32,0.7533,0.9544
29286,2021-07-05,2234,Haldimand-Norfolk Health Unit,0.0077,112.0,0.98,0.8676,0.9666
29287,2021-07-05,2233,Grey Bruce Health Unit,0.0612,292.0,1.72,0.8187,0.9635
29288,2021-07-05,2258,Eastern Ontario Health Unit,0.0025,230.0,1.1,0.8462,0.98
29289,2021-07-05,2230,Durham Regional Health Unit,0.01,628.0,0.88,0.8276,0.9556
29290,2021-07-05,2226,District of Algoma Health Unit,0.0,234.0,2.05,0.7437,0.9253
29291,2021-07-05,3895,City of Toronto Health Unit,0.0074,4211.0,1.35,0.8166,0.9336
29292,2021-07-05,2251,City of Ottawa Health Unit,0.0048,1019.0,0.97,0.8113,0.9623
29293,2021-07-05,2237,City of Hamilton Health Unit,0.0199,581.0,0.98,0.8787,0.9468
29294,2021-07-05,2240,Chatham-Kent Health Unit,0.0053,136.0,1.28,0.8195,0.985
29295,2021-07-05,2227,Brant County Health Unit,0.0119,156.0,1.01,0.747,0.9456
29296,2021-07-04,2270,York Regional Health Unit,0.0049,1552.0,1.27,0.8055,0.9257
29297,2021-07-04,2268,Windsor-Essex County Health Unit,0.0104,510.0,1.2,0.719,0.9522
29298,2021-07-04,2266,Wellington-Dufferin-Guelph Health Unit,0.0174,393.0,1.26,0.7423,0.9567
29299,2021-07-04,2265,Waterloo Health Unit,0.0517,765.0,1.31,0.7803,0.9479
29300,2021-07-04,2263,Timiskaming Health Unit,0.0056,25.0,0.78,0.8305,0.9774
29301,2021-07-04,2262,Thunder Bay District Health Unit,0.0035,246.0,1.64,0.8549,0.9481
29302,2021-07-04,2261,Sudbury and District Health Unit,0.0029,250.0,1.26,0.9448,0.9837
29303,2021-07-04,4913,Southwestern Public Health,0.0078,239.0,1.13,0.8495,0.9735
29304,2021-07-04,2260,Simcoe Muskoka District Health Unit,0.0045,702.0,1.17,0.8164,0.9466
29305,2021-07-04,2257,Renfrew County and District Health Unit,0.0059,121.0,1.11,0.7133,0.9396
29306,2021-07-04,2256,Porcupine Health Unit,0.0261,170.0,2.04,0.5918,0.8066
29307,2021-07-04,2255,Peterborough County-City Health Unit,0.0171,167.0,1.13,0.8568,0.9657
29308,2021-07-04,2253,Peel Regional Health Unit,0.0118,1666.0,1.04,0.8206,0.9247
29309,2021-07-04,35,Ontario,0.0114,18253.0,1.23,0.8047,0.9407
29310,2021-07-04,2249,Northwestern Health Unit,0.0028,154.0,1.75,0.5279,0.882
29311,2021-07-04,2247,North Bay Parry Sound District Health Unit,0.0113,164.0,1.26,0.7776,0.8837
29312,2021-07-04,2246,Niagara Regional Area Health Unit,0.0181,490.0,1.04,0.7439,0.9179
29313,2021-07-04,2244,Middlesex-London Health Unit,0.0106,673.0,1.33,0.8416,0.9698
29314,2021-07-04,2243,"Leeds, Grenville and Lanark District Health Unit",0.0018,239.0,1.38,0.8214,0.9639
29315,2021-07-04,2242,Lambton Health Unit,0.0097,220.0,1.68,0.6047,0.9859
29316,2021-07-04,2241,"Kingston, Frontenac and Lennox and Addington Health Unit",0.0045,286.0,1.35,0.8778,0.9733
29317,2021-07-04,5183,Huron Perth Health Unit,0.0129,254.0,1.82,0.7783,0.9743
29318,2021-07-04,2238,Hastings and Prince Edward Counties Health Unit,0.002,283.0,1.68,0.8832,0.9708
29319,2021-07-04,2236,Halton Regional Health Unit,0.0125,617.0,1.0,0.8294,0.9346
29320,2021-07-04,2235,"Haliburton, Kawartha, Pine Ridge District Health Unit",0.012,250.0,1.33,0.7494,0.9527
29321,2021-07-04,2234,Haldimand-Norfolk Health Unit,0.004,108.0,0.94,0.8605,0.9713
29322,2021-07-04,2233,Grey Bruce Health Unit,0.0582,285.0,1.68,0.7939,0.9624
29323,2021-07-04,2258,Eastern Ontario Health Unit,0.0025,227.0,1.09,0.8415,0.9797
29324,2021-07-04,2230,Durham Regional Health Unit,0.0086,632.0,0.89,0.8173,0.9483
29325,2021-07-04,2226,District of Algoma Health Unit,0.0,233.0,2.04,0.748,0.9268
29326,2021-07-04,3895,City of Toronto Health Unit,0.0073,4281.0,1.37,0.8128,0.9291
29327,2021-07-04,2251,City of Ottawa Health Unit,0.004,999.0,0.95,0.8104,0.9635
29328,2021-07-04,2237,City of Hamilton Health Unit,0.0206,583.0,0.99,0.8797,0.9469
29329,2021-07-04,2240,Chatham-Kent Health Unit,0.006,144.0,1.35,0.8179,0.9839
29330,2021-07-04,2227,Brant County Health Unit,0.0095,151.0,0.97,0.7505,0.9459
29331,2021-07-03,2270,York Regional Health Unit,0.0047,1560.0,1.27,0.8046,0.9221
29332,2021-07-03,2268,Windsor-Essex County Health Unit,0.012,513.0,1.21,0.7105,0.9569
29333,2021-07-03,2266,Wellington-Dufferin-Guelph Health Unit,0.0197,391.0,1.25,0.7409,0.9628
29334,2021-07-03,2265,Waterloo Health Unit,0.052,758.0,1.3,0.7903,0.9508
29335,2021-07-03,2263,Timiskaming Health Unit,0.0056,25.0,0.77,0.8378,0.973
29336,2021-07-03,2262,Thunder Bay District Health Unit,0.0034,249.0,1.66,0.8615,0.9566
29337,2021-07-03,2261,Sudbury and District Health Unit,0.0029,247.0,1.24,0.9466,0.9854
29338,2021-07-03,4913,Southwestern Public Health,0.0066,238.0,1.12,0.852,0.9756
29339,2021-07-03,2260,Simcoe Muskoka District Health Unit,0.0048,719.0,1.2,0.8201,0.9482
29340,2021-07-03,2257,Renfrew County and District Health Unit,0.0059,120.0,1.11,0.7459,0.9449
29341,2021-07-03,2256,Porcupine Health Unit,0.0267,166.0,1.99,0.6064,0.8079
29342,2021-07-03,2255,Peterborough County-City Health Unit,0.0162,167.0,1.13,0.8656,0.9752
29343,2021-07-03,2253,Peel Regional Health Unit,0.0108,1684.0,1.05,0.8245,0.9266
29344,2021-07-03,35,Ontario,0.0114,18380.0,1.24,0.8091,0.9418
29345,2021-07-03,2249,Northwestern Health Unit,0.0027,156.0,1.78,0.5155,0.8739
29346,2021-07-03,2247,North Bay Parry Sound District Health Unit,0.0128,167.0,1.29,0.7811,0.8889
29347,2021-07-03,2246,Niagara Regional Area Health Unit,0.0172,506.0,1.07,0.7512,0.9152
29348,2021-07-03,2244,Middlesex-London Health Unit,0.0109,657.0,1.29,0.8509,0.9719
29349,2021-07-03,2243,"Leeds, Grenville and Lanark District Health Unit",0.0,236.0,1.36,0.8244,0.9654
29350,2021-07-03,2242,Lambton Health Unit,0.0097,220.0,1.68,0.6567,0.9869
29351,2021-07-03,2241,"Kingston, Frontenac and Lennox and Addington Health Unit",0.0025,282.0,1.32,0.8862,0.9731
29352,2021-07-03,5183,Huron Perth Health Unit,0.0117,256.0,1.83,0.7873,0.9778
29353,2021-07-03,2238,Hastings and Prince Edward Counties Health Unit,0.0025,291.0,1.73,0.9059,0.977
29354,2021-07-03,2236,Halton Regional Health Unit,0.0128,625.0,1.01,0.8394,0.9378
29355,2021-07-03,2235,"Haliburton, Kawartha, Pine Ridge District Health Unit",0.0116,247.0,1.31,0.7424,0.9541
29356,2021-07-03,2234,Haldimand-Norfolk Health Unit,0.004,108.0,0.94,0.8442,0.9693
29357,2021-07-03,2233,Grey Bruce Health Unit,0.0659,297.0,1.75,0.7665,0.9629
29358,2021-07-03,2258,Eastern Ontario Health Unit,0.0012,231.0,1.11,0.8485,0.9806
29359,2021-07-03,2230,Durham Regional Health Unit,0.0103,625.0,0.88,0.8259,0.9506
29360,2021-07-03,2226,District of Algoma Health Unit,0.0,232.0,2.03,0.761,0.9414
29361,2021-07-03,3895,City of Toronto Health Unit,0.0076,4363.0,1.4,0.8146,0.9288
29362,2021-07-03,2251,City of Ottawa Health Unit,0.0042,992.0,0.94,0.8183,0.9653
29363,2021-07-03,2237,City of Hamilton Health Unit,0.0185,587.0,0.99,0.8858,0.9462
29364,2021-07-03,2240,Chatham-Kent Health Unit,0.0061,142.0,1.33,0.8184,0.9854
29365,2021-07-03,2227,Brant County Health Unit,0.0101,155.0,1.0,0.7692,0.9462
29366,2021-07-02,2270,York Regional Health Unit,0.0048,1548.0,1.26,0.8105,0.9275
29367,2021-07-02,2268,Windsor-Essex County Health Unit,0.013,506.0,1.19,0.7131,0.9601
29368,2021-07-02,2266,Wellington-Dufferin-Guelph Health Unit,0.0212,390.0,1.25,0.744,0.9683
29369,2021-07-02,2265,Waterloo Health Unit,0.0565,761.0,1.3,0.7519,0.9551
29370,2021-07-02,2263,Timiskaming Health Unit,0.0053,27.0,0.82,0.8738,0.9813
29371,2021-07-02,2262,Thunder Bay District Health Unit,0.0041,246.0,1.64,0.8508,0.9586
29372,2021-07-02,2261,Sudbury and District Health Unit,0.0034,252.0,1.27,0.9482,0.9858
29373,2021-07-02,4913,Southwestern Public Health,0.0079,234.0,1.11,0.8532,0.9806
29374,2021-07-02,2260,Simcoe Muskoka District Health Unit,0.0055,732.0,1.22,0.8155,0.9508
29375,2021-07-02,2257,Renfrew County and District Health Unit,0.006,120.0,1.1,0.6624,0.9515
29376,2021-07-02,2256,Porcupine Health Unit,0.0311,170.0,2.04,0.5835,0.7898
29377,2021-07-02,2255,Peterborough County-City Health Unit,0.0152,169.0,1.14,0.848,0.9796
29378,2021-07-02,2253,Peel Regional Health Unit,0.0111,1704.0,1.06,0.8307,0.9346
29379,2021-07-02,35,Ontario,0.0119,18485.0,1.25,0.8076,0.9476
29380,2021-07-02,2249,Northwestern Health Unit,0.0018,157.0,1.79,0.4743,0.878
29381,2021-07-02,2247,North Bay Parry Sound District Health Unit,0.014,173.0,1.34,0.7875,0.9153
29382,2021-07-02,2246,Niagara Regional Area Health Unit,0.0166,524.0,1.11,0.7671,0.9296
29383,2021-07-02,2244,Middlesex-London Health Unit,0.0114,654.0,1.29,0.8509,0.9845
29384,2021-07-02,2243,"Leeds, Grenville and Lanark District Health Unit",0.0006,235.0,1.35,0.8195,0.9724
29385,2021-07-02,2242,Lambton Health Unit,0.0094,212.0,1.62,0.6824,0.9883
29386,2021-07-02,2241,"Kingston, Frontenac and Lennox and Addington Health Unit",0.002,284.0,1.33,0.882,0.9833
29387,2021-07-02,5183,Huron Perth Health Unit,0.0118,254.0,1.82,0.798,0.9792
29388,2021-07-02,2238,Hastings and Prince Edward Counties Health Unit,0.0015,290.0,1.72,0.9166,0.9843
29389,2021-07-02,2236,Halton Regional Health Unit,0.0118,641.0,1.04,0.8335,0.9393
29390,2021-07-02,2235,"Haliburton, Kawartha, Pine Ridge District Health Unit",0.0117,245.0,1.3,0.7132,0.9694
29391,2021-07-02,2234,Haldimand-Norfolk Health Unit,0.0064,112.0,0.98,0.8491,0.9818
29392,2021-07-02,2233,Grey Bruce Health Unit,0.0653,293.0,1.73,0.7404,0.9668
29393,2021-07-02,2258,Eastern Ontario Health Unit,0.0012,231.0,1.11,0.8398,0.9848
29394,2021-07-02,2230,Durham Regional Health Unit,0.0118,632.0,0.89,0.8267,0.9518
29395,2021-07-02,2226,District of Algoma Health Unit,0.0,233.0,2.04,0.7711,0.9755
29396,2021-07-02,3895,City of Toronto Health Unit,0.008,4405.0,1.41,0.8196,0.9323
29397,2021-07-02,2251,City of Ottawa Health Unit,0.0046,995.0,0.94,0.8071,0.9723
29398,2021-07-02,2237,City of Hamilton Health Unit,0.0192,587.0,0.99,0.8825,0.9511
29399,2021-07-02,2240,Chatham-Kent Health Unit,0.0062,138.0,1.3,0.8369,0.9938
29400,2021-07-02,2227,Brant County Health Unit,0.009,158.0,1.02,0.7716,0.9538
29401,2021-07-01,2270,York Regional Health Unit,0.0051,1541.0,1.26,0.811,0.9232
29402,2021-07-01,2268,Windsor-Essex County Health Unit,0.0123,509.0,1.2,0.7394,0.9586
29403,2021-07-01,2266,Wellington-Dufferin-Guelph Health Unit,0.0194,391.0,1.25,0.7582,0.9714
29404,2021-07-01,2265,Waterloo Health Unit,0.0565,777.0,1.33,0.7223,0.9569
29405,2021-07-01,2263,Timiskaming Health Unit,0.0047,31.0,0.94,0.8771,0.9788
29406,2021-07-01,2262,Thunder Bay District Health Unit,0.0047,244.0,1.62,0.8711,0.967
29407,2021-07-01,2261,Sudbury and District Health Unit,0.0033,262.0,1.32,0.9422,0.9868
29408,2021-07-01,4913,Southwestern Public Health,0.0081,229.0,1.08,0.8687,0.9798
29409,2021-07-01,2260,Simcoe Muskoka District Health Unit,0.0064,755.0,1.26,0.8145,0.9513
29410,2021-07-01,2257,Renfrew County and District Health Unit,0.0048,120.0,1.1,0.6789,0.9806
29411,2021-07-01,2256,Porcupine Health Unit,0.0343,171.0,2.05,0.6145,0.8141
29412,2021-07-01,2255,Peterborough County-City Health Unit,0.0126,169.0,1.14,0.869,0.9785
29413,2021-07-01,2253,Peel Regional Health Unit,0.0112,1737.0,1.08,0.8337,0.9328
29414,2021-07-01,35,Ontario,0.0121,18542.0,1.25,0.8136,0.9467
29415,2021-07-01,2249,Northwestern Health Unit,0.0038,151.0,1.72,0.5696,0.9009
29416,2021-07-01,2247,North Bay Parry Sound District Health Unit,0.0197,182.0,1.4,0.7944,0.9141
29417,2021-07-01,2246,Niagara Regional Area Health Unit,0.0174,542.0,1.15,0.7698,0.9277
29418,2021-07-01,2244,Middlesex-London Health Unit,0.0114,653.0,1.29,0.8512,0.9822
29419,2021-07-01,2243,"Leeds, Grenville and Lanark District Health Unit",0.0006,237.0,1.37,0.8096,0.9732
29420,2021-07-01,2242,Lambton Health Unit,0.0092,201.0,1.54,0.7299,0.9863
29421,2021-07-01,2241,"Kingston, Frontenac and Lennox and Addington Health Unit",0.0015,288.0,1.35,0.893,0.9835
29422,2021-07-01,5183,Huron Perth Health Unit,0.0068,252.0,1.8,0.8187,0.9817
29423,2021-07-01,2238,Hastings and Prince Edward Counties Health Unit,0.0014,299.0,1.77,0.9346,0.9851
29424,2021-07-01,2236,Halton Regional Health Unit,0.0124,622.0,1.01,0.8495,0.9361
29425,2021-07-01,2235,"Haliburton, Kawartha, Pine Ridge District Health Unit",0.0099,246.0,1.3,0.7134,0.9739
29426,2021-07-01,2234,Haldimand-Norfolk Health Unit,0.0049,116.0,1.01,0.8364,0.9591
29427,2021-07-01,2233,Grey Bruce Health Unit,0.0646,290.0,1.71,0.7404,0.9635
29428,2021-07-01,2258,Eastern Ontario Health Unit,0.0019,231.0,1.11,0.8803,0.9838
29429,2021-07-01,2230,Durham Regional Health Unit,0.0113,642.0,0.9,0.8311,0.9513
29430,2021-07-01,2226,District of Algoma Health Unit,0.0,232.0,2.03,0.7835,0.9654
29431,2021-07-01,3895,City of Toronto Health Unit,0.0083,4350.0,1.39,0.8249,0.9282
29432,2021-07-01,2251,City of Ottawa Health Unit,0.0047,1004.0,0.95,0.8045,0.9688
29433,2021-07-01,2237,City of Hamilton Health Unit,0.0198,591.0,1.0,0.8992,0.9547
29434,2021-07-01,2240,Chatham-Kent Health Unit,0.0061,141.0,1.33,0.8348,0.9922
29435,2021-07-01,2227,Brant County Health Unit,0.0089,160.0,1.03,0.7709,0.9615
29436,2021-06-30,2270,York Regional Health Unit,0.0053,1581.0,1.29,0.8136,0.9305
29437,2021-06-30,2268,Windsor-Essex County Health Unit,0.0145,533.0,1.25,0.7435,0.9573
29438,2021-06-30,2266,Wellington-Dufferin-Guelph Health Unit,0.0222,412.0,1.32,0.7588,0.9679
29439,2021-06-30,2265,Waterloo Health Unit,0.0558,825.0,1.41,0.7228,0.961
29440,2021-06-30,2263,Timiskaming Health Unit,0.0042,34.0,1.04,0.8964,0.9681
29441,2021-06-30,2262,Thunder Bay District Health Unit,0.0045,287.0,1.91,0.8209,0.9285
29442,2021-06-30,2261,Sudbury and District Health Unit,0.0061,279.0,1.4,0.934,0.9868
29443,2021-06-30,4913,Southwestern Public Health,0.0085,252.0,1.19,0.8595,0.983
29444,2021-06-30,2260,Simcoe Muskoka District Health Unit,0.0063,811.0,1.35,0.808,0.9437
29445,2021-06-30,2257,Renfrew County and District Health Unit,0.0042,135.0,1.25,0.6771,0.9795
29446,2021-06-30,2256,Porcupine Health Unit,0.0319,193.0,2.31,0.5755,0.7716
29447,2021-06-30,2255,Peterborough County-City Health Unit,0.0106,189.0,1.27,0.8462,0.9766
29448,2021-06-30,2253,Peel Regional Health Unit,0.0121,1790.0,1.11,0.8199,0.9332
29449,2021-06-30,35,Ontario,0.0126,19577.0,1.32,0.8055,0.9426
29450,2021-06-30,2249,Northwestern Health Unit,0.004,180.0,2.05,0.5137,0.8255
29451,2021-06-30,2247,North Bay Parry Sound District Health Unit,0.0222,199.0,1.54,0.7643,0.9098
29452,2021-06-30,2246,Niagara Regional Area Health Unit,0.0151,595.0,1.26,0.7367,0.911
29453,2021-06-30,2244,Middlesex-London Health Unit,0.011,704.0,1.39,0.8443,0.9801
29454,2021-06-30,2243,"Leeds, Grenville and Lanark District Health Unit",0.0011,249.0,1.44,0.8205,0.9755
29455,2021-06-30,2242,Lambton Health Unit,0.0111,206.0,1.57,0.7148,0.9767
29456,2021-06-30,2241,"Kingston, Frontenac and Lennox and Addington Health Unit",0.0027,312.0,1.47,0.9094,0.9838
29457,2021-06-30,5183,Huron Perth Health Unit,0.0071,281.0,2.01,0.8107,0.9819
29458,2021-06-30,2238,Hastings and Prince Edward Counties Health Unit,0.0014,317.0,1.88,0.911,0.9849
29459,2021-06-30,2236,Halton Regional Health Unit,0.0131,653.0,1.05,0.8383,0.9202
29460,2021-06-30,2235,"Haliburton, Kawartha, Pine Ridge District Health Unit",0.009,286.0,1.51,0.6788,0.9696
29461,2021-06-30,2234,Haldimand-Norfolk Health Unit,0.007,122.0,1.07,0.8176,0.9533
29462,2021-06-30,2233,Grey Bruce Health Unit,0.0696,308.0,1.81,0.7182,0.9487
29463,2021-06-30,2258,Eastern Ontario Health Unit,0.0011,259.0,1.24,0.8928,0.9859
29464,2021-06-30,2230,Durham Regional Health Unit,0.0112,699.0,0.98,0.8235,0.9479
29465,2021-06-30,2226,District of Algoma Health Unit,0.0,254.0,2.22,0.7449,0.9551
29466,2021-06-30,3895,City of Toronto Health Unit,0.0093,4444.0,1.42,0.8214,0.9269
29467,2021-06-30,2251,City of Ottawa Health Unit,0.0045,1059.0,1.0,0.8062,0.9671
29468,2021-06-30,2237,City of Hamilton Health Unit,0.0234,622.0,1.05,0.8897,0.9452
29469,2021-06-30,2240,Chatham-Kent Health Unit,0.0029,146.0,1.37,0.8544,0.9922
29470,2021-06-30,2227,Brant County Health Unit,0.0089,176.0,1.14,0.7948,0.966
29471,2021-06-29,2270,York Regional Health Unit,0.005,1577.0,1.29,0.8143,0.9344
29472,2021-06-29,2268,Windsor-Essex County Health Unit,0.0147,516.0,1.21,0.7356,0.9514
29473,2021-06-29,2266,Wellington-Dufferin-Guelph Health Unit,0.0224,407.0,1.31,0.7936,0.9682
29474,2021-06-29,2265,Waterloo Health Unit,0.0571,843.0,1.44,0.7248,0.9588
29475,2021-06-29,2263,Timiskaming Health Unit,0.004,36.0,1.11,0.8952,0.9718
29476,2021-06-29,2262,Thunder Bay District Health Unit,0.0055,285.0,1.9,0.7434,0.9198
29477,2021-06-29,2261,Sudbury and District Health Unit,0.0083,292.0,1.47,0.9212,0.9815
29478,2021-06-29,4913,Southwestern Public Health,0.009,253.0,1.2,0.8516,0.9845
29479,2021-06-29,2260,Simcoe Muskoka District Health Unit,0.0079,818.0,1.36,0.8117,0.9472
29480,2021-06-29,2257,Renfrew County and District Health Unit,0.0031,138.0,1.27,0.6973,0.9843
29481,2021-06-29,2256,Porcupine Health Unit,0.0359,203.0,2.43,0.6086,0.7658
29482,2021-06-29,2255,Peterborough County-City Health Unit,0.0055,182.0,1.23,0.827,0.978
29483,2021-06-29,2253,Peel Regional Health Unit,0.0134,1786.0,1.11,0.8243,0.9304
29484,2021-06-29,35,Ontario,0.013,19665.0,1.33,0.8023,0.9407
29485,2021-06-29,2249,Northwestern Health Unit,0.0048,179.0,2.04,0.5539,0.8161
29486,2021-06-29,2247,North Bay Parry Sound District Health Unit,0.0245,192.0,1.48,0.7155,0.8999
29487,2021-06-29,2246,Niagara Regional Area Health Unit,0.0151,617.0,1.31,0.7529,0.9092
29488,2021-06-29,2244,Middlesex-London Health Unit,0.0088,701.0,1.38,0.8357,0.9793
29489,2021-06-29,2243,"Leeds, Grenville and Lanark District Health Unit",0.0022,258.0,1.49,0.8216,0.9771
29490,2021-06-29,2242,Lambton Health Unit,0.0134,214.0,1.63,0.7748,0.9778
29491,2021-06-29,2241,"Kingston, Frontenac and Lennox and Addington Health Unit",0.0013,327.0,1.54,0.9149,0.9813
29492,2021-06-29,5183,Huron Perth Health Unit,0.0093,276.0,1.97,0.8324,0.9834
29493,2021-06-29,2238,Hastings and Prince Edward Counties Health Unit,0.0013,321.0,1.91,0.9021,0.9824
29494,2021-06-29,2236,Halton Regional Health Unit,0.0139,649.0,1.05,0.8322,0.9117
29495,2021-06-29,2235,"Haliburton, Kawartha, Pine Ridge District Health Unit",0.0057,274.0,1.45,0.6821,0.9687
29496,2021-06-29,2234,Haldimand-Norfolk Health Unit,0.0093,123.0,1.07,0.7898,0.9523
29497,2021-06-29,2233,Grey Bruce Health Unit,0.0736,297.0,1.75,0.7435,0.9522
29498,2021-06-29,2258,Eastern Ontario Health Unit,0.0005,267.0,1.28,0.895,0.9841
29499,2021-06-29,2230,Durham Regional Health Unit,0.0112,704.0,0.99,0.7838,0.9235
29500,2021-06-29,2226,District of Algoma Health Unit,0.0,246.0,2.15,0.6366,0.9552
29501,2021-06-29,3895,City of Toronto Health Unit,0.0097,4467.0,1.43,0.8183,0.927
29502,2021-06-29,2251,City of Ottawa Health Unit,0.0043,1059.0,1.0,0.7993,0.9672
29503,2021-06-29,2237,City of Hamilton Health Unit,0.0264,629.0,1.06,0.8888,0.9436
29504,2021-06-29,2240,Chatham-Kent Health Unit,0.0029,148.0,1.39,0.858,0.9838
29505,2021-06-29,2227,Brant County Health Unit,0.0072,198.0,1.28,0.7887,0.9739
29506,2021-06-28,2270,York Regional Health Unit,0.0051,1574.0,1.28,0.8215,0.9348
29507,2021-06-28,2268,Windsor-Essex County Health Unit,0.0141,506.0,1.19,0.7318,0.9455
29508,2021-06-28,2266,Wellington-Dufferin-Guelph Health Unit,0.0224,408.0,1.31,0.7968,0.9651
29509,2021-06-28,2265,Waterloo Health Unit,0.0586,859.0,1.47,0.7387,0.9607
29510,2021-06-28,2263,Timiskaming Health Unit,0.0,35.0,1.08,0.8927,0.9732
29511,2021-06-28,2262,Thunder Bay District Health Unit,0.0053,297.0,1.98,0.7348,0.9184
29512,2021-06-28,2261,Sudbury and District Health Unit,0.0121,308.0,1.55,0.9279,0.9812
29513,2021-06-28,4913,Southwestern Public Health,0.007,264.0,1.25,0.8536,0.982
29514,2021-06-28,2260,Simcoe Muskoka District Health Unit,0.0078,821.0,1.37,0.824,0.9515
29515,2021-06-28,2257,Renfrew County and District Health Unit,0.0021,137.0,1.27,0.6974,0.9856
29516,2021-06-28,2256,Porcupine Health Unit,0.0404,223.0,2.67,0.6345,0.7623
29517,2021-06-28,2255,Peterborough County-City Health Unit,0.0039,183.0,1.24,0.8206,0.9746
29518,2021-06-28,2253,Peel Regional Health Unit,0.0139,1821.0,1.13,0.8398,0.9338
29519,2021-06-28,35,Ontario,0.0134,19916.0,1.34,0.8098,0.9421
29520,2021-06-28,2249,Northwestern Health Unit,0.0071,182.0,2.08,0.5475,0.809
29521,2021-06-28,2247,North Bay Parry Sound District Health Unit,0.027,196.0,1.51,0.7322,0.9212
29522,2021-06-28,2246,Niagara Regional Area Health Unit,0.0142,652.0,1.38,0.768,0.9117
29523,2021-06-28,2244,Middlesex-London Health Unit,0.0086,714.0,1.41,0.8392,0.9771
29524,2021-06-28,2243,"Leeds, Grenville and Lanark District Health Unit",0.0023,248.0,1.43,0.8385,0.9836
29525,2021-06-28,2242,Lambton Health Unit,0.0134,214.0,1.63,0.777,0.9779
29526,2021-06-28,2241,"Kingston, Frontenac and Lennox and Addington Health Unit",0.0017,336.0,1.58,0.9202,0.9826
29527,2021-06-28,5183,Huron Perth Health Unit,0.0083,274.0,1.96,0.8399,0.9846
29528,2021-06-28,2238,Hastings and Prince Edward Counties Health Unit,0.0013,334.0,1.98,0.9084,0.9825
29529,2021-06-28,2236,Halton Regional Health Unit,0.0108,660.0,1.07,0.8365,0.9149
29530,2021-06-28,2235,"Haliburton, Kawartha, Pine Ridge District Health Unit",0.0054,293.0,1.55,0.6916,0.9717
29531,2021-06-28,2234,Haldimand-Norfolk Health Unit,0.0094,122.0,1.07,0.777,0.9387
29532,2021-06-28,2233,Grey Bruce Health Unit,0.0767,291.0,1.71,0.7563,0.9524
29533,2021-06-28,2258,Eastern Ontario Health Unit,0.002,286.0,1.37,0.9073,0.987
29534,2021-06-28,2230,Durham Regional Health Unit,0.0129,733.0,1.03,0.7842,0.9276
29535,2021-06-28,2226,District of Algoma Health Unit,0.0,255.0,2.23,0.6001,0.9523
29536,2021-06-28,3895,City of Toronto Health Unit,0.0102,4469.0,1.43,0.8238,0.9278
29537,2021-06-28,2251,City of Ottawa Health Unit,0.0045,1052.0,1.0,0.8128,0.9696
29538,2021-06-28,2237,City of Hamilton Health Unit,0.0288,630.0,1.06,0.8951,0.9447
29539,2021-06-28,2240,Chatham-Kent Health Unit,0.0057,150.0,1.41,0.8485,0.9799
29540,2021-06-28,2227,Brant County Health Unit,0.0085,201.0,1.3,0.791,0.9729
29541,2021-06-27,2270,York Regional Health Unit,0.0059,1604.0,1.31,0.822,0.935
29542,2021-06-27,2268,Windsor-Essex County Health Unit,0.0136,526.0,1.24,0.7114,0.9407
29543,2021-06-27,2266,Wellington-Dufferin-Guelph Health Unit,0.0216,403.0,1.29,0.7893,0.9646
29544,2021-06-27,2265,Waterloo Health Unit,0.062,852.0,1.46,0.7319,0.9627
29545,2021-06-27,2263,Timiskaming Health Unit,0.0039,37.0,1.13,0.9053,0.9773
29546,2021-06-27,2262,Thunder Bay District Health Unit,0.0065,309.0,2.06,0.732,0.9243
29547,2021-06-27,2261,Sudbury and District Health Unit,0.0113,316.0,1.59,0.9195,0.98
29548,2021-06-27,4913,Southwestern Public Health,0.0091,267.0,1.26,0.8535,0.982
29549,2021-06-27,2260,Simcoe Muskoka District Health Unit,0.0075,859.0,1.43,0.8288,0.9545
29550,2021-06-27,2257,Renfrew County and District Health Unit,0.0021,139.0,1.28,0.7035,0.9824
29551,2021-06-27,2256,Porcupine Health Unit,0.0385,215.0,2.58,0.6852,0.8189
29552,2021-06-27,2255,Peterborough County-City Health Unit,0.0045,191.0,1.29,0.8307,0.9777
29553,2021-06-27,2253,Peel Regional Health Unit,0.0125,1857.0,1.16,0.8479,0.9389
29554,2021-06-27,35,Ontario,0.0137,20267.0,1.37,0.812,0.945
29555,2021-06-27,2249,Northwestern Health Unit,0.0064,180.0,2.05,0.5504,0.8178
29556,2021-06-27,2247,North Bay Parry Sound District Health Unit,0.037,208.0,1.61,0.7388,0.9265
29557,2021-06-27,2246,Niagara Regional Area Health Unit,0.0151,681.0,1.44,0.776,0.913
29558,2021-06-27,2244,Middlesex-London Health Unit,0.008,752.0,1.48,0.8415,0.9777
29559,2021-06-27,2243,"Leeds, Grenville and Lanark District Health Unit",0.0022,257.0,1.48,0.8405,0.9844
29560,2021-06-27,2242,Lambton Health Unit,0.0156,210.0,1.61,0.7787,0.978
29561,2021-06-27,2241,"Kingston, Frontenac and Lennox and Addington Health Unit",0.0021,344.0,1.62,0.9233,0.9831
29562,2021-06-27,5183,Huron Perth Health Unit,0.006,287.0,2.05,0.8423,0.9846
29563,2021-06-27,2238,Hastings and Prince Edward Counties Health Unit,0.0017,331.0,1.96,0.9082,0.9844
29564,2021-06-27,2236,Halton Regional Health Unit,0.0106,677.0,1.09,0.8392,0.9169
29565,2021-06-27,2235,"Haliburton, Kawartha, Pine Ridge District Health Unit",0.0047,307.0,1.62,0.6944,0.9693
29566,2021-06-27,2234,Haldimand-Norfolk Health Unit,0.0081,123.0,1.08,0.7868,0.9351
29567,2021-06-27,2233,Grey Bruce Health Unit,0.0772,279.0,1.64,0.7823,0.9527
29568,2021-06-27,2258,Eastern Ontario Health Unit,0.0019,300.0,1.44,0.9076,0.9859
29569,2021-06-27,2230,Durham Regional Health Unit,0.0132,781.0,1.1,0.7872,0.9346
29570,2021-06-27,2226,District of Algoma Health Unit,0.0,259.0,2.27,0.5913,0.9509
29571,2021-06-27,3895,City of Toronto Health Unit,0.011,4445.0,1.42,0.8251,0.9318
29572,2021-06-27,2251,City of Ottawa Health Unit,0.0064,1091.0,1.03,0.8142,0.9699
29573,2021-06-27,2237,City of Hamilton Health Unit,0.0258,643.0,1.09,0.8978,0.9461
29574,2021-06-27,2240,Chatham-Kent Health Unit,0.0039,145.0,1.36,0.8531,0.98
29575,2021-06-27,2227,Brant County Health Unit,0.0089,208.0,1.34,0.7871,0.9665
29576,2021-06-26,2270,York Regional Health Unit,0.006,1590.0,1.3,0.8113,0.9372
29577,2021-06-26,2268,Windsor-Essex County Health Unit,0.0125,526.0,1.24,0.7099,0.9335
29578,2021-06-26,2266,Wellington-Dufferin-Guelph Health Unit,0.0193,399.0,1.28,0.7949,0.9627
29579,2021-06-26,2265,Waterloo Health Unit,0.0631,842.0,1.44,0.7238,0.9634
29580,2021-06-26,2263,Timiskaming Health Unit,0.0038,38.0,1.16,0.8782,0.9779
29581,2021-06-26,2262,Thunder Bay District Health Unit,0.0065,310.0,2.07,0.7288,0.9229
29582,2021-06-26,2261,Sudbury and District Health Unit,0.0143,321.0,1.61,0.9074,0.9811
29583,2021-06-26,4913,Southwestern Public Health,0.0095,271.0,1.28,0.8534,0.9823
29584,2021-06-26,2260,Simcoe Muskoka District Health Unit,0.0071,861.0,1.44,0.8204,0.952
29585,2021-06-26,2257,Renfrew County and District Health Unit,0.002,140.0,1.29,0.6353,0.9814
29586,2021-06-26,2256,Porcupine Health Unit,0.0367,218.0,2.61,0.6626,0.7931
29587,2021-06-26,2255,Peterborough County-City Health Unit,0.0059,194.0,1.31,0.83,0.9783
29588,2021-06-26,2253,Peel Regional Health Unit,0.0135,1839.0,1.15,0.8402,0.9413
29589,2021-06-26,35,Ontario,0.0137,20255.0,1.37,0.8072,0.945
29590,2021-06-26,2249,Northwestern Health Unit,0.0064,178.0,2.03,0.5534,0.7988
29591,2021-06-26,2247,North Bay Parry Sound District Health Unit,0.0381,210.0,1.62,0.7133,0.9283
29592,2021-06-26,2246,Niagara Regional Area Health Unit,0.0144,693.0,1.47,0.7855,0.9205
29593,2021-06-26,2244,Middlesex-London Health Unit,0.0066,755.0,1.49,0.8358,0.9769
29594,2021-06-26,2243,"Leeds, Grenville and Lanark District Health Unit",0.0022,258.0,1.49,0.8336,0.9836
29595,2021-06-26,2242,Lambton Health Unit,0.0162,211.0,1.61,0.8009,0.9792
29596,2021-06-26,2241,"Kingston, Frontenac and Lennox and Addington Health Unit",0.0028,353.0,1.66,0.901,0.982
29597,2021-06-26,5183,Huron Perth Health Unit,0.0059,288.0,2.06,0.8391,0.9813
29598,2021-06-26,2238,Hastings and Prince Edward Counties Health Unit,0.0009,327.0,1.94,0.9067,0.9847
29599,2021-06-26,2236,Halton Regional Health Unit,0.0106,676.0,1.09,0.8292,0.9137
29600,2021-06-26,2235,"Haliburton, Kawartha, Pine Ridge District Health Unit",0.0046,310.0,1.64,0.6974,0.9647
29601,2021-06-26,2234,Haldimand-Norfolk Health Unit,0.0092,125.0,1.09,0.8009,0.9375
29602,2021-06-26,2233,Grey Bruce Health Unit,0.0744,267.0,1.57,0.8024,0.9519
29603,2021-06-26,2258,Eastern Ontario Health Unit,0.0019,296.0,1.42,0.8874,0.985
29604,2021-06-26,2230,Durham Regional Health Unit,0.0114,824.0,1.16,0.7797,0.9351
29605,2021-06-26,2226,District of Algoma Health Unit,0.0,255.0,2.23,0.5796,0.9518
29606,2021-06-26,3895,City of Toronto Health Unit,0.0112,4378.0,1.4,0.824,0.933
29607,2021-06-26,2251,City of Ottawa Health Unit,0.0074,1100.0,1.04,0.8126,0.9681
29608,2021-06-26,2237,City of Hamilton Health Unit,0.0264,654.0,1.1,0.8985,0.9498
29609,2021-06-26,2240,Chatham-Kent Health Unit,0.0038,149.0,1.4,0.8513,0.976
29610,2021-06-26,2227,Brant County Health Unit,0.0082,209.0,1.35,0.7813,0.9661
29611,2021-06-25,2270,York Regional Health Unit,0.0063,1576.0,1.29,0.8008,0.9381
29612,2021-06-25,2268,Windsor-Essex County Health Unit,0.0112,534.0,1.26,0.7068,0.9337
29613,2021-06-25,2266,Wellington-Dufferin-Guelph Health Unit,0.018,405.0,1.3,0.7882,0.9626
29614,2021-06-25,2265,Waterloo Health Unit,0.0619,848.0,1.45,0.7528,0.962
29615,2021-06-25,2263,Timiskaming Health Unit,0.0038,38.0,1.16,0.8655,0.9745
29616,2021-06-25,2262,Thunder Bay District Health Unit,0.006,309.0,2.06,0.7308,0.9202
29617,2021-06-25,2261,Sudbury and District Health Unit,0.0157,327.0,1.64,0.9015,0.9798
29618,2021-06-25,4913,Southwestern Public Health,0.0092,281.0,1.33,0.8461,0.9813
29619,2021-06-25,2260,Simcoe Muskoka District Health Unit,0.0071,865.0,1.44,0.8224,0.9504
29620,2021-06-25,2257,Renfrew County and District Health Unit,0.003,143.0,1.32,0.6818,0.9808
29621,2021-06-25,2256,Porcupine Health Unit,0.0406,222.0,2.66,0.6663,0.7894
29622,2021-06-25,2255,Peterborough County-City Health Unit,0.0075,189.0,1.28,0.8391,0.9817
29623,2021-06-25,2253,Peel Regional Health Unit,0.0152,1842.0,1.15,0.8319,0.9442
29624,2021-06-25,35,Ontario,0.0138,20354.0,1.37,0.8058,0.9451
29625,2021-06-25,2249,Northwestern Health Unit,0.0064,179.0,2.04,0.5391,0.8006
29626,2021-06-25,2247,North Bay Parry Sound District Health Unit,0.0387,207.0,1.59,0.7185,0.9256
29627,2021-06-25,2246,Niagara Regional Area Health Unit,0.0152,705.0,1.49,0.7845,0.9227
29628,2021-06-25,2244,Middlesex-London Health Unit,0.0065,773.0,1.52,0.8318,0.9752
29629,2021-06-25,2243,"Leeds, Grenville and Lanark District Health Unit",0.0016,262.0,1.51,0.8492,0.9844
29630,2021-06-25,2242,Lambton Health Unit,0.0158,218.0,1.66,0.7927,0.9777
29631,2021-06-25,2241,"Kingston, Frontenac and Lennox and Addington Health Unit",0.004,354.0,1.66,0.9007,0.9796
29632,2021-06-25,5183,Huron Perth Health Unit,0.0059,289.0,2.07,0.8429,0.9816
29633,2021-06-25,2238,Hastings and Prince Edward Counties Health Unit,0.0013,333.0,1.98,0.9034,0.9851
29634,2021-06-25,2236,Halton Regional Health Unit,0.0105,678.0,1.1,0.8296,0.9125
29635,2021-06-25,2235,"Haliburton, Kawartha, Pine Ridge District Health Unit",0.005,313.0,1.66,0.695,0.9669
29636,2021-06-25,2234,Haldimand-Norfolk Health Unit,0.0069,124.0,1.09,0.7986,0.9333
29637,2021-06-25,2233,Grey Bruce Health Unit,0.0736,262.0,1.54,0.8264,0.9504
29638,2021-06-25,2258,Eastern Ontario Health Unit,0.0024,297.0,1.43,0.8918,0.9849
29639,2021-06-25,2230,Durham Regional Health Unit,0.0105,845.0,1.19,0.7842,0.9405
29640,2021-06-25,2226,District of Algoma Health Unit,0.0,256.0,2.24,0.5668,0.9465
29641,2021-06-25,3895,City of Toronto Health Unit,0.0114,4352.0,1.39,0.8168,0.9341
29642,2021-06-25,2251,City of Ottawa Health Unit,0.0075,1106.0,1.05,0.8188,0.9672
29643,2021-06-25,2237,City of Hamilton Health Unit,0.0266,661.0,1.12,0.8981,0.95
29644,2021-06-25,2240,Chatham-Kent Health Unit,0.0037,153.0,1.44,0.8279,0.9727
29645,2021-06-25,2227,Brant County Health Unit,0.0094,213.0,1.38,0.7852,0.9612
29646,2021-06-24,2270,York Regional Health Unit,0.0071,1567.0,1.28,0.798,0.9417
29647,2021-06-24,2268,Windsor-Essex County Health Unit,0.0127,538.0,1.27,0.6978,0.937
29648,2021-06-24,2266,Wellington-Dufferin-Guelph Health Unit,0.0174,409.0,1.31,0.787,0.9612
29649,2021-06-24,2265,Waterloo Health Unit,0.0646,847.0,1.45,0.7939,0.9626
29650,2021-06-24,2263,Timiskaming Health Unit,0.0037,39.0,1.19,0.841,0.9788
29651,2021-06-24,2262,Thunder Bay District Health Unit,0.0065,307.0,2.05,0.7291,0.9191
29652,2021-06-24,2261,Sudbury and District Health Unit,0.0187,320.0,1.61,0.8994,0.9786
29653,2021-06-24,4913,Southwestern Public Health,0.0101,282.0,1.33,0.8466,0.9819
29654,2021-06-24,2260,Simcoe Muskoka District Health Unit,0.007,893.0,1.49,0.7996,0.9516
29655,2021-06-24,2257,Renfrew County and District Health Unit,0.0028,156.0,1.43,0.7011,0.9799
29656,2021-06-24,2256,Porcupine Health Unit,0.0393,225.0,2.7,0.6611,0.7968
29657,2021-06-24,2255,Peterborough County-City Health Unit,0.0104,192.0,1.3,0.8354,0.9824
29658,2021-06-24,2253,Peel Regional Health Unit,0.016,1817.0,1.13,0.8251,0.9465
29659,2021-06-24,35,Ontario,0.0142,20492.0,1.38,0.806,0.9465
29660,2021-06-24,2249,Northwestern Health Unit,0.0062,185.0,2.11,0.5096,0.7682
29661,2021-06-24,2247,North Bay Parry Sound District Health Unit,0.0354,214.0,1.65,0.7056,0.93
29662,2021-06-24,2246,Niagara Regional Area Health Unit,0.0152,712.0,1.51,0.7985,0.9299
29663,2021-06-24,2244,Middlesex-London Health Unit,0.006,786.0,1.55,0.8395,0.9765
29664,2021-06-24,2243,"Leeds, Grenville and Lanark District Health Unit",0.0016,270.0,1.56,0.846,0.9832
29665,2021-06-24,2242,Lambton Health Unit,0.0182,212.0,1.62,0.7762,0.9781
29666,2021-06-24,2241,"Kingston, Frontenac and Lennox and Addington Health Unit",0.0052,357.0,1.68,0.9042,0.9799
29667,2021-06-24,5183,Huron Perth Health Unit,0.0058,294.0,2.1,0.8417,0.982
29668,2021-06-24,2238,Hastings and Prince Edward Counties Health Unit,0.0013,331.0,1.96,0.911,0.9844
29669,2021-06-24,2236,Halton Regional Health Unit,0.0096,687.0,1.11,0.8379,0.9178
29670,2021-06-24,2235,"Haliburton, Kawartha, Pine Ridge District Health Unit",0.0045,320.0,1.7,0.7023,0.9693
29671,2021-06-24,2234,Haldimand-Norfolk Health Unit,0.0069,124.0,1.09,0.8032,0.9565
29672,2021-06-24,2233,Grey Bruce Health Unit,0.0695,255.0,1.5,0.825,0.9509
29673,2021-06-24,2258,Eastern Ontario Health Unit,0.0024,303.0,1.45,0.8798,0.9826
29674,2021-06-24,2230,Durham Regional Health Unit,0.01,872.0,1.22,0.7892,0.9425
29675,2021-06-24,2226,District of Algoma Health Unit,0.0017,260.0,2.27,0.5647,0.9475
29676,2021-06-24,3895,City of Toronto Health Unit,0.012,4354.0,1.4,0.8156,0.9346
29677,2021-06-24,2251,City of Ottawa Health Unit,0.0087,1113.0,1.06,0.8254,0.9665
29678,2021-06-24,2237,City of Hamilton Health Unit,0.026,676.0,1.14,0.8987,0.9504
29679,2021-06-24,2240,Chatham-Kent Health Unit,0.0037,153.0,1.44,0.8363,0.9751
29680,2021-06-24,2227,Brant County Health Unit,0.0106,229.0,1.48,0.7729,0.9542
29681,2021-06-23,2270,York Regional Health Unit,0.0077,1568.0,1.28,0.7935,0.9395
29682,2021-06-23,2268,Windsor-Essex County Health Unit,0.0125,537.0,1.26,0.686,0.9395
29683,2021-06-23,2266,Wellington-Dufferin-Guelph Health Unit,0.0146,421.0,1.35,0.7822,0.9587
29684,2021-06-23,2265,Waterloo Health Unit,0.066,844.0,1.45,0.7791,0.9638
29685,2021-06-23,2263,Timiskaming Health Unit,0.0074,39.0,1.19,0.8358,0.9888
29686,2021-06-23,2262,Thunder Bay District Health Unit,0.0068,315.0,2.1,0.764,0.9519
29687,2021-06-23,2261,Sudbury and District Health Unit,0.018,317.0,1.59,0.9076,0.9811
29688,2021-06-23,4913,Southwestern Public Health,0.0113,279.0,1.32,0.8312,0.9816
29689,2021-06-23,2260,Simcoe Muskoka District Health Unit,0.007,916.0,1.53,0.7926,0.9532
29690,2021-06-23,2257,Renfrew County and District Health Unit,0.0028,151.0,1.39,0.6867,0.9755
29691,2021-06-23,2256,Porcupine Health Unit,0.0414,231.0,2.77,0.6886,0.8261
29692,2021-06-23,2255,Peterborough County-City Health Unit,0.0102,196.0,1.33,0.8391,0.9855
29693,2021-06-23,2253,Peel Regional Health Unit,0.0176,1862.0,1.16,0.8322,0.9495
29694,2021-06-23,35,Ontario,0.0142,20708.0,1.4,0.808,0.9499
29695,2021-06-23,2249,Northwestern Health Unit,0.0055,183.0,2.09,0.6034,0.8482
29696,2021-06-23,2247,North Bay Parry Sound District Health Unit,0.0365,208.0,1.6,0.7208,0.9318
29697,2021-06-23,2246,Niagara Regional Area Health Unit,0.015,722.0,1.53,0.8102,0.9373
29698,2021-06-23,2244,Middlesex-London Health Unit,0.007,799.0,1.57,0.8464,0.9789
29699,2021-06-23,2243,"Leeds, Grenville and Lanark District Health Unit",0.0011,271.0,1.56,0.8551,0.9831
29700,2021-06-23,2242,Lambton Health Unit,0.0164,218.0,1.67,0.7474,0.9863
29701,2021-06-23,2241,"Kingston, Frontenac and Lennox and Addington Health Unit",0.004,356.0,1.67,0.8876,0.9783
29702,2021-06-23,5183,Huron Perth Health Unit,0.0063,294.0,2.11,0.8485,0.9794
29703,2021-06-23,2238,Hastings and Prince Edward Counties Health Unit,0.0013,335.0,1.99,0.9316,0.9825
29704,2021-06-23,2236,Halton Regional Health Unit,0.0102,698.0,1.13,0.8259,0.929
29705,2021-06-23,2235,"Haliburton, Kawartha, Pine Ridge District Health Unit",0.0048,330.0,1.75,0.7155,0.9675
29706,2021-06-23,2234,Haldimand-Norfolk Health Unit,0.0047,123.0,1.08,0.8026,0.9544
29707,2021-06-23,2233,Grey Bruce Health Unit,0.0488,240.0,1.41,0.8414,0.968
29708,2021-06-23,2258,Eastern Ontario Health Unit,0.0028,301.0,1.44,0.876,0.9774
29709,2021-06-23,2230,Durham Regional Health Unit,0.0114,900.0,1.26,0.7844,0.9438
29710,2021-06-23,2226,District of Algoma Health Unit,0.0022,263.0,2.29,0.5672,0.9386
29711,2021-06-23,3895,City of Toronto Health Unit,0.0121,4395.0,1.41,0.8233,0.938
29712,2021-06-23,2251,City of Ottawa Health Unit,0.0099,1130.0,1.07,0.8214,0.965
29713,2021-06-23,2237,City of Hamilton Health Unit,0.0233,687.0,1.16,0.9011,0.9569
29714,2021-06-23,2240,Chatham-Kent Health Unit,0.0036,160.0,1.51,0.8268,0.9759
29715,2021-06-23,2227,Brant County Health Unit,0.0095,225.0,1.45,0.7071,0.9396
29716,2021-06-22,2270,York Regional Health Unit,0.0094,1573.0,1.28,0.7943,0.944
29717,2021-06-22,2268,Windsor-Essex County Health Unit,0.0128,535.0,1.26,0.68,0.9365
29718,2021-06-22,2266,Wellington-Dufferin-Guelph Health Unit,0.012,418.0,1.34,0.7518,0.9557
29719,2021-06-22,2265,Waterloo Health Unit,0.0645,836.0,1.43,0.7741,0.9615
29720,2021-06-22,2263,Timiskaming Health Unit,0.0074,39.0,1.19,0.8399,0.9822
29721,2021-06-22,2262,Thunder Bay District Health Unit,0.0065,310.0,2.06,0.8743,0.97
29722,2021-06-22,2261,Sudbury and District Health Unit,0.0162,308.0,1.55,0.9155,0.9862
29723,2021-06-22,4913,Southwestern Public Health,0.0118,279.0,1.32,0.8358,0.9819
29724,2021-06-22,2260,Simcoe Muskoka District Health Unit,0.0058,912.0,1.52,0.7966,0.9635
29725,2021-06-22,2257,Renfrew County and District Health Unit,0.003,142.0,1.31,0.681,0.9505
29726,2021-06-22,2256,Porcupine Health Unit,0.0441,233.0,2.8,0.6462,0.8166
29727,2021-06-22,2255,Peterborough County-City Health Unit,0.0105,203.0,1.37,0.851,0.9868
29728,2021-06-22,2253,Peel Regional Health Unit,0.0173,1878.0,1.17,0.8075,0.9495
29729,2021-06-22,35,Ontario,0.0143,20721.0,1.4,0.8045,0.9528
29730,2021-06-22,2249,Northwestern Health Unit,0.0064,180.0,2.05,0.6004,0.8519
29731,2021-06-22,2247,North Bay Parry Sound District Health Unit,0.0358,219.0,1.69,0.7315,0.944
29732,2021-06-22,2246,Niagara Regional Area Health Unit,0.0151,718.0,1.52,0.8182,0.9512
29733,2021-06-22,2244,Middlesex-London Health Unit,0.007,818.0,1.61,0.8424,0.9748
29734,2021-06-22,2243,"Leeds, Grenville and Lanark District Health Unit",0.0011,272.0,1.57,0.8354,0.9825
29735,2021-06-22,2242,Lambton Health Unit,0.0139,206.0,1.57,0.7091,0.9874
29736,2021-06-22,2241,"Kingston, Frontenac and Lennox and Addington Health Unit",0.004,357.0,1.68,0.8734,0.981
29737,2021-06-22,5183,Huron Perth Health Unit,0.0043,301.0,2.16,0.8645,0.9829
29738,2021-06-22,2238,Hastings and Prince Edward Counties Health Unit,0.0013,334.0,1.98,0.9391,0.9837
29739,2021-06-22,2236,Halton Regional Health Unit,0.0108,702.0,1.13,0.8067,0.9429
29740,2021-06-22,2235,"Haliburton, Kawartha, Pine Ridge District Health Unit",0.0051,338.0,1.79,0.7014,0.9694
29741,2021-06-22,2234,Haldimand-Norfolk Health Unit,0.009,127.0,1.11,0.7873,0.957
29742,2021-06-22,2233,Grey Bruce Health Unit,0.0384,231.0,1.36,0.8299,0.9715
29743,2021-06-22,2258,Eastern Ontario Health Unit,0.0044,294.0,1.41,0.8658,0.9773
29744,2021-06-22,2230,Durham Regional Health Unit,0.0128,928.0,1.3,0.7588,0.9539
29745,2021-06-22,2226,District of Algoma Health Unit,0.0021,269.0,2.35,0.6114,0.9256
29746,2021-06-22,3895,City of Toronto Health Unit,0.0129,4358.0,1.4,0.8206,0.9396
29747,2021-06-22,2251,City of Ottawa Health Unit,0.0112,1134.0,1.08,0.83,0.9656
29748,2021-06-22,2237,City of Hamilton Health Unit,0.0231,698.0,1.18,0.9122,0.9662
29749,2021-06-22,2240,Chatham-Kent Health Unit,0.0036,160.0,1.5,0.8163,0.9792
29750,2021-06-22,2227,Brant County Health Unit,0.0116,209.0,1.35,0.6932,0.9402
29751,2021-06-21,2270,York Regional Health Unit,0.0102,1543.0,1.26,0.7955,0.9449
29752,2021-06-21,2268,Windsor-Essex County Health Unit,0.0125,538.0,1.27,0.684,0.943
29753,2021-06-21,2266,Wellington-Dufferin-Guelph Health Unit,0.0139,400.0,1.28,0.7411,0.9567
29754,2021-06-21,2265,Waterloo Health Unit,0.0692,834.0,1.43,0.7584,0.9621
29755,2021-06-21,2263,Timiskaming Health Unit,0.0072,40.0,1.21,0.8225,0.9819
29756,2021-06-21,2262,Thunder Bay District Health Unit,0.0062,323.0,2.16,0.8881,0.9732
29757,2021-06-21,2261,Sudbury and District Health Unit,0.0129,309.0,1.55,0.9204,0.9874
29758,2021-06-21,4913,Southwestern Public Health,0.0138,279.0,1.32,0.8413,0.9837
29759,2021-06-21,2260,Simcoe Muskoka District Health Unit,0.0061,915.0,1.53,0.7952,0.9632
29760,2021-06-21,2257,Renfrew County and District Health Unit,0.0038,149.0,1.37,0.7053,0.9525
29761,2021-06-21,2256,Porcupine Health Unit,0.0453,236.0,2.83,0.6362,0.8079
29762,2021-06-21,2255,Peterborough County-City Health Unit,0.011,207.0,1.4,0.8549,0.9861
29763,2021-06-21,2253,Peel Regional Health Unit,0.0193,1892.0,1.18,0.8112,0.9533
29764,2021-06-21,35,Ontario,0.015,20823.0,1.4,0.8064,0.9542
29765,2021-06-21,2249,Northwestern Health Unit,0.004,178.0,2.03,0.6095,0.8529
29766,2021-06-21,2247,North Bay Parry Sound District Health Unit,0.0335,218.0,1.68,0.6924,0.9282
29767,2021-06-21,2246,Niagara Regional Area Health Unit,0.0162,704.0,1.49,0.8228,0.9552
29768,2021-06-21,2244,Middlesex-London Health Unit,0.008,822.0,1.62,0.8448,0.9778
29769,2021-06-21,2243,"Leeds, Grenville and Lanark District Health Unit",0.0015,285.0,1.65,0.8306,0.9832
29770,2021-06-21,2242,Lambton Health Unit,0.0123,209.0,1.6,0.7026,0.9864
29771,2021-06-21,2241,"Kingston, Frontenac and Lennox and Addington Health Unit",0.0036,359.0,1.69,0.87,0.9805
29772,2021-06-21,5183,Huron Perth Health Unit,0.0066,304.0,2.17,0.8701,0.9824
29773,2021-06-21,2238,Hastings and Prince Edward Counties Health Unit,0.0021,334.0,1.98,0.9319,0.9805
29774,2021-06-21,2236,Halton Regional Health Unit,0.0113,707.0,1.14,0.8123,0.9445
29775,2021-06-21,2235,"Haliburton, Kawartha, Pine Ridge District Health Unit",0.0051,337.0,1.79,0.6975,0.9622
29776,2021-06-21,2234,Haldimand-Norfolk Health Unit,0.0145,128.0,1.12,0.8025,0.9713
29777,2021-06-21,2233,Grey Bruce Health Unit,0.0321,223.0,1.31,0.8303,0.9728
29778,2021-06-21,2258,Eastern Ontario Health Unit,0.0049,290.0,1.39,0.8656,0.9773
29779,2021-06-21,2230,Durham Regional Health Unit,0.0115,942.0,1.32,0.757,0.9513
29780,2021-06-21,2226,District of Algoma Health Unit,0.0022,265.0,2.31,0.6329,0.9288
29781,2021-06-21,3895,City of Toronto Health Unit,0.0136,4362.0,1.4,0.8274,0.9428
29782,2021-06-21,2251,City of Ottawa Health Unit,0.0127,1190.0,1.13,0.8331,0.9662
29783,2021-06-21,2237,City of Hamilton Health Unit,0.0209,726.0,1.23,0.9137,0.9674
29784,2021-06-21,2240,Chatham-Kent Health Unit,0.0009,156.0,1.47,0.8316,0.9837
29785,2021-06-21,2227,Brant County Health Unit,0.0133,215.0,1.39,0.7038,0.9419
29786,2021-06-20,2270,York Regional Health Unit,0.0106,1533.0,1.25,0.8063,0.9537
29787,2021-06-20,2268,Windsor-Essex County Health Unit,0.0146,538.0,1.27,0.7026,0.9448
29788,2021-06-20,2266,Wellington-Dufferin-Guelph Health Unit,0.0135,392.0,1.26,0.7407,0.9515
29789,2021-06-20,2265,Waterloo Health Unit,0.0665,829.0,1.42,0.7512,0.9572
29790,2021-06-20,2263,Timiskaming Health Unit,0.0037,38.0,1.18,0.8165,0.982
29791,2021-06-20,2262,Thunder Bay District Health Unit,0.0052,327.0,2.18,0.8737,0.9613
29792,2021-06-20,2261,Sudbury and District Health Unit,0.0142,311.0,1.56,0.9323,0.9893
29793,2021-06-20,4913,Southwestern Public Health,0.0137,283.0,1.34,0.838,0.9803
29794,2021-06-20,2260,Simcoe Muskoka District Health Unit,0.0075,901.0,1.5,0.7955,0.9635
29795,2021-06-20,2257,Renfrew County and District Health Unit,0.0035,162.0,1.49,0.7032,0.9541
29796,2021-06-20,2256,Porcupine Health Unit,0.0472,254.0,3.05,0.6475,0.814
29797,2021-06-20,2255,Peterborough County-City Health Unit,0.0139,206.0,1.39,0.8453,0.9773
29798,2021-06-20,2253,Peel Regional Health Unit,0.0221,1936.0,1.21,0.811,0.9525
29799,2021-06-20,35,Ontario,0.0155,20910.0,1.41,0.8094,0.955
29800,2021-06-20,2249,Northwestern Health Unit,0.0033,175.0,1.99,0.5911,0.8282
29801,2021-06-20,2247,North Bay Parry Sound District Health Unit,0.025,211.0,1.63,0.6961,0.9292
29802,2021-06-20,2246,Niagara Regional Area Health Unit,0.0175,703.0,1.49,0.8351,0.9619
29803,2021-06-20,2244,Middlesex-London Health Unit,0.0104,828.0,1.63,0.8467,0.9779
29804,2021-06-20,2243,"Leeds, Grenville and Lanark District Health Unit",0.002,279.0,1.61,0.8343,0.9841
29805,2021-06-20,2242,Lambton Health Unit,0.0094,212.0,1.62,0.7001,0.9852
29806,2021-06-20,2241,"Kingston, Frontenac and Lennox and Addington Health Unit",0.0032,356.0,1.67,0.8615,0.9809
29807,2021-06-20,5183,Huron Perth Health Unit,0.0085,303.0,2.17,0.8679,0.98
29808,2021-06-20,2238,Hastings and Prince Edward Counties Health Unit,0.0013,339.0,2.01,0.9321,0.9804
29809,2021-06-20,2236,Halton Regional Health Unit,0.0115,709.0,1.14,0.8153,0.9423
29810,2021-06-20,2235,"Haliburton, Kawartha, Pine Ridge District Health Unit",0.0088,340.0,1.8,0.7005,0.9646
29811,2021-06-20,2234,Haldimand-Norfolk Health Unit,0.0158,135.0,1.19,0.7865,0.9699
29812,2021-06-20,2233,Grey Bruce Health Unit,0.0279,220.0,1.3,0.8262,0.974
29813,2021-06-20,2258,Eastern Ontario Health Unit,0.0048,299.0,1.43,0.8545,0.9651
29814,2021-06-20,2230,Durham Regional Health Unit,0.0139,965.0,1.35,0.7553,0.9508
29815,2021-06-20,2226,District of Algoma Health Unit,0.0027,260.0,2.27,0.6361,0.9288
29816,2021-06-20,3895,City of Toronto Health Unit,0.0136,4320.0,1.38,0.8362,0.9472
29817,2021-06-20,2251,City of Ottawa Health Unit,0.0123,1211.0,1.15,0.8332,0.9647
29818,2021-06-20,2237,City of Hamilton Health Unit,0.0234,733.0,1.24,0.9141,0.9673
29819,2021-06-20,2240,Chatham-Kent Health Unit,0.0026,168.0,1.58,0.8302,0.9829
29820,2021-06-20,2227,Brant County Health Unit,0.0145,227.0,1.46,0.7199,0.9486
29821,2021-06-19,2270,York Regional Health Unit,0.0119,1531.0,1.25,0.8172,0.9568
29822,2021-06-19,2268,Windsor-Essex County Health Unit,0.0146,539.0,1.27,0.7149,0.9528
29823,2021-06-19,2266,Wellington-Dufferin-Guelph Health Unit,0.0133,397.0,1.27,0.7378,0.9448
29824,2021-06-19,2265,Waterloo Health Unit,0.067,831.0,1.42,0.7493,0.9506
29825,2021-06-19,2263,Timiskaming Health Unit,0.0072,39.0,1.21,0.8315,0.9817
29826,2021-06-19,2262,Thunder Bay District Health Unit,0.0061,327.0,2.18,0.8662,0.9621
29827,2021-06-19,2261,Sudbury and District Health Unit,0.0114,314.0,1.58,0.9418,0.9885
29828,2021-06-19,4913,Southwestern Public Health,0.0137,282.0,1.33,0.8424,0.9789
29829,2021-06-19,2260,Simcoe Muskoka District Health Unit,0.0077,889.0,1.48,0.7953,0.959
29830,2021-06-19,2257,Renfrew County and District Health Unit,0.0044,162.0,1.49,0.7829,0.9499
29831,2021-06-19,2256,Porcupine Health Unit,0.0526,255.0,3.06,0.6035,0.835
29832,2021-06-19,2255,Peterborough County-City Health Unit,0.0126,205.0,1.38,0.8407,0.9752
29833,2021-06-19,2253,Peel Regional Health Unit,0.0229,1943.0,1.21,0.8148,0.9533
29834,2021-06-19,35,Ontario,0.0163,20989.0,1.42,0.8099,0.9544
29835,2021-06-19,2249,Northwestern Health Unit,0.0033,174.0,1.99,0.5975,0.8313
29836,2021-06-19,2247,North Bay Parry Sound District Health Unit,0.0261,219.0,1.69,0.708,0.9136
29837,2021-06-19,2246,Niagara Regional Area Health Unit,0.0201,711.0,1.51,0.8117,0.9497
29838,2021-06-19,2244,Middlesex-London Health Unit,0.0114,843.0,1.66,0.8528,0.9805
29839,2021-06-19,2243,"Leeds, Grenville and Lanark District Health Unit",0.003,282.0,1.63,0.8411,0.9851
29840,2021-06-19,2242,Lambton Health Unit,0.0095,211.0,1.61,0.6841,0.9848
29841,2021-06-19,2241,"Kingston, Frontenac and Lennox and Addington Health Unit",0.0024,353.0,1.66,0.8841,0.9828
29842,2021-06-19,5183,Huron Perth Health Unit,0.0086,301.0,2.15,0.8625,0.9773
29843,2021-06-19,2238,Hastings and Prince Edward Counties Health Unit,0.0017,341.0,2.02,0.9294,0.9807
29844,2021-06-19,2236,Halton Regional Health Unit,0.0139,698.0,1.13,0.8179,0.9451
29845,2021-06-19,2235,"Haliburton, Kawartha, Pine Ridge District Health Unit",0.0084,341.0,1.8,0.7005,0.9642
29846,2021-06-19,2234,Haldimand-Norfolk Health Unit,0.0173,140.0,1.23,0.7784,0.9658
29847,2021-06-19,2233,Grey Bruce Health Unit,0.026,220.0,1.29,0.8265,0.9716
29848,2021-06-19,2258,Eastern Ontario Health Unit,0.0052,303.0,1.45,0.8626,0.9636
29849,2021-06-19,2230,Durham Regional Health Unit,0.0158,959.0,1.35,0.7493,0.9513
29850,2021-06-19,2226,District of Algoma Health Unit,0.0027,267.0,2.33,0.635,0.925
29851,2021-06-19,3895,City of Toronto Health Unit,0.0143,4335.0,1.39,0.8373,0.9491
29852,2021-06-19,2251,City of Ottawa Health Unit,0.0125,1226.0,1.16,0.8252,0.959
29853,2021-06-19,2237,City of Hamilton Health Unit,0.0232,732.0,1.24,0.9172,0.9678
29854,2021-06-19,2240,Chatham-Kent Health Unit,0.006,168.0,1.58,0.8263,0.9855
29855,2021-06-19,2227,Brant County Health Unit,0.0166,241.0,1.55,0.7125,0.9362
29856,2021-06-18,2270,York Regional Health Unit,0.0122,1530.0,1.25,0.8261,0.9535
29857,2021-06-18,2268,Windsor-Essex County Health Unit,0.0156,542.0,1.28,0.7372,0.9533
29858,2021-06-18,2266,Wellington-Dufferin-Guelph Health Unit,0.0154,390.0,1.25,0.7355,0.935
29859,2021-06-18,2265,Waterloo Health Unit,0.07,827.0,1.41,0.7357,0.9516
29860,2021-06-18,2263,Timiskaming Health Unit,0.0073,39.0,1.2,0.8456,0.9853
29861,2021-06-18,2262,Thunder Bay District Health Unit,0.0066,327.0,2.18,0.8554,0.9567
29862,2021-06-18,2261,Sudbury and District Health Unit,0.0111,309.0,1.55,0.9403,0.9864
29863,2021-06-18,4913,Southwestern Public Health,0.0143,280.0,1.32,0.8387,0.9795
29864,2021-06-18,2260,Simcoe Muskoka District Health Unit,0.008,879.0,1.47,0.7917,0.9547
29865,2021-06-18,2257,Renfrew County and District Health Unit,0.0045,159.0,1.47,0.8022,0.9529
29866,2021-06-18,2256,Porcupine Health Unit,0.0501,254.0,3.04,0.6208,0.8404
29867,2021-06-18,2255,Peterborough County-City Health Unit,0.0126,205.0,1.38,0.8197,0.9734
29868,2021-06-18,2253,Peel Regional Health Unit,0.0241,1936.0,1.21,0.8202,0.9518
29869,2021-06-18,35,Ontario,0.0172,20914.0,1.41,0.812,0.9531
29870,2021-06-18,2249,Northwestern Health Unit,0.0033,174.0,1.98,0.6341,0.8233
29871,2021-06-18,2247,North Bay Parry Sound District Health Unit,0.0263,217.0,1.67,0.7071,0.9122
29872,2021-06-18,2246,Niagara Regional Area Health Unit,0.0195,705.0,1.49,0.8107,0.9453
29873,2021-06-18,2244,Middlesex-London Health Unit,0.0123,839.0,1.65,0.8501,0.9801
29874,2021-06-18,2243,"Leeds, Grenville and Lanark District Health Unit",0.0031,281.0,1.62,0.8308,0.984
29875,2021-06-18,2242,Lambton Health Unit,0.0074,211.0,1.61,0.7076,0.9861
29876,2021-06-18,2241,"Kingston, Frontenac and Lennox and Addington Health Unit",0.0012,357.0,1.68,0.8906,0.9878
29877,2021-06-18,5183,Huron Perth Health Unit,0.0086,300.0,2.14,0.8585,0.9781
29878,2021-06-18,2238,Hastings and Prince Edward Counties Health Unit,0.0013,339.0,2.01,0.9271,0.9803
29879,2021-06-18,2236,Halton Regional Health Unit,0.0166,688.0,1.11,0.8157,0.9448
29880,2021-06-18,2235,"Haliburton, Kawartha, Pine Ridge District Health Unit",0.0092,341.0,1.81,0.6966,0.9606
29881,2021-06-18,2234,Haldimand-Norfolk Health Unit,0.0186,146.0,1.28,0.7671,0.9493
29882,2021-06-18,2233,Grey Bruce Health Unit,0.0255,218.0,1.28,0.8215,0.9657
29883,2021-06-18,2258,Eastern Ontario Health Unit,0.0056,304.0,1.46,0.8684,0.9647
29884,2021-06-18,2230,Durham Regional Health Unit,0.0179,957.0,1.34,0.7486,0.9515
29885,2021-06-18,2226,District of Algoma Health Unit,0.0032,269.0,2.35,0.6339,0.9235
29886,2021-06-18,3895,City of Toronto Health Unit,0.0152,4306.0,1.38,0.842,0.9484
29887,2021-06-18,2251,City of Ottawa Health Unit,0.0142,1225.0,1.16,0.8304,0.9594
29888,2021-06-18,2237,City of Hamilton Health Unit,0.0247,734.0,1.24,0.9138,0.9657
29889,2021-06-18,2240,Chatham-Kent Health Unit,0.0069,167.0,1.57,0.8441,0.9841
29890,2021-06-18,2227,Brant County Health Unit,0.0165,250.0,1.61,0.7069,0.937
29891,2021-06-17,2270,York Regional Health Unit,0.0124,1525.0,1.24,0.8342,0.9473
29892,2021-06-17,2268,Windsor-Essex County Health Unit,0.0143,559.0,1.32,0.7553,0.9487
29893,2021-06-17,2266,Wellington-Dufferin-Guelph Health Unit,0.0166,386.0,1.24,0.7166,0.928
29894,2021-06-17,2265,Waterloo Health Unit,0.0708,807.0,1.38,0.7357,0.9498
29895,2021-06-17,2263,Timiskaming Health Unit,0.0108,40.0,1.21,0.8699,0.9777
29896,2021-06-17,2262,Thunder Bay District Health Unit,0.0082,331.0,2.21,0.8541,0.9553
29897,2021-06-17,2261,Sudbury and District Health Unit,0.0094,306.0,1.54,0.9488,0.987
29898,2021-06-17,4913,Southwestern Public Health,0.0122,281.0,1.33,0.8284,0.9769
29899,2021-06-17,2260,Simcoe Muskoka District Health Unit,0.0079,852.0,1.42,0.8264,0.9517
29900,2021-06-17,2257,Renfrew County and District Health Unit,0.0047,152.0,1.4,0.812,0.9594
29901,2021-06-17,2256,Porcupine Health Unit,0.0565,301.0,3.61,0.611,0.818
29902,2021-06-17,2255,Peterborough County-City Health Unit,0.0126,205.0,1.38,0.7901,0.9749
29903,2021-06-17,2253,Peel Regional Health Unit,0.0268,1933.0,1.2,0.8271,0.9496
29904,2021-06-17,35,Ontario,0.018,20884.0,1.41,0.8138,0.9508
29905,2021-06-17,2249,Northwestern Health Unit,0.0043,168.0,1.91,0.6456,0.8512
29906,2021-06-17,2247,North Bay Parry Sound District Health Unit,0.025,211.0,1.63,0.7208,0.9147
29907,2021-06-17,2246,Niagara Regional Area Health Unit,0.0199,705.0,1.49,0.7984,0.9339
29908,2021-06-17,2244,Middlesex-London Health Unit,0.0128,834.0,1.64,0.8429,0.9796
29909,2021-06-17,2243,"Leeds, Grenville and Lanark District Health Unit",0.0042,274.0,1.58,0.8336,0.9834
29910,2021-06-17,2242,Lambton Health Unit,0.0057,227.0,1.73,0.6999,0.9867
29911,2021-06-17,2241,"Kingston, Frontenac and Lennox and Addington Health Unit",0.0004,359.0,1.69,0.8898,0.9879
29912,2021-06-17,5183,Huron Perth Health Unit,0.0099,303.0,2.17,0.8578,0.9738
29913,2021-06-17,2238,Hastings and Prince Edward Counties Health Unit,0.0013,341.0,2.03,0.9294,0.9825
29914,2021-06-17,2236,Halton Regional Health Unit,0.0187,681.0,1.1,0.8104,0.9351
29915,2021-06-17,2235,"Haliburton, Kawartha, Pine Ridge District Health Unit",0.0101,340.0,1.8,0.695,0.9598
29916,2021-06-17,2234,Haldimand-Norfolk Health Unit,0.0217,145.0,1.27,0.7431,0.9475
29917,2021-06-17,2233,Grey Bruce Health Unit,0.0219,216.0,1.27,0.8223,0.9651
29918,2021-06-17,2258,Eastern Ontario Health Unit,0.0052,304.0,1.46,0.8824,0.9671
29919,2021-06-17,2230,Durham Regional Health Unit,0.02,965.0,1.36,0.7412,0.9517
29920,2021-06-17,2226,District of Algoma Health Unit,0.0026,273.0,2.38,0.6459,0.9279
29921,2021-06-17,3895,City of Toronto Health Unit,0.0158,4260.0,1.37,0.8459,0.9474
29922,2021-06-17,2251,City of Ottawa Health Unit,0.0157,1244.0,1.18,0.828,0.9598
29923,2021-06-17,2237,City of Hamilton Health Unit,0.0274,736.0,1.24,0.9065,0.9634
29924,2021-06-17,2240,Chatham-Kent Health Unit,0.0069,166.0,1.56,0.8292,0.978
29925,2021-06-17,2227,Brant County Health Unit,0.0159,242.0,1.56,0.7155,0.9388
29926,2021-06-16,2270,York Regional Health Unit,0.0133,1551.0,1.26,0.8328,0.941
29927,2021-06-16,2268,Windsor-Essex County Health Unit,0.0152,564.0,1.33,0.7689,0.9496
29928,2021-06-16,2266,Wellington-Dufferin-Guelph Health Unit,0.0167,367.0,1.18,0.6832,0.917
29929,2021-06-16,2265,Waterloo Health Unit,0.074,809.0,1.38,0.7418,0.9518
29930,2021-06-16,2263,Timiskaming Health Unit,0.0182,39.0,1.2,0.8729,0.9794
29931,2021-06-16,2262,Thunder Bay District Health Unit,0.0091,330.0,2.2,0.8468,0.9444
29932,2021-06-16,2261,Sudbury and District Health Unit,0.0083,310.0,1.56,0.9474,0.9858
29933,2021-06-16,4913,Southwestern Public Health,0.0116,284.0,1.34,0.8367,0.9721
29934,2021-06-16,2260,Simcoe Muskoka District Health Unit,0.0109,852.0,1.42,0.8553,0.9588
29935,2021-06-16,2257,Renfrew County and District Health Unit,0.0054,158.0,1.45,0.7898,0.9661
29936,2021-06-16,2256,Porcupine Health Unit,0.0592,311.0,3.73,0.5943,0.8067
29937,2021-06-16,2255,Peterborough County-City Health Unit,0.0154,204.0,1.38,0.8101,0.9763
29938,2021-06-16,2253,Peel Regional Health Unit,0.0287,1924.0,1.2,0.8296,0.9467
29939,2021-06-16,35,Ontario,0.0191,20939.0,1.41,0.813,0.9492
29940,2021-06-16,2249,Northwestern Health Unit,0.005,171.0,1.95,0.5969,0.8431
29941,2021-06-16,2247,North Bay Parry Sound District Health Unit,0.0233,215.0,1.65,0.7165,0.9028
29942,2021-06-16,2246,Niagara Regional Area Health Unit,0.0201,724.0,1.53,0.8122,0.9397
29943,2021-06-16,2244,Middlesex-London Health Unit,0.0132,831.0,1.64,0.836,0.9763
29944,2021-06-16,2243,"Leeds, Grenville and Lanark District Health Unit",0.0052,276.0,1.6,0.8281,0.9859
29945,2021-06-16,2242,Lambton Health Unit,0.0049,232.0,1.77,0.6836,0.9856
29946,2021-06-16,2241,"Kingston, Frontenac and Lennox and Addington Health Unit",0.0012,364.0,1.71,0.9062,0.9897
29947,2021-06-16,5183,Huron Perth Health Unit,0.0111,308.0,2.21,0.8435,0.9709
29948,2021-06-16,2238,Hastings and Prince Edward Counties Health Unit,0.0017,334.0,1.98,0.9288,0.9838
29949,2021-06-16,2236,Halton Regional Health Unit,0.0181,688.0,1.11,0.8325,0.9359
29950,2021-06-16,2235,"Haliburton, Kawartha, Pine Ridge District Health Unit",0.011,338.0,1.79,0.668,0.9567
29951,2021-06-16,2234,Haldimand-Norfolk Health Unit,0.0241,148.0,1.3,0.7401,0.953
29952,2021-06-16,2233,Grey Bruce Health Unit,0.0257,217.0,1.28,0.8077,0.9615
29953,2021-06-16,2258,Eastern Ontario Health Unit,0.0069,310.0,1.49,0.8746,0.9688
29954,2021-06-16,2230,Durham Regional Health Unit,0.0206,958.0,1.35,0.7311,0.9435
29955,2021-06-16,2226,District of Algoma Health Unit,0.0032,271.0,2.37,0.6453,0.9385
29956,2021-06-16,3895,City of Toronto Health Unit,0.0165,4221.0,1.35,0.8398,0.9437
29957,2021-06-16,2251,City of Ottawa Health Unit,0.0166,1255.0,1.19,0.8267,0.9627
29958,2021-06-16,2237,City of Hamilton Health Unit,0.0299,744.0,1.26,0.9139,0.9662
29959,2021-06-16,2240,Chatham-Kent Health Unit,0.0078,165.0,1.56,0.8499,0.9768
29960,2021-06-16,2227,Brant County Health Unit,0.0167,249.0,1.6,0.7511,0.9466
29961,2021-06-15,2270,York Regional Health Unit,0.0145,1557.0,1.27,0.8368,0.9439
29962,2021-06-15,2268,Windsor-Essex County Health Unit,0.0161,570.0,1.34,0.7795,0.9603
29963,2021-06-15,2266,Wellington-Dufferin-Guelph Health Unit,0.0169,371.0,1.19,0.6942,0.9137
29964,2021-06-15,2265,Waterloo Health Unit,0.0794,790.0,1.35,0.7397,0.9513
29965,2021-06-15,2263,Timiskaming Health Unit,0.0246,41.0,1.25,0.8857,0.9857
29966,2021-06-15,2262,Thunder Bay District Health Unit,0.011,337.0,2.25,0.8465,0.9422
29967,2021-06-15,2261,Sudbury and District Health Unit,0.0082,312.0,1.57,0.9393,0.9862
29968,2021-06-15,4913,Southwestern Public Health,0.012,286.0,1.35,0.8356,0.9712
29969,2021-06-15,2260,Simcoe Muskoka District Health Unit,0.0124,855.0,1.43,0.8522,0.9552
29970,2021-06-15,2257,Renfrew County and District Health Unit,0.0052,165.0,1.52,0.8081,0.9841
29971,2021-06-15,2256,Porcupine Health Unit,0.0584,328.0,3.93,0.616,0.8355
29972,2021-06-15,2255,Peterborough County-City Health Unit,0.0168,230.0,1.55,0.816,0.9758
29973,2021-06-15,2253,Peel Regional Health Unit,0.0308,1947.0,1.21,0.8568,0.9569
29974,2021-06-15,35,Ontario,0.0203,21111.0,1.42,0.8214,0.9507
29975,2021-06-15,2249,Northwestern Health Unit,0.0059,170.0,1.94,0.581,0.8454
29976,2021-06-15,2247,North Bay Parry Sound District Health Unit,0.0235,201.0,1.55,0.7176,0.8805
29977,2021-06-15,2246,Niagara Regional Area Health Unit,0.0223,742.0,1.57,0.8006,0.9337
29978,2021-06-15,2244,Middlesex-London Health Unit,0.0143,829.0,1.63,0.8384,0.9809
29979,2021-06-15,2243,"Leeds, Grenville and Lanark District Health Unit",0.0063,273.0,1.58,0.8522,0.9864
29980,2021-06-15,2242,Lambton Health Unit,0.0052,248.0,1.89,0.6506,0.9778
29981,2021-06-15,2241,"Kingston, Frontenac and Lennox and Addington Health Unit",0.0019,367.0,1.72,0.9225,0.9885
29982,2021-06-15,5183,Huron Perth Health Unit,0.0125,319.0,2.28,0.8413,0.9674
29983,2021-06-15,2238,Hastings and Prince Edward Counties Health Unit,0.0022,322.0,1.91,0.9253,0.9832
29984,2021-06-15,2236,Halton Regional Health Unit,0.021,687.0,1.11,0.849,0.9255
29985,2021-06-15,2235,"Haliburton, Kawartha, Pine Ridge District Health Unit",0.0104,344.0,1.82,0.6997,0.957
29986,2021-06-15,2234,Haldimand-Norfolk Health Unit,0.0215,153.0,1.34,0.7711,0.9497
29987,2021-06-15,2233,Grey Bruce Health Unit,0.0245,216.0,1.27,0.7809,0.9588
29988,2021-06-15,2258,Eastern Ontario Health Unit,0.0058,320.0,1.53,0.8881,0.9695
29989,2021-06-15,2230,Durham Regional Health Unit,0.0219,979.0,1.37,0.7751,0.9499
29990,2021-06-15,2226,District of Algoma Health Unit,0.0032,267.0,2.33,0.7078,0.9446
29991,2021-06-15,3895,City of Toronto Health Unit,0.0172,4217.0,1.35,0.8484,0.9462
29992,2021-06-15,2251,City of Ottawa Health Unit,0.0171,1266.0,1.2,0.8212,0.9587
29993,2021-06-15,2237,City of Hamilton Health Unit,0.0317,754.0,1.27,0.8978,0.9576
29994,2021-06-15,2240,Chatham-Kent Health Unit,0.0074,174.0,1.63,0.8561,0.978
29995,2021-06-15,2227,Brant County Health Unit,0.0197,261.0,1.68,0.7677,0.9488
29996,2021-06-14,2270,York Regional Health Unit,0.0147,1610.0,1.31,0.8374,0.945
29997,2021-06-14,2268,Windsor-Essex County Health Unit,0.0165,579.0,1.36,0.7765,0.9582
29998,2021-06-14,2266,Wellington-Dufferin-Guelph Health Unit,0.0151,389.0,1.25,0.6956,0.9082
29999,2021-06-14,2265,Waterloo Health Unit,0.0794,761.0,1.3,0.749,0.9515
30000,2021-06-14,2263,Timiskaming Health Unit,0.0246,41.0,1.25,0.8873,0.9855
30001,2021-06-14,2262,Thunder Bay District Health Unit,0.0135,340.0,2.27,0.8268,0.9331
30002,2021-06-14,2261,Sudbury and District Health Unit,0.0084,307.0,1.54,0.9092,0.9843
30003,2021-06-14,4913,Southwestern Public Health,0.0098,291.0,1.37,0.8229,0.9713
30004,2021-06-14,2260,Simcoe Muskoka District Health Unit,0.0122,865.0,1.44,0.8544,0.955
30005,2021-06-14,2257,Renfrew County and District Health Unit,0.0078,165.0,1.52,0.7934,0.9843
30006,2021-06-14,2256,Porcupine Health Unit,0.0667,349.0,4.18,0.6125,0.8455
30007,2021-06-14,2255,Peterborough County-City Health Unit,0.0182,227.0,1.53,0.8176,0.9797
30008,2021-06-14,2253,Peel Regional Health Unit,0.0326,1978.0,1.23,0.8582,0.9565
30009,2021-06-14,35,Ontario,0.0209,21396.0,1.44,0.8194,0.9497
30010,2021-06-14,2249,Northwestern Health Unit,0.0058,173.0,1.97,0.5776,0.8409
30011,2021-06-14,2247,North Bay Parry Sound District Health Unit,0.0263,190.0,1.46,0.7549,0.8933
30012,2021-06-14,2246,Niagara Regional Area Health Unit,0.0226,765.0,1.62,0.7894,0.9242
30013,2021-06-14,2244,Middlesex-London Health Unit,0.015,841.0,1.66,0.8377,0.9804
30014,2021-06-14,2243,"Leeds, Grenville and Lanark District Health Unit",0.0066,261.0,1.51,0.848,0.9825
30015,2021-06-14,2242,Lambton Health Unit,0.0056,283.0,2.16,0.667,0.9752
30016,2021-06-14,2241,"Kingston, Frontenac and Lennox and Addington Health Unit",0.0019,368.0,1.73,0.92,0.9881
30017,2021-06-14,5183,Huron Perth Health Unit,0.011,339.0,2.42,0.8137,0.968
30018,2021-06-14,2238,Hastings and Prince Edward Counties Health Unit,0.0027,322.0,1.91,0.9311,0.9848
30019,2021-06-14,2236,Halton Regional Health Unit,0.0253,684.0,1.1,0.8533,0.9286
30020,2021-06-14,2235,"Haliburton, Kawartha, Pine Ridge District Health Unit",0.0108,357.0,1.89,0.6923,0.9637
30021,2021-06-14,2234,Haldimand-Norfolk Health Unit,0.0195,161.0,1.41,0.7603,0.9366
30022,2021-06-14,2233,Grey Bruce Health Unit,0.0232,215.0,1.27,0.7698,0.952
30023,2021-06-14,2258,Eastern Ontario Health Unit,0.0052,331.0,1.58,0.8894,0.967
30024,2021-06-14,2230,Durham Regional Health Unit,0.0243,986.0,1.38,0.769,0.9524
30025,2021-06-14,2226,District of Algoma Health Unit,0.0052,277.0,2.42,0.7319,0.9507
30026,2021-06-14,3895,City of Toronto Health Unit,0.0172,4271.0,1.37,0.8463,0.9449
30027,2021-06-14,2251,City of Ottawa Health Unit,0.0166,1246.0,1.18,0.8187,0.9571
30028,2021-06-14,2237,City of Hamilton Health Unit,0.0359,744.0,1.26,0.9008,0.9579
30029,2021-06-14,2240,Chatham-Kent Health Unit,0.0098,176.0,1.65,0.8363,0.9556
30030,2021-06-14,2227,Brant County Health Unit,0.0212,283.0,1.83,0.7615,0.9468
30031,2021-06-13,2270,York Regional Health Unit,0.0152,1645.0,1.34,0.8395,0.9462
30032,2021-06-13,2268,Windsor-Essex County Health Unit,0.0182,587.0,1.38,0.7825,0.9596
30033,2021-06-13,2266,Wellington-Dufferin-Guelph Health Unit,0.0161,399.0,1.28,0.6996,0.9173
30034,2021-06-13,2265,Waterloo Health Unit,0.0829,743.0,1.27,0.7664,0.9566
30035,2021-06-13,2263,Timiskaming Health Unit,0.0252,40.0,1.21,0.8853,0.9857
30036,2021-06-13,2262,Thunder Bay District Health Unit,0.0161,345.0,2.3,0.8436,0.9451
30037,2021-06-13,2261,Sudbury and District Health Unit,0.0085,303.0,1.52,0.9018,0.9839
30038,2021-06-13,4913,Southwestern Public Health,0.0091,283.0,1.34,0.8231,0.9743
30039,2021-06-13,2260,Simcoe Muskoka District Health Unit,0.013,889.0,1.48,0.8564,0.9554
30040,2021-06-13,2257,Renfrew County and District Health Unit,0.0074,153.0,1.41,0.795,0.9844
30041,2021-06-13,2256,Porcupine Health Unit,0.078,368.0,4.41,0.6066,0.8546
30042,2021-06-13,2255,Peterborough County-City Health Unit,0.0171,226.0,1.53,0.8219,0.9878
30043,2021-06-13,2253,Peel Regional Health Unit,0.0351,1988.0,1.24,0.8619,0.96
30044,2021-06-13,35,Ontario,0.0221,21531.0,1.45,0.8208,0.9509
30045,2021-06-13,2249,Northwestern Health Unit,0.0071,182.0,2.08,0.595,0.8575
30046,2021-06-13,2247,North Bay Parry Sound District Health Unit,0.0275,182.0,1.4,0.7485,0.8894
30047,2021-06-13,2246,Niagara Regional Area Health Unit,0.0229,767.0,1.62,0.7768,0.917
30048,2021-06-13,2244,Middlesex-London Health Unit,0.0146,832.0,1.64,0.8357,0.9806
30049,2021-06-13,2243,"Leeds, Grenville and Lanark District Health Unit",0.0059,268.0,1.55,0.8494,0.9808
30050,2021-06-13,2242,Lambton Health Unit,0.0049,320.0,2.44,0.668,0.9758
30051,2021-06-13,2241,"Kingston, Frontenac and Lennox and Addington Health Unit",0.0026,378.0,1.78,0.9251,0.9887
30052,2021-06-13,5183,Huron Perth Health Unit,0.0102,335.0,2.4,0.8159,0.9704
30053,2021-06-13,2238,Hastings and Prince Edward Counties Health Unit,0.0027,321.0,1.9,0.9313,0.9846
30054,2021-06-13,2236,Halton Regional Health Unit,0.0269,691.0,1.12,0.8586,0.9331
30055,2021-06-13,2235,"Haliburton, Kawartha, Pine Ridge District Health Unit",0.0079,343.0,1.82,0.688,0.9631
30056,2021-06-13,2234,Haldimand-Norfolk Health Unit,0.0257,150.0,1.31,0.7735,0.9367
30057,2021-06-13,2233,Grey Bruce Health Unit,0.0198,216.0,1.27,0.7685,0.9502
30058,2021-06-13,2258,Eastern Ontario Health Unit,0.0064,333.0,1.6,0.9073,0.9799
30059,2021-06-13,2230,Durham Regional Health Unit,0.0241,996.0,1.4,0.7718,0.9514
30060,2021-06-13,2226,District of Algoma Health Unit,0.0051,282.0,2.47,0.7369,0.9518
30061,2021-06-13,3895,City of Toronto Health Unit,0.0191,4284.0,1.37,0.8454,0.9439
30062,2021-06-13,2251,City of Ottawa Health Unit,0.0168,1244.0,1.18,0.8192,0.9588
30063,2021-06-13,2237,City of Hamilton Health Unit,0.0369,752.0,1.27,0.9014,0.958
30064,2021-06-13,2240,Chatham-Kent Health Unit,0.012,179.0,1.68,0.8271,0.9551
30065,2021-06-13,2227,Brant County Health Unit,0.0239,281.0,1.81,0.7565,0.9469
30066,2021-06-12,2270,York Regional Health Unit,0.0153,1647.0,1.34,0.8399,0.9441
30067,2021-06-12,2268,Windsor-Essex County Health Unit,0.0195,587.0,1.38,0.765,0.9497
30068,2021-06-12,2266,Wellington-Dufferin-Guelph Health Unit,0.0165,399.0,1.28,0.6917,0.9221
30069,2021-06-12,2265,Waterloo Health Unit,0.082,735.0,1.26,0.7597,0.9581
30070,2021-06-12,2263,Timiskaming Health Unit,0.0217,39.0,1.21,0.8705,0.9784
30071,2021-06-12,2262,Thunder Bay District Health Unit,0.0158,352.0,2.35,0.8506,0.9432
30072,2021-06-12,2261,Sudbury and District Health Unit,0.0086,299.0,1.5,0.895,0.9828
30073,2021-06-12,4913,Southwestern Public Health,0.0096,282.0,1.33,0.804,0.9724
30074,2021-06-12,2260,Simcoe Muskoka District Health Unit,0.0127,896.0,1.5,0.8519,0.9594
30075,2021-06-12,2257,Renfrew County and District Health Unit,0.0073,156.0,1.43,0.7715,0.9823
30076,2021-06-12,2256,Porcupine Health Unit,0.073,391.0,4.69,0.6602,0.8607
30077,2021-06-12,2255,Peterborough County-City Health Unit,0.0171,226.0,1.53,0.8349,0.9874
30078,2021-06-12,2253,Peel Regional Health Unit,0.0358,2005.0,1.25,0.8645,0.9571
30079,2021-06-12,35,Ontario,0.0223,21546.0,1.45,0.8191,0.9498
30080,2021-06-12,2249,Northwestern Health Unit,0.0071,182.0,2.07,0.5687,0.8068
30081,2021-06-12,2247,North Bay Parry Sound District Health Unit,0.0236,170.0,1.31,0.7395,0.8911
30082,2021-06-12,2246,Niagara Regional Area Health Unit,0.0243,764.0,1.62,0.7915,0.9234
30083,2021-06-12,2244,Middlesex-London Health Unit,0.014,824.0,1.62,0.8229,0.975
30084,2021-06-12,2243,"Leeds, Grenville and Lanark District Health Unit",0.0048,266.0,1.54,0.8466,0.9817
30085,2021-06-12,2242,Lambton Health Unit,0.0049,319.0,2.43,0.6748,0.9732
30086,2021-06-12,2241,"Kingston, Frontenac and Lennox and Addington Health Unit",0.003,385.0,1.81,0.9224,0.988
30087,2021-06-12,5183,Huron Perth Health Unit,0.0099,347.0,2.48,0.8043,0.9738
30088,2021-06-12,2238,Hastings and Prince Edward Counties Health Unit,0.0022,319.0,1.89,0.9321,0.9846
30089,2021-06-12,2236,Halton Regional Health Unit,0.0271,706.0,1.14,0.8473,0.928
30090,2021-06-12,2235,"Haliburton, Kawartha, Pine Ridge District Health Unit",0.0087,343.0,1.82,0.6808,0.963
30091,2021-06-12,2234,Haldimand-Norfolk Health Unit,0.0272,147.0,1.29,0.7734,0.9398
30092,2021-06-12,2233,Grey Bruce Health Unit,0.0166,216.0,1.27,0.7399,0.9526
30093,2021-06-12,2258,Eastern Ontario Health Unit,0.006,332.0,1.59,0.8961,0.9808
30094,2021-06-12,2230,Durham Regional Health Unit,0.0236,992.0,1.39,0.7682,0.949
30095,2021-06-12,2226,District of Algoma Health Unit,0.0051,279.0,2.44,0.7354,0.9521
30096,2021-06-12,3895,City of Toronto Health Unit,0.0202,4280.0,1.37,0.8423,0.9408
30097,2021-06-12,2251,City of Ottawa Health Unit,0.0172,1222.0,1.16,0.8271,0.965
30098,2021-06-12,2237,City of Hamilton Health Unit,0.0367,771.0,1.3,0.8953,0.9537
30099,2021-06-12,2240,Chatham-Kent Health Unit,0.0092,170.0,1.6,0.8238,0.9548
30100,2021-06-12,2227,Brant County Health Unit,0.0235,273.0,1.76,0.7581,0.9633
30101,2021-06-11,2270,York Regional Health Unit,0.0158,1647.0,1.34,0.8426,0.9461
30102,2021-06-11,2268,Windsor-Essex County Health Unit,0.0221,583.0,1.37,0.7742,0.9519
30103,2021-06-11,2266,Wellington-Dufferin-Guelph Health Unit,0.0154,408.0,1.31,0.6903,0.931
30104,2021-06-11,2265,Waterloo Health Unit,0.0776,728.0,1.25,0.7643,0.9588
30105,2021-06-11,2263,Timiskaming Health Unit,0.0218,39.0,1.2,0.8438,0.9688
30106,2021-06-11,2262,Thunder Bay District Health Unit,0.0185,362.0,2.42,0.8642,0.9517
30107,2021-06-11,2261,Sudbury and District Health Unit,0.0085,301.0,1.51,0.9036,0.9856
30108,2021-06-11,4913,Southwestern Public Health,0.0086,281.0,1.33,0.8033,0.9727
30109,2021-06-11,2260,Simcoe Muskoka District Health Unit,0.0135,891.0,1.49,0.8057,0.941
30110,2021-06-11,2257,Renfrew County and District Health Unit,0.007,164.0,1.51,0.7901,0.9844
30111,2021-06-11,2256,Porcupine Health Unit,0.0724,422.0,5.06,0.6576,0.8771
30112,2021-06-11,2255,Peterborough County-City Health Unit,0.0155,249.0,1.68,0.8457,0.9851
30113,2021-06-11,2253,Peel Regional Health Unit,0.0384,2070.0,1.29,0.8678,0.9565
30114,2021-06-11,35,Ontario,0.023,21713.0,1.46,0.8157,0.9492
30115,2021-06-11,2249,Northwestern Health Unit,0.0072,179.0,2.04,0.5699,0.8128
30116,2021-06-11,2247,North Bay Parry Sound District Health Unit,0.0221,168.0,1.3,0.7233,0.8767
30117,2021-06-11,2246,Niagara Regional Area Health Unit,0.0264,762.0,1.61,0.7908,0.9255
30118,2021-06-11,2244,Middlesex-London Health Unit,0.0135,813.0,1.6,0.819,0.9764
30119,2021-06-11,2243,"Leeds, Grenville and Lanark District Health Unit",0.0048,270.0,1.56,0.8472,0.9797
30120,2021-06-11,2242,Lambton Health Unit,0.0053,321.0,2.45,0.663,0.973
30121,2021-06-11,2241,"Kingston, Frontenac and Lennox and Addington Health Unit",0.003,383.0,1.8,0.9263,0.9882
30122,2021-06-11,5183,Huron Perth Health Unit,0.0102,350.0,2.51,0.7935,0.9681
30123,2021-06-11,2238,Hastings and Prince Edward Counties Health Unit,0.0022,319.0,1.89,0.9249,0.9817
30124,2021-06-11,2236,Halton Regional Health Unit,0.0281,717.0,1.16,0.8452,0.9251
30125,2021-06-11,2235,"Haliburton, Kawartha, Pine Ridge District Health Unit",0.0088,342.0,1.81,0.6755,0.9578
30126,2021-06-11,2234,Haldimand-Norfolk Health Unit,0.0261,142.0,1.25,0.7732,0.9412
30127,2021-06-11,2233,Grey Bruce Health Unit,0.0143,219.0,1.29,0.6793,0.9515
30128,2021-06-11,2258,Eastern Ontario Health Unit,0.0054,343.0,1.64,0.8893,0.9802
30129,2021-06-11,2230,Durham Regional Health Unit,0.0241,984.0,1.38,0.752,0.9411
30130,2021-06-11,2226,District of Algoma Health Unit,0.0057,275.0,2.41,0.7514,0.9533
30131,2021-06-11,3895,City of Toronto Health Unit,0.0213,4296.0,1.38,0.8413,0.9404
30132,2021-06-11,2251,City of Ottawa Health Unit,0.0168,1234.0,1.17,0.813,0.9649
30133,2021-06-11,2237,City of Hamilton Health Unit,0.0375,785.0,1.32,0.891,0.9531
30134,2021-06-11,2240,Chatham-Kent Health Unit,0.0098,174.0,1.64,0.8123,0.959
30135,2021-06-11,2227,Brant County Health Unit,0.0258,266.0,1.71,0.7517,0.9653
30136,2021-06-10,2270,York Regional Health Unit,0.0178,1672.0,1.36,0.8445,0.9502
30137,2021-06-10,2268,Windsor-Essex County Health Unit,0.0271,585.0,1.38,0.7837,0.9566
30138,2021-06-10,2266,Wellington-Dufferin-Guelph Health Unit,0.0137,408.0,1.31,0.7122,0.9396
30139,2021-06-10,2265,Waterloo Health Unit,0.0717,717.0,1.23,0.7532,0.9584
30140,2021-06-10,2263,Timiskaming Health Unit,0.0281,36.0,1.09,0.8517,0.9772
30141,2021-06-10,2262,Thunder Bay District Health Unit,0.0175,359.0,2.39,0.8568,0.9441
30142,2021-06-10,2261,Sudbury and District Health Unit,0.0073,313.0,1.57,0.8811,0.9879
30143,2021-06-10,4913,Southwestern Public Health,0.0094,288.0,1.36,0.8154,0.9754
30144,2021-06-10,2260,Simcoe Muskoka District Health Unit,0.0148,910.0,1.52,0.8044,0.9421
30145,2021-06-10,2257,Renfrew County and District Health Unit,0.0081,175.0,1.62,0.7605,0.9791
30146,2021-06-10,2256,Porcupine Health Unit,0.0738,383.0,4.59,0.6802,0.8888
30147,2021-06-10,2255,Peterborough County-City Health Unit,0.0147,252.0,1.7,0.8608,0.9844
30148,2021-06-10,2253,Peel Regional Health Unit,0.0407,2147.0,1.34,0.8765,0.9589
30149,2021-06-10,35,Ontario,0.0237,22010.0,1.48,0.8156,0.9507
30150,2021-06-10,2249,Northwestern Health Unit,0.0046,186.0,2.12,0.5295,0.7887
30151,2021-06-10,2247,North Bay Parry Sound District Health Unit,0.0211,163.0,1.25,0.7156,0.8701
30152,2021-06-10,2246,Niagara Regional Area Health Unit,0.0268,777.0,1.64,0.7932,0.9329
30153,2021-06-10,2244,Middlesex-London Health Unit,0.0156,822.0,1.62,0.8144,0.9724
30154,2021-06-10,2243,"Leeds, Grenville and Lanark District Health Unit",0.0037,274.0,1.58,0.847,0.9767
30155,2021-06-10,2242,Lambton Health Unit,0.0063,317.0,2.42,0.6761,0.9743
30156,2021-06-10,2241,"Kingston, Frontenac and Lennox and Addington Health Unit",0.0025,392.0,1.84,0.9257,0.9871
30157,2021-06-10,5183,Huron Perth Health Unit,0.0083,344.0,2.46,0.7839,0.9714
30158,2021-06-10,2238,Hastings and Prince Edward Counties Health Unit,0.0022,325.0,1.93,0.9153,0.9808
30159,2021-06-10,2236,Halton Regional Health Unit,0.0302,733.0,1.18,0.82,0.9289
30160,2021-06-10,2235,"Haliburton, Kawartha, Pine Ridge District Health Unit",0.0089,352.0,1.86,0.6686,0.9591
30161,2021-06-10,2234,Haldimand-Norfolk Health Unit,0.0254,152.0,1.33,0.8144,0.9446
30162,2021-06-10,2233,Grey Bruce Health Unit,0.0133,215.0,1.27,0.6764,0.946
30163,2021-06-10,2258,Eastern Ontario Health Unit,0.0066,344.0,1.65,0.8916,0.9802
30164,2021-06-10,2230,Durham Regional Health Unit,0.0244,997.0,1.4,0.7487,0.9427
30165,2021-06-10,2226,District of Algoma Health Unit,0.0053,272.0,2.38,0.7144,0.9368
30166,2021-06-10,3895,City of Toronto Health Unit,0.0225,4368.0,1.4,0.8407,0.942
30167,2021-06-10,2251,City of Ottawa Health Unit,0.017,1237.0,1.17,0.8133,0.963
30168,2021-06-10,2237,City of Hamilton Health Unit,0.0384,808.0,1.36,0.9041,0.9593
30169,2021-06-10,2240,Chatham-Kent Health Unit,0.0109,184.0,1.73,0.817,0.9645
30170,2021-06-10,2227,Brant County Health Unit,0.0298,273.0,1.76,0.7533,0.9757
30171,2021-06-09,2270,York Regional Health Unit,0.0197,1694.0,1.38,0.8451,0.9516
30172,2021-06-09,2268,Windsor-Essex County Health Unit,0.027,592.0,1.39,0.7781,0.9572
30173,2021-06-09,2266,Wellington-Dufferin-Guelph Health Unit,0.015,428.0,1.37,0.7431,0.9547
30174,2021-06-09,2265,Waterloo Health Unit,0.0668,695.0,1.19,0.7578,0.9595
30175,2021-06-09,2263,Timiskaming Health Unit,0.0151,38.0,1.16,0.7938,0.93
30176,2021-06-09,2262,Thunder Bay District Health Unit,0.0176,366.0,2.44,0.8449,0.9266
30177,2021-06-09,2261,Sudbury and District Health Unit,0.0064,311.0,1.56,0.8675,0.9857
30178,2021-06-09,4913,Southwestern Public Health,0.0082,295.0,1.39,0.7979,0.9752
30179,2021-06-09,2260,Simcoe Muskoka District Health Unit,0.0136,975.0,1.63,0.7891,0.9377
30180,2021-06-09,2257,Renfrew County and District Health Unit,0.0075,172.0,1.58,0.7739,0.9777
30181,2021-06-09,2256,Porcupine Health Unit,0.0746,395.0,4.73,0.7046,0.9099
30182,2021-06-09,2255,Peterborough County-City Health Unit,0.0138,260.0,1.76,0.8635,0.9837
30183,2021-06-09,2253,Peel Regional Health Unit,0.0417,2265.0,1.41,0.8796,0.962
30184,2021-06-09,35,Ontario,0.0246,22508.0,1.52,0.8166,0.9508
30185,2021-06-09,2249,Northwestern Health Unit,0.0047,184.0,2.1,0.511,0.772
30186,2021-06-09,2247,North Bay Parry Sound District Health Unit,0.0186,162.0,1.25,0.6981,0.8752
30187,2021-06-09,2246,Niagara Regional Area Health Unit,0.0314,759.0,1.61,0.7753,0.9249
30188,2021-06-09,2244,Middlesex-London Health Unit,0.0168,815.0,1.61,0.8135,0.9754
30189,2021-06-09,2243,"Leeds, Grenville and Lanark District Health Unit",0.0026,274.0,1.58,0.8517,0.9711
30190,2021-06-09,2242,Lambton Health Unit,0.0076,321.0,2.45,0.6724,0.9705
30191,2021-06-09,2241,"Kingston, Frontenac and Lennox and Addington Health Unit",0.0028,402.0,1.89,0.909,0.9849
30192,2021-06-09,5183,Huron Perth Health Unit,0.0075,341.0,2.44,0.7918,0.9769
30193,2021-06-09,2238,Hastings and Prince Edward Counties Health Unit,0.0017,332.0,1.97,0.913,0.9808
30194,2021-06-09,2236,Halton Regional Health Unit,0.0306,747.0,1.21,0.8154,0.9216
30195,2021-06-09,2235,"Haliburton, Kawartha, Pine Ridge District Health Unit",0.0112,357.0,1.89,0.692,0.9662
30196,2021-06-09,2234,Haldimand-Norfolk Health Unit,0.0237,157.0,1.37,0.7533,0.9546
30197,2021-06-09,2233,Grey Bruce Health Unit,0.009,221.0,1.3,0.6682,0.9458
30198,2021-06-09,2258,Eastern Ontario Health Unit,0.0057,350.0,1.68,0.8932,0.9837
30199,2021-06-09,2230,Durham Regional Health Unit,0.0238,1020.0,1.43,0.764,0.9552
30200,2021-06-09,2226,District of Algoma Health Unit,0.0042,275.0,2.4,0.6601,0.8814
30201,2021-06-09,3895,City of Toronto Health Unit,0.0253,4455.0,1.43,0.8465,0.9432
30202,2021-06-09,2251,City of Ottawa Health Unit,0.0172,1300.0,1.23,0.8209,0.9611
30203,2021-06-09,2237,City of Hamilton Health Unit,0.0431,833.0,1.41,0.8985,0.9565
30204,2021-06-09,2240,Chatham-Kent Health Unit,0.0121,188.0,1.77,0.8234,0.9654
30205,2021-06-09,2227,Brant County Health Unit,0.0292,304.0,1.96,0.753,0.9809
30206,2021-06-08,2270,York Regional Health Unit,0.0202,1745.0,1.42,0.8212,0.9463
30207,2021-06-08,2268,Windsor-Essex County Health Unit,0.0287,603.0,1.42,0.7698,0.9474
30208,2021-06-08,2266,Wellington-Dufferin-Guelph Health Unit,0.0187,435.0,1.39,0.7099,0.9485
30209,2021-06-08,2265,Waterloo Health Unit,0.0611,694.0,1.19,0.7412,0.9575
30210,2021-06-08,2263,Timiskaming Health Unit,0.008,36.0,1.09,0.7546,0.9304
30211,2021-06-08,2262,Thunder Bay District Health Unit,0.0177,363.0,2.42,0.846,0.9255
30212,2021-06-08,2261,Sudbury and District Health Unit,0.0068,314.0,1.58,0.8701,0.975
30213,2021-06-08,4913,Southwestern Public Health,0.0084,290.0,1.37,0.7982,0.974
30214,2021-06-08,2260,Simcoe Muskoka District Health Unit,0.0152,988.0,1.65,0.7922,0.9363
30215,2021-06-08,2257,Renfrew County and District Health Unit,0.0077,166.0,1.53,0.7392,0.9775
30216,2021-06-08,2256,Porcupine Health Unit,0.0852,396.0,4.74,0.7205,0.9141
30217,2021-06-08,2255,Peterborough County-City Health Unit,0.0122,269.0,1.82,0.8413,0.9784
30218,2021-06-08,2253,Peel Regional Health Unit,0.0454,2339.0,1.46,0.8744,0.9502
30219,2021-06-08,35,Ontario,0.0261,22848.0,1.54,0.8098,0.9465
30220,2021-06-08,2249,Northwestern Health Unit,0.0039,185.0,2.11,0.5132,0.7695
30221,2021-06-08,2247,North Bay Parry Sound District Health Unit,0.0151,161.0,1.24,0.6946,0.8663
30222,2021-06-08,2246,Niagara Regional Area Health Unit,0.0297,751.0,1.59,0.7573,0.9034
30223,2021-06-08,2244,Middlesex-London Health Unit,0.019,811.0,1.6,0.8246,0.9744
30224,2021-06-08,2243,"Leeds, Grenville and Lanark District Health Unit",0.0005,272.0,1.57,0.8542,0.9667
30225,2021-06-08,2242,Lambton Health Unit,0.0084,323.0,2.47,0.7072,0.978
30226,2021-06-08,2241,"Kingston, Frontenac and Lennox and Addington Health Unit",0.0035,404.0,1.9,0.902,0.9853
30227,2021-06-08,5183,Huron Perth Health Unit,0.007,347.0,2.49,0.7949,0.9758
30228,2021-06-08,2238,Hastings and Prince Edward Counties Health Unit,0.0012,344.0,2.04,0.9174,0.9827
30229,2021-06-08,2236,Halton Regional Health Unit,0.0323,765.0,1.24,0.8254,0.925
30230,2021-06-08,2235,"Haliburton, Kawartha, Pine Ridge District Health Unit",0.012,357.0,1.89,0.6687,0.9607
30231,2021-06-08,2234,Haldimand-Norfolk Health Unit,0.0199,158.0,1.38,0.7312,0.954
30232,2021-06-08,2233,Grey Bruce Health Unit,0.0098,219.0,1.29,0.6791,0.9392
30233,2021-06-08,2258,Eastern Ontario Health Unit,0.0058,346.0,1.66,0.8822,0.9785
30234,2021-06-08,2230,Durham Regional Health Unit,0.0255,1027.0,1.44,0.7713,0.9564
30235,2021-06-08,2226,District of Algoma Health Unit,0.0046,279.0,2.43,0.5902,0.8803
30236,2021-06-08,3895,City of Toronto Health Unit,0.0277,4561.0,1.46,0.839,0.939
30237,2021-06-08,2251,City of Ottawa Health Unit,0.0189,1311.0,1.24,0.8219,0.9577
30238,2021-06-08,2237,City of Hamilton Health Unit,0.0482,862.0,1.46,0.8948,0.9511
30239,2021-06-08,2240,Chatham-Kent Health Unit,0.0162,194.0,1.82,0.7529,0.9689
30240,2021-06-08,2227,Brant County Health Unit,0.0291,309.0,1.99,0.7385,0.9821
30241,2021-06-07,2270,York Regional Health Unit,0.0214,1750.0,1.43,0.8168,0.9433
30242,2021-06-07,2268,Windsor-Essex County Health Unit,0.0295,601.0,1.41,0.7839,0.9522
30243,2021-06-07,2266,Wellington-Dufferin-Guelph Health Unit,0.0216,436.0,1.4,0.7222,0.9555
30244,2021-06-07,2265,Waterloo Health Unit,0.0548,712.0,1.22,0.7422,0.9576
30245,2021-06-07,2263,Timiskaming Health Unit,0.0081,35.0,1.08,0.7701,0.927
30246,2021-06-07,2262,Thunder Bay District Health Unit,0.0199,366.0,2.44,0.8624,0.9343
30247,2021-06-07,2261,Sudbury and District Health Unit,0.0081,317.0,1.59,0.8773,0.9753
30248,2021-06-07,4913,Southwestern Public Health,0.0106,296.0,1.4,0.8091,0.9744
30249,2021-06-07,2260,Simcoe Muskoka District Health Unit,0.0165,1007.0,1.68,0.7925,0.9367
30250,2021-06-07,2257,Renfrew County and District Health Unit,0.007,164.0,1.51,0.7572,0.9782
30251,2021-06-07,2256,Porcupine Health Unit,0.0817,394.0,4.72,0.729,0.8924
30252,2021-06-07,2255,Peterborough County-City Health Unit,0.0106,284.0,1.92,0.8525,0.9778
30253,2021-06-07,2253,Peel Regional Health Unit,0.0485,2357.0,1.47,0.8723,0.9478
30254,2021-06-07,35,Ontario,0.027,23160.0,1.56,0.8127,0.9465
30255,2021-06-07,2249,Northwestern Health Unit,0.0047,182.0,2.07,0.4806,0.757
30256,2021-06-07,2247,North Bay Parry Sound District Health Unit,0.0094,167.0,1.28,0.7017,0.8683
30257,2021-06-07,2246,Niagara Regional Area Health Unit,0.0312,738.0,1.56,0.7524,0.8927
30258,2021-06-07,2244,Middlesex-London Health Unit,0.0196,822.0,1.62,0.8197,0.9747
30259,2021-06-07,2243,"Leeds, Grenville and Lanark District Health Unit",0.0005,290.0,1.67,0.8582,0.9694
30260,2021-06-07,2242,Lambton Health Unit,0.0092,327.0,2.49,0.724,0.9833
30261,2021-06-07,2241,"Kingston, Frontenac and Lennox and Addington Health Unit",0.0038,415.0,1.95,0.9033,0.9834
30262,2021-06-07,5183,Huron Perth Health Unit,0.0061,349.0,2.5,0.8219,0.9752
30263,2021-06-07,2238,Hastings and Prince Edward Counties Health Unit,0.0,354.0,2.1,0.915,0.9814
30264,2021-06-07,2236,Halton Regional Health Unit,0.0306,774.0,1.25,0.8255,0.9249
30265,2021-06-07,2235,"Haliburton, Kawartha, Pine Ridge District Health Unit",0.0145,346.0,1.83,0.6884,0.9572
30266,2021-06-07,2234,Haldimand-Norfolk Health Unit,0.0159,179.0,1.57,0.7543,0.9657
30267,2021-06-07,2233,Grey Bruce Health Unit,0.0094,228.0,1.34,0.6978,0.9451
30268,2021-06-07,2258,Eastern Ontario Health Unit,0.0054,341.0,1.64,0.882,0.9791
30269,2021-06-07,2230,Durham Regional Health Unit,0.0276,1051.0,1.48,0.7711,0.9536
30270,2021-06-07,2226,District of Algoma Health Unit,0.0026,274.0,2.39,0.5421,0.8646
30271,2021-06-07,3895,City of Toronto Health Unit,0.0296,4623.0,1.48,0.8434,0.9406
30272,2021-06-07,2251,City of Ottawa Health Unit,0.0201,1375.0,1.3,0.8238,0.9598
30273,2021-06-07,2237,City of Hamilton Health Unit,0.0488,896.0,1.51,0.8925,0.9529
30274,2021-06-07,2240,Chatham-Kent Health Unit,0.0148,193.0,1.82,0.7617,0.9877
30275,2021-06-07,2227,Brant County Health Unit,0.0321,290.0,1.87,0.7592,0.9848
30276,2021-06-06,2270,York Regional Health Unit,0.0248,1752.0,1.43,0.8184,0.9444
30277,2021-06-06,2268,Windsor-Essex County Health Unit,0.028,618.0,1.46,0.7695,0.952
30278,2021-06-06,2266,Wellington-Dufferin-Guelph Health Unit,0.0228,452.0,1.45,0.7133,0.9527
30279,2021-06-06,2265,Waterloo Health Unit,0.0492,731.0,1.25,0.7422,0.9574
30280,2021-06-06,2263,Timiskaming Health Unit,0.0072,40.0,1.22,0.7719,0.924
30281,2021-06-06,2262,Thunder Bay District Health Unit,0.0248,374.0,2.5,0.8583,0.9303
30282,2021-06-06,2261,Sudbury and District Health Unit,0.008,321.0,1.61,0.8787,0.9706
30283,2021-06-06,4913,Southwestern Public Health,0.0111,308.0,1.46,0.8096,0.9748
30284,2021-06-06,2260,Simcoe Muskoka District Health Unit,0.0183,1016.0,1.69,0.7916,0.9376
30285,2021-06-06,2257,Renfrew County and District Health Unit,0.007,183.0,1.69,0.7527,0.9773
30286,2021-06-06,2256,Porcupine Health Unit,0.0791,395.0,4.74,0.7294,0.8782
30287,2021-06-06,2255,Peterborough County-City Health Unit,0.01,313.0,2.12,0.8473,0.9773
30288,2021-06-06,2253,Peel Regional Health Unit,0.0512,2360.0,1.47,0.8617,0.9443
30289,2021-06-06,35,Ontario,0.0284,23586.0,1.59,0.8108,0.9462
30290,2021-06-06,2249,Northwestern Health Unit,0.0041,176.0,2.0,0.4594,0.7381
30291,2021-06-06,2247,North Bay Parry Sound District Health Unit,0.0084,170.0,1.31,0.697,0.8673
30292,2021-06-06,2246,Niagara Regional Area Health Unit,0.036,751.0,1.59,0.7641,0.8967
30293,2021-06-06,2244,Middlesex-London Health Unit,0.0226,816.0,1.61,0.8184,0.9731
30294,2021-06-06,2243,"Leeds, Grenville and Lanark District Health Unit",0.001,295.0,1.7,0.8539,0.9705
30295,2021-06-06,2242,Lambton Health Unit,0.0106,338.0,2.58,0.6796,0.9847
30296,2021-06-06,2241,"Kingston, Frontenac and Lennox and Addington Health Unit",0.0038,417.0,1.96,0.9004,0.9817
30297,2021-06-06,5183,Huron Perth Health Unit,0.0084,357.0,2.55,0.8198,0.9743
30298,2021-06-06,2238,Hastings and Prince Edward Counties Health Unit,0.0,358.0,2.12,0.9166,0.9822
30299,2021-06-06,2236,Halton Regional Health Unit,0.031,778.0,1.26,0.8202,0.9245
30300,2021-06-06,2235,"Haliburton, Kawartha, Pine Ridge District Health Unit",0.0145,365.0,1.93,0.6906,0.9563
30301,2021-06-06,2234,Haldimand-Norfolk Health Unit,0.0128,190.0,1.66,0.7555,0.9645
30302,2021-06-06,2233,Grey Bruce Health Unit,0.008,231.0,1.36,0.6818,0.9475
30303,2021-06-06,2258,Eastern Ontario Health Unit,0.0058,347.0,1.66,0.8791,0.9785
30304,2021-06-06,2230,Durham Regional Health Unit,0.0301,1061.0,1.49,0.7627,0.9524
30305,2021-06-06,2226,District of Algoma Health Unit,0.0021,277.0,2.42,0.54,0.864
30306,2021-06-06,3895,City of Toronto Health Unit,0.0315,4729.0,1.52,0.8476,0.9425
30307,2021-06-06,2251,City of Ottawa Health Unit,0.0215,1385.0,1.31,0.8218,0.9565
30308,2021-06-06,2237,City of Hamilton Health Unit,0.052,951.0,1.61,0.8946,0.954
30309,2021-06-06,2240,Chatham-Kent Health Unit,0.0119,204.0,1.92,0.7779,0.9881
30310,2021-06-06,2227,Brant County Health Unit,0.0309,300.0,1.93,0.7464,0.9824
30311,2021-06-05,2270,York Regional Health Unit,0.0273,1804.0,1.47,0.8165,0.9438
30312,2021-06-05,2268,Windsor-Essex County Health Unit,0.0299,630.0,1.48,0.7739,0.9631
30313,2021-06-05,2266,Wellington-Dufferin-Guelph Health Unit,0.0243,452.0,1.45,0.7074,0.9486
30314,2021-06-05,2265,Waterloo Health Unit,0.0469,740.0,1.27,0.7388,0.9603
30315,2021-06-05,2263,Timiskaming Health Unit,0.0074,38.0,1.18,0.7917,0.928
30316,2021-06-05,2262,Thunder Bay District Health Unit,0.0279,369.0,2.46,0.852,0.9219
30317,2021-06-05,2261,Sudbury and District Health Unit,0.0079,326.0,1.64,0.8839,0.9676
30318,2021-06-05,4913,Southwestern Public Health,0.0106,311.0,1.47,0.8038,0.9767
30319,2021-06-05,2260,Simcoe Muskoka District Health Unit,0.0191,1017.0,1.7,0.8015,0.9378
30320,2021-06-05,2257,Renfrew County and District Health Unit,0.0078,182.0,1.68,0.759,0.9778
30321,2021-06-05,2256,Porcupine Health Unit,0.0874,371.0,4.45,0.728,0.8782
30322,2021-06-05,2255,Peterborough County-City Health Unit,0.0114,314.0,2.12,0.8398,0.9756
30323,2021-06-05,2253,Peel Regional Health Unit,0.0525,2380.0,1.48,0.8632,0.9476
30324,2021-06-05,35,Ontario,0.0295,23912.0,1.61,0.8127,0.9472
30325,2021-06-05,2249,Northwestern Health Unit,0.004,181.0,2.06,0.4443,0.74
30326,2021-06-05,2247,North Bay Parry Sound District Health Unit,0.0084,171.0,1.31,0.7143,0.8778
30327,2021-06-05,2246,Niagara Regional Area Health Unit,0.0343,755.0,1.6,0.7644,0.9008
30328,2021-06-05,2244,Middlesex-London Health Unit,0.023,827.0,1.63,0.8214,0.9746
30329,2021-06-05,2243,"Leeds, Grenville and Lanark District Health Unit",0.0014,298.0,1.72,0.8564,0.9689
30330,2021-06-05,2242,Lambton Health Unit,0.0102,349.0,2.66,0.6559,0.9851
30331,2021-06-05,2241,"Kingston, Frontenac and Lennox and Addington Health Unit",0.0034,418.0,1.97,0.8909,0.981
30332,2021-06-05,5183,Huron Perth Health Unit,0.0086,349.0,2.5,0.8194,0.9683
30333,2021-06-05,2238,Hastings and Prince Edward Counties Health Unit,0.0,362.0,2.15,0.9146,0.9839
30334,2021-06-05,2236,Halton Regional Health Unit,0.0296,787.0,1.27,0.837,0.9306
30335,2021-06-05,2235,"Haliburton, Kawartha, Pine Ridge District Health Unit",0.0148,368.0,1.95,0.7013,0.9595
30336,2021-06-05,2234,Haldimand-Norfolk Health Unit,0.0095,195.0,1.71,0.7368,0.9634
30337,2021-06-05,2233,Grey Bruce Health Unit,0.008,232.0,1.37,0.6994,0.944
30338,2021-06-05,2258,Eastern Ontario Health Unit,0.0062,348.0,1.67,0.9047,0.9813
30339,2021-06-05,2230,Durham Regional Health Unit,0.032,1095.0,1.54,0.7735,0.9561
30340,2021-06-05,2226,District of Algoma Health Unit,0.0031,279.0,2.44,0.5322,0.8553
30341,2021-06-05,3895,City of Toronto Health Unit,0.0331,4802.0,1.54,0.8492,0.9431
30342,2021-06-05,2251,City of Ottawa Health Unit,0.0228,1426.0,1.35,0.8218,0.9546
30343,2021-06-05,2237,City of Hamilton Health Unit,0.0552,987.0,1.67,0.9013,0.9589
30344,2021-06-05,2240,Chatham-Kent Health Unit,0.0117,219.0,2.06,0.7809,0.9873
30345,2021-06-05,2227,Brant County Health Unit,0.0314,304.0,1.96,0.7573,0.9814
30346,2021-06-04,2270,York Regional Health Unit,0.0295,1858.0,1.52,0.818,0.9482
30347,2021-06-04,2268,Windsor-Essex County Health Unit,0.0289,637.0,1.5,0.7505,0.9648
30348,2021-06-04,2266,Wellington-Dufferin-Guelph Health Unit,0.0262,452.0,1.45,0.6848,0.9319
30349,2021-06-04,2265,Waterloo Health Unit,0.0455,735.0,1.26,0.7239,0.9596
30350,2021-06-04,2263,Timiskaming Health Unit,0.0075,38.0,1.17,0.7449,0.881
30351,2021-06-04,2262,Thunder Bay District Health Unit,0.0245,361.0,2.41,0.8497,0.9188
30352,2021-06-04,2261,Sudbury and District Health Unit,0.007,329.0,1.65,0.8699,0.9688
30353,2021-06-04,4913,Southwestern Public Health,0.0115,310.0,1.47,0.8034,0.9772
30354,2021-06-04,2260,Simcoe Muskoka District Health Unit,0.0195,1047.0,1.75,0.8407,0.9625
30355,2021-06-04,2257,Renfrew County and District Health Unit,0.0073,176.0,1.62,0.7431,0.9782
30356,2021-06-04,2256,Porcupine Health Unit,0.0862,358.0,4.29,0.696,0.8718
30357,2021-06-04,2255,Peterborough County-City Health Unit,0.0116,295.0,1.99,0.8332,0.9792
30358,2021-06-04,2253,Peel Regional Health Unit,0.0553,2418.0,1.51,0.8681,0.9534
30359,2021-06-04,35,Ontario,0.0305,24238.0,1.63,0.8146,0.9512
30360,2021-06-04,2249,Northwestern Health Unit,0.0047,183.0,2.09,0.4128,0.7411
30361,2021-06-04,2247,North Bay Parry Sound District Health Unit,0.0075,172.0,1.32,0.7152,0.8887
30362,2021-06-04,2246,Niagara Regional Area Health Unit,0.0327,764.0,1.62,0.7625,0.9033
30363,2021-06-04,2244,Middlesex-London Health Unit,0.0249,844.0,1.66,0.8245,0.9768
30364,2021-06-04,2243,"Leeds, Grenville and Lanark District Health Unit",0.0015,294.0,1.7,0.8464,0.9716
30365,2021-06-04,2242,Lambton Health Unit,0.0115,361.0,2.76,0.6579,0.9866
30366,2021-06-04,2241,"Kingston, Frontenac and Lennox and Addington Health Unit",0.0033,428.0,2.01,0.8744,0.9797
30367,2021-06-04,5183,Huron Perth Health Unit,0.0094,350.0,2.5,0.8262,0.9712
30368,2021-06-04,2238,Hastings and Prince Edward Counties Health Unit,0.0004,362.0,2.15,0.9181,0.9874
30369,2021-06-04,2236,Halton Regional Health Unit,0.0295,798.0,1.29,0.851,0.9429
30370,2021-06-04,2235,"Haliburton, Kawartha, Pine Ridge District Health Unit",0.0142,373.0,1.97,0.7003,0.9639
30371,2021-06-04,2234,Haldimand-Norfolk Health Unit,0.0102,196.0,1.72,0.7231,0.9661
30372,2021-06-04,2233,Grey Bruce Health Unit,0.0091,235.0,1.38,0.7484,0.9429
30373,2021-06-04,2258,Eastern Ontario Health Unit,0.0069,351.0,1.68,0.9075,0.9784
30374,2021-06-04,2230,Durham Regional Health Unit,0.0337,1145.0,1.61,0.7837,0.9639
30375,2021-06-04,2226,District of Algoma Health Unit,0.002,283.0,2.47,0.5242,0.8633
30376,2021-06-04,3895,City of Toronto Health Unit,0.0345,4878.0,1.56,0.8589,0.9488
30377,2021-06-04,2251,City of Ottawa Health Unit,0.0241,1437.0,1.36,0.8228,0.9548
30378,2021-06-04,2237,City of Hamilton Health Unit,0.0577,1000.0,1.69,0.9016,0.9611
30379,2021-06-04,2240,Chatham-Kent Health Unit,0.013,220.0,2.07,0.7668,0.989
30380,2021-06-04,2227,Brant County Health Unit,0.03,319.0,2.05,0.7648,0.9819
30381,2021-06-03,2270,York Regional Health Unit,0.0332,1882.0,1.54,0.8074,0.9475
30382,2021-06-03,2268,Windsor-Essex County Health Unit,0.0275,638.0,1.5,0.7351,0.9574
30383,2021-06-03,2266,Wellington-Dufferin-Guelph Health Unit,0.0294,457.0,1.46,0.6486,0.907
30384,2021-06-03,2265,Waterloo Health Unit,0.0442,744.0,1.27,0.6812,0.9564
30385,2021-06-03,2263,Timiskaming Health Unit,0.0,39.0,1.2,0.7195,0.8746
30386,2021-06-03,2262,Thunder Bay District Health Unit,0.0256,363.0,2.42,0.8433,0.9201
30387,2021-06-03,2261,Sudbury and District Health Unit,0.0105,326.0,1.64,0.8557,0.9617
30388,2021-06-03,4913,Southwestern Public Health,0.0154,324.0,1.53,0.7965,0.9779
30389,2021-06-03,2260,Simcoe Muskoka District Health Unit,0.0203,1082.0,1.8,0.8178,0.9568
30390,2021-06-03,2257,Renfrew County and District Health Unit,0.0094,182.0,1.68,0.7689,0.9843
30391,2021-06-03,2256,Porcupine Health Unit,0.0829,365.0,4.38,0.6234,0.8321
30392,2021-06-03,2255,Peterborough County-City Health Unit,0.0117,305.0,2.06,0.8363,0.9759
30393,2021-06-03,2253,Peel Regional Health Unit,0.058,2472.0,1.54,0.8605,0.9503
30394,2021-06-03,35,Ontario,0.0322,24757.0,1.67,0.8032,0.9465
30395,2021-06-03,2249,Northwestern Health Unit,0.0062,185.0,2.11,0.4004,0.7578
30396,2021-06-03,2247,North Bay Parry Sound District Health Unit,0.0082,174.0,1.34,0.7044,0.8908
30397,2021-06-03,2246,Niagara Regional Area Health Unit,0.0355,782.0,1.65,0.7511,0.8933
30398,2021-06-03,2244,Middlesex-London Health Unit,0.0246,866.0,1.71,0.8253,0.9789
30399,2021-06-03,2243,"Leeds, Grenville and Lanark District Health Unit",0.0033,304.0,1.75,0.8369,0.9587
30400,2021-06-03,2242,Lambton Health Unit,0.0103,373.0,2.85,0.6501,0.9782
30401,2021-06-03,2241,"Kingston, Frontenac and Lennox and Addington Health Unit",0.0036,440.0,2.07,0.8692,0.9788
30402,2021-06-03,5183,Huron Perth Health Unit,0.0111,361.0,2.59,0.8352,0.9641
30403,2021-06-03,2238,Hastings and Prince Edward Counties Health Unit,0.0004,368.0,2.18,0.9152,0.9811
30404,2021-06-03,2236,Halton Regional Health Unit,0.0298,820.0,1.33,0.8656,0.9338
30405,2021-06-03,2235,"Haliburton, Kawartha, Pine Ridge District Health Unit",0.016,375.0,1.98,0.7135,0.9579
30406,2021-06-03,2234,Haldimand-Norfolk Health Unit,0.009,205.0,1.8,0.6845,0.9615
30407,2021-06-03,2233,Grey Bruce Health Unit,0.0071,241.0,1.42,0.7361,0.9217
30408,2021-06-03,2258,Eastern Ontario Health Unit,0.0063,364.0,1.74,0.8973,0.9748
30409,2021-06-03,2230,Durham Regional Health Unit,0.0386,1181.0,1.66,0.7778,0.9631
30410,2021-06-03,2226,District of Algoma Health Unit,0.0015,294.0,2.57,0.4861,0.8238
30411,2021-06-03,3895,City of Toronto Health Unit,0.0375,4943.0,1.58,0.8497,0.9465
30412,2021-06-03,2251,City of Ottawa Health Unit,0.0242,1484.0,1.41,0.8152,0.9553
30413,2021-06-03,2237,City of Hamilton Health Unit,0.0609,1028.0,1.74,0.8837,0.9542
30414,2021-06-03,2240,Chatham-Kent Health Unit,0.0132,217.0,2.04,0.7574,0.9866
30415,2021-06-03,2227,Brant County Health Unit,0.0306,336.0,2.16,0.7351,0.9758
30416,2021-06-02,2270,York Regional Health Unit,0.035,1928.0,1.57,0.7955,0.9448
30417,2021-06-02,2268,Windsor-Essex County Health Unit,0.0301,635.0,1.5,0.722,0.9457
30418,2021-06-02,2266,Wellington-Dufferin-Guelph Health Unit,0.0319,461.0,1.48,0.597,0.8905
30419,2021-06-02,2265,Waterloo Health Unit,0.0465,759.0,1.3,0.6166,0.9477
30420,2021-06-02,2263,Timiskaming Health Unit,0.0,39.0,1.2,0.6271,0.8949
30421,2021-06-02,2262,Thunder Bay District Health Unit,0.03,353.0,2.35,0.8584,0.9554
30422,2021-06-02,2261,Sudbury and District Health Unit,0.0122,339.0,1.71,0.8595,0.9655
30423,2021-06-02,4913,Southwestern Public Health,0.0193,332.0,1.57,0.8023,0.9797
30424,2021-06-02,2260,Simcoe Muskoka District Health Unit,0.0217,1059.0,1.77,0.8131,0.9519
30425,2021-06-02,2257,Renfrew County and District Health Unit,0.0104,191.0,1.76,0.7479,0.9755
30426,2021-06-02,2256,Porcupine Health Unit,0.0814,379.0,4.54,0.5908,0.8433
30427,2021-06-02,2255,Peterborough County-City Health Unit,0.0109,313.0,2.12,0.8192,0.968
30428,2021-06-02,2253,Peel Regional Health Unit,0.0614,2460.0,1.53,0.8208,0.9393
30429,2021-06-02,35,Ontario,0.0337,25119.0,1.69,0.7804,0.9351
30430,2021-06-02,2249,Northwestern Health Unit,0.006,190.0,2.17,0.4029,0.7876
30431,2021-06-02,2247,North Bay Parry Sound District Health Unit,0.0088,179.0,1.38,0.6835,0.8505
30432,2021-06-02,2246,Niagara Regional Area Health Unit,0.033,802.0,1.7,0.7376,0.8836
30433,2021-06-02,2244,Middlesex-London Health Unit,0.0268,906.0,1.79,0.8092,0.9717
30434,2021-06-02,2243,"Leeds, Grenville and Lanark District Health Unit",0.004,318.0,1.84,0.8225,0.958
30435,2021-06-02,2242,Lambton Health Unit,0.0129,387.0,2.95,0.6397,0.9678
30436,2021-06-02,2241,"Kingston, Frontenac and Lennox and Addington Health Unit",0.0033,470.0,2.21,0.864,0.9794
30437,2021-06-02,5183,Huron Perth Health Unit,0.0111,375.0,2.68,0.8182,0.9636
30438,2021-06-02,2238,Hastings and Prince Edward Counties Health Unit,0.0007,383.0,2.27,0.9161,0.9783
30439,2021-06-02,2236,Halton Regional Health Unit,0.0336,820.0,1.32,0.8425,0.9188
30440,2021-06-02,2235,"Haliburton, Kawartha, Pine Ridge District Health Unit",0.013,396.0,2.1,0.7086,0.9524
30441,2021-06-02,2234,Haldimand-Norfolk Health Unit,0.0121,225.0,1.97,0.7165,0.9553
30442,2021-06-02,2233,Grey Bruce Health Unit,0.0065,240.0,1.41,0.7324,0.9188
30443,2021-06-02,2258,Eastern Ontario Health Unit,0.0072,377.0,1.81,0.8968,0.9695
30444,2021-06-02,2230,Durham Regional Health Unit,0.0407,1232.0,1.73,0.7591,0.9572
30445,2021-06-02,2226,District of Algoma Health Unit,0.0014,305.0,2.67,0.4408,0.8779
30446,2021-06-02,3895,City of Toronto Health Unit,0.0395,4956.0,1.59,0.807,0.9092
30447,2021-06-02,2251,City of Ottawa Health Unit,0.0264,1478.0,1.4,0.8082,0.9445
30448,2021-06-02,2237,City of Hamilton Health Unit,0.0606,1048.0,1.77,0.8751,0.9522
30449,2021-06-02,2240,Chatham-Kent Health Unit,0.0128,213.0,2.0,0.7399,0.9834
30450,2021-06-02,2227,Brant County Health Unit,0.0348,320.0,2.06,0.7329,0.9711
30451,2021-06-01,2270,York Regional Health Unit,0.0368,1951.0,1.59,0.8341,0.9533
30452,2021-06-01,2268,Windsor-Essex County Health Unit,0.0314,638.0,1.5,0.7551,0.9592
30453,2021-06-01,2266,Wellington-Dufferin-Guelph Health Unit,0.0341,470.0,1.51,0.6428,0.8943
30454,2021-06-01,2265,Waterloo Health Unit,0.0437,779.0,1.33,0.6408,0.954
30455,2021-06-01,2263,Timiskaming Health Unit,0.0,37.0,1.15,0.6026,0.8718
30456,2021-06-01,2262,Thunder Bay District Health Unit,0.0318,377.0,2.51,0.8809,0.9555
30457,2021-06-01,2261,Sudbury and District Health Unit,0.0132,358.0,1.8,0.8694,0.9764
30458,2021-06-01,4913,Southwestern Public Health,0.018,350.0,1.65,0.8172,0.9832
30459,2021-06-01,2260,Simcoe Muskoka District Health Unit,0.0218,1099.0,1.83,0.8329,0.9582
30460,2021-06-01,2257,Renfrew County and District Health Unit,0.0116,197.0,1.81,0.7397,0.9697
30461,2021-06-01,2256,Porcupine Health Unit,0.0726,386.0,4.62,0.5688,0.8121
30462,2021-06-01,2255,Peterborough County-City Health Unit,0.0134,287.0,1.94,0.8552,0.9699
30463,2021-06-01,2253,Peel Regional Health Unit,0.0629,2484.0,1.55,0.8312,0.9461
30464,2021-06-01,35,Ontario,0.0341,25706.0,1.73,0.805,0.9429
30465,2021-06-01,2249,Northwestern Health Unit,0.0042,202.0,2.31,0.4442,0.7841
30466,2021-06-01,2247,North Bay Parry Sound District Health Unit,0.012,179.0,1.38,0.7342,0.8811
30467,2021-06-01,2246,Niagara Regional Area Health Unit,0.0341,841.0,1.78,0.7713,0.8981
30468,2021-06-01,2244,Middlesex-London Health Unit,0.0274,938.0,1.85,0.824,0.9756
30469,2021-06-01,2243,"Leeds, Grenville and Lanark District Health Unit",0.0052,332.0,1.92,0.7924,0.9494
30470,2021-06-01,2242,Lambton Health Unit,0.0122,399.0,3.05,0.6644,0.9698
30471,2021-06-01,2241,"Kingston, Frontenac and Lennox and Addington Health Unit",0.0028,504.0,2.37,0.8831,0.9807
30472,2021-06-01,5183,Huron Perth Health Unit,0.0135,380.0,2.72,0.8378,0.9635
30473,2021-06-01,2238,Hastings and Prince Edward Counties Health Unit,0.0026,390.0,2.31,0.9179,0.9774
30474,2021-06-01,2236,Halton Regional Health Unit,0.0353,826.0,1.33,0.8634,0.9332
30475,2021-06-01,2235,"Haliburton, Kawartha, Pine Ridge District Health Unit",0.0136,399.0,2.11,0.7451,0.9535
30476,2021-06-01,2234,Haldimand-Norfolk Health Unit,0.0139,247.0,2.17,0.7705,0.9649
30477,2021-06-01,2233,Grey Bruce Health Unit,0.0047,243.0,1.43,0.768,0.9276
30478,2021-06-01,2258,Eastern Ontario Health Unit,0.0084,375.0,1.79,0.9136,0.9776
30479,2021-06-01,2230,Durham Regional Health Unit,0.0409,1251.0,1.76,0.7673,0.9577
30480,2021-06-01,2226,District of Algoma Health Unit,0.0014,309.0,2.7,0.5323,0.8766
30481,2021-06-01,3895,City of Toronto Health Unit,0.0403,5029.0,1.61,0.8331,0.9219
30482,2021-06-01,2251,City of Ottawa Health Unit,0.0269,1541.0,1.46,0.825,0.9535
30483,2021-06-01,2237,City of Hamilton Health Unit,0.058,1111.0,1.88,0.8954,0.9663
30484,2021-06-01,2240,Chatham-Kent Health Unit,0.0101,212.0,1.99,0.8244,0.9846
30485,2021-06-01,2227,Brant County Health Unit,0.0335,336.0,2.17,0.7516,0.9706
30486,2021-05-31,2270,York Regional Health Unit,0.0384,2044.0,1.67,0.8234,0.9443
30487,2021-05-31,2268,Windsor-Essex County Health Unit,0.0324,661.0,1.56,0.7298,0.9491
30488,2021-05-31,2266,Wellington-Dufferin-Guelph Health Unit,0.033,503.0,1.61,0.6127,0.8838
30489,2021-05-31,2265,Waterloo Health Unit,0.046,813.0,1.39,0.6134,0.9489
30490,2021-05-31,2263,Timiskaming Health Unit,0.0,37.0,1.14,0.5676,0.8559
30491,2021-05-31,2262,Thunder Bay District Health Unit,0.0305,398.0,2.66,0.8739,0.9487
30492,2021-05-31,2261,Sudbury and District Health Unit,0.0135,370.0,1.86,0.8632,0.9739
30493,2021-05-31,4913,Southwestern Public Health,0.0192,365.0,1.73,0.8072,0.9836
30494,2021-05-31,2260,Simcoe Muskoka District Health Unit,0.0254,1138.0,1.9,0.8244,0.9569
30495,2021-05-31,2257,Renfrew County and District Health Unit,0.0104,205.0,1.89,0.6981,0.9635
30496,2021-05-31,2256,Porcupine Health Unit,0.072,399.0,4.78,0.5501,0.8213
30497,2021-05-31,2255,Peterborough County-City Health Unit,0.0166,319.0,2.16,0.8351,0.9686
30498,2021-05-31,2253,Peel Regional Health Unit,0.0666,2670.0,1.66,0.8217,0.9457
30499,2021-05-31,35,Ontario,0.036,26960.0,1.82,0.7954,0.94
30500,2021-05-31,2249,Northwestern Health Unit,0.0033,217.0,2.48,0.421,0.7725
30501,2021-05-31,2247,North Bay Parry Sound District Health Unit,0.0125,183.0,1.41,0.7224,0.8761
30502,2021-05-31,2246,Niagara Regional Area Health Unit,0.0375,864.0,1.83,0.7704,0.9037
30503,2021-05-31,2244,Middlesex-London Health Unit,0.0287,995.0,1.96,0.826,0.976
30504,2021-05-31,2243,"Leeds, Grenville and Lanark District Health Unit",0.0057,348.0,2.01,0.7804,0.9434
30505,2021-05-31,2242,Lambton Health Unit,0.0135,433.0,3.31,0.6446,0.9678
30506,2021-05-31,2241,"Kingston, Frontenac and Lennox and Addington Health Unit",0.0032,529.0,2.49,0.8791,0.9812
30507,2021-05-31,5183,Huron Perth Health Unit,0.0146,420.0,3.01,0.8166,0.9555
30508,2021-05-31,2238,Hastings and Prince Edward Counties Health Unit,0.004,397.0,2.36,0.9199,0.9789
30509,2021-05-31,2236,Halton Regional Health Unit,0.0388,857.0,1.38,0.8571,0.9304
30510,2021-05-31,2235,"Haliburton, Kawartha, Pine Ridge District Health Unit",0.0119,431.0,2.28,0.732,0.9538
30511,2021-05-31,2234,Haldimand-Norfolk Health Unit,0.0145,256.0,2.24,0.7481,0.9637
30512,2021-05-31,2233,Grey Bruce Health Unit,0.0052,249.0,1.47,0.7462,0.9231
30513,2021-05-31,2258,Eastern Ontario Health Unit,0.0108,411.0,1.97,0.9025,0.9768
30514,2021-05-31,2230,Durham Regional Health Unit,0.0424,1322.0,1.86,0.7566,0.9563
30515,2021-05-31,2226,District of Algoma Health Unit,0.0022,381.0,3.33,0.5187,0.8694
30516,2021-05-31,3895,City of Toronto Health Unit,0.0433,5219.0,1.67,0.8284,0.9189
30517,2021-05-31,2251,City of Ottawa Health Unit,0.029,1547.0,1.47,0.815,0.9502
30518,2021-05-31,2237,City of Hamilton Health Unit,0.0582,1157.0,1.95,0.8926,0.9652
30519,2021-05-31,2240,Chatham-Kent Health Unit,0.0099,217.0,2.04,0.8123,0.9845
30520,2021-05-31,2227,Brant County Health Unit,0.0329,352.0,2.27,0.7435,0.9714
30521,2021-05-30,2270,York Regional Health Unit,0.0407,1953.0,1.59,0.8246,0.9467
30522,2021-05-30,2268,Windsor-Essex County Health Unit,0.033,611.0,1.44,0.7372,0.9514
30523,2021-05-30,2266,Wellington-Dufferin-Guelph Health Unit,0.0353,445.0,1.43,0.6088,0.8744
30524,2021-05-30,2265,Waterloo Health Unit,0.0474,732.0,1.25,0.6052,0.9483
30525,2021-05-30,2263,Timiskaming Health Unit,0.0,31.0,0.94,0.5431,0.8405
30526,2021-05-30,2262,Thunder Bay District Health Unit,0.0269,335.0,2.23,0.8744,0.951
30527,2021-05-30,2261,Sudbury and District Health Unit,0.0138,352.0,1.77,0.8615,0.9777
30528,2021-05-30,4913,Southwestern Public Health,0.0199,345.0,1.63,0.8129,0.9841
30529,2021-05-30,2260,Simcoe Muskoka District Health Unit,0.0267,1034.0,1.73,0.8241,0.9571
30530,2021-05-30,2257,Renfrew County and District Health Unit,0.012,178.0,1.64,0.6958,0.9655
30531,2021-05-30,2256,Porcupine Health Unit,0.0706,348.0,4.17,0.5421,0.8117
30532,2021-05-30,2255,Peterborough County-City Health Unit,0.0233,282.0,1.9,0.842,0.9688
30533,2021-05-30,2253,Peel Regional Health Unit,0.0729,2506.0,1.56,0.8245,0.9482
30534,2021-05-30,35,Ontario,0.0388,25006.0,1.69,0.7957,0.941
30535,2021-05-30,2249,Northwestern Health Unit,0.0073,196.0,2.23,0.4386,0.7996
30536,2021-05-30,2247,North Bay Parry Sound District Health Unit,0.0121,165.0,1.27,0.7158,0.8726
30537,2021-05-30,2246,Niagara Regional Area Health Unit,0.038,820.0,1.74,0.7702,0.9075
30538,2021-05-30,2244,Middlesex-London Health Unit,0.0297,972.0,1.92,0.8254,0.9776
30539,2021-05-30,2243,"Leeds, Grenville and Lanark District Health Unit",0.0064,310.0,1.79,0.7725,0.944
30540,2021-05-30,2242,Lambton Health Unit,0.0136,400.0,3.05,0.6813,0.9656
30541,2021-05-30,2241,"Kingston, Frontenac and Lennox and Addington Health Unit",0.0037,500.0,2.35,0.8827,0.9827
30542,2021-05-30,5183,Huron Perth Health Unit,0.014,356.0,2.55,0.8119,0.9491
30543,2021-05-30,2238,Hastings and Prince Edward Counties Health Unit,0.007,386.0,2.29,0.9199,0.9789
30544,2021-05-30,2236,Halton Regional Health Unit,0.0423,811.0,1.31,0.8597,0.9311
30545,2021-05-30,2235,"Haliburton, Kawartha, Pine Ridge District Health Unit",0.0138,392.0,2.08,0.7304,0.9558
30546,2021-05-30,2234,Haldimand-Norfolk Health Unit,0.0146,235.0,2.06,0.7475,0.9655
30547,2021-05-30,2233,Grey Bruce Health Unit,0.0058,223.0,1.31,0.7572,0.9197
30548,2021-05-30,2258,Eastern Ontario Health Unit,0.0118,350.0,1.68,0.9018,0.9765
30549,2021-05-30,2230,Durham Regional Health Unit,0.0453,1229.0,1.73,0.7601,0.959
30550,2021-05-30,2226,District of Algoma Health Unit,0.0032,315.0,2.75,0.5169,0.8699
30551,2021-05-30,3895,City of Toronto Health Unit,0.0472,4909.0,1.57,0.8275,0.9204
30552,2021-05-30,2251,City of Ottawa Health Unit,0.0331,1452.0,1.38,0.8069,0.9505
30553,2021-05-30,2237,City of Hamilton Health Unit,0.0603,1080.0,1.82,0.89,0.9666
30554,2021-05-30,2240,Chatham-Kent Health Unit,0.011,183.0,1.72,0.8067,0.984
30555,2021-05-30,2227,Brant County Health Unit,0.0362,327.0,2.11,0.7528,0.9718
30556,2021-05-29,2270,York Regional Health Unit,0.0427,1950.0,1.59,0.8204,0.9478
30557,2021-05-29,2268,Windsor-Essex County Health Unit,0.0339,612.0,1.44,0.7188,0.9187
30558,2021-05-29,2266,Wellington-Dufferin-Guelph Health Unit,0.036,444.0,1.42,0.6162,0.8723
30559,2021-05-29,2265,Waterloo Health Unit,0.0511,729.0,1.25,0.6102,0.9522
30560,2021-05-29,2263,Timiskaming Health Unit,0.0,31.0,0.94,0.4688,0.8594
30561,2021-05-29,2262,Thunder Bay District Health Unit,0.0255,331.0,2.21,0.8688,0.9534
30562,2021-05-29,2261,Sudbury and District Health Unit,0.0145,344.0,1.73,0.8498,0.977
30563,2021-05-29,4913,Southwestern Public Health,0.0231,358.0,1.69,0.8276,0.9839
30564,2021-05-29,2260,Simcoe Muskoka District Health Unit,0.0277,1043.0,1.74,0.8044,0.9568
30565,2021-05-29,2257,Renfrew County and District Health Unit,0.012,179.0,1.65,0.6919,0.9707
30566,2021-05-29,2256,Porcupine Health Unit,0.069,346.0,4.14,0.4816,0.8059
30567,2021-05-29,2255,Peterborough County-City Health Unit,0.0218,288.0,1.95,0.8308,0.9691
30568,2021-05-29,2253,Peel Regional Health Unit,0.0765,2522.0,1.57,0.7955,0.947
30569,2021-05-29,35,Ontario,0.0408,25025.0,1.69,0.7868,0.9396
30570,2021-05-29,2249,Northwestern Health Unit,0.0099,202.0,2.31,0.4552,0.8298
30571,2021-05-29,2247,North Bay Parry Sound District Health Unit,0.0155,166.0,1.28,0.6859,0.8727
30572,2021-05-29,2246,Niagara Regional Area Health Unit,0.0416,810.0,1.71,0.7601,0.9015
30573,2021-05-29,2244,Middlesex-London Health Unit,0.0306,975.0,1.92,0.8218,0.9785
30574,2021-05-29,2243,"Leeds, Grenville and Lanark District Health Unit",0.0079,309.0,1.79,0.7667,0.9447
30575,2021-05-29,2242,Lambton Health Unit,0.0129,398.0,3.04,0.6607,0.9694
30576,2021-05-29,2241,"Kingston, Frontenac and Lennox and Addington Health Unit",0.0039,510.0,2.4,0.8813,0.9837
30577,2021-05-29,5183,Huron Perth Health Unit,0.015,353.0,2.52,0.8107,0.9563
30578,2021-05-29,2238,Hastings and Prince Edward Counties Health Unit,0.0089,386.0,2.29,0.9167,0.9773
30579,2021-05-29,2236,Halton Regional Health Unit,0.0464,815.0,1.32,0.8485,0.9257
30580,2021-05-29,2235,"Haliburton, Kawartha, Pine Ridge District Health Unit",0.0139,391.0,2.07,0.7106,0.9491
30581,2021-05-29,2234,Haldimand-Norfolk Health Unit,0.0236,236.0,2.07,0.7552,0.9627
30582,2021-05-29,2233,Grey Bruce Health Unit,0.0058,221.0,1.3,0.7647,0.9186
30583,2021-05-29,2258,Eastern Ontario Health Unit,0.0112,369.0,1.77,0.8999,0.9739
30584,2021-05-29,2230,Durham Regional Health Unit,0.0496,1240.0,1.74,0.754,0.9563
30585,2021-05-29,2226,District of Algoma Health Unit,0.0032,316.0,2.76,0.5237,0.8728
30586,2021-05-29,3895,City of Toronto Health Unit,0.0498,4918.0,1.58,0.8232,0.9187
30587,2021-05-29,2251,City of Ottawa Health Unit,0.0342,1440.0,1.36,0.8026,0.9535
30588,2021-05-29,2237,City of Hamilton Health Unit,0.0606,1058.0,1.79,0.8789,0.9605
30589,2021-05-29,2240,Chatham-Kent Health Unit,0.0106,176.0,1.65,0.8059,0.9832
30590,2021-05-29,2227,Brant County Health Unit,0.0388,317.0,2.04,0.7447,0.9699
30591,2021-05-28,2270,York Regional Health Unit,0.0454,1979.0,1.61,0.817,0.9413
30592,2021-05-28,2268,Windsor-Essex County Health Unit,0.0373,617.0,1.45,0.7423,0.917
30593,2021-05-28,2266,Wellington-Dufferin-Guelph Health Unit,0.038,444.0,1.42,0.6504,0.8889
30594,2021-05-28,2265,Waterloo Health Unit,0.051,728.0,1.25,0.6172,0.9468
30595,2021-05-28,2263,Timiskaming Health Unit,0.0,32.0,0.97,0.4891,0.9127
30596,2021-05-28,2262,Thunder Bay District Health Unit,0.0255,331.0,2.21,0.8738,0.9572
30597,2021-05-28,2261,Sudbury and District Health Unit,0.0144,338.0,1.7,0.8507,0.9761
30598,2021-05-28,4913,Southwestern Public Health,0.0242,360.0,1.7,0.828,0.9828
30599,2021-05-28,2260,Simcoe Muskoka District Health Unit,0.0292,1038.0,1.73,0.8153,0.9541
30600,2021-05-28,2257,Renfrew County and District Health Unit,0.0118,194.0,1.79,0.6801,0.967
30601,2021-05-28,2256,Porcupine Health Unit,0.0727,338.0,4.05,0.4623,0.7933
30602,2021-05-28,2255,Peterborough County-City Health Unit,0.0225,298.0,2.01,0.8326,0.9626
30603,2021-05-28,2253,Peel Regional Health Unit,0.0802,2550.0,1.59,0.7955,0.9442
30604,2021-05-28,35,Ontario,0.0428,25213.0,1.7,0.7916,0.937
30605,2021-05-28,2249,Northwestern Health Unit,0.0091,203.0,2.32,0.4856,0.8353
30606,2021-05-28,2247,North Bay Parry Sound District Health Unit,0.0176,162.0,1.25,0.6724,0.8648
30607,2021-05-28,2246,Niagara Regional Area Health Unit,0.0441,813.0,1.72,0.7584,0.8885
30608,2021-05-28,2244,Middlesex-London Health Unit,0.0318,979.0,1.93,0.8199,0.9755
30609,2021-05-28,2243,"Leeds, Grenville and Lanark District Health Unit",0.0126,317.0,1.83,0.7728,0.9397
30610,2021-05-28,2242,Lambton Health Unit,0.0126,396.0,3.02,0.6514,0.9678
30611,2021-05-28,2241,"Kingston, Frontenac and Lennox and Addington Health Unit",0.0042,513.0,2.41,0.8874,0.9806
30612,2021-05-28,5183,Huron Perth Health Unit,0.0138,352.0,2.52,0.811,0.9562
30613,2021-05-28,2238,Hastings and Prince Edward Counties Health Unit,0.01,386.0,2.29,0.9153,0.9726
30614,2021-05-28,2236,Halton Regional Health Unit,0.0498,821.0,1.33,0.8416,0.917
30615,2021-05-28,2235,"Haliburton, Kawartha, Pine Ridge District Health Unit",0.0151,387.0,2.05,0.7195,0.9447
30616,2021-05-28,2234,Haldimand-Norfolk Health Unit,0.0257,245.0,2.15,0.7673,0.9669
30617,2021-05-28,2233,Grey Bruce Health Unit,0.0065,221.0,1.3,0.7822,0.9212
30618,2021-05-28,2258,Eastern Ontario Health Unit,0.0113,366.0,1.75,0.8999,0.9735
30619,2021-05-28,2230,Durham Regional Health Unit,0.052,1234.0,1.73,0.7751,0.9567
30620,2021-05-28,2226,District of Algoma Health Unit,0.004,318.0,2.78,0.5277,0.8754
30621,2021-05-28,3895,City of Toronto Health Unit,0.0531,4992.0,1.6,0.8246,0.916
30622,2021-05-28,2251,City of Ottawa Health Unit,0.0354,1462.0,1.39,0.8176,0.9547
30623,2021-05-28,2237,City of Hamilton Health Unit,0.0594,1073.0,1.81,0.8886,0.9613
30624,2021-05-28,2240,Chatham-Kent Health Unit,0.0081,177.0,1.66,0.8253,0.977
30625,2021-05-28,2227,Brant County Health Unit,0.0398,305.0,1.97,0.7258,0.9668
30626,2021-05-27,2270,York Regional Health Unit,0.0464,2039.0,1.66,0.8107,0.9438
30627,2021-05-27,2268,Windsor-Essex County Health Unit,0.0395,626.0,1.47,0.737,0.9214
30628,2021-05-27,2266,Wellington-Dufferin-Guelph Health Unit,0.039,462.0,1.48,0.6796,0.9143
30629,2021-05-27,2265,Waterloo Health Unit,0.0568,727.0,1.24,0.6696,0.9491
30630,2021-05-27,2263,Timiskaming Health Unit,0.004,35.0,1.08,0.4047,0.8949
30631,2021-05-27,2262,Thunder Bay District Health Unit,0.0236,339.0,2.26,0.8732,0.9632
30632,2021-05-27,2261,Sudbury and District Health Unit,0.011,337.0,1.69,0.8505,0.9762
30633,2021-05-27,4913,Southwestern Public Health,0.024,351.0,1.66,0.8166,0.9804
30634,2021-05-27,2260,Simcoe Muskoka District Health Unit,0.03,1062.0,1.77,0.8134,0.9603
30635,2021-05-27,2257,Renfrew County and District Health Unit,0.0093,185.0,1.7,0.6606,0.9597
30636,2021-05-27,2256,Porcupine Health Unit,0.0811,352.0,4.22,0.4602,0.7994
30637,2021-05-27,2255,Peterborough County-City Health Unit,0.0258,294.0,1.99,0.847,0.9652
30638,2021-05-27,2253,Peel Regional Health Unit,0.0828,2679.0,1.67,0.8047,0.9478
30639,2021-05-27,35,Ontario,0.0449,25677.0,1.73,0.7983,0.9411
30640,2021-05-27,2249,Northwestern Health Unit,0.0084,204.0,2.33,0.5152,0.8323
30641,2021-05-27,2247,North Bay Parry Sound District Health Unit,0.0189,166.0,1.28,0.6706,0.843
30642,2021-05-27,2246,Niagara Regional Area Health Unit,0.0454,787.0,1.67,0.7696,0.8925
30643,2021-05-27,2244,Middlesex-London Health Unit,0.0331,989.0,1.95,0.8147,0.9781
30644,2021-05-27,2243,"Leeds, Grenville and Lanark District Health Unit",0.0124,311.0,1.8,0.7825,0.9546
30645,2021-05-27,2242,Lambton Health Unit,0.0129,409.0,3.12,0.6475,0.9709
30646,2021-05-27,2241,"Kingston, Frontenac and Lennox and Addington Health Unit",0.0077,522.0,2.45,0.8894,0.9801
30647,2021-05-27,5183,Huron Perth Health Unit,0.0141,354.0,2.53,0.7924,0.9634
30648,2021-05-27,2238,Hastings and Prince Edward Counties Health Unit,0.0117,392.0,2.32,0.9273,0.9785
30649,2021-05-27,2236,Halton Regional Health Unit,0.0521,827.0,1.34,0.8562,0.9264
30650,2021-05-27,2235,"Haliburton, Kawartha, Pine Ridge District Health Unit",0.0134,406.0,2.15,0.7083,0.9442
30651,2021-05-27,2234,Haldimand-Norfolk Health Unit,0.0268,234.0,2.05,0.7916,0.9675
30652,2021-05-27,2233,Grey Bruce Health Unit,0.0083,224.0,1.32,0.7961,0.9477
30653,2021-05-27,2258,Eastern Ontario Health Unit,0.0127,370.0,1.77,0.9134,0.9794
30654,2021-05-27,2230,Durham Regional Health Unit,0.0521,1275.0,1.79,0.775,0.9569
30655,2021-05-27,2226,District of Algoma Health Unit,0.0046,311.0,2.72,0.5407,0.9064
30656,2021-05-27,3895,City of Toronto Health Unit,0.056,5114.0,1.64,0.8299,0.9195
30657,2021-05-27,2251,City of Ottawa Health Unit,0.037,1493.0,1.42,0.8216,0.9561
30658,2021-05-27,2237,City of Hamilton Health Unit,0.0622,1084.0,1.83,0.8987,0.9603
30659,2021-05-27,2240,Chatham-Kent Health Unit,0.0064,178.0,1.67,0.8328,0.9792
30660,2021-05-27,2227,Brant County Health Unit,0.041,289.0,1.86,0.7478,0.9641
30661,2021-05-26,2270,York Regional Health Unit,0.0498,2094.0,1.71,0.8085,0.9519
30662,2021-05-26,2268,Windsor-Essex County Health Unit,0.0426,634.0,1.49,0.7555,0.9301
30663,2021-05-26,2266,Wellington-Dufferin-Guelph Health Unit,0.0405,469.0,1.5,0.7509,0.9348
30664,2021-05-26,2265,Waterloo Health Unit,0.0565,723.0,1.24,0.7492,0.9587
30665,2021-05-26,2263,Timiskaming Health Unit,0.0125,34.0,1.05,0.4221,0.9049
30666,2021-05-26,2262,Thunder Bay District Health Unit,0.0186,338.0,2.25,0.8914,0.9569
30667,2021-05-26,2261,Sudbury and District Health Unit,0.0105,340.0,1.71,0.8474,0.9747
30668,2021-05-26,4913,Southwestern Public Health,0.0259,347.0,1.64,0.8128,0.9868
30669,2021-05-26,2260,Simcoe Muskoka District Health Unit,0.0306,1080.0,1.8,0.8089,0.9636
30670,2021-05-26,2257,Renfrew County and District Health Unit,0.0088,180.0,1.65,0.6969,0.9717
30671,2021-05-26,2256,Porcupine Health Unit,0.0881,334.0,4.0,0.4564,0.7679
30672,2021-05-26,2255,Peterborough County-City Health Unit,0.0285,296.0,2.0,0.8579,0.9646
30673,2021-05-26,2253,Peel Regional Health Unit,0.0875,2856.0,1.78,0.8375,0.9625
30674,2021-05-26,35,Ontario,0.0479,26150.0,1.76,0.8242,0.9564
30675,2021-05-26,2249,Northwestern Health Unit,0.0113,203.0,2.32,0.5724,0.8134
30676,2021-05-26,2247,North Bay Parry Sound District Health Unit,0.0216,165.0,1.27,0.6952,0.9004
30677,2021-05-26,2246,Niagara Regional Area Health Unit,0.0487,783.0,1.66,0.8096,0.9172
30678,2021-05-26,2244,Middlesex-London Health Unit,0.0367,992.0,1.95,0.8337,0.9887
30679,2021-05-26,2243,"Leeds, Grenville and Lanark District Health Unit",0.0126,305.0,1.76,0.7963,0.9622
30680,2021-05-26,2242,Lambton Health Unit,0.0121,403.0,3.07,0.6998,0.9843
30681,2021-05-26,2241,"Kingston, Frontenac and Lennox and Addington Health Unit",0.0089,516.0,2.43,0.9038,0.9812
30682,2021-05-26,5183,Huron Perth Health Unit,0.0149,346.0,2.48,0.8173,0.9621
30683,2021-05-26,2238,Hastings and Prince Edward Counties Health Unit,0.0132,399.0,2.37,0.9156,0.9784
30684,2021-05-26,2236,Halton Regional Health Unit,0.0541,868.0,1.4,0.8947,0.9544
30685,2021-05-26,2235,"Haliburton, Kawartha, Pine Ridge District Health Unit",0.0169,398.0,2.11,0.7051,0.94
30686,2021-05-26,2234,Haldimand-Norfolk Health Unit,0.0279,231.0,2.02,0.7744,0.9646
30687,2021-05-26,2233,Grey Bruce Health Unit,0.0109,223.0,1.31,0.8186,0.9452
30688,2021-05-26,2258,Eastern Ontario Health Unit,0.0127,382.0,1.83,0.9129,0.981
30689,2021-05-26,2230,Durham Regional Health Unit,0.0589,1294.0,1.82,0.7795,0.9586
30690,2021-05-26,2226,District of Algoma Health Unit,0.006,310.0,2.71,0.6602,0.8915
30691,2021-05-26,3895,City of Toronto Health Unit,0.0591,5291.0,1.7,0.8806,0.9626
30692,2021-05-26,2251,City of Ottawa Health Unit,0.0374,1495.0,1.42,0.8192,0.9628
30693,2021-05-26,2237,City of Hamilton Health Unit,0.0652,1109.0,1.87,0.9188,0.9696
30694,2021-05-26,2240,Chatham-Kent Health Unit,0.0072,179.0,1.68,0.8241,0.9807
30695,2021-05-26,2227,Brant County Health Unit,0.039,286.0,1.84,0.7575,0.9591
30696,2021-05-25,2270,York Regional Health Unit,0.055,2105.0,1.72,0.7745,0.9431
30697,2021-05-25,2268,Windsor-Essex County Health Unit,0.0448,641.0,1.51,0.7211,0.9066
30698,2021-05-25,2266,Wellington-Dufferin-Guelph Health Unit,0.0434,474.0,1.52,0.7315,0.9323
30699,2021-05-25,2265,Waterloo Health Unit,0.0593,723.0,1.24,0.7144,0.9544
30700,2021-05-25,2263,Timiskaming Health Unit,0.0116,37.0,1.13,0.3986,0.9004
30701,2021-05-25,2262,Thunder Bay District Health Unit,0.0147,321.0,2.14,0.8441,0.9358
30702,2021-05-25,2261,Sudbury and District Health Unit,0.01,329.0,1.65,0.8385,0.9705
30703,2021-05-25,4913,Southwestern Public Health,0.0326,346.0,1.64,0.8032,0.9836
30704,2021-05-25,2260,Simcoe Muskoka District Health Unit,0.0328,1072.0,1.79,0.7712,0.9513
30705,2021-05-25,2257,Renfrew County and District Health Unit,0.0078,182.0,1.68,0.7422,0.9839
30706,2021-05-25,2256,Porcupine Health Unit,0.0961,326.0,3.9,0.4331,0.7913
30707,2021-05-25,2255,Peterborough County-City Health Unit,0.0287,304.0,2.05,0.8393,0.966
30708,2021-05-25,2253,Peel Regional Health Unit,0.0947,2932.0,1.83,0.8191,0.9687
30709,2021-05-25,35,Ontario,0.0518,26438.0,1.78,0.7996,0.952
30710,2021-05-25,2249,Northwestern Health Unit,0.0152,197.0,2.25,0.5273,0.8233
30711,2021-05-25,2247,North Bay Parry Sound District Health Unit,0.0213,168.0,1.29,0.6513,0.8689
30712,2021-05-25,2246,Niagara Regional Area Health Unit,0.0535,783.0,1.66,0.7996,0.9161
30713,2021-05-25,2244,Middlesex-London Health Unit,0.044,999.0,1.97,0.8196,0.9848
30714,2021-05-25,2243,"Leeds, Grenville and Lanark District Health Unit",0.0148,300.0,1.73,0.8123,0.9683
30715,2021-05-25,2242,Lambton Health Unit,0.0144,407.0,3.11,0.7026,0.9841
30716,2021-05-25,2241,"Kingston, Frontenac and Lennox and Addington Health Unit",0.0089,527.0,2.48,0.8845,0.9806
30717,2021-05-25,5183,Huron Perth Health Unit,0.0166,361.0,2.59,0.7978,0.9631
30718,2021-05-25,2238,Hastings and Prince Edward Counties Health Unit,0.0124,403.0,2.39,0.9146,0.9811
30719,2021-05-25,2236,Halton Regional Health Unit,0.0552,894.0,1.44,0.8629,0.9441
30720,2021-05-25,2235,"Haliburton, Kawartha, Pine Ridge District Health Unit",0.0207,407.0,2.15,0.6515,0.9415
30721,2021-05-25,2234,Haldimand-Norfolk Health Unit,0.0281,214.0,1.87,0.7246,0.9619
30722,2021-05-25,2233,Grey Bruce Health Unit,0.0122,222.0,1.31,0.7931,0.9379
30723,2021-05-25,2258,Eastern Ontario Health Unit,0.0129,409.0,1.96,0.8767,0.9735
30724,2021-05-25,2230,Durham Regional Health Unit,0.0636,1348.0,1.89,0.7567,0.9589
30725,2021-05-25,2226,District of Algoma Health Unit,0.0072,317.0,2.77,0.5234,0.895
30726,2021-05-25,3895,City of Toronto Health Unit,0.0632,5435.0,1.74,0.863,0.9568
30727,2021-05-25,2251,City of Ottawa Health Unit,0.0395,1459.0,1.38,0.7804,0.9502
30728,2021-05-25,2237,City of Hamilton Health Unit,0.0689,1091.0,1.84,0.9086,0.9651
30729,2021-05-25,2240,Chatham-Kent Health Unit,0.0066,173.0,1.63,0.8158,0.9777
30730,2021-05-25,2227,Brant County Health Unit,0.0446,275.0,1.77,0.7257,0.9569
30731,2021-05-24,2270,York Regional Health Unit,0.0597,2112.0,1.72,0.7832,0.9522
30732,2021-05-24,2268,Windsor-Essex County Health Unit,0.0495,629.0,1.48,0.7479,0.9183
30733,2021-05-24,2266,Wellington-Dufferin-Guelph Health Unit,0.0477,452.0,1.45,0.7506,0.9428
30734,2021-05-24,2265,Waterloo Health Unit,0.0601,711.0,1.22,0.7384,0.9593
30735,2021-05-24,2263,Timiskaming Health Unit,0.0229,37.0,1.15,0.4201,0.9063
30736,2021-05-24,2262,Thunder Bay District Health Unit,0.0119,300.0,2.0,0.864,0.9479
30737,2021-05-24,2261,Sudbury and District Health Unit,0.01,330.0,1.66,0.8686,0.9744
30738,2021-05-24,4913,Southwestern Public Health,0.0358,339.0,1.6,0.823,0.9845
30739,2021-05-24,2260,Simcoe Muskoka District Health Unit,0.0335,1066.0,1.78,0.7811,0.9491
30740,2021-05-24,2257,Renfrew County and District Health Unit,0.0084,186.0,1.72,0.7664,0.9839
30741,2021-05-24,2256,Porcupine Health Unit,0.1,301.0,3.61,0.432,0.7941
30742,2021-05-24,2255,Peterborough County-City Health Unit,0.0334,274.0,1.85,0.8521,0.9649
30743,2021-05-24,2253,Peel Regional Health Unit,0.098,2929.0,1.82,0.8337,0.9719
30744,2021-05-24,35,Ontario,0.0552,26069.0,1.76,0.8121,0.9556
30745,2021-05-24,2249,Northwestern Health Unit,0.017,193.0,2.2,0.5926,0.8621
30746,2021-05-24,2247,North Bay Parry Sound District Health Unit,0.0215,172.0,1.33,0.6607,0.8729
30747,2021-05-24,2246,Niagara Regional Area Health Unit,0.0521,781.0,1.65,0.808,0.9256
30748,2021-05-24,2244,Middlesex-London Health Unit,0.0494,963.0,1.9,0.826,0.9805
30749,2021-05-24,2243,"Leeds, Grenville and Lanark District Health Unit",0.0143,291.0,1.68,0.8109,0.9623
30750,2021-05-24,2242,Lambton Health Unit,0.0131,371.0,2.83,0.7422,0.9848
30751,2021-05-24,2241,"Kingston, Frontenac and Lennox and Addington Health Unit",0.0105,517.0,2.43,0.8887,0.9795
30752,2021-05-24,5183,Huron Perth Health Unit,0.0162,318.0,2.27,0.8276,0.9721
30753,2021-05-24,2238,Hastings and Prince Edward Counties Health Unit,0.0127,416.0,2.47,0.9169,0.9797
30754,2021-05-24,2236,Halton Regional Health Unit,0.0577,898.0,1.45,0.8703,0.9457
30755,2021-05-24,2235,"Haliburton, Kawartha, Pine Ridge District Health Unit",0.0222,373.0,1.97,0.674,0.9457
30756,2021-05-24,2234,Haldimand-Norfolk Health Unit,0.029,207.0,1.81,0.7417,0.9639
30757,2021-05-24,2233,Grey Bruce Health Unit,0.0139,216.0,1.27,0.7998,0.9394
30758,2021-05-24,2258,Eastern Ontario Health Unit,0.0137,374.0,1.79,0.896,0.9738
30759,2021-05-24,2230,Durham Regional Health Unit,0.0679,1352.0,1.9,0.7701,0.9635
30760,2021-05-24,2226,District of Algoma Health Unit,0.013,253.0,2.21,0.5406,0.9029
30761,2021-05-24,3895,City of Toronto Health Unit,0.0682,5435.0,1.74,0.8678,0.9578
30762,2021-05-24,2251,City of Ottawa Health Unit,0.0397,1458.0,1.38,0.7886,0.9496
30763,2021-05-24,2237,City of Hamilton Health Unit,0.0755,1105.0,1.87,0.9157,0.9674
30764,2021-05-24,2240,Chatham-Kent Health Unit,0.008,179.0,1.68,0.8406,0.98
30765,2021-05-24,2227,Brant County Health Unit,0.0479,269.0,1.73,0.7388,0.9589
30766,2021-05-23,2270,York Regional Health Unit,0.0599,2304.0,1.88,0.7776,0.944
30767,2021-05-23,2268,Windsor-Essex County Health Unit,0.0566,692.0,1.63,0.7361,0.9169
30768,2021-05-23,2266,Wellington-Dufferin-Guelph Health Unit,0.0493,516.0,1.65,0.7644,0.9507
30769,2021-05-23,2265,Waterloo Health Unit,0.0568,809.0,1.39,0.7508,0.9606
30770,2021-05-23,2263,Timiskaming Health Unit,0.0241,41.0,1.27,0.4382,0.9223
30771,2021-05-23,2262,Thunder Bay District Health Unit,0.012,358.0,2.39,0.852,0.9374
30772,2021-05-23,2261,Sudbury and District Health Unit,0.0085,369.0,1.86,0.875,0.9758
30773,2021-05-23,4913,Southwestern Public Health,0.0367,370.0,1.75,0.8156,0.9838
30774,2021-05-23,2260,Simcoe Muskoka District Health Unit,0.0326,1211.0,2.02,0.7814,0.9452
30775,2021-05-23,2257,Renfrew County and District Health Unit,0.0094,213.0,1.96,0.7594,0.9788
30776,2021-05-23,2256,Porcupine Health Unit,0.1003,336.0,4.03,0.4357,0.804
30777,2021-05-23,2255,Peterborough County-City Health Unit,0.0314,296.0,2.0,0.8384,0.9632
30778,2021-05-23,2253,Peel Regional Health Unit,0.0994,3283.0,2.04,0.835,0.9716
30779,2021-05-23,35,Ontario,0.0555,29072.0,1.96,0.8122,0.9535
30780,2021-05-23,2249,Northwestern Health Unit,0.0165,226.0,2.57,0.5766,0.8404
30781,2021-05-23,2247,North Bay Parry Sound District Health Unit,0.0254,186.0,1.43,0.6785,0.877
30782,2021-05-23,2246,Niagara Regional Area Health Unit,0.0526,838.0,1.77,0.807,0.9216
30783,2021-05-23,2244,Middlesex-London Health Unit,0.0497,1044.0,2.06,0.8251,0.9788
30784,2021-05-23,2243,"Leeds, Grenville and Lanark District Health Unit",0.0164,330.0,1.91,0.8118,0.9605
30785,2021-05-23,2242,Lambton Health Unit,0.0151,426.0,3.25,0.7424,0.9842
30786,2021-05-23,2241,"Kingston, Frontenac and Lennox and Addington Health Unit",0.0115,573.0,2.69,0.888,0.9783
30787,2021-05-23,5183,Huron Perth Health Unit,0.0171,385.0,2.75,0.83,0.9764
30788,2021-05-23,2238,Hastings and Prince Edward Counties Health Unit,0.0122,458.0,2.72,0.9159,0.9784
30789,2021-05-23,2236,Halton Regional Health Unit,0.0578,982.0,1.59,0.8662,0.9427
30790,2021-05-23,2235,"Haliburton, Kawartha, Pine Ridge District Health Unit",0.0204,428.0,2.27,0.6748,0.9423
30791,2021-05-23,2234,Haldimand-Norfolk Health Unit,0.03,238.0,2.09,0.734,0.9623
30792,2021-05-23,2233,Grey Bruce Health Unit,0.0179,240.0,1.41,0.8034,0.9378
30793,2021-05-23,2258,Eastern Ontario Health Unit,0.0163,474.0,2.27,0.8934,0.973
30794,2021-05-23,2230,Durham Regional Health Unit,0.0676,1515.0,2.13,0.7705,0.9594
30795,2021-05-23,2226,District of Algoma Health Unit,0.0132,325.0,2.84,0.5377,0.8948
30796,2021-05-23,3895,City of Toronto Health Unit,0.069,5934.0,1.9,0.8685,0.9562
30797,2021-05-23,2251,City of Ottawa Health Unit,0.039,1635.0,1.55,0.7874,0.9468
30798,2021-05-23,2237,City of Hamilton Health Unit,0.0783,1230.0,2.08,0.9176,0.9667
30799,2021-05-23,2240,Chatham-Kent Health Unit,0.008,213.0,2.0,0.8406,0.9805
30800,2021-05-23,2227,Brant County Health Unit,0.0459,305.0,1.97,0.7492,0.9616
30801,2021-05-22,2270,York Regional Health Unit,0.0606,2389.0,1.95,0.767,0.9444
30802,2021-05-22,2268,Windsor-Essex County Health Unit,0.0561,695.0,1.64,0.7651,0.9406
30803,2021-05-22,2266,Wellington-Dufferin-Guelph Health Unit,0.05,531.0,1.7,0.7656,0.9584
30804,2021-05-22,2265,Waterloo Health Unit,0.0591,827.0,1.42,0.7472,0.9559
30805,2021-05-22,2263,Timiskaming Health Unit,0.0237,42.0,1.29,0.4137,0.9186
30806,2021-05-22,2262,Thunder Bay District Health Unit,0.0102,363.0,2.42,0.8507,0.9313
30807,2021-05-22,2261,Sudbury and District Health Unit,0.0083,381.0,1.91,0.8693,0.9785
30808,2021-05-22,4913,Southwestern Public Health,0.0368,358.0,1.69,0.8127,0.9832
30809,2021-05-22,2260,Simcoe Muskoka District Health Unit,0.0333,1236.0,2.06,0.7878,0.945
30810,2021-05-22,2257,Renfrew County and District Health Unit,0.0086,215.0,1.98,0.7708,0.977
30811,2021-05-22,2256,Porcupine Health Unit,0.0988,334.0,4.0,0.4517,0.8018
30812,2021-05-22,2255,Peterborough County-City Health Unit,0.0325,294.0,1.99,0.8474,0.9651
30813,2021-05-22,2253,Peel Regional Health Unit,0.1016,3350.0,2.09,0.8493,0.9737
30814,2021-05-22,35,Ontario,0.057,29622.0,2.0,0.8159,0.9559
30815,2021-05-22,2249,Northwestern Health Unit,0.0143,220.0,2.51,0.5591,0.8583
30816,2021-05-22,2247,North Bay Parry Sound District Health Unit,0.0287,189.0,1.46,0.6853,0.8698
30817,2021-05-22,2246,Niagara Regional Area Health Unit,0.0529,864.0,1.83,0.8168,0.9265
30818,2021-05-22,2244,Middlesex-London Health Unit,0.0518,1056.0,2.08,0.8289,0.9784
30819,2021-05-22,2243,"Leeds, Grenville and Lanark District Health Unit",0.0147,331.0,1.91,0.8002,0.9624
30820,2021-05-22,2242,Lambton Health Unit,0.0158,434.0,3.31,0.7274,0.985
30821,2021-05-22,2241,"Kingston, Frontenac and Lennox and Addington Health Unit",0.0129,586.0,2.75,0.8936,0.9783
30822,2021-05-22,5183,Huron Perth Health Unit,0.0191,389.0,2.78,0.8472,0.9751
30823,2021-05-22,2238,Hastings and Prince Edward Counties Health Unit,0.0135,465.0,2.76,0.922,0.9791
30824,2021-05-22,2236,Halton Regional Health Unit,0.0596,998.0,1.61,0.8685,0.9475
30825,2021-05-22,2235,"Haliburton, Kawartha, Pine Ridge District Health Unit",0.0209,430.0,2.28,0.6799,0.9498
30826,2021-05-22,2234,Haldimand-Norfolk Health Unit,0.0247,237.0,2.08,0.7206,0.9555
30827,2021-05-22,2233,Grey Bruce Health Unit,0.0177,242.0,1.42,0.8009,0.9381
30828,2021-05-22,2258,Eastern Ontario Health Unit,0.0174,477.0,2.28,0.893,0.9738
30829,2021-05-22,2230,Durham Regional Health Unit,0.0683,1554.0,2.18,0.7623,0.9605
30830,2021-05-22,2226,District of Algoma Health Unit,0.013,330.0,2.88,0.5474,0.9009
30831,2021-05-22,3895,City of Toronto Health Unit,0.0715,6060.0,1.94,0.8723,0.9596
30832,2021-05-22,2251,City of Ottawa Health Unit,0.0402,1646.0,1.56,0.792,0.9461
30833,2021-05-22,2237,City of Hamilton Health Unit,0.0831,1264.0,2.13,0.9268,0.9723
30834,2021-05-22,2240,Chatham-Kent Health Unit,0.0103,222.0,2.09,0.8434,0.9826
30835,2021-05-22,2227,Brant County Health Unit,0.0459,320.0,2.06,0.7556,0.965
30836,2021-05-21,2270,York Regional Health Unit,0.0614,2440.0,1.99,0.7618,0.9478
30837,2021-05-21,2268,Windsor-Essex County Health Unit,0.054,701.0,1.65,0.7745,0.9393
30838,2021-05-21,2266,Wellington-Dufferin-Guelph Health Unit,0.0503,545.0,1.75,0.756,0.9558
30839,2021-05-21,2265,Waterloo Health Unit,0.0608,846.0,1.45,0.7391,0.9499
30840,2021-05-21,2263,Timiskaming Health Unit,0.0276,41.0,1.27,0.3253,0.9212
30841,2021-05-21,2262,Thunder Bay District Health Unit,0.0108,370.0,2.46,0.8472,0.93
30842,2021-05-21,2261,Sudbury and District Health Unit,0.0088,392.0,1.97,0.8714,0.9793
30843,2021-05-21,4913,Southwestern Public Health,0.0414,362.0,1.71,0.8049,0.9845
30844,2021-05-21,2260,Simcoe Muskoka District Health Unit,0.0326,1259.0,2.1,0.7844,0.9462
30845,2021-05-21,2257,Renfrew County and District Health Unit,0.0105,203.0,1.87,0.756,0.9792
30846,2021-05-21,2256,Porcupine Health Unit,0.0963,328.0,3.93,0.4449,0.8198
30847,2021-05-21,2255,Peterborough County-City Health Unit,0.0379,290.0,1.96,0.8375,0.9643
30848,2021-05-21,2253,Peel Regional Health Unit,0.1032,3469.0,2.16,0.8422,0.9744
30849,2021-05-21,35,Ontario,0.0585,30241.0,2.04,0.8126,0.9565
30850,2021-05-21,2249,Northwestern Health Unit,0.0159,225.0,2.57,0.5521,0.8499
30851,2021-05-21,2247,North Bay Parry Sound District Health Unit,0.028,194.0,1.49,0.7185,0.8723
30852,2021-05-21,2246,Niagara Regional Area Health Unit,0.0546,884.0,1.87,0.8236,0.9334
30853,2021-05-21,2244,Middlesex-London Health Unit,0.0515,1071.0,2.11,0.832,0.9777
30854,2021-05-21,2243,"Leeds, Grenville and Lanark District Health Unit",0.0112,332.0,1.92,0.7965,0.9637
30855,2021-05-21,2242,Lambton Health Unit,0.0172,431.0,3.29,0.7386,0.9844
30856,2021-05-21,2241,"Kingston, Frontenac and Lennox and Addington Health Unit",0.0148,588.0,2.77,0.8892,0.9817
30857,2021-05-21,5183,Huron Perth Health Unit,0.0195,396.0,2.84,0.8505,0.9747
30858,2021-05-21,2238,Hastings and Prince Edward Counties Health Unit,0.0138,476.0,2.83,0.9277,0.9815
30859,2021-05-21,2236,Halton Regional Health Unit,0.0605,1023.0,1.65,0.8699,0.9493
30860,2021-05-21,2235,"Haliburton, Kawartha, Pine Ridge District Health Unit",0.0222,438.0,2.32,0.659,0.947
30861,2021-05-21,2234,Haldimand-Norfolk Health Unit,0.0235,243.0,2.13,0.7238,0.9568
30862,2021-05-21,2233,Grey Bruce Health Unit,0.0171,242.0,1.43,0.7838,0.9397
30863,2021-05-21,2258,Eastern Ontario Health Unit,0.0202,481.0,2.31,0.8865,0.9741
30864,2021-05-21,2230,Durham Regional Health Unit,0.0679,1579.0,2.22,0.7412,0.9601
30865,2021-05-21,2226,District of Algoma Health Unit,0.0121,331.0,2.89,0.5519,0.9024
30866,2021-05-21,3895,City of Toronto Health Unit,0.0735,6230.0,2.0,0.8711,0.9588
30867,2021-05-21,2251,City of Ottawa Health Unit,0.0418,1661.0,1.57,0.7807,0.9458
30868,2021-05-21,2237,City of Hamilton Health Unit,0.0883,1316.0,2.22,0.9236,0.971
30869,2021-05-21,2240,Chatham-Kent Health Unit,0.0115,225.0,2.11,0.858,0.9843
30870,2021-05-21,2227,Brant County Health Unit,0.0513,331.0,2.13,0.7544,0.9614
30871,2021-05-20,2270,York Regional Health Unit,0.0634,2502.0,2.04,0.7591,0.9472
30872,2021-05-20,2268,Windsor-Essex County Health Unit,0.055,725.0,1.71,0.7664,0.9382
30873,2021-05-20,2266,Wellington-Dufferin-Guelph Health Unit,0.0479,554.0,1.78,0.7629,0.9565
30874,2021-05-20,2265,Waterloo Health Unit,0.0597,882.0,1.51,0.6973,0.9555
30875,2021-05-20,2263,Timiskaming Health Unit,0.0257,39.0,1.19,0.2877,0.9007
30876,2021-05-20,2262,Thunder Bay District Health Unit,0.0111,373.0,2.49,0.8519,0.9232
30877,2021-05-20,2261,Sudbury and District Health Unit,0.0107,412.0,2.07,0.856,0.9752
30878,2021-05-20,4913,Southwestern Public Health,0.0373,394.0,1.86,0.8053,0.9769
30879,2021-05-20,2260,Simcoe Muskoka District Health Unit,0.0342,1267.0,2.11,0.7995,0.9407
30880,2021-05-20,2257,Renfrew County and District Health Unit,0.0132,205.0,1.89,0.7513,0.9817
30881,2021-05-20,2256,Porcupine Health Unit,0.093,298.0,3.57,0.4134,0.8465
30882,2021-05-20,2255,Peterborough County-City Health Unit,0.0388,294.0,1.99,0.8148,0.9666
30883,2021-05-20,2253,Peel Regional Health Unit,0.1084,3541.0,2.2,0.8254,0.9759
30884,2021-05-20,35,Ontario,0.0602,30840.0,2.08,0.8095,0.9572
30885,2021-05-20,2249,Northwestern Health Unit,0.0153,233.0,2.65,0.5602,0.8473
30886,2021-05-20,2247,North Bay Parry Sound District Health Unit,0.0292,191.0,1.47,0.7143,0.9025
30887,2021-05-20,2246,Niagara Regional Area Health Unit,0.0576,935.0,1.98,0.8139,0.9303
30888,2021-05-20,2244,Middlesex-London Health Unit,0.0521,1089.0,2.15,0.8369,0.9744
30889,2021-05-20,2243,"Leeds, Grenville and Lanark District Health Unit",0.0118,338.0,1.95,0.7929,0.9651
30890,2021-05-20,2242,Lambton Health Unit,0.0189,453.0,3.46,0.7509,0.9842
30891,2021-05-20,2241,"Kingston, Frontenac and Lennox and Addington Health Unit",0.0135,595.0,2.8,0.8833,0.9833
30892,2021-05-20,5183,Huron Perth Health Unit,0.0206,389.0,2.78,0.8579,0.9748
30893,2021-05-20,2238,Hastings and Prince Edward Counties Health Unit,0.0141,486.0,2.89,0.9147,0.977
30894,2021-05-20,2236,Halton Regional Health Unit,0.0615,1048.0,1.69,0.8648,0.9552
30895,2021-05-20,2235,"Haliburton, Kawartha, Pine Ridge District Health Unit",0.0251,421.0,2.23,0.6609,0.9532
30896,2021-05-20,2234,Haldimand-Norfolk Health Unit,0.0274,255.0,2.24,0.6891,0.9635
30897,2021-05-20,2233,Grey Bruce Health Unit,0.0156,247.0,1.45,0.7741,0.9343
30898,2021-05-20,2258,Eastern Ontario Health Unit,0.0206,478.0,2.29,0.8782,0.9704
30899,2021-05-20,2230,Durham Regional Health Unit,0.07,1588.0,2.23,0.7468,0.9575
30900,2021-05-20,2226,District of Algoma Health Unit,0.0114,337.0,2.95,0.5851,0.9212
30901,2021-05-20,3895,City of Toronto Health Unit,0.0769,6363.0,2.04,0.8757,0.9589
30902,2021-05-20,2251,City of Ottawa Health Unit,0.0412,1666.0,1.58,0.7715,0.9451
30903,2021-05-20,2237,City of Hamilton Health Unit,0.086,1360.0,2.3,0.9212,0.9759
30904,2021-05-20,2240,Chatham-Kent Health Unit,0.013,231.0,2.17,0.8642,0.9824
30905,2021-05-20,2227,Brant County Health Unit,0.0518,345.0,2.22,0.7556,0.9647
30906,2021-05-19,2270,York Regional Health Unit,0.0637,2551.0,2.08,0.7501,0.9441
30907,2021-05-19,2268,Windsor-Essex County Health Unit,0.0542,725.0,1.71,0.7646,0.9329
30908,2021-05-19,2266,Wellington-Dufferin-Guelph Health Unit,0.0477,557.0,1.79,0.7424,0.958
30909,2021-05-19,2265,Waterloo Health Unit,0.0581,927.0,1.59,0.6613,0.955
30910,2021-05-19,2263,Timiskaming Health Unit,0.0177,40.0,1.23,0.2925,0.8946
30911,2021-05-19,2262,Thunder Bay District Health Unit,0.011,389.0,2.59,0.8525,0.9204
30912,2021-05-19,2261,Sudbury and District Health Unit,0.0114,414.0,2.08,0.853,0.9723
30913,2021-05-19,4913,Southwestern Public Health,0.0341,414.0,1.96,0.7882,0.9299
30914,2021-05-19,2260,Simcoe Muskoka District Health Unit,0.0342,1298.0,2.17,0.8038,0.9433
30915,2021-05-19,2257,Renfrew County and District Health Unit,0.0139,216.0,1.99,0.76,0.9796
30916,2021-05-19,2256,Porcupine Health Unit,0.0913,283.0,3.39,0.3917,0.8258
30917,2021-05-19,2255,Peterborough County-City Health Unit,0.04,293.0,1.98,0.8034,0.9601
30918,2021-05-19,2253,Peel Regional Health Unit,0.1096,3584.0,2.23,0.8143,0.9669
30919,2021-05-19,35,Ontario,0.0607,31419.0,2.12,0.8026,0.9522
30920,2021-05-19,2249,Northwestern Health Unit,0.0149,240.0,2.74,0.5604,0.8628
30921,2021-05-19,2247,North Bay Parry Sound District Health Unit,0.0289,188.0,1.45,0.6786,0.8605
30922,2021-05-19,2246,Niagara Regional Area Health Unit,0.0607,965.0,2.04,0.7951,0.9204
30923,2021-05-19,2244,Middlesex-London Health Unit,0.0496,1123.0,2.21,0.8417,0.9723
30924,2021-05-19,2243,"Leeds, Grenville and Lanark District Health Unit",0.0123,347.0,2.01,0.7893,0.9536
30925,2021-05-19,2242,Lambton Health Unit,0.017,462.0,3.53,0.7568,0.9821
30926,2021-05-19,2241,"Kingston, Frontenac and Lennox and Addington Health Unit",0.0136,610.0,2.87,0.8809,0.9827
30927,2021-05-19,5183,Huron Perth Health Unit,0.0215,392.0,2.81,0.8411,0.9759
30928,2021-05-19,2238,Hastings and Prince Edward Counties Health Unit,0.013,494.0,2.93,0.9229,0.9743
30929,2021-05-19,2236,Halton Regional Health Unit,0.0639,1058.0,1.71,0.8485,0.9422
30930,2021-05-19,2235,"Haliburton, Kawartha, Pine Ridge District Health Unit",0.0247,427.0,2.26,0.6465,0.9472
30931,2021-05-19,2234,Haldimand-Norfolk Health Unit,0.0261,246.0,2.16,0.6864,0.9622
30932,2021-05-19,2233,Grey Bruce Health Unit,0.0152,254.0,1.5,0.771,0.9292
30933,2021-05-19,2258,Eastern Ontario Health Unit,0.0246,477.0,2.28,0.8603,0.959
30934,2021-05-19,2230,Durham Regional Health Unit,0.069,1625.0,2.28,0.7538,0.9602
30935,2021-05-19,2226,District of Algoma Health Unit,0.0122,340.0,2.97,0.569,0.9054
30936,2021-05-19,3895,City of Toronto Health Unit,0.0785,6479.0,2.08,0.8702,0.955
30937,2021-05-19,2251,City of Ottawa Health Unit,0.0433,1702.0,1.61,0.7666,0.9427
30938,2021-05-19,2237,City of Hamilton Health Unit,0.0843,1392.0,2.35,0.9176,0.97
30939,2021-05-19,2240,Chatham-Kent Health Unit,0.0137,239.0,2.25,0.8685,0.9827
30940,2021-05-19,2227,Brant County Health Unit,0.0551,353.0,2.27,0.7466,0.9643
30941,2021-05-18,2270,York Regional Health Unit,0.0649,2637.0,2.15,0.7332,0.9457
30942,2021-05-18,2268,Windsor-Essex County Health Unit,0.053,725.0,1.71,0.7734,0.9423
30943,2021-05-18,2266,Wellington-Dufferin-Guelph Health Unit,0.0472,563.0,1.8,0.7286,0.9621
30944,2021-05-18,2265,Waterloo Health Unit,0.0589,978.0,1.67,0.6243,0.9553
30945,2021-05-18,2263,Timiskaming Health Unit,0.0175,41.0,1.25,0.2816,0.8956
30946,2021-05-18,2262,Thunder Bay District Health Unit,0.0121,390.0,2.6,0.8717,0.9418
30947,2021-05-18,2261,Sudbury and District Health Unit,0.0111,426.0,2.14,0.849,0.9709
30948,2021-05-18,4913,Southwestern Public Health,0.0321,431.0,2.04,0.7623,0.9284
30949,2021-05-18,2260,Simcoe Muskoka District Health Unit,0.0346,1337.0,2.23,0.8083,0.9502
30950,2021-05-18,2257,Renfrew County and District Health Unit,0.0133,225.0,2.08,0.7614,0.9781
30951,2021-05-18,2256,Porcupine Health Unit,0.0813,276.0,3.31,0.3611,0.8064
30952,2021-05-18,2255,Peterborough County-City Health Unit,0.0451,285.0,1.93,0.7997,0.9574
30953,2021-05-18,2253,Peel Regional Health Unit,0.1101,3746.0,2.33,0.8056,0.9654
30954,2021-05-18,35,Ontario,0.0616,32201.0,2.17,0.7996,0.9535
30955,2021-05-18,2249,Northwestern Health Unit,0.0148,251.0,2.87,0.5633,0.8685
30956,2021-05-18,2247,North Bay Parry Sound District Health Unit,0.0246,192.0,1.48,0.6813,0.8745
30957,2021-05-18,2246,Niagara Regional Area Health Unit,0.0588,979.0,2.07,0.7836,0.9252
30958,2021-05-18,2244,Middlesex-London Health Unit,0.0454,1156.0,2.28,0.8315,0.9722
30959,2021-05-18,2243,"Leeds, Grenville and Lanark District Health Unit",0.0101,354.0,2.04,0.8047,0.9585
30960,2021-05-18,2242,Lambton Health Unit,0.0189,468.0,3.57,0.7201,0.9791
30961,2021-05-18,2241,"Kingston, Frontenac and Lennox and Addington Health Unit",0.0141,628.0,2.95,0.8847,0.9828
30962,2021-05-18,5183,Huron Perth Health Unit,0.0216,377.0,2.7,0.8381,0.9739
30963,2021-05-18,2238,Hastings and Prince Edward Counties Health Unit,0.0126,512.0,3.04,0.917,0.9738
30964,2021-05-18,2236,Halton Regional Health Unit,0.0628,1100.0,1.78,0.8428,0.9393
30965,2021-05-18,2235,"Haliburton, Kawartha, Pine Ridge District Health Unit",0.0228,414.0,2.19,0.6567,0.9424
30966,2021-05-18,2234,Haldimand-Norfolk Health Unit,0.0288,273.0,2.39,0.6921,0.9579
30967,2021-05-18,2233,Grey Bruce Health Unit,0.0159,269.0,1.58,0.7851,0.9333
30968,2021-05-18,2258,Eastern Ontario Health Unit,0.0274,490.0,2.35,0.8855,0.9625
30969,2021-05-18,2230,Durham Regional Health Unit,0.0718,1638.0,2.3,0.7518,0.9589
30970,2021-05-18,2226,District of Algoma Health Unit,0.0113,340.0,2.97,0.5816,0.9179
30971,2021-05-18,3895,City of Toronto Health Unit,0.0821,6577.0,2.11,0.8709,0.9557
30972,2021-05-18,2251,City of Ottawa Health Unit,0.0442,1747.0,1.66,0.7914,0.9511
30973,2021-05-18,2237,City of Hamilton Health Unit,0.0842,1443.0,2.44,0.9158,0.9689
30974,2021-05-18,2240,Chatham-Kent Health Unit,0.0163,254.0,2.39,0.8623,0.9818
30975,2021-05-18,2227,Brant County Health Unit,0.0544,360.0,2.32,0.7404,0.9567
30976,2021-05-17,2270,York Regional Health Unit,0.0673,2739.0,2.23,0.7366,0.9393
30977,2021-05-17,2268,Windsor-Essex County Health Unit,0.0543,731.0,1.72,0.767,0.9428
30978,2021-05-17,2266,Wellington-Dufferin-Guelph Health Unit,0.0476,585.0,1.88,0.7291,0.9636
30979,2021-05-17,2265,Waterloo Health Unit,0.0575,984.0,1.68,0.5938,0.9396
30980,2021-05-17,2263,Timiskaming Health Unit,0.0068,42.0,1.29,0.2727,0.8994
30981,2021-05-17,2262,Thunder Bay District Health Unit,0.0111,385.0,2.57,0.8676,0.9383
30982,2021-05-17,2261,Sudbury and District Health Unit,0.0118,435.0,2.18,0.8451,0.971
30983,2021-05-17,4913,Southwestern Public Health,0.032,437.0,2.07,0.7539,0.9315
30984,2021-05-17,2260,Simcoe Muskoka District Health Unit,0.033,1367.0,2.28,0.8153,0.9547
30985,2021-05-17,2257,Renfrew County and District Health Unit,0.0128,223.0,2.06,0.7596,0.9726
30986,2021-05-17,2256,Porcupine Health Unit,0.0785,273.0,3.27,0.3581,0.8046
30987,2021-05-17,2255,Peterborough County-City Health Unit,0.0435,279.0,1.89,0.8004,0.9598
30988,2021-05-17,2253,Peel Regional Health Unit,0.113,3836.0,2.39,0.8047,0.9624
30989,2021-05-17,35,Ontario,0.0624,33018.0,2.23,0.8002,0.9525
30990,2021-05-17,2249,Northwestern Health Unit,0.0178,256.0,2.92,0.5476,0.8485
30991,2021-05-17,2247,North Bay Parry Sound District Health Unit,0.0268,192.0,1.48,0.6839,0.876
30992,2021-05-17,2246,Niagara Regional Area Health Unit,0.0624,1026.0,2.17,0.7772,0.9155
30993,2021-05-17,2244,Middlesex-London Health Unit,0.0425,1215.0,2.39,0.8314,0.9758
30994,2021-05-17,2243,"Leeds, Grenville and Lanark District Health Unit",0.0103,348.0,2.01,0.8098,0.9661
30995,2021-05-17,2242,Lambton Health Unit,0.0186,483.0,3.69,0.7314,0.9802
30996,2021-05-17,2241,"Kingston, Frontenac and Lennox and Addington Health Unit",0.014,653.0,3.07,0.8899,0.9836
30997,2021-05-17,5183,Huron Perth Health Unit,0.0227,390.0,2.79,0.8365,0.974
30998,2021-05-17,2238,Hastings and Prince Edward Counties Health Unit,0.013,517.0,3.07,0.9239,0.9775
30999,2021-05-17,2236,Halton Regional Health Unit,0.0659,1112.0,1.8,0.8437,0.9416
31000,2021-05-17,2235,"Haliburton, Kawartha, Pine Ridge District Health Unit",0.0241,426.0,2.26,0.6529,0.9416
31001,2021-05-17,2234,Haldimand-Norfolk Health Unit,0.0312,275.0,2.41,0.6899,0.9575
31002,2021-05-17,2233,Grey Bruce Health Unit,0.015,276.0,1.62,0.7904,0.9359
31003,2021-05-17,2258,Eastern Ontario Health Unit,0.0278,514.0,2.46,0.8851,0.9638
31004,2021-05-17,2230,Durham Regional Health Unit,0.0724,1677.0,2.35,0.7579,0.957
31005,2021-05-17,2226,District of Algoma Health Unit,0.0074,346.0,3.02,0.578,0.9162
31006,2021-05-17,3895,City of Toronto Health Unit,0.0828,6805.0,2.18,0.8758,0.957
31007,2021-05-17,2251,City of Ottawa Health Unit,0.0456,1800.0,1.71,0.7979,0.9536
31008,2021-05-17,2237,City of Hamilton Health Unit,0.0836,1434.0,2.42,0.9164,0.9682
31009,2021-05-17,2240,Chatham-Kent Health Unit,0.0169,262.0,2.47,0.8569,0.9823
31010,2021-05-17,2227,Brant County Health Unit,0.0547,366.0,2.36,0.7448,0.956
31011,2021-05-16,2270,York Regional Health Unit,0.0683,2840.0,2.32,0.734,0.9411
31012,2021-05-16,2268,Windsor-Essex County Health Unit,0.0517,716.0,1.68,0.7765,0.9433
31013,2021-05-16,2266,Wellington-Dufferin-Guelph Health Unit,0.0472,596.0,1.91,0.7278,0.9617
31014,2021-05-16,2265,Waterloo Health Unit,0.0598,1011.0,1.73,0.5391,0.8971
31015,2021-05-16,2263,Timiskaming Health Unit,0.0065,44.0,1.35,0.273,0.8952
31016,2021-05-16,2262,Thunder Bay District Health Unit,0.0127,382.0,2.55,0.8745,0.9452
31017,2021-05-16,2261,Sudbury and District Health Unit,0.0132,433.0,2.18,0.8403,0.9697
31018,2021-05-16,4913,Southwestern Public Health,0.0289,504.0,2.38,0.7529,0.9309
31019,2021-05-16,2260,Simcoe Muskoka District Health Unit,0.0345,1404.0,2.34,0.8156,0.9582
31020,2021-05-16,2257,Renfrew County and District Health Unit,0.0151,218.0,2.01,0.7594,0.9763
31021,2021-05-16,2256,Porcupine Health Unit,0.0683,261.0,3.13,0.3431,0.8033
31022,2021-05-16,2255,Peterborough County-City Health Unit,0.0448,277.0,1.87,0.8103,0.9599
31023,2021-05-16,2253,Peel Regional Health Unit,0.1129,3934.0,2.45,0.8061,0.9614
31024,2021-05-16,35,Ontario,0.0632,33680.0,2.27,0.7968,0.9518
31025,2021-05-16,2249,Northwestern Health Unit,0.0155,258.0,2.94,0.5327,0.8184
31026,2021-05-16,2247,North Bay Parry Sound District Health Unit,0.0221,207.0,1.59,0.6805,0.8778
31027,2021-05-16,2246,Niagara Regional Area Health Unit,0.0622,1062.0,2.25,0.7758,0.9132
31028,2021-05-16,2244,Middlesex-London Health Unit,0.0433,1255.0,2.47,0.8302,0.9754
31029,2021-05-16,2243,"Leeds, Grenville and Lanark District Health Unit",0.0068,355.0,2.05,0.8042,0.9647
31030,2021-05-16,2242,Lambton Health Unit,0.0194,552.0,4.21,0.725,0.9807
31031,2021-05-16,2241,"Kingston, Frontenac and Lennox and Addington Health Unit",0.0129,663.0,3.11,0.8922,0.9845
31032,2021-05-16,5183,Huron Perth Health Unit,0.0306,393.0,2.81,0.8368,0.9741
31033,2021-05-16,2238,Hastings and Prince Edward Counties Health Unit,0.012,537.0,3.18,0.9269,0.9792
31034,2021-05-16,2236,Halton Regional Health Unit,0.0668,1150.0,1.86,0.848,0.9449
31035,2021-05-16,2235,"Haliburton, Kawartha, Pine Ridge District Health Unit",0.0278,422.0,2.23,0.6456,0.9299
31036,2021-05-16,2234,Haldimand-Norfolk Health Unit,0.0329,278.0,2.44,0.6849,0.9497
31037,2021-05-16,2233,Grey Bruce Health Unit,0.0166,283.0,1.67,0.7882,0.9376
31038,2021-05-16,2258,Eastern Ontario Health Unit,0.029,483.0,2.31,0.865,0.9618
31039,2021-05-16,2230,Durham Regional Health Unit,0.075,1700.0,2.39,0.7483,0.9616
31040,2021-05-16,2226,District of Algoma Health Unit,0.0082,346.0,3.03,0.5915,0.9255
31041,2021-05-16,3895,City of Toronto Health Unit,0.0847,6910.0,2.21,0.8752,0.9588
31042,2021-05-16,2251,City of Ottawa Health Unit,0.0473,1787.0,1.69,0.8033,0.9578
31043,2021-05-16,2237,City of Hamilton Health Unit,0.0804,1454.0,2.46,0.9161,0.9689
31044,2021-05-16,2240,Chatham-Kent Health Unit,0.0184,257.0,2.41,0.8535,0.9823
31045,2021-05-16,2227,Brant County Health Unit,0.0559,373.0,2.4,0.7087,0.9542
31046,2021-05-15,2270,York Regional Health Unit,0.071,2846.0,2.32,0.7273,0.944
31047,2021-05-15,2268,Windsor-Essex County Health Unit,0.0537,710.0,1.67,0.7641,0.9413
31048,2021-05-15,2266,Wellington-Dufferin-Guelph Health Unit,0.0469,603.0,1.93,0.7015,0.9411
31049,2021-05-15,2265,Waterloo Health Unit,0.0579,1004.0,1.72,0.5117,0.8868
31050,2021-05-15,2263,Timiskaming Health Unit,0.0065,44.0,1.35,0.2727,0.8
31051,2021-05-15,2262,Thunder Bay District Health Unit,0.0128,381.0,2.54,0.8887,0.9586
31052,2021-05-15,2261,Sudbury and District Health Unit,0.0152,442.0,2.22,0.8221,0.9591
31053,2021-05-15,4913,Southwestern Public Health,0.0274,522.0,2.47,0.7522,0.9311
31054,2021-05-15,2260,Simcoe Muskoka District Health Unit,0.0351,1395.0,2.33,0.8057,0.9578
31055,2021-05-15,2257,Renfrew County and District Health Unit,0.0146,215.0,1.98,0.7822,0.9538
31056,2021-05-15,2256,Porcupine Health Unit,0.0658,256.0,3.07,0.3317,0.8013
31057,2021-05-15,2255,Peterborough County-City Health Unit,0.0449,273.0,1.85,0.8038,0.9543
31058,2021-05-15,2253,Peel Regional Health Unit,0.1123,4014.0,2.5,0.7922,0.9621
31059,2021-05-15,35,Ontario,0.0638,33881.0,2.28,0.7906,0.9501
31060,2021-05-15,2249,Northwestern Health Unit,0.0163,263.0,3.0,0.5233,0.8009
31061,2021-05-15,2247,North Bay Parry Sound District Health Unit,0.0176,203.0,1.57,0.6272,0.8524
31062,2021-05-15,2246,Niagara Regional Area Health Unit,0.0622,1073.0,2.27,0.7766,0.9131
31063,2021-05-15,2244,Middlesex-London Health Unit,0.0442,1274.0,2.51,0.8325,0.9764
31064,2021-05-15,2243,"Leeds, Grenville and Lanark District Health Unit",0.0075,361.0,2.09,0.8207,0.9622
31065,2021-05-15,2242,Lambton Health Unit,0.0189,552.0,4.21,0.7608,0.9792
31066,2021-05-15,2241,"Kingston, Frontenac and Lennox and Addington Health Unit",0.0143,659.0,3.1,0.8952,0.9844
31067,2021-05-15,5183,Huron Perth Health Unit,0.0292,391.0,2.8,0.8052,0.9729
31068,2021-05-15,2238,Hastings and Prince Edward Counties Health Unit,0.0108,542.0,3.22,0.923,0.9774
31069,2021-05-15,2236,Halton Regional Health Unit,0.0671,1192.0,1.92,0.8534,0.9477
31070,2021-05-15,2235,"Haliburton, Kawartha, Pine Ridge District Health Unit",0.0271,427.0,2.26,0.6356,0.9087
31071,2021-05-15,2234,Haldimand-Norfolk Health Unit,0.0341,289.0,2.53,0.6839,0.9513
31072,2021-05-15,2233,Grey Bruce Health Unit,0.0171,284.0,1.67,0.7486,0.9381
31073,2021-05-15,2258,Eastern Ontario Health Unit,0.0307,465.0,2.23,0.8654,0.9606
31074,2021-05-15,2230,Durham Regional Health Unit,0.076,1698.0,2.38,0.7391,0.959
31075,2021-05-15,2226,District of Algoma Health Unit,0.0075,341.0,2.98,0.5765,0.9214
31076,2021-05-15,3895,City of Toronto Health Unit,0.0861,6960.0,2.23,0.8723,0.9598
31077,2021-05-15,2251,City of Ottawa Health Unit,0.0477,1787.0,1.69,0.7986,0.9527
31078,2021-05-15,2237,City of Hamilton Health Unit,0.0796,1457.0,2.46,0.9085,0.965
31079,2021-05-15,2240,Chatham-Kent Health Unit,0.0189,250.0,2.35,0.8557,0.9812
31080,2021-05-15,2227,Brant County Health Unit,0.0572,372.0,2.4,0.6917,0.9518
31081,2021-05-14,2270,York Regional Health Unit,0.0736,2888.0,2.36,0.71,0.9391
31082,2021-05-14,2268,Windsor-Essex County Health Unit,0.0547,715.0,1.68,0.7391,0.9329
31083,2021-05-14,2266,Wellington-Dufferin-Guelph Health Unit,0.0453,617.0,1.98,0.6952,0.9402
31084,2021-05-14,2265,Waterloo Health Unit,0.0568,1014.0,1.74,0.4675,0.8669
31085,2021-05-14,2263,Timiskaming Health Unit,0.0032,45.0,1.38,0.2769,0.7785
31086,2021-05-14,2262,Thunder Bay District Health Unit,0.0127,381.0,2.54,0.8867,0.9572
31087,2021-05-14,2261,Sudbury and District Health Unit,0.0168,449.0,2.26,0.7822,0.9244
31088,2021-05-14,4913,Southwestern Public Health,0.0241,527.0,2.49,0.7494,0.9243
31089,2021-05-14,2260,Simcoe Muskoka District Health Unit,0.036,1403.0,2.34,0.7757,0.9513
31090,2021-05-14,2257,Renfrew County and District Health Unit,0.021,258.0,2.38,0.7951,0.9496
31091,2021-05-14,2256,Porcupine Health Unit,0.071,252.0,3.01,0.3171,0.7722
31092,2021-05-14,2255,Peterborough County-City Health Unit,0.0397,274.0,1.85,0.8069,0.9517
31093,2021-05-14,2253,Peel Regional Health Unit,0.1152,4038.0,2.51,0.7901,0.9582
31094,2021-05-14,35,Ontario,0.0647,34340.0,2.32,0.7811,0.9453
31095,2021-05-14,2249,Northwestern Health Unit,0.0175,261.0,2.98,0.5221,0.797
31096,2021-05-14,2247,North Bay Parry Sound District Health Unit,0.0161,204.0,1.58,0.6027,0.8403
31097,2021-05-14,2246,Niagara Regional Area Health Unit,0.0637,1090.0,2.31,0.7743,0.9153
31098,2021-05-14,2244,Middlesex-London Health Unit,0.0428,1294.0,2.55,0.8283,0.9738
31099,2021-05-14,2243,"Leeds, Grenville and Lanark District Health Unit",0.0066,370.0,2.14,0.818,0.9603
31100,2021-05-14,2242,Lambton Health Unit,0.0186,561.0,4.28,0.7441,0.9752
31101,2021-05-14,2241,"Kingston, Frontenac and Lennox and Addington Health Unit",0.0141,677.0,3.18,0.9007,0.981
31102,2021-05-14,5183,Huron Perth Health Unit,0.0296,387.0,2.77,0.7932,0.9715
31103,2021-05-14,2238,Hastings and Prince Edward Counties Health Unit,0.0106,550.0,3.26,0.9199,0.9737
31104,2021-05-14,2236,Halton Regional Health Unit,0.0688,1227.0,1.98,0.8435,0.9437
31105,2021-05-14,2235,"Haliburton, Kawartha, Pine Ridge District Health Unit",0.0252,426.0,2.25,0.6342,0.9052
31106,2021-05-14,2234,Haldimand-Norfolk Health Unit,0.0354,290.0,2.54,0.6761,0.9433
31107,2021-05-14,2233,Grey Bruce Health Unit,0.0214,287.0,1.69,0.7246,0.9168
31108,2021-05-14,2258,Eastern Ontario Health Unit,0.0277,479.0,2.29,0.8665,0.9593
31109,2021-05-14,2230,Durham Regional Health Unit,0.0788,1734.0,2.43,0.7171,0.9572
31110,2021-05-14,2226,District of Algoma Health Unit,0.0089,338.0,2.96,0.5384,0.8839
31111,2021-05-14,3895,City of Toronto Health Unit,0.0883,7054.0,2.26,0.8638,0.9556
31112,2021-05-14,2251,City of Ottawa Health Unit,0.0457,1834.0,1.74,0.8039,0.952
31113,2021-05-14,2237,City of Hamilton Health Unit,0.078,1440.0,2.43,0.9064,0.9653
31114,2021-05-14,2240,Chatham-Kent Health Unit,0.0217,250.0,2.36,0.8333,0.975
31115,2021-05-14,2227,Brant County Health Unit,0.0536,378.0,2.44,0.6864,0.9506
31116,2021-05-13,2270,York Regional Health Unit,0.0749,2966.0,2.42,0.6833,0.9353
31117,2021-05-13,2268,Windsor-Essex County Health Unit,0.0567,700.0,1.65,0.7374,0.9072
31118,2021-05-13,2266,Wellington-Dufferin-Guelph Health Unit,0.0488,621.0,1.99,0.6659,0.9172
31119,2021-05-13,2265,Waterloo Health Unit,0.0553,1010.0,1.73,0.4165,0.8406
31120,2021-05-13,2263,Timiskaming Health Unit,0.0034,42.0,1.27,0.3182,0.7955
31121,2021-05-13,2262,Thunder Bay District Health Unit,0.0128,368.0,2.45,0.8742,0.9598
31122,2021-05-13,2261,Sudbury and District Health Unit,0.0148,463.0,2.33,0.7853,0.9209
31123,2021-05-13,4913,Southwestern Public Health,0.0291,506.0,2.39,0.7464,0.9254
31124,2021-05-13,2260,Simcoe Muskoka District Health Unit,0.0346,1407.0,2.35,0.7624,0.951
31125,2021-05-13,2257,Renfrew County and District Health Unit,0.02,250.0,2.3,0.7994,0.9363
31126,2021-05-13,2256,Porcupine Health Unit,0.0673,255.0,3.05,0.3075,0.7748
31127,2021-05-13,2255,Peterborough County-City Health Unit,0.0389,272.0,1.84,0.8089,0.9474
31128,2021-05-13,2253,Peel Regional Health Unit,0.1152,4153.0,2.59,0.7843,0.9537
31129,2021-05-13,35,Ontario,0.0655,34869.0,2.35,0.7719,0.9391
31130,2021-05-13,2249,Northwestern Health Unit,0.0194,265.0,3.02,0.4881,0.7864
31131,2021-05-13,2247,North Bay Parry Sound District Health Unit,0.0142,211.0,1.62,0.5938,0.8111
31132,2021-05-13,2246,Niagara Regional Area Health Unit,0.0642,1108.0,2.35,0.7628,0.9002
31133,2021-05-13,2244,Middlesex-London Health Unit,0.0466,1312.0,2.58,0.8243,0.972
31134,2021-05-13,2243,"Leeds, Grenville and Lanark District Health Unit",0.005,373.0,2.15,0.8079,0.9496
31135,2021-05-13,2242,Lambton Health Unit,0.02,521.0,3.98,0.7388,0.9751
31136,2021-05-13,2241,"Kingston, Frontenac and Lennox and Addington Health Unit",0.0143,690.0,3.24,0.9021,0.9784
31137,2021-05-13,5183,Huron Perth Health Unit,0.0338,393.0,2.81,0.7968,0.967
31138,2021-05-13,2238,Hastings and Prince Edward Counties Health Unit,0.0132,563.0,3.34,0.9075,0.9749
31139,2021-05-13,2236,Halton Regional Health Unit,0.0698,1272.0,2.06,0.8375,0.9355
31140,2021-05-13,2235,"Haliburton, Kawartha, Pine Ridge District Health Unit",0.0251,433.0,2.29,0.63,0.8937
31141,2021-05-13,2234,Haldimand-Norfolk Health Unit,0.0343,288.0,2.52,0.6657,0.9383
31142,2021-05-13,2233,Grey Bruce Health Unit,0.023,280.0,1.65,0.727,0.9136
31143,2021-05-13,2258,Eastern Ontario Health Unit,0.0281,498.0,2.39,0.8555,0.954
31144,2021-05-13,2230,Durham Regional Health Unit,0.0819,1756.0,2.47,0.7032,0.9567
31145,2021-05-13,2226,District of Algoma Health Unit,0.0101,338.0,2.95,0.5186,0.8549
31146,2021-05-13,3895,City of Toronto Health Unit,0.0879,7212.0,2.31,0.8578,0.9518
31147,2021-05-13,2251,City of Ottawa Health Unit,0.0478,1876.0,1.78,0.8072,0.9455
31148,2021-05-13,2237,City of Hamilton Health Unit,0.0763,1478.0,2.5,0.8987,0.96
31149,2021-05-13,2240,Chatham-Kent Health Unit,0.0213,242.0,2.27,0.8222,0.9676
31150,2021-05-13,2227,Brant County Health Unit,0.0487,384.0,2.48,0.6845,0.9459
31151,2021-05-12,2270,York Regional Health Unit,0.0784,3018.0,2.46,0.6823,0.9306
31152,2021-05-12,2268,Windsor-Essex County Health Unit,0.0544,716.0,1.69,0.7131,0.9009
31153,2021-05-12,2266,Wellington-Dufferin-Guelph Health Unit,0.0484,643.0,2.06,0.6511,0.9042
31154,2021-05-12,2265,Waterloo Health Unit,0.0586,989.0,1.69,0.3847,0.81
31155,2021-05-12,2263,Timiskaming Health Unit,0.003,47.0,1.44,0.2869,0.7842
31156,2021-05-12,2262,Thunder Bay District Health Unit,0.0138,363.0,2.42,0.8588,0.9501
31157,2021-05-12,2261,Sudbury and District Health Unit,0.0138,495.0,2.49,0.7541,0.9204
31158,2021-05-12,4913,Southwestern Public Health,0.0323,500.0,2.36,0.7755,0.9589
31159,2021-05-12,2260,Simcoe Muskoka District Health Unit,0.0364,1425.0,2.38,0.7634,0.9471
31160,2021-05-12,2257,Renfrew County and District Health Unit,0.02,243.0,2.23,0.7813,0.9333
31161,2021-05-12,2256,Porcupine Health Unit,0.0558,251.0,3.01,0.269,0.7474
31162,2021-05-12,2255,Peterborough County-City Health Unit,0.038,274.0,1.85,0.8076,0.9559
31163,2021-05-12,2253,Peel Regional Health Unit,0.1186,4219.0,2.63,0.7504,0.9534
31164,2021-05-12,35,Ontario,0.0671,35424.0,2.39,0.7639,0.937
31165,2021-05-12,2249,Northwestern Health Unit,0.0169,279.0,3.19,0.4564,0.7785
31166,2021-05-12,2247,North Bay Parry Sound District Health Unit,0.0128,212.0,1.63,0.6052,0.84
31167,2021-05-12,2246,Niagara Regional Area Health Unit,0.0667,1120.0,2.37,0.7436,0.8899
31168,2021-05-12,2244,Middlesex-London Health Unit,0.05,1309.0,2.58,0.8179,0.9666
31169,2021-05-12,2243,"Leeds, Grenville and Lanark District Health Unit",0.0057,379.0,2.19,0.8116,0.9579
31170,2021-05-12,2242,Lambton Health Unit,0.0202,531.0,4.06,0.7387,0.9742
31171,2021-05-12,2241,"Kingston, Frontenac and Lennox and Addington Health Unit",0.0144,697.0,3.28,0.9026,0.9764
31172,2021-05-12,5183,Huron Perth Health Unit,0.0357,396.0,2.83,0.8086,0.9677
31173,2021-05-12,2238,Hastings and Prince Edward Counties Health Unit,0.0139,574.0,3.41,0.908,0.977
31174,2021-05-12,2236,Halton Regional Health Unit,0.0696,1299.0,2.1,0.8365,0.9376
31175,2021-05-12,2235,"Haliburton, Kawartha, Pine Ridge District Health Unit",0.0266,430.0,2.28,0.6371,0.8879
31176,2021-05-12,2234,Haldimand-Norfolk Health Unit,0.0374,302.0,2.64,0.6791,0.9413
31177,2021-05-12,2233,Grey Bruce Health Unit,0.0231,278.0,1.64,0.7375,0.918
31178,2021-05-12,2258,Eastern Ontario Health Unit,0.0263,517.0,2.48,0.8743,0.9613
31179,2021-05-12,2230,Durham Regional Health Unit,0.0841,1766.0,2.48,0.7098,0.9556
31180,2021-05-12,2226,District of Algoma Health Unit,0.0093,339.0,2.96,0.4968,0.8299
31181,2021-05-12,3895,City of Toronto Health Unit,0.0896,7378.0,2.36,0.8525,0.9496
31182,2021-05-12,2251,City of Ottawa Health Unit,0.0475,1924.0,1.82,0.8099,0.9489
31183,2021-05-12,2237,City of Hamilton Health Unit,0.079,1508.0,2.55,0.8869,0.9634
31184,2021-05-12,2240,Chatham-Kent Health Unit,0.0216,238.0,2.24,0.8106,0.9645
31185,2021-05-12,2227,Brant County Health Unit,0.0489,394.0,2.54,0.6899,0.9526
31186,2021-05-11,2270,York Regional Health Unit,0.0802,3106.0,2.53,0.6701,0.9274
31187,2021-05-11,2268,Windsor-Essex County Health Unit,0.0553,728.0,1.71,0.7157,0.8936
31188,2021-05-11,2266,Wellington-Dufferin-Guelph Health Unit,0.0497,656.0,2.1,0.6307,0.9016
31189,2021-05-11,2265,Waterloo Health Unit,0.0551,980.0,1.68,0.3898,0.8053
31190,2021-05-11,2263,Timiskaming Health Unit,0.0116,49.0,1.5,0.2935,0.787
31191,2021-05-11,2262,Thunder Bay District Health Unit,0.012,358.0,2.39,0.8757,0.9482
31192,2021-05-11,2261,Sudbury and District Health Unit,0.0133,527.0,2.65,0.7405,0.9174
31193,2021-05-11,4913,Southwestern Public Health,0.0306,542.0,2.56,0.7599,0.9625
31194,2021-05-11,2260,Simcoe Muskoka District Health Unit,0.0382,1449.0,2.42,0.7489,0.9455
31195,2021-05-11,2257,Renfrew County and District Health Unit,0.022,253.0,2.33,0.7827,0.9349
31196,2021-05-11,2256,Porcupine Health Unit,0.0516,257.0,3.08,0.2796,0.7444
31197,2021-05-11,2255,Peterborough County-City Health Unit,0.0338,279.0,1.89,0.7851,0.9546
31198,2021-05-11,2253,Peel Regional Health Unit,0.1231,4292.0,2.67,0.7376,0.9497
31199,2021-05-11,35,Ontario,0.0684,36193.0,2.44,0.7569,0.9338
31200,2021-05-11,2249,Northwestern Health Unit,0.0186,284.0,3.23,0.412,0.755
31201,2021-05-11,2247,North Bay Parry Sound District Health Unit,0.0127,214.0,1.65,0.585,0.8152
31202,2021-05-11,2246,Niagara Regional Area Health Unit,0.0714,1134.0,2.4,0.7527,0.883
31203,2021-05-11,2244,Middlesex-London Health Unit,0.053,1312.0,2.59,0.8264,0.9669
31204,2021-05-11,2243,"Leeds, Grenville and Lanark District Health Unit",0.0069,391.0,2.26,0.8128,0.9508
31205,2021-05-11,2242,Lambton Health Unit,0.0171,543.0,4.15,0.7254,0.9747
31206,2021-05-11,2241,"Kingston, Frontenac and Lennox and Addington Health Unit",0.0159,702.0,3.3,0.8994,0.9764
31207,2021-05-11,5183,Huron Perth Health Unit,0.0338,393.0,2.81,0.8137,0.9721
31208,2021-05-11,2238,Hastings and Prince Edward Counties Health Unit,0.0175,604.0,3.59,0.9104,0.9762
31209,2021-05-11,2236,Halton Regional Health Unit,0.0726,1332.0,2.15,0.8357,0.9337
31210,2021-05-11,2235,"Haliburton, Kawartha, Pine Ridge District Health Unit",0.0279,445.0,2.36,0.6138,0.8955
31211,2021-05-11,2234,Haldimand-Norfolk Health Unit,0.0373,314.0,2.75,0.6527,0.9426
31212,2021-05-11,2233,Grey Bruce Health Unit,0.0219,274.0,1.62,0.7217,0.9166
31213,2021-05-11,2258,Eastern Ontario Health Unit,0.0269,500.0,2.39,0.8609,0.9546
31214,2021-05-11,2230,Durham Regional Health Unit,0.0838,1858.0,2.61,0.703,0.9379
31215,2021-05-11,2226,District of Algoma Health Unit,0.0101,341.0,2.98,0.492,0.818
31216,2021-05-11,3895,City of Toronto Health Unit,0.0903,7545.0,2.42,0.8442,0.9481
31217,2021-05-11,2251,City of Ottawa Health Unit,0.0453,1976.0,1.87,0.8015,0.9445
31218,2021-05-11,2237,City of Hamilton Health Unit,0.0796,1539.0,2.6,0.8786,0.9625
31219,2021-05-11,2240,Chatham-Kent Health Unit,0.0232,228.0,2.14,0.8088,0.9656
31220,2021-05-11,2227,Brant County Health Unit,0.0531,414.0,2.67,0.7047,0.9614
31221,2021-05-10,2270,York Regional Health Unit,0.0817,3120.0,2.55,0.6553,0.9206
31222,2021-05-10,2268,Windsor-Essex County Health Unit,0.0518,730.0,1.72,0.71,0.8819
31223,2021-05-10,2266,Wellington-Dufferin-Guelph Health Unit,0.0539,665.0,2.13,0.614,0.8867
31224,2021-05-10,2265,Waterloo Health Unit,0.0549,996.0,1.71,0.3786,0.8115
31225,2021-05-10,2263,Timiskaming Health Unit,0.0137,52.0,1.59,0.2972,0.7881
31226,2021-05-10,2262,Thunder Bay District Health Unit,0.0126,362.0,2.41,0.8741,0.9489
31227,2021-05-10,2261,Sudbury and District Health Unit,0.0142,534.0,2.69,0.7378,0.9136
31228,2021-05-10,4913,Southwestern Public Health,0.0286,540.0,2.55,0.7537,0.9606
31229,2021-05-10,2260,Simcoe Muskoka District Health Unit,0.0393,1473.0,2.46,0.7435,0.941
31230,2021-05-10,2257,Renfrew County and District Health Unit,0.0235,268.0,2.46,0.7913,0.9388
31231,2021-05-10,2256,Porcupine Health Unit,0.0462,251.0,3.0,0.2948,0.7481
31232,2021-05-10,2255,Peterborough County-City Health Unit,0.0324,291.0,1.97,0.7892,0.9529
31233,2021-05-10,2253,Peel Regional Health Unit,0.1232,4485.0,2.79,0.7266,0.9455
31234,2021-05-10,35,Ontario,0.0696,36778.0,2.48,0.7502,0.9297
31235,2021-05-10,2249,Northwestern Health Unit,0.0218,289.0,3.29,0.4105,0.7558
31236,2021-05-10,2247,North Bay Parry Sound District Health Unit,0.0162,220.0,1.7,0.5883,0.8157
31237,2021-05-10,2246,Niagara Regional Area Health Unit,0.0709,1151.0,2.44,0.7475,0.8694
31238,2021-05-10,2244,Middlesex-London Health Unit,0.0556,1293.0,2.55,0.8236,0.9651
31239,2021-05-10,2243,"Leeds, Grenville and Lanark District Health Unit",0.0091,407.0,2.35,0.8147,0.9512
31240,2021-05-10,2242,Lambton Health Unit,0.0202,530.0,4.05,0.6766,0.9717
31241,2021-05-10,2241,"Kingston, Frontenac and Lennox and Addington Health Unit",0.0175,711.0,3.34,0.8965,0.975
31242,2021-05-10,5183,Huron Perth Health Unit,0.0332,396.0,2.83,0.8092,0.9671
31243,2021-05-10,2238,Hastings and Prince Edward Counties Health Unit,0.0176,602.0,3.57,0.8988,0.97
31244,2021-05-10,2236,Halton Regional Health Unit,0.0738,1372.0,2.22,0.8245,0.9255
31245,2021-05-10,2235,"Haliburton, Kawartha, Pine Ridge District Health Unit",0.027,450.0,2.38,0.6006,0.89
31246,2021-05-10,2234,Haldimand-Norfolk Health Unit,0.0358,315.0,2.76,0.6466,0.9425
31247,2021-05-10,2233,Grey Bruce Health Unit,0.0205,279.0,1.64,0.7088,0.8952
31248,2021-05-10,2258,Eastern Ontario Health Unit,0.027,513.0,2.46,0.822,0.9474
31249,2021-05-10,2230,Durham Regional Health Unit,0.0846,1898.0,2.66,0.7003,0.938
31250,2021-05-10,2226,District of Algoma Health Unit,0.0111,335.0,2.93,0.4849,0.8114
31251,2021-05-10,3895,City of Toronto Health Unit,0.0926,7632.0,2.45,0.8376,0.9437
31252,2021-05-10,2251,City of Ottawa Health Unit,0.0455,1971.0,1.87,0.8056,0.9424
31253,2021-05-10,2237,City of Hamilton Health Unit,0.0799,1603.0,2.71,0.877,0.9602
31254,2021-05-10,2240,Chatham-Kent Health Unit,0.0238,222.0,2.09,0.7904,0.9626
31255,2021-05-10,2227,Brant County Health Unit,0.055,439.0,2.83,0.7003,0.9621
31256,2021-05-09,2270,York Regional Health Unit,0.0833,3149.0,2.57,0.6541,0.9191
31257,2021-05-09,2268,Windsor-Essex County Health Unit,0.051,739.0,1.74,0.7056,0.8812
31258,2021-05-09,2266,Wellington-Dufferin-Guelph Health Unit,0.0526,682.0,2.19,0.5812,0.8675
31259,2021-05-09,2265,Waterloo Health Unit,0.0516,985.0,1.69,0.4108,0.851
31260,2021-05-09,2263,Timiskaming Health Unit,0.0236,54.0,1.67,0.2868,0.7792
31261,2021-05-09,2262,Thunder Bay District Health Unit,0.0111,374.0,2.5,0.8802,0.9535
31262,2021-05-09,2261,Sudbury and District Health Unit,0.0156,549.0,2.76,0.7357,0.9123
31263,2021-05-09,4913,Southwestern Public Health,0.0291,505.0,2.39,0.7577,0.9608
31264,2021-05-09,2260,Simcoe Muskoka District Health Unit,0.04,1510.0,2.52,0.7449,0.9381
31265,2021-05-09,2257,Renfrew County and District Health Unit,0.0222,284.0,2.61,0.7913,0.9308
31266,2021-05-09,2256,Porcupine Health Unit,0.0425,259.0,3.1,0.3006,0.7418
31267,2021-05-09,2255,Peterborough County-City Health Unit,0.0294,311.0,2.1,0.7845,0.9524
31268,2021-05-09,2253,Peel Regional Health Unit,0.1262,4493.0,2.8,0.7065,0.9438
31269,2021-05-09,35,Ontario,0.0702,37187.0,2.51,0.7456,0.9271
31270,2021-05-09,2249,Northwestern Health Unit,0.0231,297.0,3.39,0.3965,0.773
31271,2021-05-09,2247,North Bay Parry Sound District Health Unit,0.0182,212.0,1.63,0.5837,0.8127
31272,2021-05-09,2246,Niagara Regional Area Health Unit,0.0719,1176.0,2.49,0.7229,0.8434
31273,2021-05-09,2244,Middlesex-London Health Unit,0.0572,1274.0,2.51,0.827,0.9651
31274,2021-05-09,2243,"Leeds, Grenville and Lanark District Health Unit",0.0126,408.0,2.36,0.8151,0.9509
31275,2021-05-09,2242,Lambton Health Unit,0.0182,486.0,3.71,0.677,0.97
31276,2021-05-09,2241,"Kingston, Frontenac and Lennox and Addington Health Unit",0.0199,724.0,3.4,0.8962,0.9728
31277,2021-05-09,5183,Huron Perth Health Unit,0.0279,389.0,2.79,0.8051,0.9631
31278,2021-05-09,2238,Hastings and Prince Edward Counties Health Unit,0.0206,576.0,3.42,0.8951,0.9686
31279,2021-05-09,2236,Halton Regional Health Unit,0.0764,1381.0,2.23,0.8075,0.9217
31280,2021-05-09,2235,"Haliburton, Kawartha, Pine Ridge District Health Unit",0.0247,462.0,2.45,0.5988,0.8957
31281,2021-05-09,2234,Haldimand-Norfolk Health Unit,0.0387,325.0,2.85,0.6137,0.9412
31282,2021-05-09,2233,Grey Bruce Health Unit,0.0145,286.0,1.68,0.7036,0.8893
31283,2021-05-09,2258,Eastern Ontario Health Unit,0.0255,537.0,2.57,0.8179,0.9371
31284,2021-05-09,2230,Durham Regional Health Unit,0.0834,1908.0,2.68,0.7046,0.9343
31285,2021-05-09,2226,District of Algoma Health Unit,0.0094,335.0,2.92,0.4743,0.8063
31286,2021-05-09,3895,City of Toronto Health Unit,0.0934,7814.0,2.5,0.8354,0.9396
31287,2021-05-09,2251,City of Ottawa Health Unit,0.044,2034.0,1.93,0.8005,0.9384
31288,2021-05-09,2237,City of Hamilton Health Unit,0.0796,1609.0,2.72,0.8722,0.9546
31289,2021-05-09,2240,Chatham-Kent Health Unit,0.0229,225.0,2.11,0.7908,0.959
31290,2021-05-09,2227,Brant County Health Unit,0.051,449.0,2.89,0.701,0.9602
31291,2021-05-08,2270,York Regional Health Unit,0.0853,3201.0,2.61,0.6466,0.9193
31292,2021-05-08,2268,Windsor-Essex County Health Unit,0.0514,747.0,1.76,0.7088,0.8807
31293,2021-05-08,2266,Wellington-Dufferin-Guelph Health Unit,0.0542,683.0,2.19,0.5743,0.8567
31294,2021-05-08,2265,Waterloo Health Unit,0.0489,1014.0,1.74,0.4108,0.8632
31295,2021-05-08,2263,Timiskaming Health Unit,0.0263,54.0,1.66,0.2811,0.8582
31296,2021-05-08,2262,Thunder Bay District Health Unit,0.0136,377.0,2.51,0.8468,0.9484
31297,2021-05-08,2261,Sudbury and District Health Unit,0.0147,553.0,2.78,0.7207,0.9049
31298,2021-05-08,4913,Southwestern Public Health,0.03,505.0,2.39,0.7536,0.9594
31299,2021-05-08,2260,Simcoe Muskoka District Health Unit,0.0403,1545.0,2.58,0.7494,0.9361
31300,2021-05-08,2257,Renfrew County and District Health Unit,0.023,285.0,2.63,0.7678,0.9467
31301,2021-05-08,2256,Porcupine Health Unit,0.0409,262.0,3.14,0.3075,0.7476
31302,2021-05-08,2255,Peterborough County-City Health Unit,0.0293,317.0,2.14,0.783,0.9556
31303,2021-05-08,2253,Peel Regional Health Unit,0.1273,4583.0,2.85,0.7169,0.9414
31304,2021-05-08,35,Ontario,0.0711,37832.0,2.55,0.7469,0.9272
31305,2021-05-08,2249,Northwestern Health Unit,0.0239,292.0,3.33,0.3968,0.7767
31306,2021-05-08,2247,North Bay Parry Sound District Health Unit,0.0205,216.0,1.66,0.6219,0.8231
31307,2021-05-08,2246,Niagara Regional Area Health Unit,0.0734,1191.0,2.52,0.7238,0.8459
31308,2021-05-08,2244,Middlesex-London Health Unit,0.0598,1284.0,2.53,0.8234,0.9637
31309,2021-05-08,2243,"Leeds, Grenville and Lanark District Health Unit",0.0132,411.0,2.37,0.8128,0.9483
31310,2021-05-08,2242,Lambton Health Unit,0.0184,504.0,3.85,0.6763,0.9699
31311,2021-05-08,2241,"Kingston, Frontenac and Lennox and Addington Health Unit",0.0201,724.0,3.41,0.8924,0.9717
31312,2021-05-08,5183,Huron Perth Health Unit,0.0283,389.0,2.78,0.8314,0.961
31313,2021-05-08,2238,Hastings and Prince Edward Counties Health Unit,0.0206,576.0,3.42,0.8942,0.9692
31314,2021-05-08,2236,Halton Regional Health Unit,0.0768,1393.0,2.25,0.8058,0.9175
31315,2021-05-08,2235,"Haliburton, Kawartha, Pine Ridge District Health Unit",0.0264,461.0,2.44,0.6325,0.9191
31316,2021-05-08,2234,Haldimand-Norfolk Health Unit,0.0395,322.0,2.83,0.588,0.9353
31317,2021-05-08,2233,Grey Bruce Health Unit,0.0149,287.0,1.69,0.7278,0.8845
31318,2021-05-08,2258,Eastern Ontario Health Unit,0.0243,564.0,2.7,0.8153,0.9343
31319,2021-05-08,2230,Durham Regional Health Unit,0.0857,1938.0,2.72,0.7116,0.9361
31320,2021-05-08,2226,District of Algoma Health Unit,0.0101,340.0,2.97,0.4765,0.8008
31321,2021-05-08,3895,City of Toronto Health Unit,0.094,8017.0,2.57,0.8394,0.9396
31322,2021-05-08,2251,City of Ottawa Health Unit,0.044,2076.0,1.97,0.8039,0.9413
31323,2021-05-08,2237,City of Hamilton Health Unit,0.0804,1641.0,2.77,0.8643,0.9551
31324,2021-05-08,2240,Chatham-Kent Health Unit,0.023,229.0,2.16,0.7916,0.9598
31325,2021-05-08,2227,Brant County Health Unit,0.0488,453.0,2.92,0.6941,0.9584
31326,2021-05-07,2270,York Regional Health Unit,0.0883,3246.0,2.65,0.637,0.9215
31327,2021-05-07,2268,Windsor-Essex County Health Unit,0.0537,756.0,1.78,0.7155,0.8805
31328,2021-05-07,2266,Wellington-Dufferin-Guelph Health Unit,0.0562,694.0,2.22,0.5594,0.8329
31329,2021-05-07,2265,Waterloo Health Unit,0.0514,1023.0,1.75,0.4225,0.8855
31330,2021-05-07,2263,Timiskaming Health Unit,0.0262,55.0,1.67,0.2665,0.8635
31331,2021-05-07,2262,Thunder Bay District Health Unit,0.0151,379.0,2.53,0.8509,0.9495
31332,2021-05-07,2261,Sudbury and District Health Unit,0.0141,559.0,2.81,0.7297,0.9237
31333,2021-05-07,4913,Southwestern Public Health,0.0326,508.0,2.4,0.7586,0.9642
31334,2021-05-07,2260,Simcoe Muskoka District Health Unit,0.0414,1560.0,2.6,0.7502,0.9359
31335,2021-05-07,2257,Renfrew County and District Health Unit,0.0165,242.0,2.23,0.7694,0.9473
31336,2021-05-07,2256,Porcupine Health Unit,0.0337,263.0,3.15,0.3096,0.7308
31337,2021-05-07,2255,Peterborough County-City Health Unit,0.0293,312.0,2.11,0.7814,0.9564
31338,2021-05-07,2253,Peel Regional Health Unit,0.1275,4760.0,2.96,0.6996,0.9448
31339,2021-05-07,35,Ontario,0.0728,38443.0,2.59,0.7418,0.9296
31340,2021-05-07,2249,Northwestern Health Unit,0.0246,302.0,3.44,0.3902,0.7654
31341,2021-05-07,2247,North Bay Parry Sound District Health Unit,0.022,214.0,1.65,0.627,0.8398
31342,2021-05-07,2246,Niagara Regional Area Health Unit,0.0755,1218.0,2.58,0.7304,0.8499
31343,2021-05-07,2244,Middlesex-London Health Unit,0.0646,1275.0,2.51,0.8261,0.9654
31344,2021-05-07,2243,"Leeds, Grenville and Lanark District Health Unit",0.0147,407.0,2.35,0.8203,0.9477
31345,2021-05-07,2242,Lambton Health Unit,0.0179,502.0,3.83,0.6868,0.9731
31346,2021-05-07,2241,"Kingston, Frontenac and Lennox and Addington Health Unit",0.0203,711.0,3.34,0.8959,0.9717
31347,2021-05-07,5183,Huron Perth Health Unit,0.0286,389.0,2.79,0.8405,0.9594
31348,2021-05-07,2238,Hastings and Prince Edward Counties Health Unit,0.0203,571.0,3.39,0.8946,0.9726
31349,2021-05-07,2236,Halton Regional Health Unit,0.0779,1431.0,2.31,0.7935,0.9186
31350,2021-05-07,2235,"Haliburton, Kawartha, Pine Ridge District Health Unit",0.0247,492.0,2.61,0.6179,0.9197
31351,2021-05-07,2234,Haldimand-Norfolk Health Unit,0.0413,329.0,2.88,0.5898,0.9387
31352,2021-05-07,2233,Grey Bruce Health Unit,0.0108,291.0,1.71,0.7224,0.904
31353,2021-05-07,2258,Eastern Ontario Health Unit,0.0259,558.0,2.67,0.8124,0.934
31354,2021-05-07,2230,Durham Regional Health Unit,0.085,1972.0,2.77,0.6997,0.9381
31355,2021-05-07,2226,District of Algoma Health Unit,0.0091,345.0,3.01,0.5129,0.8201
31356,2021-05-07,3895,City of Toronto Health Unit,0.0968,8179.0,2.62,0.831,0.9435
31357,2021-05-07,2251,City of Ottawa Health Unit,0.0451,2089.0,1.98,0.8012,0.9381
31358,2021-05-07,2237,City of Hamilton Health Unit,0.0798,1713.0,2.89,0.8651,0.9539
31359,2021-05-07,2240,Chatham-Kent Health Unit,0.0206,229.0,2.16,0.8009,0.9625
31360,2021-05-07,2227,Brant County Health Unit,0.0517,464.0,2.99,0.69,0.9618
31361,2021-05-06,2270,York Regional Health Unit,0.0892,3267.0,2.67,0.6383,0.9242
31362,2021-05-06,2268,Windsor-Essex County Health Unit,0.0515,760.0,1.79,0.7374,0.9034
31363,2021-05-06,2266,Wellington-Dufferin-Guelph Health Unit,0.0555,705.0,2.26,0.5636,0.838
31364,2021-05-06,2265,Waterloo Health Unit,0.0559,1043.0,1.78,0.4657,0.9035
31365,2021-05-06,2263,Timiskaming Health Unit,0.0271,63.0,1.94,0.2177,0.8685
31366,2021-05-06,2262,Thunder Bay District Health Unit,0.0169,389.0,2.59,0.8758,0.9561
31367,2021-05-06,2261,Sudbury and District Health Unit,0.0158,571.0,2.87,0.7379,0.9279
31368,2021-05-06,4913,Southwestern Public Health,0.0275,536.0,2.53,0.7642,0.9669
31369,2021-05-06,2260,Simcoe Muskoka District Health Unit,0.0448,1581.0,2.64,0.7376,0.9394
31370,2021-05-06,2257,Renfrew County and District Health Unit,0.0189,257.0,2.37,0.7959,0.9576
31371,2021-05-06,2256,Porcupine Health Unit,0.0332,254.0,3.04,0.322,0.7365
31372,2021-05-06,2255,Peterborough County-City Health Unit,0.0248,312.0,2.11,0.7965,0.9596
31373,2021-05-06,2253,Peel Regional Health Unit,0.1288,4823.0,3.0,0.694,0.9432
31374,2021-05-06,35,Ontario,0.0741,38950.0,2.63,0.7429,0.9333
31375,2021-05-06,2249,Northwestern Health Unit,0.0324,304.0,3.47,0.388,0.7856
31376,2021-05-06,2247,North Bay Parry Sound District Health Unit,0.0216,212.0,1.63,0.5992,0.8572
31377,2021-05-06,2246,Niagara Regional Area Health Unit,0.0745,1264.0,2.67,0.7325,0.8594
31378,2021-05-06,2244,Middlesex-London Health Unit,0.0655,1267.0,2.5,0.8296,0.9682
31379,2021-05-06,2243,"Leeds, Grenville and Lanark District Health Unit",0.0161,416.0,2.4,0.8335,0.9552
31380,2021-05-06,2242,Lambton Health Unit,0.0168,502.0,3.83,0.6744,0.968
31381,2021-05-06,2241,"Kingston, Frontenac and Lennox and Addington Health Unit",0.0201,711.0,3.34,0.894,0.973
31382,2021-05-06,5183,Huron Perth Health Unit,0.0212,384.0,2.75,0.8427,0.9601
31383,2021-05-06,2238,Hastings and Prince Edward Counties Health Unit,0.0175,570.0,3.38,0.9192,0.9745
31384,2021-05-06,2236,Halton Regional Health Unit,0.0783,1441.0,2.33,0.785,0.9172
31385,2021-05-06,2235,"Haliburton, Kawartha, Pine Ridge District Health Unit",0.0228,482.0,2.55,0.5911,0.9264
31386,2021-05-06,2234,Haldimand-Norfolk Health Unit,0.0429,343.0,3.01,0.5842,0.939
31387,2021-05-06,2233,Grey Bruce Health Unit,0.0111,296.0,1.74,0.7321,0.9093
31388,2021-05-06,2258,Eastern Ontario Health Unit,0.0281,580.0,2.78,0.8296,0.9418
31389,2021-05-06,2230,Durham Regional Health Unit,0.0867,1997.0,2.8,0.6802,0.9372
31390,2021-05-06,2226,District of Algoma Health Unit,0.0086,348.0,3.04,0.5139,0.821
31391,2021-05-06,3895,City of Toronto Health Unit,0.0998,8274.0,2.65,0.8298,0.9468
31392,2021-05-06,2251,City of Ottawa Health Unit,0.0475,2123.0,2.01,0.8124,0.9471
31393,2021-05-06,2237,City of Hamilton Health Unit,0.0812,1761.0,2.97,0.8666,0.9548
31394,2021-05-06,2240,Chatham-Kent Health Unit,0.0214,233.0,2.19,0.8127,0.9703
31395,2021-05-06,2227,Brant County Health Unit,0.0551,479.0,3.09,0.6932,0.9639
31396,2021-05-05,2270,York Regional Health Unit,0.0883,3300.0,2.69,0.6299,0.9305
31397,2021-05-05,2268,Windsor-Essex County Health Unit,0.0517,762.0,1.79,0.7582,0.9072
31398,2021-05-05,2266,Wellington-Dufferin-Guelph Health Unit,0.0586,707.0,2.27,0.5672,0.8369
31399,2021-05-05,2265,Waterloo Health Unit,0.0517,1075.0,1.84,0.5056,0.9346
31400,2021-05-05,2263,Timiskaming Health Unit,0.0323,62.0,1.9,0.2152,0.8629
31401,2021-05-05,2262,Thunder Bay District Health Unit,0.0161,390.0,2.6,0.8835,0.9627
31402,2021-05-05,2261,Sudbury and District Health Unit,0.0167,573.0,2.88,0.7436,0.9317
31403,2021-05-05,4913,Southwestern Public Health,0.0267,540.0,2.55,0.749,0.9546
31404,2021-05-05,2260,Simcoe Muskoka District Health Unit,0.0465,1624.0,2.71,0.7245,0.9417
31405,2021-05-05,2257,Renfrew County and District Health Unit,0.0182,274.0,2.52,0.8011,0.9524
31406,2021-05-05,2256,Porcupine Health Unit,0.0333,253.0,3.03,0.3456,0.7755
31407,2021-05-05,2255,Peterborough County-City Health Unit,0.0239,335.0,2.26,0.7945,0.9563
31408,2021-05-05,2253,Peel Regional Health Unit,0.1324,4849.0,3.02,0.7047,0.9464
31409,2021-05-05,35,Ontario,0.0751,39563.0,2.67,0.7437,0.9368
31410,2021-05-05,2249,Northwestern Health Unit,0.04,293.0,3.34,0.4174,0.7924
31411,2021-05-05,2247,North Bay Parry Sound District Health Unit,0.0231,211.0,1.62,0.5909,0.8348
31412,2021-05-05,2246,Niagara Regional Area Health Unit,0.0731,1313.0,2.78,0.7482,0.8571
31413,2021-05-05,2244,Middlesex-London Health Unit,0.0655,1267.0,2.5,0.8273,0.9728
31414,2021-05-05,2243,"Leeds, Grenville and Lanark District Health Unit",0.016,419.0,2.42,0.8274,0.9495
31415,2021-05-05,2242,Lambton Health Unit,0.019,488.0,3.73,0.6399,0.9664
31416,2021-05-05,2241,"Kingston, Frontenac and Lennox and Addington Health Unit",0.0193,709.0,3.33,0.8918,0.9742
31417,2021-05-05,5183,Huron Perth Health Unit,0.0163,385.0,2.76,0.8351,0.9577
31418,2021-05-05,2238,Hastings and Prince Edward Counties Health Unit,0.0172,589.0,3.5,0.9166,0.9733
31419,2021-05-05,2236,Halton Regional Health Unit,0.0826,1468.0,2.37,0.7857,0.9197
31420,2021-05-05,2235,"Haliburton, Kawartha, Pine Ridge District Health Unit",0.0188,494.0,2.61,0.5843,0.9369
31421,2021-05-05,2234,Haldimand-Norfolk Health Unit,0.0445,347.0,3.04,0.5423,0.9421
31422,2021-05-05,2233,Grey Bruce Health Unit,0.0119,312.0,1.84,0.7291,0.9159
31423,2021-05-05,2258,Eastern Ontario Health Unit,0.0269,612.0,2.93,0.8273,0.9415
31424,2021-05-05,2230,Durham Regional Health Unit,0.0882,2057.0,2.89,0.6666,0.9388
31425,2021-05-05,2226,District of Algoma Health Unit,0.0079,342.0,2.99,0.5168,0.8297
31426,2021-05-05,3895,City of Toronto Health Unit,0.1015,8420.0,2.7,0.8264,0.9515
31427,2021-05-05,2251,City of Ottawa Health Unit,0.0485,2176.0,2.06,0.8201,0.9474
31428,2021-05-05,2237,City of Hamilton Health Unit,0.0832,1778.0,3.0,0.8607,0.9525
31429,2021-05-05,2240,Chatham-Kent Health Unit,0.0228,238.0,2.24,0.8334,0.9688
31430,2021-05-05,2227,Brant County Health Unit,0.058,493.0,3.18,0.6785,0.9659
31431,2021-05-04,2270,York Regional Health Unit,0.0879,3301.0,2.69,0.641,0.9364
31432,2021-05-04,2268,Windsor-Essex County Health Unit,0.0541,768.0,1.81,0.7676,0.9251
31433,2021-05-04,2266,Wellington-Dufferin-Guelph Health Unit,0.0564,709.0,2.27,0.5871,0.8317
31434,2021-05-04,2265,Waterloo Health Unit,0.0549,1067.0,1.83,0.5169,0.9345
31435,2021-05-04,2263,Timiskaming Health Unit,0.026,66.0,2.02,0.2128,0.876
31436,2021-05-04,2262,Thunder Bay District Health Unit,0.0166,396.0,2.64,0.8797,0.9664
31437,2021-05-04,2261,Sudbury and District Health Unit,0.0199,560.0,2.82,0.734,0.9155
31438,2021-05-04,4913,Southwestern Public Health,0.0282,497.0,2.35,0.7586,0.9574
31439,2021-05-04,2260,Simcoe Muskoka District Health Unit,0.0466,1656.0,2.76,0.721,0.9429
31440,2021-05-04,2257,Renfrew County and District Health Unit,0.0173,264.0,2.43,0.7858,0.9502
31441,2021-05-04,2256,Porcupine Health Unit,0.0341,251.0,3.01,0.3049,0.7836
31442,2021-05-04,2255,Peterborough County-City Health Unit,0.0219,332.0,2.25,0.8018,0.9602
31443,2021-05-04,2253,Peel Regional Health Unit,0.1342,4848.0,3.02,0.7001,0.949
31444,2021-05-04,35,Ontario,0.0763,39761.0,2.68,0.7447,0.9409
31445,2021-05-04,2249,Northwestern Health Unit,0.0384,294.0,3.35,0.4605,0.8132
31446,2021-05-04,2247,North Bay Parry Sound District Health Unit,0.0246,215.0,1.65,0.6123,0.8675
31447,2021-05-04,2246,Niagara Regional Area Health Unit,0.0731,1374.0,2.91,0.7331,0.8575
31448,2021-05-04,2244,Middlesex-London Health Unit,0.0629,1276.0,2.51,0.8353,0.9756
31449,2021-05-04,2243,"Leeds, Grenville and Lanark District Health Unit",0.016,420.0,2.42,0.8262,0.9586
31450,2021-05-04,2242,Lambton Health Unit,0.0195,469.0,3.58,0.6432,0.9693
31451,2021-05-04,2241,"Kingston, Frontenac and Lennox and Addington Health Unit",0.0188,699.0,3.29,0.8884,0.9745
31452,2021-05-04,5183,Huron Perth Health Unit,0.0153,384.0,2.75,0.8413,0.9558
31453,2021-05-04,2238,Hastings and Prince Edward Counties Health Unit,0.0168,561.0,3.33,0.9191,0.9741
31454,2021-05-04,2236,Halton Regional Health Unit,0.0838,1474.0,2.38,0.7999,0.931
31455,2021-05-04,2235,"Haliburton, Kawartha, Pine Ridge District Health Unit",0.0176,519.0,2.75,0.5781,0.9328
31456,2021-05-04,2234,Haldimand-Norfolk Health Unit,0.0446,349.0,3.06,0.553,0.9359
31457,2021-05-04,2233,Grey Bruce Health Unit,0.0146,312.0,1.84,0.7404,0.9231
31458,2021-05-04,2258,Eastern Ontario Health Unit,0.0272,620.0,2.97,0.8168,0.9494
31459,2021-05-04,2230,Durham Regional Health Unit,0.0889,2047.0,2.87,0.6574,0.9544
31460,2021-05-04,2226,District of Algoma Health Unit,0.0072,338.0,2.95,0.5148,0.8322
31461,2021-05-04,3895,City of Toronto Health Unit,0.1042,8526.0,2.73,0.8273,0.9547
31462,2021-05-04,2251,City of Ottawa Health Unit,0.0513,2234.0,2.12,0.8199,0.9525
31463,2021-05-04,2237,City of Hamilton Health Unit,0.0835,1798.0,3.04,0.8704,0.9556
31464,2021-05-04,2240,Chatham-Kent Health Unit,0.0195,234.0,2.2,0.8314,0.9701
31465,2021-05-04,2227,Brant County Health Unit,0.0564,489.0,3.15,0.6321,0.9684
31466,2021-05-03,2270,York Regional Health Unit,0.0875,3371.0,2.75,0.6415,0.9415
31467,2021-05-03,2268,Windsor-Essex County Health Unit,0.0521,797.0,1.88,0.7673,0.9324
31468,2021-05-03,2266,Wellington-Dufferin-Guelph Health Unit,0.055,714.0,2.29,0.6112,0.838
31469,2021-05-03,2265,Waterloo Health Unit,0.057,1065.0,1.82,0.5511,0.9399
31470,2021-05-03,2263,Timiskaming Health Unit,0.0279,67.0,2.04,0.2066,0.8733
31471,2021-05-03,2262,Thunder Bay District Health Unit,0.0171,402.0,2.68,0.8786,0.9642
31472,2021-05-03,2261,Sudbury and District Health Unit,0.0177,606.0,3.05,0.7346,0.9206
31473,2021-05-03,4913,Southwestern Public Health,0.0292,503.0,2.38,0.775,0.9591
31474,2021-05-03,2260,Simcoe Muskoka District Health Unit,0.0477,1680.0,2.8,0.7107,0.9457
31475,2021-05-03,2257,Renfrew County and District Health Unit,0.0174,246.0,2.27,0.7878,0.9554
31476,2021-05-03,2256,Porcupine Health Unit,0.0289,257.0,3.08,0.2865,0.7801
31477,2021-05-03,2255,Peterborough County-City Health Unit,0.0214,326.0,2.21,0.8094,0.9649
31478,2021-05-03,2253,Peel Regional Health Unit,0.1421,4715.0,2.94,0.6948,0.9513
31479,2021-05-03,35,Ontario,0.0773,40119.0,2.71,0.7452,0.9438
31480,2021-05-03,2249,Northwestern Health Unit,0.0376,289.0,3.3,0.468,0.8384
31481,2021-05-03,2247,North Bay Parry Sound District Health Unit,0.0186,207.0,1.59,0.6067,0.8677
31482,2021-05-03,2246,Niagara Regional Area Health Unit,0.0762,1389.0,2.94,0.7336,0.8666
31483,2021-05-03,2244,Middlesex-London Health Unit,0.062,1306.0,2.57,0.8424,0.9781
31484,2021-05-03,2243,"Leeds, Grenville and Lanark District Health Unit",0.0173,422.0,2.44,0.83,0.9585
31485,2021-05-03,2242,Lambton Health Unit,0.0176,470.0,3.59,0.682,0.9712
31486,2021-05-03,2241,"Kingston, Frontenac and Lennox and Addington Health Unit",0.017,687.0,3.23,0.8903,0.9764
31487,2021-05-03,5183,Huron Perth Health Unit,0.0149,383.0,2.74,0.8442,0.9589
31488,2021-05-03,2238,Hastings and Prince Edward Counties Health Unit,0.0182,558.0,3.31,0.9249,0.978
31489,2021-05-03,2236,Halton Regional Health Unit,0.0819,1488.0,2.4,0.8041,0.9373
31490,2021-05-03,2235,"Haliburton, Kawartha, Pine Ridge District Health Unit",0.0192,520.0,2.75,0.5888,0.9342
31491,2021-05-03,2234,Haldimand-Norfolk Health Unit,0.0464,366.0,3.21,0.5666,0.925
31492,2021-05-03,2233,Grey Bruce Health Unit,0.0171,318.0,1.87,0.7634,0.9426
31493,2021-05-03,2258,Eastern Ontario Health Unit,0.0257,660.0,3.16,0.8414,0.9559
31494,2021-05-03,2230,Durham Regional Health Unit,0.0924,2037.0,2.86,0.6488,0.9495
31495,2021-05-03,2226,District of Algoma Health Unit,0.0078,346.0,3.03,0.5154,0.8353
31496,2021-05-03,3895,City of Toronto Health Unit,0.1045,8695.0,2.79,0.8211,0.958
31497,2021-05-03,2251,City of Ottawa Health Unit,0.0524,2270.0,2.15,0.8159,0.9551
31498,2021-05-03,2237,City of Hamilton Health Unit,0.0835,1817.0,3.07,0.8718,0.9567
31499,2021-05-03,2240,Chatham-Kent Health Unit,0.0198,231.0,2.18,0.8509,0.9718
31500,2021-05-03,2227,Brant County Health Unit,0.0566,495.0,3.19,0.6197,0.9514
31501,2021-05-02,2270,York Regional Health Unit,0.0901,3376.0,2.75,0.6256,0.9403
31502,2021-05-02,2268,Windsor-Essex County Health Unit,0.0535,801.0,1.88,0.7727,0.9316
31503,2021-05-02,2266,Wellington-Dufferin-Guelph Health Unit,0.0549,721.0,2.31,0.6291,0.837
31504,2021-05-02,2265,Waterloo Health Unit,0.0584,1088.0,1.86,0.5582,0.9414
31505,2021-05-02,2263,Timiskaming Health Unit,0.0267,70.0,2.13,0.1953,0.8084
31506,2021-05-02,2262,Thunder Bay District Health Unit,0.0161,399.0,2.66,0.8777,0.961
31507,2021-05-02,2261,Sudbury and District Health Unit,0.017,623.0,3.13,0.7369,0.9208
31508,2021-05-02,4913,Southwestern Public Health,0.0291,535.0,2.53,0.772,0.959
31509,2021-05-02,2260,Simcoe Muskoka District Health Unit,0.0498,1690.0,2.82,0.6954,0.9477
31510,2021-05-02,2257,Renfrew County and District Health Unit,0.0186,238.0,2.19,0.7946,0.9651
31511,2021-05-02,2256,Porcupine Health Unit,0.03,262.0,3.14,0.2606,0.7399
31512,2021-05-02,2255,Peterborough County-City Health Unit,0.0216,331.0,2.24,0.8177,0.9675
31513,2021-05-02,2253,Peel Regional Health Unit,0.1473,4685.0,2.92,0.6936,0.953
31514,2021-05-02,35,Ontario,0.0789,40586.0,2.74,0.743,0.9452
31515,2021-05-02,2249,Northwestern Health Unit,0.0369,287.0,3.27,0.4735,0.8176
31516,2021-05-02,2247,North Bay Parry Sound District Health Unit,0.0148,212.0,1.63,0.6094,0.8677
31517,2021-05-02,2246,Niagara Regional Area Health Unit,0.0771,1408.0,2.98,0.7481,0.8807
31518,2021-05-02,2244,Middlesex-London Health Unit,0.065,1316.0,2.59,0.8421,0.9796
31519,2021-05-02,2243,"Leeds, Grenville and Lanark District Health Unit",0.0159,439.0,2.54,0.8373,0.9618
31520,2021-05-02,2242,Lambton Health Unit,0.0157,473.0,3.61,0.7028,0.9723
31521,2021-05-02,2241,"Kingston, Frontenac and Lennox and Addington Health Unit",0.0145,671.0,3.15,0.8903,0.9798
31522,2021-05-02,5183,Huron Perth Health Unit,0.0122,387.0,2.77,0.8468,0.9619
31523,2021-05-02,2238,Hastings and Prince Edward Counties Health Unit,0.0162,563.0,3.34,0.9272,0.979
31524,2021-05-02,2236,Halton Regional Health Unit,0.0835,1492.0,2.41,0.8077,0.94
31525,2021-05-02,2235,"Haliburton, Kawartha, Pine Ridge District Health Unit",0.0196,525.0,2.78,0.5896,0.9404
31526,2021-05-02,2234,Haldimand-Norfolk Health Unit,0.0418,366.0,3.21,0.5714,0.9227
31527,2021-05-02,2233,Grey Bruce Health Unit,0.0235,329.0,1.93,0.765,0.9492
31528,2021-05-02,2258,Eastern Ontario Health Unit,0.026,697.0,3.34,0.845,0.9595
31529,2021-05-02,2230,Durham Regional Health Unit,0.0974,2104.0,2.95,0.6433,0.9482
31530,2021-05-02,2226,District of Algoma Health Unit,0.007,346.0,3.02,0.5213,0.8383
31531,2021-05-02,3895,City of Toronto Health Unit,0.1063,8826.0,2.83,0.8164,0.9602
31532,2021-05-02,2251,City of Ottawa Health Unit,0.0542,2321.0,2.2,0.822,0.9577
31533,2021-05-02,2237,City of Hamilton Health Unit,0.0836,1830.0,3.09,0.8703,0.9608
31534,2021-05-02,2240,Chatham-Kent Health Unit,0.0253,232.0,2.18,0.8583,0.9752
31535,2021-05-02,2227,Brant County Health Unit,0.058,525.0,3.38,0.6207,0.9511
31536,2021-05-01,2270,York Regional Health Unit,0.0911,3403.0,2.78,0.6082,0.9415
31537,2021-05-01,2268,Windsor-Essex County Health Unit,0.0543,812.0,1.91,0.7836,0.9317
31538,2021-05-01,2266,Wellington-Dufferin-Guelph Health Unit,0.0572,730.0,2.34,0.6294,0.8304
31539,2021-05-01,2265,Waterloo Health Unit,0.0598,1084.0,1.85,0.5845,0.9299
31540,2021-05-01,2263,Timiskaming Health Unit,0.0356,72.0,2.21,0.2008,0.7992
31541,2021-05-01,2262,Thunder Bay District Health Unit,0.0136,398.0,2.65,0.9116,0.963
31542,2021-05-01,2261,Sudbury and District Health Unit,0.0169,651.0,3.27,0.7215,0.9336
31543,2021-05-01,4913,Southwestern Public Health,0.0305,533.0,2.52,0.7781,0.9606
31544,2021-05-01,2260,Simcoe Muskoka District Health Unit,0.05,1699.0,2.83,0.6778,0.9498
31545,2021-05-01,2257,Renfrew County and District Health Unit,0.0179,239.0,2.2,0.791,0.9604
31546,2021-05-01,2256,Porcupine Health Unit,0.0324,265.0,3.17,0.2607,0.7501
31547,2021-05-01,2255,Peterborough County-City Health Unit,0.0216,331.0,2.23,0.8086,0.9619
31548,2021-05-01,2253,Peel Regional Health Unit,0.1495,4633.0,2.88,0.659,0.9536
31549,2021-05-01,35,Ontario,0.0799,40781.0,2.75,0.7336,0.9457
31550,2021-05-01,2249,Northwestern Health Unit,0.0414,300.0,3.43,0.4876,0.8285
31551,2021-05-01,2247,North Bay Parry Sound District Health Unit,0.0128,213.0,1.64,0.6148,0.8593
31552,2021-05-01,2246,Niagara Regional Area Health Unit,0.0788,1441.0,3.05,0.7553,0.883
31553,2021-05-01,2244,Middlesex-London Health Unit,0.0646,1311.0,2.58,0.8375,0.9763
31554,2021-05-01,2243,"Leeds, Grenville and Lanark District Health Unit",0.0176,445.0,2.57,0.8348,0.9634
31555,2021-05-01,2242,Lambton Health Unit,0.0175,457.0,3.49,0.7038,0.9694
31556,2021-05-01,2241,"Kingston, Frontenac and Lennox and Addington Health Unit",0.0134,670.0,3.15,0.8875,0.9805
31557,2021-05-01,5183,Huron Perth Health Unit,0.0107,387.0,2.77,0.8467,0.9592
31558,2021-05-01,2238,Hastings and Prince Edward Counties Health Unit,0.0159,564.0,3.35,0.9314,0.9795
31559,2021-05-01,2236,Halton Regional Health Unit,0.0851,1513.0,2.44,0.8032,0.943
31560,2021-05-01,2235,"Haliburton, Kawartha, Pine Ridge District Health Unit",0.0195,535.0,2.83,0.5402,0.9258
31561,2021-05-01,2234,Haldimand-Norfolk Health Unit,0.0415,365.0,3.2,0.6082,0.9322
31562,2021-05-01,2233,Grey Bruce Health Unit,0.024,327.0,1.93,0.7705,0.9499
31563,2021-05-01,2258,Eastern Ontario Health Unit,0.0259,683.0,3.27,0.8094,0.9602
31564,2021-05-01,2230,Durham Regional Health Unit,0.0956,2125.0,2.98,0.6278,0.9497
31565,2021-05-01,2226,District of Algoma Health Unit,0.0075,345.0,3.01,0.5343,0.8472
31566,2021-05-01,3895,City of Toronto Health Unit,0.1085,8843.0,2.83,0.8004,0.9609
31567,2021-05-01,2251,City of Ottawa Health Unit,0.0555,2388.0,2.26,0.8199,0.9561
31568,2021-05-01,2237,City of Hamilton Health Unit,0.0846,1829.0,3.09,0.8814,0.963
31569,2021-05-01,2240,Chatham-Kent Health Unit,0.0267,236.0,2.22,0.8589,0.9749
31570,2021-05-01,2227,Brant County Health Unit,0.0592,531.0,3.42,0.6211,0.9531
31571,2021-04-30,2270,York Regional Health Unit,0.0908,3433.0,2.8,0.6052,0.9411
31572,2021-04-30,2268,Windsor-Essex County Health Unit,0.0544,830.0,1.95,0.7932,0.9405
31573,2021-04-30,2266,Wellington-Dufferin-Guelph Health Unit,0.056,724.0,2.32,0.65,0.8451
31574,2021-04-30,2265,Waterloo Health Unit,0.0582,1090.0,1.86,0.6159,0.9295
31575,2021-04-30,2263,Timiskaming Health Unit,0.0417,72.0,2.2,0.2256,0.7939
31576,2021-04-30,2262,Thunder Bay District Health Unit,0.0129,398.0,2.65,0.9034,0.9615
31577,2021-04-30,2261,Sudbury and District Health Unit,0.016,663.0,3.33,0.733,0.9407
31578,2021-04-30,4913,Southwestern Public Health,0.0308,542.0,2.56,0.7802,0.958
31579,2021-04-30,2260,Simcoe Muskoka District Health Unit,0.0494,1740.0,2.9,0.6744,0.9483
31580,2021-04-30,2257,Renfrew County and District Health Unit,0.0219,268.0,2.46,0.7981,0.9628
31581,2021-04-30,2256,Porcupine Health Unit,0.0328,270.0,3.24,0.2694,0.77
31582,2021-04-30,2255,Peterborough County-City Health Unit,0.0225,331.0,2.23,0.815,0.9669
31583,2021-04-30,2253,Peel Regional Health Unit,0.1548,4483.0,2.79,0.6552,0.9524
31584,2021-04-30,35,Ontario,0.0805,40993.0,2.76,0.7362,0.9455
31585,2021-04-30,2249,Northwestern Health Unit,0.0409,297.0,3.38,0.4733,0.8337
31586,2021-04-30,2247,North Bay Parry Sound District Health Unit,0.0126,216.0,1.66,0.631,0.8607
31587,2021-04-30,2246,Niagara Regional Area Health Unit,0.078,1470.0,3.11,0.7539,0.8832
31588,2021-04-30,2244,Middlesex-London Health Unit,0.0661,1313.0,2.59,0.8436,0.9775
31589,2021-04-30,2243,"Leeds, Grenville and Lanark District Health Unit",0.0173,454.0,2.62,0.828,0.9602
31590,2021-04-30,2242,Lambton Health Unit,0.0166,448.0,3.42,0.7029,0.9688
31591,2021-04-30,2241,"Kingston, Frontenac and Lennox and Addington Health Unit",0.014,671.0,3.16,0.8782,0.9823
31592,2021-04-30,5183,Huron Perth Health Unit,0.0103,389.0,2.78,0.8479,0.9563
31593,2021-04-30,2238,Hastings and Prince Edward Counties Health Unit,0.0173,569.0,3.37,0.9291,0.9783
31594,2021-04-30,2236,Halton Regional Health Unit,0.0862,1538.0,2.48,0.8128,0.9454
31595,2021-04-30,2235,"Haliburton, Kawartha, Pine Ridge District Health Unit",0.0208,509.0,2.69,0.5341,0.9258
31596,2021-04-30,2234,Haldimand-Norfolk Health Unit,0.0418,369.0,3.23,0.6306,0.9341
31597,2021-04-30,2233,Grey Bruce Health Unit,0.024,328.0,1.93,0.7789,0.9424
31598,2021-04-30,2258,Eastern Ontario Health Unit,0.0249,693.0,3.32,0.8076,0.9621
31599,2021-04-30,2230,Durham Regional Health Unit,0.0953,2160.0,3.03,0.6254,0.9462
31600,2021-04-30,2226,District of Algoma Health Unit,0.0078,347.0,3.03,0.5155,0.8529
31601,2021-04-30,3895,City of Toronto Health Unit,0.1092,8892.0,2.85,0.8045,0.9573
31602,2021-04-30,2251,City of Ottawa Health Unit,0.0569,2449.0,2.32,0.8233,0.9569
31603,2021-04-30,2237,City of Hamilton Health Unit,0.0864,1817.0,3.07,0.8757,0.9647
31604,2021-04-30,2240,Chatham-Kent Health Unit,0.0277,242.0,2.28,0.8644,0.9736
31605,2021-04-30,2227,Brant County Health Unit,0.0561,555.0,3.57,0.6139,0.9515
31606,2021-04-29,2270,York Regional Health Unit,0.0919,3537.0,2.89,0.6047,0.9393
31607,2021-04-29,2268,Windsor-Essex County Health Unit,0.0571,838.0,1.97,0.7951,0.9436
31608,2021-04-29,2266,Wellington-Dufferin-Guelph Health Unit,0.0594,729.0,2.34,0.6433,0.8297
31609,2021-04-29,2265,Waterloo Health Unit,0.0564,1083.0,1.85,0.5748,0.9159
31610,2021-04-29,2263,Timiskaming Health Unit,0.0462,74.0,2.27,0.3421,0.8086
31611,2021-04-29,2262,Thunder Bay District Health Unit,0.013,396.0,2.64,0.8995,0.9594
31612,2021-04-29,2261,Sudbury and District Health Unit,0.0144,694.0,3.49,0.7281,0.9435
31613,2021-04-29,4913,Southwestern Public Health,0.0339,527.0,2.49,0.7779,0.9597
31614,2021-04-29,2260,Simcoe Muskoka District Health Unit,0.0482,1792.0,2.99,0.6641,0.9461
31615,2021-04-29,2257,Renfrew County and District Health Unit,0.0193,258.0,2.38,0.7651,0.9567
31616,2021-04-29,2256,Porcupine Health Unit,0.0321,280.0,3.36,0.3148,0.7559
31617,2021-04-29,2255,Peterborough County-City Health Unit,0.0245,339.0,2.29,0.801,0.9686
31618,2021-04-29,2253,Peel Regional Health Unit,0.1605,4506.0,2.81,0.6467,0.955
31619,2021-04-29,35,Ontario,0.0812,41627.0,2.81,0.7303,0.9449
31620,2021-04-29,2249,Northwestern Health Unit,0.0336,289.0,3.3,0.4489,0.7917
31621,2021-04-29,2247,North Bay Parry Sound District Health Unit,0.0152,216.0,1.66,0.6844,0.8766
31622,2021-04-29,2246,Niagara Regional Area Health Unit,0.0811,1494.0,3.16,0.7434,0.8746
31623,2021-04-29,2244,Middlesex-London Health Unit,0.066,1329.0,2.62,0.8451,0.9759
31624,2021-04-29,2243,"Leeds, Grenville and Lanark District Health Unit",0.0177,467.0,2.7,0.8289,0.9631
31625,2021-04-29,2242,Lambton Health Unit,0.0153,448.0,3.42,0.7199,0.9755
31626,2021-04-29,2241,"Kingston, Frontenac and Lennox and Addington Health Unit",0.0128,671.0,3.16,0.8907,0.9845
31627,2021-04-29,5183,Huron Perth Health Unit,0.0116,393.0,2.81,0.8371,0.9528
31628,2021-04-29,2238,Hastings and Prince Edward Counties Health Unit,0.0195,558.0,3.31,0.9208,0.9775
31629,2021-04-29,2236,Halton Regional Health Unit,0.0872,1538.0,2.48,0.8112,0.9541
31630,2021-04-29,2235,"Haliburton, Kawartha, Pine Ridge District Health Unit",0.0248,518.0,2.74,0.5471,0.9275
31631,2021-04-29,2234,Haldimand-Norfolk Health Unit,0.0452,379.0,3.33,0.6371,0.9324
31632,2021-04-29,2233,Grey Bruce Health Unit,0.027,334.0,1.96,0.7594,0.9445
31633,2021-04-29,2258,Eastern Ontario Health Unit,0.0232,726.0,3.48,0.7644,0.953
31634,2021-04-29,2230,Durham Regional Health Unit,0.0923,2209.0,3.1,0.6165,0.9493
31635,2021-04-29,2226,District of Algoma Health Unit,0.0076,340.0,2.97,0.5166,0.8762
31636,2021-04-29,3895,City of Toronto Health Unit,0.1089,9090.0,2.91,0.7962,0.9576
31637,2021-04-29,2251,City of Ottawa Health Unit,0.0564,2511.0,2.38,0.8154,0.9557
31638,2021-04-29,2237,City of Hamilton Health Unit,0.0859,1826.0,3.08,0.8797,0.9651
31639,2021-04-29,2240,Chatham-Kent Health Unit,0.0281,244.0,2.3,0.8562,0.9706
31640,2021-04-29,2227,Brant County Health Unit,0.0574,567.0,3.65,0.6126,0.9511
31641,2021-04-28,2270,York Regional Health Unit,0.0964,3581.0,2.92,0.5934,0.9326
31642,2021-04-28,2268,Windsor-Essex County Health Unit,0.0592,833.0,1.96,0.795,0.9403
31643,2021-04-28,2266,Wellington-Dufferin-Guelph Health Unit,0.0598,738.0,2.37,0.6507,0.8266
31644,2021-04-28,2265,Waterloo Health Unit,0.0633,1069.0,1.83,0.5597,0.9086
31645,2021-04-28,2263,Timiskaming Health Unit,0.0488,73.0,2.24,0.4786,0.8578
31646,2021-04-28,2262,Thunder Bay District Health Unit,0.0158,397.0,2.65,0.9093,0.9678
31647,2021-04-28,2261,Sudbury and District Health Unit,0.0144,676.0,3.39,0.7044,0.9425
31648,2021-04-28,4913,Southwestern Public Health,0.0353,547.0,2.58,0.7724,0.9606
31649,2021-04-28,2260,Simcoe Muskoka District Health Unit,0.0503,1781.0,2.97,0.6529,0.945
31650,2021-04-28,2257,Renfrew County and District Health Unit,0.0219,242.0,2.22,0.7298,0.9648
31651,2021-04-28,2256,Porcupine Health Unit,0.0332,293.0,3.51,0.393,0.7736
31652,2021-04-28,2255,Peterborough County-City Health Unit,0.0242,331.0,2.23,0.8005,0.9728
31653,2021-04-28,2253,Peel Regional Health Unit,0.1621,4507.0,2.81,0.63,0.9424
31654,2021-04-28,35,Ontario,0.0825,41779.0,2.82,0.72,0.9418
31655,2021-04-28,2249,Northwestern Health Unit,0.0327,297.0,3.39,0.4538,0.7901
31656,2021-04-28,2247,North Bay Parry Sound District Health Unit,0.0132,227.0,1.75,0.7193,0.8964
31657,2021-04-28,2246,Niagara Regional Area Health Unit,0.0839,1529.0,3.24,0.7405,0.8739
31658,2021-04-28,2244,Middlesex-London Health Unit,0.0641,1325.0,2.61,0.8458,0.9671
31659,2021-04-28,2243,"Leeds, Grenville and Lanark District Health Unit",0.0191,479.0,2.77,0.8095,0.9688
31660,2021-04-28,2242,Lambton Health Unit,0.0145,443.0,3.38,0.7329,0.9778
31661,2021-04-28,2241,"Kingston, Frontenac and Lennox and Addington Health Unit",0.0123,675.0,3.17,0.8869,0.9843
31662,2021-04-28,5183,Huron Perth Health Unit,0.0121,391.0,2.8,0.8248,0.9479
31663,2021-04-28,2238,Hastings and Prince Edward Counties Health Unit,0.0209,533.0,3.16,0.9206,0.9804
31664,2021-04-28,2236,Halton Regional Health Unit,0.0831,1533.0,2.48,0.8089,0.9582
31665,2021-04-28,2235,"Haliburton, Kawartha, Pine Ridge District Health Unit",0.0258,527.0,2.79,0.5353,0.9314
31666,2021-04-28,2234,Haldimand-Norfolk Health Unit,0.0432,391.0,3.42,0.6635,0.937
31667,2021-04-28,2233,Grey Bruce Health Unit,0.0283,344.0,2.02,0.7236,0.9317
31668,2021-04-28,2258,Eastern Ontario Health Unit,0.025,744.0,3.56,0.7476,0.9543
31669,2021-04-28,2230,Durham Regional Health Unit,0.0913,2192.0,3.08,0.5813,0.9431
31670,2021-04-28,2226,District of Algoma Health Unit,0.0078,348.0,3.04,0.529,0.8861
31671,2021-04-28,3895,City of Toronto Health Unit,0.1121,9122.0,2.92,0.7799,0.9551
31672,2021-04-28,2251,City of Ottawa Health Unit,0.0576,2511.0,2.38,0.811,0.9557
31673,2021-04-28,2237,City of Hamilton Health Unit,0.0814,1845.0,3.12,0.8926,0.9673
31674,2021-04-28,2240,Chatham-Kent Health Unit,0.0242,247.0,2.33,0.8339,0.9712
31675,2021-04-28,2227,Brant County Health Unit,0.0545,587.0,3.78,0.6178,0.9336
31676,2021-04-27,2270,York Regional Health Unit,0.0985,3637.0,2.97,0.573,0.926
31677,2021-04-27,2268,Windsor-Essex County Health Unit,0.0593,836.0,1.97,0.7804,0.9278
31678,2021-04-27,2266,Wellington-Dufferin-Guelph Health Unit,0.0622,749.0,2.4,0.6596,0.8269
31679,2021-04-27,2265,Waterloo Health Unit,0.0638,1100.0,1.88,0.5629,0.9087
31680,2021-04-27,2263,Timiskaming Health Unit,0.0539,72.0,2.19,0.5842,0.8687
31681,2021-04-27,2262,Thunder Bay District Health Unit,0.017,411.0,2.74,0.9009,0.9652
31682,2021-04-27,2261,Sudbury and District Health Unit,0.0136,675.0,3.39,0.7084,0.9582
31683,2021-04-27,4913,Southwestern Public Health,0.0328,567.0,2.68,0.779,0.9618
31684,2021-04-27,2260,Simcoe Muskoka District Health Unit,0.0493,1809.0,3.02,0.6579,0.9417
31685,2021-04-27,2257,Renfrew County and District Health Unit,0.0208,240.0,2.21,0.7474,0.9638
31686,2021-04-27,2256,Porcupine Health Unit,0.0313,292.0,3.5,0.4816,0.7898
31687,2021-04-27,2255,Peterborough County-City Health Unit,0.0246,337.0,2.28,0.793,0.9739
31688,2021-04-27,2253,Peel Regional Health Unit,0.1637,4498.0,2.8,0.634,0.9397
31689,2021-04-27,35,Ontario,0.0837,42061.0,2.84,0.7186,0.9405
31690,2021-04-27,2249,Northwestern Health Unit,0.0345,294.0,3.35,0.4548,0.7914
31691,2021-04-27,2247,North Bay Parry Sound District Health Unit,0.0142,221.0,1.71,0.7067,0.8832
31692,2021-04-27,2246,Niagara Regional Area Health Unit,0.0891,1574.0,3.33,0.7519,0.8766
31693,2021-04-27,2244,Middlesex-London Health Unit,0.0666,1345.0,2.65,0.8408,0.9667
31694,2021-04-27,2243,"Leeds, Grenville and Lanark District Health Unit",0.0203,485.0,2.8,0.8176,0.9696
31695,2021-04-27,2242,Lambton Health Unit,0.0163,455.0,3.48,0.7378,0.9773
31696,2021-04-27,2241,"Kingston, Frontenac and Lennox and Addington Health Unit",0.0116,680.0,3.19,0.887,0.9839
31697,2021-04-27,5183,Huron Perth Health Unit,0.0122,398.0,2.85,0.8032,0.9493
31698,2021-04-27,2238,Hastings and Prince Edward Counties Health Unit,0.0191,510.0,3.03,0.9211,0.9792
31699,2021-04-27,2236,Halton Regional Health Unit,0.0838,1554.0,2.51,0.7894,0.9558
31700,2021-04-27,2235,"Haliburton, Kawartha, Pine Ridge District Health Unit",0.0261,508.0,2.69,0.5335,0.9366
31701,2021-04-27,2234,Haldimand-Norfolk Health Unit,0.0452,398.0,3.49,0.6634,0.9447
31702,2021-04-27,2233,Grey Bruce Health Unit,0.0288,357.0,2.1,0.7266,0.9302
31703,2021-04-27,2258,Eastern Ontario Health Unit,0.0265,777.0,3.72,0.7369,0.9549
31704,2021-04-27,2230,Durham Regional Health Unit,0.0923,2194.0,3.08,0.5791,0.9415
31705,2021-04-27,2226,District of Algoma Health Unit,0.0075,345.0,3.02,0.5644,0.8753
31706,2021-04-27,3895,City of Toronto Health Unit,0.1137,9099.0,2.92,0.7765,0.9543
31707,2021-04-27,2251,City of Ottawa Health Unit,0.062,2506.0,2.38,0.8121,0.9549
31708,2021-04-27,2237,City of Hamilton Health Unit,0.0809,1843.0,3.11,0.8819,0.969
31709,2021-04-27,2240,Chatham-Kent Health Unit,0.0246,262.0,2.46,0.83,0.969
31710,2021-04-27,2227,Brant County Health Unit,0.0572,604.0,3.89,0.6423,0.9348
31711,2021-04-26,2270,York Regional Health Unit,0.1035,3644.0,2.97,0.5594,0.922
31712,2021-04-26,2268,Windsor-Essex County Health Unit,0.0627,833.0,1.96,0.7803,0.926
31713,2021-04-26,2266,Wellington-Dufferin-Guelph Health Unit,0.0628,766.0,2.46,0.6568,0.8315
31714,2021-04-26,2265,Waterloo Health Unit,0.0653,1138.0,1.95,0.5408,0.8994
31715,2021-04-26,2263,Timiskaming Health Unit,0.0534,75.0,2.29,0.6208,0.8714
31716,2021-04-26,2262,Thunder Bay District Health Unit,0.0178,417.0,2.78,0.8898,0.9594
31717,2021-04-26,2261,Sudbury and District Health Unit,0.0139,657.0,3.3,0.704,0.9595
31718,2021-04-26,4913,Southwestern Public Health,0.0339,578.0,2.73,0.7711,0.9595
31719,2021-04-26,2260,Simcoe Muskoka District Health Unit,0.0483,1846.0,3.08,0.6695,0.9422
31720,2021-04-26,2257,Renfrew County and District Health Unit,0.0199,266.0,2.44,0.7546,0.9635
31721,2021-04-26,2256,Porcupine Health Unit,0.034,298.0,3.57,0.4973,0.7837
31722,2021-04-26,2255,Peterborough County-City Health Unit,0.0238,348.0,2.35,0.7898,0.9725
31723,2021-04-26,2253,Peel Regional Health Unit,0.1667,4496.0,2.8,0.6265,0.941
31724,2021-04-26,35,Ontario,0.0856,42432.0,2.86,0.7182,0.9396
31725,2021-04-26,2249,Northwestern Health Unit,0.0349,291.0,3.32,0.4399,0.7592
31726,2021-04-26,2247,North Bay Parry Sound District Health Unit,0.0133,215.0,1.65,0.706,0.8845
31727,2021-04-26,2246,Niagara Regional Area Health Unit,0.0926,1632.0,3.45,0.7565,0.8719
31728,2021-04-26,2244,Middlesex-London Health Unit,0.0676,1331.0,2.62,0.8357,0.9632
31729,2021-04-26,2243,"Leeds, Grenville and Lanark District Health Unit",0.0194,507.0,2.93,0.8231,0.9719
31730,2021-04-26,2242,Lambton Health Unit,0.0185,457.0,3.49,0.7262,0.9626
31731,2021-04-26,2241,"Kingston, Frontenac and Lennox and Addington Health Unit",0.0114,666.0,3.13,0.8869,0.9845
31732,2021-04-26,5183,Huron Perth Health Unit,0.0112,395.0,2.82,0.8069,0.9487
31733,2021-04-26,2238,Hastings and Prince Edward Counties Health Unit,0.0191,516.0,3.06,0.9164,0.981
31734,2021-04-26,2236,Halton Regional Health Unit,0.0862,1548.0,2.5,0.7778,0.9564
31735,2021-04-26,2235,"Haliburton, Kawartha, Pine Ridge District Health Unit",0.0249,511.0,2.7,0.5404,0.9382
31736,2021-04-26,2234,Haldimand-Norfolk Health Unit,0.0451,399.0,3.5,0.6529,0.9361
31737,2021-04-26,2233,Grey Bruce Health Unit,0.0316,375.0,2.21,0.7383,0.9333
31738,2021-04-26,2258,Eastern Ontario Health Unit,0.0287,767.0,3.68,0.7419,0.9566
31739,2021-04-26,2230,Durham Regional Health Unit,0.092,2251.0,3.16,0.5825,0.9447
31740,2021-04-26,2226,District of Algoma Health Unit,0.0079,344.0,3.0,0.6023,0.8873
31741,2021-04-26,3895,City of Toronto Health Unit,0.1176,9129.0,2.93,0.7853,0.9536
31742,2021-04-26,2251,City of Ottawa Health Unit,0.0631,2561.0,2.43,0.8222,0.9573
31743,2021-04-26,2237,City of Hamilton Health Unit,0.0807,1856.0,3.13,0.8819,0.9714
31744,2021-04-26,2240,Chatham-Kent Health Unit,0.0249,264.0,2.48,0.823,0.9657
31745,2021-04-26,2227,Brant County Health Unit,0.0548,618.0,3.98,0.6488,0.946
31746,2021-04-25,2270,York Regional Health Unit,0.1038,3695.0,3.01,0.5503,0.9202
31747,2021-04-25,2268,Windsor-Essex County Health Unit,0.0636,838.0,1.97,0.7721,0.922
31748,2021-04-25,2266,Wellington-Dufferin-Guelph Health Unit,0.0636,779.0,2.5,0.6297,0.8071
31749,2021-04-25,2265,Waterloo Health Unit,0.0662,1153.0,1.97,0.4899,0.8627
31750,2021-04-25,2263,Timiskaming Health Unit,0.0581,69.0,2.11,0.6822,0.9584
31751,2021-04-25,2262,Thunder Bay District Health Unit,0.0208,399.0,2.66,0.8824,0.9555
31752,2021-04-25,2261,Sudbury and District Health Unit,0.0163,656.0,3.29,0.7091,0.9611
31753,2021-04-25,4913,Southwestern Public Health,0.0354,573.0,2.71,0.767,0.9571
31754,2021-04-25,2260,Simcoe Muskoka District Health Unit,0.0476,1859.0,3.1,0.6708,0.9301
31755,2021-04-25,2257,Renfrew County and District Health Unit,0.0173,255.0,2.35,0.7538,0.9631
31756,2021-04-25,2256,Porcupine Health Unit,0.0334,299.0,3.58,0.518,0.8254
31757,2021-04-25,2255,Peterborough County-City Health Unit,0.0229,349.0,2.36,0.7348,0.9694
31758,2021-04-25,2253,Peel Regional Health Unit,0.1663,4477.0,2.79,0.6254,0.9354
31759,2021-04-25,35,Ontario,0.0864,42838.0,2.89,0.713,0.936
31760,2021-04-25,2249,Northwestern Health Unit,0.0348,288.0,3.28,0.4432,0.7837
31761,2021-04-25,2247,North Bay Parry Sound District Health Unit,0.0136,210.0,1.62,0.693,0.8795
31762,2021-04-25,2246,Niagara Regional Area Health Unit,0.0962,1681.0,3.56,0.7604,0.8783
31763,2021-04-25,2244,Middlesex-London Health Unit,0.0666,1330.0,2.62,0.8327,0.9591
31764,2021-04-25,2243,"Leeds, Grenville and Lanark District Health Unit",0.0192,513.0,2.96,0.814,0.97
31765,2021-04-25,2242,Lambton Health Unit,0.0202,460.0,3.51,0.7209,0.9599
31766,2021-04-25,2241,"Kingston, Frontenac and Lennox and Addington Health Unit",0.0107,679.0,3.19,0.8887,0.9827
31767,2021-04-25,5183,Huron Perth Health Unit,0.0101,409.0,2.93,0.795,0.9396
31768,2021-04-25,2238,Hastings and Prince Edward Counties Health Unit,0.0195,512.0,3.04,0.9159,0.9794
31769,2021-04-25,2236,Halton Regional Health Unit,0.0854,1566.0,2.53,0.7531,0.9521
31770,2021-04-25,2235,"Haliburton, Kawartha, Pine Ridge District Health Unit",0.0245,524.0,2.77,0.5257,0.9362
31771,2021-04-25,2234,Haldimand-Norfolk Health Unit,0.0542,406.0,3.56,0.6601,0.9335
31772,2021-04-25,2233,Grey Bruce Health Unit,0.0301,399.0,2.35,0.7077,0.9265
31773,2021-04-25,2258,Eastern Ontario Health Unit,0.0333,785.0,3.76,0.7573,0.9622
31774,2021-04-25,2230,Durham Regional Health Unit,0.0918,2230.0,3.13,0.5699,0.9426
31775,2021-04-25,2226,District of Algoma Health Unit,0.0087,344.0,3.01,0.6096,0.8882
31776,2021-04-25,3895,City of Toronto Health Unit,0.1196,9246.0,2.96,0.7826,0.9498
31777,2021-04-25,2251,City of Ottawa Health Unit,0.0633,2621.0,2.48,0.8185,0.9581
31778,2021-04-25,2237,City of Hamilton Health Unit,0.083,1891.0,3.19,0.8868,0.9697
31779,2021-04-25,2240,Chatham-Kent Health Unit,0.0186,269.0,2.53,0.8156,0.9629
31780,2021-04-25,2227,Brant County Health Unit,0.0601,634.0,4.09,0.6617,0.9455
31781,2021-04-24,2270,York Regional Health Unit,0.1033,3749.0,3.06,0.5361,0.9174
31782,2021-04-24,2268,Windsor-Essex County Health Unit,0.0646,834.0,1.96,0.7605,0.9235
31783,2021-04-24,2266,Wellington-Dufferin-Guelph Health Unit,0.061,798.0,2.56,0.6396,0.8377
31784,2021-04-24,2265,Waterloo Health Unit,0.0674,1171.0,2.0,0.468,0.8731
31785,2021-04-24,2263,Timiskaming Health Unit,0.0499,66.0,2.01,0.6393,0.9475
31786,2021-04-24,2262,Thunder Bay District Health Unit,0.0225,406.0,2.71,0.8745,0.9579
31787,2021-04-24,2261,Sudbury and District Health Unit,0.017,640.0,3.22,0.7031,0.9644
31788,2021-04-24,4913,Southwestern Public Health,0.0344,585.0,2.77,0.7628,0.9581
31789,2021-04-24,2260,Simcoe Muskoka District Health Unit,0.0491,1871.0,3.12,0.6518,0.9317
31790,2021-04-24,2257,Renfrew County and District Health Unit,0.0174,254.0,2.34,0.7705,0.9675
31791,2021-04-24,2256,Porcupine Health Unit,0.0314,296.0,3.55,0.48,0.8006
31792,2021-04-24,2255,Peterborough County-City Health Unit,0.023,348.0,2.35,0.7325,0.9694
31793,2021-04-24,2253,Peel Regional Health Unit,0.1709,4516.0,2.81,0.6305,0.9357
31794,2021-04-24,35,Ontario,0.0869,43300.0,2.92,0.7052,0.9371
31795,2021-04-24,2249,Northwestern Health Unit,0.0312,279.0,3.18,0.433,0.7539
31796,2021-04-24,2247,North Bay Parry Sound District Health Unit,0.0116,210.0,1.62,0.6902,0.8878
31797,2021-04-24,2246,Niagara Regional Area Health Unit,0.0959,1688.0,3.57,0.7483,0.8794
31798,2021-04-24,2244,Middlesex-London Health Unit,0.0655,1345.0,2.65,0.8376,0.9649
31799,2021-04-24,2243,"Leeds, Grenville and Lanark District Health Unit",0.0188,518.0,2.99,0.8158,0.9712
31800,2021-04-24,2242,Lambton Health Unit,0.02,457.0,3.49,0.7178,0.9615
31801,2021-04-24,2241,"Kingston, Frontenac and Lennox and Addington Health Unit",0.01,698.0,3.28,0.8933,0.9835
31802,2021-04-24,5183,Huron Perth Health Unit,0.0105,407.0,2.92,0.8006,0.9441
31803,2021-04-24,2238,Hastings and Prince Edward Counties Health Unit,0.0197,523.0,3.1,0.9099,0.9787
31804,2021-04-24,2236,Halton Regional Health Unit,0.0835,1583.0,2.56,0.7278,0.9519
31805,2021-04-24,2235,"Haliburton, Kawartha, Pine Ridge District Health Unit",0.0268,518.0,2.74,0.5184,0.93
31806,2021-04-24,2234,Haldimand-Norfolk Health Unit,0.0534,415.0,3.64,0.6475,0.9356
31807,2021-04-24,2233,Grey Bruce Health Unit,0.0285,401.0,2.36,0.7128,0.932
31808,2021-04-24,2258,Eastern Ontario Health Unit,0.0344,789.0,3.78,0.7702,0.9638
31809,2021-04-24,2230,Durham Regional Health Unit,0.0917,2238.0,3.14,0.5367,0.9413
31810,2021-04-24,2226,District of Algoma Health Unit,0.0073,353.0,3.08,0.6131,0.8944
31811,2021-04-24,3895,City of Toronto Health Unit,0.1191,9362.0,3.0,0.7749,0.9489
31812,2021-04-24,2251,City of Ottawa Health Unit,0.064,2660.0,2.52,0.8132,0.9625
31813,2021-04-24,2237,City of Hamilton Health Unit,0.0853,1963.0,3.32,0.8863,0.9722
31814,2021-04-24,2240,Chatham-Kent Health Unit,0.0155,267.0,2.51,0.812,0.9605
31815,2021-04-24,2227,Brant County Health Unit,0.0608,651.0,4.19,0.6415,0.9451
31816,2021-04-23,2270,York Regional Health Unit,0.1031,3818.0,3.11,0.5278,0.9186
31817,2021-04-23,2268,Windsor-Essex County Health Unit,0.0636,818.0,1.92,0.7284,0.9122
31818,2021-04-23,2266,Wellington-Dufferin-Guelph Health Unit,0.0627,825.0,2.64,0.6242,0.8199
31819,2021-04-23,2265,Waterloo Health Unit,0.0696,1211.0,2.07,0.4262,0.8703
31820,2021-04-23,2263,Timiskaming Health Unit,0.0478,66.0,2.01,0.6364,0.9409
31821,2021-04-23,2262,Thunder Bay District Health Unit,0.022,402.0,2.68,0.8805,0.9603
31822,2021-04-23,2261,Sudbury and District Health Unit,0.0196,633.0,3.18,0.6778,0.9393
31823,2021-04-23,4913,Southwestern Public Health,0.0318,611.0,2.89,0.764,0.9561
31824,2021-04-23,2260,Simcoe Muskoka District Health Unit,0.0501,1869.0,3.12,0.6238,0.9334
31825,2021-04-23,2257,Renfrew County and District Health Unit,0.0166,250.0,2.3,0.7858,0.9705
31826,2021-04-23,2256,Porcupine Health Unit,0.0319,300.0,3.59,0.4826,0.8003
31827,2021-04-23,2255,Peterborough County-City Health Unit,0.0219,372.0,2.51,0.7335,0.971
31828,2021-04-23,2253,Peel Regional Health Unit,0.1724,4540.0,2.83,0.6209,0.9335
31829,2021-04-23,35,Ontario,0.0873,43717.0,2.95,0.6917,0.9351
31830,2021-04-23,2249,Northwestern Health Unit,0.0301,280.0,3.19,0.4259,0.7627
31831,2021-04-23,2247,North Bay Parry Sound District Health Unit,0.0135,212.0,1.63,0.7064,0.888
31832,2021-04-23,2246,Niagara Regional Area Health Unit,0.0957,1695.0,3.59,0.731,0.8743
31833,2021-04-23,2244,Middlesex-London Health Unit,0.0637,1370.0,2.7,0.8251,0.9589
31834,2021-04-23,2243,"Leeds, Grenville and Lanark District Health Unit",0.02,528.0,3.05,0.8289,0.9725
31835,2021-04-23,2242,Lambton Health Unit,0.0207,462.0,3.53,0.7143,0.9605
31836,2021-04-23,2241,"Kingston, Frontenac and Lennox and Addington Health Unit",0.0091,722.0,3.39,0.8944,0.9755
31837,2021-04-23,5183,Huron Perth Health Unit,0.0104,410.0,2.93,0.8004,0.9461
31838,2021-04-23,2238,Hastings and Prince Edward Counties Health Unit,0.0185,531.0,3.15,0.909,0.9765
31839,2021-04-23,2236,Halton Regional Health Unit,0.0834,1608.0,2.6,0.7001,0.951
31840,2021-04-23,2235,"Haliburton, Kawartha, Pine Ridge District Health Unit",0.0276,533.0,2.82,0.5219,0.9248
31841,2021-04-23,2234,Haldimand-Norfolk Health Unit,0.0534,415.0,3.64,0.6042,0.9222
31842,2021-04-23,2233,Grey Bruce Health Unit,0.0307,424.0,2.5,0.7455,0.9437
31843,2021-04-23,2258,Eastern Ontario Health Unit,0.0359,804.0,3.85,0.773,0.9651
31844,2021-04-23,2230,Durham Regional Health Unit,0.0941,2203.0,3.09,0.516,0.9447
31845,2021-04-23,2226,District of Algoma Health Unit,0.0081,354.0,3.09,0.6266,0.9015
31846,2021-04-23,3895,City of Toronto Health Unit,0.1195,9416.0,3.02,0.7524,0.9472
31847,2021-04-23,2251,City of Ottawa Health Unit,0.0647,2709.0,2.57,0.8129,0.9647
31848,2021-04-23,2237,City of Hamilton Health Unit,0.0859,1977.0,3.34,0.8643,0.9601
31849,2021-04-23,2240,Chatham-Kent Health Unit,0.0158,271.0,2.55,0.8136,0.9594
31850,2021-04-23,2227,Brant County Health Unit,0.063,630.0,4.06,0.6293,0.9427
31851,2021-04-22,2270,York Regional Health Unit,0.105,3956.0,3.23,0.5048,0.9151
31852,2021-04-22,2268,Windsor-Essex County Health Unit,0.0623,819.0,1.93,0.7001,0.8881
31853,2021-04-22,2266,Wellington-Dufferin-Guelph Health Unit,0.0627,838.0,2.69,0.6167,0.8138
31854,2021-04-22,2265,Waterloo Health Unit,0.0666,1244.0,2.13,0.444,0.8714
31855,2021-04-22,2263,Timiskaming Health Unit,0.0391,62.0,1.9,0.4685,0.7587
31856,2021-04-22,2262,Thunder Bay District Health Unit,0.0211,413.0,2.75,0.8833,0.9576
31857,2021-04-22,2261,Sudbury and District Health Unit,0.0216,628.0,3.16,0.689,0.9399
31858,2021-04-22,4913,Southwestern Public Health,0.0315,652.0,3.08,0.7588,0.9541
31859,2021-04-22,2260,Simcoe Muskoka District Health Unit,0.0496,1914.0,3.19,0.6072,0.9313
31860,2021-04-22,2257,Renfrew County and District Health Unit,0.0152,264.0,2.43,0.7809,0.9796
31861,2021-04-22,2256,Porcupine Health Unit,0.0343,304.0,3.65,0.4728,0.7634
31862,2021-04-22,2255,Peterborough County-City Health Unit,0.0231,377.0,2.55,0.7423,0.9599
31863,2021-04-22,2253,Peel Regional Health Unit,0.1728,4453.0,2.77,0.6259,0.9316
31864,2021-04-22,35,Ontario,0.0876,44403.0,2.99,0.6863,0.9323
31865,2021-04-22,2249,Northwestern Health Unit,0.0354,287.0,3.27,0.4273,0.7575
31866,2021-04-22,2247,North Bay Parry Sound District Health Unit,0.0138,218.0,1.68,0.7187,0.8781
31867,2021-04-22,2246,Niagara Regional Area Health Unit,0.1003,1689.0,3.58,0.7452,0.8853
31868,2021-04-22,2244,Middlesex-London Health Unit,0.0607,1409.0,2.78,0.8202,0.9534
31869,2021-04-22,2243,"Leeds, Grenville and Lanark District Health Unit",0.0217,546.0,3.15,0.8394,0.9722
31870,2021-04-22,2242,Lambton Health Unit,0.0212,465.0,3.55,0.7009,0.9489
31871,2021-04-22,2241,"Kingston, Frontenac and Lennox and Addington Health Unit",0.0111,724.0,3.4,0.878,0.9646
31872,2021-04-22,5183,Huron Perth Health Unit,0.0099,417.0,2.98,0.7922,0.9339
31873,2021-04-22,2238,Hastings and Prince Edward Counties Health Unit,0.0178,546.0,3.24,0.9127,0.9745
31874,2021-04-22,2236,Halton Regional Health Unit,0.0826,1641.0,2.65,0.6861,0.9458
31875,2021-04-22,2235,"Haliburton, Kawartha, Pine Ridge District Health Unit",0.027,550.0,2.91,0.5041,0.9177
31876,2021-04-22,2234,Haldimand-Norfolk Health Unit,0.051,423.0,3.71,0.6023,0.9215
31877,2021-04-22,2233,Grey Bruce Health Unit,0.0287,457.0,2.69,0.7646,0.9436
31878,2021-04-22,2258,Eastern Ontario Health Unit,0.0378,814.0,3.9,0.8074,0.9765
31879,2021-04-22,2230,Durham Regional Health Unit,0.0961,2229.0,3.13,0.5086,0.9409
31880,2021-04-22,2226,District of Algoma Health Unit,0.0082,367.0,3.2,0.6422,0.9112
31881,2021-04-22,3895,City of Toronto Health Unit,0.1213,9500.0,3.04,0.737,0.9442
31882,2021-04-22,2251,City of Ottawa Health Unit,0.065,2820.0,2.67,0.8214,0.9654
31883,2021-04-22,2237,City of Hamilton Health Unit,0.0865,1988.0,3.36,0.8606,0.96
31884,2021-04-22,2240,Chatham-Kent Health Unit,0.0196,278.0,2.61,0.8129,0.9468
31885,2021-04-22,2227,Brant County Health Unit,0.0624,644.0,4.15,0.6371,0.9431
31886,2021-04-21,2270,York Regional Health Unit,0.1042,4022.0,3.28,0.4994,0.9173
31887,2021-04-21,2268,Windsor-Essex County Health Unit,0.0638,840.0,1.98,0.6965,0.8854
31888,2021-04-21,2266,Wellington-Dufferin-Guelph Health Unit,0.0642,841.0,2.7,0.5657,0.7928
31889,2021-04-21,2265,Waterloo Health Unit,0.0645,1282.0,2.19,0.4627,0.8765
31890,2021-04-21,2263,Timiskaming Health Unit,0.0375,61.0,1.87,0.4266,0.6841
31891,2021-04-21,2262,Thunder Bay District Health Unit,0.0191,420.0,2.8,0.8729,0.9527
31892,2021-04-21,2261,Sudbury and District Health Unit,0.023,651.0,3.27,0.683,0.9394
31893,2021-04-21,4913,Southwestern Public Health,0.0294,669.0,3.17,0.7789,0.9675
31894,2021-04-21,2260,Simcoe Muskoka District Health Unit,0.0472,1947.0,3.25,0.5632,0.9211
31895,2021-04-21,2257,Renfrew County and District Health Unit,0.0142,262.0,2.41,0.7887,0.9748
31896,2021-04-21,2256,Porcupine Health Unit,0.0379,301.0,3.61,0.4284,0.727
31897,2021-04-21,2255,Peterborough County-City Health Unit,0.0217,389.0,2.63,0.7544,0.964
31898,2021-04-21,2253,Peel Regional Health Unit,0.1722,4462.0,2.78,0.646,0.9373
31899,2021-04-21,35,Ontario,0.0871,45204.0,3.05,0.6843,0.9323
31900,2021-04-21,2249,Northwestern Health Unit,0.0341,293.0,3.34,0.405,0.7322
31901,2021-04-21,2247,North Bay Parry Sound District Health Unit,0.0138,217.0,1.67,0.7062,0.8594
31902,2021-04-21,2246,Niagara Regional Area Health Unit,0.1011,1679.0,3.55,0.7551,0.8953
31903,2021-04-21,2244,Middlesex-London Health Unit,0.0623,1482.0,2.92,0.8276,0.9569
31904,2021-04-21,2243,"Leeds, Grenville and Lanark District Health Unit",0.0232,555.0,3.21,0.8542,0.9726
31905,2021-04-21,2242,Lambton Health Unit,0.0205,481.0,3.67,0.7136,0.9417
31906,2021-04-21,2241,"Kingston, Frontenac and Lennox and Addington Health Unit",0.0116,725.0,3.41,0.8773,0.9588
31907,2021-04-21,5183,Huron Perth Health Unit,0.01,428.0,3.06,0.8044,0.9384
31908,2021-04-21,2238,Hastings and Prince Edward Counties Health Unit,0.0181,553.0,3.28,0.9075,0.9672
31909,2021-04-21,2236,Halton Regional Health Unit,0.0866,1668.0,2.69,0.6756,0.9469
31910,2021-04-21,2235,"Haliburton, Kawartha, Pine Ridge District Health Unit",0.0297,553.0,2.93,0.5012,0.9173
31911,2021-04-21,2234,Haldimand-Norfolk Health Unit,0.0507,425.0,3.73,0.5816,0.9047
31912,2021-04-21,2233,Grey Bruce Health Unit,0.0307,475.0,2.79,0.7927,0.9563
31913,2021-04-21,2258,Eastern Ontario Health Unit,0.0375,845.0,4.05,0.8095,0.9779
31914,2021-04-21,2230,Durham Regional Health Unit,0.0978,2268.0,3.18,0.5244,0.942
31915,2021-04-21,2226,District of Algoma Health Unit,0.0085,369.0,3.22,0.6249,0.8943
31916,2021-04-21,3895,City of Toronto Health Unit,0.1191,9680.0,3.1,0.7285,0.9458
31917,2021-04-21,2251,City of Ottawa Health Unit,0.0665,2927.0,2.78,0.8242,0.9693
31918,2021-04-21,2237,City of Hamilton Health Unit,0.087,2016.0,3.4,0.852,0.9576
31919,2021-04-21,2240,Chatham-Kent Health Unit,0.0206,278.0,2.61,0.8321,0.9486
31920,2021-04-21,2227,Brant County Health Unit,0.0619,660.0,4.25,0.6296,0.9424
31921,2021-04-20,2270,York Regional Health Unit,0.1052,4116.0,3.36,0.4978,0.9185
31922,2021-04-20,2268,Windsor-Essex County Health Unit,0.0633,815.0,1.92,0.6861,0.8863
31923,2021-04-20,2266,Wellington-Dufferin-Guelph Health Unit,0.0652,858.0,2.75,0.5426,0.7844
31924,2021-04-20,2265,Waterloo Health Unit,0.0637,1291.0,2.21,0.4542,0.8405
31925,2021-04-20,2263,Timiskaming Health Unit,0.0314,68.0,2.08,0.3622,0.617
31926,2021-04-20,2262,Thunder Bay District Health Unit,0.017,421.0,2.81,0.8673,0.9534
31927,2021-04-20,2261,Sudbury and District Health Unit,0.0243,676.0,3.4,0.6761,0.9449
31928,2021-04-20,4913,Southwestern Public Health,0.0314,700.0,3.31,0.7753,0.9667
31929,2021-04-20,2260,Simcoe Muskoka District Health Unit,0.0474,1980.0,3.3,0.5208,0.9283
31930,2021-04-20,2257,Renfrew County and District Health Unit,0.0169,279.0,2.57,0.8042,0.9793
31931,2021-04-20,2256,Porcupine Health Unit,0.0433,297.0,3.56,0.375,0.6898
31932,2021-04-20,2255,Peterborough County-City Health Unit,0.0251,393.0,2.66,0.7576,0.9644
31933,2021-04-20,2253,Peel Regional Health Unit,0.1721,4515.0,2.81,0.6524,0.9407
31934,2021-04-20,35,Ontario,0.0871,45939.0,3.1,0.6755,0.933
31935,2021-04-20,2249,Northwestern Health Unit,0.033,299.0,3.41,0.4518,0.7369
31936,2021-04-20,2247,North Bay Parry Sound District Health Unit,0.0123,210.0,1.62,0.6936,0.8521
31937,2021-04-20,2246,Niagara Regional Area Health Unit,0.0994,1651.0,3.49,0.7361,0.8923
31938,2021-04-20,2244,Middlesex-London Health Unit,0.0607,1506.0,2.97,0.8227,0.9572
31939,2021-04-20,2243,"Leeds, Grenville and Lanark District Health Unit",0.0231,569.0,3.28,0.8435,0.9726
31940,2021-04-20,2242,Lambton Health Unit,0.0196,474.0,3.62,0.6589,0.9471
31941,2021-04-20,2241,"Kingston, Frontenac and Lennox and Addington Health Unit",0.0121,717.0,3.37,0.8871,0.9607
31942,2021-04-20,5183,Huron Perth Health Unit,0.0114,427.0,3.06,0.7926,0.9376
31943,2021-04-20,2238,Hastings and Prince Edward Counties Health Unit,0.0194,568.0,3.37,0.9147,0.97
31944,2021-04-20,2236,Halton Regional Health Unit,0.085,1697.0,2.74,0.6669,0.941
31945,2021-04-20,2235,"Haliburton, Kawartha, Pine Ridge District Health Unit",0.0317,577.0,3.05,0.4913,0.9203
31946,2021-04-20,2234,Haldimand-Norfolk Health Unit,0.0522,416.0,3.65,0.5737,0.9059
31947,2021-04-20,2233,Grey Bruce Health Unit,0.0334,487.0,2.87,0.7617,0.9594
31948,2021-04-20,2258,Eastern Ontario Health Unit,0.0403,855.0,4.1,0.7911,0.9796
31949,2021-04-20,2230,Durham Regional Health Unit,0.1003,2291.0,3.22,0.5266,0.9459
31950,2021-04-20,2226,District of Algoma Health Unit,0.0105,381.0,3.33,0.6118,0.9053
31951,2021-04-20,3895,City of Toronto Health Unit,0.1181,9888.0,3.17,0.7123,0.948
31952,2021-04-20,2251,City of Ottawa Health Unit,0.0643,3080.0,2.92,0.8201,0.9729
31953,2021-04-20,2237,City of Hamilton Health Unit,0.0888,2007.0,3.39,0.8429,0.9544
31954,2021-04-20,2240,Chatham-Kent Health Unit,0.0207,276.0,2.59,0.8229,0.9525
31955,2021-04-20,2227,Brant County Health Unit,0.0611,669.0,4.31,0.6217,0.9408
31956,2021-04-19,2270,York Regional Health Unit,0.1068,4166.0,3.4,0.5087,0.9182
31957,2021-04-19,2268,Windsor-Essex County Health Unit,0.066,786.0,1.85,0.6642,0.8737
31958,2021-04-19,2266,Wellington-Dufferin-Guelph Health Unit,0.0626,907.0,2.91,0.5391,0.7839
31959,2021-04-19,2265,Waterloo Health Unit,0.0594,1296.0,2.22,0.4607,0.8411
31960,2021-04-19,2263,Timiskaming Health Unit,0.0275,73.0,2.22,0.3422,0.606
31961,2021-04-19,2262,Thunder Bay District Health Unit,0.0158,416.0,2.78,0.8772,0.9568
31962,2021-04-19,2261,Sudbury and District Health Unit,0.0238,708.0,3.56,0.6652,0.9448
31963,2021-04-19,4913,Southwestern Public Health,0.0306,728.0,3.44,0.7779,0.9683
31964,2021-04-19,2260,Simcoe Muskoka District Health Unit,0.0496,2040.0,3.4,0.4856,0.9232
31965,2021-04-19,2257,Renfrew County and District Health Unit,0.0164,261.0,2.4,0.7946,0.9789
31966,2021-04-19,2256,Porcupine Health Unit,0.0424,293.0,3.51,0.3135,0.6433
31967,2021-04-19,2255,Peterborough County-City Health Unit,0.0287,389.0,2.63,0.7467,0.9606
31968,2021-04-19,2253,Peel Regional Health Unit,0.1674,4572.0,2.85,0.6503,0.9372
31969,2021-04-19,35,Ontario,0.0862,46752.0,3.15,0.6645,0.9288
31970,2021-04-19,2249,Northwestern Health Unit,0.0326,298.0,3.4,0.4794,0.7658
31971,2021-04-19,2247,North Bay Parry Sound District Health Unit,0.0122,212.0,1.63,0.6877,0.8432
31972,2021-04-19,2246,Niagara Regional Area Health Unit,0.0972,1624.0,3.44,0.7272,0.8849
31973,2021-04-19,2244,Middlesex-London Health Unit,0.0616,1548.0,3.05,0.8238,0.9544
31974,2021-04-19,2243,"Leeds, Grenville and Lanark District Health Unit",0.0236,563.0,3.25,0.8446,0.9706
31975,2021-04-19,2242,Lambton Health Unit,0.0166,491.0,3.75,0.634,0.9551
31976,2021-04-19,2241,"Kingston, Frontenac and Lennox and Addington Health Unit",0.0122,736.0,3.46,0.8887,0.9602
31977,2021-04-19,5183,Huron Perth Health Unit,0.0128,445.0,3.19,0.7805,0.9332
31978,2021-04-19,2238,Hastings and Prince Edward Counties Health Unit,0.0181,600.0,3.56,0.9206,0.9688
31979,2021-04-19,2236,Halton Regional Health Unit,0.0844,1757.0,2.84,0.659,0.9373
31980,2021-04-19,2235,"Haliburton, Kawartha, Pine Ridge District Health Unit",0.0324,596.0,3.15,0.442,0.8668
31981,2021-04-19,2234,Haldimand-Norfolk Health Unit,0.0586,414.0,3.63,0.5806,0.923
31982,2021-04-19,2233,Grey Bruce Health Unit,0.0355,495.0,2.91,0.746,0.9569
31983,2021-04-19,2258,Eastern Ontario Health Unit,0.0397,889.0,4.26,0.7962,0.979
31984,2021-04-19,2230,Durham Regional Health Unit,0.103,2281.0,3.2,0.5087,0.9412
31985,2021-04-19,2226,District of Algoma Health Unit,0.0103,388.0,3.39,0.5774,0.8986
31986,2021-04-19,3895,City of Toronto Health Unit,0.1155,10117.0,3.24,0.6862,0.9407
31987,2021-04-19,2251,City of Ottawa Health Unit,0.0658,3224.0,3.06,0.8177,0.9711
31988,2021-04-19,2237,City of Hamilton Health Unit,0.0897,1995.0,3.37,0.8287,0.9462
31989,2021-04-19,2240,Chatham-Kent Health Unit,0.0204,280.0,2.63,0.8205,0.9522
31990,2021-04-19,2227,Brant County Health Unit,0.0619,669.0,4.31,0.6156,0.9398
31991,2021-04-18,2270,York Regional Health Unit,0.1083,4244.0,3.46,0.5033,0.9178
31992,2021-04-18,2268,Windsor-Essex County Health Unit,0.0679,772.0,1.82,0.6492,0.8707
31993,2021-04-18,2266,Wellington-Dufferin-Guelph Health Unit,0.0671,922.0,2.96,0.5611,0.8089
31994,2021-04-18,2265,Waterloo Health Unit,0.0596,1312.0,2.24,0.4861,0.8595
31995,2021-04-18,2263,Timiskaming Health Unit,0.0194,81.0,2.47,0.3018,0.5355
31996,2021-04-18,2262,Thunder Bay District Health Unit,0.0143,430.0,2.87,0.8688,0.9557
31997,2021-04-18,2261,Sudbury and District Health Unit,0.0233,716.0,3.6,0.6479,0.9344
31998,2021-04-18,4913,Southwestern Public Health,0.0326,741.0,3.5,0.775,0.9609
31999,2021-04-18,2260,Simcoe Muskoka District Health Unit,0.0488,2097.0,3.5,0.4747,0.9294
32000,2021-04-18,2257,Renfrew County and District Health Unit,0.0145,266.0,2.45,0.7646,0.9588
32001,2021-04-18,2256,Porcupine Health Unit,0.041,289.0,3.46,0.3024,0.5808
32002,2021-04-18,2255,Peterborough County-City Health Unit,0.0332,387.0,2.62,0.7843,0.9618
32003,2021-04-18,2253,Peel Regional Health Unit,0.1694,4613.0,2.87,0.6403,0.9373
32004,2021-04-18,35,Ontario,0.0875,47278.0,3.19,0.6547,0.9269
32005,2021-04-18,2249,Northwestern Health Unit,0.0313,296.0,3.38,0.4545,0.7298
32006,2021-04-18,2247,North Bay Parry Sound District Health Unit,0.0166,215.0,1.65,0.698,0.8431
32007,2021-04-18,2246,Niagara Regional Area Health Unit,0.1011,1625.0,3.44,0.7119,0.8804
32008,2021-04-18,2244,Middlesex-London Health Unit,0.0618,1597.0,3.15,0.817,0.9533
32009,2021-04-18,2243,"Leeds, Grenville and Lanark District Health Unit",0.0244,568.0,3.28,0.8451,0.9664
32010,2021-04-18,2242,Lambton Health Unit,0.0175,506.0,3.86,0.6252,0.9516
32011,2021-04-18,2241,"Kingston, Frontenac and Lennox and Addington Health Unit",0.0127,755.0,3.55,0.8885,0.9611
32012,2021-04-18,5183,Huron Perth Health Unit,0.0161,435.0,3.12,0.7776,0.9339
32013,2021-04-18,2238,Hastings and Prince Edward Counties Health Unit,0.019,617.0,3.66,0.9201,0.9696
32014,2021-04-18,2236,Halton Regional Health Unit,0.0844,1780.0,2.87,0.6303,0.9347
32015,2021-04-18,2235,"Haliburton, Kawartha, Pine Ridge District Health Unit",0.0361,606.0,3.21,0.4451,0.86
32016,2021-04-18,2234,Haldimand-Norfolk Health Unit,0.0569,422.0,3.7,0.5654,0.9202
32017,2021-04-18,2233,Grey Bruce Health Unit,0.0418,479.0,2.82,0.7658,0.9623
32018,2021-04-18,2258,Eastern Ontario Health Unit,0.043,914.0,4.38,0.771,0.9588
32019,2021-04-18,2230,Durham Regional Health Unit,0.1026,2306.0,3.24,0.4946,0.9317
32020,2021-04-18,2226,District of Algoma Health Unit,0.0097,398.0,3.48,0.5698,0.8932
32021,2021-04-18,3895,City of Toronto Health Unit,0.1162,10158.0,3.26,0.6681,0.9392
32022,2021-04-18,2251,City of Ottawa Health Unit,0.0711,3289.0,3.12,0.8183,0.9648
32023,2021-04-18,2237,City of Hamilton Health Unit,0.0895,2008.0,3.39,0.7984,0.9487
32024,2021-04-18,2240,Chatham-Kent Health Unit,0.0219,268.0,2.52,0.8101,0.9442
32025,2021-04-18,2227,Brant County Health Unit,0.0617,669.0,4.31,0.5764,0.9358
32026,2021-04-17,2270,York Regional Health Unit,0.1105,4265.0,3.48,0.5115,0.9208
32027,2021-04-17,2268,Windsor-Essex County Health Unit,0.0662,767.0,1.8,0.673,0.8767
32028,2021-04-17,2266,Wellington-Dufferin-Guelph Health Unit,0.0679,916.0,2.94,0.5576,0.8008
32029,2021-04-17,2265,Waterloo Health Unit,0.0604,1319.0,2.26,0.478,0.849
32030,2021-04-17,2263,Timiskaming Health Unit,0.0191,82.0,2.52,0.3339,0.5065
32031,2021-04-17,2262,Thunder Bay District Health Unit,0.0154,428.0,2.85,0.8147,0.8882
32032,2021-04-17,2261,Sudbury and District Health Unit,0.0286,724.0,3.64,0.6952,0.9363
32033,2021-04-17,4913,Southwestern Public Health,0.035,739.0,3.49,0.7797,0.9631
32034,2021-04-17,2260,Simcoe Muskoka District Health Unit,0.0476,2123.0,3.54,0.4687,0.9251
32035,2021-04-17,2257,Renfrew County and District Health Unit,0.0166,268.0,2.46,0.7602,0.9486
32036,2021-04-17,2256,Porcupine Health Unit,0.0416,289.0,3.46,0.3231,0.5858
32037,2021-04-17,2255,Peterborough County-City Health Unit,0.0356,389.0,2.63,0.7978,0.9698
32038,2021-04-17,2253,Peel Regional Health Unit,0.1663,4601.0,2.87,0.6466,0.9354
32039,2021-04-17,35,Ontario,0.0876,47539.0,3.21,0.6536,0.9243
32040,2021-04-17,2249,Northwestern Health Unit,0.0304,306.0,3.49,0.4311,0.7303
32041,2021-04-17,2247,North Bay Parry Sound District Health Unit,0.0173,214.0,1.65,0.6828,0.8508
32042,2021-04-17,2246,Niagara Regional Area Health Unit,0.1021,1634.0,3.46,0.7224,0.8803
32043,2021-04-17,2244,Middlesex-London Health Unit,0.0627,1586.0,3.13,0.8147,0.9495
32044,2021-04-17,2243,"Leeds, Grenville and Lanark District Health Unit",0.0256,570.0,3.29,0.8362,0.9663
32045,2021-04-17,2242,Lambton Health Unit,0.0168,519.0,3.96,0.6211,0.9503
32046,2021-04-17,2241,"Kingston, Frontenac and Lennox and Addington Health Unit",0.0116,765.0,3.59,0.893,0.9606
32047,2021-04-17,5183,Huron Perth Health Unit,0.0163,438.0,3.14,0.7694,0.9331
32048,2021-04-17,2238,Hastings and Prince Edward Counties Health Unit,0.0201,619.0,3.68,0.9283,0.9716
32049,2021-04-17,2236,Halton Regional Health Unit,0.0866,1793.0,2.9,0.6084,0.9338
32050,2021-04-17,2235,"Haliburton, Kawartha, Pine Ridge District Health Unit",0.0358,615.0,3.26,0.4441,0.8295
32051,2021-04-17,2234,Haldimand-Norfolk Health Unit,0.0592,422.0,3.7,0.5565,0.919
32052,2021-04-17,2233,Grey Bruce Health Unit,0.044,477.0,2.81,0.7634,0.9606
32053,2021-04-17,2258,Eastern Ontario Health Unit,0.0461,909.0,4.35,0.7575,0.9537
32054,2021-04-17,2230,Durham Regional Health Unit,0.103,2321.0,3.26,0.504,0.9293
32055,2021-04-17,2226,District of Algoma Health Unit,0.0117,402.0,3.52,0.5637,0.8734
32056,2021-04-17,3895,City of Toronto Health Unit,0.1158,10240.0,3.28,0.666,0.9379
32057,2021-04-17,2251,City of Ottawa Health Unit,0.0731,3352.0,3.18,0.8028,0.9621
32058,2021-04-17,2237,City of Hamilton Health Unit,0.0864,2008.0,3.39,0.7656,0.9413
32059,2021-04-17,2240,Chatham-Kent Health Unit,0.0238,270.0,2.54,0.8121,0.941
32060,2021-04-17,2227,Brant County Health Unit,0.0609,666.0,4.29,0.5685,0.9376
32061,2021-04-16,2270,York Regional Health Unit,0.1139,4313.0,3.52,0.5027,0.9217
32062,2021-04-16,2268,Windsor-Essex County Health Unit,0.066,808.0,1.9,0.6954,0.8874
32063,2021-04-16,2266,Wellington-Dufferin-Guelph Health Unit,0.0728,911.0,2.92,0.5656,0.8229
32064,2021-04-16,2265,Waterloo Health Unit,0.0602,1339.0,2.29,0.4912,0.8514
32065,2021-04-16,2263,Timiskaming Health Unit,0.019,83.0,2.53,0.3268,0.5049
32066,2021-04-16,2262,Thunder Bay District Health Unit,0.0172,440.0,2.93,0.7996,0.8848
32067,2021-04-16,2261,Sudbury and District Health Unit,0.0288,777.0,3.91,0.7125,0.9561
32068,2021-04-16,4913,Southwestern Public Health,0.0394,740.0,3.5,0.7698,0.9626
32069,2021-04-16,2260,Simcoe Muskoka District Health Unit,0.0482,2139.0,3.57,0.4612,0.9272
32070,2021-04-16,2257,Renfrew County and District Health Unit,0.0141,293.0,2.7,0.7152,0.9441
32071,2021-04-16,2256,Porcupine Health Unit,0.0418,284.0,3.4,0.32,0.5833
32072,2021-04-16,2255,Peterborough County-City Health Unit,0.0347,391.0,2.65,0.798,0.9703
32073,2021-04-16,2253,Peel Regional Health Unit,0.1636,4612.0,2.87,0.6509,0.9375
32074,2021-04-16,35,Ontario,0.0876,48114.0,3.24,0.6509,0.9272
32075,2021-04-16,2249,Northwestern Health Unit,0.0318,306.0,3.49,0.439,0.7015
32076,2021-04-16,2247,North Bay Parry Sound District Health Unit,0.0161,213.0,1.64,0.6501,0.8599
32077,2021-04-16,2246,Niagara Regional Area Health Unit,0.1033,1660.0,3.51,0.7388,0.8843
32078,2021-04-16,2244,Middlesex-London Health Unit,0.0618,1610.0,3.17,0.8257,0.9555
32079,2021-04-16,2243,"Leeds, Grenville and Lanark District Health Unit",0.0271,570.0,3.29,0.8146,0.9709
32080,2021-04-16,2242,Lambton Health Unit,0.0171,533.0,4.07,0.6341,0.9531
32081,2021-04-16,2241,"Kingston, Frontenac and Lennox and Addington Health Unit",0.0118,765.0,3.6,0.89,0.9708
32082,2021-04-16,5183,Huron Perth Health Unit,0.0157,445.0,3.18,0.7705,0.9367
32083,2021-04-16,2238,Hastings and Prince Edward Counties Health Unit,0.0215,651.0,3.86,0.9297,0.9754
32084,2021-04-16,2236,Halton Regional Health Unit,0.085,1785.0,2.88,0.6041,0.9283
32085,2021-04-16,2235,"Haliburton, Kawartha, Pine Ridge District Health Unit",0.037,622.0,3.29,0.4482,0.8389
32086,2021-04-16,2234,Haldimand-Norfolk Health Unit,0.0606,422.0,3.7,0.5913,0.9352
32087,2021-04-16,2233,Grey Bruce Health Unit,0.0435,460.0,2.71,0.7383,0.9481
32088,2021-04-16,2258,Eastern Ontario Health Unit,0.0481,899.0,4.31,0.721,0.9524
32089,2021-04-16,2230,Durham Regional Health Unit,0.1009,2392.0,3.36,0.4862,0.9285
32090,2021-04-16,2226,District of Algoma Health Unit,0.0117,414.0,3.62,0.5724,0.8642
32091,2021-04-16,3895,City of Toronto Health Unit,0.1167,10300.0,3.3,0.6687,0.9423
32092,2021-04-16,2251,City of Ottawa Health Unit,0.0755,3379.0,3.2,0.7707,0.9601
32093,2021-04-16,2237,City of Hamilton Health Unit,0.0808,2085.0,3.52,0.7724,0.9512
32094,2021-04-16,2240,Chatham-Kent Health Unit,0.0193,275.0,2.58,0.8172,0.9466
32095,2021-04-16,2227,Brant County Health Unit,0.0598,686.0,4.42,0.5833,0.9415
32096,2021-04-15,2270,York Regional Health Unit,0.1146,4283.0,3.49,0.5013,0.9254
32097,2021-04-15,2268,Windsor-Essex County Health Unit,0.0636,806.0,1.9,0.7242,0.9084
32098,2021-04-15,2266,Wellington-Dufferin-Guelph Health Unit,0.0737,925.0,2.97,0.5654,0.8443
32099,2021-04-15,2265,Waterloo Health Unit,0.0627,1349.0,2.31,0.495,0.849
32100,2021-04-15,2263,Timiskaming Health Unit,0.0186,84.0,2.58,0.4706,0.6507
32101,2021-04-15,2262,Thunder Bay District Health Unit,0.0171,450.0,3.0,0.6375,0.7709
32102,2021-04-15,2261,Sudbury and District Health Unit,0.0313,808.0,4.06,0.6938,0.9538
32103,2021-04-15,4913,Southwestern Public Health,0.0398,715.0,3.38,0.7538,0.9656
32104,2021-04-15,2260,Simcoe Muskoka District Health Unit,0.05,2110.0,3.52,0.4486,0.934
32105,2021-04-15,2257,Renfrew County and District Health Unit,0.0174,279.0,2.57,0.6593,0.9387
32106,2021-04-15,2256,Porcupine Health Unit,0.0359,299.0,3.58,0.398,0.6721
32107,2021-04-15,2255,Peterborough County-City Health Unit,0.0348,394.0,2.66,0.7973,0.9822
32108,2021-04-15,2253,Peel Regional Health Unit,0.1604,4650.0,2.9,0.6441,0.9386
32109,2021-04-15,35,Ontario,0.087,48390.0,3.26,0.6433,0.9287
32110,2021-04-15,2249,Northwestern Health Unit,0.0264,320.0,3.65,0.394,0.6619
32111,2021-04-15,2247,North Bay Parry Sound District Health Unit,0.0124,219.0,1.69,0.5994,0.8491
32112,2021-04-15,2246,Niagara Regional Area Health Unit,0.098,1664.0,3.52,0.7337,0.8847
32113,2021-04-15,2244,Middlesex-London Health Unit,0.0633,1620.0,3.19,0.8229,0.9633
32114,2021-04-15,2243,"Leeds, Grenville and Lanark District Health Unit",0.0267,568.0,3.28,0.7825,0.9704
32115,2021-04-15,2242,Lambton Health Unit,0.0183,563.0,4.3,0.6319,0.9537
32116,2021-04-15,2241,"Kingston, Frontenac and Lennox and Addington Health Unit",0.0116,773.0,3.63,0.8961,0.9801
32117,2021-04-15,5183,Huron Perth Health Unit,0.0168,452.0,3.23,0.7861,0.9461
32118,2021-04-15,2238,Hastings and Prince Edward Counties Health Unit,0.0203,682.0,4.05,0.9293,0.9778
32119,2021-04-15,2236,Halton Regional Health Unit,0.088,1792.0,2.9,0.6136,0.934
32120,2021-04-15,2235,"Haliburton, Kawartha, Pine Ridge District Health Unit",0.0354,645.0,3.41,0.4509,0.8362
32121,2021-04-15,2234,Haldimand-Norfolk Health Unit,0.061,422.0,3.7,0.5954,0.935
32122,2021-04-15,2233,Grey Bruce Health Unit,0.047,432.0,2.54,0.7254,0.9491
32123,2021-04-15,2258,Eastern Ontario Health Unit,0.0492,921.0,4.41,0.701,0.9453
32124,2021-04-15,2230,Durham Regional Health Unit,0.0973,2429.0,3.41,0.4665,0.929
32125,2021-04-15,2226,District of Algoma Health Unit,0.0129,433.0,3.79,0.5648,0.8496
32126,2021-04-15,3895,City of Toronto Health Unit,0.1154,10353.0,3.32,0.6732,0.946
32127,2021-04-15,2251,City of Ottawa Health Unit,0.078,3397.0,3.22,0.7443,0.9545
32128,2021-04-15,2237,City of Hamilton Health Unit,0.0799,2082.0,3.52,0.7603,0.9555
32129,2021-04-15,2240,Chatham-Kent Health Unit,0.015,276.0,2.6,0.8247,0.9612
32130,2021-04-15,2227,Brant County Health Unit,0.0587,696.0,4.48,0.5684,0.9462
32131,2021-04-14,2270,York Regional Health Unit,0.1122,4323.0,3.53,0.4917,0.9274
32132,2021-04-14,2268,Windsor-Essex County Health Unit,0.0581,800.0,1.88,0.7109,0.9173
32133,2021-04-14,2266,Wellington-Dufferin-Guelph Health Unit,0.0697,961.0,3.08,0.5364,0.8482
32134,2021-04-14,2265,Waterloo Health Unit,0.0606,1365.0,2.34,0.4823,0.8479
32135,2021-04-14,2263,Timiskaming Health Unit,0.015,95.0,2.92,0.5235,0.7479
32136,2021-04-14,2262,Thunder Bay District Health Unit,0.0173,446.0,2.97,0.611,0.7629
32137,2021-04-14,2261,Sudbury and District Health Unit,0.0323,815.0,4.09,0.7155,0.9523
32138,2021-04-14,4913,Southwestern Public Health,0.0407,710.0,3.36,0.7255,0.9586
32139,2021-04-14,2260,Simcoe Muskoka District Health Unit,0.0495,2160.0,3.6,0.46,0.9467
32140,2021-04-14,2257,Renfrew County and District Health Unit,0.0168,290.0,2.67,0.6232,0.9481
32141,2021-04-14,2256,Porcupine Health Unit,0.0324,304.0,3.65,0.4473,0.73
32142,2021-04-14,2255,Peterborough County-City Health Unit,0.0371,385.0,2.6,0.7952,0.9817
32143,2021-04-14,2253,Peel Regional Health Unit,0.1561,4679.0,2.91,0.6353,0.9415
32144,2021-04-14,35,Ontario,0.0856,48840.0,3.29,0.6396,0.9322
32145,2021-04-14,2249,Northwestern Health Unit,0.025,314.0,3.58,0.3896,0.6719
32146,2021-04-14,2247,North Bay Parry Sound District Health Unit,0.0128,222.0,1.71,0.6176,0.8848
32147,2021-04-14,2246,Niagara Regional Area Health Unit,0.0973,1631.0,3.45,0.7348,0.8834
32148,2021-04-14,2244,Middlesex-London Health Unit,0.0638,1610.0,3.17,0.8136,0.9681
32149,2021-04-14,2243,"Leeds, Grenville and Lanark District Health Unit",0.0276,585.0,3.38,0.7784,0.9685
32150,2021-04-14,2242,Lambton Health Unit,0.0198,585.0,4.46,0.5936,0.9609
32151,2021-04-14,2241,"Kingston, Frontenac and Lennox and Addington Health Unit",0.0124,795.0,3.74,0.9015,0.9874
32152,2021-04-14,5183,Huron Perth Health Unit,0.0194,450.0,3.22,0.7186,0.9383
32153,2021-04-14,2238,Hastings and Prince Edward Counties Health Unit,0.0205,712.0,4.23,0.9337,0.9854
32154,2021-04-14,2236,Halton Regional Health Unit,0.0833,1813.0,2.93,0.6276,0.9335
32155,2021-04-14,2235,"Haliburton, Kawartha, Pine Ridge District Health Unit",0.034,680.0,3.6,0.4502,0.8415
32156,2021-04-14,2234,Haldimand-Norfolk Health Unit,0.0604,418.0,3.67,0.5927,0.9487
32157,2021-04-14,2233,Grey Bruce Health Unit,0.0469,402.0,2.37,0.6633,0.9341
32158,2021-04-14,2258,Eastern Ontario Health Unit,0.0504,927.0,4.44,0.6965,0.9426
32159,2021-04-14,2230,Durham Regional Health Unit,0.0976,2527.0,3.55,0.4516,0.9325
32160,2021-04-14,2226,District of Algoma Health Unit,0.013,449.0,3.92,0.6218,0.8875
32161,2021-04-14,3895,City of Toronto Health Unit,0.1148,10345.0,3.32,0.6756,0.9475
32162,2021-04-14,2251,City of Ottawa Health Unit,0.0778,3488.0,3.31,0.7283,0.955
32163,2021-04-14,2237,City of Hamilton Health Unit,0.0788,2070.0,3.5,0.7747,0.9613
32164,2021-04-14,2240,Chatham-Kent Health Unit,0.0161,284.0,2.67,0.7965,0.9262
32165,2021-04-14,2227,Brant County Health Unit,0.0557,694.0,4.47,0.5556,0.9606
32166,2021-04-13,2270,York Regional Health Unit,0.1115,4364.0,3.56,0.4983,0.9328
32167,2021-04-13,2268,Windsor-Essex County Health Unit,0.0602,795.0,1.87,0.73,0.9248
32168,2021-04-13,2266,Wellington-Dufferin-Guelph Health Unit,0.073,988.0,3.17,0.558,0.8614
32169,2021-04-13,2265,Waterloo Health Unit,0.0605,1386.0,2.37,0.4784,0.8701
32170,2021-04-13,2263,Timiskaming Health Unit,0.0154,93.0,2.84,0.6004,0.8226
32171,2021-04-13,2262,Thunder Bay District Health Unit,0.019,444.0,2.96,0.5858,0.7373
32172,2021-04-13,2261,Sudbury and District Health Unit,0.0335,827.0,4.15,0.7109,0.9574
32173,2021-04-13,4913,Southwestern Public Health,0.0383,710.0,3.35,0.7198,0.9589
32174,2021-04-13,2260,Simcoe Muskoka District Health Unit,0.0488,2229.0,3.72,0.4959,0.9452
32175,2021-04-13,2257,Renfrew County and District Health Unit,0.0149,298.0,2.74,0.5803,0.9491
32176,2021-04-13,2256,Porcupine Health Unit,0.0244,310.0,3.71,0.58,0.7895
32177,2021-04-13,2255,Peterborough County-City Health Unit,0.0336,386.0,2.61,0.802,0.9836
32178,2021-04-13,2253,Peel Regional Health Unit,0.154,4600.0,2.86,0.6447,0.942
32179,2021-04-13,35,Ontario,0.0839,49338.0,3.33,0.6508,0.9343
32180,2021-04-13,2249,Northwestern Health Unit,0.0291,319.0,3.64,0.3484,0.6538
32181,2021-04-13,2247,North Bay Parry Sound District Health Unit,0.0131,240.0,1.85,0.6127,0.8861
32182,2021-04-13,2246,Niagara Regional Area Health Unit,0.0913,1643.0,3.48,0.7469,0.882
32183,2021-04-13,2244,Middlesex-London Health Unit,0.0638,1623.0,3.2,0.8136,0.969
32184,2021-04-13,2243,"Leeds, Grenville and Lanark District Health Unit",0.0297,586.0,3.39,0.7836,0.9706
32185,2021-04-13,2242,Lambton Health Unit,0.0212,620.0,4.73,0.5737,0.9531
32186,2021-04-13,2241,"Kingston, Frontenac and Lennox and Addington Health Unit",0.0126,807.0,3.79,0.8961,0.988
32187,2021-04-13,5183,Huron Perth Health Unit,0.0191,457.0,3.27,0.7043,0.9347
32188,2021-04-13,2238,Hastings and Prince Edward Counties Health Unit,0.0198,742.0,4.4,0.9278,0.9852
32189,2021-04-13,2236,Halton Regional Health Unit,0.0841,1823.0,2.95,0.6518,0.9425
32190,2021-04-13,2235,"Haliburton, Kawartha, Pine Ridge District Health Unit",0.0337,686.0,3.63,0.4739,0.8364
32191,2021-04-13,2234,Haldimand-Norfolk Health Unit,0.0601,413.0,3.62,0.6115,0.9478
32192,2021-04-13,2233,Grey Bruce Health Unit,0.0419,386.0,2.27,0.6418,0.9148
32193,2021-04-13,2258,Eastern Ontario Health Unit,0.0477,954.0,4.57,0.71,0.9411
32194,2021-04-13,2230,Durham Regional Health Unit,0.095,2593.0,3.64,0.4594,0.9342
32195,2021-04-13,2226,District of Algoma Health Unit,0.0113,455.0,3.98,0.6874,0.8829
32196,2021-04-13,3895,City of Toronto Health Unit,0.1136,10325.0,3.31,0.6933,0.9478
32197,2021-04-13,2251,City of Ottawa Health Unit,0.0762,3567.0,3.38,0.7267,0.9553
32198,2021-04-13,2237,City of Hamilton Health Unit,0.072,2177.0,3.68,0.7922,0.9642
32199,2021-04-13,2240,Chatham-Kent Health Unit,0.0194,295.0,2.78,0.8226,0.9295
32200,2021-04-13,2227,Brant County Health Unit,0.051,678.0,4.37,0.5721,0.9601
32201,2021-04-12,2270,York Regional Health Unit,0.1086,4410.0,3.6,0.4969,0.94
32202,2021-04-12,2268,Windsor-Essex County Health Unit,0.0563,824.0,1.94,0.7485,0.9332
32203,2021-04-12,2266,Wellington-Dufferin-Guelph Health Unit,0.0689,1069.0,3.43,0.5534,0.8551
32204,2021-04-12,2265,Waterloo Health Unit,0.0595,1417.0,2.42,0.4759,0.8696
32205,2021-04-12,2263,Timiskaming Health Unit,0.0127,90.0,2.74,0.6034,0.8218
32206,2021-04-12,2262,Thunder Bay District Health Unit,0.0191,456.0,3.04,0.5641,0.7246
32207,2021-04-12,2261,Sudbury and District Health Unit,0.0349,823.0,4.14,0.7248,0.9554
32208,2021-04-12,4913,Southwestern Public Health,0.0367,708.0,3.35,0.7094,0.9587
32209,2021-04-12,2260,Simcoe Muskoka District Health Unit,0.0462,2230.0,3.72,0.518,0.9501
32210,2021-04-12,2257,Renfrew County and District Health Unit,0.0183,343.0,3.16,0.5776,0.9492
32211,2021-04-12,2256,Porcupine Health Unit,0.0203,345.0,4.13,0.6671,0.8568
32212,2021-04-12,2255,Peterborough County-City Health Unit,0.0309,397.0,2.69,0.8026,0.986
32213,2021-04-12,2253,Peel Regional Health Unit,0.1506,4573.0,2.85,0.6616,0.9459
32214,2021-04-12,35,Ontario,0.0817,49850.0,3.36,0.6606,0.9391
32215,2021-04-12,2249,Northwestern Health Unit,0.0285,326.0,3.71,0.3198,0.6225
32216,2021-04-12,2247,North Bay Parry Sound District Health Unit,0.0141,243.0,1.87,0.6111,0.8885
32217,2021-04-12,2246,Niagara Regional Area Health Unit,0.0877,1639.0,3.47,0.7619,0.9014
32218,2021-04-12,2244,Middlesex-London Health Unit,0.0614,1634.0,3.22,0.8093,0.9715
32219,2021-04-12,2243,"Leeds, Grenville and Lanark District Health Unit",0.0314,601.0,3.47,0.7729,0.9717
32220,2021-04-12,2242,Lambton Health Unit,0.0247,642.0,4.91,0.5684,0.9512
32221,2021-04-12,2241,"Kingston, Frontenac and Lennox and Addington Health Unit",0.0127,831.0,3.91,0.8987,0.9888
32222,2021-04-12,5183,Huron Perth Health Unit,0.0181,457.0,3.27,0.6951,0.9359
32223,2021-04-12,2238,Hastings and Prince Edward Counties Health Unit,0.0224,777.0,4.61,0.9279,0.9848
32224,2021-04-12,2236,Halton Regional Health Unit,0.0848,1799.0,2.91,0.6761,0.9474
32225,2021-04-12,2235,"Haliburton, Kawartha, Pine Ridge District Health Unit",0.0334,697.0,3.69,0.5037,0.8692
32226,2021-04-12,2234,Haldimand-Norfolk Health Unit,0.0541,423.0,3.71,0.5971,0.9465
32227,2021-04-12,2233,Grey Bruce Health Unit,0.0364,377.0,2.22,0.643,0.9163
32228,2021-04-12,2258,Eastern Ontario Health Unit,0.0481,980.0,4.69,0.7187,0.9403
32229,2021-04-12,2230,Durham Regional Health Unit,0.0909,2662.0,3.74,0.4683,0.9365
32230,2021-04-12,2226,District of Algoma Health Unit,0.0106,456.0,3.99,0.716,0.8952
32231,2021-04-12,3895,City of Toronto Health Unit,0.1132,10304.0,3.3,0.709,0.9548
32232,2021-04-12,2251,City of Ottawa Health Unit,0.0739,3613.0,3.43,0.7181,0.9539
32233,2021-04-12,2237,City of Hamilton Health Unit,0.0683,2206.0,3.73,0.8084,0.9731
32234,2021-04-12,2240,Chatham-Kent Health Unit,0.0189,311.0,2.92,0.8215,0.9259
32235,2021-04-12,2227,Brant County Health Unit,0.0471,671.0,4.32,0.5847,0.9651
32236,2021-04-11,2270,York Regional Health Unit,0.1086,4299.0,3.51,0.5094,0.9412
32237,2021-04-11,2268,Windsor-Essex County Health Unit,0.0517,817.0,1.92,0.7595,0.9411
32238,2021-04-11,2266,Wellington-Dufferin-Guelph Health Unit,0.0611,1080.0,3.46,0.5512,0.8457
32239,2021-04-11,2265,Waterloo Health Unit,0.0576,1415.0,2.42,0.4924,0.8806
32240,2021-04-11,2263,Timiskaming Health Unit,0.0126,79.0,2.42,0.7092,0.9799
32241,2021-04-11,2262,Thunder Bay District Health Unit,0.0199,452.0,3.02,0.5691,0.7275
32242,2021-04-11,2261,Sudbury and District Health Unit,0.0357,843.0,4.24,0.7331,0.966
32243,2021-04-11,4913,Southwestern Public Health,0.0333,685.0,3.24,0.7132,0.9685
32244,2021-04-11,2260,Simcoe Muskoka District Health Unit,0.0476,2130.0,3.55,0.5322,0.954
32245,2021-04-11,2257,Renfrew County and District Health Unit,0.0177,363.0,3.34,0.6103,0.9665
32246,2021-04-11,2256,Porcupine Health Unit,0.0177,355.0,4.25,0.7472,0.9313
32247,2021-04-11,2255,Peterborough County-City Health Unit,0.0254,394.0,2.66,0.8134,0.9868
32248,2021-04-11,2253,Peel Regional Health Unit,0.1449,4453.0,2.77,0.6766,0.9478
32249,2021-04-11,35,Ontario,0.0793,48871.0,3.3,0.6724,0.9446
32250,2021-04-11,2249,Northwestern Health Unit,0.0316,321.0,3.66,0.3345,0.6391
32251,2021-04-11,2247,North Bay Parry Sound District Health Unit,0.0117,232.0,1.79,0.6039,0.8916
32252,2021-04-11,2246,Niagara Regional Area Health Unit,0.0802,1594.0,3.37,0.7875,0.9159
32253,2021-04-11,2244,Middlesex-London Health Unit,0.0589,1579.0,3.11,0.8157,0.9761
32254,2021-04-11,2243,"Leeds, Grenville and Lanark District Health Unit",0.0323,570.0,3.29,0.7739,0.975
32255,2021-04-11,2242,Lambton Health Unit,0.0257,622.0,4.75,0.5568,0.9552
32256,2021-04-11,2241,"Kingston, Frontenac and Lennox and Addington Health Unit",0.0124,804.0,3.78,0.8911,0.9831
32257,2021-04-11,5183,Huron Perth Health Unit,0.0169,439.0,3.14,0.7077,0.9432
32258,2021-04-11,2238,Hastings and Prince Edward Counties Health Unit,0.0218,793.0,4.71,0.9286,0.9845
32259,2021-04-11,2236,Halton Regional Health Unit,0.0841,1769.0,2.86,0.7214,0.9543
32260,2021-04-11,2235,"Haliburton, Kawartha, Pine Ridge District Health Unit",0.0309,656.0,3.47,0.5158,0.8739
32261,2021-04-11,2234,Haldimand-Norfolk Health Unit,0.0515,391.0,3.43,0.628,0.9621
32262,2021-04-11,2233,Grey Bruce Health Unit,0.027,375.0,2.21,0.6417,0.9157
32263,2021-04-11,2258,Eastern Ontario Health Unit,0.0437,993.0,4.76,0.7247,0.9588
32264,2021-04-11,2230,Durham Regional Health Unit,0.0887,2617.0,3.67,0.4872,0.9483
32265,2021-04-11,2226,District of Algoma Health Unit,0.011,443.0,3.87,0.7249,0.902
32266,2021-04-11,3895,City of Toronto Health Unit,0.1119,10119.0,3.24,0.7184,0.9594
32267,2021-04-11,2251,City of Ottawa Health Unit,0.07,3515.0,3.33,0.7117,0.9558
32268,2021-04-11,2237,City of Hamilton Health Unit,0.0665,2211.0,3.73,0.8345,0.9738
32269,2021-04-11,2240,Chatham-Kent Health Unit,0.0194,316.0,2.97,0.829,0.9348
32270,2021-04-11,2227,Brant County Health Unit,0.0406,637.0,4.1,0.6007,0.9711
32271,2021-04-10,2270,York Regional Health Unit,0.1063,4251.0,3.47,0.5305,0.9408
32272,2021-04-10,2268,Windsor-Essex County Health Unit,0.0519,820.0,1.93,0.7505,0.9377
32273,2021-04-10,2266,Wellington-Dufferin-Guelph Health Unit,0.0635,1099.0,3.52,0.5549,0.8312
32274,2021-04-10,2265,Waterloo Health Unit,0.0562,1425.0,2.44,0.5373,0.8814
32275,2021-04-10,2263,Timiskaming Health Unit,0.0109,79.0,2.41,0.7551,0.9899
32276,2021-04-10,2262,Thunder Bay District Health Unit,0.017,455.0,3.03,0.6096,0.7798
32277,2021-04-10,2261,Sudbury and District Health Unit,0.035,816.0,4.1,0.7411,0.9582
32278,2021-04-10,4913,Southwestern Public Health,0.0296,685.0,3.24,0.7073,0.9575
32279,2021-04-10,2260,Simcoe Muskoka District Health Unit,0.0474,2107.0,3.51,0.5733,0.9566
32280,2021-04-10,2257,Renfrew County and District Health Unit,0.0164,365.0,3.36,0.5374,0.949
32281,2021-04-10,2256,Porcupine Health Unit,0.0175,368.0,4.41,0.7909,0.9273
32282,2021-04-10,2255,Peterborough County-City Health Unit,0.0242,396.0,2.68,0.8283,0.9859
32283,2021-04-10,2253,Peel Regional Health Unit,0.1458,4411.0,2.75,0.6899,0.9463
32284,2021-04-10,35,Ontario,0.0784,48439.0,3.27,0.6873,0.9423
32285,2021-04-10,2249,Northwestern Health Unit,0.031,309.0,3.52,0.3402,0.5997
32286,2021-04-10,2247,North Bay Parry Sound District Health Unit,0.0123,233.0,1.79,0.6348,0.9009
32287,2021-04-10,2246,Niagara Regional Area Health Unit,0.0774,1569.0,3.32,0.7849,0.9145
32288,2021-04-10,2244,Middlesex-London Health Unit,0.0574,1587.0,3.13,0.8237,0.9718
32289,2021-04-10,2243,"Leeds, Grenville and Lanark District Health Unit",0.0336,565.0,3.26,0.7662,0.9694
32290,2021-04-10,2242,Lambton Health Unit,0.0266,602.0,4.6,0.5629,0.9555
32291,2021-04-10,2241,"Kingston, Frontenac and Lennox and Addington Health Unit",0.0135,785.0,3.69,0.8939,0.9835
32292,2021-04-10,5183,Huron Perth Health Unit,0.0185,439.0,3.14,0.7151,0.9427
32293,2021-04-10,2238,Hastings and Prince Edward Counties Health Unit,0.023,818.0,4.86,0.9325,0.9846
32294,2021-04-10,2236,Halton Regional Health Unit,0.0808,1732.0,2.8,0.7482,0.9519
32295,2021-04-10,2235,"Haliburton, Kawartha, Pine Ridge District Health Unit",0.0303,661.0,3.5,0.5482,0.9056
32296,2021-04-10,2234,Haldimand-Norfolk Health Unit,0.0486,391.0,3.43,0.6454,0.9552
32297,2021-04-10,2233,Grey Bruce Health Unit,0.0268,373.0,2.19,0.653,0.9136
32298,2021-04-10,2258,Eastern Ontario Health Unit,0.0415,997.0,4.78,0.7328,0.9423
32299,2021-04-10,2230,Durham Regional Health Unit,0.0882,2588.0,3.63,0.5251,0.9485
32300,2021-04-10,2226,District of Algoma Health Unit,0.01,443.0,3.87,0.7351,0.9039
32301,2021-04-10,3895,City of Toronto Health Unit,0.1125,9967.0,3.19,0.7289,0.955
32302,2021-04-10,2251,City of Ottawa Health Unit,0.0675,3460.0,3.28,0.7148,0.9487
32303,2021-04-10,2237,City of Hamilton Health Unit,0.0638,2185.0,3.69,0.8706,0.9814
32304,2021-04-10,2240,Chatham-Kent Health Unit,0.0172,333.0,3.13,0.8332,0.9393
32305,2021-04-10,2227,Brant County Health Unit,0.0432,625.0,4.03,0.591,0.9558
32306,2021-04-09,2270,York Regional Health Unit,0.1012,4220.0,3.44,0.5281,0.9394
32307,2021-04-09,2268,Windsor-Essex County Health Unit,0.0517,821.0,1.93,0.7406,0.9304
32308,2021-04-09,2266,Wellington-Dufferin-Guelph Health Unit,0.0605,1098.0,3.52,0.5313,0.8135
32309,2021-04-09,2265,Waterloo Health Unit,0.0537,1407.0,2.41,0.5384,0.8818
32310,2021-04-09,2263,Timiskaming Health Unit,0.0082,87.0,2.67,0.7159,0.9866
32311,2021-04-09,2262,Thunder Bay District Health Unit,0.0156,448.0,2.99,0.5986,0.769
32312,2021-04-09,2261,Sudbury and District Health Unit,0.0359,799.0,4.02,0.7538,0.963
32313,2021-04-09,4913,Southwestern Public Health,0.0245,671.0,3.17,0.7051,0.9565
32314,2021-04-09,2260,Simcoe Muskoka District Health Unit,0.0447,2120.0,3.54,0.5601,0.95
32315,2021-04-09,2257,Renfrew County and District Health Unit,0.0172,315.0,2.9,0.4872,0.9306
32316,2021-04-09,2256,Porcupine Health Unit,0.0166,370.0,4.43,0.7831,0.928
32317,2021-04-09,2255,Peterborough County-City Health Unit,0.0237,392.0,2.65,0.8024,0.9709
32318,2021-04-09,2253,Peel Regional Health Unit,0.1425,4421.0,2.75,0.6713,0.9377
32319,2021-04-09,35,Ontario,0.0761,48038.0,3.24,0.6781,0.939
32320,2021-04-09,2249,Northwestern Health Unit,0.0293,307.0,3.5,0.3425,0.6238
32321,2021-04-09,2247,North Bay Parry Sound District Health Unit,0.0124,231.0,1.78,0.6304,0.8905
32322,2021-04-09,2246,Niagara Regional Area Health Unit,0.0742,1516.0,3.21,0.7763,0.9137
32323,2021-04-09,2244,Middlesex-London Health Unit,0.0556,1576.0,3.11,0.8058,0.9642
32324,2021-04-09,2243,"Leeds, Grenville and Lanark District Health Unit",0.0331,557.0,3.22,0.7621,0.9666
32325,2021-04-09,2242,Lambton Health Unit,0.0261,612.0,4.67,0.5355,0.9543
32326,2021-04-09,2241,"Kingston, Frontenac and Lennox and Addington Health Unit",0.0137,770.0,3.62,0.8874,0.9728
32327,2021-04-09,5183,Huron Perth Health Unit,0.021,436.0,3.12,0.691,0.9339
32328,2021-04-09,2238,Hastings and Prince Edward Counties Health Unit,0.0247,825.0,4.9,0.9287,0.9824
32329,2021-04-09,2236,Halton Regional Health Unit,0.0791,1714.0,2.77,0.7415,0.9544
32330,2021-04-09,2235,"Haliburton, Kawartha, Pine Ridge District Health Unit",0.0307,642.0,3.4,0.5492,0.904
32331,2021-04-09,2234,Haldimand-Norfolk Health Unit,0.0456,385.0,3.37,0.5827,0.9503
32332,2021-04-09,2233,Grey Bruce Health Unit,0.0264,379.0,2.23,0.6365,0.9189
32333,2021-04-09,2258,Eastern Ontario Health Unit,0.0407,1022.0,4.9,0.7112,0.9297
32334,2021-04-09,2230,Durham Regional Health Unit,0.0865,2575.0,3.61,0.5277,0.9462
32335,2021-04-09,2226,District of Algoma Health Unit,0.0088,440.0,3.84,0.7391,0.9098
32336,2021-04-09,3895,City of Toronto Health Unit,0.1082,9908.0,3.18,0.7257,0.9546
32337,2021-04-09,2251,City of Ottawa Health Unit,0.0659,3429.0,3.25,0.699,0.9409
32338,2021-04-09,2237,City of Hamilton Health Unit,0.0635,2120.0,3.58,0.8817,0.9829
32339,2021-04-09,2240,Chatham-Kent Health Unit,0.0191,337.0,3.17,0.822,0.9362
32340,2021-04-09,2227,Brant County Health Unit,0.043,597.0,3.85,0.5426,0.9557
32341,2021-04-08,2270,York Regional Health Unit,0.0996,4019.0,3.28,0.5415,0.943
32342,2021-04-08,2268,Windsor-Essex County Health Unit,0.0543,803.0,1.89,0.7411,0.9306
32343,2021-04-08,2266,Wellington-Dufferin-Guelph Health Unit,0.0571,1051.0,3.37,0.5229,0.8098
32344,2021-04-08,2265,Waterloo Health Unit,0.0498,1342.0,2.3,0.5238,0.8787
32345,2021-04-08,2263,Timiskaming Health Unit,0.0095,75.0,2.31,0.6716,0.9852
32346,2021-04-08,2262,Thunder Bay District Health Unit,0.0201,405.0,2.7,0.8404,0.9647
32347,2021-04-08,2261,Sudbury and District Health Unit,0.0349,728.0,3.66,0.7431,0.9487
32348,2021-04-08,4913,Southwestern Public Health,0.025,640.0,3.03,0.7067,0.9476
32349,2021-04-08,2260,Simcoe Muskoka District Health Unit,0.0437,1967.0,3.28,0.5911,0.9496
32350,2021-04-08,2257,Renfrew County and District Health Unit,0.0166,319.0,2.93,0.478,0.9241
32351,2021-04-08,2256,Porcupine Health Unit,0.0157,318.0,3.81,0.7927,0.9256
32352,2021-04-08,2255,Peterborough County-City Health Unit,0.0257,379.0,2.56,0.8037,0.961
32353,2021-04-08,2253,Peel Regional Health Unit,0.1408,4149.0,2.58,0.6669,0.9349
32354,2021-04-08,35,Ontario,0.075,45275.0,3.05,0.6827,0.9391
32355,2021-04-08,2249,Northwestern Health Unit,0.0317,266.0,3.04,0.3654,0.6978
32356,2021-04-08,2247,North Bay Parry Sound District Health Unit,0.0123,209.0,1.61,0.6869,0.9084
32357,2021-04-08,2246,Niagara Regional Area Health Unit,0.0771,1438.0,3.04,0.7773,0.919
32358,2021-04-08,2244,Middlesex-London Health Unit,0.0555,1482.0,2.92,0.8088,0.9631
32359,2021-04-08,2243,"Leeds, Grenville and Lanark District Health Unit",0.0357,516.0,2.98,0.7536,0.9572
32360,2021-04-08,2242,Lambton Health Unit,0.0258,576.0,4.4,0.5629,0.9634
32361,2021-04-08,2241,"Kingston, Frontenac and Lennox and Addington Health Unit",0.0121,722.0,3.4,0.8917,0.9673
32362,2021-04-08,5183,Huron Perth Health Unit,0.0213,402.0,2.88,0.6896,0.9412
32363,2021-04-08,2238,Hastings and Prince Edward Counties Health Unit,0.0284,789.0,4.68,0.9248,0.9825
32364,2021-04-08,2236,Halton Regional Health Unit,0.0744,1598.0,2.58,0.7303,0.9504
32365,2021-04-08,2235,"Haliburton, Kawartha, Pine Ridge District Health Unit",0.0319,577.0,3.05,0.5379,0.9138
32366,2021-04-08,2234,Haldimand-Norfolk Health Unit,0.0433,337.0,2.95,0.5682,0.9562
32367,2021-04-08,2233,Grey Bruce Health Unit,0.0249,350.0,2.06,0.6271,0.9142
32368,2021-04-08,2258,Eastern Ontario Health Unit,0.0396,906.0,4.34,0.681,0.919
32369,2021-04-08,2230,Durham Regional Health Unit,0.0849,2390.0,3.35,0.5514,0.9472
32370,2021-04-08,2226,District of Algoma Health Unit,0.0089,402.0,3.51,0.7387,0.903
32371,2021-04-08,3895,City of Toronto Health Unit,0.1054,9511.0,3.05,0.7286,0.9511
32372,2021-04-08,2251,City of Ottawa Health Unit,0.0629,3210.0,3.04,0.6767,0.9323
32373,2021-04-08,2237,City of Hamilton Health Unit,0.0623,2057.0,3.47,0.8925,0.9781
32374,2021-04-08,2240,Chatham-Kent Health Unit,0.0209,328.0,3.09,0.8123,0.9296
32375,2021-04-08,2227,Brant County Health Unit,0.0431,550.0,3.54,0.5185,0.9533
32376,2021-04-07,2270,York Regional Health Unit,0.0975,4010.0,3.27,0.5602,0.9387
32377,2021-04-07,2268,Windsor-Essex County Health Unit,0.0591,793.0,1.87,0.7258,0.9302
32378,2021-04-07,2266,Wellington-Dufferin-Guelph Health Unit,0.0566,1050.0,3.37,0.5626,0.8347
32379,2021-04-07,2265,Waterloo Health Unit,0.0467,1331.0,2.28,0.4858,0.8427
32380,2021-04-07,2263,Timiskaming Health Unit,0.0107,67.0,2.04,0.6689,0.9868
32381,2021-04-07,2262,Thunder Bay District Health Unit,0.019,421.0,2.81,0.8748,0.9645
32382,2021-04-07,2261,Sudbury and District Health Unit,0.0379,716.0,3.6,0.7428,0.9501
32383,2021-04-07,4913,Southwestern Public Health,0.0233,624.0,2.95,0.68,0.917
32384,2021-04-07,2260,Simcoe Muskoka District Health Unit,0.0429,1952.0,3.26,0.6033,0.9494
32385,2021-04-07,2257,Renfrew County and District Health Unit,0.0145,346.0,3.18,0.4531,0.9111
32386,2021-04-07,2256,Porcupine Health Unit,0.0112,332.0,3.98,0.8519,0.9438
32387,2021-04-07,2255,Peterborough County-City Health Unit,0.0248,397.0,2.68,0.7937,0.9594
32388,2021-04-07,2253,Peel Regional Health Unit,0.1354,4149.0,2.58,0.6745,0.9355
32389,2021-04-07,35,Ontario,0.0718,45492.0,3.07,0.6837,0.9367
32390,2021-04-07,2249,Northwestern Health Unit,0.0305,267.0,3.05,0.3731,0.7116
32391,2021-04-07,2247,North Bay Parry Sound District Health Unit,0.011,208.0,1.6,0.679,0.8995
32392,2021-04-07,2246,Niagara Regional Area Health Unit,0.0709,1450.0,3.07,0.7785,0.9282
32393,2021-04-07,2244,Middlesex-London Health Unit,0.0521,1482.0,2.92,0.8006,0.9604
32394,2021-04-07,2243,"Leeds, Grenville and Lanark District Health Unit",0.0328,488.0,2.82,0.7446,0.9569
32395,2021-04-07,2242,Lambton Health Unit,0.023,609.0,4.65,0.5337,0.9668
32396,2021-04-07,2241,"Kingston, Frontenac and Lennox and Addington Health Unit",0.0116,700.0,3.29,0.895,0.9674
32397,2021-04-07,5183,Huron Perth Health Unit,0.0181,411.0,2.94,0.7194,0.9584
32398,2021-04-07,2238,Hastings and Prince Edward Counties Health Unit,0.0277,799.0,4.74,0.9182,0.9801
32399,2021-04-07,2236,Halton Regional Health Unit,0.0733,1628.0,2.63,0.7122,0.9435
32400,2021-04-07,2235,"Haliburton, Kawartha, Pine Ridge District Health Unit",0.0316,561.0,2.97,0.522,0.8921
32401,2021-04-07,2234,Haldimand-Norfolk Health Unit,0.0385,349.0,3.06,0.5652,0.9522
32402,2021-04-07,2233,Grey Bruce Health Unit,0.0276,352.0,2.07,0.6351,0.9193
32403,2021-04-07,2258,Eastern Ontario Health Unit,0.0378,910.0,4.36,0.6759,0.9178
32404,2021-04-07,2230,Durham Regional Health Unit,0.0747,2383.0,3.35,0.565,0.9484
32405,2021-04-07,2226,District of Algoma Health Unit,0.0096,386.0,3.37,0.7199,0.8979
32406,2021-04-07,3895,City of Toronto Health Unit,0.1,9787.0,3.14,0.7372,0.9469
32407,2021-04-07,2251,City of Ottawa Health Unit,0.0595,3143.0,2.98,0.6459,0.9248
32408,2021-04-07,2237,City of Hamilton Health Unit,0.059,2060.0,3.48,0.8821,0.9757
32409,2021-04-07,2240,Chatham-Kent Health Unit,0.0222,329.0,3.09,0.8147,0.9624
32410,2021-04-07,2227,Brant County Health Unit,0.0473,538.0,3.46,0.5327,0.9483
32411,2021-04-06,2270,York Regional Health Unit,0.0924,3984.0,3.25,0.564,0.9295
32412,2021-04-06,2268,Windsor-Essex County Health Unit,0.0564,808.0,1.9,0.7079,0.9305
32413,2021-04-06,2266,Wellington-Dufferin-Guelph Health Unit,0.0497,1022.0,3.28,0.5372,0.8372
32414,2021-04-06,2265,Waterloo Health Unit,0.0447,1303.0,2.23,0.4872,0.8528
32415,2021-04-06,2263,Timiskaming Health Unit,0.0108,66.0,2.02,0.6575,0.9883
32416,2021-04-06,2262,Thunder Bay District Health Unit,0.0197,464.0,3.1,0.8687,0.9682
32417,2021-04-06,2261,Sudbury and District Health Unit,0.0355,728.0,3.66,0.7554,0.9443
32418,2021-04-06,4913,Southwestern Public Health,0.0239,609.0,2.88,0.6862,0.9137
32419,2021-04-06,2260,Simcoe Muskoka District Health Unit,0.0404,1890.0,3.15,0.5686,0.9401
32420,2021-04-06,2257,Renfrew County and District Health Unit,0.0136,336.0,3.1,0.4261,0.9058
32421,2021-04-06,2256,Porcupine Health Unit,0.0097,369.0,4.42,0.817,0.9467
32422,2021-04-06,2255,Peterborough County-City Health Unit,0.0245,397.0,2.68,0.7865,0.9562
32423,2021-04-06,2253,Peel Regional Health Unit,0.1265,4164.0,2.59,0.6704,0.9353
32424,2021-04-06,35,Ontario,0.0678,45421.0,3.06,0.6746,0.9363
32425,2021-04-06,2249,Northwestern Health Unit,0.0253,265.0,3.03,0.3605,0.7225
32426,2021-04-06,2247,North Bay Parry Sound District Health Unit,0.01,200.0,1.54,0.6836,0.9168
32427,2021-04-06,2246,Niagara Regional Area Health Unit,0.0697,1438.0,3.04,0.7926,0.9492
32428,2021-04-06,2244,Middlesex-London Health Unit,0.0491,1488.0,2.93,0.7984,0.9605
32429,2021-04-06,2243,"Leeds, Grenville and Lanark District Health Unit",0.0304,470.0,2.72,0.7207,0.9483
32430,2021-04-06,2242,Lambton Health Unit,0.0248,618.0,4.72,0.5201,0.9545
32431,2021-04-06,2241,"Kingston, Frontenac and Lennox and Addington Health Unit",0.0101,708.0,3.33,0.9001,0.9682
32432,2021-04-06,5183,Huron Perth Health Unit,0.0156,441.0,3.15,0.6941,0.9618
32433,2021-04-06,2238,Hastings and Prince Edward Counties Health Unit,0.0256,819.0,4.86,0.9176,0.9801
32434,2021-04-06,2236,Halton Regional Health Unit,0.0663,1603.0,2.59,0.7032,0.9444
32435,2021-04-06,2235,"Haliburton, Kawartha, Pine Ridge District Health Unit",0.0268,571.0,3.02,0.4912,0.8899
32436,2021-04-06,2234,Haldimand-Norfolk Health Unit,0.0347,354.0,3.1,0.5395,0.9511
32437,2021-04-06,2233,Grey Bruce Health Unit,0.0263,364.0,2.14,0.6283,0.9357
32438,2021-04-06,2258,Eastern Ontario Health Unit,0.0367,918.0,4.4,0.6273,0.9154
32439,2021-04-06,2230,Durham Regional Health Unit,0.0671,2409.0,3.38,0.5468,0.9478
32440,2021-04-06,2226,District of Algoma Health Unit,0.0096,371.0,3.24,0.7086,0.8964
32441,2021-04-06,3895,City of Toronto Health Unit,0.0935,9942.0,3.19,0.7337,0.9483
32442,2021-04-06,2251,City of Ottawa Health Unit,0.0593,3029.0,2.87,0.6171,0.9201
32443,2021-04-06,2237,City of Hamilton Health Unit,0.0599,1966.0,3.32,0.8767,0.9749
32444,2021-04-06,2240,Chatham-Kent Health Unit,0.0197,334.0,3.14,0.7759,0.9634
32445,2021-04-06,2227,Brant County Health Unit,0.0475,530.0,3.41,0.5309,0.9439
32446,2021-04-05,2270,York Regional Health Unit,0.0857,3926.0,3.2,0.564,0.9249
32447,2021-04-05,2268,Windsor-Essex County Health Unit,0.0558,809.0,1.9,0.6985,0.9368
32448,2021-04-05,2266,Wellington-Dufferin-Guelph Health Unit,0.049,933.0,2.99,0.5015,0.8257
32449,2021-04-05,2265,Waterloo Health Unit,0.0407,1295.0,2.22,0.4636,0.8375
32450,2021-04-05,2263,Timiskaming Health Unit,0.0141,71.0,2.17,0.6826,0.9744
32451,2021-04-05,2262,Thunder Bay District Health Unit,0.0253,458.0,3.05,0.8725,0.9678
32452,2021-04-05,2261,Sudbury and District Health Unit,0.0334,748.0,3.76,0.7371,0.9461
32453,2021-04-05,4913,Southwestern Public Health,0.024,601.0,2.84,0.6937,0.9154
32454,2021-04-05,2260,Simcoe Muskoka District Health Unit,0.0397,1831.0,3.05,0.5732,0.9404
32455,2021-04-05,2257,Renfrew County and District Health Unit,0.0072,316.0,2.91,0.397,0.9028
32456,2021-04-05,2256,Porcupine Health Unit,0.0092,341.0,4.08,0.8065,0.9442
32457,2021-04-05,2255,Peterborough County-City Health Unit,0.0236,388.0,2.62,0.7959,0.9564
32458,2021-04-05,2253,Peel Regional Health Unit,0.1222,4123.0,2.57,0.6559,0.9286
32459,2021-04-05,35,Ontario,0.0642,44993.0,3.03,0.6713,0.9349
32460,2021-04-05,2249,Northwestern Health Unit,0.0239,269.0,3.07,0.3722,0.729
32461,2021-04-05,2247,North Bay Parry Sound District Health Unit,0.0121,201.0,1.55,0.6964,0.9239
32462,2021-04-05,2246,Niagara Regional Area Health Unit,0.0692,1407.0,2.98,0.785,0.9557
32463,2021-04-05,2244,Middlesex-London Health Unit,0.0448,1499.0,2.95,0.8019,0.9619
32464,2021-04-05,2243,"Leeds, Grenville and Lanark District Health Unit",0.0293,453.0,2.62,0.728,0.9473
32465,2021-04-05,2242,Lambton Health Unit,0.0218,643.0,4.91,0.5448,0.9609
32466,2021-04-05,2241,"Kingston, Frontenac and Lennox and Addington Health Unit",0.0079,719.0,3.38,0.9009,0.9687
32467,2021-04-05,5183,Huron Perth Health Unit,0.0153,429.0,3.07,0.6996,0.962
32468,2021-04-05,2238,Hastings and Prince Edward Counties Health Unit,0.0269,776.0,4.6,0.9216,0.9822
32469,2021-04-05,2236,Halton Regional Health Unit,0.0597,1598.0,2.58,0.6933,0.9391
32470,2021-04-05,2235,"Haliburton, Kawartha, Pine Ridge District Health Unit",0.0249,561.0,2.97,0.4791,0.8963
32471,2021-04-05,2234,Haldimand-Norfolk Health Unit,0.0325,334.0,2.93,0.5485,0.9503
32472,2021-04-05,2233,Grey Bruce Health Unit,0.0245,380.0,2.23,0.6077,0.9341
32473,2021-04-05,2258,Eastern Ontario Health Unit,0.0366,890.0,4.26,0.6079,0.9158
32474,2021-04-05,2230,Durham Regional Health Unit,0.0612,2390.0,3.35,0.5379,0.9421
32475,2021-04-05,2226,District of Algoma Health Unit,0.0085,369.0,3.22,0.7269,0.8978
32476,2021-04-05,3895,City of Toronto Health Unit,0.0876,9943.0,3.19,0.7378,0.9488
32477,2021-04-05,2251,City of Ottawa Health Unit,0.0562,2998.0,2.84,0.6203,0.9224
32478,2021-04-05,2237,City of Hamilton Health Unit,0.0568,2006.0,3.39,0.8675,0.9728
32479,2021-04-05,2240,Chatham-Kent Health Unit,0.0215,333.0,3.13,0.784,0.9697
32480,2021-04-05,2227,Brant County Health Unit,0.0503,522.0,3.37,0.5244,0.9433
32481,2021-04-04,2270,York Regional Health Unit,0.08,3932.0,3.21,0.5739,0.9273
32482,2021-04-04,2268,Windsor-Essex County Health Unit,0.0555,822.0,1.93,0.6913,0.938
32483,2021-04-04,2266,Wellington-Dufferin-Guelph Health Unit,0.0502,906.0,2.9,0.4852,0.8406
32484,2021-04-04,2265,Waterloo Health Unit,0.0382,1320.0,2.26,0.4473,0.8375
32485,2021-04-04,2263,Timiskaming Health Unit,0.0103,83.0,2.53,0.6927,0.974
32486,2021-04-04,2262,Thunder Bay District Health Unit,0.0262,501.0,3.34,0.8715,0.9634
32487,2021-04-04,2261,Sudbury and District Health Unit,0.0314,745.0,3.74,0.7159,0.9385
32488,2021-04-04,4913,Southwestern Public Health,0.0243,622.0,2.94,0.6935,0.9168
32489,2021-04-04,2260,Simcoe Muskoka District Health Unit,0.0349,1933.0,3.22,0.5711,0.94
32490,2021-04-04,2257,Renfrew County and District Health Unit,0.008,305.0,2.81,0.3636,0.887
32491,2021-04-04,2256,Porcupine Health Unit,0.0074,329.0,3.94,0.7935,0.9457
32492,2021-04-04,2255,Peterborough County-City Health Unit,0.0232,393.0,2.66,0.7955,0.9562
32493,2021-04-04,2253,Peel Regional Health Unit,0.1208,4111.0,2.56,0.6444,0.9217
32494,2021-04-04,35,Ontario,0.0608,45749.0,3.08,0.6705,0.9348
32495,2021-04-04,2249,Northwestern Health Unit,0.0197,283.0,3.22,0.3751,0.7361
32496,2021-04-04,2247,North Bay Parry Sound District Health Unit,0.01,214.0,1.65,0.706,0.9282
32497,2021-04-04,2246,Niagara Regional Area Health Unit,0.0638,1381.0,2.92,0.7531,0.9536
32498,2021-04-04,2244,Middlesex-London Health Unit,0.0408,1539.0,3.03,0.8071,0.9616
32499,2021-04-04,2243,"Leeds, Grenville and Lanark District Health Unit",0.0268,474.0,2.74,0.7328,0.9502
32500,2021-04-04,2242,Lambton Health Unit,0.0213,691.0,5.28,0.5503,0.9619
32501,2021-04-04,2241,"Kingston, Frontenac and Lennox and Addington Health Unit",0.0076,750.0,3.52,0.9108,0.9756
32502,2021-04-04,5183,Huron Perth Health Unit,0.0121,450.0,3.22,0.6802,0.9645
32503,2021-04-04,2238,Hastings and Prince Edward Counties Health Unit,0.026,790.0,4.69,0.9224,0.9832
32504,2021-04-04,2236,Halton Regional Health Unit,0.056,1600.0,2.58,0.6862,0.9407
32505,2021-04-04,2235,"Haliburton, Kawartha, Pine Ridge District Health Unit",0.0259,579.0,3.07,0.4593,0.8863
32506,2021-04-04,2234,Haldimand-Norfolk Health Unit,0.0288,347.0,3.04,0.5418,0.9394
32507,2021-04-04,2233,Grey Bruce Health Unit,0.0244,380.0,2.24,0.598,0.9364
32508,2021-04-04,2258,Eastern Ontario Health Unit,0.0329,911.0,4.36,0.623,0.92
32509,2021-04-04,2230,Durham Regional Health Unit,0.0592,2418.0,3.39,0.5382,0.9429
32510,2021-04-04,2226,District of Algoma Health Unit,0.0068,379.0,3.31,0.7145,0.8879
32511,2021-04-04,3895,City of Toronto Health Unit,0.0826,10178.0,3.26,0.743,0.9472
32512,2021-04-04,2251,City of Ottawa Health Unit,0.0541,3070.0,2.91,0.6254,0.9273
32513,2021-04-04,2237,City of Hamilton Health Unit,0.053,1999.0,3.38,0.8549,0.9731
32514,2021-04-04,2240,Chatham-Kent Health Unit,0.026,357.0,3.36,0.7955,0.972
32515,2021-04-04,2227,Brant County Health Unit,0.0478,517.0,3.33,0.5433,0.9398
32516,2021-04-03,2270,York Regional Health Unit,0.0782,3921.0,3.2,0.5684,0.9279
32517,2021-04-03,2268,Windsor-Essex County Health Unit,0.0552,821.0,1.93,0.6611,0.9331
32518,2021-04-03,2266,Wellington-Dufferin-Guelph Health Unit,0.0437,884.0,2.83,0.4372,0.8418
32519,2021-04-03,2265,Waterloo Health Unit,0.0343,1323.0,2.26,0.4101,0.8438
32520,2021-04-03,2263,Timiskaming Health Unit,0.0104,82.0,2.52,0.6679,0.9723
32521,2021-04-03,2262,Thunder Bay District Health Unit,0.0329,503.0,3.36,0.8642,0.9754
32522,2021-04-03,2261,Sudbury and District Health Unit,0.0294,762.0,3.83,0.6993,0.9477
32523,2021-04-03,4913,Southwestern Public Health,0.0247,620.0,2.93,0.6869,0.9257
32524,2021-04-03,2260,Simcoe Muskoka District Health Unit,0.0331,1924.0,3.21,0.5389,0.9422
32525,2021-04-03,2257,Renfrew County and District Health Unit,0.0074,311.0,2.86,0.4098,0.9104
32526,2021-04-03,2256,Porcupine Health Unit,0.0064,313.0,3.75,0.7923,0.9489
32527,2021-04-03,2255,Peterborough County-City Health Unit,0.022,390.0,2.63,0.7714,0.9442
32528,2021-04-03,2253,Peel Regional Health Unit,0.1133,4134.0,2.57,0.6313,0.9232
32529,2021-04-03,35,Ontario,0.0582,45799.0,3.09,0.66,0.9394
32530,2021-04-03,2249,Northwestern Health Unit,0.0203,282.0,3.21,0.3986,0.8068
32531,2021-04-03,2247,North Bay Parry Sound District Health Unit,0.01,214.0,1.65,0.6904,0.9146
32532,2021-04-03,2246,Niagara Regional Area Health Unit,0.0605,1364.0,2.89,0.7313,0.9528
32533,2021-04-03,2244,Middlesex-London Health Unit,0.0391,1541.0,3.04,0.7934,0.969
32534,2021-04-03,2243,"Leeds, Grenville and Lanark District Health Unit",0.0237,476.0,2.75,0.7218,0.9532
32535,2021-04-03,2242,Lambton Health Unit,0.0208,716.0,5.46,0.545,0.9647
32536,2021-04-03,2241,"Kingston, Frontenac and Lennox and Addington Health Unit",0.007,771.0,3.62,0.9088,0.9755
32537,2021-04-03,5183,Huron Perth Health Unit,0.0095,451.0,3.23,0.6687,0.9658
32538,2021-04-03,2238,Hastings and Prince Edward Counties Health Unit,0.0243,758.0,4.5,0.9142,0.9825
32539,2021-04-03,2236,Halton Regional Health Unit,0.0537,1608.0,2.6,0.6838,0.9455
32540,2021-04-03,2235,"Haliburton, Kawartha, Pine Ridge District Health Unit",0.0229,567.0,3.0,0.4447,0.9011
32541,2021-04-03,2234,Haldimand-Norfolk Health Unit,0.0261,339.0,2.97,0.5408,0.9493
32542,2021-04-03,2233,Grey Bruce Health Unit,0.0221,393.0,2.32,0.5463,0.9286
32543,2021-04-03,2258,Eastern Ontario Health Unit,0.0327,949.0,4.55,0.6055,0.9419
32544,2021-04-03,2230,Durham Regional Health Unit,0.0578,2433.0,3.42,0.5297,0.947
32545,2021-04-03,2226,District of Algoma Health Unit,0.0066,366.0,3.2,0.6996,0.9091
32546,2021-04-03,3895,City of Toronto Health Unit,0.079,10176.0,3.26,0.7403,0.9515
32547,2021-04-03,2251,City of Ottawa Health Unit,0.0524,3068.0,2.91,0.6181,0.9345
32548,2021-04-03,2237,City of Hamilton Health Unit,0.0519,2017.0,3.41,0.8456,0.9746
32549,2021-04-03,2240,Chatham-Kent Health Unit,0.0287,353.0,3.32,0.7594,0.9728
32550,2021-04-03,2227,Brant County Health Unit,0.0429,530.0,3.41,0.5529,0.9568
32551,2021-04-02,2270,York Regional Health Unit,0.0762,3852.0,3.14,0.596,0.9337
32552,2021-04-02,2268,Windsor-Essex County Health Unit,0.0527,776.0,1.83,0.6725,0.9396
32553,2021-04-02,2266,Wellington-Dufferin-Guelph Health Unit,0.0381,873.0,2.8,0.4271,0.8535
32554,2021-04-02,2265,Waterloo Health Unit,0.0324,1315.0,2.25,0.4091,0.847
32555,2021-04-02,2263,Timiskaming Health Unit,0.009,79.0,2.42,0.7493,0.9783
32556,2021-04-02,2262,Thunder Bay District Health Unit,0.0341,523.0,3.49,0.8624,0.9729
32557,2021-04-02,2261,Sudbury and District Health Unit,0.0286,764.0,3.84,0.677,0.9357
32558,2021-04-02,4913,Southwestern Public Health,0.025,611.0,2.89,0.676,0.929
32559,2021-04-02,2260,Simcoe Muskoka District Health Unit,0.034,1871.0,3.12,0.5764,0.949
32560,2021-04-02,2257,Renfrew County and District Health Unit,0.0071,343.0,3.16,0.4544,0.9223
32561,2021-04-02,2256,Porcupine Health Unit,0.0057,299.0,3.58,0.806,0.9515
32562,2021-04-02,2255,Peterborough County-City Health Unit,0.0235,365.0,2.47,0.8143,0.9606
32563,2021-04-02,2253,Peel Regional Health Unit,0.1048,4200.0,2.62,0.6526,0.9278
32564,2021-04-02,35,Ontario,0.0559,45780.0,3.09,0.6767,0.9432
32565,2021-04-02,2249,Northwestern Health Unit,0.02,279.0,3.18,0.3899,0.8046
32566,2021-04-02,2247,North Bay Parry Sound District Health Unit,0.0092,218.0,1.68,0.7086,0.9265
32567,2021-04-02,2246,Niagara Regional Area Health Unit,0.0583,1347.0,2.85,0.7371,0.9552
32568,2021-04-02,2244,Middlesex-London Health Unit,0.0391,1512.0,2.98,0.7894,0.9766
32569,2021-04-02,2243,"Leeds, Grenville and Lanark District Health Unit",0.022,480.0,2.77,0.7222,0.9505
32570,2021-04-02,2242,Lambton Health Unit,0.0233,735.0,5.61,0.5538,0.9661
32571,2021-04-02,2241,"Kingston, Frontenac and Lennox and Addington Health Unit",0.0064,798.0,3.75,0.9219,0.9824
32572,2021-04-02,5183,Huron Perth Health Unit,0.0077,463.0,3.31,0.6633,0.9683
32573,2021-04-02,2238,Hastings and Prince Edward Counties Health Unit,0.0213,725.0,4.3,0.9222,0.9856
32574,2021-04-02,2236,Halton Regional Health Unit,0.0511,1633.0,2.64,0.7028,0.9526
32575,2021-04-02,2235,"Haliburton, Kawartha, Pine Ridge District Health Unit",0.0198,569.0,3.01,0.443,0.8931
32576,2021-04-02,2234,Haldimand-Norfolk Health Unit,0.0261,339.0,2.97,0.5922,0.9503
32577,2021-04-02,2233,Grey Bruce Health Unit,0.022,384.0,2.26,0.5496,0.9304
32578,2021-04-02,2258,Eastern Ontario Health Unit,0.0302,945.0,4.53,0.6367,0.9429
32579,2021-04-02,2230,Durham Regional Health Unit,0.0569,2422.0,3.4,0.5747,0.9533
32580,2021-04-02,2226,District of Algoma Health Unit,0.0069,351.0,3.07,0.7267,0.919
32581,2021-04-02,3895,City of Toronto Health Unit,0.0758,10241.0,3.28,0.7604,0.9551
32582,2021-04-02,2251,City of Ottawa Health Unit,0.049,3070.0,2.91,0.6259,0.9366
32583,2021-04-02,2237,City of Hamilton Health Unit,0.0523,2071.0,3.5,0.8373,0.9736
32584,2021-04-02,2240,Chatham-Kent Health Unit,0.0349,352.0,3.31,0.7538,0.9753
32585,2021-04-02,2227,Brant County Health Unit,0.0414,525.0,3.38,0.5925,0.9544
32586,2021-04-01,2270,York Regional Health Unit,0.072,3950.0,3.22,0.6126,0.9343
32587,2021-04-01,2268,Windsor-Essex County Health Unit,0.0507,800.0,1.88,0.6328,0.9364
32588,2021-04-01,2266,Wellington-Dufferin-Guelph Health Unit,0.0349,902.0,2.89,0.4173,0.8582
32589,2021-04-01,2265,Waterloo Health Unit,0.0314,1384.0,2.37,0.3919,0.8476
32590,2021-04-01,2263,Timiskaming Health Unit,0.0072,100.0,3.05,0.7781,0.9759
32591,2021-04-01,2262,Thunder Bay District Health Unit,0.0325,562.0,3.75,0.8727,0.973
32592,2021-04-01,2261,Sudbury and District Health Unit,0.0299,808.0,4.06,0.7004,0.9446
32593,2021-04-01,4913,Southwestern Public Health,0.0228,633.0,2.99,0.656,0.9304
32594,2021-04-01,2260,Simcoe Muskoka District Health Unit,0.0316,2001.0,3.34,0.5807,0.9469
32595,2021-04-01,2257,Renfrew County and District Health Unit,0.0064,358.0,3.3,0.4762,0.9313
32596,2021-04-01,2256,Porcupine Health Unit,0.0054,319.0,3.83,0.778,0.9469
32597,2021-04-01,2255,Peterborough County-City Health Unit,0.0194,383.0,2.59,0.816,0.9693
32598,2021-04-01,2253,Peel Regional Health Unit,0.0971,4428.0,2.76,0.6581,0.9328
32599,2021-04-01,35,Ontario,0.053,47956.0,3.23,0.681,0.9456
32600,2021-04-01,2249,Northwestern Health Unit,0.0184,304.0,3.46,0.4082,0.7959
32601,2021-04-01,2247,North Bay Parry Sound District Health Unit,0.0096,238.0,1.83,0.7168,0.9255
32602,2021-04-01,2246,Niagara Regional Area Health Unit,0.0507,1362.0,2.88,0.7405,0.9517
32603,2021-04-01,2244,Middlesex-London Health Unit,0.037,1570.0,3.09,0.758,0.966
32604,2021-04-01,2243,"Leeds, Grenville and Lanark District Health Unit",0.0212,532.0,3.07,0.749,0.9596
32605,2021-04-01,2242,Lambton Health Unit,0.0226,783.0,5.98,0.4969,0.9553
32606,2021-04-01,2241,"Kingston, Frontenac and Lennox and Addington Health Unit",0.0078,877.0,4.12,0.9302,0.9882
32607,2021-04-01,5183,Huron Perth Health Unit,0.0064,489.0,3.5,0.6032,0.949
32608,2021-04-01,2238,Hastings and Prince Edward Counties Health Unit,0.0187,719.0,4.26,0.9237,0.9828
32609,2021-04-01,2236,Halton Regional Health Unit,0.0482,1721.0,2.78,0.717,0.9521
32610,2021-04-01,2235,"Haliburton, Kawartha, Pine Ridge District Health Unit",0.0176,600.0,3.18,0.4663,0.8947
32611,2021-04-01,2234,Haldimand-Norfolk Health Unit,0.0274,370.0,3.24,0.5715,0.9274
32612,2021-04-01,2233,Grey Bruce Health Unit,0.0213,409.0,2.41,0.5468,0.9286
32613,2021-04-01,2258,Eastern Ontario Health Unit,0.0326,1042.0,4.99,0.674,0.9527
32614,2021-04-01,2230,Durham Regional Health Unit,0.0588,2535.0,3.56,0.5728,0.9574
32615,2021-04-01,2226,District of Algoma Health Unit,0.0049,376.0,3.29,0.7318,0.9273
32616,2021-04-01,3895,City of Toronto Health Unit,0.0722,10741.0,3.44,0.7709,0.9599
32617,2021-04-01,2251,City of Ottawa Health Unit,0.0472,3167.0,3.0,0.655,0.95
32618,2021-04-01,2237,City of Hamilton Health Unit,0.0512,2133.0,3.6,0.8282,0.9762
32619,2021-04-01,2240,Chatham-Kent Health Unit,0.0365,364.0,3.43,0.7319,0.9647
32620,2021-04-01,2227,Brant County Health Unit,0.0367,541.0,3.48,0.612,0.9545
32621,2021-03-31,2270,York Regional Health Unit,0.0698,3890.0,3.17,0.6198,0.9406
32622,2021-03-31,2268,Windsor-Essex County Health Unit,0.0461,797.0,1.88,0.6272,0.9343
32623,2021-03-31,2266,Wellington-Dufferin-Guelph Health Unit,0.029,887.0,2.84,0.4298,0.8546
32624,2021-03-31,2265,Waterloo Health Unit,0.0311,1398.0,2.39,0.3922,0.8894
32625,2021-03-31,2263,Timiskaming Health Unit,0.0053,107.0,3.27,0.7695,0.973
32626,2021-03-31,2262,Thunder Bay District Health Unit,0.0387,564.0,3.76,0.8633,0.9663
32627,2021-03-31,2261,Sudbury and District Health Unit,0.0276,886.0,4.45,0.7024,0.94
32628,2021-03-31,4913,Southwestern Public Health,0.0236,635.0,3.0,0.6664,0.946
32629,2021-03-31,2260,Simcoe Muskoka District Health Unit,0.0297,1919.0,3.2,0.5923,0.9429
32630,2021-03-31,2257,Renfrew County and District Health Unit,0.0081,337.0,3.1,0.5173,0.9441
32631,2021-03-31,2256,Porcupine Health Unit,0.006,287.0,3.43,0.7492,0.9459
32632,2021-03-31,2255,Peterborough County-City Health Unit,0.0177,346.0,2.34,0.8121,0.973
32633,2021-03-31,2253,Peel Regional Health Unit,0.095,4361.0,2.72,0.6653,0.9342
32634,2021-03-31,35,Ontario,0.0519,47043.0,3.17,0.6883,0.9492
32635,2021-03-31,2249,Northwestern Health Unit,0.0208,295.0,3.37,0.3701,0.7211
32636,2021-03-31,2247,North Bay Parry Sound District Health Unit,0.0098,233.0,1.8,0.7107,0.9229
32637,2021-03-31,2246,Niagara Regional Area Health Unit,0.0503,1310.0,2.77,0.74,0.9571
32638,2021-03-31,2244,Middlesex-London Health Unit,0.0339,1539.0,3.03,0.7627,0.9666
32639,2021-03-31,2243,"Leeds, Grenville and Lanark District Health Unit",0.0213,558.0,3.22,0.749,0.9636
32640,2021-03-31,2242,Lambton Health Unit,0.0248,761.0,5.81,0.4767,0.9526
32641,2021-03-31,2241,"Kingston, Frontenac and Lennox and Addington Health Unit",0.008,898.0,4.22,0.9325,0.9887
32642,2021-03-31,5183,Huron Perth Health Unit,0.0072,476.0,3.4,0.5717,0.945
32643,2021-03-31,2238,Hastings and Prince Edward Counties Health Unit,0.0191,675.0,4.0,0.9255,0.9852
32644,2021-03-31,2236,Halton Regional Health Unit,0.046,1650.0,2.67,0.7389,0.96
32645,2021-03-31,2235,"Haliburton, Kawartha, Pine Ridge District Health Unit",0.0156,578.0,3.06,0.4757,0.9127
32646,2021-03-31,2234,Haldimand-Norfolk Health Unit,0.0312,339.0,2.97,0.5776,0.9284
32647,2021-03-31,2233,Grey Bruce Health Unit,0.017,411.0,2.42,0.5344,0.9251
32648,2021-03-31,2258,Eastern Ontario Health Unit,0.0325,1004.0,4.81,0.6729,0.954
32649,2021-03-31,2230,Durham Regional Health Unit,0.0626,2401.0,3.37,0.585,0.9585
32650,2021-03-31,2226,District of Algoma Health Unit,0.0036,360.0,3.14,0.7197,0.9125
32651,2021-03-31,3895,City of Toronto Health Unit,0.07,10495.0,3.36,0.7807,0.9655
32652,2021-03-31,2251,City of Ottawa Health Unit,0.0459,3146.0,2.98,0.6751,0.9546
32653,2021-03-31,2237,City of Hamilton Health Unit,0.0524,2157.0,3.64,0.8276,0.9756
32654,2021-03-31,2240,Chatham-Kent Health Unit,0.037,371.0,3.49,0.7443,0.9663
32655,2021-03-31,2227,Brant County Health Unit,0.0313,520.0,3.35,0.6132,0.9638
32656,2021-03-30,2270,York Regional Health Unit,0.0694,3780.0,3.08,0.6241,0.9487
32657,2021-03-30,2268,Windsor-Essex County Health Unit,0.0471,798.0,1.88,0.5947,0.9341
32658,2021-03-30,2266,Wellington-Dufferin-Guelph Health Unit,0.0256,872.0,2.8,0.45,0.8568
32659,2021-03-30,2265,Waterloo Health Unit,0.0291,1390.0,2.38,0.3948,0.8925
32660,2021-03-30,2263,Timiskaming Health Unit,0.0055,104.0,3.18,0.7784,0.9699
32661,2021-03-30,2262,Thunder Bay District Health Unit,0.0421,529.0,3.53,0.8723,0.9661
32662,2021-03-30,2261,Sudbury and District Health Unit,0.0273,909.0,4.57,0.6907,0.9371
32663,2021-03-30,4913,Southwestern Public Health,0.0227,636.0,3.01,0.6454,0.945
32664,2021-03-30,2260,Simcoe Muskoka District Health Unit,0.0297,1832.0,3.05,0.6378,0.9523
32665,2021-03-30,2257,Renfrew County and District Health Unit,0.0103,345.0,3.18,0.5395,0.9429
32666,2021-03-30,2256,Porcupine Health Unit,0.0044,260.0,3.12,0.7868,0.9468
32667,2021-03-30,2255,Peterborough County-City Health Unit,0.0176,341.0,2.3,0.8318,0.9721
32668,2021-03-30,2253,Peel Regional Health Unit,0.0912,4371.0,2.72,0.6689,0.9339
32669,2021-03-30,35,Ontario,0.0509,46315.0,3.12,0.6916,0.9496
32670,2021-03-30,2249,Northwestern Health Unit,0.02,286.0,3.26,0.3693,0.683
32671,2021-03-30,2247,North Bay Parry Sound District Health Unit,0.0096,224.0,1.72,0.7011,0.9183
32672,2021-03-30,2246,Niagara Regional Area Health Unit,0.0461,1258.0,2.66,0.7484,0.9565
32673,2021-03-30,2244,Middlesex-London Health Unit,0.0314,1517.0,2.99,0.748,0.9644
32674,2021-03-30,2243,"Leeds, Grenville and Lanark District Health Unit",0.0224,580.0,3.35,0.7592,0.9697
32675,2021-03-30,2242,Lambton Health Unit,0.0244,779.0,5.95,0.4719,0.9681
32676,2021-03-30,2241,"Kingston, Frontenac and Lennox and Addington Health Unit",0.0076,883.0,4.15,0.9339,0.9881
32677,2021-03-30,5183,Huron Perth Health Unit,0.0057,449.0,3.21,0.5476,0.9424
32678,2021-03-30,2238,Hastings and Prince Edward Counties Health Unit,0.0201,611.0,3.63,0.926,0.9836
32679,2021-03-30,2236,Halton Regional Health Unit,0.0451,1623.0,2.62,0.7512,0.959
32680,2021-03-30,2235,"Haliburton, Kawartha, Pine Ridge District Health Unit",0.0153,552.0,2.92,0.486,0.9115
32681,2021-03-30,2234,Haldimand-Norfolk Health Unit,0.0312,329.0,2.89,0.5789,0.9275
32682,2021-03-30,2233,Grey Bruce Health Unit,0.0184,403.0,2.37,0.497,0.9228
32683,2021-03-30,2258,Eastern Ontario Health Unit,0.0298,970.0,4.65,0.6844,0.9545
32684,2021-03-30,2230,Durham Regional Health Unit,0.0634,2315.0,3.25,0.6012,0.9579
32685,2021-03-30,2226,District of Algoma Health Unit,0.0032,358.0,3.13,0.721,0.9079
32686,2021-03-30,3895,City of Toronto Health Unit,0.0697,10359.0,3.32,0.7824,0.9639
32687,2021-03-30,2251,City of Ottawa Health Unit,0.0425,3118.0,2.96,0.6662,0.9541
32688,2021-03-30,2237,City of Hamilton Health Unit,0.0519,2193.0,3.7,0.8377,0.9757
32689,2021-03-30,2240,Chatham-Kent Health Unit,0.0364,369.0,3.47,0.7424,0.9621
32690,2021-03-30,2227,Brant County Health Unit,0.0289,524.0,3.38,0.6198,0.9691
32691,2021-03-29,2270,York Regional Health Unit,0.0691,3697.0,3.02,0.6372,0.9576
32692,2021-03-29,2268,Windsor-Essex County Health Unit,0.0433,772.0,1.82,0.5919,0.932
32693,2021-03-29,2266,Wellington-Dufferin-Guelph Health Unit,0.0216,868.0,2.78,0.4737,0.8612
32694,2021-03-29,2265,Waterloo Health Unit,0.0297,1408.0,2.41,0.4266,0.9101
32695,2021-03-29,2263,Timiskaming Health Unit,0.0027,104.0,3.18,0.7523,0.9844
32696,2021-03-29,2262,Thunder Bay District Health Unit,0.0432,545.0,3.64,0.8681,0.9634
32697,2021-03-29,2261,Sudbury and District Health Unit,0.0313,898.0,4.51,0.6907,0.9335
32698,2021-03-29,4913,Southwestern Public Health,0.0215,631.0,2.99,0.6409,0.9433
32699,2021-03-29,2260,Simcoe Muskoka District Health Unit,0.0279,1789.0,2.98,0.6513,0.9535
32700,2021-03-29,2257,Renfrew County and District Health Unit,0.0127,349.0,3.22,0.539,0.9367
32701,2021-03-29,2256,Porcupine Health Unit,0.0038,266.0,3.19,0.7863,0.9486
32702,2021-03-29,2255,Peterborough County-City Health Unit,0.0163,360.0,2.43,0.8296,0.9734
32703,2021-03-29,2253,Peel Regional Health Unit,0.0868,4300.0,2.68,0.6809,0.9414
32704,2021-03-29,35,Ontario,0.0497,45648.0,3.08,0.6958,0.9503
32705,2021-03-29,2249,Northwestern Health Unit,0.0183,282.0,3.21,0.3725,0.6987
32706,2021-03-29,2247,North Bay Parry Sound District Health Unit,0.0065,219.0,1.69,0.6974,0.9169
32707,2021-03-29,2246,Niagara Regional Area Health Unit,0.038,1263.0,2.67,0.7663,0.9571
32708,2021-03-29,2244,Middlesex-London Health Unit,0.0315,1449.0,2.85,0.7438,0.9646
32709,2021-03-29,2243,"Leeds, Grenville and Lanark District Health Unit",0.0205,614.0,3.54,0.7589,0.971
32710,2021-03-29,2242,Lambton Health Unit,0.0266,768.0,5.87,0.457,0.9032
32711,2021-03-29,2241,"Kingston, Frontenac and Lennox and Addington Health Unit",0.0079,867.0,4.07,0.9324,0.9878
32712,2021-03-29,5183,Huron Perth Health Unit,0.0066,436.0,3.12,0.5269,0.9379
32713,2021-03-29,2238,Hastings and Prince Edward Counties Health Unit,0.0135,594.0,3.53,0.9212,0.9819
32714,2021-03-29,2236,Halton Regional Health Unit,0.0425,1616.0,2.61,0.7615,0.9657
32715,2021-03-29,2235,"Haliburton, Kawartha, Pine Ridge District Health Unit",0.014,543.0,2.87,0.5118,0.9176
32716,2021-03-29,2234,Haldimand-Norfolk Health Unit,0.0288,343.0,3.0,0.5836,0.9319
32717,2021-03-29,2233,Grey Bruce Health Unit,0.0196,379.0,2.23,0.473,0.9186
32718,2021-03-29,2258,Eastern Ontario Health Unit,0.0304,968.0,4.64,0.674,0.9473
32719,2021-03-29,2230,Durham Regional Health Unit,0.0628,2227.0,3.13,0.6149,0.9657
32720,2021-03-29,2226,District of Algoma Health Unit,0.0028,352.0,3.08,0.6993,0.9022
32721,2021-03-29,3895,City of Toronto Health Unit,0.0689,10192.0,3.27,0.7903,0.9657
32722,2021-03-29,2251,City of Ottawa Health Unit,0.0417,3038.0,2.88,0.6485,0.9399
32723,2021-03-29,2237,City of Hamilton Health Unit,0.0529,2175.0,3.67,0.8436,0.9759
32724,2021-03-29,2240,Chatham-Kent Health Unit,0.039,355.0,3.34,0.6903,0.9597
32725,2021-03-29,2227,Brant County Health Unit,0.0262,535.0,3.45,0.6229,0.97
32726,2021-03-28,2270,York Regional Health Unit,0.0675,3684.0,3.01,0.6346,0.9616
32727,2021-03-28,2268,Windsor-Essex County Health Unit,0.0408,791.0,1.86,0.611,0.932
32728,2021-03-28,2266,Wellington-Dufferin-Guelph Health Unit,0.0197,856.0,2.74,0.4829,0.8507
32729,2021-03-28,2265,Waterloo Health Unit,0.0285,1398.0,2.39,0.4329,0.9148
32730,2021-03-28,2263,Timiskaming Health Unit,0.0096,104.0,3.18,0.7519,0.9852
32731,2021-03-28,2262,Thunder Bay District Health Unit,0.0447,521.0,3.47,0.8434,0.958
32732,2021-03-28,2261,Sudbury and District Health Unit,0.0324,927.0,4.66,0.7235,0.9414
32733,2021-03-28,4913,Southwestern Public Health,0.0196,627.0,2.97,0.6448,0.9443
32734,2021-03-28,2260,Simcoe Muskoka District Health Unit,0.0267,1726.0,2.88,0.66,0.9555
32735,2021-03-28,2257,Renfrew County and District Health Unit,0.0128,346.0,3.18,0.5324,0.938
32736,2021-03-28,2256,Porcupine Health Unit,0.0034,256.0,3.06,0.7879,0.9557
32737,2021-03-28,2255,Peterborough County-City Health Unit,0.0142,341.0,2.3,0.8285,0.9732
32738,2021-03-28,2253,Peel Regional Health Unit,0.0834,4277.0,2.66,0.7027,0.949
32739,2021-03-28,35,Ontario,0.0482,45054.0,3.04,0.703,0.9512
32740,2021-03-28,2249,Northwestern Health Unit,0.0203,289.0,3.3,0.373,0.6944
32741,2021-03-28,2247,North Bay Parry Sound District Health Unit,0.0065,221.0,1.7,0.7002,0.9178
32742,2021-03-28,2246,Niagara Regional Area Health Unit,0.0369,1247.0,2.64,0.8022,0.957
32743,2021-03-28,2244,Middlesex-London Health Unit,0.0293,1428.0,2.81,0.7376,0.9622
32744,2021-03-28,2243,"Leeds, Grenville and Lanark District Health Unit",0.0227,636.0,3.67,0.7601,0.9715
32745,2021-03-28,2242,Lambton Health Unit,0.0279,808.0,6.17,0.4647,0.9027
32746,2021-03-28,2241,"Kingston, Frontenac and Lennox and Addington Health Unit",0.0077,858.0,4.03,0.9306,0.9876
32747,2021-03-28,5183,Huron Perth Health Unit,0.0061,420.0,3.01,0.5434,0.9369
32748,2021-03-28,2238,Hastings and Prince Edward Counties Health Unit,0.011,558.0,3.31,0.9188,0.9811
32749,2021-03-28,2236,Halton Regional Health Unit,0.0387,1608.0,2.6,0.7966,0.9663
32750,2021-03-28,2235,"Haliburton, Kawartha, Pine Ridge District Health Unit",0.01,541.0,2.87,0.5336,0.929
32751,2021-03-28,2234,Haldimand-Norfolk Health Unit,0.0262,349.0,3.06,0.5853,0.9348
32752,2021-03-28,2233,Grey Bruce Health Unit,0.0169,371.0,2.18,0.4879,0.9164
32753,2021-03-28,2258,Eastern Ontario Health Unit,0.0323,934.0,4.48,0.6575,0.9407
32754,2021-03-28,2230,Durham Regional Health Unit,0.0614,2167.0,3.04,0.6314,0.9642
32755,2021-03-28,2226,District of Algoma Health Unit,0.0033,348.0,3.04,0.7066,0.9096
32756,2021-03-28,3895,City of Toronto Health Unit,0.0671,9977.0,3.2,0.7975,0.9681
32757,2021-03-28,2251,City of Ottawa Health Unit,0.0393,3034.0,2.88,0.6269,0.931
32758,2021-03-28,2237,City of Hamilton Health Unit,0.0527,2120.0,3.58,0.8614,0.9761
32759,2021-03-28,2240,Chatham-Kent Health Unit,0.0383,317.0,2.99,0.6751,0.9573
32760,2021-03-28,2227,Brant County Health Unit,0.0256,530.0,3.41,0.632,0.9749
32761,2021-03-27,2270,York Regional Health Unit,0.0657,3641.0,2.97,0.6383,0.9621
32762,2021-03-27,2268,Windsor-Essex County Health Unit,0.0366,788.0,1.85,0.6359,0.9394
32763,2021-03-27,2266,Wellington-Dufferin-Guelph Health Unit,0.02,850.0,2.73,0.5123,0.8549
32764,2021-03-27,2265,Waterloo Health Unit,0.028,1373.0,2.35,0.416,0.9197
32765,2021-03-27,2263,Timiskaming Health Unit,0.01,115.0,3.51,0.76,0.9827
32766,2021-03-27,2262,Thunder Bay District Health Unit,0.0407,527.0,3.52,0.8566,0.9499
32767,2021-03-27,2261,Sudbury and District Health Unit,0.0316,999.0,5.02,0.7314,0.937
32768,2021-03-27,4913,Southwestern Public Health,0.0205,633.0,2.99,0.6456,0.9435
32769,2021-03-27,2260,Simcoe Muskoka District Health Unit,0.0271,1701.0,2.84,0.689,0.9568
32770,2021-03-27,2257,Renfrew County and District Health Unit,0.0128,346.0,3.18,0.5044,0.9482
32771,2021-03-27,2256,Porcupine Health Unit,0.0038,260.0,3.12,0.7791,0.9503
32772,2021-03-27,2255,Peterborough County-City Health Unit,0.0138,341.0,2.3,0.8331,0.9841
32773,2021-03-27,2253,Peel Regional Health Unit,0.0816,4259.0,2.65,0.7201,0.9488
32774,2021-03-27,35,Ontario,0.0472,44733.0,3.02,0.7107,0.9516
32775,2021-03-27,2249,Northwestern Health Unit,0.0189,295.0,3.37,0.3641,0.6633
32776,2021-03-27,2247,North Bay Parry Sound District Health Unit,0.0064,222.0,1.71,0.6839,0.9147
32777,2021-03-27,2246,Niagara Regional Area Health Unit,0.0363,1233.0,2.61,0.8275,0.9592
32778,2021-03-27,2244,Middlesex-London Health Unit,0.0275,1409.0,2.78,0.7411,0.9617
32779,2021-03-27,2243,"Leeds, Grenville and Lanark District Health Unit",0.0251,654.0,3.78,0.7676,0.9744
32780,2021-03-27,2242,Lambton Health Unit,0.0291,805.0,6.14,0.4699,0.9047
32781,2021-03-27,2241,"Kingston, Frontenac and Lennox and Addington Health Unit",0.0079,845.0,3.97,0.9256,0.9875
32782,2021-03-27,5183,Huron Perth Health Unit,0.0062,416.0,2.98,0.5432,0.9354
32783,2021-03-27,2238,Hastings and Prince Edward Counties Health Unit,0.0091,552.0,3.28,0.9135,0.9815
32784,2021-03-27,2236,Halton Regional Health Unit,0.0385,1607.0,2.6,0.8311,0.9666
32785,2021-03-27,2235,"Haliburton, Kawartha, Pine Ridge District Health Unit",0.0098,541.0,2.86,0.5413,0.9348
32786,2021-03-27,2234,Haldimand-Norfolk Health Unit,0.0282,350.0,3.07,0.5831,0.9329
32787,2021-03-27,2233,Grey Bruce Health Unit,0.0178,362.0,2.13,0.511,0.9271
32788,2021-03-27,2258,Eastern Ontario Health Unit,0.0317,911.0,4.37,0.6702,0.9374
32789,2021-03-27,2230,Durham Regional Health Unit,0.0601,2133.0,2.99,0.6384,0.9654
32790,2021-03-27,2226,District of Algoma Health Unit,0.0024,353.0,3.09,0.6755,0.9118
32791,2021-03-27,3895,City of Toronto Health Unit,0.0659,9897.0,3.17,0.8068,0.9698
32792,2021-03-27,2251,City of Ottawa Health Unit,0.0389,2957.0,2.8,0.6126,0.929
32793,2021-03-27,2237,City of Hamilton Health Unit,0.0517,2079.0,3.51,0.8726,0.9739
32794,2021-03-27,2240,Chatham-Kent Health Unit,0.0391,325.0,3.06,0.671,0.9596
32795,2021-03-27,2227,Brant County Health Unit,0.0239,513.0,3.31,0.6752,0.9745
32796,2021-03-26,2270,York Regional Health Unit,0.0636,3601.0,2.94,0.6473,0.9614
32797,2021-03-26,2268,Windsor-Essex County Health Unit,0.0364,789.0,1.86,0.6408,0.9443
32798,2021-03-26,2266,Wellington-Dufferin-Guelph Health Unit,0.019,829.0,2.66,0.5379,0.8715
32799,2021-03-26,2265,Waterloo Health Unit,0.0265,1353.0,2.31,0.4027,0.9239
32800,2021-03-26,2263,Timiskaming Health Unit,0.0101,127.0,3.88,0.7255,0.9544
32801,2021-03-26,2262,Thunder Bay District Health Unit,0.0436,515.0,3.43,0.8675,0.9537
32802,2021-03-26,2261,Sudbury and District Health Unit,0.031,1038.0,5.21,0.7417,0.9444
32803,2021-03-26,4913,Southwestern Public Health,0.0192,639.0,3.02,0.6659,0.947
32804,2021-03-26,2260,Simcoe Muskoka District Health Unit,0.0263,1675.0,2.79,0.7126,0.9608
32805,2021-03-26,2257,Renfrew County and District Health Unit,0.012,322.0,2.97,0.5026,0.9235
32806,2021-03-26,2256,Porcupine Health Unit,0.0043,263.0,3.16,0.7752,0.9511
32807,2021-03-26,2255,Peterborough County-City Health Unit,0.0132,345.0,2.33,0.8152,0.9834
32808,2021-03-26,2253,Peel Regional Health Unit,0.0843,4077.0,2.54,0.7255,0.9466
32809,2021-03-26,35,Ontario,0.0463,43848.0,2.96,0.7204,0.9518
32810,2021-03-26,2249,Northwestern Health Unit,0.0193,296.0,3.38,0.3519,0.6503
32811,2021-03-26,2247,North Bay Parry Sound District Health Unit,0.0059,218.0,1.68,0.7009,0.906
32812,2021-03-26,2246,Niagara Regional Area Health Unit,0.0341,1221.0,2.58,0.8299,0.9596
32813,2021-03-26,2244,Middlesex-London Health Unit,0.0255,1402.0,2.76,0.7519,0.9585
32814,2021-03-26,2243,"Leeds, Grenville and Lanark District Health Unit",0.025,656.0,3.79,0.7893,0.9778
32815,2021-03-26,2242,Lambton Health Unit,0.0297,804.0,6.14,0.4798,0.9035
32816,2021-03-26,2241,"Kingston, Frontenac and Lennox and Addington Health Unit",0.0081,829.0,3.9,0.9255,0.9859
32817,2021-03-26,5183,Huron Perth Health Unit,0.0057,398.0,2.85,0.5793,0.9394
32818,2021-03-26,2238,Hastings and Prince Edward Counties Health Unit,0.0082,539.0,3.2,0.9095,0.981
32819,2021-03-26,2236,Halton Regional Health Unit,0.0359,1576.0,2.55,0.8507,0.9679
32820,2021-03-26,2235,"Haliburton, Kawartha, Pine Ridge District Health Unit",0.0094,532.0,2.82,0.5261,0.9442
32821,2021-03-26,2234,Haldimand-Norfolk Health Unit,0.0273,346.0,3.03,0.6051,0.9425
32822,2021-03-26,2233,Grey Bruce Health Unit,0.019,361.0,2.13,0.5348,0.9305
32823,2021-03-26,2258,Eastern Ontario Health Unit,0.0334,898.0,4.3,0.6856,0.9493
32824,2021-03-26,2230,Durham Regional Health Unit,0.059,2050.0,2.88,0.6658,0.965
32825,2021-03-26,2226,District of Algoma Health Unit,0.0028,352.0,3.08,0.6588,0.8908
32826,2021-03-26,3895,City of Toronto Health Unit,0.065,9649.0,3.09,0.8115,0.9677
32827,2021-03-26,2251,City of Ottawa Health Unit,0.0371,2851.0,2.7,0.6412,0.9348
32828,2021-03-26,2237,City of Hamilton Health Unit,0.0503,2041.0,3.45,0.8865,0.975
32829,2021-03-26,2240,Chatham-Kent Health Unit,0.0337,323.0,3.03,0.6517,0.9597
32830,2021-03-26,2227,Brant County Health Unit,0.0218,517.0,3.33,0.6758,0.9663
32831,2021-03-25,2270,York Regional Health Unit,0.0595,3556.0,2.9,0.6712,0.9644
32832,2021-03-25,2268,Windsor-Essex County Health Unit,0.0323,787.0,1.85,0.6581,0.9501
32833,2021-03-25,2266,Wellington-Dufferin-Guelph Health Unit,0.0206,812.0,2.6,0.5481,0.8831
32834,2021-03-25,2265,Waterloo Health Unit,0.0246,1357.0,2.32,0.4359,0.9383
32835,2021-03-25,2263,Timiskaming Health Unit,0.0131,120.0,3.67,0.7341,0.9533
32836,2021-03-25,2262,Thunder Bay District Health Unit,0.043,528.0,3.52,0.8544,0.9449
32837,2021-03-25,2261,Sudbury and District Health Unit,0.0302,1064.0,5.35,0.702,0.9288
32838,2021-03-25,4913,Southwestern Public Health,0.0197,645.0,3.05,0.6873,0.9493
32839,2021-03-25,2260,Simcoe Muskoka District Health Unit,0.0271,1647.0,2.75,0.7242,0.9588
32840,2021-03-25,2257,Renfrew County and District Health Unit,0.0114,326.0,3.01,0.5331,0.9189
32841,2021-03-25,2256,Porcupine Health Unit,0.0037,268.0,3.22,0.7834,0.9654
32842,2021-03-25,2255,Peterborough County-City Health Unit,0.0111,336.0,2.27,0.8021,0.9829
32843,2021-03-25,2253,Peel Regional Health Unit,0.0839,3979.0,2.48,0.7377,0.943
32844,2021-03-25,35,Ontario,0.0452,43196.0,2.91,0.7285,0.9524
32845,2021-03-25,2249,Northwestern Health Unit,0.0195,293.0,3.34,0.327,0.6105
32846,2021-03-25,2247,North Bay Parry Sound District Health Unit,0.0087,214.0,1.65,0.6901,0.9127
32847,2021-03-25,2246,Niagara Regional Area Health Unit,0.0309,1210.0,2.56,0.8359,0.9583
32848,2021-03-25,2244,Middlesex-London Health Unit,0.0224,1406.0,2.77,0.7856,0.9719
32849,2021-03-25,2243,"Leeds, Grenville and Lanark District Health Unit",0.0246,649.0,3.75,0.7888,0.9758
32850,2021-03-25,2242,Lambton Health Unit,0.0298,831.0,6.34,0.5111,0.9139
32851,2021-03-25,2241,"Kingston, Frontenac and Lennox and Addington Health Unit",0.0066,779.0,3.66,0.9156,0.9811
32852,2021-03-25,5183,Huron Perth Health Unit,0.006,402.0,2.88,0.6165,0.9719
32853,2021-03-25,2238,Hastings and Prince Edward Counties Health Unit,0.0054,531.0,3.15,0.9122,0.9849
32854,2021-03-25,2236,Halton Regional Health Unit,0.0354,1583.0,2.56,0.8332,0.971
32855,2021-03-25,2235,"Haliburton, Kawartha, Pine Ridge District Health Unit",0.0083,532.0,2.82,0.4937,0.9327
32856,2021-03-25,2234,Haldimand-Norfolk Health Unit,0.0255,347.0,3.04,0.659,0.9642
32857,2021-03-25,2233,Grey Bruce Health Unit,0.0183,360.0,2.12,0.5093,0.9317
32858,2021-03-25,2258,Eastern Ontario Health Unit,0.0309,865.0,4.14,0.6564,0.9474
32859,2021-03-25,2230,Durham Regional Health Unit,0.0557,1983.0,2.78,0.7202,0.9644
32860,2021-03-25,2226,District of Algoma Health Unit,0.0024,355.0,3.1,0.6302,0.8789
32861,2021-03-25,3895,City of Toronto Health Unit,0.0653,9260.0,2.97,0.8181,0.9682
32862,2021-03-25,2251,City of Ottawa Health Unit,0.0365,2887.0,2.74,0.6407,0.9325
32863,2021-03-25,2237,City of Hamilton Health Unit,0.0499,2017.0,3.41,0.9017,0.9739
32864,2021-03-25,2240,Chatham-Kent Health Unit,0.0365,329.0,3.09,0.6289,0.9827
32865,2021-03-25,2227,Brant County Health Unit,0.0235,516.0,3.33,0.6644,0.9673
32866,2021-03-24,2270,York Regional Health Unit,0.0573,3491.0,2.85,0.6869,0.9673
32867,2021-03-24,2268,Windsor-Essex County Health Unit,0.0317,788.0,1.86,0.6579,0.9542
32868,2021-03-24,2266,Wellington-Dufferin-Guelph Health Unit,0.0207,796.0,2.55,0.5302,0.8943
32869,2021-03-24,2265,Waterloo Health Unit,0.0237,1366.0,2.34,0.4731,0.9375
32870,2021-03-24,2263,Timiskaming Health Unit,0.018,111.0,3.4,0.7595,0.9524
32871,2021-03-24,2262,Thunder Bay District Health Unit,0.0441,518.0,3.45,0.8661,0.9531
32872,2021-03-24,2261,Sudbury and District Health Unit,0.0307,1049.0,5.27,0.6693,0.9292
32873,2021-03-24,4913,Southwestern Public Health,0.0176,651.0,3.08,0.7055,0.9611
32874,2021-03-24,2260,Simcoe Muskoka District Health Unit,0.0261,1661.0,2.77,0.7229,0.9591
32875,2021-03-24,2257,Renfrew County and District Health Unit,0.0109,327.0,3.01,0.4905,0.8924
32876,2021-03-24,2256,Porcupine Health Unit,0.0027,266.0,3.19,0.7574,0.9578
32877,2021-03-24,2255,Peterborough County-City Health Unit,0.0112,345.0,2.33,0.8056,0.9822
32878,2021-03-24,2253,Peel Regional Health Unit,0.0822,3847.0,2.4,0.7325,0.9416
32879,2021-03-24,35,Ontario,0.0435,42606.0,2.87,0.7254,0.9507
32880,2021-03-24,2249,Northwestern Health Unit,0.0145,306.0,3.49,0.3549,0.6691
32881,2021-03-24,2247,North Bay Parry Sound District Health Unit,0.0078,219.0,1.68,0.706,0.9113
32882,2021-03-24,2246,Niagara Regional Area Health Unit,0.029,1208.0,2.56,0.834,0.9549
32883,2021-03-24,2244,Middlesex-London Health Unit,0.0206,1420.0,2.8,0.7831,0.9676
32884,2021-03-24,2243,"Leeds, Grenville and Lanark District Health Unit",0.0254,630.0,3.64,0.7887,0.9722
32885,2021-03-24,2242,Lambton Health Unit,0.0303,876.0,6.69,0.5059,0.9037
32886,2021-03-24,2241,"Kingston, Frontenac and Lennox and Addington Health Unit",0.0061,750.0,3.53,0.9138,0.9803
32887,2021-03-24,5183,Huron Perth Health Unit,0.0053,404.0,2.89,0.5755,0.9615
32888,2021-03-24,2238,Hastings and Prince Edward Counties Health Unit,0.003,531.0,3.15,0.9104,0.9852
32889,2021-03-24,2236,Halton Regional Health Unit,0.0323,1585.0,2.56,0.8119,0.969
32890,2021-03-24,2235,"Haliburton, Kawartha, Pine Ridge District Health Unit",0.0077,539.0,2.85,0.4839,0.9318
32891,2021-03-24,2234,Haldimand-Norfolk Health Unit,0.0241,349.0,3.06,0.6417,0.9299
32892,2021-03-24,2233,Grey Bruce Health Unit,0.0176,350.0,2.06,0.4728,0.9327
32893,2021-03-24,2258,Eastern Ontario Health Unit,0.0321,842.0,4.03,0.6647,0.9404
32894,2021-03-24,2230,Durham Regional Health Unit,0.052,1965.0,2.76,0.7275,0.9625
32895,2021-03-24,2226,District of Algoma Health Unit,0.0016,358.0,3.13,0.6506,0.8855
32896,2021-03-24,3895,City of Toronto Health Unit,0.0645,9016.0,2.89,0.815,0.9649
32897,2021-03-24,2251,City of Ottawa Health Unit,0.034,2840.0,2.69,0.6342,0.924
32898,2021-03-24,2237,City of Hamilton Health Unit,0.0483,1953.0,3.3,0.9019,0.9739
32899,2021-03-24,2240,Chatham-Kent Health Unit,0.0342,322.0,3.03,0.5807,0.9795
32900,2021-03-24,2227,Brant County Health Unit,0.0211,515.0,3.32,0.6586,0.9532
32901,2021-03-23,2270,York Regional Health Unit,0.0539,3405.0,2.78,0.6817,0.9675
32902,2021-03-23,2268,Windsor-Essex County Health Unit,0.0277,785.0,1.85,0.6772,0.9557
32903,2021-03-23,2266,Wellington-Dufferin-Guelph Health Unit,0.02,793.0,2.54,0.5086,0.8964
32904,2021-03-23,2265,Waterloo Health Unit,0.0214,1416.0,2.42,0.4862,0.9383
32905,2021-03-23,2263,Timiskaming Health Unit,0.0157,109.0,3.33,0.7688,0.9523
32906,2021-03-23,2262,Thunder Bay District Health Unit,0.0475,530.0,3.53,0.8559,0.9494
32907,2021-03-23,2261,Sudbury and District Health Unit,0.0317,1049.0,5.27,0.6882,0.9363
32908,2021-03-23,4913,Southwestern Public Health,0.0155,653.0,3.09,0.7311,0.964
32909,2021-03-23,2260,Simcoe Muskoka District Health Unit,0.0243,1678.0,2.8,0.7197,0.9619
32910,2021-03-23,2257,Renfrew County and District Health Unit,0.0082,312.0,2.87,0.4407,0.8966
32911,2021-03-23,2256,Porcupine Health Unit,0.003,242.0,2.9,0.7322,0.9354
32912,2021-03-23,2255,Peterborough County-City Health Unit,0.0111,346.0,2.34,0.7905,0.9824
32913,2021-03-23,2253,Peel Regional Health Unit,0.0829,3667.0,2.28,0.7275,0.9402
32914,2021-03-23,35,Ontario,0.0424,41959.0,2.83,0.7268,0.9512
32915,2021-03-23,2249,Northwestern Health Unit,0.0162,318.0,3.62,0.3318,0.6904
32916,2021-03-23,2247,North Bay Parry Sound District Health Unit,0.0082,226.0,1.74,0.737,0.9141
32917,2021-03-23,2246,Niagara Regional Area Health Unit,0.0289,1205.0,2.55,0.8301,0.9562
32918,2021-03-23,2244,Middlesex-London Health Unit,0.0195,1424.0,2.81,0.7979,0.9684
32919,2021-03-23,2243,"Leeds, Grenville and Lanark District Health Unit",0.0302,615.0,3.55,0.777,0.968
32920,2021-03-23,2242,Lambton Health Unit,0.0315,876.0,6.69,0.5442,0.8972
32921,2021-03-23,2241,"Kingston, Frontenac and Lennox and Addington Health Unit",0.0072,733.0,3.45,0.9084,0.9805
32922,2021-03-23,5183,Huron Perth Health Unit,0.0064,403.0,2.89,0.5804,0.9553
32923,2021-03-23,2238,Hastings and Prince Edward Counties Health Unit,0.0032,540.0,3.21,0.909,0.9865
32924,2021-03-23,2236,Halton Regional Health Unit,0.0322,1571.0,2.54,0.8077,0.9702
32925,2021-03-23,2235,"Haliburton, Kawartha, Pine Ridge District Health Unit",0.0074,542.0,2.87,0.4737,0.9364
32926,2021-03-23,2234,Haldimand-Norfolk Health Unit,0.0236,357.0,3.13,0.6376,0.9057
32927,2021-03-23,2233,Grey Bruce Health Unit,0.0163,342.0,2.01,0.4547,0.9367
32928,2021-03-23,2258,Eastern Ontario Health Unit,0.0318,876.0,4.2,0.6768,0.9396
32929,2021-03-23,2230,Durham Regional Health Unit,0.0507,1863.0,2.62,0.7323,0.9594
32930,2021-03-23,2226,District of Algoma Health Unit,0.0019,369.0,3.22,0.6394,0.8961
32931,2021-03-23,3895,City of Toronto Health Unit,0.0634,8772.0,2.81,0.8241,0.9668
32932,2021-03-23,2251,City of Ottawa Health Unit,0.0327,2805.0,2.66,0.6539,0.9274
32933,2021-03-23,2237,City of Hamilton Health Unit,0.0492,1888.0,3.19,0.8962,0.9748
32934,2021-03-23,2240,Chatham-Kent Health Unit,0.0381,326.0,3.07,0.5537,0.9822
32935,2021-03-23,2227,Brant County Health Unit,0.0213,516.0,3.33,0.6471,0.9517
32936,2021-03-22,2270,York Regional Health Unit,0.0519,3365.0,2.75,0.6573,0.959
32937,2021-03-22,2268,Windsor-Essex County Health Unit,0.0305,804.0,1.89,0.6735,0.955
32938,2021-03-22,2266,Wellington-Dufferin-Guelph Health Unit,0.0212,781.0,2.5,0.5045,0.9078
32939,2021-03-22,2265,Waterloo Health Unit,0.0212,1443.0,2.47,0.5072,0.9459
32940,2021-03-22,2263,Timiskaming Health Unit,0.0182,102.0,3.12,0.8039,0.9461
32941,2021-03-22,2262,Thunder Bay District Health Unit,0.0487,525.0,3.5,0.8573,0.9489
32942,2021-03-22,2261,Sudbury and District Health Unit,0.0283,1158.0,5.82,0.6907,0.9422
32943,2021-03-22,4913,Southwestern Public Health,0.0162,645.0,3.05,0.7353,0.9634
32944,2021-03-22,2260,Simcoe Muskoka District Health Unit,0.0237,1702.0,2.84,0.6955,0.9588
32945,2021-03-22,2257,Renfrew County and District Health Unit,0.0066,303.0,2.79,0.4495,0.9009
32946,2021-03-22,2256,Porcupine Health Unit,0.0025,229.0,2.74,0.7128,0.9159
32947,2021-03-22,2255,Peterborough County-City Health Unit,0.0115,324.0,2.19,0.7884,0.9818
32948,2021-03-22,2253,Peel Regional Health Unit,0.082,3651.0,2.27,0.6919,0.8995
32949,2021-03-22,35,Ontario,0.041,41918.0,2.83,0.7207,0.9485
32950,2021-03-22,2249,Northwestern Health Unit,0.0202,339.0,3.87,0.3257,0.69
32951,2021-03-22,2247,North Bay Parry Sound District Health Unit,0.0076,226.0,1.74,0.7344,0.9228
32952,2021-03-22,2246,Niagara Regional Area Health Unit,0.0283,1232.0,2.61,0.8292,0.9573
32953,2021-03-22,2244,Middlesex-London Health Unit,0.0185,1400.0,2.76,0.8007,0.966
32954,2021-03-22,2243,"Leeds, Grenville and Lanark District Health Unit",0.0324,583.0,3.37,0.7741,0.9688
32955,2021-03-22,2242,Lambton Health Unit,0.0317,885.0,6.75,0.5672,0.9584
32956,2021-03-22,2241,"Kingston, Frontenac and Lennox and Addington Health Unit",0.0072,711.0,3.34,0.9066,0.9801
32957,2021-03-22,5183,Huron Perth Health Unit,0.0058,422.0,3.02,0.5941,0.9569
32958,2021-03-22,2238,Hastings and Prince Edward Counties Health Unit,0.003,532.0,3.16,0.9085,0.9877
32959,2021-03-22,2236,Halton Regional Health Unit,0.0313,1582.0,2.55,0.8025,0.9686
32960,2021-03-22,2235,"Haliburton, Kawartha, Pine Ridge District Health Unit",0.0074,557.0,2.95,0.4537,0.9361
32961,2021-03-22,2234,Haldimand-Norfolk Health Unit,0.0224,350.0,3.07,0.6366,0.8866
32962,2021-03-22,2233,Grey Bruce Health Unit,0.0144,347.0,2.04,0.4629,0.9382
32963,2021-03-22,2258,Eastern Ontario Health Unit,0.0285,857.0,4.1,0.6724,0.9474
32964,2021-03-22,2230,Durham Regional Health Unit,0.0482,1866.0,2.62,0.7323,0.9615
32965,2021-03-22,2226,District of Algoma Health Unit,0.0033,386.0,3.37,0.6452,0.8999
32966,2021-03-22,3895,City of Toronto Health Unit,0.0604,8716.0,2.79,0.8111,0.9626
32967,2021-03-22,2251,City of Ottawa Health Unit,0.0306,2801.0,2.66,0.6715,0.9439
32968,2021-03-22,2237,City of Hamilton Health Unit,0.0495,1847.0,3.12,0.8976,0.9757
32969,2021-03-22,2240,Chatham-Kent Health Unit,0.0346,351.0,3.3,0.5561,0.9831
32970,2021-03-22,2227,Brant County Health Unit,0.0205,503.0,3.24,0.648,0.9482
32971,2021-03-21,2270,York Regional Health Unit,0.0512,3297.0,2.69,0.6549,0.9543
32972,2021-03-21,2268,Windsor-Essex County Health Unit,0.0325,787.0,1.85,0.6494,0.9577
32973,2021-03-21,2266,Wellington-Dufferin-Guelph Health Unit,0.0208,776.0,2.49,0.5016,0.9238
32974,2021-03-21,2265,Waterloo Health Unit,0.0206,1455.0,2.49,0.5213,0.9506
32975,2021-03-21,2263,Timiskaming Health Unit,0.0122,94.0,2.87,0.7997,0.9338
32976,2021-03-21,2262,Thunder Bay District Health Unit,0.0548,535.0,3.57,0.8413,0.9495
32977,2021-03-21,2261,Sudbury and District Health Unit,0.0266,1166.0,5.86,0.6628,0.9347
32978,2021-03-21,4913,Southwestern Public Health,0.0161,612.0,2.89,0.7288,0.9629
32979,2021-03-21,2260,Simcoe Muskoka District Health Unit,0.022,1674.0,2.79,0.6875,0.9568
32980,2021-03-21,2257,Renfrew County and District Health Unit,0.0074,330.0,3.04,0.4732,0.9083
32981,2021-03-21,2256,Porcupine Health Unit,0.003,237.0,2.84,0.7276,0.9212
32982,2021-03-21,2255,Peterborough County-City Health Unit,0.0115,323.0,2.18,0.7964,0.9827
32983,2021-03-21,2253,Peel Regional Health Unit,0.078,3653.0,2.27,0.6834,0.8994
32984,2021-03-21,35,Ontario,0.0397,41645.0,2.81,0.7155,0.9482
32985,2021-03-21,2249,Northwestern Health Unit,0.0218,354.0,4.04,0.3219,0.6717
32986,2021-03-21,2247,North Bay Parry Sound District Health Unit,0.0073,235.0,1.81,0.7354,0.9212
32987,2021-03-21,2246,Niagara Regional Area Health Unit,0.0274,1244.0,2.63,0.8239,0.9549
32988,2021-03-21,2244,Middlesex-London Health Unit,0.017,1406.0,2.77,0.8005,0.9692
32989,2021-03-21,2243,"Leeds, Grenville and Lanark District Health Unit",0.0337,560.0,3.23,0.7633,0.969
32990,2021-03-21,2242,Lambton Health Unit,0.0344,814.0,6.21,0.5537,0.957
32991,2021-03-21,2241,"Kingston, Frontenac and Lennox and Addington Health Unit",0.0072,690.0,3.24,0.9086,0.9811
32992,2021-03-21,5183,Huron Perth Health Unit,0.0062,435.0,3.12,0.5917,0.9557
32993,2021-03-21,2238,Hastings and Prince Edward Counties Health Unit,0.0027,523.0,3.1,0.9096,0.9877
32994,2021-03-21,2236,Halton Regional Health Unit,0.0315,1583.0,2.56,0.7906,0.9707
32995,2021-03-21,2235,"Haliburton, Kawartha, Pine Ridge District Health Unit",0.0084,564.0,2.99,0.4393,0.9307
32996,2021-03-21,2234,Haldimand-Norfolk Health Unit,0.0224,344.0,3.01,0.6058,0.8615
32997,2021-03-21,2233,Grey Bruce Health Unit,0.0127,361.0,2.12,0.4435,0.9265
32998,2021-03-21,2258,Eastern Ontario Health Unit,0.0254,839.0,4.02,0.6705,0.9529
32999,2021-03-21,2230,Durham Regional Health Unit,0.0446,1839.0,2.58,0.7247,0.9627
33000,2021-03-21,2226,District of Algoma Health Unit,0.0044,386.0,3.38,0.63,0.886
33001,2021-03-21,3895,City of Toronto Health Unit,0.0585,8607.0,2.76,0.8093,0.9633
33002,2021-03-21,2251,City of Ottawa Health Unit,0.0294,2763.0,2.62,0.6866,0.9523
33003,2021-03-21,2237,City of Hamilton Health Unit,0.0477,1877.0,3.17,0.8919,0.975
33004,2021-03-21,2240,Chatham-Kent Health Unit,0.0369,379.0,3.57,0.5295,0.9856
33005,2021-03-21,2227,Brant County Health Unit,0.0196,502.0,3.24,0.636,0.9296
33006,2021-03-20,2270,York Regional Health Unit,0.0479,3254.0,2.65,0.6468,0.9543
33007,2021-03-20,2268,Windsor-Essex County Health Unit,0.0348,784.0,1.85,0.6298,0.9575
33008,2021-03-20,2266,Wellington-Dufferin-Guelph Health Unit,0.0187,763.0,2.45,0.4944,0.9424
33009,2021-03-20,2265,Waterloo Health Unit,0.0214,1455.0,2.49,0.5364,0.9478
33010,2021-03-20,2263,Timiskaming Health Unit,0.012,83.0,2.54,0.7588,0.9057
33011,2021-03-20,2262,Thunder Bay District Health Unit,0.0567,542.0,3.61,0.7676,0.8951
33012,2021-03-20,2261,Sudbury and District Health Unit,0.0246,1149.0,5.77,0.6214,0.9253
33013,2021-03-20,4913,Southwestern Public Health,0.0144,594.0,2.81,0.7229,0.9617
33014,2021-03-20,2260,Simcoe Muskoka District Health Unit,0.0222,1663.0,2.77,0.6844,0.9543
33015,2021-03-20,2257,Renfrew County and District Health Unit,0.0069,330.0,3.04,0.5344,0.9094
33016,2021-03-20,2256,Porcupine Health Unit,0.0031,233.0,2.79,0.7362,0.9257
33017,2021-03-20,2255,Peterborough County-City Health Unit,0.0105,325.0,2.2,0.7996,0.9826
33018,2021-03-20,2253,Peel Regional Health Unit,0.0764,3600.0,2.24,0.6821,0.9021
33019,2021-03-20,35,Ontario,0.0385,41176.0,2.78,0.7105,0.9461
33020,2021-03-20,2249,Northwestern Health Unit,0.0234,354.0,4.04,0.295,0.6372
33021,2021-03-20,2247,North Bay Parry Sound District Health Unit,0.0059,241.0,1.86,0.687,0.8833
33022,2021-03-20,2246,Niagara Regional Area Health Unit,0.0291,1232.0,2.61,0.8237,0.9545
33023,2021-03-20,2244,Middlesex-London Health Unit,0.0165,1384.0,2.73,0.7879,0.9685
33024,2021-03-20,2243,"Leeds, Grenville and Lanark District Health Unit",0.0326,539.0,3.11,0.7586,0.9657
33025,2021-03-20,2242,Lambton Health Unit,0.033,828.0,6.32,0.5352,0.9526
33026,2021-03-20,2241,"Kingston, Frontenac and Lennox and Addington Health Unit",0.0073,682.0,3.2,0.9029,0.9825
33027,2021-03-20,5183,Huron Perth Health Unit,0.0062,436.0,3.12,0.5795,0.9587
33028,2021-03-20,2238,Hastings and Prince Edward Counties Health Unit,0.0028,518.0,3.08,0.916,0.9887
33029,2021-03-20,2236,Halton Regional Health Unit,0.03,1564.0,2.53,0.7854,0.9713
33030,2021-03-20,2235,"Haliburton, Kawartha, Pine Ridge District Health Unit",0.0095,558.0,2.95,0.4322,0.923
33031,2021-03-20,2234,Haldimand-Norfolk Health Unit,0.02,343.0,3.0,0.6103,0.8528
33032,2021-03-20,2233,Grey Bruce Health Unit,0.0125,356.0,2.09,0.4337,0.9215
33033,2021-03-20,2258,Eastern Ontario Health Unit,0.0244,830.0,3.98,0.6567,0.9528
33034,2021-03-20,2230,Durham Regional Health Unit,0.0417,1790.0,2.51,0.7129,0.9588
33035,2021-03-20,2226,District of Algoma Health Unit,0.0057,379.0,3.31,0.6426,0.8716
33036,2021-03-20,3895,City of Toronto Health Unit,0.0565,8466.0,2.71,0.8097,0.9629
33037,2021-03-20,2251,City of Ottawa Health Unit,0.0287,2741.0,2.6,0.6981,0.955
33038,2021-03-20,2237,City of Hamilton Health Unit,0.0463,1890.0,3.19,0.8942,0.9716
33039,2021-03-20,2240,Chatham-Kent Health Unit,0.0361,372.0,3.49,0.4953,0.9818
33040,2021-03-20,2227,Brant County Health Unit,0.0207,497.0,3.2,0.6398,0.9299
33041,2021-03-19,2270,York Regional Health Unit,0.0473,3222.0,2.63,0.6499,0.9549
33042,2021-03-19,2268,Windsor-Essex County Health Unit,0.0335,801.0,1.88,0.6155,0.9551
33043,2021-03-19,2266,Wellington-Dufferin-Guelph Health Unit,0.0191,762.0,2.44,0.4904,0.9386
33044,2021-03-19,2265,Waterloo Health Unit,0.0221,1469.0,2.51,0.5549,0.9342
33045,2021-03-19,2263,Timiskaming Health Unit,0.0132,65.0,1.98,0.7624,0.9005
33046,2021-03-19,2262,Thunder Bay District Health Unit,0.0563,571.0,3.81,0.756,0.8956
33047,2021-03-19,2261,Sudbury and District Health Unit,0.0245,1133.0,5.69,0.5733,0.8795
33048,2021-03-19,4913,Southwestern Public Health,0.017,581.0,2.75,0.7163,0.9503
33049,2021-03-19,2260,Simcoe Muskoka District Health Unit,0.0213,1680.0,2.8,0.6643,0.9527
33050,2021-03-19,2257,Renfrew County and District Health Unit,0.0068,358.0,3.3,0.5557,0.937
33051,2021-03-19,2256,Porcupine Health Unit,0.0024,240.0,2.87,0.7072,0.897
33052,2021-03-19,2255,Peterborough County-City Health Unit,0.0112,320.0,2.16,0.7591,0.9819
33053,2021-03-19,2253,Peel Regional Health Unit,0.07,3635.0,2.26,0.6925,0.909
33054,2021-03-19,35,Ontario,0.0371,41203.0,2.78,0.7032,0.9433
33055,2021-03-19,2249,Northwestern Health Unit,0.0231,365.0,4.16,0.2953,0.5954
33056,2021-03-19,2247,North Bay Parry Sound District Health Unit,0.0059,242.0,1.87,0.6539,0.8736
33057,2021-03-19,2246,Niagara Regional Area Health Unit,0.0292,1228.0,2.6,0.8258,0.9492
33058,2021-03-19,2244,Middlesex-London Health Unit,0.0164,1374.0,2.71,0.7857,0.9646
33059,2021-03-19,2243,"Leeds, Grenville and Lanark District Health Unit",0.0322,541.0,3.12,0.7387,0.9589
33060,2021-03-19,2242,Lambton Health Unit,0.0325,831.0,6.35,0.5266,0.9526
33061,2021-03-19,2241,"Kingston, Frontenac and Lennox and Addington Health Unit",0.0059,674.0,3.17,0.8972,0.9839
33062,2021-03-19,5183,Huron Perth Health Unit,0.0062,439.0,3.14,0.5606,0.9571
33063,2021-03-19,2238,Hastings and Prince Edward Counties Health Unit,0.0017,512.0,3.04,0.9081,0.9873
33064,2021-03-19,2236,Halton Regional Health Unit,0.0285,1577.0,2.55,0.7892,0.9721
33065,2021-03-19,2235,"Haliburton, Kawartha, Pine Ridge District Health Unit",0.0101,568.0,3.01,0.4307,0.9104
33066,2021-03-19,2234,Haldimand-Norfolk Health Unit,0.0189,348.0,3.05,0.6063,0.848
33067,2021-03-19,2233,Grey Bruce Health Unit,0.0099,346.0,2.04,0.4046,0.9091
33068,2021-03-19,2258,Eastern Ontario Health Unit,0.0224,829.0,3.97,0.639,0.9493
33069,2021-03-19,2230,Durham Regional Health Unit,0.039,1776.0,2.49,0.6902,0.9578
33070,2021-03-19,2226,District of Algoma Health Unit,0.0063,384.0,3.36,0.6326,0.8622
33071,2021-03-19,3895,City of Toronto Health Unit,0.0543,8446.0,2.71,0.8008,0.9665
33072,2021-03-19,2251,City of Ottawa Health Unit,0.0285,2731.0,2.59,0.6812,0.9405
33073,2021-03-19,2237,City of Hamilton Health Unit,0.0451,1876.0,3.17,0.8942,0.9725
33074,2021-03-19,2240,Chatham-Kent Health Unit,0.0368,377.0,3.54,0.4756,0.9801
33075,2021-03-19,2227,Brant County Health Unit,0.0217,494.0,3.18,0.6465,0.936
33076,2021-03-18,2270,York Regional Health Unit,0.0461,3239.0,2.64,0.6103,0.9462
33077,2021-03-18,2268,Windsor-Essex County Health Unit,0.034,824.0,1.94,0.6211,0.956
33078,2021-03-18,2266,Wellington-Dufferin-Guelph Health Unit,0.0176,780.0,2.5,0.4464,0.8813
33079,2021-03-18,2265,Waterloo Health Unit,0.0234,1472.0,2.52,0.5366,0.926
33080,2021-03-18,2263,Timiskaming Health Unit,0.0114,63.0,1.92,0.6431,0.8187
33081,2021-03-18,2262,Thunder Bay District Health Unit,0.058,589.0,3.93,0.7018,0.8889
33082,2021-03-18,2261,Sudbury and District Health Unit,0.0251,1140.0,5.73,0.5448,0.8395
33083,2021-03-18,4913,Southwestern Public Health,0.0149,577.0,2.73,0.7109,0.952
33084,2021-03-18,2260,Simcoe Muskoka District Health Unit,0.0197,1663.0,2.77,0.642,0.9517
33085,2021-03-18,2257,Renfrew County and District Health Unit,0.006,334.0,3.07,0.5727,0.9397
33086,2021-03-18,2256,Porcupine Health Unit,0.0023,248.0,2.98,0.7436,0.8944
33087,2021-03-18,2255,Peterborough County-City Health Unit,0.0105,328.0,2.22,0.714,0.9747
33088,2021-03-18,2253,Peel Regional Health Unit,0.0682,3755.0,2.34,0.67,0.9078
33089,2021-03-18,35,Ontario,0.036,41349.0,2.79,0.6831,0.9361
33090,2021-03-18,2249,Northwestern Health Unit,0.0213,382.0,4.36,0.314,0.6214
33091,2021-03-18,2247,North Bay Parry Sound District Health Unit,0.0023,252.0,1.94,0.5394,0.7721
33092,2021-03-18,2246,Niagara Regional Area Health Unit,0.0292,1224.0,2.59,0.7692,0.9483
33093,2021-03-18,2244,Middlesex-London Health Unit,0.0139,1410.0,2.78,0.7768,0.9599
33094,2021-03-18,2243,"Leeds, Grenville and Lanark District Health Unit",0.0333,527.0,3.05,0.7362,0.9544
33095,2021-03-18,2242,Lambton Health Unit,0.0349,828.0,6.32,0.5328,0.9559
33096,2021-03-18,2241,"Kingston, Frontenac and Lennox and Addington Health Unit",0.0066,672.0,3.16,0.9004,0.9851
33097,2021-03-18,5183,Huron Perth Health Unit,0.0059,435.0,3.11,0.582,0.9478
33098,2021-03-18,2238,Hastings and Prince Edward Counties Health Unit,0.0017,510.0,3.03,0.8687,0.9741
33099,2021-03-18,2236,Halton Regional Health Unit,0.0284,1561.0,2.52,0.776,0.9675
33100,2021-03-18,2235,"Haliburton, Kawartha, Pine Ridge District Health Unit",0.0104,588.0,3.11,0.4266,0.9112
33101,2021-03-18,2234,Haldimand-Norfolk Health Unit,0.0177,346.0,3.03,0.5892,0.8344
33102,2021-03-18,2233,Grey Bruce Health Unit,0.0079,343.0,2.02,0.4001,0.9053
33103,2021-03-18,2258,Eastern Ontario Health Unit,0.0202,848.0,4.06,0.632,0.9364
33104,2021-03-18,2230,Durham Regional Health Unit,0.0369,1773.0,2.49,0.6439,0.9534
33105,2021-03-18,2226,District of Algoma Health Unit,0.0064,382.0,3.34,0.6397,0.8284
33106,2021-03-18,3895,City of Toronto Health Unit,0.052,8438.0,2.7,0.7891,0.9644
33107,2021-03-18,2251,City of Ottawa Health Unit,0.0263,2672.0,2.53,0.6744,0.933
33108,2021-03-18,2237,City of Hamilton Health Unit,0.0449,1842.0,3.11,0.885,0.9708
33109,2021-03-18,2240,Chatham-Kent Health Unit,0.0287,398.0,3.74,0.4439,0.979
33110,2021-03-18,2227,Brant County Health Unit,0.0243,500.0,3.22,0.6143,0.9199
33111,2021-03-17,2270,York Regional Health Unit,0.0452,3184.0,2.6,0.5607,0.9311
33112,2021-03-17,2268,Windsor-Essex County Health Unit,0.0351,848.0,2.0,0.6138,0.952
33113,2021-03-17,2266,Wellington-Dufferin-Guelph Health Unit,0.0166,790.0,2.53,0.4056,0.8602
33114,2021-03-17,2265,Waterloo Health Unit,0.0236,1453.0,2.49,0.4976,0.9018
33115,2021-03-17,2263,Timiskaming Health Unit,0.0045,63.0,1.92,0.5667,0.754
33116,2021-03-17,2262,Thunder Bay District Health Unit,0.0602,620.0,4.13,0.6324,0.8649
33117,2021-03-17,2261,Sudbury and District Health Unit,0.0257,1133.0,5.69,0.4994,0.8197
33118,2021-03-17,4913,Southwestern Public Health,0.0137,572.0,2.71,0.68,0.929
33119,2021-03-17,2260,Simcoe Muskoka District Health Unit,0.0201,1681.0,2.8,0.603,0.9455
33120,2021-03-17,2257,Renfrew County and District Health Unit,0.0063,341.0,3.14,0.664,0.9681
33121,2021-03-17,2256,Porcupine Health Unit,0.0017,258.0,3.09,0.7588,0.9083
33122,2021-03-17,2255,Peterborough County-City Health Unit,0.0102,324.0,2.19,0.6397,0.9758
33123,2021-03-17,2253,Peel Regional Health Unit,0.0656,3786.0,2.36,0.6502,0.912
33124,2021-03-17,35,Ontario,0.0348,41309.0,2.79,0.6646,0.9318
33125,2021-03-17,2249,Northwestern Health Unit,0.0249,378.0,4.31,0.2708,0.6123
33126,2021-03-17,2247,North Bay Parry Sound District Health Unit,0.0027,264.0,2.03,0.5134,0.7544
33127,2021-03-17,2246,Niagara Regional Area Health Unit,0.027,1219.0,2.58,0.7763,0.9525
33128,2021-03-17,2244,Middlesex-London Health Unit,0.0135,1397.0,2.75,0.7641,0.9628
33129,2021-03-17,2243,"Leeds, Grenville and Lanark District Health Unit",0.0302,539.0,3.11,0.7305,0.9582
33130,2021-03-17,2242,Lambton Health Unit,0.0351,793.0,6.06,0.5758,0.9597
33131,2021-03-17,2241,"Kingston, Frontenac and Lennox and Addington Health Unit",0.005,681.0,3.2,0.9017,0.9866
33132,2021-03-17,5183,Huron Perth Health Unit,0.0071,443.0,3.17,0.5928,0.9555
33133,2021-03-17,2238,Hastings and Prince Edward Counties Health Unit,0.0017,506.0,3.0,0.856,0.9753
33134,2021-03-17,2236,Halton Regional Health Unit,0.0266,1573.0,2.54,0.7708,0.9678
33135,2021-03-17,2235,"Haliburton, Kawartha, Pine Ridge District Health Unit",0.0105,582.0,3.08,0.4098,0.9015
33136,2021-03-17,2234,Haldimand-Norfolk Health Unit,0.0165,347.0,3.04,0.5717,0.8434
33137,2021-03-17,2233,Grey Bruce Health Unit,0.0062,346.0,2.04,0.4199,0.9044
33138,2021-03-17,2258,Eastern Ontario Health Unit,0.0172,874.0,4.19,0.6289,0.9447
33139,2021-03-17,2230,Durham Regional Health Unit,0.033,1764.0,2.48,0.6027,0.9458
33140,2021-03-17,2226,District of Algoma Health Unit,0.0064,380.0,3.32,0.6355,0.8197
33141,2021-03-17,3895,City of Toronto Health Unit,0.0502,8373.0,2.68,0.7839,0.9645
33142,2021-03-17,2251,City of Ottawa Health Unit,0.0256,2626.0,2.49,0.6852,0.9379
33143,2021-03-17,2237,City of Hamilton Health Unit,0.0444,1847.0,3.12,0.8834,0.9732
33144,2021-03-17,2240,Chatham-Kent Health Unit,0.0281,422.0,3.97,0.4384,0.9686
33145,2021-03-17,2227,Brant County Health Unit,0.0269,499.0,3.21,0.5802,0.9231
33146,2021-03-16,2270,York Regional Health Unit,0.0439,3188.0,2.6,0.5544,0.9283
33147,2021-03-16,2268,Windsor-Essex County Health Unit,0.0339,903.0,2.13,0.6152,0.952
33148,2021-03-16,2266,Wellington-Dufferin-Guelph Health Unit,0.017,832.0,2.67,0.3898,0.8577
33149,2021-03-16,2265,Waterloo Health Unit,0.0243,1491.0,2.55,0.4768,0.9
33150,2021-03-16,2263,Timiskaming Health Unit,0.0061,70.0,2.14,0.5441,0.779
33151,2021-03-16,2262,Thunder Bay District Health Unit,0.0611,653.0,4.35,0.5832,0.8659
33152,2021-03-16,2261,Sudbury and District Health Unit,0.0269,1147.0,5.76,0.442,0.8046
33153,2021-03-16,4913,Southwestern Public Health,0.0145,580.0,2.74,0.6626,0.9348
33154,2021-03-16,2260,Simcoe Muskoka District Health Unit,0.0203,1693.0,2.82,0.5717,0.9444
33155,2021-03-16,2257,Renfrew County and District Health Unit,0.0078,347.0,3.19,0.7061,0.9575
33156,2021-03-16,2256,Porcupine Health Unit,0.002,282.0,3.38,0.7643,0.9235
33157,2021-03-16,2255,Peterborough County-City Health Unit,0.0088,326.0,2.2,0.6222,0.9783
33158,2021-03-16,2253,Peel Regional Health Unit,0.0615,3918.0,2.44,0.6444,0.9139
33159,2021-03-16,35,Ontario,0.0331,42089.0,2.84,0.6555,0.9303
33160,2021-03-16,2249,Northwestern Health Unit,0.023,391.0,4.46,0.2572,0.5883
33161,2021-03-16,2247,North Bay Parry Sound District Health Unit,0.0015,284.0,2.19,0.4972,0.7634
33162,2021-03-16,2246,Niagara Regional Area Health Unit,0.0228,1343.0,2.84,0.7693,0.9508
33163,2021-03-16,2244,Middlesex-London Health Unit,0.0124,1440.0,2.84,0.7642,0.9634
33164,2021-03-16,2243,"Leeds, Grenville and Lanark District Health Unit",0.0253,552.0,3.19,0.7448,0.9628
33165,2021-03-16,2242,Lambton Health Unit,0.0318,803.0,6.13,0.5715,0.9603
33166,2021-03-16,2241,"Kingston, Frontenac and Lennox and Addington Health Unit",0.0035,696.0,3.27,0.9065,0.9854
33167,2021-03-16,5183,Huron Perth Health Unit,0.0064,448.0,3.2,0.6005,0.9602
33168,2021-03-16,2238,Hastings and Prince Edward Counties Health Unit,0.0011,520.0,3.09,0.843,0.9764
33169,2021-03-16,2236,Halton Regional Health Unit,0.0256,1631.0,2.63,0.7673,0.9677
33170,2021-03-16,2235,"Haliburton, Kawartha, Pine Ridge District Health Unit",0.0101,592.0,3.13,0.399,0.9008
33171,2021-03-16,2234,Haldimand-Norfolk Health Unit,0.0138,341.0,2.99,0.5731,0.8624
33172,2021-03-16,2233,Grey Bruce Health Unit,0.0042,372.0,2.19,0.4357,0.8986
33173,2021-03-16,2258,Eastern Ontario Health Unit,0.0167,858.0,4.11,0.6266,0.9452
33174,2021-03-16,2230,Durham Regional Health Unit,0.0277,1816.0,2.55,0.5646,0.9411
33175,2021-03-16,2226,District of Algoma Health Unit,0.0067,384.0,3.35,0.6442,0.7869
33176,2021-03-16,3895,City of Toronto Health Unit,0.0488,8315.0,2.66,0.7785,0.962
33177,2021-03-16,2251,City of Ottawa Health Unit,0.0253,2606.0,2.47,0.696,0.936
33178,2021-03-16,2237,City of Hamilton Health Unit,0.0408,1878.0,3.17,0.8706,0.9688
33179,2021-03-16,2240,Chatham-Kent Health Unit,0.0248,472.0,4.44,0.4157,0.9665
33180,2021-03-16,2227,Brant County Health Unit,0.0278,503.0,3.24,0.5477,0.9247
33181,2021-03-15,2270,York Regional Health Unit,0.0426,3251.0,2.65,0.5568,0.9284
33182,2021-03-15,2268,Windsor-Essex County Health Unit,0.031,960.0,2.26,0.6337,0.9466
33183,2021-03-15,2266,Wellington-Dufferin-Guelph Health Unit,0.014,910.0,2.92,0.3858,0.8423
33184,2021-03-15,2265,Waterloo Health Unit,0.023,1526.0,2.61,0.4689,0.8988
33185,2021-03-15,2263,Timiskaming Health Unit,0.0051,84.0,2.58,0.5154,0.825
33186,2021-03-15,2262,Thunder Bay District Health Unit,0.0601,680.0,4.54,0.555,0.8495
33187,2021-03-15,2261,Sudbury and District Health Unit,0.0253,1164.0,5.85,0.4219,0.7953
33188,2021-03-15,4913,Southwestern Public Health,0.0129,618.0,2.92,0.6702,0.9347
33189,2021-03-15,2260,Simcoe Muskoka District Health Unit,0.02,1720.0,2.87,0.5751,0.9437
33190,2021-03-15,2257,Renfrew County and District Health Unit,0.0088,358.0,3.3,0.7126,0.9588
33191,2021-03-15,2256,Porcupine Health Unit,0.0027,312.0,3.74,0.7835,0.9389
33192,2021-03-15,2255,Peterborough County-City Health Unit,0.0067,364.0,2.46,0.6391,0.9783
33193,2021-03-15,2253,Peel Regional Health Unit,0.0558,4057.0,2.53,0.6724,0.9401
33194,2021-03-15,35,Ontario,0.0314,42932.0,2.89,0.6578,0.9283
33195,2021-03-15,2249,Northwestern Health Unit,0.0203,400.0,4.57,0.2552,0.5718
33196,2021-03-15,2247,North Bay Parry Sound District Health Unit,0.0013,322.0,2.48,0.4682,0.7384
33197,2021-03-15,2246,Niagara Regional Area Health Unit,0.024,1331.0,2.82,0.7656,0.9474
33198,2021-03-15,2244,Middlesex-London Health Unit,0.0118,1566.0,3.09,0.7683,0.9639
33199,2021-03-15,2243,"Leeds, Grenville and Lanark District Health Unit",0.0213,617.0,3.56,0.7424,0.9623
33200,2021-03-15,2242,Lambton Health Unit,0.031,779.0,5.95,0.5791,0.9591
33201,2021-03-15,2241,"Kingston, Frontenac and Lennox and Addington Health Unit",0.0035,699.0,3.28,0.9053,0.9853
33202,2021-03-15,5183,Huron Perth Health Unit,0.0057,451.0,3.23,0.6176,0.9616
33203,2021-03-15,2238,Hastings and Prince Edward Counties Health Unit,0.0021,540.0,3.21,0.855,0.9768
33204,2021-03-15,2236,Halton Regional Health Unit,0.0255,1641.0,2.65,0.7579,0.9583
33205,2021-03-15,2235,"Haliburton, Kawartha, Pine Ridge District Health Unit",0.0094,610.0,3.23,0.4317,0.9028
33206,2021-03-15,2234,Haldimand-Norfolk Health Unit,0.0134,353.0,3.09,0.5821,0.8795
33207,2021-03-15,2233,Grey Bruce Health Unit,0.003,382.0,2.25,0.456,0.9011
33208,2021-03-15,2258,Eastern Ontario Health Unit,0.0152,874.0,4.19,0.6419,0.9463
33209,2021-03-15,2230,Durham Regional Health Unit,0.026,1790.0,2.51,0.5561,0.931
33210,2021-03-15,2226,District of Algoma Health Unit,0.006,380.0,3.32,0.6336,0.7791
33211,2021-03-15,3895,City of Toronto Health Unit,0.0477,8227.0,2.64,0.7756,0.9503
33212,2021-03-15,2251,City of Ottawa Health Unit,0.024,2626.0,2.49,0.6976,0.9346
33213,2021-03-15,2237,City of Hamilton Health Unit,0.0379,1897.0,3.2,0.8673,0.966
33214,2021-03-15,2240,Chatham-Kent Health Unit,0.0255,482.0,4.53,0.4283,0.9645
33215,2021-03-15,2227,Brant County Health Unit,0.0267,541.0,3.48,0.5232,0.9209
33216,2021-03-14,2270,York Regional Health Unit,0.0407,3242.0,2.64,0.5631,0.9335
33217,2021-03-14,2268,Windsor-Essex County Health Unit,0.0289,1034.0,2.43,0.6492,0.9463
33218,2021-03-14,2266,Wellington-Dufferin-Guelph Health Unit,0.0128,967.0,3.1,0.3983,0.8309
33219,2021-03-14,2265,Waterloo Health Unit,0.0221,1613.0,2.76,0.4599,0.8831
33220,2021-03-14,2263,Timiskaming Health Unit,0.0037,115.0,3.53,0.4636,0.84
33221,2021-03-14,2262,Thunder Bay District Health Unit,0.0609,720.0,4.8,0.5712,0.855
33222,2021-03-14,2261,Sudbury and District Health Unit,0.0236,1234.0,6.2,0.4034,0.7822
33223,2021-03-14,4913,Southwestern Public Health,0.0109,681.0,3.22,0.6723,0.9327
33224,2021-03-14,2260,Simcoe Muskoka District Health Unit,0.0207,1791.0,2.99,0.5741,0.946
33225,2021-03-14,2257,Renfrew County and District Health Unit,0.0082,332.0,3.06,0.6994,0.9424
33226,2021-03-14,2256,Porcupine Health Unit,0.0021,341.0,4.09,0.7786,0.9367
33227,2021-03-14,2255,Peterborough County-City Health Unit,0.0078,403.0,2.73,0.6257,0.9773
33228,2021-03-14,2253,Peel Regional Health Unit,0.0523,4224.0,2.63,0.678,0.9448
33229,2021-03-14,35,Ontario,0.0299,43976.0,2.97,0.6571,0.9268
33230,2021-03-14,2249,Northwestern Health Unit,0.0215,399.0,4.55,0.2576,0.5878
33231,2021-03-14,2247,North Bay Parry Sound District Health Unit,0.0008,349.0,2.69,0.4413,0.7068
33232,2021-03-14,2246,Niagara Regional Area Health Unit,0.0224,1345.0,2.85,0.7694,0.9489
33233,2021-03-14,2244,Middlesex-London Health Unit,0.0116,1618.0,3.19,0.7649,0.9632
33234,2021-03-14,2243,"Leeds, Grenville and Lanark District Health Unit",0.0189,627.0,3.62,0.7425,0.9604
33235,2021-03-14,2242,Lambton Health Unit,0.0295,780.0,5.96,0.5979,0.9609
33236,2021-03-14,2241,"Kingston, Frontenac and Lennox and Addington Health Unit",0.0032,718.0,3.37,0.9066,0.9854
33237,2021-03-14,5183,Huron Perth Health Unit,0.0069,458.0,3.28,0.6136,0.9585
33238,2021-03-14,2238,Hastings and Prince Edward Counties Health Unit,0.0024,605.0,3.59,0.8547,0.9769
33239,2021-03-14,2236,Halton Regional Health Unit,0.0253,1646.0,2.66,0.7337,0.9574
33240,2021-03-14,2235,"Haliburton, Kawartha, Pine Ridge District Health Unit",0.0083,657.0,3.48,0.427,0.8956
33241,2021-03-14,2234,Haldimand-Norfolk Health Unit,0.0134,362.0,3.17,0.5865,0.8775
33242,2021-03-14,2233,Grey Bruce Health Unit,0.0033,389.0,2.29,0.4683,0.9089
33243,2021-03-14,2258,Eastern Ontario Health Unit,0.016,881.0,4.22,0.6524,0.9301
33244,2021-03-14,2230,Durham Regional Health Unit,0.0238,1838.0,2.58,0.5536,0.9265
33245,2021-03-14,2226,District of Algoma Health Unit,0.004,389.0,3.4,0.6035,0.7412
33246,2021-03-14,3895,City of Toronto Health Unit,0.0463,8178.0,2.62,0.7772,0.951
33247,2021-03-14,2251,City of Ottawa Health Unit,0.0237,2613.0,2.48,0.6911,0.9273
33248,2021-03-14,2237,City of Hamilton Health Unit,0.0354,1919.0,3.24,0.8727,0.9667
33249,2021-03-14,2240,Chatham-Kent Health Unit,0.0219,508.0,4.78,0.4283,0.9639
33250,2021-03-14,2227,Brant County Health Unit,0.0262,578.0,3.72,0.5002,0.9261
33251,2021-03-13,2270,York Regional Health Unit,0.0412,3283.0,2.68,0.5754,0.934
33252,2021-03-13,2268,Windsor-Essex County Health Unit,0.0278,1053.0,2.48,0.6352,0.934
33253,2021-03-13,2266,Wellington-Dufferin-Guelph Health Unit,0.0131,980.0,3.14,0.4119,0.8215
33254,2021-03-13,2265,Waterloo Health Unit,0.0217,1644.0,2.81,0.4615,0.8758
33255,2021-03-13,2263,Timiskaming Health Unit,0.0042,135.0,4.13,0.4287,0.8582
33256,2021-03-13,2262,Thunder Bay District Health Unit,0.0632,744.0,4.96,0.5911,0.9025
33257,2021-03-13,2261,Sudbury and District Health Unit,0.0253,1229.0,6.18,0.4112,0.77
33258,2021-03-13,4913,Southwestern Public Health,0.0105,678.0,3.2,0.6592,0.9318
33259,2021-03-13,2260,Simcoe Muskoka District Health Unit,0.02,1793.0,2.99,0.5354,0.9309
33260,2021-03-13,2257,Renfrew County and District Health Unit,0.0088,325.0,2.99,0.636,0.9402
33261,2021-03-13,2256,Porcupine Health Unit,0.0016,353.0,4.23,0.7791,0.9396
33262,2021-03-13,2255,Peterborough County-City Health Unit,0.0078,404.0,2.73,0.6208,0.9769
33263,2021-03-13,2253,Peel Regional Health Unit,0.052,4278.0,2.66,0.6808,0.9448
33264,2021-03-13,35,Ontario,0.0297,44275.0,2.99,0.6503,0.9265
33265,2021-03-13,2249,Northwestern Health Unit,0.0212,412.0,4.7,0.2852,0.6539
33266,2021-03-13,2247,North Bay Parry Sound District Health Unit,0.0012,351.0,2.7,0.4332,0.7264
33267,2021-03-13,2246,Niagara Regional Area Health Unit,0.0199,1356.0,2.87,0.7644,0.9451
33268,2021-03-13,2244,Middlesex-London Health Unit,0.011,1636.0,3.22,0.7522,0.9616
33269,2021-03-13,2243,"Leeds, Grenville and Lanark District Health Unit",0.0173,634.0,3.66,0.7324,0.9637
33270,2021-03-13,2242,Lambton Health Unit,0.0293,760.0,5.81,0.6028,0.9655
33271,2021-03-13,2241,"Kingston, Frontenac and Lennox and Addington Health Unit",0.0024,712.0,3.35,0.9066,0.9856
33272,2021-03-13,5183,Huron Perth Health Unit,0.0069,458.0,3.28,0.5747,0.948
33273,2021-03-13,2238,Hastings and Prince Edward Counties Health Unit,0.0028,606.0,3.6,0.8557,0.9772
33274,2021-03-13,2236,Halton Regional Health Unit,0.0259,1648.0,2.66,0.7033,0.9584
33275,2021-03-13,2235,"Haliburton, Kawartha, Pine Ridge District Health Unit",0.0078,661.0,3.5,0.4171,0.8843
33276,2021-03-13,2234,Haldimand-Norfolk Health Unit,0.0136,356.0,3.12,0.5835,0.8821
33277,2021-03-13,2233,Grey Bruce Health Unit,0.0029,394.0,2.32,0.4486,0.9016
33278,2021-03-13,2258,Eastern Ontario Health Unit,0.0168,865.0,4.14,0.6385,0.9361
33279,2021-03-13,2230,Durham Regional Health Unit,0.0231,1864.0,2.62,0.5527,0.9276
33280,2021-03-13,2226,District of Algoma Health Unit,0.0029,397.0,3.47,0.5793,0.6837
33281,2021-03-13,3895,City of Toronto Health Unit,0.046,8216.0,2.63,0.7699,0.9521
33282,2021-03-13,2251,City of Ottawa Health Unit,0.0215,2616.0,2.48,0.6783,0.9263
33283,2021-03-13,2237,City of Hamilton Health Unit,0.0357,1922.0,3.25,0.8693,0.9716
33284,2021-03-13,2240,Chatham-Kent Health Unit,0.0213,509.0,4.79,0.4182,0.9557
33285,2021-03-13,2227,Brant County Health Unit,0.0251,585.0,3.77,0.4638,0.9248
33286,2021-03-12,2270,York Regional Health Unit,0.0406,3273.0,2.67,0.5827,0.9347
33287,2021-03-12,2268,Windsor-Essex County Health Unit,0.0299,1045.0,2.46,0.6173,0.9207
33288,2021-03-12,2266,Wellington-Dufferin-Guelph Health Unit,0.0136,985.0,3.16,0.4283,0.7937
33289,2021-03-12,2265,Waterloo Health Unit,0.0217,1671.0,2.86,0.4457,0.868
33290,2021-03-12,2263,Timiskaming Health Unit,0.0037,156.0,4.76,0.4283,0.8428
33291,2021-03-12,2262,Thunder Bay District Health Unit,0.0667,734.0,4.9,0.5658,0.9027
33292,2021-03-12,2261,Sudbury and District Health Unit,0.024,1231.0,6.18,0.4484,0.7932
33293,2021-03-12,4913,Southwestern Public Health,0.0085,671.0,3.17,0.6116,0.9205
33294,2021-03-12,2260,Simcoe Muskoka District Health Unit,0.0201,1783.0,2.97,0.5105,0.9295
33295,2021-03-12,2257,Renfrew County and District Health Unit,0.0093,291.0,2.68,0.5789,0.9397
33296,2021-03-12,2256,Porcupine Health Unit,0.0016,356.0,4.27,0.7928,0.9633
33297,2021-03-12,2255,Peterborough County-City Health Unit,0.0069,414.0,2.79,0.6303,0.979
33298,2021-03-12,2253,Peel Regional Health Unit,0.0514,4338.0,2.7,0.6797,0.945
33299,2021-03-12,35,Ontario,0.0295,44185.0,2.98,0.6408,0.9233
33300,2021-03-12,2249,Northwestern Health Unit,0.0257,406.0,4.63,0.285,0.7226
33301,2021-03-12,2247,North Bay Parry Sound District Health Unit,0.0008,358.0,2.76,0.4113,0.7255
33302,2021-03-12,2246,Niagara Regional Area Health Unit,0.0188,1353.0,2.86,0.7476,0.9352
33303,2021-03-12,2244,Middlesex-London Health Unit,0.0104,1633.0,3.22,0.6998,0.9404
33304,2021-03-12,2243,"Leeds, Grenville and Lanark District Health Unit",0.0167,649.0,3.75,0.7285,0.9669
33305,2021-03-12,2242,Lambton Health Unit,0.0284,735.0,5.61,0.5602,0.9628
33306,2021-03-12,2241,"Kingston, Frontenac and Lennox and Addington Health Unit",0.0024,707.0,3.32,0.9111,0.985
33307,2021-03-12,5183,Huron Perth Health Unit,0.0072,454.0,3.25,0.5086,0.9307
33308,2021-03-12,2238,Hastings and Prince Edward Counties Health Unit,0.0028,616.0,3.66,0.8622,0.9785
33309,2021-03-12,2236,Halton Regional Health Unit,0.0258,1664.0,2.69,0.6713,0.9539
33310,2021-03-12,2235,"Haliburton, Kawartha, Pine Ridge District Health Unit",0.0076,658.0,3.48,0.4215,0.8997
33311,2021-03-12,2234,Haldimand-Norfolk Health Unit,0.0131,349.0,3.06,0.5652,0.8798
33312,2021-03-12,2233,Grey Bruce Health Unit,0.0032,400.0,2.35,0.3781,0.816
33313,2021-03-12,2258,Eastern Ontario Health Unit,0.0174,837.0,4.01,0.6308,0.9398
33314,2021-03-12,2230,Durham Regional Health Unit,0.0224,1907.0,2.68,0.553,0.9277
33315,2021-03-12,2226,District of Algoma Health Unit,0.0015,393.0,3.43,0.5585,0.671
33316,2021-03-12,3895,City of Toronto Health Unit,0.0462,8141.0,2.61,0.7802,0.9496
33317,2021-03-12,2251,City of Ottawa Health Unit,0.0208,2592.0,2.46,0.6656,0.9337
33318,2021-03-12,2237,City of Hamilton Health Unit,0.0354,1880.0,3.17,0.8634,0.9654
33319,2021-03-12,2240,Chatham-Kent Health Unit,0.0207,504.0,4.74,0.3843,0.9547
33320,2021-03-12,2227,Brant County Health Unit,0.0266,586.0,3.77,0.4398,0.9233
33321,2021-03-11,2270,York Regional Health Unit,0.0393,3211.0,2.62,0.6021,0.9386
33322,2021-03-11,2268,Windsor-Essex County Health Unit,0.0294,1070.0,2.52,0.585,0.9152
33323,2021-03-11,2266,Wellington-Dufferin-Guelph Health Unit,0.0132,996.0,3.19,0.4632,0.8127
33324,2021-03-11,2265,Waterloo Health Unit,0.0219,1693.0,2.9,0.4389,0.8643
33325,2021-03-11,2263,Timiskaming Health Unit,0.0051,196.0,6.0,0.4477,0.8331
33326,2021-03-11,2262,Thunder Bay District Health Unit,0.0702,731.0,4.87,0.5682,0.9092
33327,2021-03-11,2261,Sudbury and District Health Unit,0.0216,1248.0,6.27,0.4798,0.8158
33328,2021-03-11,4913,Southwestern Public Health,0.0079,672.0,3.18,0.5524,0.8754
33329,2021-03-11,2260,Simcoe Muskoka District Health Unit,0.0191,1812.0,3.02,0.4898,0.9286
33330,2021-03-11,2257,Renfrew County and District Health Unit,0.013,320.0,2.94,0.5381,0.9242
33331,2021-03-11,2256,Porcupine Health Unit,0.0016,366.0,4.39,0.7715,0.9619
33332,2021-03-11,2255,Peterborough County-City Health Unit,0.0089,433.0,2.93,0.6518,0.9857
33333,2021-03-11,2253,Peel Regional Health Unit,0.0508,4189.0,2.61,0.6951,0.949
33334,2021-03-11,35,Ontario,0.029,44184.0,2.98,0.6357,0.9219
33335,2021-03-11,2249,Northwestern Health Unit,0.0299,397.0,4.53,0.244,0.7044
33336,2021-03-11,2247,North Bay Parry Sound District Health Unit,0.0011,379.0,2.92,0.4126,0.7514
33337,2021-03-11,2246,Niagara Regional Area Health Unit,0.0187,1347.0,2.85,0.748,0.9369
33338,2021-03-11,2244,Middlesex-London Health Unit,0.0108,1603.0,3.16,0.6455,0.9402
33339,2021-03-11,2243,"Leeds, Grenville and Lanark District Health Unit",0.0129,689.0,3.98,0.72,0.9707
33340,2021-03-11,2242,Lambton Health Unit,0.0264,715.0,5.46,0.4698,0.8964
33341,2021-03-11,2241,"Kingston, Frontenac and Lennox and Addington Health Unit",0.0022,722.0,3.39,0.9031,0.9834
33342,2021-03-11,5183,Huron Perth Health Unit,0.0077,464.0,3.32,0.4214,0.9169
33343,2021-03-11,2238,Hastings and Prince Edward Counties Health Unit,0.0029,644.0,3.82,0.9014,0.9917
33344,2021-03-11,2236,Halton Regional Health Unit,0.0247,1662.0,2.69,0.6679,0.9579
33345,2021-03-11,2235,"Haliburton, Kawartha, Pine Ridge District Health Unit",0.0066,651.0,3.44,0.4287,0.9089
33346,2021-03-11,2234,Haldimand-Norfolk Health Unit,0.0145,336.0,2.94,0.5367,0.8656
33347,2021-03-11,2233,Grey Bruce Health Unit,0.0031,409.0,2.41,0.3289,0.7862
33348,2021-03-11,2258,Eastern Ontario Health Unit,0.0173,850.0,4.07,0.6406,0.955
33349,2021-03-11,2230,Durham Regional Health Unit,0.0231,1916.0,2.69,0.5621,0.9236
33350,2021-03-11,2226,District of Algoma Health Unit,0.0022,396.0,3.46,0.5435,0.669
33351,2021-03-11,3895,City of Toronto Health Unit,0.0463,8125.0,2.6,0.782,0.9461
33352,2021-03-11,2251,City of Ottawa Health Unit,0.0204,2586.0,2.45,0.6579,0.9352
33353,2021-03-11,2237,City of Hamilton Health Unit,0.0335,1872.0,3.16,0.8564,0.9647
33354,2021-03-11,2240,Chatham-Kent Health Unit,0.024,481.0,4.53,0.3549,0.9421
33355,2021-03-11,2227,Brant County Health Unit,0.025,589.0,3.79,0.4238,0.9121
33356,2021-03-10,2270,York Regional Health Unit,0.0388,3179.0,2.59,0.6346,0.9434
33357,2021-03-10,2268,Windsor-Essex County Health Unit,0.0273,1072.0,2.52,0.5663,0.9164
33358,2021-03-10,2266,Wellington-Dufferin-Guelph Health Unit,0.0159,994.0,3.19,0.5034,0.8333
33359,2021-03-10,2265,Waterloo Health Unit,0.0216,1757.0,3.01,0.4709,0.8806
33360,2021-03-10,2263,Timiskaming Health Unit,0.0052,219.0,6.71,0.4766,0.8533
33361,2021-03-10,2262,Thunder Bay District Health Unit,0.0718,732.0,4.88,0.5178,0.8385
33362,2021-03-10,2261,Sudbury and District Health Unit,0.0207,1252.0,6.29,0.5043,0.8245
33363,2021-03-10,4913,Southwestern Public Health,0.0069,683.0,3.23,0.5097,0.8713
33364,2021-03-10,2260,Simcoe Muskoka District Health Unit,0.0174,1846.0,3.08,0.5124,0.9309
33365,2021-03-10,2257,Renfrew County and District Health Unit,0.0136,326.0,3.0,0.4927,0.922
33366,2021-03-10,2256,Porcupine Health Unit,0.0015,391.0,4.68,0.7693,0.9548
33367,2021-03-10,2255,Peterborough County-City Health Unit,0.0082,454.0,3.07,0.6647,0.9845
33368,2021-03-10,2253,Peel Regional Health Unit,0.0496,4155.0,2.59,0.7175,0.9527
33369,2021-03-10,35,Ontario,0.0282,44202.0,2.98,0.6404,0.922
33370,2021-03-10,2249,Northwestern Health Unit,0.0283,394.0,4.49,0.2334,0.6904
33371,2021-03-10,2247,North Bay Parry Sound District Health Unit,0.0011,394.0,3.04,0.3951,0.7706
33372,2021-03-10,2246,Niagara Regional Area Health Unit,0.0193,1364.0,2.89,0.7504,0.936
33373,2021-03-10,2244,Middlesex-London Health Unit,0.0097,1613.0,3.18,0.5971,0.9383
33374,2021-03-10,2243,"Leeds, Grenville and Lanark District Health Unit",0.0132,713.0,4.12,0.7424,0.9725
33375,2021-03-10,2242,Lambton Health Unit,0.0254,714.0,5.45,0.4249,0.8855
33376,2021-03-10,2241,"Kingston, Frontenac and Lennox and Addington Health Unit",0.0024,720.0,3.39,0.9031,0.9825
33377,2021-03-10,5183,Huron Perth Health Unit,0.0066,455.0,3.25,0.3794,0.9093
33378,2021-03-10,2238,Hastings and Prince Edward Counties Health Unit,0.0024,655.0,3.89,0.9006,0.9921
33379,2021-03-10,2236,Halton Regional Health Unit,0.0256,1655.0,2.67,0.6805,0.9593
33380,2021-03-10,2235,"Haliburton, Kawartha, Pine Ridge District Health Unit",0.0075,662.0,3.51,0.4344,0.9056
33381,2021-03-10,2234,Haldimand-Norfolk Health Unit,0.0161,336.0,2.95,0.5163,0.8462
33382,2021-03-10,2233,Grey Bruce Health Unit,0.0035,411.0,2.42,0.2724,0.7377
33383,2021-03-10,2258,Eastern Ontario Health Unit,0.0175,816.0,3.91,0.6344,0.9529
33384,2021-03-10,2230,Durham Regional Health Unit,0.0224,1916.0,2.69,0.5745,0.9305
33385,2021-03-10,2226,District of Algoma Health Unit,0.0021,409.0,3.57,0.5229,0.6507
33386,2021-03-10,3895,City of Toronto Health Unit,0.0454,7981.0,2.56,0.7904,0.9492
33387,2021-03-10,2251,City of Ottawa Health Unit,0.0195,2603.0,2.47,0.6555,0.935
33388,2021-03-10,2237,City of Hamilton Health Unit,0.0323,1851.0,3.13,0.8408,0.9492
33389,2021-03-10,2240,Chatham-Kent Health Unit,0.0235,473.0,4.45,0.3377,0.9473
33390,2021-03-10,2227,Brant County Health Unit,0.0241,599.0,3.86,0.4362,0.9119
33391,2021-03-09,2270,York Regional Health Unit,0.0374,3188.0,2.6,0.6311,0.9453
33392,2021-03-09,2268,Windsor-Essex County Health Unit,0.0271,1095.0,2.58,0.5565,0.9198
33393,2021-03-09,2266,Wellington-Dufferin-Guelph Health Unit,0.0156,1008.0,3.23,0.5363,0.843
33394,2021-03-09,2265,Waterloo Health Unit,0.0219,1809.0,3.1,0.4939,0.8881
33395,2021-03-09,2263,Timiskaming Health Unit,0.0063,227.0,6.95,0.4959,0.852
33396,2021-03-09,2262,Thunder Bay District Health Unit,0.0714,745.0,4.96,0.5423,0.8338
33397,2021-03-09,2261,Sudbury and District Health Unit,0.0185,1236.0,6.21,0.5258,0.8304
33398,2021-03-09,4913,Southwestern Public Health,0.0067,682.0,3.23,0.4792,0.8599
33399,2021-03-09,2260,Simcoe Muskoka District Health Unit,0.0175,1932.0,3.22,0.5124,0.9314
33400,2021-03-09,2257,Renfrew County and District Health Unit,0.0133,322.0,2.97,0.504,0.9345
33401,2021-03-09,2256,Porcupine Health Unit,0.0011,393.0,4.71,0.7517,0.9567
33402,2021-03-09,2255,Peterborough County-City Health Unit,0.0071,465.0,3.14,0.6726,0.9835
33403,2021-03-09,2253,Peel Regional Health Unit,0.0484,4151.0,2.58,0.7313,0.9559
33404,2021-03-09,35,Ontario,0.0276,44670.0,3.01,0.6404,0.9242
33405,2021-03-09,2249,Northwestern Health Unit,0.0283,379.0,4.32,0.2235,0.7045
33406,2021-03-09,2247,North Bay Parry Sound District Health Unit,0.0017,422.0,3.25,0.3933,0.7924
33407,2021-03-09,2246,Niagara Regional Area Health Unit,0.0187,1379.0,2.92,0.7402,0.9349
33408,2021-03-09,2244,Middlesex-London Health Unit,0.0096,1640.0,3.23,0.5606,0.9366
33409,2021-03-09,2243,"Leeds, Grenville and Lanark District Health Unit",0.0129,742.0,4.29,0.7413,0.9724
33410,2021-03-09,2242,Lambton Health Unit,0.0252,713.0,5.45,0.3865,0.8911
33411,2021-03-09,2241,"Kingston, Frontenac and Lennox and Addington Health Unit",0.0027,733.0,3.44,0.9029,0.984
33412,2021-03-09,5183,Huron Perth Health Unit,0.0078,457.0,3.27,0.3561,0.9163
33413,2021-03-09,2238,Hastings and Prince Edward Counties Health Unit,0.0023,673.0,3.99,0.9073,0.992
33414,2021-03-09,2236,Halton Regional Health Unit,0.0252,1654.0,2.67,0.6885,0.9601
33415,2021-03-09,2235,"Haliburton, Kawartha, Pine Ridge District Health Unit",0.0079,667.0,3.53,0.452,0.9031
33416,2021-03-09,2234,Haldimand-Norfolk Health Unit,0.0168,340.0,2.98,0.516,0.8495
33417,2021-03-09,2233,Grey Bruce Health Unit,0.0037,420.0,2.47,0.2715,0.7332
33418,2021-03-09,2258,Eastern Ontario Health Unit,0.0174,789.0,3.78,0.6129,0.9537
33419,2021-03-09,2230,Durham Regional Health Unit,0.0239,1897.0,2.66,0.5686,0.9356
33420,2021-03-09,2226,District of Algoma Health Unit,0.0017,417.0,3.65,0.5188,0.6579
33421,2021-03-09,3895,City of Toronto Health Unit,0.0444,8045.0,2.58,0.7899,0.9501
33422,2021-03-09,2251,City of Ottawa Health Unit,0.0196,2643.0,2.51,0.6535,0.9371
33423,2021-03-09,2237,City of Hamilton Health Unit,0.0307,1906.0,3.22,0.8452,0.9532
33424,2021-03-09,2240,Chatham-Kent Health Unit,0.0221,459.0,4.32,0.3383,0.9482
33425,2021-03-09,2227,Brant County Health Unit,0.022,624.0,4.02,0.4478,0.9014
33426,2021-03-08,2270,York Regional Health Unit,0.0369,3118.0,2.54,0.6274,0.9507
33427,2021-03-08,2268,Windsor-Essex County Health Unit,0.0268,1105.0,2.6,0.5514,0.9277
33428,2021-03-08,2266,Wellington-Dufferin-Guelph Health Unit,0.0161,1032.0,3.31,0.5572,0.8598
33429,2021-03-08,2265,Waterloo Health Unit,0.0212,1885.0,3.23,0.5004,0.8899
33430,2021-03-08,2263,Timiskaming Health Unit,0.006,239.0,7.31,0.5377,0.8429
33431,2021-03-08,2262,Thunder Bay District Health Unit,0.0711,765.0,5.1,0.5409,0.8517
33432,2021-03-08,2261,Sudbury and District Health Unit,0.0179,1223.0,6.15,0.5406,0.8344
33433,2021-03-08,4913,Southwestern Public Health,0.0053,699.0,3.3,0.4714,0.8586
33434,2021-03-08,2260,Simcoe Muskoka District Health Unit,0.0171,1982.0,3.31,0.5139,0.9334
33435,2021-03-08,2257,Renfrew County and District Health Unit,0.0116,331.0,3.05,0.4848,0.931
33436,2021-03-08,2256,Porcupine Health Unit,0.0004,390.0,4.67,0.7581,0.9566
33437,2021-03-08,2255,Peterborough County-City Health Unit,0.0076,473.0,3.19,0.6696,0.9851
33438,2021-03-08,2253,Peel Regional Health Unit,0.0478,4217.0,2.63,0.7455,0.9706
33439,2021-03-08,35,Ontario,0.0268,45045.0,3.04,0.643,0.9308
33440,2021-03-08,2249,Northwestern Health Unit,0.0287,378.0,4.31,0.1993,0.6787
33441,2021-03-08,2247,North Bay Parry Sound District Health Unit,0.0015,468.0,3.61,0.3811,0.7979
33442,2021-03-08,2246,Niagara Regional Area Health Unit,0.0172,1387.0,2.93,0.7461,0.9395
33443,2021-03-08,2244,Middlesex-London Health Unit,0.0088,1637.0,3.22,0.5579,0.9383
33444,2021-03-08,2243,"Leeds, Grenville and Lanark District Health Unit",0.0138,712.0,4.11,0.7457,0.9723
33445,2021-03-08,2242,Lambton Health Unit,0.0231,772.0,5.89,0.3196,0.8847
33446,2021-03-08,2241,"Kingston, Frontenac and Lennox and Addington Health Unit",0.0039,763.0,3.59,0.9048,0.9856
33447,2021-03-08,5183,Huron Perth Health Unit,0.0095,464.0,3.32,0.3215,0.915
33448,2021-03-08,2238,Hastings and Prince Edward Counties Health Unit,0.002,705.0,4.18,0.9077,0.9936
33449,2021-03-08,2236,Halton Regional Health Unit,0.0245,1663.0,2.69,0.702,0.9721
33450,2021-03-08,2235,"Haliburton, Kawartha, Pine Ridge District Health Unit",0.0082,683.0,3.61,0.4495,0.9061
33451,2021-03-08,2234,Haldimand-Norfolk Health Unit,0.0191,337.0,2.96,0.5008,0.8328
33452,2021-03-08,2233,Grey Bruce Health Unit,0.0043,435.0,2.56,0.229,0.7164
33453,2021-03-08,2258,Eastern Ontario Health Unit,0.0181,766.0,3.67,0.5874,0.9517
33454,2021-03-08,2230,Durham Regional Health Unit,0.0229,1933.0,2.71,0.5559,0.943
33455,2021-03-08,2226,District of Algoma Health Unit,0.001,429.0,3.75,0.5396,0.6678
33456,2021-03-08,3895,City of Toronto Health Unit,0.043,8026.0,2.57,0.8043,0.967
33457,2021-03-08,2251,City of Ottawa Health Unit,0.019,2611.0,2.48,0.655,0.9387
33458,2021-03-08,2237,City of Hamilton Health Unit,0.0286,1913.0,3.23,0.8479,0.957
33459,2021-03-08,2240,Chatham-Kent Health Unit,0.0179,456.0,4.29,0.3426,0.9512
33460,2021-03-08,2227,Brant County Health Unit,0.0195,630.0,4.06,0.4707,0.9057
33461,2021-03-07,2270,York Regional Health Unit,0.0353,3101.0,2.53,0.612,0.9395
33462,2021-03-07,2268,Windsor-Essex County Health Unit,0.0253,1101.0,2.59,0.5523,0.9287
33463,2021-03-07,2266,Wellington-Dufferin-Guelph Health Unit,0.0174,1012.0,3.24,0.5631,0.8735
33464,2021-03-07,2265,Waterloo Health Unit,0.0231,1857.0,3.18,0.5215,0.9043
33465,2021-03-07,2263,Timiskaming Health Unit,0.0069,227.0,6.94,0.5838,0.8316
33466,2021-03-07,2262,Thunder Bay District Health Unit,0.0612,822.0,5.48,0.5086,0.8438
33467,2021-03-07,2261,Sudbury and District Health Unit,0.017,1194.0,6.0,0.5563,0.8457
33468,2021-03-07,4913,Southwestern Public Health,0.0056,685.0,3.24,0.4745,0.8603
33469,2021-03-07,2260,Simcoe Muskoka District Health Unit,0.016,2032.0,3.39,0.5161,0.9296
33470,2021-03-07,2257,Renfrew County and District Health Unit,0.0126,328.0,3.02,0.4575,0.9474
33471,2021-03-07,2256,Porcupine Health Unit,0.001,414.0,4.96,0.7552,0.9429
33472,2021-03-07,2255,Peterborough County-City Health Unit,0.0061,466.0,3.15,0.681,0.9859
33473,2021-03-07,2253,Peel Regional Health Unit,0.0476,4115.0,2.56,0.7456,0.97
33474,2021-03-07,35,Ontario,0.0262,44995.0,3.03,0.6427,0.9315
33475,2021-03-07,2249,Northwestern Health Unit,0.0244,386.0,4.4,0.1827,0.6595
33476,2021-03-07,2247,North Bay Parry Sound District Health Unit,0.0024,470.0,3.62,0.3707,0.8055
33477,2021-03-07,2246,Niagara Regional Area Health Unit,0.0171,1397.0,2.96,0.7502,0.9425
33478,2021-03-07,2244,Middlesex-London Health Unit,0.0085,1671.0,3.29,0.5595,0.9383
33479,2021-03-07,2243,"Leeds, Grenville and Lanark District Health Unit",0.0154,706.0,4.08,0.7536,0.974
33480,2021-03-07,2242,Lambton Health Unit,0.0263,767.0,5.86,0.3089,0.8816
33481,2021-03-07,2241,"Kingston, Frontenac and Lennox and Addington Health Unit",0.0043,758.0,3.56,0.9001,0.9846
33482,2021-03-07,5183,Huron Perth Health Unit,0.009,477.0,3.41,0.3256,0.9157
33483,2021-03-07,2238,Hastings and Prince Edward Counties Health Unit,0.0023,681.0,4.04,0.908,0.994
33484,2021-03-07,2236,Halton Regional Health Unit,0.0243,1666.0,2.69,0.7195,0.974
33485,2021-03-07,2235,"Haliburton, Kawartha, Pine Ridge District Health Unit",0.0074,679.0,3.6,0.4404,0.8902
33486,2021-03-07,2234,Haldimand-Norfolk Health Unit,0.0163,341.0,2.99,0.5076,0.8531
33487,2021-03-07,2233,Grey Bruce Health Unit,0.0033,430.0,2.53,0.2276,0.7175
33488,2021-03-07,2258,Eastern Ontario Health Unit,0.0166,749.0,3.59,0.5961,0.9696
33489,2021-03-07,2230,Durham Regional Health Unit,0.0226,1948.0,2.73,0.5367,0.9425
33490,2021-03-07,2226,District of Algoma Health Unit,0.001,441.0,3.85,0.5455,0.6899
33491,2021-03-07,3895,City of Toronto Health Unit,0.0417,8028.0,2.57,0.806,0.9668
33492,2021-03-07,2251,City of Ottawa Health Unit,0.0183,2617.0,2.48,0.6573,0.9451
33493,2021-03-07,2237,City of Hamilton Health Unit,0.028,1961.0,3.31,0.8461,0.9578
33494,2021-03-07,2240,Chatham-Kent Health Unit,0.0152,441.0,4.15,0.3388,0.9505
33495,2021-03-07,2227,Brant County Health Unit,0.0194,611.0,3.93,0.4922,0.9082
33496,2021-03-06,2270,York Regional Health Unit,0.0335,3070.0,2.5,0.6105,0.938
33497,2021-03-06,2268,Windsor-Essex County Health Unit,0.0243,1094.0,2.57,0.5407,0.9378
33498,2021-03-06,2266,Wellington-Dufferin-Guelph Health Unit,0.0176,1001.0,3.21,0.5559,0.8672
33499,2021-03-06,2265,Waterloo Health Unit,0.0232,1862.0,3.19,0.5359,0.916
33500,2021-03-06,2263,Timiskaming Health Unit,0.0069,207.0,6.34,0.6248,0.8099
33501,2021-03-06,2262,Thunder Bay District Health Unit,0.0567,831.0,5.54,0.4541,0.8326
33502,2021-03-06,2261,Sudbury and District Health Unit,0.0171,1179.0,5.92,0.5678,0.8582
33503,2021-03-06,4913,Southwestern Public Health,0.0058,689.0,3.26,0.4839,0.8626
33504,2021-03-06,2260,Simcoe Muskoka District Health Unit,0.0152,2046.0,3.41,0.5304,0.944
33505,2021-03-06,2257,Renfrew County and District Health Unit,0.0123,326.0,3.0,0.5153,0.9469
33506,2021-03-06,2256,Porcupine Health Unit,0.0017,409.0,4.9,0.7399,0.9323
33507,2021-03-06,2255,Peterborough County-City Health Unit,0.0067,470.0,3.18,0.6853,0.986
33508,2021-03-06,2253,Peel Regional Health Unit,0.0469,4043.0,2.52,0.7494,0.9729
33509,2021-03-06,35,Ontario,0.0256,44698.0,3.01,0.6456,0.9321
33510,2021-03-06,2249,Northwestern Health Unit,0.0244,380.0,4.33,0.1708,0.6075
33511,2021-03-06,2247,North Bay Parry Sound District Health Unit,0.0024,470.0,3.62,0.3594,0.7977
33512,2021-03-06,2246,Niagara Regional Area Health Unit,0.0166,1385.0,2.93,0.7579,0.9479
33513,2021-03-06,2244,Middlesex-London Health Unit,0.0089,1660.0,3.27,0.5632,0.9397
33514,2021-03-06,2243,"Leeds, Grenville and Lanark District Health Unit",0.0145,708.0,4.09,0.7705,0.9728
33515,2021-03-06,2242,Lambton Health Unit,0.0273,764.0,5.84,0.3067,0.8682
33516,2021-03-06,2241,"Kingston, Frontenac and Lennox and Addington Health Unit",0.0042,748.0,3.52,0.9096,0.9849
33517,2021-03-06,5183,Huron Perth Health Unit,0.0095,482.0,3.45,0.3292,0.9246
33518,2021-03-06,2238,Hastings and Prince Edward Counties Health Unit,0.0021,690.0,4.09,0.9107,0.9931
33519,2021-03-06,2236,Halton Regional Health Unit,0.0231,1639.0,2.65,0.7359,0.9734
33520,2021-03-06,2235,"Haliburton, Kawartha, Pine Ridge District Health Unit",0.0075,682.0,3.61,0.4431,0.8808
33521,2021-03-06,2234,Haldimand-Norfolk Health Unit,0.0169,347.0,3.04,0.5057,0.8518
33522,2021-03-06,2233,Grey Bruce Health Unit,0.0034,426.0,2.51,0.2175,0.7129
33523,2021-03-06,2258,Eastern Ontario Health Unit,0.0152,761.0,3.65,0.6056,0.9693
33524,2021-03-06,2230,Durham Regional Health Unit,0.0217,1935.0,2.72,0.5192,0.9443
33525,2021-03-06,2226,District of Algoma Health Unit,0.001,431.0,3.77,0.5498,0.7288
33526,2021-03-06,3895,City of Toronto Health Unit,0.041,7976.0,2.56,0.8132,0.9681
33527,2021-03-06,2251,City of Ottawa Health Unit,0.0193,2598.0,2.46,0.6719,0.9425
33528,2021-03-06,2237,City of Hamilton Health Unit,0.0265,1918.0,3.24,0.8461,0.9532
33529,2021-03-06,2240,Chatham-Kent Health Unit,0.0139,433.0,4.07,0.3426,0.9617
33530,2021-03-06,2227,Brant County Health Unit,0.0188,625.0,4.03,0.5104,0.9135
33531,2021-03-05,2270,York Regional Health Unit,0.0318,3039.0,2.48,0.5897,0.9349
33532,2021-03-05,2268,Windsor-Essex County Health Unit,0.0224,1079.0,2.54,0.5332,0.9397
33533,2021-03-05,2266,Wellington-Dufferin-Guelph Health Unit,0.0168,1002.0,3.21,0.5559,0.8908
33534,2021-03-05,2265,Waterloo Health Unit,0.0237,1863.0,3.19,0.5652,0.9332
33535,2021-03-05,2263,Timiskaming Health Unit,0.0076,187.0,5.73,0.6422,0.7922
33536,2021-03-05,2262,Thunder Bay District Health Unit,0.0538,840.0,5.6,0.4285,0.8325
33537,2021-03-05,2261,Sudbury and District Health Unit,0.0179,1159.0,5.82,0.5592,0.857
33538,2021-03-05,4913,Southwestern Public Health,0.0051,695.0,3.28,0.5077,0.8705
33539,2021-03-05,2260,Simcoe Muskoka District Health Unit,0.0147,2056.0,3.43,0.5401,0.9448
33540,2021-03-05,2257,Renfrew County and District Health Unit,0.0125,378.0,3.48,0.5387,0.95
33541,2021-03-05,2256,Porcupine Health Unit,0.0018,401.0,4.81,0.7412,0.9267
33542,2021-03-05,2255,Peterborough County-City Health Unit,0.0071,465.0,3.14,0.7024,0.9815
33543,2021-03-05,2253,Peel Regional Health Unit,0.0469,4021.0,2.5,0.7471,0.9726
33544,2021-03-05,35,Ontario,0.0252,44464.0,3.0,0.6467,0.9328
33545,2021-03-05,2249,Northwestern Health Unit,0.0218,406.0,4.63,0.1751,0.5792
33546,2021-03-05,2247,North Bay Parry Sound District Health Unit,0.003,473.0,3.64,0.3224,0.754
33547,2021-03-05,2246,Niagara Regional Area Health Unit,0.0165,1374.0,2.91,0.7345,0.9412
33548,2021-03-05,2244,Middlesex-London Health Unit,0.0088,1645.0,3.24,0.5941,0.9599
33549,2021-03-05,2243,"Leeds, Grenville and Lanark District Health Unit",0.0149,680.0,3.93,0.77,0.9725
33550,2021-03-05,2242,Lambton Health Unit,0.0269,754.0,5.76,0.3033,0.8597
33551,2021-03-05,2241,"Kingston, Frontenac and Lennox and Addington Health Unit",0.0043,738.0,3.47,0.905,0.9834
33552,2021-03-05,5183,Huron Perth Health Unit,0.0095,481.0,3.44,0.3408,0.9346
33553,2021-03-05,2238,Hastings and Prince Edward Counties Health Unit,0.0026,701.0,4.16,0.899,0.992
33554,2021-03-05,2236,Halton Regional Health Unit,0.0234,1586.0,2.56,0.7531,0.9732
33555,2021-03-05,2235,"Haliburton, Kawartha, Pine Ridge District Health Unit",0.0072,671.0,3.55,0.4458,0.8681
33556,2021-03-05,2234,Haldimand-Norfolk Health Unit,0.0156,349.0,3.06,0.5129,0.8481
33557,2021-03-05,2233,Grey Bruce Health Unit,0.0027,424.0,2.49,0.2393,0.7636
33558,2021-03-05,2258,Eastern Ontario Health Unit,0.0145,767.0,3.68,0.6224,0.962
33559,2021-03-05,2230,Durham Regional Health Unit,0.0222,1890.0,2.65,0.5145,0.9407
33560,2021-03-05,2226,District of Algoma Health Unit,0.001,431.0,3.77,0.5779,0.7685
33561,2021-03-05,3895,City of Toronto Health Unit,0.0404,7881.0,2.53,0.8085,0.9691
33562,2021-03-05,2251,City of Ottawa Health Unit,0.0198,2607.0,2.47,0.6785,0.932
33563,2021-03-05,2237,City of Hamilton Health Unit,0.0259,1927.0,3.25,0.8395,0.9516
33564,2021-03-05,2240,Chatham-Kent Health Unit,0.0118,425.0,4.0,0.342,0.942
33565,2021-03-05,2227,Brant County Health Unit,0.0166,655.0,4.22,0.5101,0.9156
33566,2021-03-04,2270,York Regional Health Unit,0.033,2939.0,2.4,0.5942,0.9391
33567,2021-03-04,2268,Windsor-Essex County Health Unit,0.0233,1066.0,2.51,0.5466,0.9416
33568,2021-03-04,2266,Wellington-Dufferin-Guelph Health Unit,0.0182,990.0,3.17,0.5476,0.9028
33569,2021-03-04,2265,Waterloo Health Unit,0.0233,1855.0,3.17,0.5903,0.938
33570,2021-03-04,2263,Timiskaming Health Unit,0.0058,147.0,4.49,0.5987,0.7646
33571,2021-03-04,2262,Thunder Bay District Health Unit,0.0481,885.0,5.9,0.4028,0.8036
33572,2021-03-04,2261,Sudbury and District Health Unit,0.0178,1116.0,5.61,0.5539,0.861
33573,2021-03-04,4913,Southwestern Public Health,0.0054,688.0,3.26,0.5582,0.9032
33574,2021-03-04,2260,Simcoe Muskoka District Health Unit,0.0142,2110.0,3.52,0.5303,0.9442
33575,2021-03-04,2257,Renfrew County and District Health Unit,0.01,357.0,3.29,0.5694,0.9667
33576,2021-03-04,2256,Porcupine Health Unit,0.0018,403.0,4.83,0.7374,0.9234
33577,2021-03-04,2255,Peterborough County-City Health Unit,0.006,456.0,3.08,0.6941,0.9777
33578,2021-03-04,2253,Peel Regional Health Unit,0.0467,4010.0,2.5,0.7529,0.9759
33579,2021-03-04,35,Ontario,0.0249,44049.0,2.97,0.6513,0.9357
33580,2021-03-04,2249,Northwestern Health Unit,0.0189,400.0,4.56,0.1757,0.5499
33581,2021-03-04,2247,North Bay Parry Sound District Health Unit,0.0039,473.0,3.65,0.3189,0.7362
33582,2021-03-04,2246,Niagara Regional Area Health Unit,0.0162,1367.0,2.89,0.7377,0.9386
33583,2021-03-04,2244,Middlesex-London Health Unit,0.0097,1634.0,3.22,0.6221,0.9554
33584,2021-03-04,2243,"Leeds, Grenville and Lanark District Health Unit",0.0159,630.0,3.64,0.7852,0.9678
33585,2021-03-04,2242,Lambton Health Unit,0.0279,727.0,5.55,0.3274,0.9301
33586,2021-03-04,2241,"Kingston, Frontenac and Lennox and Addington Health Unit",0.0043,731.0,3.44,0.898,0.9816
33587,2021-03-04,5183,Huron Perth Health Unit,0.0095,482.0,3.45,0.3803,0.9541
33588,2021-03-04,2238,Hastings and Prince Edward Counties Health Unit,0.0035,692.0,4.1,0.8764,0.9915
33589,2021-03-04,2236,Halton Regional Health Unit,0.0252,1573.0,2.54,0.7605,0.974
33590,2021-03-04,2235,"Haliburton, Kawartha, Pine Ridge District Health Unit",0.008,682.0,3.61,0.4478,0.8695
33591,2021-03-04,2234,Haldimand-Norfolk Health Unit,0.0142,352.0,3.08,0.5058,0.8648
33592,2021-03-04,2233,Grey Bruce Health Unit,0.003,433.0,2.55,0.2669,0.7953
33593,2021-03-04,2258,Eastern Ontario Health Unit,0.0138,758.0,3.63,0.6209,0.9591
33594,2021-03-04,2230,Durham Regional Health Unit,0.0206,1917.0,2.69,0.5202,0.9519
33595,2021-03-04,2226,District of Algoma Health Unit,0.0003,449.0,3.92,0.5662,0.7657
33596,2021-03-04,3895,City of Toronto Health Unit,0.039,7731.0,2.48,0.8139,0.9758
33597,2021-03-04,2251,City of Ottawa Health Unit,0.0205,2603.0,2.47,0.6795,0.9255
33598,2021-03-04,2237,City of Hamilton Health Unit,0.0259,1907.0,3.22,0.8362,0.9496
33599,2021-03-04,2240,Chatham-Kent Health Unit,0.0074,424.0,3.99,0.3563,0.9522
33600,2021-03-04,2227,Brant County Health Unit,0.0154,660.0,4.25,0.5326,0.9115
33601,2021-03-03,2270,York Regional Health Unit,0.0318,2935.0,2.39,0.6244,0.9551
33602,2021-03-03,2268,Windsor-Essex County Health Unit,0.0239,1081.0,2.54,0.5427,0.9422
33603,2021-03-03,2266,Wellington-Dufferin-Guelph Health Unit,0.0184,1000.0,3.21,0.5525,0.8934
33604,2021-03-03,2265,Waterloo Health Unit,0.0238,1845.0,3.16,0.5964,0.9422
33605,2021-03-03,2263,Timiskaming Health Unit,0.0057,126.0,3.84,0.5598,0.744
33606,2021-03-03,2262,Thunder Bay District Health Unit,0.0458,905.0,6.03,0.4646,0.875
33607,2021-03-03,2261,Sudbury and District Health Unit,0.0152,1099.0,5.52,0.5299,0.8222
33608,2021-03-03,4913,Southwestern Public Health,0.0061,697.0,3.3,0.5772,0.9181
33609,2021-03-03,2260,Simcoe Muskoka District Health Unit,0.0139,2135.0,3.56,0.519,0.9419
33610,2021-03-03,2257,Renfrew County and District Health Unit,0.0098,350.0,3.22,0.5785,0.9526
33611,2021-03-03,2256,Porcupine Health Unit,0.0032,404.0,4.84,0.7077,0.9173
33612,2021-03-03,2255,Peterborough County-City Health Unit,0.0068,439.0,2.97,0.7313,0.9765
33613,2021-03-03,2253,Peel Regional Health Unit,0.0462,4049.0,2.52,0.741,0.9727
33614,2021-03-03,35,Ontario,0.0245,44283.0,2.99,0.6526,0.9366
33615,2021-03-03,2249,Northwestern Health Unit,0.02,407.0,4.64,0.1929,0.5892
33616,2021-03-03,2247,North Bay Parry Sound District Health Unit,0.0034,505.0,3.9,0.2841,0.6809
33617,2021-03-03,2246,Niagara Regional Area Health Unit,0.0158,1358.0,2.87,0.7252,0.9401
33618,2021-03-03,2244,Middlesex-London Health Unit,0.0096,1637.0,3.22,0.6682,0.9605
33619,2021-03-03,2243,"Leeds, Grenville and Lanark District Health Unit",0.0154,604.0,3.49,0.7489,0.9669
33620,2021-03-03,2242,Lambton Health Unit,0.028,709.0,5.41,0.3177,0.9442
33621,2021-03-03,2241,"Kingston, Frontenac and Lennox and Addington Health Unit",0.0045,761.0,3.58,0.8935,0.9791
33622,2021-03-03,5183,Huron Perth Health Unit,0.0093,490.0,3.51,0.3961,0.9391
33623,2021-03-03,2238,Hastings and Prince Edward Counties Health Unit,0.0039,704.0,4.18,0.878,0.99
33624,2021-03-03,2236,Halton Regional Health Unit,0.0253,1570.0,2.54,0.7509,0.9762
33625,2021-03-03,2235,"Haliburton, Kawartha, Pine Ridge District Health Unit",0.0066,689.0,3.65,0.4479,0.8709
33626,2021-03-03,2234,Haldimand-Norfolk Health Unit,0.0142,353.0,3.09,0.5363,0.8994
33627,2021-03-03,2233,Grey Bruce Health Unit,0.0032,450.0,2.65,0.2737,0.8211
33628,2021-03-03,2258,Eastern Ontario Health Unit,0.0124,797.0,3.82,0.6192,0.9626
33629,2021-03-03,2230,Durham Regional Health Unit,0.0198,1934.0,2.71,0.5117,0.9502
33630,2021-03-03,2226,District of Algoma Health Unit,0.0019,456.0,3.98,0.5108,0.7197
33631,2021-03-03,3895,City of Toronto Health Unit,0.0382,7767.0,2.49,0.8144,0.9738
33632,2021-03-03,2251,City of Ottawa Health Unit,0.0202,2613.0,2.48,0.6757,0.9267
33633,2021-03-03,2237,City of Hamilton Health Unit,0.0249,1929.0,3.26,0.8333,0.9521
33634,2021-03-03,2240,Chatham-Kent Health Unit,0.0058,419.0,3.95,0.3564,0.9585
33635,2021-03-03,2227,Brant County Health Unit,0.0201,660.0,4.25,0.5585,0.9107
33636,2021-03-02,2270,York Regional Health Unit,0.0315,2936.0,2.4,0.6597,0.9607
33637,2021-03-02,2268,Windsor-Essex County Health Unit,0.0222,1069.0,2.52,0.5337,0.9369
33638,2021-03-02,2266,Wellington-Dufferin-Guelph Health Unit,0.0197,1007.0,3.23,0.5558,0.8943
33639,2021-03-02,2265,Waterloo Health Unit,0.026,1830.0,3.13,0.5922,0.9337
33640,2021-03-02,2263,Timiskaming Health Unit,0.0024,118.0,3.62,0.5939,0.7693
33641,2021-03-02,2262,Thunder Bay District Health Unit,0.0431,904.0,6.03,0.4594,0.8725
33642,2021-03-02,2261,Sudbury and District Health Unit,0.0124,1087.0,5.46,0.4837,0.8133
33643,2021-03-02,4913,Southwestern Public Health,0.0053,694.0,3.28,0.5941,0.925
33644,2021-03-02,2260,Simcoe Muskoka District Health Unit,0.0131,2141.0,3.57,0.5462,0.9415
33645,2021-03-02,2257,Renfrew County and District Health Unit,0.0109,366.0,3.37,0.5797,0.9476
33646,2021-03-02,2256,Porcupine Health Unit,0.0044,422.0,5.06,0.7197,0.9198
33647,2021-03-02,2255,Peterborough County-City Health Unit,0.0077,448.0,3.02,0.7355,0.9657
33648,2021-03-02,2253,Peel Regional Health Unit,0.0483,3960.0,2.47,0.7351,0.9678
33649,2021-03-02,35,Ontario,0.0243,44168.0,2.98,0.6577,0.9354
33650,2021-03-02,2249,Northwestern Health Unit,0.0237,404.0,4.61,0.1944,0.6011
33651,2021-03-02,2247,North Bay Parry Sound District Health Unit,0.0027,536.0,4.13,0.2688,0.6634
33652,2021-03-02,2246,Niagara Regional Area Health Unit,0.016,1362.0,2.88,0.7243,0.9387
33653,2021-03-02,2244,Middlesex-London Health Unit,0.0088,1644.0,3.24,0.6819,0.9637
33654,2021-03-02,2243,"Leeds, Grenville and Lanark District Health Unit",0.0113,567.0,3.27,0.7596,0.9662
33655,2021-03-02,2242,Lambton Health Unit,0.0257,717.0,5.47,0.3433,0.944
33656,2021-03-02,2241,"Kingston, Frontenac and Lennox and Addington Health Unit",0.0038,781.0,3.67,0.8938,0.9795
33657,2021-03-02,5183,Huron Perth Health Unit,0.0092,511.0,3.66,0.3971,0.9376
33658,2021-03-02,2238,Hastings and Prince Edward Counties Health Unit,0.0048,744.0,4.41,0.88,0.9899
33659,2021-03-02,2236,Halton Regional Health Unit,0.0243,1553.0,2.51,0.7391,0.9755
33660,2021-03-02,2235,"Haliburton, Kawartha, Pine Ridge District Health Unit",0.0064,694.0,3.67,0.4507,0.8775
33661,2021-03-02,2234,Haldimand-Norfolk Health Unit,0.0127,360.0,3.16,0.5561,0.9052
33662,2021-03-02,2233,Grey Bruce Health Unit,0.0031,461.0,2.72,0.2751,0.8351
33663,2021-03-02,2258,Eastern Ontario Health Unit,0.0114,855.0,4.1,0.6408,0.9623
33664,2021-03-02,2230,Durham Regional Health Unit,0.0194,1912.0,2.68,0.5257,0.9498
33665,2021-03-02,2226,District of Algoma Health Unit,0.0016,444.0,3.88,0.5003,0.7104
33666,2021-03-02,3895,City of Toronto Health Unit,0.0386,7633.0,2.45,0.8192,0.9729
33667,2021-03-02,2251,City of Ottawa Health Unit,0.0193,2609.0,2.47,0.6784,0.927
33668,2021-03-02,2237,City of Hamilton Health Unit,0.0242,1921.0,3.24,0.8389,0.9542
33669,2021-03-02,2240,Chatham-Kent Health Unit,0.0057,427.0,4.02,0.369,0.9562
33670,2021-03-02,2227,Brant County Health Unit,0.0265,648.0,4.17,0.5676,0.9178
33671,2021-03-01,2270,York Regional Health Unit,0.0317,2924.0,2.39,0.6721,0.9645
33672,2021-03-01,2268,Windsor-Essex County Health Unit,0.0235,1064.0,2.5,0.5346,0.934
33673,2021-03-01,2266,Wellington-Dufferin-Guelph Health Unit,0.0195,1017.0,3.26,0.5418,0.8793
33674,2021-03-01,2265,Waterloo Health Unit,0.0272,1816.0,3.11,0.585,0.9361
33675,2021-03-01,2263,Timiskaming Health Unit,0.0022,129.0,3.96,0.5447,0.7384
33676,2021-03-01,2262,Thunder Bay District Health Unit,0.0395,909.0,6.06,0.4471,0.8601
33677,2021-03-01,2261,Sudbury and District Health Unit,0.0118,1002.0,5.04,0.443,0.7697
33678,2021-03-01,4913,Southwestern Public Health,0.0052,711.0,3.36,0.5869,0.9239
33679,2021-03-01,2260,Simcoe Muskoka District Health Unit,0.0124,2160.0,3.6,0.5525,0.9423
33680,2021-03-01,2257,Renfrew County and District Health Unit,0.0115,361.0,3.32,0.5946,0.9524
33681,2021-03-01,2256,Porcupine Health Unit,0.0047,458.0,5.49,0.7192,0.9182
33682,2021-03-01,2255,Peterborough County-City Health Unit,0.0084,441.0,2.98,0.7356,0.963
33683,2021-03-01,2253,Peel Regional Health Unit,0.05,3826.0,2.38,0.7215,0.9678
33684,2021-03-01,35,Ontario,0.0242,44253.0,2.98,0.6538,0.9333
33685,2021-03-01,2249,Northwestern Health Unit,0.0208,412.0,4.7,0.1976,0.6379
33686,2021-03-01,2247,North Bay Parry Sound District Health Unit,0.0025,566.0,4.36,0.2665,0.654
33687,2021-03-01,2246,Niagara Regional Area Health Unit,0.016,1368.0,2.89,0.722,0.9369
33688,2021-03-01,2244,Middlesex-London Health Unit,0.0084,1637.0,3.23,0.6676,0.962
33689,2021-03-01,2243,"Leeds, Grenville and Lanark District Health Unit",0.009,586.0,3.38,0.7562,0.9662
33690,2021-03-01,2242,Lambton Health Unit,0.0247,678.0,5.18,0.3515,0.944
33691,2021-03-01,2241,"Kingston, Frontenac and Lennox and Addington Health Unit",0.0024,823.0,3.87,0.8924,0.9744
33692,2021-03-01,5183,Huron Perth Health Unit,0.008,498.0,3.57,0.3997,0.9365
33693,2021-03-01,2238,Hastings and Prince Edward Counties Health Unit,0.0051,763.0,4.53,0.8778,0.9892
33694,2021-03-01,2236,Halton Regional Health Unit,0.0241,1529.0,2.47,0.7306,0.9745
33695,2021-03-01,2235,"Haliburton, Kawartha, Pine Ridge District Health Unit",0.0069,699.0,3.7,0.441,0.8785
33696,2021-03-01,2234,Haldimand-Norfolk Health Unit,0.0115,373.0,3.27,0.536,0.8848
33697,2021-03-01,2233,Grey Bruce Health Unit,0.0031,465.0,2.74,0.2899,0.835
33698,2021-03-01,2258,Eastern Ontario Health Unit,0.0105,901.0,4.32,0.6477,0.9629
33699,2021-03-01,2230,Durham Regional Health Unit,0.0193,1872.0,2.63,0.549,0.9529
33700,2021-03-01,2226,District of Algoma Health Unit,0.0016,437.0,3.81,0.4564,0.6599
33701,2021-03-01,3895,City of Toronto Health Unit,0.0387,7695.0,2.47,0.8105,0.973
33702,2021-03-01,2251,City of Ottawa Health Unit,0.0195,2672.0,2.53,0.6719,0.927
33703,2021-03-01,2237,City of Hamilton Health Unit,0.0248,1984.0,3.35,0.8412,0.9548
33704,2021-03-01,2240,Chatham-Kent Health Unit,0.0064,445.0,4.18,0.3885,0.958
33705,2021-03-01,2227,Brant County Health Unit,0.0299,632.0,4.07,0.5642,0.9109
33706,2021-02-28,2270,York Regional Health Unit,0.0327,2882.0,2.35,0.6897,0.9776
33707,2021-02-28,2268,Windsor-Essex County Health Unit,0.0267,1081.0,2.54,0.5222,0.9288
33708,2021-02-28,2266,Wellington-Dufferin-Guelph Health Unit,0.0184,1033.0,3.31,0.5386,0.8757
33709,2021-02-28,2265,Waterloo Health Unit,0.0269,1805.0,3.09,0.573,0.9329
33710,2021-02-28,2263,Timiskaming Health Unit,0.0012,123.0,3.76,0.5257,0.7143
33711,2021-02-28,2262,Thunder Bay District Health Unit,0.0406,861.0,5.74,0.4385,0.8481
33712,2021-02-28,2261,Sudbury and District Health Unit,0.0114,1049.0,5.27,0.393,0.6984
33713,2021-02-28,4913,Southwestern Public Health,0.0053,703.0,3.33,0.5735,0.9216
33714,2021-02-28,2260,Simcoe Muskoka District Health Unit,0.0137,2072.0,3.46,0.5586,0.9464
33715,2021-02-28,2257,Renfrew County and District Health Unit,0.0107,346.0,3.18,0.639,0.9532
33716,2021-02-28,2256,Porcupine Health Unit,0.004,460.0,5.52,0.7258,0.9241
33717,2021-02-28,2255,Peterborough County-City Health Unit,0.0078,441.0,2.98,0.7217,0.9616
33718,2021-02-28,2253,Peel Regional Health Unit,0.0505,3757.0,2.34,0.719,0.966
33719,2021-02-28,35,Ontario,0.0243,43975.0,2.97,0.6518,0.9312
33720,2021-02-28,2249,Northwestern Health Unit,0.0222,406.0,4.63,0.1945,0.6271
33721,2021-02-28,2247,North Bay Parry Sound District Health Unit,0.0026,605.0,4.66,0.2516,0.6248
33722,2021-02-28,2246,Niagara Regional Area Health Unit,0.0155,1358.0,2.87,0.7171,0.9367
33723,2021-02-28,2244,Middlesex-London Health Unit,0.0079,1566.0,3.09,0.6539,0.9582
33724,2021-02-28,2243,"Leeds, Grenville and Lanark District Health Unit",0.005,572.0,3.3,0.755,0.9636
33725,2021-02-28,2242,Lambton Health Unit,0.0169,661.0,5.05,0.3455,0.9401
33726,2021-02-28,2241,"Kingston, Frontenac and Lennox and Addington Health Unit",0.0022,849.0,3.99,0.8932,0.975
33727,2021-02-28,5183,Huron Perth Health Unit,0.0088,504.0,3.61,0.3995,0.9349
33728,2021-02-28,2238,Hastings and Prince Edward Counties Health Unit,0.0057,772.0,4.58,0.8765,0.9893
33729,2021-02-28,2236,Halton Regional Health Unit,0.023,1531.0,2.47,0.744,0.9737
33730,2021-02-28,2235,"Haliburton, Kawartha, Pine Ridge District Health Unit",0.0078,699.0,3.7,0.4549,0.9025
33731,2021-02-28,2234,Haldimand-Norfolk Health Unit,0.0125,365.0,3.2,0.559,0.8968
33732,2021-02-28,2233,Grey Bruce Health Unit,0.003,482.0,2.83,0.2843,0.8245
33733,2021-02-28,2258,Eastern Ontario Health Unit,0.0112,891.0,4.27,0.6276,0.938
33734,2021-02-28,2230,Durham Regional Health Unit,0.019,1863.0,2.62,0.5733,0.9594
33735,2021-02-28,2226,District of Algoma Health Unit,0.0019,447.0,3.91,0.4514,0.6423
33736,2021-02-28,3895,City of Toronto Health Unit,0.0391,7683.0,2.46,0.8055,0.9738
33737,2021-02-28,2251,City of Ottawa Health Unit,0.0184,2649.0,2.51,0.663,0.9285
33738,2021-02-28,2237,City of Hamilton Health Unit,0.026,1976.0,3.34,0.8431,0.9549
33739,2021-02-28,2240,Chatham-Kent Health Unit,0.0069,456.0,4.29,0.3828,0.9561
33740,2021-02-28,2227,Brant County Health Unit,0.0317,631.0,4.06,0.5776,0.9212
33741,2021-02-27,2270,York Regional Health Unit,0.0333,2876.0,2.35,0.6911,0.9761
33742,2021-02-27,2268,Windsor-Essex County Health Unit,0.0268,1080.0,2.54,0.5133,0.9198
33743,2021-02-27,2266,Wellington-Dufferin-Guelph Health Unit,0.0187,1034.0,3.32,0.5357,0.881
33744,2021-02-27,2265,Waterloo Health Unit,0.0284,1791.0,3.06,0.5682,0.9288
33745,2021-02-27,2263,Timiskaming Health Unit,0.0012,123.0,3.75,0.527,0.709
33746,2021-02-27,2262,Thunder Bay District Health Unit,0.0416,866.0,5.78,0.4791,0.8619
33747,2021-02-27,2261,Sudbury and District Health Unit,0.0084,1004.0,5.04,0.3481,0.6573
33748,2021-02-27,4913,Southwestern Public Health,0.0051,704.0,3.33,0.5414,0.9112
33749,2021-02-27,2260,Simcoe Muskoka District Health Unit,0.014,2072.0,3.46,0.5668,0.945
33750,2021-02-27,2257,Renfrew County and District Health Unit,0.0113,354.0,3.26,0.6151,0.9547
33751,2021-02-27,2256,Porcupine Health Unit,0.0051,472.0,5.65,0.7332,0.9281
33752,2021-02-27,2255,Peterborough County-City Health Unit,0.0078,439.0,2.97,0.7123,0.9615
33753,2021-02-27,2253,Peel Regional Health Unit,0.0521,3769.0,2.35,0.712,0.9649
33754,2021-02-27,35,Ontario,0.0245,44010.0,2.97,0.6479,0.9279
33755,2021-02-27,2249,Northwestern Health Unit,0.0227,415.0,4.74,0.1949,0.6476
33756,2021-02-27,2247,North Bay Parry Sound District Health Unit,0.0025,620.0,4.78,0.2462,0.5953
33757,2021-02-27,2246,Niagara Regional Area Health Unit,0.0161,1360.0,2.88,0.7027,0.9333
33758,2021-02-27,2244,Middlesex-London Health Unit,0.0076,1558.0,3.07,0.6145,0.9447
33759,2021-02-27,2243,"Leeds, Grenville and Lanark District Health Unit",0.0046,563.0,3.25,0.7487,0.9669
33760,2021-02-27,2242,Lambton Health Unit,0.0156,658.0,5.03,0.3135,0.8982
33761,2021-02-27,2241,"Kingston, Frontenac and Lennox and Addington Health Unit",0.0023,856.0,4.02,0.886,0.9738
33762,2021-02-27,5183,Huron Perth Health Unit,0.0082,505.0,3.61,0.4008,0.927
33763,2021-02-27,2238,Hastings and Prince Edward Counties Health Unit,0.0056,767.0,4.55,0.8691,0.9895
33764,2021-02-27,2236,Halton Regional Health Unit,0.0225,1549.0,2.5,0.7478,0.9715
33765,2021-02-27,2235,"Haliburton, Kawartha, Pine Ridge District Health Unit",0.0073,700.0,3.71,0.462,0.9252
33766,2021-02-27,2234,Haldimand-Norfolk Health Unit,0.0109,367.0,3.21,0.562,0.8987
33767,2021-02-27,2233,Grey Bruce Health Unit,0.003,480.0,2.82,0.2824,0.8095
33768,2021-02-27,2258,Eastern Ontario Health Unit,0.0114,880.0,4.22,0.645,0.9357
33769,2021-02-27,2230,Durham Regional Health Unit,0.0202,1863.0,2.61,0.5903,0.9617
33770,2021-02-27,2226,District of Algoma Health Unit,0.0018,476.0,4.16,0.4507,0.6178
33771,2021-02-27,3895,City of Toronto Health Unit,0.0393,7721.0,2.47,0.8021,0.9729
33772,2021-02-27,2251,City of Ottawa Health Unit,0.0176,2637.0,2.5,0.6736,0.9325
33773,2021-02-27,2237,City of Hamilton Health Unit,0.0255,1980.0,3.34,0.8345,0.9551
33774,2021-02-27,2240,Chatham-Kent Health Unit,0.0067,450.0,4.23,0.3676,0.9411
33775,2021-02-27,2227,Brant County Health Unit,0.0319,622.0,4.01,0.5891,0.9201
33776,2021-02-26,2270,York Regional Health Unit,0.0348,2848.0,2.32,0.7012,0.9711
33777,2021-02-26,2268,Windsor-Essex County Health Unit,0.0268,1084.0,2.55,0.501,0.9195
33778,2021-02-26,2266,Wellington-Dufferin-Guelph Health Unit,0.0189,1038.0,3.33,0.5334,0.8555
33779,2021-02-26,2265,Waterloo Health Unit,0.0273,1769.0,3.03,0.5648,0.9221
33780,2021-02-26,2263,Timiskaming Health Unit,0.0012,123.0,3.75,0.5398,0.7229
33781,2021-02-26,2262,Thunder Bay District Health Unit,0.0396,880.0,5.87,0.5034,0.8549
33782,2021-02-26,2261,Sudbury and District Health Unit,0.0063,959.0,4.82,0.3061,0.614
33783,2021-02-26,4913,Southwestern Public Health,0.0047,700.0,3.31,0.4907,0.8901
33784,2021-02-26,2260,Simcoe Muskoka District Health Unit,0.0149,2056.0,3.43,0.5677,0.9303
33785,2021-02-26,2257,Renfrew County and District Health Unit,0.0117,316.0,2.91,0.6399,0.9512
33786,2021-02-26,2256,Porcupine Health Unit,0.0075,479.0,5.74,0.7438,0.9296
33787,2021-02-26,2255,Peterborough County-City Health Unit,0.0072,438.0,2.96,0.6721,0.949
33788,2021-02-26,2253,Peel Regional Health Unit,0.0528,3660.0,2.28,0.7059,0.9619
33789,2021-02-26,35,Ontario,0.0244,43637.0,2.94,0.6446,0.921
33790,2021-02-26,2249,Northwestern Health Unit,0.0209,383.0,4.36,0.1851,0.6578
33791,2021-02-26,2247,North Bay Parry Sound District Health Unit,0.002,628.0,4.84,0.2558,0.5776
33792,2021-02-26,2246,Niagara Regional Area Health Unit,0.0162,1360.0,2.88,0.6868,0.9285
33793,2021-02-26,2244,Middlesex-London Health Unit,0.0077,1557.0,3.07,0.5589,0.9125
33794,2021-02-26,2243,"Leeds, Grenville and Lanark District Health Unit",0.0035,569.0,3.28,0.7623,0.9692
33795,2021-02-26,2242,Lambton Health Unit,0.0139,659.0,5.03,0.2939,0.8608
33796,2021-02-26,2241,"Kingston, Frontenac and Lennox and Addington Health Unit",0.0023,852.0,4.0,0.8857,0.9769
33797,2021-02-26,5183,Huron Perth Health Unit,0.0076,505.0,3.61,0.3909,0.8991
33798,2021-02-26,2238,Hastings and Prince Edward Counties Health Unit,0.0052,748.0,4.44,0.8643,0.9824
33799,2021-02-26,2236,Halton Regional Health Unit,0.0227,1511.0,2.44,0.7575,0.9673
33800,2021-02-26,2235,"Haliburton, Kawartha, Pine Ridge District Health Unit",0.0083,704.0,3.73,0.4588,0.914
33801,2021-02-26,2234,Haldimand-Norfolk Health Unit,0.013,363.0,3.18,0.559,0.8777
33802,2021-02-26,2233,Grey Bruce Health Unit,0.0036,478.0,2.82,0.2715,0.7968
33803,2021-02-26,2258,Eastern Ontario Health Unit,0.0106,876.0,4.2,0.6592,0.9395
33804,2021-02-26,2230,Durham Regional Health Unit,0.0194,1861.0,2.61,0.5987,0.9625
33805,2021-02-26,2226,District of Algoma Health Unit,0.0018,473.0,4.13,0.4469,0.5932
33806,2021-02-26,3895,City of Toronto Health Unit,0.0394,7751.0,2.48,0.7985,0.9699
33807,2021-02-26,2251,City of Ottawa Health Unit,0.0176,2630.0,2.49,0.6965,0.9443
33808,2021-02-26,2237,City of Hamilton Health Unit,0.0249,1935.0,3.27,0.8259,0.9505
33809,2021-02-26,2240,Chatham-Kent Health Unit,0.0079,453.0,4.26,0.3786,0.954
33810,2021-02-26,2227,Brant County Health Unit,0.0323,598.0,3.85,0.6206,0.9078
33811,2021-02-25,2270,York Regional Health Unit,0.0349,2861.0,2.33,0.6844,0.9634
33812,2021-02-25,2268,Windsor-Essex County Health Unit,0.0256,1078.0,2.54,0.447,0.9054
33813,2021-02-25,2266,Wellington-Dufferin-Guelph Health Unit,0.018,1058.0,3.39,0.5613,0.8611
33814,2021-02-25,2265,Waterloo Health Unit,0.0294,1751.0,3.0,0.5491,0.9203
33815,2021-02-25,2263,Timiskaming Health Unit,0.0012,120.0,3.67,0.5375,0.7474
33816,2021-02-25,2262,Thunder Bay District Health Unit,0.0417,853.0,5.69,0.5179,0.8552
33817,2021-02-25,2261,Sudbury and District Health Unit,0.0051,946.0,4.75,0.2623,0.5962
33818,2021-02-25,4913,Southwestern Public Health,0.0047,695.0,3.29,0.4366,0.8666
33819,2021-02-25,2260,Simcoe Muskoka District Health Unit,0.016,2005.0,3.34,0.5818,0.9274
33820,2021-02-25,2257,Renfrew County and District Health Unit,0.0115,310.0,2.85,0.6414,0.9379
33821,2021-02-25,2256,Porcupine Health Unit,0.0084,475.0,5.69,0.7284,0.9203
33822,2021-02-25,2255,Peterborough County-City Health Unit,0.0068,422.0,2.85,0.639,0.9528
33823,2021-02-25,2253,Peel Regional Health Unit,0.0524,3649.0,2.27,0.6916,0.9594
33824,2021-02-25,35,Ontario,0.0247,43469.0,2.93,0.6321,0.918
33825,2021-02-25,2249,Northwestern Health Unit,0.0243,388.0,4.42,0.1662,0.6308
33826,2021-02-25,2247,North Bay Parry Sound District Health Unit,0.0011,626.0,4.82,0.2243,0.5538
33827,2021-02-25,2246,Niagara Regional Area Health Unit,0.0158,1374.0,2.91,0.6411,0.9296
33828,2021-02-25,2244,Middlesex-London Health Unit,0.0065,1529.0,3.01,0.5206,0.9059
33829,2021-02-25,2243,"Leeds, Grenville and Lanark District Health Unit",0.0029,581.0,3.36,0.7574,0.9755
33830,2021-02-25,2242,Lambton Health Unit,0.0127,672.0,5.13,0.2769,0.8487
33831,2021-02-25,2241,"Kingston, Frontenac and Lennox and Addington Health Unit",0.0026,839.0,3.94,0.8864,0.9824
33832,2021-02-25,5183,Huron Perth Health Unit,0.0077,499.0,3.57,0.3376,0.8723
33833,2021-02-25,2238,Hastings and Prince Edward Counties Health Unit,0.0043,730.0,4.33,0.8594,0.9799
33834,2021-02-25,2236,Halton Regional Health Unit,0.0202,1516.0,2.45,0.7519,0.9628
33835,2021-02-25,2235,"Haliburton, Kawartha, Pine Ridge District Health Unit",0.0081,686.0,3.63,0.4563,0.9033
33836,2021-02-25,2234,Haldimand-Norfolk Health Unit,0.0126,375.0,3.29,0.5407,0.8751
33837,2021-02-25,2233,Grey Bruce Health Unit,0.0042,474.0,2.79,0.2175,0.7387
33838,2021-02-25,2258,Eastern Ontario Health Unit,0.01,885.0,4.24,0.6781,0.9472
33839,2021-02-25,2230,Durham Regional Health Unit,0.0212,1810.0,2.54,0.5759,0.9558
33840,2021-02-25,2226,District of Algoma Health Unit,0.0018,467.0,4.08,0.4583,0.6298
33841,2021-02-25,3895,City of Toronto Health Unit,0.0405,7784.0,2.49,0.7893,0.9674
33842,2021-02-25,2251,City of Ottawa Health Unit,0.0183,2612.0,2.48,0.7061,0.9543
33843,2021-02-25,2237,City of Hamilton Health Unit,0.0251,1950.0,3.29,0.8084,0.9507
33844,2021-02-25,2240,Chatham-Kent Health Unit,0.0078,458.0,4.31,0.366,0.9549
33845,2021-02-25,2227,Brant County Health Unit,0.0307,591.0,3.81,0.6168,0.917
33846,2021-02-24,2270,York Regional Health Unit,0.0367,2815.0,2.3,0.6584,0.9528
33847,2021-02-24,2268,Windsor-Essex County Health Unit,0.0244,1058.0,2.49,0.4378,0.899
33848,2021-02-24,2266,Wellington-Dufferin-Guelph Health Unit,0.0152,1074.0,3.44,0.5627,0.8627
33849,2021-02-24,2265,Waterloo Health Unit,0.0298,1686.0,2.89,0.5413,0.9165
33850,2021-02-24,2263,Timiskaming Health Unit,0.0012,123.0,3.76,0.5283,0.7937
33851,2021-02-24,2262,Thunder Bay District Health Unit,0.038,834.0,5.56,0.4926,0.8568
33852,2021-02-24,2261,Sudbury and District Health Unit,0.0034,914.0,4.59,0.2443,0.5939
33853,2021-02-24,4913,Southwestern Public Health,0.0037,687.0,3.25,0.406,0.8569
33854,2021-02-24,2260,Simcoe Muskoka District Health Unit,0.0169,1950.0,3.25,0.582,0.9342
33855,2021-02-24,2257,Renfrew County and District Health Unit,0.0112,307.0,2.83,0.6637,0.9389
33856,2021-02-24,2256,Porcupine Health Unit,0.008,465.0,5.58,0.7576,0.9291
33857,2021-02-24,2255,Peterborough County-City Health Unit,0.0059,437.0,2.95,0.6387,0.9543
33858,2021-02-24,2253,Peel Regional Health Unit,0.053,3567.0,2.22,0.692,0.9615
33859,2021-02-24,35,Ontario,0.0251,42798.0,2.89,0.6232,0.9188
33860,2021-02-24,2249,Northwestern Health Unit,0.0266,370.0,4.22,0.1577,0.6205
33861,2021-02-24,2247,North Bay Parry Sound District Health Unit,0.0017,606.0,4.67,0.2141,0.6022
33862,2021-02-24,2246,Niagara Regional Area Health Unit,0.0153,1397.0,2.96,0.6095,0.9116
33863,2021-02-24,2244,Middlesex-London Health Unit,0.0071,1529.0,3.01,0.4914,0.9055
33864,2021-02-24,2243,"Leeds, Grenville and Lanark District Health Unit",0.003,570.0,3.29,0.7734,0.9783
33865,2021-02-24,2242,Lambton Health Unit,0.0103,682.0,5.21,0.2789,0.8493
33866,2021-02-24,2241,"Kingston, Frontenac and Lennox and Addington Health Unit",0.0023,808.0,3.8,0.8808,0.9793
33867,2021-02-24,5183,Huron Perth Health Unit,0.0091,485.0,3.47,0.3078,0.8803
33868,2021-02-24,2238,Hastings and Prince Edward Counties Health Unit,0.0047,705.0,4.18,0.8437,0.9794
33869,2021-02-24,2236,Halton Regional Health Unit,0.0206,1466.0,2.37,0.7532,0.9583
33870,2021-02-24,2235,"Haliburton, Kawartha, Pine Ridge District Health Unit",0.0081,674.0,3.57,0.436,0.9062
33871,2021-02-24,2234,Haldimand-Norfolk Health Unit,0.0123,371.0,3.25,0.4796,0.839
33872,2021-02-24,2233,Grey Bruce Health Unit,0.0043,465.0,2.74,0.2098,0.7394
33873,2021-02-24,2258,Eastern Ontario Health Unit,0.0109,856.0,4.1,0.6853,0.9511
33874,2021-02-24,2230,Durham Regional Health Unit,0.0227,1778.0,2.5,0.5702,0.9537
33875,2021-02-24,2226,District of Algoma Health Unit,0.0006,455.0,3.97,0.4504,0.755
33876,2021-02-24,3895,City of Toronto Health Unit,0.0419,7750.0,2.48,0.7793,0.9666
33877,2021-02-24,2251,City of Ottawa Health Unit,0.019,2539.0,2.41,0.7177,0.9588
33878,2021-02-24,2237,City of Hamilton Health Unit,0.0255,1951.0,3.29,0.8061,0.9522
33879,2021-02-24,2240,Chatham-Kent Health Unit,0.0094,455.0,4.28,0.3596,0.951
33880,2021-02-24,2227,Brant County Health Unit,0.0269,573.0,3.69,0.5991,0.9205
33881,2021-02-23,2270,York Regional Health Unit,0.0381,2790.0,2.28,0.6592,0.9497
33882,2021-02-23,2268,Windsor-Essex County Health Unit,0.0242,1090.0,2.57,0.427,0.8981
33883,2021-02-23,2266,Wellington-Dufferin-Guelph Health Unit,0.0132,1085.0,3.48,0.5909,0.8515
33884,2021-02-23,2265,Waterloo Health Unit,0.0268,1687.0,2.89,0.5606,0.9223
33885,2021-02-23,2263,Timiskaming Health Unit,0.0011,127.0,3.9,0.5414,0.7908
33886,2021-02-23,2262,Thunder Bay District Health Unit,0.0353,829.0,5.53,0.4948,0.8692
33887,2021-02-23,2261,Sudbury and District Health Unit,0.0038,905.0,4.55,0.2691,0.5699
33888,2021-02-23,4913,Southwestern Public Health,0.0043,697.0,3.3,0.4001,0.8368
33889,2021-02-23,2260,Simcoe Muskoka District Health Unit,0.0179,1924.0,3.21,0.595,0.9277
33890,2021-02-23,2257,Renfrew County and District Health Unit,0.008,287.0,2.64,0.6977,0.9394
33891,2021-02-23,2256,Porcupine Health Unit,0.009,458.0,5.49,0.8047,0.9311
33892,2021-02-23,2255,Peterborough County-City Health Unit,0.0064,469.0,3.17,0.6519,0.9636
33893,2021-02-23,2253,Peel Regional Health Unit,0.052,3648.0,2.27,0.6849,0.959
33894,2021-02-23,35,Ontario,0.0249,43100.0,2.91,0.6338,0.9157
33895,2021-02-23,2249,Northwestern Health Unit,0.0255,381.0,4.35,0.1522,0.5715
33896,2021-02-23,2247,North Bay Parry Sound District Health Unit,0.0021,610.0,4.7,0.2197,0.5985
33897,2021-02-23,2246,Niagara Regional Area Health Unit,0.0155,1431.0,3.03,0.5963,0.9074
33898,2021-02-23,2244,Middlesex-London Health Unit,0.0079,1573.0,3.1,0.5014,0.8975
33899,2021-02-23,2243,"Leeds, Grenville and Lanark District Health Unit",0.0031,590.0,3.41,0.7916,0.9805
33900,2021-02-23,2242,Lambton Health Unit,0.0105,665.0,5.08,0.2681,0.8143
33901,2021-02-23,2241,"Kingston, Frontenac and Lennox and Addington Health Unit",0.0027,794.0,3.73,0.8955,0.9786
33902,2021-02-23,5183,Huron Perth Health Unit,0.008,498.0,3.56,0.3357,0.8677
33903,2021-02-23,2238,Hastings and Prince Edward Counties Health Unit,0.004,681.0,4.04,0.8333,0.97
33904,2021-02-23,2236,Halton Regional Health Unit,0.0217,1487.0,2.4,0.7619,0.957
33905,2021-02-23,2235,"Haliburton, Kawartha, Pine Ridge District Health Unit",0.0086,684.0,3.62,0.4677,0.8968
33906,2021-02-23,2234,Haldimand-Norfolk Health Unit,0.0123,384.0,3.37,0.4514,0.7948
33907,2021-02-23,2233,Grey Bruce Health Unit,0.004,461.0,2.72,0.2073,0.7048
33908,2021-02-23,2258,Eastern Ontario Health Unit,0.0103,842.0,4.04,0.7407,0.9532
33909,2021-02-23,2230,Durham Regional Health Unit,0.0218,1846.0,2.59,0.6064,0.9552
33910,2021-02-23,2226,District of Algoma Health Unit,0.0006,491.0,4.29,0.4531,0.7517
33911,2021-02-23,3895,City of Toronto Health Unit,0.0417,7763.0,2.49,0.7805,0.9657
33912,2021-02-23,2251,City of Ottawa Health Unit,0.0195,2509.0,2.38,0.7342,0.958
33913,2021-02-23,2237,City of Hamilton Health Unit,0.0249,1992.0,3.36,0.8037,0.9489
33914,2021-02-23,2240,Chatham-Kent Health Unit,0.0089,449.0,4.22,0.3835,0.9514
33915,2021-02-23,2227,Brant County Health Unit,0.0213,577.0,3.72,0.5947,0.9147
33916,2021-02-22,2270,York Regional Health Unit,0.0389,2743.0,2.24,0.6523,0.9459
33917,2021-02-22,2268,Windsor-Essex County Health Unit,0.0241,1062.0,2.5,0.4113,0.8988
33918,2021-02-22,2266,Wellington-Dufferin-Guelph Health Unit,0.0128,1062.0,3.4,0.5989,0.8695
33919,2021-02-22,2265,Waterloo Health Unit,0.0274,1646.0,2.82,0.5576,0.9192
33920,2021-02-22,2263,Timiskaming Health Unit,0.0,133.0,4.06,0.5213,0.7863
33921,2021-02-22,2262,Thunder Bay District Health Unit,0.0317,869.0,5.79,0.4909,0.8812
33922,2021-02-22,2261,Sudbury and District Health Unit,0.0032,990.0,4.97,0.3165,0.6163
33923,2021-02-22,4913,Southwestern Public Health,0.0054,692.0,3.27,0.3964,0.8334
33924,2021-02-22,2260,Simcoe Muskoka District Health Unit,0.0188,1889.0,3.15,0.5738,0.922
33925,2021-02-22,2257,Renfrew County and District Health Unit,0.0062,275.0,2.53,0.6962,0.9329
33926,2021-02-22,2256,Porcupine Health Unit,0.0086,464.0,5.56,0.8048,0.9332
33927,2021-02-22,2255,Peterborough County-City Health Unit,0.0061,468.0,3.17,0.6117,0.9607
33928,2021-02-22,2253,Peel Regional Health Unit,0.0511,3603.0,2.24,0.6694,0.9541
33929,2021-02-22,35,Ontario,0.0249,42744.0,2.88,0.6214,0.9129
33930,2021-02-22,2249,Northwestern Health Unit,0.0312,389.0,4.44,0.1487,0.5514
33931,2021-02-22,2247,North Bay Parry Sound District Health Unit,0.0061,653.0,5.03,0.2111,0.5866
33932,2021-02-22,2246,Niagara Regional Area Health Unit,0.0147,1392.0,2.95,0.5785,0.9026
33933,2021-02-22,2244,Middlesex-London Health Unit,0.0085,1588.0,3.13,0.4912,0.897
33934,2021-02-22,2243,"Leeds, Grenville and Lanark District Health Unit",0.0034,585.0,3.38,0.7756,0.9805
33935,2021-02-22,2242,Lambton Health Unit,0.0109,629.0,4.8,0.2629,0.8142
33936,2021-02-22,2241,"Kingston, Frontenac and Lennox and Addington Health Unit",0.0028,776.0,3.65,0.8926,0.9829
33937,2021-02-22,5183,Huron Perth Health Unit,0.0072,535.0,3.83,0.3013,0.8606
33938,2021-02-22,2238,Hastings and Prince Edward Counties Health Unit,0.0034,631.0,3.74,0.811,0.9638
33939,2021-02-22,2236,Halton Regional Health Unit,0.0222,1444.0,2.33,0.7559,0.9538
33940,2021-02-22,2235,"Haliburton, Kawartha, Pine Ridge District Health Unit",0.0076,713.0,3.77,0.4551,0.8899
33941,2021-02-22,2234,Haldimand-Norfolk Health Unit,0.0123,383.0,3.35,0.4438,0.8145
33942,2021-02-22,2233,Grey Bruce Health Unit,0.0028,507.0,2.98,0.229,0.715
33943,2021-02-22,2258,Eastern Ontario Health Unit,0.0104,841.0,4.03,0.7267,0.945
33944,2021-02-22,2230,Durham Regional Health Unit,0.0217,1904.0,2.67,0.5945,0.9545
33945,2021-02-22,2226,District of Algoma Health Unit,0.001,551.0,4.82,0.3764,0.7362
33946,2021-02-22,3895,City of Toronto Health Unit,0.043,7662.0,2.46,0.771,0.9598
33947,2021-02-22,2251,City of Ottawa Health Unit,0.0197,2405.0,2.28,0.7287,0.9568
33948,2021-02-22,2237,City of Hamilton Health Unit,0.024,1860.0,3.14,0.7819,0.9383
33949,2021-02-22,2240,Chatham-Kent Health Unit,0.0096,448.0,4.22,0.3535,0.9488
33950,2021-02-22,2227,Brant County Health Unit,0.0186,569.0,3.67,0.5935,0.9239
33951,2021-02-21,2270,York Regional Health Unit,0.0436,2608.0,2.13,0.6547,0.9452
33952,2021-02-21,2268,Windsor-Essex County Health Unit,0.0224,1016.0,2.39,0.4098,0.8987
33953,2021-02-21,2266,Wellington-Dufferin-Guelph Health Unit,0.0138,986.0,3.16,0.5956,0.8761
33954,2021-02-21,2265,Waterloo Health Unit,0.0277,1555.0,2.66,0.5686,0.9205
33955,2021-02-21,2263,Timiskaming Health Unit,0.0,115.0,3.52,0.5322,0.8116
33956,2021-02-21,2262,Thunder Bay District Health Unit,0.0314,802.0,5.35,0.5339,0.8988
33957,2021-02-21,2261,Sudbury and District Health Unit,0.0023,935.0,4.7,0.3307,0.6707
33958,2021-02-21,4913,Southwestern Public Health,0.0063,653.0,3.09,0.4048,0.8293
33959,2021-02-21,2260,Simcoe Muskoka District Health Unit,0.0191,1721.0,2.87,0.5648,0.9228
33960,2021-02-21,2257,Renfrew County and District Health Unit,0.0065,265.0,2.44,0.7028,0.9311
33961,2021-02-21,2256,Porcupine Health Unit,0.0099,390.0,4.67,0.8077,0.9437
33962,2021-02-21,2255,Peterborough County-City Health Unit,0.0094,424.0,2.87,0.6102,0.9601
33963,2021-02-21,2253,Peel Regional Health Unit,0.0522,3439.0,2.14,0.6678,0.9534
33964,2021-02-21,35,Ontario,0.0261,39745.0,2.68,0.6214,0.9146
33965,2021-02-21,2249,Northwestern Health Unit,0.0323,350.0,3.99,0.144,0.5485
33966,2021-02-21,2247,North Bay Parry Sound District Health Unit,0.0059,605.0,4.66,0.2388,0.6172
33967,2021-02-21,2246,Niagara Regional Area Health Unit,0.0149,1352.0,2.86,0.5732,0.9005
33968,2021-02-21,2244,Middlesex-London Health Unit,0.009,1471.0,2.9,0.5013,0.896
33969,2021-02-21,2243,"Leeds, Grenville and Lanark District Health Unit",0.0037,537.0,3.1,0.7752,0.9824
33970,2021-02-21,2242,Lambton Health Unit,0.0131,558.0,4.26,0.2527,0.8139
33971,2021-02-21,2241,"Kingston, Frontenac and Lennox and Addington Health Unit",0.003,720.0,3.39,0.8862,0.977
33972,2021-02-21,5183,Huron Perth Health Unit,0.006,455.0,3.26,0.296,0.8587
33973,2021-02-21,2238,Hastings and Prince Edward Counties Health Unit,0.0026,556.0,3.3,0.8108,0.9639
33974,2021-02-21,2236,Halton Regional Health Unit,0.0232,1343.0,2.17,0.7351,0.9513
33975,2021-02-21,2235,"Haliburton, Kawartha, Pine Ridge District Health Unit",0.0077,635.0,3.36,0.4686,0.8976
33976,2021-02-21,2234,Haldimand-Norfolk Health Unit,0.0123,348.0,3.05,0.4355,0.8066
33977,2021-02-21,2233,Grey Bruce Health Unit,0.0029,485.0,2.86,0.2333,0.7264
33978,2021-02-21,2258,Eastern Ontario Health Unit,0.0102,729.0,3.49,0.7476,0.9753
33979,2021-02-21,2230,Durham Regional Health Unit,0.0221,1740.0,2.44,0.5977,0.9479
33980,2021-02-21,2226,District of Algoma Health Unit,0.001,440.0,3.84,0.3674,0.7182
33981,2021-02-21,3895,City of Toronto Health Unit,0.0446,7261.0,2.33,0.7612,0.9579
33982,2021-02-21,2251,City of Ottawa Health Unit,0.0222,2218.0,2.1,0.7317,0.9536
33983,2021-02-21,2237,City of Hamilton Health Unit,0.0233,1714.0,2.9,0.7738,0.9348
33984,2021-02-21,2240,Chatham-Kent Health Unit,0.0096,415.0,3.9,0.3693,0.9508
33985,2021-02-21,2227,Brant County Health Unit,0.0174,543.0,3.5,0.572,0.9112
33986,2021-02-20,2270,York Regional Health Unit,0.0445,2556.0,2.09,0.6382,0.9338
33987,2021-02-20,2268,Windsor-Essex County Health Unit,0.023,1010.0,2.38,0.4277,0.9148
33988,2021-02-20,2266,Wellington-Dufferin-Guelph Health Unit,0.0136,986.0,3.16,0.6116,0.8871
33989,2021-02-20,2265,Waterloo Health Unit,0.0266,1516.0,2.59,0.5822,0.9224
33990,2021-02-20,2263,Timiskaming Health Unit,0.0,116.0,3.55,0.5284,0.8083
33991,2021-02-20,2262,Thunder Bay District Health Unit,0.0282,784.0,5.23,0.5826,0.8966
33992,2021-02-20,2261,Sudbury and District Health Unit,0.0031,930.0,4.67,0.3678,0.7133
33993,2021-02-20,4913,Southwestern Public Health,0.0061,652.0,3.08,0.4444,0.8403
33994,2021-02-20,2260,Simcoe Muskoka District Health Unit,0.0188,1705.0,2.84,0.5315,0.9205
33995,2021-02-20,2257,Renfrew County and District Health Unit,0.0062,254.0,2.34,0.7323,0.9293
33996,2021-02-20,2256,Porcupine Health Unit,0.0086,384.0,4.6,0.8134,0.9483
33997,2021-02-20,2255,Peterborough County-City Health Unit,0.0088,424.0,2.86,0.6138,0.956
33998,2021-02-20,2253,Peel Regional Health Unit,0.0507,3412.0,2.12,0.6561,0.9485
33999,2021-02-20,35,Ontario,0.026,39296.0,2.65,0.6176,0.9147
34000,2021-02-20,2249,Northwestern Health Unit,0.04,343.0,3.91,0.1602,0.5852
34001,2021-02-20,2247,North Bay Parry Sound District Health Unit,0.0059,602.0,4.64,0.2464,0.6198
34002,2021-02-20,2246,Niagara Regional Area Health Unit,0.0137,1342.0,2.84,0.5496,0.8932
34003,2021-02-20,2244,Middlesex-London Health Unit,0.0087,1480.0,2.92,0.5516,0.9103
34004,2021-02-20,2243,"Leeds, Grenville and Lanark District Health Unit",0.0043,528.0,3.05,0.79,0.9788
34005,2021-02-20,2242,Lambton Health Unit,0.0138,561.0,4.28,0.2771,0.8592
34006,2021-02-20,2241,"Kingston, Frontenac and Lennox and Addington Health Unit",0.0028,722.0,3.39,0.8838,0.9784
34007,2021-02-20,5183,Huron Perth Health Unit,0.006,450.0,3.22,0.3181,0.8696
34008,2021-02-20,2238,Hastings and Prince Edward Counties Health Unit,0.0026,551.0,3.27,0.8018,0.9614
34009,2021-02-20,2236,Halton Regional Health Unit,0.0242,1306.0,2.11,0.6994,0.9439
34010,2021-02-20,2235,"Haliburton, Kawartha, Pine Ridge District Health Unit",0.0076,635.0,3.36,0.4568,0.8881
34011,2021-02-20,2234,Haldimand-Norfolk Health Unit,0.0126,341.0,2.99,0.4353,0.807
34012,2021-02-20,2233,Grey Bruce Health Unit,0.0027,484.0,2.85,0.2456,0.743
34013,2021-02-20,2258,Eastern Ontario Health Unit,0.0106,716.0,3.43,0.7113,0.9747
34014,2021-02-20,2230,Durham Regional Health Unit,0.0209,1756.0,2.47,0.5614,0.9248
34015,2021-02-20,2226,District of Algoma Health Unit,0.0014,407.0,3.56,0.3737,0.7456
34016,2021-02-20,3895,City of Toronto Health Unit,0.0442,7187.0,2.3,0.7498,0.955
34017,2021-02-20,2251,City of Ottawa Health Unit,0.0229,2178.0,2.06,0.7184,0.9416
34018,2021-02-20,2237,City of Hamilton Health Unit,0.0238,1685.0,2.85,0.7724,0.9338
34019,2021-02-20,2240,Chatham-Kent Health Unit,0.0102,419.0,3.95,0.3852,0.9666
34020,2021-02-20,2227,Brant County Health Unit,0.0183,524.0,3.38,0.5267,0.9014
34021,2021-02-19,2270,York Regional Health Unit,0.0463,2551.0,2.08,0.6221,0.9284
34022,2021-02-19,2268,Windsor-Essex County Health Unit,0.0249,1016.0,2.39,0.454,0.9296
34023,2021-02-19,2266,Wellington-Dufferin-Guelph Health Unit,0.0138,982.0,3.15,0.6047,0.9154
34024,2021-02-19,2265,Waterloo Health Unit,0.0269,1488.0,2.55,0.5818,0.917
34025,2021-02-19,2263,Timiskaming Health Unit,0.0012,117.0,3.57,0.5089,0.7728
34026,2021-02-19,2262,Thunder Bay District Health Unit,0.0289,742.0,4.95,0.5934,0.8944
34027,2021-02-19,2261,Sudbury and District Health Unit,0.0031,965.0,4.85,0.3698,0.7203
34028,2021-02-19,4913,Southwestern Public Health,0.0065,659.0,3.12,0.5053,0.8633
34029,2021-02-19,2260,Simcoe Muskoka District Health Unit,0.0177,1715.0,2.86,0.5026,0.9113
34030,2021-02-19,2257,Renfrew County and District Health Unit,0.0038,264.0,2.43,0.7789,0.9338
34031,2021-02-19,2256,Porcupine Health Unit,0.0065,376.0,4.5,0.7934,0.9485
34032,2021-02-19,2255,Peterborough County-City Health Unit,0.0101,426.0,2.88,0.6465,0.9685
34033,2021-02-19,2253,Peel Regional Health Unit,0.0519,3393.0,2.11,0.657,0.9455
34034,2021-02-19,35,Ontario,0.0264,39053.0,2.63,0.6125,0.913
34035,2021-02-19,2249,Northwestern Health Unit,0.0392,346.0,3.95,0.1563,0.5492
34036,2021-02-19,2247,North Bay Parry Sound District Health Unit,0.0066,608.0,4.68,0.2474,0.6225
34037,2021-02-19,2246,Niagara Regional Area Health Unit,0.0141,1333.0,2.82,0.4922,0.8398
34038,2021-02-19,2244,Middlesex-London Health Unit,0.0093,1489.0,2.93,0.6118,0.9545
34039,2021-02-19,2243,"Leeds, Grenville and Lanark District Health Unit",0.0042,513.0,2.96,0.799,0.9762
34040,2021-02-19,2242,Lambton Health Unit,0.0144,567.0,4.33,0.3076,0.9202
34041,2021-02-19,2241,"Kingston, Frontenac and Lennox and Addington Health Unit",0.0028,718.0,3.38,0.879,0.9796
34042,2021-02-19,5183,Huron Perth Health Unit,0.0063,453.0,3.24,0.366,0.9085
34043,2021-02-19,2238,Hastings and Prince Edward Counties Health Unit,0.0031,548.0,3.25,0.8137,0.971
34044,2021-02-19,2236,Halton Regional Health Unit,0.0242,1283.0,2.07,0.6552,0.9341
34045,2021-02-19,2235,"Haliburton, Kawartha, Pine Ridge District Health Unit",0.0073,628.0,3.32,0.467,0.8926
34046,2021-02-19,2234,Haldimand-Norfolk Health Unit,0.0109,339.0,2.98,0.4161,0.8208
34047,2021-02-19,2233,Grey Bruce Health Unit,0.0029,486.0,2.86,0.2731,0.7501
34048,2021-02-19,2258,Eastern Ontario Health Unit,0.0112,717.0,3.44,0.7164,0.9759
34049,2021-02-19,2230,Durham Regional Health Unit,0.0219,1727.0,2.42,0.5363,0.9082
34050,2021-02-19,2226,District of Algoma Health Unit,0.0014,410.0,3.59,0.3586,0.7002
34051,2021-02-19,3895,City of Toronto Health Unit,0.0449,7146.0,2.29,0.7447,0.9531
34052,2021-02-19,2251,City of Ottawa Health Unit,0.0225,2137.0,2.03,0.7128,0.9416
34053,2021-02-19,2237,City of Hamilton Health Unit,0.025,1651.0,2.79,0.764,0.927
34054,2021-02-19,2240,Chatham-Kent Health Unit,0.01,415.0,3.9,0.3727,0.9712
34055,2021-02-19,2227,Brant County Health Unit,0.0191,500.0,3.22,0.4839,0.8911
34056,2021-02-18,2270,York Regional Health Unit,0.0482,2528.0,2.06,0.6098,0.9179
34057,2021-02-18,2268,Windsor-Essex County Health Unit,0.0292,1045.0,2.46,0.4911,0.9313
34058,2021-02-18,2266,Wellington-Dufferin-Guelph Health Unit,0.0129,984.0,3.15,0.5851,0.9133
34059,2021-02-18,2265,Waterloo Health Unit,0.0255,1469.0,2.51,0.5606,0.9103
34060,2021-02-18,2263,Timiskaming Health Unit,0.0012,118.0,3.62,0.5259,0.7465
34061,2021-02-18,2262,Thunder Bay District Health Unit,0.0273,707.0,4.71,0.6175,0.9238
34062,2021-02-18,2261,Sudbury and District Health Unit,0.0032,947.0,4.76,0.3664,0.7102
34063,2021-02-18,4913,Southwestern Public Health,0.0062,671.0,3.17,0.5603,0.8864
34064,2021-02-18,2260,Simcoe Muskoka District Health Unit,0.0178,1717.0,2.86,0.4801,0.9044
34065,2021-02-18,2257,Renfrew County and District Health Unit,0.0033,256.0,2.36,0.8103,0.9547
34066,2021-02-18,2256,Porcupine Health Unit,0.0067,360.0,4.31,0.7831,0.9268
34067,2021-02-18,2255,Peterborough County-City Health Unit,0.0122,435.0,2.94,0.6937,0.9641
34068,2021-02-18,2253,Peel Regional Health Unit,0.0507,3383.0,2.11,0.6582,0.9432
34069,2021-02-18,35,Ontario,0.0265,38905.0,2.62,0.6134,0.9116
34070,2021-02-18,2249,Northwestern Health Unit,0.0413,339.0,3.86,0.2113,0.6468
34071,2021-02-18,2247,North Bay Parry Sound District Health Unit,0.0075,609.0,4.69,0.2472,0.6132
34072,2021-02-18,2246,Niagara Regional Area Health Unit,0.0139,1305.0,2.76,0.5042,0.8373
34073,2021-02-18,2244,Middlesex-London Health Unit,0.0099,1482.0,2.92,0.6332,0.9516
34074,2021-02-18,2243,"Leeds, Grenville and Lanark District Health Unit",0.0048,504.0,2.91,0.803,0.9757
34075,2021-02-18,2242,Lambton Health Unit,0.0148,558.0,4.26,0.3233,0.9114
34076,2021-02-18,2241,"Kingston, Frontenac and Lennox and Addington Health Unit",0.0024,722.0,3.39,0.8751,0.9792
34077,2021-02-18,5183,Huron Perth Health Unit,0.0059,460.0,3.29,0.4028,0.9389
34078,2021-02-18,2238,Hastings and Prince Edward Counties Health Unit,0.0034,547.0,3.25,0.797,0.9739
34079,2021-02-18,2236,Halton Regional Health Unit,0.0259,1245.0,2.01,0.626,0.9346
34080,2021-02-18,2235,"Haliburton, Kawartha, Pine Ridge District Health Unit",0.0081,649.0,3.44,0.4664,0.8832
34081,2021-02-18,2234,Haldimand-Norfolk Health Unit,0.01,328.0,2.88,0.4339,0.8199
34082,2021-02-18,2233,Grey Bruce Health Unit,0.0017,492.0,2.9,0.2958,0.7596
34083,2021-02-18,2258,Eastern Ontario Health Unit,0.0115,723.0,3.47,0.7167,0.9765
34084,2021-02-18,2230,Durham Regional Health Unit,0.0227,1767.0,2.48,0.5568,0.9038
34085,2021-02-18,2226,District of Algoma Health Unit,0.0017,428.0,3.74,0.3849,0.6675
34086,2021-02-18,3895,City of Toronto Health Unit,0.0449,7154.0,2.29,0.7432,0.9514
34087,2021-02-18,2251,City of Ottawa Health Unit,0.021,2100.0,1.99,0.6963,0.94
34088,2021-02-18,2237,City of Hamilton Health Unit,0.0243,1620.0,2.74,0.7722,0.9251
34089,2021-02-18,2240,Chatham-Kent Health Unit,0.0117,415.0,3.9,0.37,0.963
34090,2021-02-18,2227,Brant County Health Unit,0.0205,494.0,3.19,0.4536,0.8752
34091,2021-02-17,2270,York Regional Health Unit,0.0473,2563.0,2.09,0.5967,0.9154
34092,2021-02-17,2268,Windsor-Essex County Health Unit,0.0326,1066.0,2.51,0.5063,0.9194
34093,2021-02-17,2266,Wellington-Dufferin-Guelph Health Unit,0.0146,996.0,3.19,0.5515,0.9039
34094,2021-02-17,2265,Waterloo Health Unit,0.024,1475.0,2.52,0.5217,0.9063
34095,2021-02-17,2263,Timiskaming Health Unit,0.0012,115.0,3.52,0.534,0.6821
34096,2021-02-17,2262,Thunder Bay District Health Unit,0.0244,690.0,4.6,0.6216,0.9321
34097,2021-02-17,2261,Sudbury and District Health Unit,0.004,940.0,4.72,0.3847,0.7065
34098,2021-02-17,4913,Southwestern Public Health,0.0087,657.0,3.11,0.5896,0.9088
34099,2021-02-17,2260,Simcoe Muskoka District Health Unit,0.0174,1712.0,2.86,0.4658,0.897
34100,2021-02-17,2257,Renfrew County and District Health Unit,0.0012,242.0,2.23,0.7661,0.9666
34101,2021-02-17,2256,Porcupine Health Unit,0.0066,346.0,4.14,0.7846,0.9235
34102,2021-02-17,2255,Peterborough County-City Health Unit,0.0121,426.0,2.88,0.6533,0.9547
34103,2021-02-17,2253,Peel Regional Health Unit,0.0516,3413.0,2.13,0.6653,0.9412
34104,2021-02-17,35,Ontario,0.0267,38938.0,2.63,0.6136,0.9077
34105,2021-02-17,2249,Northwestern Health Unit,0.0452,329.0,3.75,0.2007,0.6539
34106,2021-02-17,2247,North Bay Parry Sound District Health Unit,0.0081,619.0,4.77,0.2567,0.5649
34107,2021-02-17,2246,Niagara Regional Area Health Unit,0.0139,1283.0,2.71,0.4877,0.8381
34108,2021-02-17,2244,Middlesex-London Health Unit,0.0109,1468.0,2.89,0.6356,0.947
34109,2021-02-17,2243,"Leeds, Grenville and Lanark District Health Unit",0.0046,501.0,2.89,0.7976,0.9702
34110,2021-02-17,2242,Lambton Health Unit,0.0174,542.0,4.14,0.323,0.9187
34111,2021-02-17,2241,"Kingston, Frontenac and Lennox and Addington Health Unit",0.0029,730.0,3.43,0.8736,0.9844
34112,2021-02-17,5183,Huron Perth Health Unit,0.0053,455.0,3.25,0.4703,0.9488
34113,2021-02-17,2238,Hastings and Prince Edward Counties Health Unit,0.0034,549.0,3.26,0.7768,0.9625
34114,2021-02-17,2236,Halton Regional Health Unit,0.0248,1265.0,2.04,0.6003,0.9328
34115,2021-02-17,2235,"Haliburton, Kawartha, Pine Ridge District Health Unit",0.0101,650.0,3.44,0.4584,0.8317
34116,2021-02-17,2234,Haldimand-Norfolk Health Unit,0.0085,320.0,2.81,0.5077,0.8623
34117,2021-02-17,2233,Grey Bruce Health Unit,0.0026,497.0,2.93,0.3371,0.7553
34118,2021-02-17,2258,Eastern Ontario Health Unit,0.0117,721.0,3.45,0.7292,0.9714
34119,2021-02-17,2230,Durham Regional Health Unit,0.0217,1811.0,2.54,0.5456,0.889
34120,2021-02-17,2226,District of Algoma Health Unit,0.0013,441.0,3.85,0.4462,0.5422
34121,2021-02-17,3895,City of Toronto Health Unit,0.0448,7190.0,2.3,0.7461,0.9516
34122,2021-02-17,2251,City of Ottawa Health Unit,0.0212,2101.0,1.99,0.701,0.9315
34123,2021-02-17,2237,City of Hamilton Health Unit,0.023,1561.0,2.64,0.7869,0.9375
34124,2021-02-17,2240,Chatham-Kent Health Unit,0.0107,429.0,4.03,0.3702,0.9284
34125,2021-02-17,2227,Brant County Health Unit,0.0183,492.0,3.17,0.4363,0.8761
34126,2021-02-16,2270,York Regional Health Unit,0.0465,2580.0,2.1,0.5748,0.9145
34127,2021-02-16,2268,Windsor-Essex County Health Unit,0.0336,1054.0,2.48,0.5045,0.9201
34128,2021-02-16,2266,Wellington-Dufferin-Guelph Health Unit,0.016,955.0,3.06,0.4894,0.9134
34129,2021-02-16,2265,Waterloo Health Unit,0.025,1484.0,2.54,0.4844,0.9072
34130,2021-02-16,2263,Timiskaming Health Unit,0.0013,106.0,3.24,0.4539,0.6414
34131,2021-02-16,2262,Thunder Bay District Health Unit,0.0236,673.0,4.48,0.6285,0.9265
34132,2021-02-16,2261,Sudbury and District Health Unit,0.0039,963.0,4.84,0.3291,0.7241
34133,2021-02-16,4913,Southwestern Public Health,0.0088,635.0,3.0,0.5762,0.9224
34134,2021-02-16,2260,Simcoe Muskoka District Health Unit,0.0162,1699.0,2.83,0.427,0.9064
34135,2021-02-16,2257,Renfrew County and District Health Unit,0.0024,240.0,2.21,0.7022,0.9602
34136,2021-02-16,2256,Porcupine Health Unit,0.0043,330.0,3.96,0.7724,0.9237
34137,2021-02-16,2255,Peterborough County-City Health Unit,0.0114,388.0,2.62,0.6338,0.9563
34138,2021-02-16,2253,Peel Regional Health Unit,0.0511,3416.0,2.13,0.6611,0.9472
34139,2021-02-16,35,Ontario,0.0266,38635.0,2.61,0.5885,0.9114
34140,2021-02-16,2249,Northwestern Health Unit,0.0508,321.0,3.66,0.2051,0.7405
34141,2021-02-16,2247,North Bay Parry Sound District Health Unit,0.0081,631.0,4.86,0.2356,0.5661
34142,2021-02-16,2246,Niagara Regional Area Health Unit,0.0147,1260.0,2.67,0.4963,0.8478
34143,2021-02-16,2244,Middlesex-London Health Unit,0.0112,1405.0,2.77,0.6139,0.9501
34144,2021-02-16,2243,"Leeds, Grenville and Lanark District Health Unit",0.005,490.0,2.83,0.7748,0.9733
34145,2021-02-16,2242,Lambton Health Unit,0.0184,514.0,3.92,0.3584,0.9371
34146,2021-02-16,2241,"Kingston, Frontenac and Lennox and Addington Health Unit",0.0027,748.0,3.52,0.8551,0.9849
34147,2021-02-16,5183,Huron Perth Health Unit,0.0063,454.0,3.25,0.4221,0.9569
34148,2021-02-16,2238,Hastings and Prince Edward Counties Health Unit,0.0031,552.0,3.28,0.7738,0.9733
34149,2021-02-16,2236,Halton Regional Health Unit,0.024,1232.0,1.99,0.5845,0.9319
34150,2021-02-16,2235,"Haliburton, Kawartha, Pine Ridge District Health Unit",0.0097,634.0,3.36,0.4185,0.8427
34151,2021-02-16,2234,Haldimand-Norfolk Health Unit,0.0061,305.0,2.67,0.5166,0.8735
34152,2021-02-16,2233,Grey Bruce Health Unit,0.0031,509.0,2.99,0.3422,0.7806
34153,2021-02-16,2258,Eastern Ontario Health Unit,0.012,736.0,3.53,0.6533,0.968
34154,2021-02-16,2230,Durham Regional Health Unit,0.0226,1739.0,2.44,0.4845,0.8945
34155,2021-02-16,2226,District of Algoma Health Unit,0.0028,409.0,3.58,0.4265,0.5787
34156,2021-02-16,3895,City of Toronto Health Unit,0.0447,7240.0,2.32,0.7287,0.9526
34157,2021-02-16,2251,City of Ottawa Health Unit,0.0199,2153.0,2.04,0.6657,0.9314
34158,2021-02-16,2237,City of Hamilton Health Unit,0.0236,1520.0,2.57,0.7675,0.94
34159,2021-02-16,2240,Chatham-Kent Health Unit,0.0086,448.0,4.22,0.3319,0.9262
34160,2021-02-16,2227,Brant County Health Unit,0.0163,475.0,3.06,0.4237,0.8734
34161,2021-02-15,2270,York Regional Health Unit,0.0467,2616.0,2.13,0.5785,0.9184
34162,2021-02-15,2268,Windsor-Essex County Health Unit,0.0311,1090.0,2.57,0.5196,0.9204
34163,2021-02-15,2266,Wellington-Dufferin-Guelph Health Unit,0.0167,958.0,3.07,0.483,0.9156
34164,2021-02-15,2265,Waterloo Health Unit,0.0246,1554.0,2.66,0.4923,0.9107
34165,2021-02-15,2263,Timiskaming Health Unit,0.0016,89.0,2.71,0.5188,0.6792
34166,2021-02-15,2262,Thunder Bay District Health Unit,0.0265,604.0,4.03,0.6844,0.9274
34167,2021-02-15,2261,Sudbury and District Health Unit,0.0039,881.0,4.42,0.3158,0.7331
34168,2021-02-15,4913,Southwestern Public Health,0.0096,655.0,3.1,0.5914,0.9283
34169,2021-02-15,2260,Simcoe Muskoka District Health Unit,0.0157,1675.0,2.79,0.4485,0.9121
34170,2021-02-15,2257,Renfrew County and District Health Unit,0.0038,264.0,2.43,0.7366,0.9656
34171,2021-02-15,2256,Porcupine Health Unit,0.0052,329.0,3.94,0.762,0.9236
34172,2021-02-15,2255,Peterborough County-City Health Unit,0.0094,396.0,2.67,0.6745,0.9583
34173,2021-02-15,2253,Peel Regional Health Unit,0.0536,3430.0,2.14,0.679,0.9501
34174,2021-02-15,35,Ontario,0.0272,38635.0,2.61,0.6038,0.9164
34175,2021-02-15,2249,Northwestern Health Unit,0.0521,296.0,3.38,0.2026,0.7281
34176,2021-02-15,2247,North Bay Parry Sound District Health Unit,0.0052,576.0,4.44,0.2414,0.5766
34177,2021-02-15,2246,Niagara Regional Area Health Unit,0.016,1313.0,2.78,0.5258,0.8589
34178,2021-02-15,2244,Middlesex-London Health Unit,0.0117,1439.0,2.84,0.6316,0.9515
34179,2021-02-15,2243,"Leeds, Grenville and Lanark District Health Unit",0.0054,501.0,2.89,0.7895,0.9658
34180,2021-02-15,2242,Lambton Health Unit,0.0176,559.0,4.27,0.3586,0.9371
34181,2021-02-15,2241,"Kingston, Frontenac and Lennox and Addington Health Unit",0.0025,814.0,3.83,0.8628,0.984
34182,2021-02-15,5183,Huron Perth Health Unit,0.0075,422.0,3.02,0.469,0.9601
34183,2021-02-15,2238,Hastings and Prince Edward Counties Health Unit,0.0037,584.0,3.46,0.791,0.9779
34184,2021-02-15,2236,Halton Regional Health Unit,0.0236,1261.0,2.04,0.5993,0.9348
34185,2021-02-15,2235,"Haliburton, Kawartha, Pine Ridge District Health Unit",0.0098,611.0,3.23,0.4228,0.8488
34186,2021-02-15,2234,Haldimand-Norfolk Health Unit,0.0046,310.0,2.72,0.544,0.8767
34187,2021-02-15,2233,Grey Bruce Health Unit,0.0035,494.0,2.91,0.3389,0.7806
34188,2021-02-15,2258,Eastern Ontario Health Unit,0.0116,679.0,3.25,0.6785,0.974
34189,2021-02-15,2230,Durham Regional Health Unit,0.0224,1704.0,2.39,0.4917,0.8933
34190,2021-02-15,2226,District of Algoma Health Unit,0.0033,349.0,3.05,0.5119,0.6525
34191,2021-02-15,3895,City of Toronto Health Unit,0.0458,7212.0,2.31,0.7369,0.9564
34192,2021-02-15,2251,City of Ottawa Health Unit,0.0198,2106.0,2.0,0.677,0.9337
34193,2021-02-15,2237,City of Hamilton Health Unit,0.0247,1609.0,2.72,0.7863,0.9497
34194,2021-02-15,2240,Chatham-Kent Health Unit,0.009,428.0,4.03,0.3386,0.9279
34195,2021-02-15,2227,Brant County Health Unit,0.0165,483.0,3.11,0.4291,0.8749
34196,2021-02-14,2270,York Regional Health Unit,0.0436,2745.0,2.24,0.5813,0.9194
34197,2021-02-14,2268,Windsor-Essex County Health Unit,0.029,1199.0,2.82,0.5203,0.9237
34198,2021-02-14,2266,Wellington-Dufferin-Guelph Health Unit,0.0171,1084.0,3.48,0.4684,0.897
34199,2021-02-14,2265,Waterloo Health Unit,0.0247,1680.0,2.88,0.4834,0.9061
34200,2021-02-14,2263,Timiskaming Health Unit,0.0013,110.0,3.37,0.5354,0.6877
34201,2021-02-14,2262,Thunder Bay District Health Unit,0.0228,665.0,4.43,0.6864,0.9302
34202,2021-02-14,2261,Sudbury and District Health Unit,0.0043,988.0,4.96,0.3372,0.7392
34203,2021-02-14,4913,Southwestern Public Health,0.0092,702.0,3.32,0.5934,0.9322
34204,2021-02-14,2260,Simcoe Muskoka District Health Unit,0.0151,1883.0,3.14,0.4469,0.9099
34205,2021-02-14,2257,Renfrew County and District Health Unit,0.0027,315.0,2.9,0.7386,0.9709
34206,2021-02-14,2256,Porcupine Health Unit,0.0073,371.0,4.44,0.7592,0.9118
34207,2021-02-14,2255,Peterborough County-City Health Unit,0.007,447.0,3.02,0.6829,0.96
34208,2021-02-14,2253,Peel Regional Health Unit,0.0531,3680.0,2.29,0.6772,0.9483
34209,2021-02-14,35,Ontario,0.026,42289.0,2.85,0.6047,0.9158
34210,2021-02-14,2249,Northwestern Health Unit,0.0485,318.0,3.63,0.222,0.7853
34211,2021-02-14,2247,North Bay Parry Sound District Health Unit,0.006,624.0,4.81,0.2317,0.5533
34212,2021-02-14,2246,Niagara Regional Area Health Unit,0.0157,1411.0,2.99,0.5303,0.8611
34213,2021-02-14,2244,Middlesex-London Health Unit,0.0116,1595.0,3.14,0.6305,0.9547
34214,2021-02-14,2243,"Leeds, Grenville and Lanark District Health Unit",0.005,570.0,3.29,0.775,0.9653
34215,2021-02-14,2242,Lambton Health Unit,0.0163,586.0,4.47,0.3695,0.9429
34216,2021-02-14,2241,"Kingston, Frontenac and Lennox and Addington Health Unit",0.0019,886.0,4.17,0.8672,0.9865
34217,2021-02-14,5183,Huron Perth Health Unit,0.0083,533.0,3.82,0.4803,0.964
34218,2021-02-14,2238,Hastings and Prince Edward Counties Health Unit,0.0039,667.0,3.96,0.7885,0.9752
34219,2021-02-14,2236,Halton Regional Health Unit,0.0238,1347.0,2.18,0.6113,0.9353
34220,2021-02-14,2235,"Haliburton, Kawartha, Pine Ridge District Health Unit",0.0099,711.0,3.76,0.4208,0.8451
34221,2021-02-14,2234,Haldimand-Norfolk Health Unit,0.0057,348.0,3.05,0.5337,0.8592
34222,2021-02-14,2233,Grey Bruce Health Unit,0.0041,521.0,3.07,0.3379,0.7751
34223,2021-02-14,2258,Eastern Ontario Health Unit,0.0105,805.0,3.86,0.6787,0.9712
34224,2021-02-14,2230,Durham Regional Health Unit,0.0208,1954.0,2.74,0.4855,0.8937
34225,2021-02-14,2226,District of Algoma Health Unit,0.0032,446.0,3.9,0.5013,0.645
34226,2021-02-14,3895,City of Toronto Health Unit,0.0448,7671.0,2.46,0.7447,0.9557
34227,2021-02-14,2251,City of Ottawa Health Unit,0.0168,2335.0,2.21,0.6712,0.9347
34228,2021-02-14,2237,City of Hamilton Health Unit,0.0239,1742.0,2.94,0.7848,0.9513
34229,2021-02-14,2240,Chatham-Kent Health Unit,0.0103,471.0,4.43,0.326,0.9287
34230,2021-02-14,2227,Brant County Health Unit,0.0157,501.0,3.23,0.4263,0.8814
34231,2021-02-13,2270,York Regional Health Unit,0.0445,2797.0,2.28,0.5935,0.9314
34232,2021-02-13,2268,Windsor-Essex County Health Unit,0.0292,1202.0,2.83,0.5128,0.9169
34233,2021-02-13,2266,Wellington-Dufferin-Guelph Health Unit,0.0176,1101.0,3.53,0.4752,0.897
34234,2021-02-13,2265,Waterloo Health Unit,0.0252,1698.0,2.91,0.4803,0.9075
34235,2021-02-13,2263,Timiskaming Health Unit,0.0013,109.0,3.34,0.5497,0.6841
34236,2021-02-13,2262,Thunder Bay District Health Unit,0.0225,647.0,4.32,0.6887,0.9334
34237,2021-02-13,2261,Sudbury and District Health Unit,0.0053,1052.0,5.29,0.3241,0.7335
34238,2021-02-13,4913,Southwestern Public Health,0.0098,701.0,3.32,0.5846,0.9291
34239,2021-02-13,2260,Simcoe Muskoka District Health Unit,0.0158,1886.0,3.15,0.4732,0.9104
34240,2021-02-13,2257,Renfrew County and District Health Unit,0.0027,319.0,2.94,0.7074,0.9698
34241,2021-02-13,2256,Porcupine Health Unit,0.0065,372.0,4.46,0.7561,0.9112
34242,2021-02-13,2255,Peterborough County-City Health Unit,0.0068,444.0,3.0,0.6852,0.9659
34243,2021-02-13,2253,Peel Regional Health Unit,0.054,3689.0,2.3,0.6784,0.9525
34244,2021-02-13,35,Ontario,0.0263,42589.0,2.87,0.6132,0.9199
34245,2021-02-13,2249,Northwestern Health Unit,0.0408,298.0,3.4,0.2119,0.7855
34246,2021-02-13,2247,North Bay Parry Sound District Health Unit,0.0083,622.0,4.79,0.2304,0.5583
34247,2021-02-13,2246,Niagara Regional Area Health Unit,0.0166,1428.0,3.02,0.5557,0.8664
34248,2021-02-13,2244,Middlesex-London Health Unit,0.0129,1589.0,3.13,0.6188,0.9548
34249,2021-02-13,2243,"Leeds, Grenville and Lanark District Health Unit",0.005,569.0,3.28,0.7725,0.9637
34250,2021-02-13,2242,Lambton Health Unit,0.0164,583.0,4.45,0.3724,0.9438
34251,2021-02-13,2241,"Kingston, Frontenac and Lennox and Addington Health Unit",0.0024,886.0,4.17,0.8667,0.9863
34252,2021-02-13,5183,Huron Perth Health Unit,0.0092,544.0,3.9,0.4667,0.9617
34253,2021-02-13,2238,Hastings and Prince Edward Counties Health Unit,0.0039,667.0,3.96,0.7928,0.9782
34254,2021-02-13,2236,Halton Regional Health Unit,0.0229,1351.0,2.18,0.6389,0.9411
34255,2021-02-13,2235,"Haliburton, Kawartha, Pine Ridge District Health Unit",0.0108,717.0,3.8,0.4277,0.8545
34256,2021-02-13,2234,Haldimand-Norfolk Health Unit,0.0062,347.0,3.05,0.5375,0.8616
34257,2021-02-13,2233,Grey Bruce Health Unit,0.0041,524.0,3.08,0.3392,0.7822
34258,2021-02-13,2258,Eastern Ontario Health Unit,0.0104,811.0,3.89,0.7268,0.9722
34259,2021-02-13,2230,Durham Regional Health Unit,0.0208,1933.0,2.71,0.5101,0.9124
34260,2021-02-13,2226,District of Algoma Health Unit,0.0028,453.0,3.96,0.5084,0.6358
34261,2021-02-13,3895,City of Toronto Health Unit,0.0449,7799.0,2.5,0.7547,0.9592
34262,2021-02-13,2251,City of Ottawa Health Unit,0.0164,2340.0,2.22,0.6778,0.9424
34263,2021-02-13,2237,City of Hamilton Health Unit,0.0239,1745.0,2.95,0.7952,0.9564
34264,2021-02-13,2240,Chatham-Kent Health Unit,0.0141,478.0,4.49,0.3315,0.9311
34265,2021-02-13,2227,Brant County Health Unit,0.0167,514.0,3.31,0.4583,0.8872
34266,2021-02-12,2270,York Regional Health Unit,0.0419,2838.0,2.31,0.5997,0.9398
34267,2021-02-12,2268,Windsor-Essex County Health Unit,0.0285,1200.0,2.82,0.4929,0.9145
34268,2021-02-12,2266,Wellington-Dufferin-Guelph Health Unit,0.0177,1103.0,3.54,0.4864,0.9016
34269,2021-02-12,2265,Waterloo Health Unit,0.0257,1709.0,2.92,0.4835,0.9175
34270,2021-02-12,2263,Timiskaming Health Unit,0.0,108.0,3.31,0.5779,0.7096
34271,2021-02-12,2262,Thunder Bay District Health Unit,0.0196,648.0,4.32,0.6774,0.9052
34272,2021-02-12,2261,Sudbury and District Health Unit,0.0054,1030.0,5.17,0.3241,0.7557
34273,2021-02-12,4913,Southwestern Public Health,0.0109,693.0,3.28,0.5762,0.9318
34274,2021-02-12,2260,Simcoe Muskoka District Health Unit,0.0162,1879.0,3.13,0.517,0.9351
34275,2021-02-12,2257,Renfrew County and District Health Unit,0.003,290.0,2.67,0.6738,0.9688
34276,2021-02-12,2256,Porcupine Health Unit,0.0061,372.0,4.45,0.7661,0.9117
34277,2021-02-12,2255,Peterborough County-City Health Unit,0.0058,440.0,2.98,0.6764,0.9668
34278,2021-02-12,2253,Peel Regional Health Unit,0.0556,3715.0,2.31,0.6774,0.9572
34279,2021-02-12,35,Ontario,0.0264,42759.0,2.88,0.6205,0.9283
34280,2021-02-12,2249,Northwestern Health Unit,0.0407,291.0,3.32,0.2076,0.7884
34281,2021-02-12,2247,North Bay Parry Sound District Health Unit,0.0078,602.0,4.64,0.223,0.5476
34282,2021-02-12,2246,Niagara Regional Area Health Unit,0.0173,1445.0,3.06,0.6387,0.9299
34283,2021-02-12,2244,Middlesex-London Health Unit,0.0121,1588.0,3.13,0.601,0.9439
34284,2021-02-12,2243,"Leeds, Grenville and Lanark District Health Unit",0.005,577.0,3.33,0.7644,0.9677
34285,2021-02-12,2242,Lambton Health Unit,0.0163,571.0,4.36,0.3526,0.937
34286,2021-02-12,2241,"Kingston, Frontenac and Lennox and Addington Health Unit",0.0026,895.0,4.21,0.8676,0.9853
34287,2021-02-12,5183,Huron Perth Health Unit,0.0093,538.0,3.85,0.4289,0.9594
34288,2021-02-12,2238,Hastings and Prince Edward Counties Health Unit,0.0037,665.0,3.95,0.7892,0.9778
34289,2021-02-12,2236,Halton Regional Health Unit,0.0233,1355.0,2.19,0.6771,0.95
34290,2021-02-12,2235,"Haliburton, Kawartha, Pine Ridge District Health Unit",0.0103,719.0,3.81,0.4285,0.8642
34291,2021-02-12,2234,Haldimand-Norfolk Health Unit,0.007,349.0,3.06,0.5472,0.869
34292,2021-02-12,2233,Grey Bruce Health Unit,0.0041,524.0,3.08,0.3125,0.7983
34293,2021-02-12,2258,Eastern Ontario Health Unit,0.0106,805.0,3.86,0.7212,0.9734
34294,2021-02-12,2230,Durham Regional Health Unit,0.0199,1971.0,2.77,0.5333,0.9279
34295,2021-02-12,2226,District of Algoma Health Unit,0.0032,450.0,3.93,0.4987,0.6318
34296,2021-02-12,3895,City of Toronto Health Unit,0.0455,7831.0,2.51,0.7566,0.9636
34297,2021-02-12,2251,City of Ottawa Health Unit,0.0167,2364.0,2.24,0.6797,0.9511
34298,2021-02-12,2237,City of Hamilton Health Unit,0.0232,1781.0,3.01,0.8078,0.968
34299,2021-02-12,2240,Chatham-Kent Health Unit,0.015,496.0,4.66,0.3369,0.9093
34300,2021-02-12,2227,Brant County Health Unit,0.0159,538.0,3.47,0.4813,0.9059
34301,2021-02-11,2270,York Regional Health Unit,0.043,2863.0,2.34,0.5906,0.9533
34302,2021-02-11,2268,Windsor-Essex County Health Unit,0.0248,1165.0,2.74,0.5022,0.917
34303,2021-02-11,2266,Wellington-Dufferin-Guelph Health Unit,0.0198,1098.0,3.52,0.4738,0.8726
34304,2021-02-11,2265,Waterloo Health Unit,0.025,1735.0,2.97,0.4841,0.9106
34305,2021-02-11,2263,Timiskaming Health Unit,0.0,106.0,3.25,0.5853,0.7353
34306,2021-02-11,2262,Thunder Bay District Health Unit,0.0157,647.0,4.32,0.634,0.8398
34307,2021-02-11,2261,Sudbury and District Health Unit,0.0056,1027.0,5.16,0.3025,0.7482
34308,2021-02-11,4913,Southwestern Public Health,0.0118,679.0,3.21,0.5733,0.9257
34309,2021-02-11,2260,Simcoe Muskoka District Health Unit,0.0163,1897.0,3.16,0.541,0.9386
34310,2021-02-11,2257,Renfrew County and District Health Unit,0.0031,320.0,2.95,0.6353,0.954
34311,2021-02-11,2256,Porcupine Health Unit,0.0056,380.0,4.56,0.7831,0.9199
34312,2021-02-11,2255,Peterborough County-City Health Unit,0.004,430.0,2.91,0.6792,0.9707
34313,2021-02-11,2253,Peel Regional Health Unit,0.0565,3832.0,2.39,0.6832,0.9616
34314,2021-02-11,35,Ontario,0.0266,43019.0,2.9,0.6181,0.9259
34315,2021-02-11,2249,Northwestern Health Unit,0.0356,281.0,3.2,0.1803,0.7193
34316,2021-02-11,2247,North Bay Parry Sound District Health Unit,0.007,588.0,4.53,0.2175,0.5326
34317,2021-02-11,2246,Niagara Regional Area Health Unit,0.018,1482.0,3.14,0.636,0.9303
34318,2021-02-11,2244,Middlesex-London Health Unit,0.0143,1618.0,3.19,0.6,0.9468
34319,2021-02-11,2243,"Leeds, Grenville and Lanark District Health Unit",0.0045,577.0,3.33,0.7495,0.9672
34320,2021-02-11,2242,Lambton Health Unit,0.0149,556.0,4.24,0.3357,0.9032
34321,2021-02-11,2241,"Kingston, Frontenac and Lennox and Addington Health Unit",0.0021,888.0,4.17,0.8749,0.9855
34322,2021-02-11,5183,Huron Perth Health Unit,0.0098,522.0,3.74,0.4073,0.9492
34323,2021-02-11,2238,Hastings and Prince Edward Counties Health Unit,0.0034,667.0,3.96,0.8019,0.9777
34324,2021-02-11,2236,Halton Regional Health Unit,0.023,1390.0,2.25,0.7226,0.9533
34325,2021-02-11,2235,"Haliburton, Kawartha, Pine Ridge District Health Unit",0.0115,710.0,3.76,0.4242,0.8846
34326,2021-02-11,2234,Haldimand-Norfolk Health Unit,0.0087,346.0,3.04,0.546,0.873
34327,2021-02-11,2233,Grey Bruce Health Unit,0.0045,513.0,3.02,0.2968,0.7653
34328,2021-02-11,2258,Eastern Ontario Health Unit,0.0107,750.0,3.59,0.7228,0.9662
34329,2021-02-11,2230,Durham Regional Health Unit,0.0179,1958.0,2.75,0.5307,0.9266
34330,2021-02-11,2226,District of Algoma Health Unit,0.0034,420.0,3.67,0.5328,0.6787
34331,2021-02-11,3895,City of Toronto Health Unit,0.0456,7938.0,2.54,0.75,0.9665
34332,2021-02-11,2251,City of Ottawa Health Unit,0.0163,2395.0,2.27,0.6779,0.9478
34333,2021-02-11,2237,City of Hamilton Health Unit,0.0246,1811.0,3.06,0.8038,0.9659
34334,2021-02-11,2240,Chatham-Kent Health Unit,0.016,510.0,4.8,0.3372,0.8785
34335,2021-02-11,2227,Brant County Health Unit,0.0155,543.0,3.5,0.4955,0.9121
34336,2021-02-10,2270,York Regional Health Unit,0.0446,2832.0,2.31,0.597,0.9642
34337,2021-02-10,2268,Windsor-Essex County Health Unit,0.0225,1179.0,2.78,0.4864,0.921
34338,2021-02-10,2266,Wellington-Dufferin-Guelph Health Unit,0.0192,1064.0,3.41,0.496,0.8597
34339,2021-02-10,2265,Waterloo Health Unit,0.0263,1759.0,3.01,0.4901,0.9075
34340,2021-02-10,2263,Timiskaming Health Unit,0.0,108.0,3.31,0.6067,0.7638
34341,2021-02-10,2262,Thunder Bay District Health Unit,0.0164,670.0,4.47,0.6711,0.8383
34342,2021-02-10,2261,Sudbury and District Health Unit,0.0049,1043.0,5.24,0.3192,0.7449
34343,2021-02-10,4913,Southwestern Public Health,0.0113,698.0,3.3,0.5587,0.9264
34344,2021-02-10,2260,Simcoe Muskoka District Health Unit,0.0172,1910.0,3.19,0.5533,0.9381
34345,2021-02-10,2257,Renfrew County and District Health Unit,0.0036,315.0,2.9,0.6098,0.941
34346,2021-02-10,2256,Porcupine Health Unit,0.0066,387.0,4.64,0.7778,0.9229
34347,2021-02-10,2255,Peterborough County-City Health Unit,0.0039,444.0,3.0,0.6915,0.9779
34348,2021-02-10,2253,Peel Regional Health Unit,0.0583,3933.0,2.45,0.6808,0.9619
34349,2021-02-10,35,Ontario,0.0273,43379.0,2.92,0.6203,0.9275
34350,2021-02-10,2249,Northwestern Health Unit,0.0279,281.0,3.21,0.195,0.6761
34351,2021-02-10,2247,North Bay Parry Sound District Health Unit,0.007,571.0,4.4,0.2258,0.5345
34352,2021-02-10,2246,Niagara Regional Area Health Unit,0.0193,1499.0,3.17,0.6729,0.9409
34353,2021-02-10,2244,Middlesex-London Health Unit,0.0143,1635.0,3.22,0.5756,0.9444
34354,2021-02-10,2243,"Leeds, Grenville and Lanark District Health Unit",0.0042,577.0,3.33,0.729,0.9681
34355,2021-02-10,2242,Lambton Health Unit,0.0131,568.0,4.34,0.3255,0.8789
34356,2021-02-10,2241,"Kingston, Frontenac and Lennox and Addington Health Unit",0.0018,877.0,4.12,0.8606,0.9839
34357,2021-02-10,5183,Huron Perth Health Unit,0.0094,532.0,3.81,0.3911,0.9295
34358,2021-02-10,2238,Hastings and Prince Edward Counties Health Unit,0.003,665.0,3.95,0.8387,0.9879
34359,2021-02-10,2236,Halton Regional Health Unit,0.0239,1399.0,2.26,0.7443,0.9551
34360,2021-02-10,2235,"Haliburton, Kawartha, Pine Ridge District Health Unit",0.0101,706.0,3.74,0.4469,0.9447
34361,2021-02-10,2234,Haldimand-Norfolk Health Unit,0.0087,345.0,3.02,0.5405,0.8699
34362,2021-02-10,2233,Grey Bruce Health Unit,0.0036,519.0,3.06,0.2819,0.7519
34363,2021-02-10,2258,Eastern Ontario Health Unit,0.0108,764.0,3.66,0.7275,0.9653
34364,2021-02-10,2230,Durham Regional Health Unit,0.0198,1883.0,2.64,0.5367,0.9407
34365,2021-02-10,2226,District of Algoma Health Unit,0.0031,454.0,3.97,0.5573,0.7171
34366,2021-02-10,3895,City of Toronto Health Unit,0.0459,8047.0,2.58,0.7497,0.9683
34367,2021-02-10,2251,City of Ottawa Health Unit,0.0162,2395.0,2.27,0.6689,0.949
34368,2021-02-10,2237,City of Hamilton Health Unit,0.0285,1855.0,3.13,0.7948,0.9571
34369,2021-02-10,2240,Chatham-Kent Health Unit,0.0173,528.0,4.96,0.3116,0.8616
34370,2021-02-10,2227,Brant County Health Unit,0.0185,564.0,3.64,0.4974,0.9056
34371,2021-02-09,2270,York Regional Health Unit,0.0447,2879.0,2.35,0.5989,0.9644
34372,2021-02-09,2268,Windsor-Essex County Health Unit,0.0232,1200.0,2.82,0.5091,0.9259
34373,2021-02-09,2266,Wellington-Dufferin-Guelph Health Unit,0.0197,1073.0,3.44,0.5095,0.843
34374,2021-02-09,2265,Waterloo Health Unit,0.0263,1771.0,3.03,0.4956,0.9084
34375,2021-02-09,2263,Timiskaming Health Unit,0.0,112.0,3.44,0.6255,0.7889
34376,2021-02-09,2262,Thunder Bay District Health Unit,0.0134,683.0,4.55,0.6697,0.8342
34377,2021-02-09,2261,Sudbury and District Health Unit,0.0051,1103.0,5.54,0.3965,0.7441
34378,2021-02-09,4913,Southwestern Public Health,0.0121,698.0,3.3,0.5405,0.9246
34379,2021-02-09,2260,Simcoe Muskoka District Health Unit,0.0186,1914.0,3.19,0.5615,0.9317
34380,2021-02-09,2257,Renfrew County and District Health Unit,0.0027,321.0,2.95,0.6078,0.9489
34381,2021-02-09,2256,Porcupine Health Unit,0.0069,391.0,4.68,0.7664,0.9177
34382,2021-02-09,2255,Peterborough County-City Health Unit,0.0052,443.0,2.99,0.6288,0.9723
34383,2021-02-09,2253,Peel Regional Health Unit,0.0603,3888.0,2.42,0.6781,0.9599
34384,2021-02-09,35,Ontario,0.0279,43544.0,2.94,0.6211,0.928
34385,2021-02-09,2249,Northwestern Health Unit,0.0185,277.0,3.16,0.1986,0.644
34386,2021-02-09,2247,North Bay Parry Sound District Health Unit,0.0065,567.0,4.37,0.2265,0.5518
34387,2021-02-09,2246,Niagara Regional Area Health Unit,0.0217,1519.0,3.22,0.6625,0.9412
34388,2021-02-09,2244,Middlesex-London Health Unit,0.0151,1595.0,3.14,0.5718,0.9433
34389,2021-02-09,2243,"Leeds, Grenville and Lanark District Health Unit",0.0039,587.0,3.39,0.7124,0.964
34390,2021-02-09,2242,Lambton Health Unit,0.0124,565.0,4.31,0.3173,0.8717
34391,2021-02-09,2241,"Kingston, Frontenac and Lennox and Addington Health Unit",0.0016,884.0,4.16,0.8487,0.9832
34392,2021-02-09,5183,Huron Perth Health Unit,0.0105,545.0,3.9,0.3945,0.929
34393,2021-02-09,2238,Hastings and Prince Edward Counties Health Unit,0.0028,660.0,3.91,0.8451,0.9886
34394,2021-02-09,2236,Halton Regional Health Unit,0.0254,1385.0,2.24,0.7534,0.9563
34395,2021-02-09,2235,"Haliburton, Kawartha, Pine Ridge District Health Unit",0.0101,718.0,3.8,0.4085,0.9349
34396,2021-02-09,2234,Haldimand-Norfolk Health Unit,0.0107,349.0,3.06,0.554,0.9029
34397,2021-02-09,2233,Grey Bruce Health Unit,0.0037,502.0,2.95,0.2714,0.7365
34398,2021-02-09,2258,Eastern Ontario Health Unit,0.011,738.0,3.53,0.7019,0.9677
34399,2021-02-09,2230,Durham Regional Health Unit,0.0202,1883.0,2.64,0.5433,0.9396
34400,2021-02-09,2226,District of Algoma Health Unit,0.0035,493.0,4.31,0.5315,0.7507
34401,2021-02-09,3895,City of Toronto Health Unit,0.0471,8075.0,2.59,0.7415,0.9678
34402,2021-02-09,2251,City of Ottawa Health Unit,0.0165,2364.0,2.24,0.664,0.9484
34403,2021-02-09,2237,City of Hamilton Health Unit,0.0283,1875.0,3.17,0.7902,0.9601
34404,2021-02-09,2240,Chatham-Kent Health Unit,0.0218,537.0,5.05,0.3258,0.8657
34405,2021-02-09,2227,Brant County Health Unit,0.0177,574.0,3.7,0.5059,0.9112
34406,2021-02-08,2270,York Regional Health Unit,0.0453,2889.0,2.36,0.6141,0.9662
34407,2021-02-08,2268,Windsor-Essex County Health Unit,0.0241,1290.0,3.04,0.5119,0.9219
34408,2021-02-08,2266,Wellington-Dufferin-Guelph Health Unit,0.0201,1037.0,3.33,0.5159,0.842
34409,2021-02-08,2265,Waterloo Health Unit,0.0254,1775.0,3.04,0.4891,0.9057
34410,2021-02-08,2263,Timiskaming Health Unit,0.0,114.0,3.49,0.6501,0.8077
34411,2021-02-08,2262,Thunder Bay District Health Unit,0.0097,689.0,4.6,0.6787,0.8378
34412,2021-02-08,2261,Sudbury and District Health Unit,0.005,1114.0,5.6,0.4129,0.7366
34413,2021-02-08,4913,Southwestern Public Health,0.0132,702.0,3.32,0.536,0.9236
34414,2021-02-08,2260,Simcoe Muskoka District Health Unit,0.0192,1959.0,3.27,0.5634,0.931
34415,2021-02-08,2257,Renfrew County and District Health Unit,0.0027,322.0,2.96,0.6001,0.9485
34416,2021-02-08,2256,Porcupine Health Unit,0.0093,367.0,4.4,0.7724,0.9149
34417,2021-02-08,2255,Peterborough County-City Health Unit,0.006,429.0,2.9,0.585,0.9729
34418,2021-02-08,2253,Peel Regional Health Unit,0.0618,3888.0,2.42,0.6757,0.9594
34419,2021-02-08,35,Ontario,0.0284,43687.0,2.95,0.6225,0.9273
34420,2021-02-08,2249,Northwestern Health Unit,0.0107,279.0,3.19,0.1961,0.6307
34421,2021-02-08,2247,North Bay Parry Sound District Health Unit,0.0061,565.0,4.35,0.2297,0.5563
34422,2021-02-08,2246,Niagara Regional Area Health Unit,0.0225,1534.0,3.25,0.6535,0.9361
34423,2021-02-08,2244,Middlesex-London Health Unit,0.0159,1568.0,3.09,0.574,0.943
34424,2021-02-08,2243,"Leeds, Grenville and Lanark District Health Unit",0.003,572.0,3.31,0.7066,0.97
34425,2021-02-08,2242,Lambton Health Unit,0.0117,551.0,4.21,0.318,0.8697
34426,2021-02-08,2241,"Kingston, Frontenac and Lennox and Addington Health Unit",0.002,868.0,4.08,0.8579,0.9859
34427,2021-02-08,5183,Huron Perth Health Unit,0.0106,552.0,3.95,0.3851,0.9229
34428,2021-02-08,2238,Hastings and Prince Edward Counties Health Unit,0.002,655.0,3.89,0.8499,0.9887
34429,2021-02-08,2236,Halton Regional Health Unit,0.0261,1368.0,2.21,0.7549,0.956
34430,2021-02-08,2235,"Haliburton, Kawartha, Pine Ridge District Health Unit",0.0121,708.0,3.75,0.3962,0.9349
34431,2021-02-08,2234,Haldimand-Norfolk Health Unit,0.014,348.0,3.05,0.5445,0.9076
34432,2021-02-08,2233,Grey Bruce Health Unit,0.0037,496.0,2.92,0.2676,0.7351
34433,2021-02-08,2258,Eastern Ontario Health Unit,0.0132,724.0,3.47,0.7027,0.9673
34434,2021-02-08,2230,Durham Regional Health Unit,0.0205,1891.0,2.65,0.5427,0.9424
34435,2021-02-08,2226,District of Algoma Health Unit,0.0038,491.0,4.29,0.5001,0.7273
34436,2021-02-08,3895,City of Toronto Health Unit,0.0476,8092.0,2.59,0.7486,0.9688
34437,2021-02-08,2251,City of Ottawa Health Unit,0.0167,2415.0,2.29,0.661,0.9437
34438,2021-02-08,2237,City of Hamilton Health Unit,0.0285,1918.0,3.24,0.7872,0.96
34439,2021-02-08,2240,Chatham-Kent Health Unit,0.0233,552.0,5.19,0.3261,0.8682
34440,2021-02-08,2227,Brant County Health Unit,0.0175,580.0,3.73,0.5091,0.9091
34441,2021-02-07,2270,York Regional Health Unit,0.0465,2897.0,2.36,0.6154,0.9666
34442,2021-02-07,2268,Windsor-Essex County Health Unit,0.0262,1267.0,2.98,0.5126,0.9085
34443,2021-02-07,2266,Wellington-Dufferin-Guelph Health Unit,0.0198,982.0,3.15,0.5377,0.8656
34444,2021-02-07,2265,Waterloo Health Unit,0.0267,1737.0,2.97,0.5022,0.91
34445,2021-02-07,2263,Timiskaming Health Unit,0.0036,118.0,3.62,0.6455,0.8047
34446,2021-02-07,2262,Thunder Bay District Health Unit,0.0108,716.0,4.78,0.671,0.8438
34447,2021-02-07,2261,Sudbury and District Health Unit,0.0052,993.0,4.99,0.4276,0.7438
34448,2021-02-07,4913,Southwestern Public Health,0.0156,703.0,3.33,0.536,0.9233
34449,2021-02-07,2260,Simcoe Muskoka District Health Unit,0.0207,1967.0,3.28,0.5678,0.929
34450,2021-02-07,2257,Renfrew County and District Health Unit,0.0026,329.0,3.03,0.5964,0.9473
34451,2021-02-07,2256,Porcupine Health Unit,0.0074,369.0,4.42,0.7815,0.9263
34452,2021-02-07,2255,Peterborough County-City Health Unit,0.0069,416.0,2.81,0.5746,0.9695
34453,2021-02-07,2253,Peel Regional Health Unit,0.0635,3814.0,2.37,0.6865,0.9613
34454,2021-02-07,35,Ontario,0.0298,43430.0,2.93,0.628,0.9293
34455,2021-02-07,2249,Northwestern Health Unit,0.0095,287.0,3.27,0.1847,0.6039
34456,2021-02-07,2247,North Bay Parry Sound District Health Unit,0.0047,580.0,4.47,0.2295,0.5703
34457,2021-02-07,2246,Niagara Regional Area Health Unit,0.0249,1544.0,3.27,0.6562,0.9349
34458,2021-02-07,2244,Middlesex-London Health Unit,0.0175,1553.0,3.06,0.5791,0.9443
34459,2021-02-07,2243,"Leeds, Grenville and Lanark District Health Unit",0.0031,556.0,3.21,0.7037,0.9725
34460,2021-02-07,2242,Lambton Health Unit,0.0125,548.0,4.18,0.3213,0.869
34461,2021-02-07,2241,"Kingston, Frontenac and Lennox and Addington Health Unit",0.0028,881.0,4.14,0.8594,0.9883
34462,2021-02-07,5183,Huron Perth Health Unit,0.0124,541.0,3.87,0.3786,0.9236
34463,2021-02-07,2238,Hastings and Prince Edward Counties Health Unit,0.0011,649.0,3.85,0.8512,0.9902
34464,2021-02-07,2236,Halton Regional Health Unit,0.0292,1358.0,2.19,0.758,0.9565
34465,2021-02-07,2235,"Haliburton, Kawartha, Pine Ridge District Health Unit",0.0127,699.0,3.7,0.395,0.9351
34466,2021-02-07,2234,Haldimand-Norfolk Health Unit,0.014,348.0,3.05,0.5514,0.9254
34467,2021-02-07,2233,Grey Bruce Health Unit,0.0032,485.0,2.86,0.2729,0.7407
34468,2021-02-07,2258,Eastern Ontario Health Unit,0.0152,752.0,3.6,0.71,0.9704
34469,2021-02-07,2230,Durham Regional Health Unit,0.0224,1830.0,2.57,0.5465,0.9479
34470,2021-02-07,2226,District of Algoma Health Unit,0.0049,492.0,4.3,0.5099,0.7392
34471,2021-02-07,3895,City of Toronto Health Unit,0.0493,8118.0,2.6,0.7534,0.971
34472,2021-02-07,2251,City of Ottawa Health Unit,0.0178,2426.0,2.3,0.6676,0.9429
34473,2021-02-07,2237,City of Hamilton Health Unit,0.0317,1943.0,3.28,0.7965,0.9611
34474,2021-02-07,2240,Chatham-Kent Health Unit,0.0252,567.0,5.33,0.3331,0.8666
34475,2021-02-07,2227,Brant County Health Unit,0.0215,585.0,3.77,0.5319,0.9116
34476,2021-02-06,2270,York Regional Health Unit,0.0469,2842.0,2.32,0.6123,0.9632
34477,2021-02-06,2268,Windsor-Essex County Health Unit,0.0258,1272.0,2.99,0.5337,0.9097
34478,2021-02-06,2266,Wellington-Dufferin-Guelph Health Unit,0.0198,1003.0,3.22,0.5314,0.8605
34479,2021-02-06,2265,Waterloo Health Unit,0.0264,1740.0,2.98,0.5147,0.9136
34480,2021-02-06,2263,Timiskaming Health Unit,0.0036,118.0,3.62,0.6401,0.814
34481,2021-02-06,2262,Thunder Bay District Health Unit,0.0114,717.0,4.78,0.6411,0.8476
34482,2021-02-06,2261,Sudbury and District Health Unit,0.0035,933.0,4.69,0.439,0.7503
34483,2021-02-06,4913,Southwestern Public Health,0.0173,703.0,3.33,0.5515,0.9153
34484,2021-02-06,2260,Simcoe Muskoka District Health Unit,0.0205,1977.0,3.3,0.5601,0.9241
34485,2021-02-06,2257,Renfrew County and District Health Unit,0.0022,327.0,3.01,0.6219,0.9485
34486,2021-02-06,2256,Porcupine Health Unit,0.0089,370.0,4.43,0.7744,0.9319
34487,2021-02-06,2255,Peterborough County-City Health Unit,0.0068,419.0,2.83,0.5628,0.9695
34488,2021-02-06,2253,Peel Regional Health Unit,0.0652,3809.0,2.37,0.6897,0.9597
34489,2021-02-06,35,Ontario,0.0304,43249.0,2.92,0.6285,0.9272
34490,2021-02-06,2249,Northwestern Health Unit,0.008,284.0,3.24,0.178,0.5586
34491,2021-02-06,2247,North Bay Parry Sound District Health Unit,0.0025,570.0,4.39,0.2386,0.5596
34492,2021-02-06,2246,Niagara Regional Area Health Unit,0.0259,1545.0,3.27,0.6588,0.9359
34493,2021-02-06,2244,Middlesex-London Health Unit,0.0172,1546.0,3.05,0.596,0.9443
34494,2021-02-06,2243,"Leeds, Grenville and Lanark District Health Unit",0.0031,559.0,3.23,0.7024,0.9735
34495,2021-02-06,2242,Lambton Health Unit,0.0115,547.0,4.18,0.3306,0.8795
34496,2021-02-06,2241,"Kingston, Frontenac and Lennox and Addington Health Unit",0.0021,880.0,4.14,0.8593,0.9875
34497,2021-02-06,5183,Huron Perth Health Unit,0.0115,533.0,3.81,0.4001,0.9205
34498,2021-02-06,2238,Hastings and Prince Edward Counties Health Unit,0.0013,645.0,3.83,0.8561,0.9879
34499,2021-02-06,2236,Halton Regional Health Unit,0.0307,1353.0,2.19,0.7706,0.9579
34500,2021-02-06,2235,"Haliburton, Kawartha, Pine Ridge District Health Unit",0.0118,701.0,3.71,0.4056,0.9316
34501,2021-02-06,2234,Haldimand-Norfolk Health Unit,0.0148,356.0,3.12,0.5205,0.9212
34502,2021-02-06,2233,Grey Bruce Health Unit,0.0032,485.0,2.86,0.2842,0.7245
34503,2021-02-06,2258,Eastern Ontario Health Unit,0.0153,757.0,3.63,0.6964,0.9692
34504,2021-02-06,2230,Durham Regional Health Unit,0.0241,1824.0,2.56,0.5457,0.9451
34505,2021-02-06,2226,District of Algoma Health Unit,0.0052,493.0,4.31,0.5033,0.7499
34506,2021-02-06,3895,City of Toronto Health Unit,0.0514,8020.0,2.57,0.7451,0.9674
34507,2021-02-06,2251,City of Ottawa Health Unit,0.0185,2411.0,2.29,0.6679,0.9415
34508,2021-02-06,2237,City of Hamilton Health Unit,0.0328,1980.0,3.34,0.7958,0.9607
34509,2021-02-06,2240,Chatham-Kent Health Unit,0.0217,579.0,5.45,0.3398,0.8646
34510,2021-02-06,2227,Brant County Health Unit,0.0204,575.0,3.71,0.5361,0.9115
34511,2021-02-05,2270,York Regional Health Unit,0.0495,2783.0,2.27,0.631,0.9609
34512,2021-02-05,2268,Windsor-Essex County Health Unit,0.0271,1279.0,3.01,0.5529,0.9151
34513,2021-02-05,2266,Wellington-Dufferin-Guelph Health Unit,0.023,1020.0,3.27,0.5247,0.8581
34514,2021-02-05,2265,Waterloo Health Unit,0.0273,1752.0,3.0,0.5081,0.9138
34515,2021-02-05,2263,Timiskaming Health Unit,0.0048,119.0,3.64,0.6502,0.8226
34516,2021-02-05,2262,Thunder Bay District Health Unit,0.0125,745.0,4.97,0.6413,0.8722
34517,2021-02-05,2261,Sudbury and District Health Unit,0.0038,945.0,4.75,0.4504,0.7491
34518,2021-02-05,4913,Southwestern Public Health,0.0172,722.0,3.41,0.5642,0.9181
34519,2021-02-05,2260,Simcoe Muskoka District Health Unit,0.0211,1969.0,3.28,0.5309,0.904
34520,2021-02-05,2257,Renfrew County and District Health Unit,0.0023,365.0,3.36,0.6341,0.9436
34521,2021-02-05,2256,Porcupine Health Unit,0.009,381.0,4.56,0.7589,0.9238
34522,2021-02-05,2255,Peterborough County-City Health Unit,0.0075,419.0,2.83,0.5527,0.9691
34523,2021-02-05,2253,Peel Regional Health Unit,0.067,3758.0,2.34,0.6908,0.9537
34524,2021-02-05,35,Ontario,0.0316,43089.0,2.91,0.6314,0.9234
34525,2021-02-05,2249,Northwestern Health Unit,0.0081,283.0,3.23,0.1856,0.5765
34526,2021-02-05,2247,North Bay Parry Sound District Health Unit,0.0025,568.0,4.38,0.254,0.5811
34527,2021-02-05,2246,Niagara Regional Area Health Unit,0.0266,1542.0,3.26,0.6495,0.9174
34528,2021-02-05,2244,Middlesex-London Health Unit,0.0189,1553.0,3.06,0.6276,0.9533
34529,2021-02-05,2243,"Leeds, Grenville and Lanark District Health Unit",0.0046,562.0,3.24,0.706,0.9721
34530,2021-02-05,2242,Lambton Health Unit,0.0131,545.0,4.16,0.3501,0.8688
34531,2021-02-05,2241,"Kingston, Frontenac and Lennox and Addington Health Unit",0.002,875.0,4.11,0.8561,0.987
34532,2021-02-05,5183,Huron Perth Health Unit,0.0129,541.0,3.87,0.4589,0.9137
34533,2021-02-05,2238,Hastings and Prince Edward Counties Health Unit,0.0013,643.0,3.81,0.8486,0.9712
34534,2021-02-05,2236,Halton Regional Health Unit,0.0319,1336.0,2.16,0.7711,0.9543
34535,2021-02-05,2235,"Haliburton, Kawartha, Pine Ridge District Health Unit",0.0141,711.0,3.76,0.4068,0.9275
34536,2021-02-05,2234,Haldimand-Norfolk Health Unit,0.0141,354.0,3.1,0.5261,0.9133
34537,2021-02-05,2233,Grey Bruce Health Unit,0.0032,486.0,2.86,0.3242,0.7132
34538,2021-02-05,2258,Eastern Ontario Health Unit,0.016,767.0,3.67,0.6786,0.9472
34539,2021-02-05,2230,Durham Regional Health Unit,0.0259,1791.0,2.51,0.542,0.942
34540,2021-02-05,2226,District of Algoma Health Unit,0.0057,502.0,4.38,0.5534,0.7979
34541,2021-02-05,3895,City of Toronto Health Unit,0.0539,7929.0,2.54,0.7465,0.9645
34542,2021-02-05,2251,City of Ottawa Health Unit,0.0181,2375.0,2.25,0.6617,0.9306
34543,2021-02-05,2237,City of Hamilton Health Unit,0.0331,1976.0,3.34,0.794,0.9499
34544,2021-02-05,2240,Chatham-Kent Health Unit,0.022,572.0,5.38,0.3818,0.8841
34545,2021-02-05,2227,Brant County Health Unit,0.0215,557.0,3.59,0.5468,0.9079
34546,2021-02-04,2270,York Regional Health Unit,0.05,2762.0,2.25,0.6695,0.9567
34547,2021-02-04,2268,Windsor-Essex County Health Unit,0.0298,1309.0,3.08,0.569,0.9315
34548,2021-02-04,2266,Wellington-Dufferin-Guelph Health Unit,0.0233,993.0,3.18,0.5293,0.8798
34549,2021-02-04,2265,Waterloo Health Unit,0.0287,1730.0,2.96,0.5372,0.9327
34550,2021-02-04,2263,Timiskaming Health Unit,0.0049,117.0,3.59,0.6397,0.8225
34551,2021-02-04,2262,Thunder Bay District Health Unit,0.0117,758.0,5.05,0.6142,0.9174
34552,2021-02-04,2261,Sudbury and District Health Unit,0.0035,972.0,4.89,0.4642,0.7494
34553,2021-02-04,4913,Southwestern Public Health,0.0177,717.0,3.39,0.5485,0.9493
34554,2021-02-04,2260,Simcoe Muskoka District Health Unit,0.0212,1952.0,3.26,0.5164,0.9038
34555,2021-02-04,2257,Renfrew County and District Health Unit,0.0026,333.0,3.07,0.6196,0.9394
34556,2021-02-04,2256,Porcupine Health Unit,0.0109,379.0,4.55,0.7592,0.9377
34557,2021-02-04,2255,Peterborough County-City Health Unit,0.008,427.0,2.88,0.5426,0.9636
34558,2021-02-04,2253,Peel Regional Health Unit,0.0722,3670.0,2.29,0.684,0.9523
34559,2021-02-04,35,Ontario,0.0329,42799.0,2.89,0.6327,0.926
34560,2021-02-04,2249,Northwestern Health Unit,0.0084,289.0,3.29,0.2113,0.5691
34561,2021-02-04,2247,North Bay Parry Sound District Health Unit,0.0025,562.0,4.33,0.2382,0.558
34562,2021-02-04,2246,Niagara Regional Area Health Unit,0.0285,1529.0,3.24,0.6181,0.9017
34563,2021-02-04,2244,Middlesex-London Health Unit,0.0197,1507.0,2.97,0.6566,0.968
34564,2021-02-04,2243,"Leeds, Grenville and Lanark District Health Unit",0.0056,556.0,3.21,0.6932,0.969
34565,2021-02-04,2242,Lambton Health Unit,0.0133,547.0,4.18,0.3599,0.9153
34566,2021-02-04,2241,"Kingston, Frontenac and Lennox and Addington Health Unit",0.0019,880.0,4.14,0.8559,0.9825
34567,2021-02-04,5183,Huron Perth Health Unit,0.0134,544.0,3.89,0.5091,0.9291
34568,2021-02-04,2238,Hastings and Prince Edward Counties Health Unit,0.0011,646.0,3.84,0.8418,0.9679
34569,2021-02-04,2236,Halton Regional Health Unit,0.0337,1301.0,2.1,0.7606,0.9514
34570,2021-02-04,2235,"Haliburton, Kawartha, Pine Ridge District Health Unit",0.0128,705.0,3.73,0.4154,0.9262
34571,2021-02-04,2234,Haldimand-Norfolk Health Unit,0.014,377.0,3.31,0.5027,0.9129
34572,2021-02-04,2233,Grey Bruce Health Unit,0.0055,491.0,2.89,0.3871,0.7766
34573,2021-02-04,2258,Eastern Ontario Health Unit,0.0177,782.0,3.75,0.6335,0.9384
34574,2021-02-04,2230,Durham Regional Health Unit,0.0288,1748.0,2.45,0.5395,0.9448
34575,2021-02-04,2226,District of Algoma Health Unit,0.0052,545.0,4.76,0.4737,0.7491
34576,2021-02-04,3895,City of Toronto Health Unit,0.0569,7859.0,2.52,0.7499,0.9629
34577,2021-02-04,2251,City of Ottawa Health Unit,0.0181,2322.0,2.2,0.6519,0.9295
34578,2021-02-04,2237,City of Hamilton Health Unit,0.0327,1995.0,3.37,0.7846,0.946
34579,2021-02-04,2240,Chatham-Kent Health Unit,0.0225,585.0,5.5,0.4133,0.9166
34580,2021-02-04,2227,Brant County Health Unit,0.0214,541.0,3.49,0.5507,0.9027
34581,2021-02-03,2270,York Regional Health Unit,0.052,2767.0,2.26,0.6894,0.9578
34582,2021-02-03,2268,Windsor-Essex County Health Unit,0.0308,1356.0,3.19,0.5909,0.9511
34583,2021-02-03,2266,Wellington-Dufferin-Guelph Health Unit,0.0262,977.0,3.13,0.5209,0.9006
34584,2021-02-03,2265,Waterloo Health Unit,0.0282,1751.0,3.0,0.567,0.9433
34585,2021-02-03,2263,Timiskaming Health Unit,0.0051,113.0,3.44,0.6154,0.805
34586,2021-02-03,2262,Thunder Bay District Health Unit,0.0117,720.0,4.8,0.5533,0.9037
34587,2021-02-03,2261,Sudbury and District Health Unit,0.0042,985.0,4.95,0.4573,0.7549
34588,2021-02-03,4913,Southwestern Public Health,0.0169,721.0,3.41,0.5993,0.9536
34589,2021-02-03,2260,Simcoe Muskoka District Health Unit,0.0214,1988.0,3.32,0.5198,0.9094
34590,2021-02-03,2257,Renfrew County and District Health Unit,0.0025,337.0,3.1,0.6198,0.9427
34591,2021-02-03,2256,Porcupine Health Unit,0.0133,377.0,4.51,0.7302,0.9321
34592,2021-02-03,2255,Peterborough County-City Health Unit,0.0082,418.0,2.83,0.577,0.9658
34593,2021-02-03,2253,Peel Regional Health Unit,0.0759,3558.0,2.22,0.6765,0.953
34594,2021-02-03,35,Ontario,0.0342,42433.0,2.86,0.6354,0.9273
34595,2021-02-03,2249,Northwestern Health Unit,0.0059,314.0,3.58,0.1846,0.4989
34596,2021-02-03,2247,North Bay Parry Sound District Health Unit,0.0021,554.0,4.27,0.2228,0.548
34597,2021-02-03,2246,Niagara Regional Area Health Unit,0.0319,1513.0,3.2,0.6081,0.8909
34598,2021-02-03,2244,Middlesex-London Health Unit,0.0207,1491.0,2.94,0.7228,0.9758
34599,2021-02-03,2243,"Leeds, Grenville and Lanark District Health Unit",0.0059,555.0,3.21,0.683,0.9672
34600,2021-02-03,2242,Lambton Health Unit,0.0135,531.0,4.05,0.381,0.9375
34601,2021-02-03,2241,"Kingston, Frontenac and Lennox and Addington Health Unit",0.0017,909.0,4.27,0.8635,0.9827
34602,2021-02-03,5183,Huron Perth Health Unit,0.0154,538.0,3.85,0.5246,0.953
34603,2021-02-03,2238,Hastings and Prince Edward Counties Health Unit,0.0009,642.0,3.81,0.8178,0.9621
34604,2021-02-03,2236,Halton Regional Health Unit,0.0333,1260.0,2.03,0.747,0.9504
34605,2021-02-03,2235,"Haliburton, Kawartha, Pine Ridge District Health Unit",0.0128,693.0,3.67,0.4133,0.9148
34606,2021-02-03,2234,Haldimand-Norfolk Health Unit,0.0142,383.0,3.36,0.4813,0.9006
34607,2021-02-03,2233,Grey Bruce Health Unit,0.0056,487.0,2.87,0.4206,0.8297
34608,2021-02-03,2258,Eastern Ontario Health Unit,0.019,761.0,3.65,0.5865,0.9246
34609,2021-02-03,2230,Durham Regional Health Unit,0.0292,1757.0,2.47,0.5489,0.9425
34610,2021-02-03,2226,District of Algoma Health Unit,0.0061,495.0,4.32,0.415,0.7225
34611,2021-02-03,3895,City of Toronto Health Unit,0.0601,7706.0,2.47,0.7535,0.9641
34612,2021-02-03,2251,City of Ottawa Health Unit,0.0177,2311.0,2.19,0.6474,0.9237
34613,2021-02-03,2237,City of Hamilton Health Unit,0.0322,1997.0,3.37,0.7715,0.9438
34614,2021-02-03,2240,Chatham-Kent Health Unit,0.0278,581.0,5.46,0.4713,0.9613
34615,2021-02-03,2227,Brant County Health Unit,0.0194,522.0,3.36,0.5484,0.8993
34616,2021-02-02,2270,York Regional Health Unit,0.0572,2702.0,2.2,0.6922,0.9569
34617,2021-02-02,2268,Windsor-Essex County Health Unit,0.0317,1354.0,3.19,0.5961,0.952
34618,2021-02-02,2266,Wellington-Dufferin-Guelph Health Unit,0.0293,1001.0,3.21,0.5172,0.9095
34619,2021-02-02,2265,Waterloo Health Unit,0.0311,1743.0,2.98,0.5836,0.9411
34620,2021-02-02,2263,Timiskaming Health Unit,0.0054,107.0,3.26,0.5545,0.7479
34621,2021-02-02,2262,Thunder Bay District Health Unit,0.0129,720.0,4.8,0.4835,0.9074
34622,2021-02-02,2261,Sudbury and District Health Unit,0.0053,972.0,4.89,0.4148,0.7302
34623,2021-02-02,4913,Southwestern Public Health,0.0163,796.0,3.76,0.6089,0.9539
34624,2021-02-02,2260,Simcoe Muskoka District Health Unit,0.0209,2070.0,3.45,0.5161,0.911
34625,2021-02-02,2257,Renfrew County and District Health Unit,0.0038,340.0,3.13,0.6013,0.9385
34626,2021-02-02,2256,Porcupine Health Unit,0.0176,390.0,4.67,0.7207,0.9264
34627,2021-02-02,2255,Peterborough County-City Health Unit,0.0077,428.0,2.89,0.6434,0.9715
34628,2021-02-02,2253,Peel Regional Health Unit,0.0798,3578.0,2.23,0.6809,0.9537
34629,2021-02-02,35,Ontario,0.0358,42749.0,2.88,0.635,0.9257
34630,2021-02-02,2249,Northwestern Health Unit,0.0042,305.0,3.48,0.182,0.4799
34631,2021-02-02,2247,North Bay Parry Sound District Health Unit,0.0025,524.0,4.03,0.2185,0.5151
34632,2021-02-02,2246,Niagara Regional Area Health Unit,0.0337,1555.0,3.29,0.6204,0.8928
34633,2021-02-02,2244,Middlesex-London Health Unit,0.0214,1545.0,3.04,0.7395,0.9759
34634,2021-02-02,2243,"Leeds, Grenville and Lanark District Health Unit",0.0065,550.0,3.18,0.6734,0.9649
34635,2021-02-02,2242,Lambton Health Unit,0.0133,579.0,4.42,0.3328,0.9461
34636,2021-02-02,2241,"Kingston, Frontenac and Lennox and Addington Health Unit",0.0025,905.0,4.25,0.8739,0.9841
34637,2021-02-02,5183,Huron Perth Health Unit,0.0142,525.0,3.75,0.5214,0.9482
34638,2021-02-02,2238,Hastings and Prince Edward Counties Health Unit,0.0007,639.0,3.79,0.8134,0.9605
34639,2021-02-02,2236,Halton Regional Health Unit,0.0337,1252.0,2.02,0.7495,0.9473
34640,2021-02-02,2235,"Haliburton, Kawartha, Pine Ridge District Health Unit",0.015,685.0,3.62,0.4208,0.9255
34641,2021-02-02,2234,Haldimand-Norfolk Health Unit,0.0146,391.0,3.43,0.4695,0.8982
34642,2021-02-02,2233,Grey Bruce Health Unit,0.0064,492.0,2.9,0.4049,0.8338
34643,2021-02-02,2258,Eastern Ontario Health Unit,0.0212,781.0,3.74,0.5971,0.9232
34644,2021-02-02,2230,Durham Regional Health Unit,0.0306,1782.0,2.5,0.5477,0.9401
34645,2021-02-02,2226,District of Algoma Health Unit,0.0051,475.0,4.15,0.3508,0.6808
34646,2021-02-02,3895,City of Toronto Health Unit,0.0624,7758.0,2.49,0.7669,0.9659
34647,2021-02-02,2251,City of Ottawa Health Unit,0.0182,2345.0,2.22,0.6402,0.9216
34648,2021-02-02,2237,City of Hamilton Health Unit,0.0336,2005.0,3.39,0.7605,0.941
34649,2021-02-02,2240,Chatham-Kent Health Unit,0.0247,585.0,5.5,0.4819,0.9653
34650,2021-02-02,2227,Brant County Health Unit,0.0197,509.0,3.28,0.5363,0.9057
34651,2021-02-01,2270,York Regional Health Unit,0.0588,2719.0,2.22,0.696,0.9552
34652,2021-02-01,2268,Windsor-Essex County Health Unit,0.0339,1336.0,3.15,0.6111,0.9584
34653,2021-02-01,2266,Wellington-Dufferin-Guelph Health Unit,0.0319,1030.0,3.3,0.5368,0.9091
34654,2021-02-01,2265,Waterloo Health Unit,0.0326,1716.0,2.94,0.5959,0.9419
34655,2021-02-01,2263,Timiskaming Health Unit,0.0069,103.0,3.16,0.5257,0.7188
34656,2021-02-01,2262,Thunder Bay District Health Unit,0.0144,705.0,4.7,0.4044,0.8999
34657,2021-02-01,2261,Sudbury and District Health Unit,0.0069,967.0,4.86,0.4127,0.7264
34658,2021-02-01,4913,Southwestern Public Health,0.0194,752.0,3.56,0.6068,0.9544
34659,2021-02-01,2260,Simcoe Muskoka District Health Unit,0.0215,2058.0,3.43,0.5065,0.9098
34660,2021-02-01,2257,Renfrew County and District Health Unit,0.0025,339.0,3.12,0.598,0.9389
34661,2021-02-01,2256,Porcupine Health Unit,0.016,411.0,4.93,0.7205,0.9281
34662,2021-02-01,2255,Peterborough County-City Health Unit,0.0093,429.0,2.9,0.6782,0.9762
34663,2021-02-01,2253,Peel Regional Health Unit,0.0807,3575.0,2.23,0.6912,0.9526
34664,2021-02-01,35,Ontario,0.0372,42630.0,2.87,0.6382,0.9254
34665,2021-02-01,2249,Northwestern Health Unit,0.0047,302.0,3.45,0.1758,0.4667
34666,2021-02-01,2247,North Bay Parry Sound District Health Unit,0.0041,519.0,4.0,0.2071,0.4937
34667,2021-02-01,2246,Niagara Regional Area Health Unit,0.0399,1606.0,3.4,0.632,0.8982
34668,2021-02-01,2244,Middlesex-London Health Unit,0.0217,1534.0,3.02,0.7408,0.9737
34669,2021-02-01,2243,"Leeds, Grenville and Lanark District Health Unit",0.0065,573.0,3.31,0.6749,0.9658
34670,2021-02-01,2242,Lambton Health Unit,0.0149,545.0,4.16,0.3318,0.9468
34671,2021-02-01,2241,"Kingston, Frontenac and Lennox and Addington Health Unit",0.002,928.0,4.36,0.87,0.9838
34672,2021-02-01,5183,Huron Perth Health Unit,0.0164,531.0,3.8,0.5147,0.9495
34673,2021-02-01,2238,Hastings and Prince Edward Counties Health Unit,0.0012,615.0,3.65,0.8114,0.9589
34674,2021-02-01,2236,Halton Regional Health Unit,0.036,1239.0,2.0,0.7551,0.9466
34675,2021-02-01,2235,"Haliburton, Kawartha, Pine Ridge District Health Unit",0.0133,668.0,3.54,0.4349,0.928
34676,2021-02-01,2234,Haldimand-Norfolk Health Unit,0.0157,383.0,3.36,0.4757,0.8997
34677,2021-02-01,2233,Grey Bruce Health Unit,0.0076,487.0,2.87,0.4059,0.833
34678,2021-02-01,2258,Eastern Ontario Health Unit,0.0199,846.0,4.05,0.5933,0.9232
34679,2021-02-01,2230,Durham Regional Health Unit,0.0332,1746.0,2.45,0.5483,0.9339
34680,2021-02-01,2226,District of Algoma Health Unit,0.0045,481.0,4.2,0.3083,0.6505
34681,2021-02-01,3895,City of Toronto Health Unit,0.0637,7756.0,2.49,0.7695,0.9668
34682,2021-02-01,2251,City of Ottawa Health Unit,0.0193,2311.0,2.19,0.6472,0.9248
34683,2021-02-01,2237,City of Hamilton Health Unit,0.036,2001.0,3.38,0.7716,0.9415
34684,2021-02-01,2240,Chatham-Kent Health Unit,0.0258,564.0,5.31,0.4925,0.9653
34685,2021-02-01,2227,Brant County Health Unit,0.022,501.0,3.23,0.5433,0.9099
34686,2021-01-31,2270,York Regional Health Unit,0.0613,2746.0,2.24,0.6924,0.9553
34687,2021-01-31,2268,Windsor-Essex County Health Unit,0.0359,1357.0,3.19,0.6098,0.9684
34688,2021-01-31,2266,Wellington-Dufferin-Guelph Health Unit,0.0332,1071.0,3.43,0.5326,0.896
34689,2021-01-31,2265,Waterloo Health Unit,0.0334,1723.0,2.95,0.5754,0.9303
34690,2021-01-31,2263,Timiskaming Health Unit,0.0041,104.0,3.19,0.5248,0.7191
34691,2021-01-31,2262,Thunder Bay District Health Unit,0.0185,688.0,4.59,0.384,0.8878
34692,2021-01-31,2261,Sudbury and District Health Unit,0.0069,1010.0,5.08,0.3841,0.7169
34693,2021-01-31,4913,Southwestern Public Health,0.0181,742.0,3.51,0.607,0.9544
34694,2021-01-31,2260,Simcoe Muskoka District Health Unit,0.0207,2052.0,3.42,0.5095,0.9116
34695,2021-01-31,2257,Renfrew County and District Health Unit,0.0026,335.0,3.08,0.5967,0.9351
34696,2021-01-31,2256,Porcupine Health Unit,0.0173,413.0,4.95,0.7109,0.9213
34697,2021-01-31,2255,Peterborough County-City Health Unit,0.0091,439.0,2.96,0.6816,0.9795
34698,2021-01-31,2253,Peel Regional Health Unit,0.0833,3620.0,2.25,0.6833,0.9504
34699,2021-01-31,35,Ontario,0.0385,42924.0,2.89,0.6348,0.9243
34700,2021-01-31,2249,Northwestern Health Unit,0.0089,303.0,3.46,0.1677,0.4482
34701,2021-01-31,2247,North Bay Parry Sound District Health Unit,0.0063,496.0,3.82,0.2011,0.4967
34702,2021-01-31,2246,Niagara Regional Area Health Unit,0.0452,1664.0,3.52,0.6382,0.9017
34703,2021-01-31,2244,Middlesex-London Health Unit,0.0221,1541.0,3.04,0.7378,0.9723
34704,2021-01-31,2243,"Leeds, Grenville and Lanark District Health Unit",0.0069,583.0,3.36,0.6828,0.9647
34705,2021-01-31,2242,Lambton Health Unit,0.0146,586.0,4.48,0.3361,0.9437
34706,2021-01-31,2241,"Kingston, Frontenac and Lennox and Addington Health Unit",0.0015,923.0,4.34,0.8689,0.983
34707,2021-01-31,5183,Huron Perth Health Unit,0.0153,522.0,3.74,0.5118,0.9478
34708,2021-01-31,2238,Hastings and Prince Edward Counties Health Unit,0.0012,614.0,3.64,0.8105,0.9582
34709,2021-01-31,2236,Halton Regional Health Unit,0.0386,1233.0,1.99,0.7556,0.9455
34710,2021-01-31,2235,"Haliburton, Kawartha, Pine Ridge District Health Unit",0.012,664.0,3.51,0.4131,0.9246
34711,2021-01-31,2234,Haldimand-Norfolk Health Unit,0.0154,391.0,3.43,0.4945,0.9074
34712,2021-01-31,2233,Grey Bruce Health Unit,0.0085,490.0,2.89,0.3967,0.8334
34713,2021-01-31,2258,Eastern Ontario Health Unit,0.022,843.0,4.04,0.5864,0.9192
34714,2021-01-31,2230,Durham Regional Health Unit,0.0362,1723.0,2.42,0.5466,0.9343
34715,2021-01-31,2226,District of Algoma Health Unit,0.0044,482.0,4.21,0.3175,0.6762
34716,2021-01-31,3895,City of Toronto Health Unit,0.0656,7737.0,2.48,0.7715,0.9672
34717,2021-01-31,2251,City of Ottawa Health Unit,0.02,2346.0,2.22,0.6453,0.924
34718,2021-01-31,2237,City of Hamilton Health Unit,0.0347,2067.0,3.49,0.7624,0.936
34719,2021-01-31,2240,Chatham-Kent Health Unit,0.0289,534.0,5.03,0.4848,0.9647
34720,2021-01-31,2227,Brant County Health Unit,0.0183,522.0,3.37,0.546,0.9121
34721,2021-01-30,2270,York Regional Health Unit,0.0626,2758.0,2.25,0.697,0.9486
34722,2021-01-30,2268,Windsor-Essex County Health Unit,0.0378,1355.0,3.19,0.5963,0.9691
34723,2021-01-30,2266,Wellington-Dufferin-Guelph Health Unit,0.0366,1035.0,3.32,0.5317,0.898
34724,2021-01-30,2265,Waterloo Health Unit,0.0345,1710.0,2.93,0.5464,0.9229
34725,2021-01-30,2263,Timiskaming Health Unit,0.0041,104.0,3.19,0.52,0.7045
34726,2021-01-30,2262,Thunder Bay District Health Unit,0.0184,692.0,4.62,0.3594,0.8764
34727,2021-01-30,2261,Sudbury and District Health Unit,0.0081,1011.0,5.08,0.384,0.6985
34728,2021-01-30,4913,Southwestern Public Health,0.018,746.0,3.53,0.5896,0.952
34729,2021-01-30,2260,Simcoe Muskoka District Health Unit,0.0214,2094.0,3.49,0.5047,0.8978
34730,2021-01-30,2257,Renfrew County and District Health Unit,0.0026,336.0,3.09,0.5641,0.9313
34731,2021-01-30,2256,Porcupine Health Unit,0.0172,408.0,4.89,0.7116,0.9162
34732,2021-01-30,2255,Peterborough County-City Health Unit,0.0104,441.0,2.98,0.6757,0.9747
34733,2021-01-30,2253,Peel Regional Health Unit,0.0848,3606.0,2.25,0.6711,0.9455
34734,2021-01-30,35,Ontario,0.0394,43005.0,2.9,0.6265,0.9175
34735,2021-01-30,2249,Northwestern Health Unit,0.0093,308.0,3.51,0.1645,0.4217
34736,2021-01-30,2247,North Bay Parry Sound District Health Unit,0.0061,492.0,3.79,0.1883,0.4979
34737,2021-01-30,2246,Niagara Regional Area Health Unit,0.046,1697.0,3.59,0.6161,0.9026
34738,2021-01-30,2244,Middlesex-London Health Unit,0.0225,1557.0,3.07,0.7188,0.9642
34739,2021-01-30,2243,"Leeds, Grenville and Lanark District Health Unit",0.0071,580.0,3.35,0.6719,0.9649
34740,2021-01-30,2242,Lambton Health Unit,0.016,588.0,4.49,0.3171,0.9265
34741,2021-01-30,2241,"Kingston, Frontenac and Lennox and Addington Health Unit",0.0016,921.0,4.33,0.8598,0.978
34742,2021-01-30,5183,Huron Perth Health Unit,0.0162,521.0,3.73,0.4777,0.9434
34743,2021-01-30,2238,Hastings and Prince Edward Counties Health Unit,0.0009,618.0,3.67,0.8078,0.9566
34744,2021-01-30,2236,Halton Regional Health Unit,0.0384,1235.0,1.99,0.7397,0.9375
34745,2021-01-30,2235,"Haliburton, Kawartha, Pine Ridge District Health Unit",0.0118,654.0,3.46,0.3838,0.9059
34746,2021-01-30,2234,Haldimand-Norfolk Health Unit,0.0146,401.0,3.52,0.5101,0.9028
34747,2021-01-30,2233,Grey Bruce Health Unit,0.009,495.0,2.91,0.3535,0.7958
34748,2021-01-30,2258,Eastern Ontario Health Unit,0.0222,841.0,4.03,0.574,0.9182
34749,2021-01-30,2230,Durham Regional Health Unit,0.0378,1713.0,2.4,0.5406,0.9108
34750,2021-01-30,2226,District of Algoma Health Unit,0.0045,480.0,4.19,0.3106,0.6757
34751,2021-01-30,3895,City of Toronto Health Unit,0.0665,7785.0,2.49,0.7724,0.9631
34752,2021-01-30,2251,City of Ottawa Health Unit,0.0198,2356.0,2.23,0.6323,0.9109
34753,2021-01-30,2237,City of Hamilton Health Unit,0.036,2059.0,3.48,0.7639,0.9353
34754,2021-01-30,2240,Chatham-Kent Health Unit,0.032,518.0,4.87,0.4495,0.9274
34755,2021-01-30,2227,Brant County Health Unit,0.0182,527.0,3.4,0.552,0.9089
34756,2021-01-29,2270,York Regional Health Unit,0.0638,2811.0,2.29,0.6801,0.9463
34757,2021-01-29,2268,Windsor-Essex County Health Unit,0.0396,1361.0,3.2,0.5816,0.9631
34758,2021-01-29,2266,Wellington-Dufferin-Guelph Health Unit,0.0363,1014.0,3.25,0.5303,0.9034
34759,2021-01-29,2265,Waterloo Health Unit,0.0356,1697.0,2.9,0.5365,0.9185
34760,2021-01-29,2263,Timiskaming Health Unit,0.0028,103.0,3.16,0.5138,0.703
34761,2021-01-29,2262,Thunder Bay District Health Unit,0.0181,654.0,4.36,0.3337,0.87
34762,2021-01-29,2261,Sudbury and District Health Unit,0.0096,1031.0,5.18,0.375,0.6598
34763,2021-01-29,4913,Southwestern Public Health,0.0184,730.0,3.45,0.5503,0.9216
34764,2021-01-29,2260,Simcoe Muskoka District Health Unit,0.0204,2141.0,3.57,0.5187,0.8947
34765,2021-01-29,2257,Renfrew County and District Health Unit,0.0029,298.0,2.74,0.5547,0.9201
34766,2021-01-29,2256,Porcupine Health Unit,0.0187,396.0,4.75,0.7189,0.9189
34767,2021-01-29,2255,Peterborough County-City Health Unit,0.0106,446.0,3.02,0.6852,0.9698
34768,2021-01-29,2253,Peel Regional Health Unit,0.0842,3667.0,2.28,0.6659,0.9472
34769,2021-01-29,35,Ontario,0.0401,43280.0,2.92,0.621,0.9138
34770,2021-01-29,2249,Northwestern Health Unit,0.0091,313.0,3.57,0.1543,0.3753
34771,2021-01-29,2247,North Bay Parry Sound District Health Unit,0.0066,496.0,3.82,0.1795,0.4844
34772,2021-01-29,2246,Niagara Regional Area Health Unit,0.0486,1739.0,3.68,0.5937,0.8876
34773,2021-01-29,2244,Middlesex-London Health Unit,0.0221,1557.0,3.07,0.6933,0.9576
34774,2021-01-29,2243,"Leeds, Grenville and Lanark District Health Unit",0.006,567.0,3.28,0.6559,0.9596
34775,2021-01-29,2242,Lambton Health Unit,0.0156,587.0,4.48,0.288,0.9144
34776,2021-01-29,2241,"Kingston, Frontenac and Lennox and Addington Health Unit",0.002,924.0,4.35,0.867,0.9791
34777,2021-01-29,5183,Huron Perth Health Unit,0.0193,518.0,3.71,0.421,0.9467
34778,2021-01-29,2238,Hastings and Prince Edward Counties Health Unit,0.0009,621.0,3.68,0.8128,0.9629
34779,2021-01-29,2236,Halton Regional Health Unit,0.0391,1252.0,2.02,0.7456,0.9333
34780,2021-01-29,2235,"Haliburton, Kawartha, Pine Ridge District Health Unit",0.0088,663.0,3.51,0.3809,0.9006
34781,2021-01-29,2234,Haldimand-Norfolk Health Unit,0.0145,405.0,3.55,0.4893,0.9039
34782,2021-01-29,2233,Grey Bruce Health Unit,0.0087,493.0,2.9,0.3383,0.7985
34783,2021-01-29,2258,Eastern Ontario Health Unit,0.023,838.0,4.02,0.5868,0.9336
34784,2021-01-29,2230,Durham Regional Health Unit,0.0385,1718.0,2.41,0.5421,0.9058
34785,2021-01-29,2226,District of Algoma Health Unit,0.0036,475.0,4.15,0.2299,0.6392
34786,2021-01-29,3895,City of Toronto Health Unit,0.0667,7875.0,2.52,0.7773,0.9644
34787,2021-01-29,2251,City of Ottawa Health Unit,0.0204,2370.0,2.25,0.6257,0.9007
34788,2021-01-29,2237,City of Hamilton Health Unit,0.0388,2095.0,3.54,0.7694,0.9449
34789,2021-01-29,2240,Chatham-Kent Health Unit,0.0334,518.0,4.87,0.4256,0.9236
34790,2021-01-29,2227,Brant County Health Unit,0.0195,536.0,3.45,0.5412,0.8911
34791,2021-01-28,2270,York Regional Health Unit,0.0638,2862.0,2.33,0.6767,0.9451
34792,2021-01-28,2268,Windsor-Essex County Health Unit,0.0406,1356.0,3.19,0.5458,0.9508
34793,2021-01-28,2266,Wellington-Dufferin-Guelph Health Unit,0.0376,1031.0,3.3,0.5414,0.9
34794,2021-01-28,2265,Waterloo Health Unit,0.036,1738.0,2.97,0.5421,0.9155
34795,2021-01-28,2263,Timiskaming Health Unit,0.0052,111.0,3.39,0.4692,0.6799
34796,2021-01-28,2262,Thunder Bay District Health Unit,0.0207,628.0,4.19,0.3782,0.8764
34797,2021-01-28,2261,Sudbury and District Health Unit,0.0113,1001.0,5.03,0.4023,0.6723
34798,2021-01-28,4913,Southwestern Public Health,0.0224,748.0,3.53,0.4899,0.8844
34799,2021-01-28,2260,Simcoe Muskoka District Health Unit,0.0217,2142.0,3.57,0.5188,0.8931
34800,2021-01-28,2257,Renfrew County and District Health Unit,0.0026,328.0,3.02,0.5772,0.9295
34801,2021-01-28,2256,Porcupine Health Unit,0.0251,393.0,4.71,0.7285,0.9306
34802,2021-01-28,2255,Peterborough County-City Health Unit,0.0118,450.0,3.04,0.6774,0.9713
34803,2021-01-28,2253,Peel Regional Health Unit,0.0846,3704.0,2.31,0.6706,0.9454
34804,2021-01-28,35,Ontario,0.0409,43629.0,2.94,0.6234,0.9138
34805,2021-01-28,2249,Northwestern Health Unit,0.0098,308.0,3.51,0.0965,0.3205
34806,2021-01-28,2247,North Bay Parry Sound District Health Unit,0.0066,501.0,3.86,0.1963,0.4933
34807,2021-01-28,2246,Niagara Regional Area Health Unit,0.0495,1799.0,3.81,0.6254,0.8937
34808,2021-01-28,2244,Middlesex-London Health Unit,0.0211,1589.0,3.13,0.6745,0.954
34809,2021-01-28,2243,"Leeds, Grenville and Lanark District Health Unit",0.0048,565.0,3.26,0.6667,0.9527
34810,2021-01-28,2242,Lambton Health Unit,0.0168,594.0,4.53,0.2688,0.9129
34811,2021-01-28,2241,"Kingston, Frontenac and Lennox and Addington Health Unit",0.0031,922.0,4.33,0.8597,0.981
34812,2021-01-28,5183,Huron Perth Health Unit,0.0218,530.0,3.79,0.3743,0.9281
34813,2021-01-28,2238,Hastings and Prince Edward Counties Health Unit,0.0009,615.0,3.65,0.8083,0.9552
34814,2021-01-28,2236,Halton Regional Health Unit,0.0387,1288.0,2.08,0.7449,0.9317
34815,2021-01-28,2235,"Haliburton, Kawartha, Pine Ridge District Health Unit",0.01,685.0,3.62,0.3667,0.8973
34816,2021-01-28,2234,Haldimand-Norfolk Health Unit,0.0168,382.0,3.35,0.4823,0.8767
34817,2021-01-28,2233,Grey Bruce Health Unit,0.0073,488.0,2.87,0.3218,0.7837
34818,2021-01-28,2258,Eastern Ontario Health Unit,0.0232,856.0,4.1,0.6036,0.9446
34819,2021-01-28,2230,Durham Regional Health Unit,0.0365,1724.0,2.42,0.5424,0.9028
34820,2021-01-28,2226,District of Algoma Health Unit,0.004,431.0,3.77,0.2026,0.6581
34821,2021-01-28,3895,City of Toronto Health Unit,0.0673,7975.0,2.56,0.7803,0.9658
34822,2021-01-28,2251,City of Ottawa Health Unit,0.0223,2397.0,2.27,0.6481,0.9065
34823,2021-01-28,2237,City of Hamilton Health Unit,0.039,2098.0,3.54,0.7814,0.9497
34824,2021-01-28,2240,Chatham-Kent Health Unit,0.0342,485.0,4.56,0.3933,0.9214
34825,2021-01-28,2227,Brant County Health Unit,0.0201,534.0,3.44,0.5453,0.8767
34826,2021-01-27,2270,York Regional Health Unit,0.0648,2921.0,2.38,0.6837,0.9447
34827,2021-01-27,2268,Windsor-Essex County Health Unit,0.0429,1333.0,3.14,0.5062,0.9494
34828,2021-01-27,2266,Wellington-Dufferin-Guelph Health Unit,0.0374,1073.0,3.44,0.5496,0.9084
34829,2021-01-27,2265,Waterloo Health Unit,0.0384,1766.0,3.02,0.5405,0.9169
34830,2021-01-27,2263,Timiskaming Health Unit,0.0077,111.0,3.39,0.4981,0.6882
34831,2021-01-27,2262,Thunder Bay District Health Unit,0.0216,627.0,4.18,0.388,0.8837
34832,2021-01-27,2261,Sudbury and District Health Unit,0.012,985.0,4.95,0.393,0.688
34833,2021-01-27,4913,Southwestern Public Health,0.0246,739.0,3.49,0.4501,0.8871
34834,2021-01-27,2260,Simcoe Muskoka District Health Unit,0.0221,2107.0,3.51,0.5031,0.8901
34835,2021-01-27,2257,Renfrew County and District Health Unit,0.0026,325.0,3.0,0.5624,0.927
34836,2021-01-27,2256,Porcupine Health Unit,0.0216,391.0,4.69,0.7345,0.9306
34837,2021-01-27,2255,Peterborough County-City Health Unit,0.0134,448.0,3.03,0.6075,0.9714
34838,2021-01-27,2253,Peel Regional Health Unit,0.0859,3821.0,2.38,0.6679,0.9448
34839,2021-01-27,35,Ontario,0.0421,44157.0,2.98,0.6172,0.9148
34840,2021-01-27,2249,Northwestern Health Unit,0.0108,277.0,3.16,0.0963,0.3676
34841,2021-01-27,2247,North Bay Parry Sound District Health Unit,0.0063,497.0,3.83,0.2012,0.5167
34842,2021-01-27,2246,Niagara Regional Area Health Unit,0.051,1843.0,3.9,0.6142,0.905
34843,2021-01-27,2244,Middlesex-London Health Unit,0.0204,1617.0,3.19,0.6478,0.9464
34844,2021-01-27,2243,"Leeds, Grenville and Lanark District Health Unit",0.0048,566.0,3.27,0.6644,0.9542
34845,2021-01-27,2242,Lambton Health Unit,0.0179,616.0,4.7,0.2563,0.92
34846,2021-01-27,2241,"Kingston, Frontenac and Lennox and Addington Health Unit",0.0037,898.0,4.22,0.8631,0.9845
34847,2021-01-27,5183,Huron Perth Health Unit,0.0219,547.0,3.92,0.3286,0.8777
34848,2021-01-27,2238,Hastings and Prince Edward Counties Health Unit,0.0011,626.0,3.71,0.822,0.9606
34849,2021-01-27,2236,Halton Regional Health Unit,0.0425,1320.0,2.13,0.7412,0.9304
34850,2021-01-27,2235,"Haliburton, Kawartha, Pine Ridge District Health Unit",0.0106,698.0,3.7,0.369,0.9108
34851,2021-01-27,2234,Haldimand-Norfolk Health Unit,0.0197,391.0,3.43,0.511,0.9106
34852,2021-01-27,2233,Grey Bruce Health Unit,0.0081,492.0,2.9,0.2788,0.7745
34853,2021-01-27,2258,Eastern Ontario Health Unit,0.022,866.0,4.15,0.6187,0.9505
34854,2021-01-27,2230,Durham Regional Health Unit,0.0374,1759.0,2.47,0.5472,0.9035
34855,2021-01-27,2226,District of Algoma Health Unit,0.0036,433.0,3.78,0.1412,0.6309
34856,2021-01-27,3895,City of Toronto Health Unit,0.0681,8119.0,2.6,0.7783,0.9651
34857,2021-01-27,2251,City of Ottawa Health Unit,0.0252,2426.0,2.3,0.6472,0.9071
34858,2021-01-27,2237,City of Hamilton Health Unit,0.0394,2131.0,3.6,0.7894,0.9509
34859,2021-01-27,2240,Chatham-Kent Health Unit,0.0313,469.0,4.42,0.3648,0.9187
34860,2021-01-27,2227,Brant County Health Unit,0.0195,542.0,3.49,0.5652,0.8858
34861,2021-01-26,2270,York Regional Health Unit,0.0668,2964.0,2.42,0.6913,0.9499
34862,2021-01-26,2268,Windsor-Essex County Health Unit,0.0459,1328.0,3.13,0.4838,0.947
34863,2021-01-26,2266,Wellington-Dufferin-Guelph Health Unit,0.0364,1069.0,3.43,0.5458,0.906
34864,2021-01-26,2265,Waterloo Health Unit,0.04,1803.0,3.09,0.5432,0.9196
34865,2021-01-26,2263,Timiskaming Health Unit,0.0074,116.0,3.54,0.5371,0.7438
34866,2021-01-26,2262,Thunder Bay District Health Unit,0.0208,632.0,4.22,0.4326,0.8708
34867,2021-01-26,2261,Sudbury and District Health Unit,0.0119,973.0,4.89,0.3905,0.7217
34868,2021-01-26,4913,Southwestern Public Health,0.0248,755.0,3.57,0.4405,0.884
34869,2021-01-26,2260,Simcoe Muskoka District Health Unit,0.0229,2111.0,3.52,0.5048,0.897
34870,2021-01-26,2257,Renfrew County and District Health Unit,0.0013,326.0,3.0,0.5758,0.9275
34871,2021-01-26,2256,Porcupine Health Unit,0.0169,396.0,4.75,0.7229,0.9241
34872,2021-01-26,2255,Peterborough County-City Health Unit,0.0134,439.0,2.96,0.5829,0.9687
34873,2021-01-26,2253,Peel Regional Health Unit,0.0878,3843.0,2.39,0.6624,0.9459
34874,2021-01-26,35,Ontario,0.0432,44306.0,2.99,0.6145,0.9175
34875,2021-01-26,2249,Northwestern Health Unit,0.0137,292.0,3.33,0.0957,0.3693
34876,2021-01-26,2247,North Bay Parry Sound District Health Unit,0.006,497.0,3.83,0.1883,0.5094
34877,2021-01-26,2246,Niagara Regional Area Health Unit,0.0532,1856.0,3.93,0.6017,0.9013
34878,2021-01-26,2244,Middlesex-London Health Unit,0.0212,1634.0,3.22,0.6481,0.9475
34879,2021-01-26,2243,"Leeds, Grenville and Lanark District Health Unit",0.0049,559.0,3.23,0.6451,0.9513
34880,2021-01-26,2242,Lambton Health Unit,0.0199,595.0,4.54,0.2479,0.9236
34881,2021-01-26,2241,"Kingston, Frontenac and Lennox and Addington Health Unit",0.004,888.0,4.18,0.8623,0.985
34882,2021-01-26,5183,Huron Perth Health Unit,0.026,555.0,3.97,0.314,0.8734
34883,2021-01-26,2238,Hastings and Prince Edward Counties Health Unit,0.0011,632.0,3.75,0.8009,0.9607
34884,2021-01-26,2236,Halton Regional Health Unit,0.0432,1329.0,2.15,0.7319,0.9343
34885,2021-01-26,2235,"Haliburton, Kawartha, Pine Ridge District Health Unit",0.0113,720.0,3.81,0.3766,0.9023
34886,2021-01-26,2234,Haldimand-Norfolk Health Unit,0.0203,401.0,3.51,0.4984,0.9113
34887,2021-01-26,2233,Grey Bruce Health Unit,0.0083,484.0,2.85,0.2615,0.7873
34888,2021-01-26,2258,Eastern Ontario Health Unit,0.0232,873.0,4.18,0.6096,0.9489
34889,2021-01-26,2230,Durham Regional Health Unit,0.0377,1762.0,2.47,0.5521,0.9116
34890,2021-01-26,2226,District of Algoma Health Unit,0.0037,427.0,3.73,0.1424,0.6649
34891,2021-01-26,3895,City of Toronto Health Unit,0.0691,8090.0,2.59,0.7749,0.966
34892,2021-01-26,2251,City of Ottawa Health Unit,0.0259,2389.0,2.27,0.633,0.9088
34893,2021-01-26,2237,City of Hamilton Health Unit,0.0404,2172.0,3.67,0.7938,0.9507
34894,2021-01-26,2240,Chatham-Kent Health Unit,0.0326,459.0,4.32,0.3572,0.9202
34895,2021-01-26,2227,Brant County Health Unit,0.0242,550.0,3.54,0.5431,0.8783
34896,2021-01-25,2270,York Regional Health Unit,0.0692,2991.0,2.44,0.6768,0.9514
34897,2021-01-25,2268,Windsor-Essex County Health Unit,0.0511,1368.0,3.22,0.4492,0.9372
34898,2021-01-25,2266,Wellington-Dufferin-Guelph Health Unit,0.0408,1058.0,3.39,0.5159,0.8894
34899,2021-01-25,2265,Waterloo Health Unit,0.042,1838.0,3.14,0.5392,0.918
34900,2021-01-25,2263,Timiskaming Health Unit,0.0106,121.0,3.71,0.5402,0.7632
34901,2021-01-25,2262,Thunder Bay District Health Unit,0.0281,655.0,4.37,0.497,0.8789
34902,2021-01-25,2261,Sudbury and District Health Unit,0.0111,982.0,4.94,0.3837,0.7226
34903,2021-01-25,4913,Southwestern Public Health,0.0223,794.0,3.75,0.435,0.883
34904,2021-01-25,2260,Simcoe Muskoka District Health Unit,0.0252,2184.0,3.64,0.5118,0.8969
34905,2021-01-25,2257,Renfrew County and District Health Unit,0.0017,327.0,3.01,0.5663,0.9247
34906,2021-01-25,2256,Porcupine Health Unit,0.0165,381.0,4.57,0.7305,0.926
34907,2021-01-25,2255,Peterborough County-City Health Unit,0.0107,469.0,3.17,0.5678,0.9661
34908,2021-01-25,2253,Peel Regional Health Unit,0.0923,3885.0,2.42,0.654,0.9485
34909,2021-01-25,35,Ontario,0.0447,44914.0,3.03,0.6094,0.9181
34910,2021-01-25,2249,Northwestern Health Unit,0.0142,311.0,3.55,0.0964,0.3836
34911,2021-01-25,2247,North Bay Parry Sound District Health Unit,0.004,501.0,3.86,0.1912,0.5192
34912,2021-01-25,2246,Niagara Regional Area Health Unit,0.0521,1877.0,3.97,0.6003,0.9015
34913,2021-01-25,2244,Middlesex-London Health Unit,0.0218,1680.0,3.31,0.6463,0.9484
34914,2021-01-25,2243,"Leeds, Grenville and Lanark District Health Unit",0.0047,552.0,3.19,0.6343,0.9519
34915,2021-01-25,2242,Lambton Health Unit,0.0192,617.0,4.71,0.2429,0.9234
34916,2021-01-25,2241,"Kingston, Frontenac and Lennox and Addington Health Unit",0.0044,882.0,4.15,0.8584,0.9836
34917,2021-01-25,5183,Huron Perth Health Unit,0.0281,565.0,4.04,0.306,0.8738
34918,2021-01-25,2238,Hastings and Prince Edward Counties Health Unit,0.0013,647.0,3.84,0.801,0.9618
34919,2021-01-25,2236,Halton Regional Health Unit,0.0434,1367.0,2.21,0.7232,0.9349
34920,2021-01-25,2235,"Haliburton, Kawartha, Pine Ridge District Health Unit",0.0116,738.0,3.91,0.3704,0.9022
34921,2021-01-25,2234,Haldimand-Norfolk Health Unit,0.0177,419.0,3.68,0.4858,0.8918
34922,2021-01-25,2233,Grey Bruce Health Unit,0.0079,487.0,2.87,0.2424,0.7783
34923,2021-01-25,2258,Eastern Ontario Health Unit,0.0262,874.0,4.19,0.6175,0.9506
34924,2021-01-25,2230,Durham Regional Health Unit,0.0378,1772.0,2.49,0.5445,0.9161
34925,2021-01-25,2226,District of Algoma Health Unit,0.0033,428.0,3.74,0.1395,0.6891
34926,2021-01-25,3895,City of Toronto Health Unit,0.0721,8141.0,2.61,0.7712,0.966
34927,2021-01-25,2251,City of Ottawa Health Unit,0.0267,2380.0,2.26,0.6333,0.9102
34928,2021-01-25,2237,City of Hamilton Health Unit,0.0395,2197.0,3.71,0.7863,0.9514
34929,2021-01-25,2240,Chatham-Kent Health Unit,0.0288,491.0,4.62,0.3132,0.9176
34930,2021-01-25,2227,Brant County Health Unit,0.0241,546.0,3.52,0.5382,0.8737
34931,2021-01-24,2270,York Regional Health Unit,0.0695,2962.0,2.42,0.6765,0.953
34932,2021-01-24,2268,Windsor-Essex County Health Unit,0.0544,1376.0,3.24,0.4222,0.9287
34933,2021-01-24,2266,Wellington-Dufferin-Guelph Health Unit,0.0423,1018.0,3.26,0.4977,0.8881
34934,2021-01-24,2265,Waterloo Health Unit,0.043,1844.0,3.16,0.5504,0.9243
34935,2021-01-24,2263,Timiskaming Health Unit,0.01,115.0,3.51,0.5184,0.7336
34936,2021-01-24,2262,Thunder Bay District Health Unit,0.0231,642.0,4.28,0.5208,0.8839
34937,2021-01-24,2261,Sudbury and District Health Unit,0.0112,955.0,4.8,0.4071,0.7378
34938,2021-01-24,4913,Southwestern Public Health,0.0259,774.0,3.66,0.4139,0.8848
34939,2021-01-24,2260,Simcoe Muskoka District Health Unit,0.0287,2199.0,3.67,0.5094,0.8964
34940,2021-01-24,2257,Renfrew County and District Health Unit,0.0022,318.0,2.93,0.5444,0.9284
34941,2021-01-24,2256,Porcupine Health Unit,0.0155,378.0,4.53,0.7394,0.928
34942,2021-01-24,2255,Peterborough County-City Health Unit,0.0113,457.0,3.09,0.5668,0.9604
34943,2021-01-24,2253,Peel Regional Health Unit,0.0958,3937.0,2.45,0.6492,0.9487
34944,2021-01-24,35,Ontario,0.046,45048.0,3.04,0.6051,0.9159
34945,2021-01-24,2249,Northwestern Health Unit,0.0103,306.0,3.49,0.0992,0.3968
34946,2021-01-24,2247,North Bay Parry Sound District Health Unit,0.0034,499.0,3.85,0.1891,0.5082
34947,2021-01-24,2246,Niagara Regional Area Health Unit,0.0513,1862.0,3.94,0.6035,0.9019
34948,2021-01-24,2244,Middlesex-London Health Unit,0.0241,1709.0,3.37,0.6313,0.949
34949,2021-01-24,2243,"Leeds, Grenville and Lanark District Health Unit",0.0042,548.0,3.16,0.6306,0.9392
34950,2021-01-24,2242,Lambton Health Unit,0.0233,632.0,4.82,0.2282,0.9133
34951,2021-01-24,2241,"Kingston, Frontenac and Lennox and Addington Health Unit",0.004,887.0,4.17,0.8601,0.9831
34952,2021-01-24,5183,Huron Perth Health Unit,0.0303,567.0,4.05,0.3161,0.874
34953,2021-01-24,2238,Hastings and Prince Edward Counties Health Unit,0.002,651.0,3.86,0.7945,0.9535
34954,2021-01-24,2236,Halton Regional Health Unit,0.0405,1365.0,2.2,0.7264,0.9337
34955,2021-01-24,2235,"Haliburton, Kawartha, Pine Ridge District Health Unit",0.0179,743.0,3.93,0.364,0.846
34956,2021-01-24,2234,Haldimand-Norfolk Health Unit,0.0203,415.0,3.64,0.4538,0.8787
34957,2021-01-24,2233,Grey Bruce Health Unit,0.0073,491.0,2.89,0.2377,0.7766
34958,2021-01-24,2258,Eastern Ontario Health Unit,0.0231,891.0,4.27,0.6088,0.9428
34959,2021-01-24,2230,Durham Regional Health Unit,0.0392,1808.0,2.54,0.5373,0.9145
34960,2021-01-24,2226,District of Algoma Health Unit,0.0026,432.0,3.77,0.1296,0.6446
34961,2021-01-24,3895,City of Toronto Health Unit,0.0738,8267.0,2.65,0.7683,0.9663
34962,2021-01-24,2251,City of Ottawa Health Unit,0.0293,2430.0,2.3,0.6277,0.9065
34963,2021-01-24,2237,City of Hamilton Health Unit,0.0391,2146.0,3.62,0.7925,0.9555
34964,2021-01-24,2240,Chatham-Kent Health Unit,0.025,481.0,4.52,0.2927,0.9071
34965,2021-01-24,2227,Brant County Health Unit,0.0235,554.0,3.57,0.5299,0.8702
34966,2021-01-23,2270,York Regional Health Unit,0.0692,3018.0,2.46,0.6685,0.9613
34967,2021-01-23,2268,Windsor-Essex County Health Unit,0.0566,1400.0,3.3,0.3823,0.9074
34968,2021-01-23,2266,Wellington-Dufferin-Guelph Health Unit,0.0409,1016.0,3.26,0.472,0.8886
34969,2021-01-23,2265,Waterloo Health Unit,0.044,1856.0,3.18,0.5553,0.9218
34970,2021-01-23,2263,Timiskaming Health Unit,0.0099,116.0,3.54,0.4714,0.6862
34971,2021-01-23,2262,Thunder Bay District Health Unit,0.0236,648.0,4.32,0.5069,0.8823
34972,2021-01-23,2261,Sudbury and District Health Unit,0.0105,963.0,4.84,0.3887,0.7343
34973,2021-01-23,4913,Southwestern Public Health,0.0273,775.0,3.66,0.3587,0.8489
34974,2021-01-23,2260,Simcoe Muskoka District Health Unit,0.0303,2153.0,3.59,0.5079,0.9086
34975,2021-01-23,2257,Renfrew County and District Health Unit,0.0027,317.0,2.92,0.5735,0.9318
34976,2021-01-23,2256,Porcupine Health Unit,0.0202,381.0,4.57,0.7344,0.919
34977,2021-01-23,2255,Peterborough County-City Health Unit,0.0127,450.0,3.04,0.5665,0.9506
34978,2021-01-23,2253,Peel Regional Health Unit,0.0955,3956.0,2.46,0.6544,0.9522
34979,2021-01-23,35,Ontario,0.047,45440.0,3.06,0.5979,0.9141
34980,2021-01-23,2249,Northwestern Health Unit,0.0106,310.0,3.53,0.0976,0.3926
34981,2021-01-23,2247,North Bay Parry Sound District Health Unit,0.0037,496.0,3.82,0.1795,0.4882
34982,2021-01-23,2246,Niagara Regional Area Health Unit,0.0537,1890.0,4.0,0.6208,0.8964
34983,2021-01-23,2244,Middlesex-London Health Unit,0.0236,1735.0,3.42,0.5871,0.9442
34984,2021-01-23,2243,"Leeds, Grenville and Lanark District Health Unit",0.0039,551.0,3.18,0.6288,0.9261
34985,2021-01-23,2242,Lambton Health Unit,0.0239,639.0,4.88,0.1861,0.8481
34986,2021-01-23,2241,"Kingston, Frontenac and Lennox and Addington Health Unit",0.0048,887.0,4.17,0.8706,0.9886
34987,2021-01-23,5183,Huron Perth Health Unit,0.0361,578.0,4.14,0.3051,0.845
34988,2021-01-23,2238,Hastings and Prince Edward Counties Health Unit,0.0024,651.0,3.87,0.7804,0.942
34989,2021-01-23,2236,Halton Regional Health Unit,0.0433,1399.0,2.26,0.7281,0.9367
34990,2021-01-23,2235,"Haliburton, Kawartha, Pine Ridge District Health Unit",0.0179,766.0,4.06,0.3769,0.8488
34991,2021-01-23,2234,Haldimand-Norfolk Health Unit,0.024,405.0,3.55,0.4543,0.8772
34992,2021-01-23,2233,Grey Bruce Health Unit,0.0068,485.0,2.86,0.2349,0.7974
34993,2021-01-23,2258,Eastern Ontario Health Unit,0.0238,902.0,4.32,0.6,0.9373
34994,2021-01-23,2230,Durham Regional Health Unit,0.0401,1819.0,2.55,0.5557,0.938
34995,2021-01-23,2226,District of Algoma Health Unit,0.0027,431.0,3.76,0.1306,0.6312
34996,2021-01-23,3895,City of Toronto Health Unit,0.0753,8410.0,2.7,0.7646,0.9712
34997,2021-01-23,2251,City of Ottawa Health Unit,0.0305,2433.0,2.31,0.6056,0.8864
34998,2021-01-23,2237,City of Hamilton Health Unit,0.04,2169.0,3.66,0.7855,0.9567
34999,2021-01-23,2240,Chatham-Kent Health Unit,0.0242,484.0,4.56,0.2962,0.8929
35000,2021-01-23,2227,Brant County Health Unit,0.0233,552.0,3.55,0.5248,0.8672
35001,2021-01-22,2270,York Regional Health Unit,0.0704,3061.0,2.5,0.6664,0.9641
35002,2021-01-22,2268,Windsor-Essex County Health Unit,0.0591,1428.0,3.36,0.3266,0.8597
35003,2021-01-22,2266,Wellington-Dufferin-Guelph Health Unit,0.041,1024.0,3.28,0.437,0.8765
35004,2021-01-22,2265,Waterloo Health Unit,0.0459,1858.0,3.18,0.5367,0.9081
35005,2021-01-22,2263,Timiskaming Health Unit,0.0099,116.0,3.54,0.4784,0.693
35006,2021-01-22,2262,Thunder Bay District Health Unit,0.0229,650.0,4.33,0.5037,0.8879
35007,2021-01-22,2261,Sudbury and District Health Unit,0.009,918.0,4.61,0.3808,0.7416
35008,2021-01-22,4913,Southwestern Public Health,0.0283,793.0,3.75,0.3085,0.8033
35009,2021-01-22,2260,Simcoe Muskoka District Health Unit,0.0333,2117.0,3.53,0.4943,0.9177
35010,2021-01-22,2257,Renfrew County and District Health Unit,0.002,350.0,3.22,0.5215,0.938
35011,2021-01-22,2256,Porcupine Health Unit,0.0189,379.0,4.54,0.7344,0.924
35012,2021-01-22,2255,Peterborough County-City Health Unit,0.013,441.0,2.98,0.5575,0.9476
35013,2021-01-22,2253,Peel Regional Health Unit,0.0998,3995.0,2.49,0.6483,0.951
35014,2021-01-22,35,Ontario,0.0482,45744.0,3.08,0.5837,0.9078
35015,2021-01-22,2249,Northwestern Health Unit,0.0107,307.0,3.5,0.0997,0.4127
35016,2021-01-22,2247,North Bay Parry Sound District Health Unit,0.0032,490.0,3.78,0.1914,0.5035
35017,2021-01-22,2246,Niagara Regional Area Health Unit,0.0538,1899.0,4.02,0.6476,0.9098
35018,2021-01-22,2244,Middlesex-London Health Unit,0.0249,1789.0,3.52,0.5317,0.9354
35019,2021-01-22,2243,"Leeds, Grenville and Lanark District Health Unit",0.0041,554.0,3.2,0.6362,0.9214
35020,2021-01-22,2242,Lambton Health Unit,0.0244,643.0,4.91,0.1845,0.7851
35021,2021-01-22,2241,"Kingston, Frontenac and Lennox and Addington Health Unit",0.0042,889.0,4.18,0.8641,0.9874
35022,2021-01-22,5183,Huron Perth Health Unit,0.0328,584.0,4.18,0.287,0.7911
35023,2021-01-22,2238,Hastings and Prince Edward Counties Health Unit,0.0022,656.0,3.89,0.7786,0.9441
35024,2021-01-22,2236,Halton Regional Health Unit,0.0441,1409.0,2.28,0.7084,0.9322
35025,2021-01-22,2235,"Haliburton, Kawartha, Pine Ridge District Health Unit",0.0186,745.0,3.95,0.3837,0.8473
35026,2021-01-22,2234,Haldimand-Norfolk Health Unit,0.0267,413.0,3.62,0.4492,0.8546
35027,2021-01-22,2233,Grey Bruce Health Unit,0.0068,486.0,2.86,0.1978,0.7706
35028,2021-01-22,2258,Eastern Ontario Health Unit,0.0256,916.0,4.39,0.5721,0.9301
35029,2021-01-22,2230,Durham Regional Health Unit,0.0404,1835.0,2.58,0.553,0.9423
35030,2021-01-22,2226,District of Algoma Health Unit,0.003,431.0,3.77,0.1482,0.6484
35031,2021-01-22,3895,City of Toronto Health Unit,0.077,8517.0,2.73,0.7526,0.969
35032,2021-01-22,2251,City of Ottawa Health Unit,0.0307,2456.0,2.33,0.5844,0.8787
35033,2021-01-22,2237,City of Hamilton Health Unit,0.0408,2164.0,3.65,0.7755,0.9506
35034,2021-01-22,2240,Chatham-Kent Health Unit,0.0218,491.0,4.61,0.2589,0.8038
35035,2021-01-22,2227,Brant County Health Unit,0.0222,547.0,3.52,0.5352,0.8771
35036,2021-01-21,2270,York Regional Health Unit,0.0723,3073.0,2.51,0.6348,0.958
35037,2021-01-21,2268,Windsor-Essex County Health Unit,0.0617,1449.0,3.41,0.2706,0.8085
35038,2021-01-21,2266,Wellington-Dufferin-Guelph Health Unit,0.0394,1039.0,3.33,0.3871,0.8521
35039,2021-01-21,2265,Waterloo Health Unit,0.0478,1842.0,3.15,0.4823,0.8757
35040,2021-01-21,2263,Timiskaming Health Unit,0.0077,112.0,3.43,0.5351,0.7506
35041,2021-01-21,2262,Thunder Bay District Health Unit,0.022,663.0,4.42,0.4545,0.8639
35042,2021-01-21,2261,Sudbury and District Health Unit,0.0073,906.0,4.55,0.3972,0.7745
35043,2021-01-21,4913,Southwestern Public Health,0.0248,813.0,3.84,0.2958,0.7693
35044,2021-01-21,2260,Simcoe Muskoka District Health Unit,0.033,2095.0,3.49,0.5039,0.9141
35045,2021-01-21,2257,Renfrew County and District Health Unit,0.0018,321.0,2.95,0.4492,0.9087
35046,2021-01-21,2256,Porcupine Health Unit,0.011,378.0,4.53,0.7276,0.912
35047,2021-01-21,2255,Peterborough County-City Health Unit,0.0121,424.0,2.86,0.5505,0.9374
35048,2021-01-21,2253,Peel Regional Health Unit,0.1043,4001.0,2.49,0.6398,0.9492
35049,2021-01-21,35,Ontario,0.0496,46082.0,3.11,0.5612,0.896
35050,2021-01-21,2249,Northwestern Health Unit,0.0089,305.0,3.48,0.0996,0.4192
35051,2021-01-21,2247,North Bay Parry Sound District Health Unit,0.0041,493.0,3.8,0.1872,0.5213
35052,2021-01-21,2246,Niagara Regional Area Health Unit,0.0569,1922.0,4.07,0.6297,0.9045
35053,2021-01-21,2244,Middlesex-London Health Unit,0.0253,1850.0,3.64,0.4666,0.9131
35054,2021-01-21,2243,"Leeds, Grenville and Lanark District Health Unit",0.004,567.0,3.28,0.6116,0.9123
35055,2021-01-21,2242,Lambton Health Unit,0.0299,654.0,4.99,0.1576,0.7245
35056,2021-01-21,2241,"Kingston, Frontenac and Lennox and Addington Health Unit",0.0036,881.0,4.14,0.867,0.9893
35057,2021-01-21,5183,Huron Perth Health Unit,0.032,584.0,4.18,0.2697,0.749
35058,2021-01-21,2238,Hastings and Prince Edward Counties Health Unit,0.0028,656.0,3.89,0.7537,0.9433
35059,2021-01-21,2236,Halton Regional Health Unit,0.0457,1408.0,2.27,0.6996,0.929
35060,2021-01-21,2235,"Haliburton, Kawartha, Pine Ridge District Health Unit",0.0187,734.0,3.88,0.377,0.8273
35061,2021-01-21,2234,Haldimand-Norfolk Health Unit,0.0267,417.0,3.65,0.4336,0.8611
35062,2021-01-21,2233,Grey Bruce Health Unit,0.0068,486.0,2.86,0.1485,0.7027
35063,2021-01-21,2258,Eastern Ontario Health Unit,0.0267,927.0,4.44,0.5616,0.9166
35064,2021-01-21,2230,Durham Regional Health Unit,0.0427,1844.0,2.59,0.542,0.9383
35065,2021-01-21,2226,District of Algoma Health Unit,0.003,435.0,3.8,0.1663,0.6633
35066,2021-01-21,3895,City of Toronto Health Unit,0.0786,8688.0,2.78,0.7337,0.9664
35067,2021-01-21,2251,City of Ottawa Health Unit,0.0312,2481.0,2.35,0.547,0.852
35068,2021-01-21,2237,City of Hamilton Health Unit,0.0433,2172.0,3.67,0.7521,0.9369
35069,2021-01-21,2240,Chatham-Kent Health Unit,0.0253,507.0,4.77,0.2359,0.7613
35070,2021-01-21,2227,Brant County Health Unit,0.0218,558.0,3.59,0.5215,0.8816
35071,2021-01-20,2270,York Regional Health Unit,0.075,3068.0,2.5,0.6036,0.9503
35072,2021-01-20,2268,Windsor-Essex County Health Unit,0.0664,1446.0,3.4,0.2448,0.7766
35073,2021-01-20,2266,Wellington-Dufferin-Guelph Health Unit,0.0409,1037.0,3.33,0.3551,0.8375
35074,2021-01-20,2265,Waterloo Health Unit,0.0499,1822.0,3.12,0.4718,0.8608
35075,2021-01-20,2263,Timiskaming Health Unit,0.0051,112.0,3.44,0.5223,0.7478
35076,2021-01-20,2262,Thunder Bay District Health Unit,0.0197,660.0,4.4,0.4669,0.8426
35077,2021-01-20,2261,Sudbury and District Health Unit,0.0063,907.0,4.56,0.4004,0.7845
35078,2021-01-20,4913,Southwestern Public Health,0.0266,838.0,3.96,0.2742,0.7405
35079,2021-01-20,2260,Simcoe Muskoka District Health Unit,0.0336,2196.0,3.66,0.4994,0.9184
35080,2021-01-20,2257,Renfrew County and District Health Unit,0.0022,331.0,3.04,0.4082,0.869
35081,2021-01-20,2256,Porcupine Health Unit,0.0107,388.0,4.65,0.7617,0.9237
35082,2021-01-20,2255,Peterborough County-City Health Unit,0.012,416.0,2.81,0.5839,0.9372
35083,2021-01-20,2253,Peel Regional Health Unit,0.1076,4005.0,2.49,0.6272,0.9422
35084,2021-01-20,35,Ontario,0.0511,46300.0,3.12,0.5453,0.8876
35085,2021-01-20,2249,Northwestern Health Unit,0.01,314.0,3.58,0.094,0.5056
35086,2021-01-20,2247,North Bay Parry Sound District Health Unit,0.0048,511.0,3.93,0.1899,0.506
35087,2021-01-20,2246,Niagara Regional Area Health Unit,0.0591,1932.0,4.09,0.6229,0.8941
35088,2021-01-20,2244,Middlesex-London Health Unit,0.0268,1885.0,3.71,0.414,0.9078
35089,2021-01-20,2243,"Leeds, Grenville and Lanark District Health Unit",0.0051,560.0,3.23,0.6185,0.9141
35090,2021-01-20,2242,Lambton Health Unit,0.0325,658.0,5.03,0.1472,0.6722
35091,2021-01-20,2241,"Kingston, Frontenac and Lennox and Addington Health Unit",0.0034,875.0,4.12,0.863,0.9841
35092,2021-01-20,5183,Huron Perth Health Unit,0.033,585.0,4.19,0.2607,0.7166
35093,2021-01-20,2238,Hastings and Prince Edward Counties Health Unit,0.0046,655.0,3.89,0.7149,0.9344
35094,2021-01-20,2236,Halton Regional Health Unit,0.0456,1401.0,2.26,0.6968,0.9271
35095,2021-01-20,2235,"Haliburton, Kawartha, Pine Ridge District Health Unit",0.0206,728.0,3.85,0.3675,0.8153
35096,2021-01-20,2234,Haldimand-Norfolk Health Unit,0.0256,412.0,3.62,0.3756,0.7933
35097,2021-01-20,2233,Grey Bruce Health Unit,0.0063,479.0,2.82,0.1409,0.6668
35098,2021-01-20,2258,Eastern Ontario Health Unit,0.0316,967.0,4.63,0.5429,0.9071
35099,2021-01-20,2230,Durham Regional Health Unit,0.0446,1854.0,2.6,0.5142,0.9348
35100,2021-01-20,2226,District of Algoma Health Unit,0.0035,453.0,3.96,0.163,0.6734
35101,2021-01-20,3895,City of Toronto Health Unit,0.0809,8706.0,2.79,0.7173,0.961
35102,2021-01-20,2251,City of Ottawa Health Unit,0.0318,2506.0,2.38,0.5216,0.8472
35103,2021-01-20,2237,City of Hamilton Health Unit,0.043,2136.0,3.61,0.7397,0.9342
35104,2021-01-20,2240,Chatham-Kent Health Unit,0.0232,499.0,4.7,0.1936,0.7182
35105,2021-01-20,2227,Brant County Health Unit,0.0221,556.0,3.58,0.5033,0.8672
35106,2021-01-19,2270,York Regional Health Unit,0.073,3103.0,2.53,0.5801,0.9443
35107,2021-01-19,2268,Windsor-Essex County Health Unit,0.0703,1500.0,3.53,0.175,0.7483
35108,2021-01-19,2266,Wellington-Dufferin-Guelph Health Unit,0.0435,1055.0,3.38,0.3395,0.8355
35109,2021-01-19,2265,Waterloo Health Unit,0.0502,1873.0,3.21,0.4682,0.8648
35110,2021-01-19,2263,Timiskaming Health Unit,0.0052,110.0,3.36,0.5021,0.711
35111,2021-01-19,2262,Thunder Bay District Health Unit,0.0186,662.0,4.41,0.4476,0.8593
35112,2021-01-19,2261,Sudbury and District Health Unit,0.0054,898.0,4.51,0.4263,0.7639
35113,2021-01-19,4913,Southwestern Public Health,0.0299,821.0,3.88,0.2384,0.7362
35114,2021-01-19,2260,Simcoe Muskoka District Health Unit,0.033,2172.0,3.62,0.4788,0.9104
35115,2021-01-19,2257,Renfrew County and District Health Unit,0.0029,339.0,3.12,0.4073,0.8688
35116,2021-01-19,2256,Porcupine Health Unit,0.0094,397.0,4.75,0.7621,0.9345
35117,2021-01-19,2255,Peterborough County-City Health Unit,0.0127,416.0,2.81,0.5874,0.9361
35118,2021-01-19,2253,Peel Regional Health Unit,0.1099,4014.0,2.5,0.6151,0.9342
35119,2021-01-19,35,Ontario,0.0524,46808.0,3.16,0.5299,0.8842
35120,2021-01-19,2249,Northwestern Health Unit,0.0067,318.0,3.63,0.0919,0.5607
35121,2021-01-19,2247,North Bay Parry Sound District Health Unit,0.0049,525.0,4.05,0.221,0.5185
35122,2021-01-19,2246,Niagara Regional Area Health Unit,0.0631,1951.0,4.13,0.6236,0.8943
35123,2021-01-19,2244,Middlesex-London Health Unit,0.0304,1920.0,3.78,0.3423,0.9023
35124,2021-01-19,2243,"Leeds, Grenville and Lanark District Health Unit",0.0046,587.0,3.39,0.6435,0.9148
35125,2021-01-19,2242,Lambton Health Unit,0.0392,706.0,5.39,0.148,0.6691
35126,2021-01-19,2241,"Kingston, Frontenac and Lennox and Addington Health Unit",0.0024,895.0,4.21,0.8541,0.9831
35127,2021-01-19,5183,Huron Perth Health Unit,0.0352,593.0,4.24,0.2425,0.7321
35128,2021-01-19,2238,Hastings and Prince Edward Counties Health Unit,0.0058,645.0,3.83,0.6982,0.9315
35129,2021-01-19,2236,Halton Regional Health Unit,0.048,1426.0,2.3,0.696,0.9275
35130,2021-01-19,2235,"Haliburton, Kawartha, Pine Ridge District Health Unit",0.0181,724.0,3.83,0.3607,0.8091
35131,2021-01-19,2234,Haldimand-Norfolk Health Unit,0.0274,417.0,3.66,0.3455,0.7583
35132,2021-01-19,2233,Grey Bruce Health Unit,0.0071,482.0,2.84,0.1157,0.6515
35133,2021-01-19,2258,Eastern Ontario Health Unit,0.0333,948.0,4.54,0.5283,0.9092
35134,2021-01-19,2230,Durham Regional Health Unit,0.0464,1876.0,2.63,0.498,0.9303
35135,2021-01-19,2226,District of Algoma Health Unit,0.0039,444.0,3.88,0.1691,0.6995
35136,2021-01-19,3895,City of Toronto Health Unit,0.0821,8822.0,2.83,0.7042,0.9587
35137,2021-01-19,2251,City of Ottawa Health Unit,0.0335,2549.0,2.42,0.5228,0.8438
35138,2021-01-19,2237,City of Hamilton Health Unit,0.0435,2142.0,3.62,0.7241,0.9358
35139,2021-01-19,2240,Chatham-Kent Health Unit,0.0233,508.0,4.78,0.1494,0.6964
35140,2021-01-19,2227,Brant County Health Unit,0.0217,567.0,3.65,0.5049,0.8655
35141,2021-01-18,2270,York Regional Health Unit,0.0733,3164.0,2.58,0.563,0.9398
35142,2021-01-18,2268,Windsor-Essex County Health Unit,0.0795,1500.0,3.53,0.113,0.6999
35143,2021-01-18,2266,Wellington-Dufferin-Guelph Health Unit,0.0389,1080.0,3.46,0.3378,0.8457
35144,2021-01-18,2265,Waterloo Health Unit,0.0524,1914.0,3.28,0.4498,0.8621
35145,2021-01-18,2263,Timiskaming Health Unit,0.0,101.0,3.09,0.5411,0.7314
35146,2021-01-18,2262,Thunder Bay District Health Unit,0.0094,637.0,4.24,0.371,0.8473
35147,2021-01-18,2261,Sudbury and District Health Unit,0.0058,866.0,4.35,0.4361,0.7669
35148,2021-01-18,4913,Southwestern Public Health,0.0315,817.0,3.86,0.1737,0.7023
35149,2021-01-18,2260,Simcoe Muskoka District Health Unit,0.0316,2149.0,3.58,0.4747,0.9087
35150,2021-01-18,2257,Renfrew County and District Health Unit,0.0036,355.0,3.27,0.3589,0.8569
35151,2021-01-18,2256,Porcupine Health Unit,0.009,379.0,4.54,0.7597,0.9315
35152,2021-01-18,2255,Peterborough County-City Health Unit,0.0154,398.0,2.69,0.5927,0.9374
35153,2021-01-18,2253,Peel Regional Health Unit,0.1127,4054.0,2.52,0.6024,0.9205
35154,2021-01-18,35,Ontario,0.0537,47056.0,3.17,0.5126,0.8755
35155,2021-01-18,2249,Northwestern Health Unit,0.0056,334.0,3.81,0.089,0.5453
35156,2021-01-18,2247,North Bay Parry Sound District Health Unit,0.0051,531.0,4.09,0.2425,0.5281
35157,2021-01-18,2246,Niagara Regional Area Health Unit,0.0642,1949.0,4.12,0.6002,0.8889
35158,2021-01-18,2244,Middlesex-London Health Unit,0.0326,1930.0,3.8,0.2709,0.8793
35159,2021-01-18,2243,"Leeds, Grenville and Lanark District Health Unit",0.0068,587.0,3.39,0.6536,0.9158
35160,2021-01-18,2242,Lambton Health Unit,0.0441,716.0,5.46,0.1296,0.6411
35161,2021-01-18,2241,"Kingston, Frontenac and Lennox and Addington Health Unit",0.0026,886.0,4.16,0.8531,0.9834
35162,2021-01-18,5183,Huron Perth Health Unit,0.0333,592.0,4.24,0.2061,0.7065
35163,2021-01-18,2238,Hastings and Prince Edward Counties Health Unit,0.0054,631.0,3.74,0.6835,0.9268
35164,2021-01-18,2236,Halton Regional Health Unit,0.0472,1443.0,2.33,0.6829,0.9247
35165,2021-01-18,2235,"Haliburton, Kawartha, Pine Ridge District Health Unit",0.0188,729.0,3.86,0.3503,0.7997
35166,2021-01-18,2234,Haldimand-Norfolk Health Unit,0.0279,409.0,3.59,0.3227,0.7285
35167,2021-01-18,2233,Grey Bruce Health Unit,0.007,492.0,2.9,0.0933,0.6293
35168,2021-01-18,2258,Eastern Ontario Health Unit,0.0349,929.0,4.45,0.5113,0.9049
35169,2021-01-18,2230,Durham Regional Health Unit,0.0492,1917.0,2.69,0.4838,0.9281
35170,2021-01-18,2226,District of Algoma Health Unit,0.0042,445.0,3.89,0.1776,0.7056
35171,2021-01-18,3895,City of Toronto Health Unit,0.0834,8849.0,2.84,0.6935,0.955
35172,2021-01-18,2251,City of Ottawa Health Unit,0.0359,2629.0,2.49,0.5078,0.8386
35173,2021-01-18,2237,City of Hamilton Health Unit,0.045,2166.0,3.66,0.7122,0.9259
35174,2021-01-18,2240,Chatham-Kent Health Unit,0.026,484.0,4.56,0.1624,0.6921
35175,2021-01-18,2227,Brant County Health Unit,0.0235,584.0,3.77,0.4845,0.8621
35176,2021-01-17,2270,York Regional Health Unit,0.0738,3261.0,2.66,0.539,0.9317
35177,2021-01-17,2268,Windsor-Essex County Health Unit,0.0844,1552.0,3.65,0.1001,0.6333
35178,2021-01-17,2266,Wellington-Dufferin-Guelph Health Unit,0.0394,1103.0,3.54,0.3435,0.8407
35179,2021-01-17,2265,Waterloo Health Unit,0.0532,1916.0,3.28,0.4382,0.8609
35180,2021-01-17,2263,Timiskaming Health Unit,0.0026,108.0,3.31,0.555,0.7497
35181,2021-01-17,2262,Thunder Bay District Health Unit,0.0099,638.0,4.25,0.345,0.8452
35182,2021-01-17,2261,Sudbury and District Health Unit,0.0088,809.0,4.07,0.4444,0.7683
35183,2021-01-17,4913,Southwestern Public Health,0.0312,814.0,3.85,0.1381,0.5982
35184,2021-01-17,2260,Simcoe Muskoka District Health Unit,0.0297,2204.0,3.68,0.455,0.8993
35185,2021-01-17,2257,Renfrew County and District Health Unit,0.0032,357.0,3.29,0.3635,0.8348
35186,2021-01-17,2256,Porcupine Health Unit,0.0098,378.0,4.53,0.7384,0.9208
35187,2021-01-17,2255,Peterborough County-City Health Unit,0.0136,409.0,2.76,0.5954,0.938
35188,2021-01-17,2253,Peel Regional Health Unit,0.1119,4097.0,2.55,0.5927,0.9044
35189,2021-01-17,35,Ontario,0.0546,47430.0,3.2,0.4958,0.8596
35190,2021-01-17,2249,Northwestern Health Unit,0.0067,339.0,3.87,0.0958,0.5654
35191,2021-01-17,2247,North Bay Parry Sound District Health Unit,0.004,535.0,4.12,0.2416,0.5216
35192,2021-01-17,2246,Niagara Regional Area Health Unit,0.0687,1949.0,4.13,0.5714,0.8772
35193,2021-01-17,2244,Middlesex-London Health Unit,0.0337,1908.0,3.76,0.2369,0.8331
35194,2021-01-17,2243,"Leeds, Grenville and Lanark District Health Unit",0.0079,577.0,3.33,0.6584,0.9194
35195,2021-01-17,2242,Lambton Health Unit,0.0451,738.0,5.64,0.11,0.5805
35196,2021-01-17,2241,"Kingston, Frontenac and Lennox and Addington Health Unit",0.0029,880.0,4.14,0.8485,0.9831
35197,2021-01-17,5183,Huron Perth Health Unit,0.0379,622.0,4.45,0.1779,0.6181
35198,2021-01-17,2238,Hastings and Prince Edward Counties Health Unit,0.0055,626.0,3.72,0.6836,0.931
35199,2021-01-17,2236,Halton Regional Health Unit,0.0479,1479.0,2.39,0.6545,0.9207
35200,2021-01-17,2235,"Haliburton, Kawartha, Pine Ridge District Health Unit",0.0133,700.0,3.71,0.3577,0.8442
35201,2021-01-17,2234,Haldimand-Norfolk Health Unit,0.0307,414.0,3.63,0.3242,0.7224
35202,2021-01-17,2233,Grey Bruce Health Unit,0.0098,498.0,2.93,0.0884,0.5647
35203,2021-01-17,2258,Eastern Ontario Health Unit,0.0378,938.0,4.49,0.5071,0.8938
35204,2021-01-17,2230,Durham Regional Health Unit,0.0492,1893.0,2.66,0.4705,0.9154
35205,2021-01-17,2226,District of Algoma Health Unit,0.0028,456.0,3.99,0.1935,0.7081
35206,2021-01-17,3895,City of Toronto Health Unit,0.083,8952.0,2.87,0.6748,0.95
35207,2021-01-17,2251,City of Ottawa Health Unit,0.0393,2598.0,2.46,0.4933,0.8272
35208,2021-01-17,2237,City of Hamilton Health Unit,0.0459,2184.0,3.69,0.7082,0.9241
35209,2021-01-17,2240,Chatham-Kent Health Unit,0.0264,508.0,4.78,0.1586,0.6473
35210,2021-01-17,2227,Brant County Health Unit,0.0256,585.0,3.77,0.4615,0.8604
35211,2021-01-16,2270,York Regional Health Unit,0.0746,3309.0,2.7,0.5163,0.9257
35212,2021-01-16,2268,Windsor-Essex County Health Unit,0.0863,1601.0,3.77,0.0962,0.6045
35213,2021-01-16,2266,Wellington-Dufferin-Guelph Health Unit,0.0392,1123.0,3.6,0.3514,0.8158
35214,2021-01-16,2265,Waterloo Health Unit,0.0564,1934.0,3.31,0.4115,0.8411
35215,2021-01-16,2263,Timiskaming Health Unit,0.0026,108.0,3.3,0.5844,0.7894
35216,2021-01-16,2262,Thunder Bay District Health Unit,0.0081,654.0,4.36,0.3546,0.8476
35217,2021-01-16,2261,Sudbury and District Health Unit,0.0089,784.0,3.94,0.4154,0.7248
35218,2021-01-16,4913,Southwestern Public Health,0.0318,831.0,3.93,0.1278,0.5402
35219,2021-01-16,2260,Simcoe Muskoka District Health Unit,0.0282,2223.0,3.71,0.459,0.9017
35220,2021-01-16,2257,Renfrew County and District Health Unit,0.0032,356.0,3.28,0.3164,0.786
35221,2021-01-16,2256,Porcupine Health Unit,0.0038,375.0,4.49,0.7416,0.9284
35222,2021-01-16,2255,Peterborough County-City Health Unit,0.0128,413.0,2.79,0.5873,0.9471
35223,2021-01-16,2253,Peel Regional Health Unit,0.1134,4120.0,2.57,0.5835,0.8919
35224,2021-01-16,35,Ontario,0.0549,47739.0,3.22,0.4834,0.8507
35225,2021-01-16,2249,Northwestern Health Unit,0.008,340.0,3.88,0.0946,0.5633
35226,2021-01-16,2247,North Bay Parry Sound District Health Unit,0.0048,536.0,4.13,0.2654,0.5484
35227,2021-01-16,2246,Niagara Regional Area Health Unit,0.07,1947.0,4.12,0.544,0.88
35228,2021-01-16,2244,Middlesex-London Health Unit,0.036,1898.0,3.74,0.2218,0.8134
35229,2021-01-16,2243,"Leeds, Grenville and Lanark District Health Unit",0.0074,582.0,3.36,0.6354,0.9198
35230,2021-01-16,2242,Lambton Health Unit,0.0466,751.0,5.73,0.1025,0.5249
35231,2021-01-16,2241,"Kingston, Frontenac and Lennox and Addington Health Unit",0.0024,883.0,4.15,0.8342,0.9797
35232,2021-01-16,5183,Huron Perth Health Unit,0.0323,620.0,4.44,0.1715,0.5796
35233,2021-01-16,2238,Hastings and Prince Edward Counties Health Unit,0.0059,634.0,3.76,0.6973,0.9449
35234,2021-01-16,2236,Halton Regional Health Unit,0.0463,1478.0,2.39,0.645,0.9168
35235,2021-01-16,2235,"Haliburton, Kawartha, Pine Ridge District Health Unit",0.0131,688.0,3.64,0.3695,0.8513
35236,2021-01-16,2234,Haldimand-Norfolk Health Unit,0.0273,419.0,3.67,0.3083,0.7145
35237,2021-01-16,2233,Grey Bruce Health Unit,0.01,500.0,2.94,0.0863,0.5247
35238,2021-01-16,2258,Eastern Ontario Health Unit,0.0367,933.0,4.47,0.4951,0.8787
35239,2021-01-16,2230,Durham Regional Health Unit,0.0496,1915.0,2.69,0.4476,0.9155
35240,2021-01-16,2226,District of Algoma Health Unit,0.0034,462.0,4.04,0.1828,0.7148
35241,2021-01-16,3895,City of Toronto Health Unit,0.0825,9000.0,2.88,0.6559,0.9464
35242,2021-01-16,2251,City of Ottawa Health Unit,0.0395,2638.0,2.5,0.4892,0.8481
35243,2021-01-16,2237,City of Hamilton Health Unit,0.0469,2174.0,3.67,0.6972,0.9178
35244,2021-01-16,2240,Chatham-Kent Health Unit,0.0274,517.0,4.86,0.1391,0.5991
35245,2021-01-16,2227,Brant County Health Unit,0.0281,589.0,3.8,0.4516,0.8583
35246,2021-01-15,2270,York Regional Health Unit,0.0742,3354.0,2.74,0.4851,0.9224
35247,2021-01-15,2268,Windsor-Essex County Health Unit,0.0901,1624.0,3.82,0.0936,0.5898
35248,2021-01-15,2266,Wellington-Dufferin-Guelph Health Unit,0.0402,1120.0,3.59,0.3691,0.8139
35249,2021-01-15,2265,Waterloo Health Unit,0.0571,1933.0,3.31,0.3929,0.8162
35250,2021-01-15,2263,Timiskaming Health Unit,0.0039,109.0,3.33,0.4888,0.6733
35251,2021-01-15,2262,Thunder Bay District Health Unit,0.0095,660.0,4.4,0.2918,0.7307
35252,2021-01-15,2261,Sudbury and District Health Unit,0.0097,784.0,3.94,0.4124,0.7115
35253,2021-01-15,4913,Southwestern Public Health,0.0334,829.0,3.92,0.1182,0.4958
35254,2021-01-15,2260,Simcoe Muskoka District Health Unit,0.0293,2242.0,3.74,0.4461,0.8945
35255,2021-01-15,2257,Renfrew County and District Health Unit,0.0051,333.0,3.07,0.3223,0.7325
35256,2021-01-15,2256,Porcupine Health Unit,0.0049,380.0,4.56,0.73,0.9116
35257,2021-01-15,2255,Peterborough County-City Health Unit,0.0123,417.0,2.82,0.5736,0.9477
35258,2021-01-15,2253,Peel Regional Health Unit,0.116,4132.0,2.57,0.5757,0.8839
35259,2021-01-15,35,Ontario,0.0561,48227.0,3.25,0.4661,0.8365
35260,2021-01-15,2249,Northwestern Health Unit,0.0088,342.0,3.9,0.0803,0.4754
35261,2021-01-15,2247,North Bay Parry Sound District Health Unit,0.005,545.0,4.2,0.2219,0.4964
35262,2021-01-15,2246,Niagara Regional Area Health Unit,0.0737,1971.0,4.17,0.5323,0.8709
35263,2021-01-15,2244,Middlesex-London Health Unit,0.0378,1888.0,3.72,0.2095,0.785
35264,2021-01-15,2243,"Leeds, Grenville and Lanark District Health Unit",0.0072,596.0,3.44,0.597,0.8882
35265,2021-01-15,2242,Lambton Health Unit,0.0484,788.0,6.02,0.1017,0.51
35266,2021-01-15,2241,"Kingston, Frontenac and Lennox and Addington Health Unit",0.0039,890.0,4.18,0.8348,0.9738
35267,2021-01-15,5183,Huron Perth Health Unit,0.0329,616.0,4.41,0.1561,0.5046
35268,2021-01-15,2238,Hastings and Prince Edward Counties Health Unit,0.007,651.0,3.86,0.6869,0.9414
35269,2021-01-15,2236,Halton Regional Health Unit,0.0475,1481.0,2.39,0.6274,0.9158
35270,2021-01-15,2235,"Haliburton, Kawartha, Pine Ridge District Health Unit",0.0142,713.0,3.78,0.3377,0.846
35271,2021-01-15,2234,Haldimand-Norfolk Health Unit,0.0275,421.0,3.69,0.2824,0.7042
35272,2021-01-15,2233,Grey Bruce Health Unit,0.0097,499.0,2.94,0.0898,0.5088
35273,2021-01-15,2258,Eastern Ontario Health Unit,0.0385,946.0,4.53,0.4574,0.8562
35274,2021-01-15,2230,Durham Regional Health Unit,0.0522,1917.0,2.69,0.4275,0.9078
35275,2021-01-15,2226,District of Algoma Health Unit,0.0034,460.0,4.02,0.1506,0.656
35276,2021-01-15,3895,City of Toronto Health Unit,0.0826,9136.0,2.93,0.6302,0.9436
35277,2021-01-15,2251,City of Ottawa Health Unit,0.0398,2669.0,2.53,0.4645,0.8356
35278,2021-01-15,2237,City of Hamilton Health Unit,0.0471,2260.0,3.82,0.6945,0.9126
35279,2021-01-15,2240,Chatham-Kent Health Unit,0.0296,508.0,4.77,0.1171,0.5632
35280,2021-01-15,2227,Brant County Health Unit,0.0291,594.0,3.83,0.4338,0.8452
35281,2021-01-14,2270,York Regional Health Unit,0.0769,3402.0,2.78,0.4825,0.918
35282,2021-01-14,2268,Windsor-Essex County Health Unit,0.097,1661.0,3.91,0.0924,0.5472
35283,2021-01-14,2266,Wellington-Dufferin-Guelph Health Unit,0.0422,1096.0,3.51,0.3797,0.8134
35284,2021-01-14,2265,Waterloo Health Unit,0.0614,1945.0,3.33,0.3882,0.8072
35285,2021-01-14,2263,Timiskaming Health Unit,0.0054,107.0,3.26,0.4724,0.6451
35286,2021-01-14,2262,Thunder Bay District Health Unit,0.0089,645.0,4.3,0.2878,0.6755
35287,2021-01-14,2261,Sudbury and District Health Unit,0.0103,789.0,3.96,0.3827,0.6846
35288,2021-01-14,4913,Southwestern Public Health,0.0375,835.0,3.95,0.1186,0.4651
35289,2021-01-14,2260,Simcoe Muskoka District Health Unit,0.0332,2246.0,3.75,0.4099,0.8861
35290,2021-01-14,2257,Renfrew County and District Health Unit,0.0056,360.0,3.31,0.3274,0.7008
35291,2021-01-14,2256,Porcupine Health Unit,0.0057,378.0,4.52,0.7422,0.9174
35292,2021-01-14,2255,Peterborough County-City Health Unit,0.0135,423.0,2.86,0.5297,0.947
35293,2021-01-14,2253,Peel Regional Health Unit,0.1168,4161.0,2.59,0.5566,0.8696
35294,2021-01-14,35,Ontario,0.0579,48669.0,3.28,0.4539,0.8226
35295,2021-01-14,2249,Northwestern Health Unit,0.0084,339.0,3.87,0.0819,0.4624
35296,2021-01-14,2247,North Bay Parry Sound District Health Unit,0.0045,543.0,4.18,0.2276,0.4803
35297,2021-01-14,2246,Niagara Regional Area Health Unit,0.0743,2047.0,4.33,0.5336,0.8679
35298,2021-01-14,2244,Middlesex-London Health Unit,0.0408,1901.0,3.75,0.2048,0.7588
35299,2021-01-14,2243,"Leeds, Grenville and Lanark District Health Unit",0.0078,605.0,3.49,0.5712,0.8622
35300,2021-01-14,2242,Lambton Health Unit,0.0482,798.0,6.09,0.1034,0.4811
35301,2021-01-14,2241,"Kingston, Frontenac and Lennox and Addington Health Unit",0.0044,906.0,4.26,0.8273,0.9659
35302,2021-01-14,5183,Huron Perth Health Unit,0.0324,626.0,4.48,0.1673,0.4971
35303,2021-01-14,2238,Hastings and Prince Edward Counties Health Unit,0.0063,659.0,3.91,0.7072,0.9454
35304,2021-01-14,2236,Halton Regional Health Unit,0.0483,1477.0,2.39,0.621,0.9113
35305,2021-01-14,2235,"Haliburton, Kawartha, Pine Ridge District Health Unit",0.0145,711.0,3.76,0.3143,0.8513
35306,2021-01-14,2234,Haldimand-Norfolk Health Unit,0.026,434.0,3.8,0.2773,0.659
35307,2021-01-14,2233,Grey Bruce Health Unit,0.0108,500.0,2.95,0.09,0.4957
35308,2021-01-14,2258,Eastern Ontario Health Unit,0.0414,945.0,4.53,0.4249,0.838
35309,2021-01-14,2230,Durham Regional Health Unit,0.0534,1997.0,2.8,0.3885,0.8874
35310,2021-01-14,2226,District of Algoma Health Unit,0.0043,470.0,4.11,0.135,0.5755
35311,2021-01-14,3895,City of Toronto Health Unit,0.0846,9159.0,2.94,0.6156,0.939
35312,2021-01-14,2251,City of Ottawa Health Unit,0.0412,2699.0,2.56,0.4436,0.8259
35313,2021-01-14,2237,City of Hamilton Health Unit,0.0486,2287.0,3.86,0.6798,0.891
35314,2021-01-14,2240,Chatham-Kent Health Unit,0.027,502.0,4.72,0.13,0.539
35315,2021-01-14,2227,Brant County Health Unit,0.033,593.0,3.82,0.4061,0.852
35316,2021-01-13,2270,York Regional Health Unit,0.0783,3548.0,2.89,0.4846,0.9222
35317,2021-01-13,2268,Windsor-Essex County Health Unit,0.1043,1665.0,3.92,0.0892,0.5185
35318,2021-01-13,2266,Wellington-Dufferin-Guelph Health Unit,0.0456,1103.0,3.54,0.4005,0.8008
35319,2021-01-13,2265,Waterloo Health Unit,0.0656,1955.0,3.35,0.3736,0.8097
35320,2021-01-13,2263,Timiskaming Health Unit,0.0065,110.0,3.38,0.5156,0.7105
35321,2021-01-13,2262,Thunder Bay District Health Unit,0.0117,657.0,4.38,0.2871,0.6594
35322,2021-01-13,2261,Sudbury and District Health Unit,0.0102,816.0,4.1,0.4023,0.6776
35323,2021-01-13,4913,Southwestern Public Health,0.041,834.0,3.94,0.1487,0.4733
35324,2021-01-13,2260,Simcoe Muskoka District Health Unit,0.0331,2195.0,3.66,0.3996,0.8777
35325,2021-01-13,2257,Renfrew County and District Health Unit,0.0051,365.0,3.36,0.3358,0.7049
35326,2021-01-13,2256,Porcupine Health Unit,0.0099,375.0,4.5,0.7244,0.8978
35327,2021-01-13,2255,Peterborough County-City Health Unit,0.0129,420.0,2.84,0.4673,0.9359
35328,2021-01-13,2253,Peel Regional Health Unit,0.1213,4143.0,2.58,0.5522,0.8723
35329,2021-01-13,35,Ontario,0.06,49198.0,3.32,0.453,0.8207
35330,2021-01-13,2249,Northwestern Health Unit,0.0101,339.0,3.86,0.0923,0.4356
35331,2021-01-13,2247,North Bay Parry Sound District Health Unit,0.0051,537.0,4.14,0.2351,0.5072
35332,2021-01-13,2246,Niagara Regional Area Health Unit,0.0752,2085.0,4.41,0.5331,0.8652
35333,2021-01-13,2244,Middlesex-London Health Unit,0.0477,1916.0,3.77,0.1964,0.7423
35334,2021-01-13,2243,"Leeds, Grenville and Lanark District Health Unit",0.0088,616.0,3.56,0.5344,0.8483
35335,2021-01-13,2242,Lambton Health Unit,0.0542,816.0,6.23,0.0914,0.4645
35336,2021-01-13,2241,"Kingston, Frontenac and Lennox and Addington Health Unit",0.0044,905.0,4.25,0.8236,0.9631
35337,2021-01-13,5183,Huron Perth Health Unit,0.0317,636.0,4.55,0.1706,0.4682
35338,2021-01-13,2238,Hastings and Prince Edward Counties Health Unit,0.0061,656.0,3.89,0.7201,0.9495
35339,2021-01-13,2236,Halton Regional Health Unit,0.05,1524.0,2.46,0.617,0.9104
35340,2021-01-13,2235,"Haliburton, Kawartha, Pine Ridge District Health Unit",0.0129,718.0,3.8,0.3076,0.8465
35341,2021-01-13,2234,Haldimand-Norfolk Health Unit,0.0271,443.0,3.89,0.2825,0.6414
35342,2021-01-13,2233,Grey Bruce Health Unit,0.013,505.0,2.98,0.1071,0.5051
35343,2021-01-13,2258,Eastern Ontario Health Unit,0.0415,949.0,4.55,0.3983,0.8248
35344,2021-01-13,2230,Durham Regional Health Unit,0.056,2006.0,2.82,0.3857,0.8859
35345,2021-01-13,2226,District of Algoma Health Unit,0.0056,485.0,4.24,0.1377,0.5719
35346,2021-01-13,3895,City of Toronto Health Unit,0.0859,9324.0,2.99,0.6101,0.9393
35347,2021-01-13,2251,City of Ottawa Health Unit,0.041,2710.0,2.57,0.4458,0.8247
35348,2021-01-13,2237,City of Hamilton Health Unit,0.0503,2315.0,3.91,0.6617,0.8757
35349,2021-01-13,2240,Chatham-Kent Health Unit,0.0305,515.0,4.84,0.1276,0.5385
35350,2021-01-13,2227,Brant County Health Unit,0.0349,586.0,3.78,0.3794,0.8438
35351,2021-01-12,2270,York Regional Health Unit,0.0806,3535.0,2.88,0.466,0.9195
35352,2021-01-12,2268,Windsor-Essex County Health Unit,0.1115,1654.0,3.89,0.1078,0.5025
35353,2021-01-12,2266,Wellington-Dufferin-Guelph Health Unit,0.0432,1105.0,3.54,0.4134,0.8008
35354,2021-01-12,2265,Waterloo Health Unit,0.0701,1908.0,3.27,0.3605,0.8007
35355,2021-01-12,2263,Timiskaming Health Unit,0.0064,135.0,4.12,0.5113,0.7109
35356,2021-01-12,2262,Thunder Bay District Health Unit,0.0122,677.0,4.51,0.2991,0.6452
35357,2021-01-12,2261,Sudbury and District Health Unit,0.012,833.0,4.19,0.4138,0.6829
35358,2021-01-12,4913,Southwestern Public Health,0.0477,880.0,4.16,0.1617,0.4604
35359,2021-01-12,2260,Simcoe Muskoka District Health Unit,0.0341,2218.0,3.7,0.396,0.8761
35360,2021-01-12,2257,Renfrew County and District Health Unit,0.0055,364.0,3.35,0.2817,0.7017
35361,2021-01-12,2256,Porcupine Health Unit,0.0126,353.0,4.23,0.7303,0.893
35362,2021-01-12,2255,Peterborough County-City Health Unit,0.0131,436.0,2.95,0.4327,0.9258
35363,2021-01-12,2253,Peel Regional Health Unit,0.1256,4128.0,2.57,0.5608,0.8769
35364,2021-01-12,35,Ontario,0.062,49511.0,3.34,0.4553,0.818
35365,2021-01-12,2249,Northwestern Health Unit,0.0121,343.0,3.91,0.099,0.3861
35366,2021-01-12,2247,North Bay Parry Sound District Health Unit,0.0058,521.0,4.02,0.2174,0.5089
35367,2021-01-12,2246,Niagara Regional Area Health Unit,0.0771,2089.0,4.42,0.5279,0.8651
35368,2021-01-12,2244,Middlesex-London Health Unit,0.0475,1894.0,3.73,0.2131,0.7332
35369,2021-01-12,2243,"Leeds, Grenville and Lanark District Health Unit",0.0096,612.0,3.53,0.5008,0.8374
35370,2021-01-12,2242,Lambton Health Unit,0.0547,810.0,6.18,0.0722,0.3978
35371,2021-01-12,2241,"Kingston, Frontenac and Lennox and Addington Health Unit",0.0055,907.0,4.26,0.8264,0.9611
35372,2021-01-12,5183,Huron Perth Health Unit,0.0318,643.0,4.6,0.2087,0.4215
35373,2021-01-12,2238,Hastings and Prince Edward Counties Health Unit,0.0062,671.0,3.98,0.7353,0.9455
35374,2021-01-12,2236,Halton Regional Health Unit,0.0502,1524.0,2.46,0.6035,0.9015
35375,2021-01-12,2235,"Haliburton, Kawartha, Pine Ridge District Health Unit",0.0135,729.0,3.86,0.2957,0.8486
35376,2021-01-12,2234,Haldimand-Norfolk Health Unit,0.0277,444.0,3.89,0.2995,0.6548
35377,2021-01-12,2233,Grey Bruce Health Unit,0.0116,529.0,3.11,0.116,0.4964
35378,2021-01-12,2258,Eastern Ontario Health Unit,0.0439,957.0,4.58,0.401,0.8017
35379,2021-01-12,2230,Durham Regional Health Unit,0.0576,2044.0,2.87,0.3949,0.8927
35380,2021-01-12,2226,District of Algoma Health Unit,0.0055,516.0,4.51,0.1501,0.5317
35381,2021-01-12,3895,City of Toronto Health Unit,0.0879,9469.0,3.03,0.6069,0.9389
35382,2021-01-12,2251,City of Ottawa Health Unit,0.0445,2725.0,2.58,0.4482,0.8215
35383,2021-01-12,2237,City of Hamilton Health Unit,0.053,2319.0,3.92,0.6695,0.8694
35384,2021-01-12,2240,Chatham-Kent Health Unit,0.0349,504.0,4.74,0.1548,0.5493
35385,2021-01-12,2227,Brant County Health Unit,0.0336,608.0,3.91,0.3846,0.8307
35386,2021-01-11,2270,York Regional Health Unit,0.0853,3521.0,2.87,0.4651,0.9232
35387,2021-01-11,2268,Windsor-Essex County Health Unit,0.1115,1646.0,3.87,0.1374,0.5369
35388,2021-01-11,2266,Wellington-Dufferin-Guelph Health Unit,0.0487,1093.0,3.5,0.4219,0.807
35389,2021-01-11,2265,Waterloo Health Unit,0.0727,1907.0,3.26,0.3728,0.8052
35390,2021-01-11,2263,Timiskaming Health Unit,0.0068,148.0,4.53,0.5121,0.7123
35391,2021-01-11,2262,Thunder Bay District Health Unit,0.0127,711.0,4.74,0.3026,0.6374
35392,2021-01-11,2261,Sudbury and District Health Unit,0.0133,815.0,4.09,0.4055,0.6788
35393,2021-01-11,4913,Southwestern Public Health,0.0513,900.0,4.25,0.2083,0.4868
35394,2021-01-11,2260,Simcoe Muskoka District Health Unit,0.0337,2236.0,3.73,0.3942,0.878
35395,2021-01-11,2257,Renfrew County and District Health Unit,0.011,350.0,3.22,0.2467,0.6788
35396,2021-01-11,2256,Porcupine Health Unit,0.0147,341.0,4.08,0.735,0.9005
35397,2021-01-11,2255,Peterborough County-City Health Unit,0.0127,451.0,3.05,0.425,0.9186
35398,2021-01-11,2253,Peel Regional Health Unit,0.1276,4201.0,2.62,0.5726,0.8877
35399,2021-01-11,35,Ontario,0.0644,50015.0,3.37,0.4642,0.8252
35400,2021-01-11,2249,Northwestern Health Unit,0.0131,338.0,3.86,0.098,0.3889
35401,2021-01-11,2247,North Bay Parry Sound District Health Unit,0.0055,517.0,3.99,0.2078,0.5093
35402,2021-01-11,2246,Niagara Regional Area Health Unit,0.0793,2079.0,4.4,0.5422,0.8666
35403,2021-01-11,2244,Middlesex-London Health Unit,0.0509,1923.0,3.79,0.257,0.7579
35404,2021-01-11,2243,"Leeds, Grenville and Lanark District Health Unit",0.0086,615.0,3.55,0.5039,0.8336
35405,2021-01-11,2242,Lambton Health Unit,0.0597,854.0,6.52,0.0891,0.4114
35406,2021-01-11,2241,"Kingston, Frontenac and Lennox and Addington Health Unit",0.0058,910.0,4.28,0.8289,0.961
35407,2021-01-11,5183,Huron Perth Health Unit,0.0336,664.0,4.75,0.2509,0.4579
35408,2021-01-11,2238,Hastings and Prince Edward Counties Health Unit,0.007,697.0,4.14,0.7418,0.9471
35409,2021-01-11,2236,Halton Regional Health Unit,0.0569,1547.0,2.5,0.5936,0.9051
35410,2021-01-11,2235,"Haliburton, Kawartha, Pine Ridge District Health Unit",0.0139,730.0,3.87,0.3007,0.8484
35411,2021-01-11,2234,Haldimand-Norfolk Health Unit,0.0316,456.0,4.0,0.3131,0.6761
35412,2021-01-11,2233,Grey Bruce Health Unit,0.0141,527.0,3.1,0.1423,0.5213
35413,2021-01-11,2258,Eastern Ontario Health Unit,0.046,959.0,4.59,0.3947,0.7989
35414,2021-01-11,2230,Durham Regional Health Unit,0.0614,2104.0,2.95,0.3944,0.8976
35415,2021-01-11,2226,District of Algoma Health Unit,0.0073,565.0,4.94,0.1477,0.5247
35416,2021-01-11,3895,City of Toronto Health Unit,0.0912,9535.0,3.06,0.6117,0.9422
35417,2021-01-11,2251,City of Ottawa Health Unit,0.0455,2723.0,2.58,0.4606,0.8273
35418,2021-01-11,2237,City of Hamilton Health Unit,0.0543,2376.0,4.01,0.6781,0.8773
35419,2021-01-11,2240,Chatham-Kent Health Unit,0.032,527.0,4.96,0.1398,0.5373
35420,2021-01-11,2227,Brant County Health Unit,0.037,615.0,3.96,0.4134,0.8385
35421,2021-01-10,2270,York Regional Health Unit,0.0895,3553.0,2.9,0.4776,0.9193
35422,2021-01-10,2268,Windsor-Essex County Health Unit,0.1102,1649.0,3.88,0.1716,0.6236
35423,2021-01-10,2266,Wellington-Dufferin-Guelph Health Unit,0.0523,1106.0,3.55,0.4065,0.7986
35424,2021-01-10,2265,Waterloo Health Unit,0.076,1910.0,3.27,0.3697,0.8006
35425,2021-01-10,2263,Timiskaming Health Unit,0.0076,150.0,4.6,0.5178,0.7215
35426,2021-01-10,2262,Thunder Bay District Health Unit,0.0133,688.0,4.59,0.2858,0.6412
35427,2021-01-10,2261,Sudbury and District Health Unit,0.0104,798.0,4.01,0.3914,0.6623
35428,2021-01-10,4913,Southwestern Public Health,0.0557,908.0,4.29,0.2783,0.5888
35429,2021-01-10,2260,Simcoe Muskoka District Health Unit,0.0345,2231.0,3.72,0.402,0.8814
35430,2021-01-10,2257,Renfrew County and District Health Unit,0.0139,349.0,3.21,0.2606,0.698
35431,2021-01-10,2256,Porcupine Health Unit,0.0133,332.0,3.98,0.7502,0.9132
35432,2021-01-10,2255,Peterborough County-City Health Unit,0.0156,449.0,3.03,0.4281,0.9225
35433,2021-01-10,2253,Peel Regional Health Unit,0.1318,4176.0,2.6,0.5911,0.9005
35434,2021-01-10,35,Ontario,0.0665,50205.0,3.39,0.4801,0.84
35435,2021-01-10,2249,Northwestern Health Unit,0.0144,338.0,3.86,0.0961,0.3875
35436,2021-01-10,2247,North Bay Parry Sound District Health Unit,0.008,520.0,4.01,0.2246,0.5519
35437,2021-01-10,2246,Niagara Regional Area Health Unit,0.0775,2102.0,4.45,0.567,0.8774
35438,2021-01-10,2244,Middlesex-London Health Unit,0.0547,1936.0,3.82,0.2885,0.8102
35439,2021-01-10,2243,"Leeds, Grenville and Lanark District Health Unit",0.0099,635.0,3.67,0.5057,0.8397
35440,2021-01-10,2242,Lambton Health Unit,0.0647,833.0,6.36,0.1051,0.4789
35441,2021-01-10,2241,"Kingston, Frontenac and Lennox and Addington Health Unit",0.0075,890.0,4.18,0.8341,0.9629
35442,2021-01-10,5183,Huron Perth Health Unit,0.0328,644.0,4.61,0.2826,0.5226
35443,2021-01-10,2238,Hastings and Prince Edward Counties Health Unit,0.0069,688.0,4.08,0.7499,0.9506
35444,2021-01-10,2236,Halton Regional Health Unit,0.0587,1564.0,2.53,0.6214,0.9121
35445,2021-01-10,2235,"Haliburton, Kawartha, Pine Ridge District Health Unit",0.0165,768.0,4.07,0.3159,0.8659
35446,2021-01-10,2234,Haldimand-Norfolk Health Unit,0.0342,463.0,4.06,0.3155,0.6536
35447,2021-01-10,2233,Grey Bruce Health Unit,0.0175,522.0,3.08,0.1553,0.5777
35448,2021-01-10,2258,Eastern Ontario Health Unit,0.05,929.0,4.45,0.4009,0.8102
35449,2021-01-10,2230,Durham Regional Health Unit,0.0638,2183.0,3.06,0.3981,0.9061
35450,2021-01-10,2226,District of Algoma Health Unit,0.0105,529.0,4.62,0.1921,0.5695
35451,2021-01-10,3895,City of Toronto Health Unit,0.0935,9631.0,3.09,0.6275,0.9446
35452,2021-01-10,2251,City of Ottawa Health Unit,0.0446,2756.0,2.61,0.4855,0.8444
35453,2021-01-10,2237,City of Hamilton Health Unit,0.0561,2397.0,4.05,0.684,0.8798
35454,2021-01-10,2240,Chatham-Kent Health Unit,0.0329,508.0,4.78,0.1437,0.5774
35455,2021-01-10,2227,Brant County Health Unit,0.0376,624.0,4.02,0.4244,0.8234
35456,2021-01-09,2270,York Regional Health Unit,0.0955,3588.0,2.93,0.498,0.9045
35457,2021-01-09,2268,Windsor-Essex County Health Unit,0.115,1646.0,3.87,0.1907,0.6393
35458,2021-01-09,2266,Wellington-Dufferin-Guelph Health Unit,0.0552,1107.0,3.55,0.3997,0.7798
35459,2021-01-09,2265,Waterloo Health Unit,0.0773,1914.0,3.28,0.4022,0.8075
35460,2021-01-09,2263,Timiskaming Health Unit,0.0084,154.0,4.7,0.51,0.6878
35461,2021-01-09,2262,Thunder Bay District Health Unit,0.0137,676.0,4.51,0.3147,0.63
35462,2021-01-09,2261,Sudbury and District Health Unit,0.0104,796.0,4.0,0.4173,0.6677
35463,2021-01-09,4913,Southwestern Public Health,0.0577,911.0,4.31,0.3459,0.6581
35464,2021-01-09,2260,Simcoe Muskoka District Health Unit,0.0365,2241.0,3.74,0.4106,0.8491
35465,2021-01-09,2257,Renfrew County and District Health Unit,0.0132,356.0,3.28,0.26,0.6608
35466,2021-01-09,2256,Porcupine Health Unit,0.0132,336.0,4.03,0.7448,0.8965
35467,2021-01-09,2255,Peterborough County-City Health Unit,0.0145,452.0,3.05,0.4492,0.9164
35468,2021-01-09,2253,Peel Regional Health Unit,0.1365,4209.0,2.62,0.6069,0.8931
35469,2021-01-09,35,Ontario,0.0688,50496.0,3.4,0.5035,0.8379
35470,2021-01-09,2249,Northwestern Health Unit,0.0193,341.0,3.89,0.108,0.4153
35471,2021-01-09,2247,North Bay Parry Sound District Health Unit,0.0087,525.0,4.05,0.2057,0.5031
35472,2021-01-09,2246,Niagara Regional Area Health Unit,0.0782,2127.0,4.5,0.608,0.8754
35473,2021-01-09,2244,Middlesex-London Health Unit,0.0573,1962.0,3.87,0.3166,0.8211
35474,2021-01-09,2243,"Leeds, Grenville and Lanark District Health Unit",0.011,635.0,3.67,0.5347,0.8298
35475,2021-01-09,2242,Lambton Health Unit,0.0663,820.0,6.26,0.1259,0.5641
35476,2021-01-09,2241,"Kingston, Frontenac and Lennox and Addington Health Unit",0.009,892.0,4.19,0.8528,0.9576
35477,2021-01-09,5183,Huron Perth Health Unit,0.0326,635.0,4.54,0.315,0.5607
35478,2021-01-09,2238,Hastings and Prince Edward Counties Health Unit,0.0064,688.0,4.08,0.7525,0.9399
35479,2021-01-09,2236,Halton Regional Health Unit,0.0625,1649.0,2.66,0.6532,0.9147
35480,2021-01-09,2235,"Haliburton, Kawartha, Pine Ridge District Health Unit",0.0194,766.0,4.05,0.3068,0.8571
35481,2021-01-09,2234,Haldimand-Norfolk Health Unit,0.0345,471.0,4.13,0.3505,0.6626
35482,2021-01-09,2233,Grey Bruce Health Unit,0.0186,523.0,3.08,0.1958,0.5924
35483,2021-01-09,2258,Eastern Ontario Health Unit,0.0504,950.0,4.55,0.4248,0.8012
35484,2021-01-09,2230,Durham Regional Health Unit,0.0672,2193.0,3.08,0.4123,0.876
35485,2021-01-09,2226,District of Algoma Health Unit,0.0107,559.0,4.88,0.199,0.5207
35486,2021-01-09,3895,City of Toronto Health Unit,0.0961,9557.0,3.06,0.6477,0.9383
35487,2021-01-09,2251,City of Ottawa Health Unit,0.0454,2798.0,2.65,0.5133,0.8324
35488,2021-01-09,2237,City of Hamilton Health Unit,0.0574,2442.0,4.12,0.7086,0.8842
35489,2021-01-09,2240,Chatham-Kent Health Unit,0.0327,502.0,4.72,0.1609,0.6461
35490,2021-01-09,2227,Brant County Health Unit,0.0366,625.0,4.03,0.4201,0.8057
35491,2021-01-08,2270,York Regional Health Unit,0.0999,3518.0,2.87,0.4746,0.8684
35492,2021-01-08,2268,Windsor-Essex County Health Unit,0.1169,1666.0,3.92,0.1992,0.6638
35493,2021-01-08,2266,Wellington-Dufferin-Guelph Health Unit,0.0597,1123.0,3.6,0.3675,0.7425
35494,2021-01-08,2265,Waterloo Health Unit,0.0775,1958.0,3.35,0.3793,0.7649
35495,2021-01-08,2263,Timiskaming Health Unit,0.0074,154.0,4.72,0.5446,0.7713
35496,2021-01-08,2262,Thunder Bay District Health Unit,0.0115,707.0,4.72,0.3343,0.679
35497,2021-01-08,2261,Sudbury and District Health Unit,0.0099,805.0,4.05,0.4456,0.7046
35498,2021-01-08,4913,Southwestern Public Health,0.06,909.0,4.3,0.3653,0.699
35499,2021-01-08,2260,Simcoe Muskoka District Health Unit,0.0354,2255.0,3.76,0.3641,0.7934
35500,2021-01-08,2257,Renfrew County and District Health Unit,0.0141,356.0,3.27,0.2405,0.6476
35501,2021-01-08,2256,Porcupine Health Unit,0.0123,325.0,3.9,0.7587,0.9067
35502,2021-01-08,2255,Peterborough County-City Health Unit,0.0161,452.0,3.06,0.418,0.8917
35503,2021-01-08,2253,Peel Regional Health Unit,0.1385,4159.0,2.59,0.5745,0.8815
35504,2021-01-08,35,Ontario,0.0701,50331.0,3.39,0.4841,0.8253
35505,2021-01-08,2249,Northwestern Health Unit,0.0186,338.0,3.85,0.0948,0.3699
35506,2021-01-08,2247,North Bay Parry Sound District Health Unit,0.0104,523.0,4.03,0.2099,0.499
35507,2021-01-08,2246,Niagara Regional Area Health Unit,0.0754,2146.0,4.54,0.5874,0.8696
35508,2021-01-08,2244,Middlesex-London Health Unit,0.0602,1975.0,3.89,0.3313,0.8294
35509,2021-01-08,2243,"Leeds, Grenville and Lanark District Health Unit",0.0119,638.0,3.68,0.5182,0.8311
35510,2021-01-08,2242,Lambton Health Unit,0.0679,810.0,6.18,0.1178,0.5662
35511,2021-01-08,2241,"Kingston, Frontenac and Lennox and Addington Health Unit",0.0083,891.0,4.19,0.8435,0.9517
35512,2021-01-08,5183,Huron Perth Health Unit,0.0364,640.0,4.58,0.3101,0.612
35513,2021-01-08,2238,Hastings and Prince Edward Counties Health Unit,0.0069,681.0,4.04,0.7454,0.9365
35514,2021-01-08,2236,Halton Regional Health Unit,0.0663,1684.0,2.72,0.6076,0.8911
35515,2021-01-08,2235,"Haliburton, Kawartha, Pine Ridge District Health Unit",0.0195,749.0,3.96,0.2653,0.8233
35516,2021-01-08,2234,Haldimand-Norfolk Health Unit,0.0365,474.0,4.15,0.3489,0.6518
35517,2021-01-08,2233,Grey Bruce Health Unit,0.0208,529.0,3.11,0.1793,0.5985
35518,2021-01-08,2258,Eastern Ontario Health Unit,0.0488,936.0,4.48,0.4279,0.8004
35519,2021-01-08,2230,Durham Regional Health Unit,0.0686,2200.0,3.09,0.369,0.8445
35520,2021-01-08,2226,District of Algoma Health Unit,0.0119,565.0,4.94,0.2231,0.5127
35521,2021-01-08,3895,City of Toronto Health Unit,0.0978,9399.0,3.01,0.6352,0.9274
35522,2021-01-08,2251,City of Ottawa Health Unit,0.0471,2814.0,2.67,0.4957,0.8256
35523,2021-01-08,2237,City of Hamilton Health Unit,0.0599,2388.0,4.03,0.6892,0.8695
35524,2021-01-08,2240,Chatham-Kent Health Unit,0.0373,501.0,4.71,0.1626,0.7689
35525,2021-01-08,2227,Brant County Health Unit,0.0371,619.0,3.99,0.3905,0.7871
35526,2021-01-07,2270,York Regional Health Unit,0.1043,3236.0,2.64,0.4541,0.8588
35527,2021-01-07,2268,Windsor-Essex County Health Unit,0.1171,1545.0,3.64,0.212,0.7364
35528,2021-01-07,2266,Wellington-Dufferin-Guelph Health Unit,0.0602,1044.0,3.35,0.3368,0.7447
35529,2021-01-07,2265,Waterloo Health Unit,0.0759,1804.0,3.09,0.3643,0.7556
35530,2021-01-07,2263,Timiskaming Health Unit,0.0079,144.0,4.41,0.5379,0.7535
35531,2021-01-07,2262,Thunder Bay District Health Unit,0.0115,670.0,4.46,0.3969,0.7641
35532,2021-01-07,2261,Sudbury and District Health Unit,0.0096,777.0,3.9,0.4518,0.7042
35533,2021-01-07,4913,Southwestern Public Health,0.0614,836.0,3.95,0.3554,0.7331
35534,2021-01-07,2260,Simcoe Muskoka District Health Unit,0.0323,2032.0,3.39,0.3435,0.785
35535,2021-01-07,2257,Renfrew County and District Health Unit,0.0181,332.0,3.05,0.2391,0.6648
35536,2021-01-07,2256,Porcupine Health Unit,0.0116,297.0,3.55,0.7699,0.9159
35537,2021-01-07,2255,Peterborough County-City Health Unit,0.015,410.0,2.77,0.4131,0.8987
35538,2021-01-07,2253,Peel Regional Health Unit,0.1431,3757.0,2.34,0.5655,0.8916
35539,2021-01-07,35,Ontario,0.0718,46230.0,3.12,0.479,0.8328
35540,2021-01-07,2249,Northwestern Health Unit,0.0204,315.0,3.59,0.1002,0.3973
35541,2021-01-07,2247,North Bay Parry Sound District Health Unit,0.011,480.0,3.7,0.2034,0.4784
35542,2021-01-07,2246,Niagara Regional Area Health Unit,0.0744,1919.0,4.06,0.5441,0.8445
35543,2021-01-07,2244,Middlesex-London Health Unit,0.0652,1822.0,3.59,0.3636,0.8662
35544,2021-01-07,2243,"Leeds, Grenville and Lanark District Health Unit",0.0124,566.0,3.27,0.5208,0.8698
35545,2021-01-07,2242,Lambton Health Unit,0.068,779.0,5.95,0.1271,0.6006
35546,2021-01-07,2241,"Kingston, Frontenac and Lennox and Addington Health Unit",0.008,839.0,3.94,0.8401,0.9494
35547,2021-01-07,5183,Huron Perth Health Unit,0.0386,588.0,4.21,0.2916,0.6102
35548,2021-01-07,2238,Hastings and Prince Edward Counties Health Unit,0.0078,621.0,3.69,0.7205,0.933
35549,2021-01-07,2236,Halton Regional Health Unit,0.0688,1519.0,2.45,0.5824,0.8915
35550,2021-01-07,2235,"Haliburton, Kawartha, Pine Ridge District Health Unit",0.0193,690.0,3.65,0.2498,0.8103
35551,2021-01-07,2234,Haldimand-Norfolk Health Unit,0.0392,433.0,3.8,0.3549,0.6912
35552,2021-01-07,2233,Grey Bruce Health Unit,0.0207,482.0,2.84,0.1833,0.6595
35553,2021-01-07,2258,Eastern Ontario Health Unit,0.0515,835.0,4.0,0.4286,0.819
35554,2021-01-07,2230,Durham Regional Health Unit,0.071,1947.0,2.73,0.3545,0.8443
35555,2021-01-07,2226,District of Algoma Health Unit,0.0133,506.0,4.42,0.2358,0.6113
35556,2021-01-07,3895,City of Toronto Health Unit,0.1009,8713.0,2.79,0.6346,0.9256
35557,2021-01-07,2251,City of Ottawa Health Unit,0.047,2570.0,2.44,0.4991,0.8216
35558,2021-01-07,2237,City of Hamilton Health Unit,0.0603,2242.0,3.79,0.6927,0.8841
35559,2021-01-07,2240,Chatham-Kent Health Unit,0.0437,481.0,4.52,0.2119,0.7841
35560,2021-01-07,2227,Brant County Health Unit,0.0408,589.0,3.79,0.3832,0.7791
35561,2021-01-06,2270,York Regional Health Unit,0.1061,3063.0,2.5,0.437,0.8562
35562,2021-01-06,2268,Windsor-Essex County Health Unit,0.1193,1554.0,3.66,0.2123,0.7506
35563,2021-01-06,2266,Wellington-Dufferin-Guelph Health Unit,0.0574,998.0,3.2,0.2876,0.7224
35564,2021-01-06,2265,Waterloo Health Unit,0.0754,1720.0,2.94,0.347,0.7527
35565,2021-01-06,2263,Timiskaming Health Unit,0.0117,146.0,4.48,0.4895,0.7249
35566,2021-01-06,2262,Thunder Bay District Health Unit,0.0083,667.0,4.45,0.3799,0.7932
35567,2021-01-06,2261,Sudbury and District Health Unit,0.0108,704.0,3.54,0.4392,0.7146
35568,2021-01-06,4913,Southwestern Public Health,0.0608,789.0,3.73,0.3362,0.7462
35569,2021-01-06,2260,Simcoe Muskoka District Health Unit,0.0339,1901.0,3.17,0.3079,0.7563
35570,2021-01-06,2257,Renfrew County and District Health Unit,0.0168,358.0,3.3,0.2471,0.6814
35571,2021-01-06,2256,Porcupine Health Unit,0.0076,263.0,3.15,0.8151,0.9425
35572,2021-01-06,2255,Peterborough County-City Health Unit,0.019,406.0,2.74,0.4367,0.8942
35573,2021-01-06,2253,Peel Regional Health Unit,0.1375,3699.0,2.3,0.5562,0.8868
35574,2021-01-06,35,Ontario,0.0718,44783.0,3.02,0.4663,0.8351
35575,2021-01-06,2249,Northwestern Health Unit,0.0182,291.0,3.32,0.0853,0.3188
35576,2021-01-06,2247,North Bay Parry Sound District Health Unit,0.0119,444.0,3.42,0.207,0.4683
35577,2021-01-06,2246,Niagara Regional Area Health Unit,0.0724,1816.0,3.84,0.5398,0.8365
35578,2021-01-06,2244,Middlesex-London Health Unit,0.0627,1726.0,3.4,0.3724,0.8895
35579,2021-01-06,2243,"Leeds, Grenville and Lanark District Health Unit",0.0112,559.0,3.23,0.4904,0.8841
35580,2021-01-06,2242,Lambton Health Unit,0.0677,721.0,5.51,0.1365,0.6732
35581,2021-01-06,2241,"Kingston, Frontenac and Lennox and Addington Health Unit",0.0084,836.0,3.93,0.8112,0.9504
35582,2021-01-06,5183,Huron Perth Health Unit,0.0404,566.0,4.05,0.2967,0.6816
35583,2021-01-06,2238,Hastings and Prince Edward Counties Health Unit,0.007,616.0,3.65,0.7029,0.9274
35584,2021-01-06,2236,Halton Regional Health Unit,0.0696,1499.0,2.42,0.5505,0.8892
35585,2021-01-06,2235,"Haliburton, Kawartha, Pine Ridge District Health Unit",0.0197,667.0,3.53,0.2254,0.8032
35586,2021-01-06,2234,Haldimand-Norfolk Health Unit,0.0424,418.0,3.66,0.3568,0.7312
35587,2021-01-06,2233,Grey Bruce Health Unit,0.0203,471.0,2.77,0.1701,0.6799
35588,2021-01-06,2258,Eastern Ontario Health Unit,0.0583,801.0,3.84,0.4393,0.8502
35589,2021-01-06,2230,Durham Regional Health Unit,0.0709,1885.0,2.65,0.3305,0.8388
35590,2021-01-06,2226,District of Algoma Health Unit,0.0133,461.0,4.03,0.2241,0.626
35591,2021-01-06,3895,City of Toronto Health Unit,0.1012,8433.0,2.7,0.6266,0.9252
35592,2021-01-06,2251,City of Ottawa Health Unit,0.0477,2575.0,2.44,0.4936,0.8282
35593,2021-01-06,2237,City of Hamilton Health Unit,0.0631,2233.0,3.77,0.7197,0.9045
35594,2021-01-06,2240,Chatham-Kent Health Unit,0.0375,525.0,4.94,0.2487,0.7988
35595,2021-01-06,2227,Brant County Health Unit,0.0426,574.0,3.7,0.3455,0.7758
35596,2021-01-05,2270,York Regional Health Unit,0.1069,3162.0,2.58,0.4237,0.834
35597,2021-01-05,2268,Windsor-Essex County Health Unit,0.1191,1593.0,3.75,0.2072,0.7361
35598,2021-01-05,2266,Wellington-Dufferin-Guelph Health Unit,0.0578,1022.0,3.28,0.2815,0.7146
35599,2021-01-05,2265,Waterloo Health Unit,0.0708,1740.0,2.98,0.3351,0.7371
35600,2021-01-05,2263,Timiskaming Health Unit,0.0152,132.0,4.03,0.5196,0.735
35601,2021-01-05,2262,Thunder Bay District Health Unit,0.0086,600.0,4.0,0.3408,0.7883
35602,2021-01-05,2261,Sudbury and District Health Unit,0.0093,647.0,3.25,0.4599,0.7016
35603,2021-01-05,4913,Southwestern Public Health,0.0574,761.0,3.6,0.3399,0.7249
35604,2021-01-05,2260,Simcoe Muskoka District Health Unit,0.0339,1940.0,3.24,0.3037,0.7428
35605,2021-01-05,2257,Renfrew County and District Health Unit,0.0156,366.0,3.37,0.2736,0.6415
35606,2021-01-05,2256,Porcupine Health Unit,0.0071,262.0,3.14,0.8215,0.9429
35607,2021-01-05,2255,Peterborough County-City Health Unit,0.0194,412.0,2.78,0.4502,0.9008
35608,2021-01-05,2253,Peel Regional Health Unit,0.1369,3763.0,2.34,0.5563,0.8814
35609,2021-01-05,35,Ontario,0.0719,44804.0,3.02,0.4714,0.8293
35610,2021-01-05,2249,Northwestern Health Unit,0.0174,287.0,3.28,0.0692,0.2986
35611,2021-01-05,2247,North Bay Parry Sound District Health Unit,0.012,452.0,3.48,0.2196,0.4601
35612,2021-01-05,2246,Niagara Regional Area Health Unit,0.0664,1781.0,3.77,0.5616,0.8327
35613,2021-01-05,2244,Middlesex-London Health Unit,0.0643,1691.0,3.33,0.3748,0.8721
35614,2021-01-05,2243,"Leeds, Grenville and Lanark District Health Unit",0.0124,564.0,3.26,0.5009,0.8893
35615,2021-01-05,2242,Lambton Health Unit,0.0692,727.0,5.55,0.1395,0.6843
35616,2021-01-05,2241,"Kingston, Frontenac and Lennox and Addington Health Unit",0.0083,828.0,3.89,0.8202,0.9499
35617,2021-01-05,5183,Huron Perth Health Unit,0.0384,573.0,4.1,0.2878,0.6848
35618,2021-01-05,2238,Hastings and Prince Edward Counties Health Unit,0.0082,612.0,3.63,0.7019,0.9266
35619,2021-01-05,2236,Halton Regional Health Unit,0.0723,1515.0,2.45,0.53,0.8959
35620,2021-01-05,2235,"Haliburton, Kawartha, Pine Ridge District Health Unit",0.0215,691.0,3.66,0.2416,0.7877
35621,2021-01-05,2234,Haldimand-Norfolk Health Unit,0.0455,414.0,3.63,0.3931,0.7484
35622,2021-01-05,2233,Grey Bruce Health Unit,0.0226,461.0,2.72,0.1753,0.6761
35623,2021-01-05,2258,Eastern Ontario Health Unit,0.0567,816.0,3.91,0.4778,0.8633
35624,2021-01-05,2230,Durham Regional Health Unit,0.0703,1944.0,2.73,0.3245,0.8163
35625,2021-01-05,2226,District of Algoma Health Unit,0.0132,453.0,3.96,0.2561,0.586
35626,2021-01-05,3895,City of Toronto Health Unit,0.1015,8325.0,2.67,0.6362,0.923
35627,2021-01-05,2251,City of Ottawa Health Unit,0.046,2568.0,2.44,0.5184,0.8306
35628,2021-01-05,2237,City of Hamilton Health Unit,0.0647,2232.0,3.77,0.7169,0.9076
35629,2021-01-05,2240,Chatham-Kent Health Unit,0.0395,502.0,4.73,0.2179,0.7935
35630,2021-01-05,2227,Brant County Health Unit,0.0442,560.0,3.61,0.3448,0.7724
35631,2021-01-04,2270,York Regional Health Unit,0.1047,3204.0,2.61,0.3854,0.7881
35632,2021-01-04,2268,Windsor-Essex County Health Unit,0.1201,1611.0,3.79,0.1836,0.7128
35633,2021-01-04,2266,Wellington-Dufferin-Guelph Health Unit,0.0572,1019.0,3.27,0.2525,0.7083
35634,2021-01-04,2265,Waterloo Health Unit,0.0651,1751.0,3.0,0.3067,0.7233
35635,2021-01-04,2263,Timiskaming Health Unit,0.0164,130.0,3.99,0.4309,0.7059
35636,2021-01-04,2262,Thunder Bay District Health Unit,0.0086,548.0,3.66,0.3217,0.794
35637,2021-01-04,2261,Sudbury and District Health Unit,0.0074,678.0,3.41,0.4472,0.6913
35638,2021-01-04,4913,Southwestern Public Health,0.0618,758.0,3.59,0.3384,0.7137
35639,2021-01-04,2260,Simcoe Muskoka District Health Unit,0.0352,1919.0,3.2,0.2481,0.7178
35640,2021-01-04,2257,Renfrew County and District Health Unit,0.0109,379.0,3.49,0.2806,0.6578
35641,2021-01-04,2256,Porcupine Health Unit,0.005,260.0,3.11,0.7973,0.9299
35642,2021-01-04,2255,Peterborough County-City Health Unit,0.0208,397.0,2.69,0.4375,0.9027
35643,2021-01-04,2253,Peel Regional Health Unit,0.1328,3783.0,2.36,0.5245,0.8684
35644,2021-01-04,35,Ontario,0.0695,45341.0,3.06,0.4497,0.8163
35645,2021-01-04,2249,Northwestern Health Unit,0.017,293.0,3.35,0.061,0.2823
35646,2021-01-04,2247,North Bay Parry Sound District Health Unit,0.0126,488.0,3.76,0.2187,0.455
35647,2021-01-04,2246,Niagara Regional Area Health Unit,0.0647,1825.0,3.86,0.5426,0.8261
35648,2021-01-04,2244,Middlesex-London Health Unit,0.0603,1670.0,3.29,0.3439,0.8569
35649,2021-01-04,2243,"Leeds, Grenville and Lanark District Health Unit",0.0129,575.0,3.32,0.476,0.8901
35650,2021-01-04,2242,Lambton Health Unit,0.0655,746.0,5.7,0.1192,0.6689
35651,2021-01-04,2241,"Kingston, Frontenac and Lennox and Addington Health Unit",0.009,857.0,4.03,0.8147,0.9485
35652,2021-01-04,5183,Huron Perth Health Unit,0.0366,601.0,4.3,0.2598,0.6613
35653,2021-01-04,2238,Hastings and Prince Edward Counties Health Unit,0.0077,615.0,3.65,0.6837,0.9211
35654,2021-01-04,2236,Halton Regional Health Unit,0.0698,1527.0,2.47,0.5185,0.8912
35655,2021-01-04,2235,"Haliburton, Kawartha, Pine Ridge District Health Unit",0.0215,719.0,3.81,0.2108,0.768
35656,2021-01-04,2234,Haldimand-Norfolk Health Unit,0.0436,413.0,3.62,0.3833,0.7563
35657,2021-01-04,2233,Grey Bruce Health Unit,0.0206,464.0,2.73,0.1575,0.6613
35658,2021-01-04,2258,Eastern Ontario Health Unit,0.0513,905.0,4.34,0.503,0.8729
35659,2021-01-04,2230,Durham Regional Health Unit,0.0693,1932.0,2.71,0.3121,0.8007
35660,2021-01-04,2226,District of Algoma Health Unit,0.0118,411.0,3.6,0.2513,0.5872
35661,2021-01-04,3895,City of Toronto Health Unit,0.0964,8467.0,2.71,0.6242,0.9147
35662,2021-01-04,2251,City of Ottawa Health Unit,0.0431,2687.0,2.55,0.5013,0.8242
35663,2021-01-04,2237,City of Hamilton Health Unit,0.0637,2237.0,3.78,0.7101,0.9014
35664,2021-01-04,2240,Chatham-Kent Health Unit,0.044,484.0,4.55,0.2203,0.789
35665,2021-01-04,2227,Brant County Health Unit,0.0405,579.0,3.73,0.3021,0.7581
35666,2021-01-03,2270,York Regional Health Unit,0.1048,3069.0,2.5,0.3652,0.7521
35667,2021-01-03,2268,Windsor-Essex County Health Unit,0.1262,1573.0,3.7,0.1712,0.6668
35668,2021-01-03,2266,Wellington-Dufferin-Guelph Health Unit,0.0564,998.0,3.2,0.2672,0.7218
35669,2021-01-03,2265,Waterloo Health Unit,0.0603,1704.0,2.92,0.3029,0.7197
35670,2021-01-03,2263,Timiskaming Health Unit,0.0171,109.0,3.32,0.4167,0.6821
35671,2021-01-03,2262,Thunder Bay District Health Unit,0.0067,533.0,3.56,0.3309,0.7907
35672,2021-01-03,2261,Sudbury and District Health Unit,0.0076,620.0,3.12,0.474,0.7085
35673,2021-01-03,4913,Southwestern Public Health,0.0623,748.0,3.54,0.3034,0.6899
35674,2021-01-03,2260,Simcoe Muskoka District Health Unit,0.0356,1792.0,2.99,0.2498,0.7203
35675,2021-01-03,2257,Renfrew County and District Health Unit,0.0111,334.0,3.07,0.2873,0.658
35676,2021-01-03,2256,Porcupine Health Unit,0.0061,233.0,2.79,0.7915,0.9265
35677,2021-01-03,2255,Peterborough County-City Health Unit,0.0193,392.0,2.65,0.4318,0.9009
35678,2021-01-03,2253,Peel Regional Health Unit,0.1363,3581.0,2.23,0.516,0.8686
35679,2021-01-03,35,Ontario,0.0703,42918.0,2.89,0.444,0.8078
35680,2021-01-03,2249,Northwestern Health Unit,0.0157,274.0,3.12,0.0621,0.2888
35681,2021-01-03,2247,North Bay Parry Sound District Health Unit,0.0107,428.0,3.3,0.2115,0.4187
35682,2021-01-03,2246,Niagara Regional Area Health Unit,0.0618,1711.0,3.62,0.5161,0.8169
35683,2021-01-03,2244,Middlesex-London Health Unit,0.0602,1558.0,3.07,0.3309,0.8313
35684,2021-01-03,2243,"Leeds, Grenville and Lanark District Health Unit",0.0126,531.0,3.07,0.4761,0.8884
35685,2021-01-03,2242,Lambton Health Unit,0.0676,700.0,5.34,0.1284,0.6534
35686,2021-01-03,2241,"Kingston, Frontenac and Lennox and Addington Health Unit",0.0078,847.0,3.98,0.8112,0.9471
35687,2021-01-03,5183,Huron Perth Health Unit,0.0359,542.0,3.88,0.2606,0.6572
35688,2021-01-03,2238,Hastings and Prince Edward Counties Health Unit,0.0083,587.0,3.49,0.6791,0.9222
35689,2021-01-03,2236,Halton Regional Health Unit,0.0697,1522.0,2.46,0.4927,0.8909
35690,2021-01-03,2235,"Haliburton, Kawartha, Pine Ridge District Health Unit",0.0228,627.0,3.32,0.1944,0.748
35691,2021-01-03,2234,Haldimand-Norfolk Health Unit,0.044,386.0,3.39,0.4043,0.7894
35692,2021-01-03,2233,Grey Bruce Health Unit,0.0146,439.0,2.58,0.1655,0.6648
35693,2021-01-03,2258,Eastern Ontario Health Unit,0.0495,859.0,4.12,0.4985,0.8755
35694,2021-01-03,2230,Durham Regional Health Unit,0.0681,1790.0,2.51,0.2929,0.7584
35695,2021-01-03,2226,District of Algoma Health Unit,0.0101,340.0,2.97,0.1858,0.5615
35696,2021-01-03,3895,City of Toronto Health Unit,0.0976,8033.0,2.57,0.6247,0.9119
35697,2021-01-03,2251,City of Ottawa Health Unit,0.0441,2475.0,2.35,0.5017,0.8225
35698,2021-01-03,2237,City of Hamilton Health Unit,0.0657,2164.0,3.65,0.7077,0.8983
35699,2021-01-03,2240,Chatham-Kent Health Unit,0.0428,490.0,4.61,0.2305,0.8054
35700,2021-01-03,2227,Brant County Health Unit,0.0425,534.0,3.44,0.3004,0.7716
35701,2021-01-02,2270,York Regional Health Unit,0.1029,3018.0,2.46,0.341,0.7365
35702,2021-01-02,2268,Windsor-Essex County Health Unit,0.1243,1604.0,3.78,0.1525,0.5944
35703,2021-01-02,2266,Wellington-Dufferin-Guelph Health Unit,0.054,1011.0,3.24,0.2798,0.7405
35704,2021-01-02,2265,Waterloo Health Unit,0.0569,1716.0,2.94,0.3008,0.7144
35705,2021-01-02,2263,Timiskaming Health Unit,0.0215,113.0,3.46,0.4853,0.7756
35706,2021-01-02,2262,Thunder Bay District Health Unit,0.0068,547.0,3.65,0.3215,0.7824
35707,2021-01-02,2261,Sudbury and District Health Unit,0.0067,617.0,3.1,0.5051,0.7722
35708,2021-01-02,4913,Southwestern Public Health,0.0615,748.0,3.54,0.2617,0.6327
35709,2021-01-02,2260,Simcoe Muskoka District Health Unit,0.0344,1817.0,3.03,0.2181,0.6911
35710,2021-01-02,2257,Renfrew County and District Health Unit,0.0123,337.0,3.1,0.296,0.7187
35711,2021-01-02,2256,Porcupine Health Unit,0.0071,220.0,2.63,0.8147,0.9523
35712,2021-01-02,2255,Peterborough County-City Health Unit,0.0209,389.0,2.63,0.43,0.9073
35713,2021-01-02,2253,Peel Regional Health Unit,0.1333,3563.0,2.22,0.4962,0.8554
35714,2021-01-02,35,Ontario,0.0686,42750.0,2.88,0.4325,0.7959
35715,2021-01-02,2249,Northwestern Health Unit,0.0083,274.0,3.13,0.0615,0.272
35716,2021-01-02,2247,North Bay Parry Sound District Health Unit,0.0097,426.0,3.28,0.2386,0.4637
35717,2021-01-02,2246,Niagara Regional Area Health Unit,0.0594,1649.0,3.49,0.499,0.8124
35718,2021-01-02,2244,Middlesex-London Health Unit,0.0574,1570.0,3.09,0.3118,0.7687
35719,2021-01-02,2243,"Leeds, Grenville and Lanark District Health Unit",0.0131,525.0,3.03,0.4816,0.903
35720,2021-01-02,2242,Lambton Health Unit,0.0673,709.0,5.41,0.1227,0.6316
35721,2021-01-02,2241,"Kingston, Frontenac and Lennox and Addington Health Unit",0.0069,851.0,4.0,0.8135,0.9526
35722,2021-01-02,5183,Huron Perth Health Unit,0.0366,551.0,3.94,0.2464,0.6205
35723,2021-01-02,2238,Hastings and Prince Edward Counties Health Unit,0.0081,582.0,3.45,0.6841,0.9343
35724,2021-01-02,2236,Halton Regional Health Unit,0.0685,1483.0,2.4,0.4467,0.854
35725,2021-01-02,2235,"Haliburton, Kawartha, Pine Ridge District Health Unit",0.0214,615.0,3.26,0.1846,0.7404
35726,2021-01-02,2234,Haldimand-Norfolk Health Unit,0.0455,383.0,3.36,0.3591,0.739
35727,2021-01-02,2233,Grey Bruce Health Unit,0.0142,443.0,2.61,0.1413,0.6948
35728,2021-01-02,2258,Eastern Ontario Health Unit,0.0503,841.0,4.03,0.5081,0.8915
35729,2021-01-02,2230,Durham Regional Health Unit,0.0638,1761.0,2.47,0.2791,0.7617
35730,2021-01-02,2226,District of Algoma Health Unit,0.0088,308.0,2.69,0.2051,0.6098
35731,2021-01-02,3895,City of Toronto Health Unit,0.0955,8038.0,2.58,0.6223,0.9092
35732,2021-01-02,2251,City of Ottawa Health Unit,0.0418,2476.0,2.35,0.5033,0.814
35733,2021-01-02,2237,City of Hamilton Health Unit,0.066,2144.0,3.62,0.7052,0.8958
35734,2021-01-02,2240,Chatham-Kent Health Unit,0.0426,493.0,4.63,0.2268,0.7524
35735,2021-01-02,2227,Brant County Health Unit,0.0417,538.0,3.46,0.284,0.7279
35736,2021-01-01,2270,York Regional Health Unit,0.1009,2933.0,2.39,0.3353,0.7313
35737,2021-01-01,2268,Windsor-Essex County Health Unit,0.124,1542.0,3.63,0.1432,0.5469
35738,2021-01-01,2266,Wellington-Dufferin-Guelph Health Unit,0.053,991.0,3.18,0.2684,0.7264
35739,2021-01-01,2265,Waterloo Health Unit,0.0547,1688.0,2.89,0.3038,0.7246
35740,2021-01-01,2263,Timiskaming Health Unit,0.0214,113.0,3.47,0.5051,0.7554
35741,2021-01-01,2262,Thunder Bay District Health Unit,0.009,527.0,3.51,0.3558,0.8059
35742,2021-01-01,2261,Sudbury and District Health Unit,0.0065,573.0,2.88,0.466,0.7401
35743,2021-01-01,4913,Southwestern Public Health,0.0591,740.0,3.5,0.2431,0.5869
35744,2021-01-01,2260,Simcoe Muskoka District Health Unit,0.0335,1769.0,2.95,0.2167,0.6336
35745,2021-01-01,2257,Renfrew County and District Health Unit,0.0102,323.0,2.97,0.3132,0.8053
35746,2021-01-01,2256,Porcupine Health Unit,0.0065,220.0,2.64,0.7865,0.9187
35747,2021-01-01,2255,Peterborough County-City Health Unit,0.0204,384.0,2.6,0.4421,0.9106
35748,2021-01-01,2253,Peel Regional Health Unit,0.13,3455.0,2.15,0.4872,0.8399
35749,2021-01-01,35,Ontario,0.0672,41706.0,2.81,0.4319,0.7829
35750,2021-01-01,2249,Northwestern Health Unit,0.0107,279.0,3.19,0.0713,0.3217
35751,2021-01-01,2247,North Bay Parry Sound District Health Unit,0.0078,420.0,3.23,0.2699,0.517
35752,2021-01-01,2246,Niagara Regional Area Health Unit,0.0587,1578.0,3.34,0.4958,0.8054
35753,2021-01-01,2244,Middlesex-London Health Unit,0.0534,1516.0,2.99,0.3004,0.7035
35754,2021-01-01,2243,"Leeds, Grenville and Lanark District Health Unit",0.0128,512.0,2.95,0.5079,0.9329
35755,2021-01-01,2242,Lambton Health Unit,0.067,666.0,5.08,0.1081,0.5761
35756,2021-01-01,2241,"Kingston, Frontenac and Lennox and Addington Health Unit",0.0074,850.0,4.0,0.8227,0.9611
35757,2021-01-01,5183,Huron Perth Health Unit,0.0301,560.0,4.0,0.2529,0.5954
35758,2021-01-01,2238,Hastings and Prince Edward Counties Health Unit,0.0078,571.0,3.39,0.6794,0.9225
35759,2021-01-01,2236,Halton Regional Health Unit,0.0645,1449.0,2.34,0.4385,0.8198
35760,2021-01-01,2235,"Haliburton, Kawartha, Pine Ridge District Health Unit",0.0207,600.0,3.18,0.202,0.7421
35761,2021-01-01,2234,Haldimand-Norfolk Health Unit,0.0435,354.0,3.11,0.3481,0.7462
35762,2021-01-01,2233,Grey Bruce Health Unit,0.0119,431.0,2.54,0.129,0.6077
35763,2021-01-01,2258,Eastern Ontario Health Unit,0.0495,828.0,3.97,0.5277,0.8737
35764,2021-01-01,2230,Durham Regional Health Unit,0.062,1705.0,2.39,0.2849,0.7501
35765,2021-01-01,2226,District of Algoma Health Unit,0.0063,295.0,2.58,0.2007,0.6261
35766,2021-01-01,3895,City of Toronto Health Unit,0.0952,7848.0,2.52,0.6143,0.9054
35767,2021-01-01,2251,City of Ottawa Health Unit,0.0403,2459.0,2.33,0.5375,0.8167
35768,2021-01-01,2237,City of Hamilton Health Unit,0.0681,2116.0,3.57,0.7091,0.9066
35769,2021-01-01,2240,Chatham-Kent Health Unit,0.0426,496.0,4.67,0.2424,0.6955
35770,2021-01-01,2227,Brant County Health Unit,0.042,534.0,3.44,0.2703,0.6847
35771,2020-12-31,2270,York Regional Health Unit,0.0999,2873.0,2.34,0.3271,0.7255
35772,2020-12-31,2268,Windsor-Essex County Health Unit,0.1261,1505.0,3.54,0.1437,0.4945
35773,2020-12-31,2266,Wellington-Dufferin-Guelph Health Unit,0.0536,974.0,3.12,0.2578,0.7168
35774,2020-12-31,2265,Waterloo Health Unit,0.0532,1666.0,2.85,0.2979,0.7197
35775,2020-12-31,2263,Timiskaming Health Unit,0.0215,113.0,3.46,0.5804,0.7869
35776,2020-12-31,2262,Thunder Bay District Health Unit,0.009,510.0,3.4,0.335,0.8007
35777,2020-12-31,2261,Sudbury and District Health Unit,0.0075,533.0,2.68,0.4365,0.7225
35778,2020-12-31,4913,Southwestern Public Health,0.0614,731.0,3.46,0.2466,0.5574
35779,2020-12-31,2260,Simcoe Muskoka District Health Unit,0.0334,1757.0,2.93,0.2048,0.5651
35780,2020-12-31,2257,Renfrew County and District Health Unit,0.0067,300.0,2.76,0.3882,0.8669
35781,2020-12-31,2256,Porcupine Health Unit,0.0058,221.0,2.64,0.8004,0.9153
35782,2020-12-31,2255,Peterborough County-City Health Unit,0.0209,382.0,2.58,0.4094,0.8516
35783,2020-12-31,2253,Peel Regional Health Unit,0.1279,3413.0,2.12,0.4733,0.8234
35784,2020-12-31,35,Ontario,0.0663,40755.0,2.75,0.4281,0.7701
35785,2020-12-31,2249,Northwestern Health Unit,0.0103,276.0,3.15,0.0721,0.3172
35786,2020-12-31,2247,North Bay Parry Sound District Health Unit,0.0079,415.0,3.2,0.2598,0.4705
35787,2020-12-31,2246,Niagara Regional Area Health Unit,0.0586,1525.0,3.23,0.5094,0.8173
35788,2020-12-31,2244,Middlesex-London Health Unit,0.0501,1469.0,2.89,0.2851,0.6635
35789,2020-12-31,2243,"Leeds, Grenville and Lanark District Health Unit",0.013,504.0,2.91,0.5474,0.9341
35790,2020-12-31,2242,Lambton Health Unit,0.0675,626.0,4.78,0.1069,0.5769
35791,2020-12-31,2241,"Kingston, Frontenac and Lennox and Addington Health Unit",0.0072,829.0,3.9,0.8272,0.9649
35792,2020-12-31,5183,Huron Perth Health Unit,0.0297,554.0,3.96,0.2488,0.5698
35793,2020-12-31,2238,Hastings and Prince Edward Counties Health Unit,0.0078,566.0,3.36,0.6733,0.9245
35794,2020-12-31,2236,Halton Regional Health Unit,0.064,1436.0,2.32,0.4251,0.778
35795,2020-12-31,2235,"Haliburton, Kawartha, Pine Ridge District Health Unit",0.0206,575.0,3.04,0.2066,0.7286
35796,2020-12-31,2234,Haldimand-Norfolk Health Unit,0.0426,348.0,3.05,0.3611,0.7445
35797,2020-12-31,2233,Grey Bruce Health Unit,0.0123,429.0,2.52,0.1397,0.5742
35798,2020-12-31,2258,Eastern Ontario Health Unit,0.0463,806.0,3.86,0.5283,0.8583
35799,2020-12-31,2230,Durham Regional Health Unit,0.06,1699.0,2.39,0.2777,0.7198
35800,2020-12-31,2226,District of Algoma Health Unit,0.0044,289.0,2.53,0.2042,0.542
35801,2020-12-31,3895,City of Toronto Health Unit,0.0934,7649.0,2.45,0.603,0.9047
35802,2020-12-31,2251,City of Ottawa Health Unit,0.0397,2368.0,2.24,0.5653,0.8478
35803,2020-12-31,2237,City of Hamilton Health Unit,0.0684,2080.0,3.51,0.705,0.9
35804,2020-12-31,2240,Chatham-Kent Health Unit,0.0368,458.0,4.31,0.1881,0.6856
35805,2020-12-31,2227,Brant County Health Unit,0.0369,504.0,3.25,0.2848,0.6857
35806,2020-12-30,2270,York Regional Health Unit,0.098,2926.0,2.39,0.3056,0.7075
35807,2020-12-30,2268,Windsor-Essex County Health Unit,0.1258,1493.0,3.51,0.1381,0.4546
35808,2020-12-30,2266,Wellington-Dufferin-Guelph Health Unit,0.0517,945.0,3.03,0.265,0.7232
35809,2020-12-30,2265,Waterloo Health Unit,0.0486,1643.0,2.81,0.2904,0.7
35810,2020-12-30,2263,Timiskaming Health Unit,0.0262,120.0,3.67,0.636,0.7794
35811,2020-12-30,2262,Thunder Bay District Health Unit,0.0091,471.0,3.14,0.3243,0.7161
35812,2020-12-30,2261,Sudbury and District Health Unit,0.0059,509.0,2.56,0.4093,0.6813
35813,2020-12-30,4913,Southwestern Public Health,0.0612,731.0,3.46,0.2319,0.5073
35814,2020-12-30,2260,Simcoe Muskoka District Health Unit,0.0337,1710.0,2.85,0.1843,0.5227
35815,2020-12-30,2257,Renfrew County and District Health Unit,0.0085,268.0,2.47,0.4148,0.8468
35816,2020-12-30,2256,Porcupine Health Unit,0.0053,214.0,2.56,0.7712,0.8972
35817,2020-12-30,2255,Peterborough County-City Health Unit,0.0206,368.0,2.48,0.3948,0.851
35818,2020-12-30,2253,Peel Regional Health Unit,0.1253,3396.0,2.11,0.463,0.818
35819,2020-12-30,35,Ontario,0.0654,40002.0,2.7,0.4212,0.7496
35820,2020-12-30,2249,Northwestern Health Unit,0.011,272.0,3.1,0.0721,0.3419
35821,2020-12-30,2247,North Bay Parry Sound District Health Unit,0.0078,403.0,3.11,0.2472,0.4121
35822,2020-12-30,2246,Niagara Regional Area Health Unit,0.0563,1516.0,3.21,0.4901,0.8234
35823,2020-12-30,2244,Middlesex-London Health Unit,0.05,1461.0,2.88,0.2763,0.6197
35824,2020-12-30,2243,"Leeds, Grenville and Lanark District Health Unit",0.0122,480.0,2.77,0.6063,0.9001
35825,2020-12-30,2242,Lambton Health Unit,0.0647,603.0,4.6,0.0995,0.4989
35826,2020-12-30,2241,"Kingston, Frontenac and Lennox and Addington Health Unit",0.0074,815.0,3.83,0.8733,0.9697
35827,2020-12-30,5183,Huron Perth Health Unit,0.0283,540.0,3.87,0.2345,0.4981
35828,2020-12-30,2238,Hastings and Prince Edward Counties Health Unit,0.0083,517.0,3.07,0.7249,0.9286
35829,2020-12-30,2236,Halton Regional Health Unit,0.0663,1396.0,2.25,0.4083,0.7367
35830,2020-12-30,2235,"Haliburton, Kawartha, Pine Ridge District Health Unit",0.0219,554.0,2.93,0.2188,0.6787
35831,2020-12-30,2234,Haldimand-Norfolk Health Unit,0.0367,358.0,3.14,0.3562,0.7315
35832,2020-12-30,2233,Grey Bruce Health Unit,0.0112,410.0,2.41,0.1724,0.5627
35833,2020-12-30,2258,Eastern Ontario Health Unit,0.0382,740.0,3.55,0.5122,0.8012
35834,2020-12-30,2230,Durham Regional Health Unit,0.0589,1667.0,2.34,0.2838,0.7112
35835,2020-12-30,2226,District of Algoma Health Unit,0.0036,277.0,2.42,0.1912,0.4144
35836,2020-12-30,3895,City of Toronto Health Unit,0.0913,7641.0,2.45,0.5932,0.9019
35837,2020-12-30,2251,City of Ottawa Health Unit,0.0378,2238.0,2.12,0.5439,0.8193
35838,2020-12-30,2237,City of Hamilton Health Unit,0.0651,2056.0,3.47,0.6969,0.8871
35839,2020-12-30,2240,Chatham-Kent Health Unit,0.0406,387.0,3.64,0.187,0.6714
35840,2020-12-30,2227,Brant County Health Unit,0.0375,514.0,3.31,0.2808,0.644
35841,2020-12-29,2270,York Regional Health Unit,0.0938,2871.0,2.34,0.3097,0.7215
35842,2020-12-29,2268,Windsor-Essex County Health Unit,0.1265,1472.0,3.46,0.1433,0.4545
35843,2020-12-29,2266,Wellington-Dufferin-Guelph Health Unit,0.0485,960.0,3.08,0.2438,0.7238
35844,2020-12-29,2265,Waterloo Health Unit,0.0451,1649.0,2.82,0.2873,0.7031
35845,2020-12-29,2263,Timiskaming Health Unit,0.0243,123.0,3.77,0.6219,0.7938
35846,2020-12-29,2262,Thunder Bay District Health Unit,0.0096,477.0,3.18,0.3588,0.7061
35847,2020-12-29,2261,Sudbury and District Health Unit,0.005,489.0,2.45,0.3904,0.7113
35848,2020-12-29,4913,Southwestern Public Health,0.0608,716.0,3.39,0.2259,0.5315
35849,2020-12-29,2260,Simcoe Muskoka District Health Unit,0.0327,1675.0,2.79,0.1758,0.5121
35850,2020-12-29,2257,Renfrew County and District Health Unit,0.0085,251.0,2.31,0.3831,0.8522
35851,2020-12-29,2256,Porcupine Health Unit,0.0032,177.0,2.12,0.709,0.876
35852,2020-12-29,2255,Peterborough County-City Health Unit,0.0207,365.0,2.47,0.3503,0.841
35853,2020-12-29,2253,Peel Regional Health Unit,0.1175,3415.0,2.13,0.4391,0.8177
35854,2020-12-29,35,Ontario,0.0621,39764.0,2.68,0.4047,0.7518
35855,2020-12-29,2249,Northwestern Health Unit,0.0121,247.0,2.82,0.0817,0.3761
35856,2020-12-29,2247,North Bay Parry Sound District Health Unit,0.0068,356.0,2.74,0.2363,0.3695
35857,2020-12-29,2246,Niagara Regional Area Health Unit,0.0542,1506.0,3.19,0.454,0.8225
35858,2020-12-29,2244,Middlesex-London Health Unit,0.0473,1527.0,3.01,0.2707,0.6331
35859,2020-12-29,2243,"Leeds, Grenville and Lanark District Health Unit",0.0108,438.0,2.53,0.5566,0.8914
35860,2020-12-29,2242,Lambton Health Unit,0.0577,572.0,4.37,0.0948,0.4758
35861,2020-12-29,2241,"Kingston, Frontenac and Lennox and Addington Health Unit",0.0074,810.0,3.81,0.8631,0.9714
35862,2020-12-29,5183,Huron Perth Health Unit,0.0283,535.0,3.83,0.2271,0.5163
35863,2020-12-29,2238,Hastings and Prince Edward Counties Health Unit,0.0059,530.0,3.15,0.7355,0.9312
35864,2020-12-29,2236,Halton Regional Health Unit,0.061,1405.0,2.27,0.3944,0.7077
35865,2020-12-29,2235,"Haliburton, Kawartha, Pine Ridge District Health Unit",0.0197,530.0,2.81,0.1924,0.6984
35866,2020-12-29,2234,Haldimand-Norfolk Health Unit,0.0325,351.0,3.08,0.307,0.7163
35867,2020-12-29,2233,Grey Bruce Health Unit,0.0087,426.0,2.51,0.168,0.5689
35868,2020-12-29,2258,Eastern Ontario Health Unit,0.0325,717.0,3.43,0.4561,0.808
35869,2020-12-29,2230,Durham Regional Health Unit,0.0537,1619.0,2.27,0.2568,0.7184
35870,2020-12-29,2226,District of Algoma Health Unit,0.003,242.0,2.11,0.1552,0.5059
35871,2020-12-29,3895,City of Toronto Health Unit,0.0872,7736.0,2.48,0.5722,0.9039
35872,2020-12-29,2251,City of Ottawa Health Unit,0.0341,2219.0,2.1,0.5171,0.8197
35873,2020-12-29,2237,City of Hamilton Health Unit,0.0594,2065.0,3.49,0.6842,0.8823
35874,2020-12-29,2240,Chatham-Kent Health Unit,0.0345,398.0,3.74,0.1941,0.6785
35875,2020-12-29,2227,Brant County Health Unit,0.0337,530.0,3.41,0.2735,0.6806
35876,2020-12-28,2270,York Regional Health Unit,0.089,2894.0,2.36,0.3532,0.7598
35877,2020-12-28,2268,Windsor-Essex County Health Unit,0.1226,1465.0,3.45,0.1498,0.4623
35878,2020-12-28,2266,Wellington-Dufferin-Guelph Health Unit,0.0434,981.0,3.14,0.2432,0.7115
35879,2020-12-28,2265,Waterloo Health Unit,0.0442,1654.0,2.83,0.2844,0.6997
35880,2020-12-28,2263,Timiskaming Health Unit,0.0275,120.0,3.66,0.6713,0.8118
35881,2020-12-28,2262,Thunder Bay District Health Unit,0.0097,470.0,3.13,0.4045,0.6981
35882,2020-12-28,2261,Sudbury and District Health Unit,0.0034,501.0,2.52,0.3913,0.7282
35883,2020-12-28,4913,Southwestern Public Health,0.05,726.0,3.43,0.1738,0.5028
35884,2020-12-28,2260,Simcoe Muskoka District Health Unit,0.0297,1788.0,2.98,0.1844,0.5002
35885,2020-12-28,2257,Renfrew County and District Health Unit,0.0091,204.0,1.88,0.3811,0.7986
35886,2020-12-28,2256,Porcupine Health Unit,0.0048,150.0,1.8,0.7316,0.8928
35887,2020-12-28,2255,Peterborough County-City Health Unit,0.0171,367.0,2.48,0.3896,0.8497
35888,2020-12-28,2253,Peel Regional Health Unit,0.1139,3394.0,2.11,0.4414,0.8066
35889,2020-12-28,35,Ontario,0.0593,39359.0,2.65,0.4119,0.7505
35890,2020-12-28,2249,Northwestern Health Unit,0.0118,229.0,2.62,0.0843,0.3653
35891,2020-12-28,2247,North Bay Parry Sound District Health Unit,0.0061,306.0,2.35,0.2056,0.3342
35892,2020-12-28,2246,Niagara Regional Area Health Unit,0.0492,1468.0,3.11,0.4551,0.825
35893,2020-12-28,2244,Middlesex-London Health Unit,0.045,1564.0,3.08,0.2642,0.6259
35894,2020-12-28,2243,"Leeds, Grenville and Lanark District Health Unit",0.0116,369.0,2.13,0.5669,0.8842
35895,2020-12-28,2242,Lambton Health Unit,0.0542,506.0,3.86,0.0969,0.4457
35896,2020-12-28,2241,"Kingston, Frontenac and Lennox and Addington Health Unit",0.0076,812.0,3.82,0.8699,0.9733
35897,2020-12-28,5183,Huron Perth Health Unit,0.0292,508.0,3.63,0.2228,0.5126
35898,2020-12-28,2238,Hastings and Prince Edward Counties Health Unit,0.0064,493.0,2.93,0.7646,0.937
35899,2020-12-28,2236,Halton Regional Health Unit,0.0583,1428.0,2.31,0.3757,0.673
35900,2020-12-28,2235,"Haliburton, Kawartha, Pine Ridge District Health Unit",0.0186,485.0,2.57,0.2284,0.719
35901,2020-12-28,2234,Haldimand-Norfolk Health Unit,0.0304,343.0,3.01,0.2904,0.6853
35902,2020-12-28,2233,Grey Bruce Health Unit,0.0093,428.0,2.52,0.1654,0.5669
35903,2020-12-28,2258,Eastern Ontario Health Unit,0.0277,640.0,3.07,0.4175,0.7881
35904,2020-12-28,2230,Durham Regional Health Unit,0.0457,1629.0,2.29,0.2844,0.7269
35905,2020-12-28,2226,District of Algoma Health Unit,0.0028,205.0,1.8,0.1376,0.4806
35906,2020-12-28,3895,City of Toronto Health Unit,0.0832,7781.0,2.49,0.5761,0.9039
35907,2020-12-28,2251,City of Ottawa Health Unit,0.0303,2190.0,2.08,0.5241,0.8145
35908,2020-12-28,2237,City of Hamilton Health Unit,0.0588,1961.0,3.31,0.6929,0.8876
35909,2020-12-28,2240,Chatham-Kent Health Unit,0.0309,407.0,3.83,0.1874,0.6755
35910,2020-12-28,2227,Brant County Health Unit,0.0305,520.0,3.35,0.2603,0.6767
35911,2020-12-27,2270,York Regional Health Unit,0.0824,3028.0,2.47,0.3625,0.8026
35912,2020-12-27,2268,Windsor-Essex County Health Unit,0.1163,1540.0,3.63,0.1302,0.4398
35913,2020-12-27,2266,Wellington-Dufferin-Guelph Health Unit,0.0414,1048.0,3.36,0.2085,0.6648
35914,2020-12-27,2265,Waterloo Health Unit,0.0433,1723.0,2.95,0.2675,0.6681
35915,2020-12-27,2263,Timiskaming Health Unit,0.0236,145.0,4.45,0.6259,0.7793
35916,2020-12-27,2262,Thunder Bay District Health Unit,0.0157,501.0,3.34,0.3273,0.6514
35917,2020-12-27,2261,Sudbury and District Health Unit,0.0029,582.0,2.93,0.3513,0.7294
35918,2020-12-27,4913,Southwestern Public Health,0.0433,749.0,3.54,0.1817,0.5028
35919,2020-12-27,2260,Simcoe Muskoka District Health Unit,0.0262,1912.0,3.19,0.1476,0.4368
35920,2020-12-27,2257,Renfrew County and District Health Unit,0.0059,219.0,2.02,0.3565,0.7726
35921,2020-12-27,2256,Porcupine Health Unit,0.0068,168.0,2.02,0.7341,0.8906
35922,2020-12-27,2255,Peterborough County-City Health Unit,0.0167,385.0,2.6,0.3772,0.8382
35923,2020-12-27,2253,Peel Regional Health Unit,0.1031,3562.0,2.22,0.4121,0.7867
35924,2020-12-27,35,Ontario,0.0536,42106.0,2.84,0.3909,0.7356
35925,2020-12-27,2249,Northwestern Health Unit,0.0121,236.0,2.69,0.0677,0.3012
35926,2020-12-27,2247,North Bay Parry Sound District Health Unit,0.0083,345.0,2.66,0.1908,0.3246
35927,2020-12-27,2246,Niagara Regional Area Health Unit,0.0489,1548.0,3.28,0.4508,0.8149
35928,2020-12-27,2244,Middlesex-London Health Unit,0.0385,1661.0,3.27,0.2542,0.5972
35929,2020-12-27,2243,"Leeds, Grenville and Lanark District Health Unit",0.0084,408.0,2.35,0.5476,0.883
35930,2020-12-27,2242,Lambton Health Unit,0.0438,518.0,3.96,0.0651,0.4215
35931,2020-12-27,2241,"Kingston, Frontenac and Lennox and Addington Health Unit",0.0072,879.0,4.13,0.8657,0.9687
35932,2020-12-27,5183,Huron Perth Health Unit,0.0261,574.0,4.11,0.1993,0.4707
35933,2020-12-27,2238,Hastings and Prince Edward Counties Health Unit,0.005,539.0,3.2,0.7675,0.9309
35934,2020-12-27,2236,Halton Regional Health Unit,0.0541,1476.0,2.38,0.3431,0.6251
35935,2020-12-27,2235,"Haliburton, Kawartha, Pine Ridge District Health Unit",0.0135,573.0,3.03,0.2395,0.7171
35936,2020-12-27,2234,Haldimand-Norfolk Health Unit,0.025,371.0,3.25,0.303,0.7009
35937,2020-12-27,2233,Grey Bruce Health Unit,0.0101,438.0,2.58,0.1484,0.5465
35938,2020-12-27,2258,Eastern Ontario Health Unit,0.0251,705.0,3.38,0.4098,0.7814
35939,2020-12-27,2230,Durham Regional Health Unit,0.0441,1789.0,2.51,0.2807,0.7277
35940,2020-12-27,2226,District of Algoma Health Unit,0.0028,304.0,2.66,0.1277,0.4749
35941,2020-12-27,3895,City of Toronto Health Unit,0.0759,8265.0,2.65,0.5416,0.8969
35942,2020-12-27,2251,City of Ottawa Health Unit,0.0233,2466.0,2.34,0.5027,0.8003
35943,2020-12-27,2237,City of Hamilton Health Unit,0.0524,2063.0,3.48,0.6844,0.8812
35944,2020-12-27,2240,Chatham-Kent Health Unit,0.031,406.0,3.82,0.1727,0.635
35945,2020-12-27,2227,Brant County Health Unit,0.023,590.0,3.8,0.2367,0.6645
35946,2020-12-26,2270,York Regional Health Unit,0.0766,3038.0,2.48,0.3523,0.8116
35947,2020-12-26,2268,Windsor-Essex County Health Unit,0.115,1503.0,3.54,0.1201,0.4728
35948,2020-12-26,2266,Wellington-Dufferin-Guelph Health Unit,0.0395,1045.0,3.35,0.176,0.6468
35949,2020-12-26,2265,Waterloo Health Unit,0.0413,1752.0,3.0,0.2376,0.6279
35950,2020-12-26,2263,Timiskaming Health Unit,0.0204,147.0,4.49,0.5574,0.7767
35951,2020-12-26,2262,Thunder Bay District Health Unit,0.0175,474.0,3.16,0.3127,0.6395
35952,2020-12-26,2261,Sudbury and District Health Unit,0.0037,583.0,2.93,0.3559,0.7451
35953,2020-12-26,4913,Southwestern Public Health,0.0421,767.0,3.63,0.1762,0.5193
35954,2020-12-26,2260,Simcoe Muskoka District Health Unit,0.0257,1895.0,3.16,0.1312,0.4303
35955,2020-12-26,2257,Renfrew County and District Health Unit,0.0046,217.0,1.99,0.3861,0.7848
35956,2020-12-26,2256,Porcupine Health Unit,0.0058,173.0,2.07,0.7294,0.8914
35957,2020-12-26,2255,Peterborough County-City Health Unit,0.0157,383.0,2.59,0.361,0.8256
35958,2020-12-26,2253,Peel Regional Health Unit,0.0991,3568.0,2.22,0.3799,0.7924
35959,2020-12-26,35,Ontario,0.0511,42244.0,2.85,0.3656,0.7332
35960,2020-12-26,2249,Northwestern Health Unit,0.0112,230.0,2.62,0.0695,0.3234
35961,2020-12-26,2247,North Bay Parry Sound District Health Unit,0.0068,355.0,2.73,0.1651,0.3244
35962,2020-12-26,2246,Niagara Regional Area Health Unit,0.0471,1535.0,3.25,0.4263,0.7872
35963,2020-12-26,2244,Middlesex-London Health Unit,0.0364,1675.0,3.3,0.2425,0.6249
35964,2020-12-26,2243,"Leeds, Grenville and Lanark District Health Unit",0.0062,412.0,2.38,0.514,0.8767
35965,2020-12-26,2242,Lambton Health Unit,0.0384,487.0,3.72,0.0613,0.3993
35966,2020-12-26,2241,"Kingston, Frontenac and Lennox and Addington Health Unit",0.0068,897.0,4.22,0.8613,0.9703
35967,2020-12-26,5183,Huron Perth Health Unit,0.0257,562.0,4.02,0.1789,0.4614
35968,2020-12-26,2238,Hastings and Prince Edward Counties Health Unit,0.0056,562.0,3.34,0.7543,0.9269
35969,2020-12-26,2236,Halton Regional Health Unit,0.0507,1494.0,2.41,0.3141,0.6148
35970,2020-12-26,2235,"Haliburton, Kawartha, Pine Ridge District Health Unit",0.0122,586.0,3.1,0.2355,0.7234
35971,2020-12-26,2234,Haldimand-Norfolk Health Unit,0.0247,399.0,3.5,0.2996,0.713
35972,2020-12-26,2233,Grey Bruce Health Unit,0.0097,441.0,2.6,0.1333,0.5414
35973,2020-12-26,2258,Eastern Ontario Health Unit,0.0246,698.0,3.34,0.3738,0.7846
35974,2020-12-26,2230,Durham Regional Health Unit,0.041,1831.0,2.57,0.2387,0.6919
35975,2020-12-26,2226,District of Algoma Health Unit,0.0024,300.0,2.62,0.1032,0.5336
35976,2020-12-26,3895,City of Toronto Health Unit,0.0727,8339.0,2.67,0.5113,0.8928
35977,2020-12-26,2251,City of Ottawa Health Unit,0.0218,2446.0,2.32,0.4885,0.8174
35978,2020-12-26,2237,City of Hamilton Health Unit,0.0486,2067.0,3.49,0.6318,0.8616
35979,2020-12-26,2240,Chatham-Kent Health Unit,0.0304,399.0,3.75,0.1599,0.6646
35980,2020-12-26,2227,Brant County Health Unit,0.0242,596.0,3.84,0.2287,0.6903
35981,2020-12-25,2270,York Regional Health Unit,0.0731,3182.0,2.6,0.3585,0.8343
35982,2020-12-25,2268,Windsor-Essex County Health Unit,0.1115,1543.0,3.63,0.1383,0.4831
35983,2020-12-25,2266,Wellington-Dufferin-Guelph Health Unit,0.0332,1071.0,3.44,0.1815,0.646
35984,2020-12-25,2265,Waterloo Health Unit,0.0403,1788.0,3.06,0.2356,0.6335
35985,2020-12-25,2263,Timiskaming Health Unit,0.0222,155.0,4.73,0.5497,0.7639
35986,2020-12-25,2262,Thunder Bay District Health Unit,0.0161,525.0,3.5,0.3141,0.6591
35987,2020-12-25,2261,Sudbury and District Health Unit,0.0034,624.0,3.13,0.3811,0.7882
35988,2020-12-25,4913,Southwestern Public Health,0.0434,807.0,3.82,0.1914,0.5633
35989,2020-12-25,2260,Simcoe Muskoka District Health Unit,0.0249,1936.0,3.23,0.1413,0.4574
35990,2020-12-25,2257,Renfrew County and District Health Unit,0.0049,261.0,2.41,0.4472,0.8081
35991,2020-12-25,2256,Porcupine Health Unit,0.0078,184.0,2.2,0.7397,0.9143
35992,2020-12-25,2255,Peterborough County-City Health Unit,0.014,389.0,2.63,0.3893,0.8444
35993,2020-12-25,2253,Peel Regional Health Unit,0.097,3730.0,2.32,0.3887,0.8052
35994,2020-12-25,35,Ontario,0.0486,43684.0,2.95,0.3786,0.7495
35995,2020-12-25,2249,Northwestern Health Unit,0.0082,227.0,2.59,0.0802,0.3549
35996,2020-12-25,2247,North Bay Parry Sound District Health Unit,0.0065,372.0,2.87,0.1649,0.3449
35997,2020-12-25,2246,Niagara Regional Area Health Unit,0.0448,1524.0,3.23,0.4348,0.7849
35998,2020-12-25,2244,Middlesex-London Health Unit,0.0352,1715.0,3.38,0.2564,0.6763
35999,2020-12-25,2243,"Leeds, Grenville and Lanark District Health Unit",0.005,425.0,2.46,0.5446,0.8952
36000,2020-12-25,2242,Lambton Health Unit,0.0387,513.0,3.92,0.0691,0.4238
36001,2020-12-25,2241,"Kingston, Frontenac and Lennox and Addington Health Unit",0.0064,921.0,4.33,0.8561,0.9652
36002,2020-12-25,5183,Huron Perth Health Unit,0.0273,550.0,3.93,0.202,0.4908
36003,2020-12-25,2238,Hastings and Prince Edward Counties Health Unit,0.0057,577.0,3.42,0.7809,0.9442
36004,2020-12-25,2236,Halton Regional Health Unit,0.0475,1537.0,2.48,0.3376,0.6283
36005,2020-12-25,2235,"Haliburton, Kawartha, Pine Ridge District Health Unit",0.0116,602.0,3.19,0.2495,0.7352
36006,2020-12-25,2234,Haldimand-Norfolk Health Unit,0.0254,432.0,3.79,0.2956,0.6721
36007,2020-12-25,2233,Grey Bruce Health Unit,0.0093,459.0,2.7,0.1503,0.5851
36008,2020-12-25,2258,Eastern Ontario Health Unit,0.022,701.0,3.36,0.3965,0.8295
36009,2020-12-25,2230,Durham Regional Health Unit,0.0383,1903.0,2.67,0.239,0.7034
36010,2020-12-25,2226,District of Algoma Health Unit,0.0023,314.0,2.74,0.105,0.5822
36011,2020-12-25,3895,City of Toronto Health Unit,0.0687,8814.0,2.82,0.5176,0.8955
36012,2020-12-25,2251,City of Ottawa Health Unit,0.0192,2472.0,2.34,0.5209,0.8368
36013,2020-12-25,2237,City of Hamilton Health Unit,0.0412,2022.0,3.42,0.6193,0.8444
36014,2020-12-25,2240,Chatham-Kent Health Unit,0.0226,386.0,3.63,0.1935,0.6876
36015,2020-12-25,2227,Brant County Health Unit,0.0225,615.0,3.96,0.2575,0.7436
36016,2020-12-24,2270,York Regional Health Unit,0.0667,3518.0,2.87,0.3424,0.8352
36017,2020-12-24,2268,Windsor-Essex County Health Unit,0.1083,1750.0,4.12,0.1464,0.5215
36018,2020-12-24,2266,Wellington-Dufferin-Guelph Health Unit,0.0313,1242.0,3.98,0.1873,0.633
36019,2020-12-24,2265,Waterloo Health Unit,0.0399,1971.0,3.37,0.2466,0.6247
36020,2020-12-24,2263,Timiskaming Health Unit,0.0208,192.0,5.89,0.5217,0.7794
36021,2020-12-24,2262,Thunder Bay District Health Unit,0.0149,622.0,4.15,0.2798,0.6176
36022,2020-12-24,2261,Sudbury and District Health Unit,0.0029,680.0,3.42,0.4158,0.7924
36023,2020-12-24,4913,Southwestern Public Health,0.0388,883.0,4.17,0.2117,0.6027
36024,2020-12-24,2260,Simcoe Muskoka District Health Unit,0.0251,2207.0,3.68,0.1426,0.4593
36025,2020-12-24,2257,Renfrew County and District Health Unit,0.0047,302.0,2.78,0.3937,0.7513
36026,2020-12-24,2256,Porcupine Health Unit,0.0067,214.0,2.56,0.6845,0.8814
36027,2020-12-24,2255,Peterborough County-City Health Unit,0.0134,437.0,2.95,0.4441,0.8838
36028,2020-12-24,2253,Peel Regional Health Unit,0.0929,4271.0,2.66,0.3856,0.7979
36029,2020-12-24,35,Ontario,0.046,49033.0,3.31,0.3826,0.7513
36030,2020-12-24,2249,Northwestern Health Unit,0.0076,262.0,2.98,0.0741,0.3352
36031,2020-12-24,2247,North Bay Parry Sound District Health Unit,0.006,429.0,3.31,0.1982,0.4754
36032,2020-12-24,2246,Niagara Regional Area Health Unit,0.0425,1687.0,3.57,0.4796,0.7781
36033,2020-12-24,2244,Middlesex-London Health Unit,0.0344,1938.0,3.82,0.2702,0.7122
36034,2020-12-24,2243,"Leeds, Grenville and Lanark District Health Unit",0.0051,506.0,2.92,0.5407,0.8898
36035,2020-12-24,2242,Lambton Health Unit,0.0352,564.0,4.31,0.0768,0.4159
36036,2020-12-24,2241,"Kingston, Frontenac and Lennox and Addington Health Unit",0.0071,1021.0,4.8,0.8749,0.9689
36037,2020-12-24,5183,Huron Perth Health Unit,0.0254,625.0,4.47,0.2258,0.5079
36038,2020-12-24,2238,Hastings and Prince Edward Counties Health Unit,0.0064,665.0,3.95,0.8135,0.9436
36039,2020-12-24,2236,Halton Regional Health Unit,0.0459,1757.0,2.84,0.344,0.6344
36040,2020-12-24,2235,"Haliburton, Kawartha, Pine Ridge District Health Unit",0.0113,697.0,3.69,0.2507,0.7145
36041,2020-12-24,2234,Haldimand-Norfolk Health Unit,0.0244,463.0,4.06,0.3033,0.6589
36042,2020-12-24,2233,Grey Bruce Health Unit,0.0088,518.0,3.05,0.1509,0.5854
36043,2020-12-24,2258,Eastern Ontario Health Unit,0.0205,816.0,3.91,0.3838,0.8253
36044,2020-12-24,2230,Durham Regional Health Unit,0.0388,2145.0,3.01,0.2409,0.6953
36045,2020-12-24,2226,District of Algoma Health Unit,0.0023,375.0,3.28,0.1075,0.5961
36046,2020-12-24,3895,City of Toronto Health Unit,0.0646,9663.0,3.1,0.5013,0.8839
36047,2020-12-24,2251,City of Ottawa Health Unit,0.0185,2830.0,2.68,0.5318,0.8357
36048,2020-12-24,2237,City of Hamilton Health Unit,0.0363,2203.0,3.72,0.6221,0.8509
36049,2020-12-24,2240,Chatham-Kent Health Unit,0.0208,446.0,4.2,0.2133,0.7043
36050,2020-12-24,2227,Brant County Health Unit,0.0221,679.0,4.38,0.256,0.7004
36051,2020-12-23,2270,York Regional Health Unit,0.0623,3668.0,2.99,0.3225,0.8183
36052,2020-12-23,2268,Windsor-Essex County Health Unit,0.1003,1785.0,4.2,0.147,0.5083
36053,2020-12-23,2266,Wellington-Dufferin-Guelph Health Unit,0.0324,1327.0,4.25,0.1899,0.6251
36054,2020-12-23,2265,Waterloo Health Unit,0.0396,2129.0,3.64,0.2484,0.6121
36055,2020-12-23,2263,Timiskaming Health Unit,0.0166,189.0,5.8,0.4551,0.7675
36056,2020-12-23,2262,Thunder Bay District Health Unit,0.0145,671.0,4.48,0.2565,0.6075
36057,2020-12-23,2261,Sudbury and District Health Unit,0.0028,718.0,3.61,0.4609,0.8213
36058,2020-12-23,4913,Southwestern Public Health,0.0354,976.0,4.62,0.2006,0.6227
36059,2020-12-23,2260,Simcoe Muskoka District Health Unit,0.0244,2393.0,3.99,0.1456,0.4692
36060,2020-12-23,2257,Renfrew County and District Health Unit,0.0057,301.0,2.77,0.3885,0.7557
36061,2020-12-23,2256,Porcupine Health Unit,0.006,261.0,3.13,0.6707,0.8775
36062,2020-12-23,2255,Peterborough County-City Health Unit,0.0094,457.0,3.09,0.5157,0.8924
36063,2020-12-23,2253,Peel Regional Health Unit,0.0935,4450.0,2.77,0.3895,0.7997
36064,2020-12-23,35,Ontario,0.0439,51711.0,3.49,0.3811,0.7511
36065,2020-12-23,2249,Northwestern Health Unit,0.0087,280.0,3.19,0.0765,0.2991
36066,2020-12-23,2247,North Bay Parry Sound District Health Unit,0.0047,483.0,3.72,0.2027,0.5327
36067,2020-12-23,2246,Niagara Regional Area Health Unit,0.0416,1832.0,3.88,0.5082,0.7712
36068,2020-12-23,2244,Middlesex-London Health Unit,0.0322,2068.0,4.08,0.2674,0.6994
36069,2020-12-23,2243,"Leeds, Grenville and Lanark District Health Unit",0.0054,554.0,3.2,0.545,0.9049
36070,2020-12-23,2242,Lambton Health Unit,0.0324,630.0,4.81,0.0912,0.4187
36071,2020-12-23,2241,"Kingston, Frontenac and Lennox and Addington Health Unit",0.0071,1099.0,5.17,0.8766,0.9676
36072,2020-12-23,5183,Huron Perth Health Unit,0.0229,667.0,4.77,0.2146,0.5544
36073,2020-12-23,2238,Hastings and Prince Edward Counties Health Unit,0.0056,741.0,4.4,0.8269,0.944
36074,2020-12-23,2236,Halton Regional Health Unit,0.0435,1864.0,3.01,0.3421,0.6542
36075,2020-12-23,2235,"Haliburton, Kawartha, Pine Ridge District Health Unit",0.0103,746.0,3.95,0.2687,0.7385
36076,2020-12-23,2234,Haldimand-Norfolk Health Unit,0.0283,470.0,4.12,0.3212,0.6619
36077,2020-12-23,2233,Grey Bruce Health Unit,0.0085,552.0,3.25,0.1243,0.5491
36078,2020-12-23,2258,Eastern Ontario Health Unit,0.0186,859.0,4.11,0.3982,0.8472
36079,2020-12-23,2230,Durham Regional Health Unit,0.036,2286.0,3.21,0.2354,0.676
36080,2020-12-23,2226,District of Algoma Health Unit,0.0017,416.0,3.63,0.1217,0.6615
36081,2020-12-23,3895,City of Toronto Health Unit,0.0619,9934.0,3.18,0.4874,0.8776
36082,2020-12-23,2251,City of Ottawa Health Unit,0.0162,3007.0,2.85,0.5423,0.8483
36083,2020-12-23,2237,City of Hamilton Health Unit,0.0388,2256.0,3.81,0.5958,0.8342
36084,2020-12-23,2240,Chatham-Kent Health Unit,0.0186,454.0,4.27,0.183,0.6957
36085,2020-12-23,2227,Brant County Health Unit,0.0193,704.0,4.54,0.2955,0.7305
36086,2020-12-22,2270,York Regional Health Unit,0.0602,3733.0,3.05,0.2995,0.7961
36087,2020-12-22,2268,Windsor-Essex County Health Unit,0.0948,1824.0,4.29,0.1396,0.4755
36088,2020-12-22,2266,Wellington-Dufferin-Guelph Health Unit,0.0342,1311.0,4.2,0.1839,0.6176
36089,2020-12-22,2265,Waterloo Health Unit,0.0401,2139.0,3.66,0.2397,0.6048
36090,2020-12-22,2263,Timiskaming Health Unit,0.0163,184.0,5.64,0.3977,0.7393
36091,2020-12-22,2262,Thunder Bay District Health Unit,0.0165,674.0,4.49,0.2509,0.586
36092,2020-12-22,2261,Sudbury and District Health Unit,0.003,721.0,3.62,0.4671,0.8062
36093,2020-12-22,4913,Southwestern Public Health,0.0329,968.0,4.58,0.1868,0.5874
36094,2020-12-22,2260,Simcoe Muskoka District Health Unit,0.023,2395.0,3.99,0.1257,0.4649
36095,2020-12-22,2257,Renfrew County and District Health Unit,0.007,307.0,2.83,0.4028,0.7537
36096,2020-12-22,2256,Porcupine Health Unit,0.0062,300.0,3.59,0.7177,0.8866
36097,2020-12-22,2255,Peterborough County-City Health Unit,0.0072,439.0,2.97,0.5658,0.8972
36098,2020-12-22,2253,Peel Regional Health Unit,0.0932,4452.0,2.77,0.3751,0.7911
36099,2020-12-22,35,Ontario,0.0428,51777.0,3.49,0.3705,0.7377
36100,2020-12-22,2249,Northwestern Health Unit,0.0073,293.0,3.34,0.0732,0.2755
36101,2020-12-22,2247,North Bay Parry Sound District Health Unit,0.0053,514.0,3.96,0.2002,0.569
36102,2020-12-22,2246,Niagara Regional Area Health Unit,0.0389,1793.0,3.8,0.5233,0.7635
36103,2020-12-22,2244,Middlesex-London Health Unit,0.0321,2050.0,4.04,0.2622,0.6714
36104,2020-12-22,2243,"Leeds, Grenville and Lanark District Health Unit",0.0055,574.0,3.32,0.5845,0.9146
36105,2020-12-22,2242,Lambton Health Unit,0.0295,621.0,4.74,0.0899,0.4312
36106,2020-12-22,2241,"Kingston, Frontenac and Lennox and Addington Health Unit",0.0071,1088.0,5.11,0.8854,0.965
36107,2020-12-22,5183,Huron Perth Health Unit,0.0199,668.0,4.78,0.1885,0.5042
36108,2020-12-22,2238,Hastings and Prince Edward Counties Health Unit,0.0059,706.0,4.19,0.8159,0.9458
36109,2020-12-22,2236,Halton Regional Health Unit,0.043,1869.0,3.02,0.3102,0.6419
36110,2020-12-22,2235,"Haliburton, Kawartha, Pine Ridge District Health Unit",0.009,727.0,3.85,0.2686,0.7092
36111,2020-12-22,2234,Haldimand-Norfolk Health Unit,0.0283,470.0,4.12,0.3086,0.6559
36112,2020-12-22,2233,Grey Bruce Health Unit,0.011,519.0,3.06,0.1273,0.5042
36113,2020-12-22,2258,Eastern Ontario Health Unit,0.0166,849.0,4.07,0.4198,0.8408
36114,2020-12-22,2230,Durham Regional Health Unit,0.0374,2229.0,3.13,0.2302,0.668
36115,2020-12-22,2226,District of Algoma Health Unit,0.0014,420.0,3.67,0.1279,0.6371
36116,2020-12-22,3895,City of Toronto Health Unit,0.0596,10053.0,3.22,0.4753,0.8678
36117,2020-12-22,2251,City of Ottawa Health Unit,0.0141,3020.0,2.86,0.5378,0.8459
36118,2020-12-22,2237,City of Hamilton Health Unit,0.0374,2274.0,3.84,0.5674,0.8274
36119,2020-12-22,2240,Chatham-Kent Health Unit,0.0186,414.0,3.9,0.185,0.6619
36120,2020-12-22,2227,Brant County Health Unit,0.0188,700.0,4.51,0.2827,0.7182
36121,2020-12-21,2227,Brant County Health Unit,0.0185,702.0,4.52,0.2862,0.7267
36122,2020-12-21,2270,York Regional Health Unit,0.0569,3673.0,3.0,0.287,0.7913
36123,2020-12-21,2268,Windsor-Essex County Health Unit,0.0922,1777.0,4.18,0.1281,0.4498
36124,2020-12-21,2266,Wellington-Dufferin-Guelph Health Unit,0.0351,1306.0,4.19,0.1881,0.6149
36125,2020-12-21,2265,Waterloo Health Unit,0.0392,2095.0,3.58,0.2279,0.5877
36126,2020-12-21,2263,Timiskaming Health Unit,0.0143,170.0,5.21,0.3773,0.7232
36127,2020-12-21,2262,Thunder Bay District Health Unit,0.0169,702.0,4.68,0.2362,0.5729
36128,2020-12-21,2261,Sudbury and District Health Unit,0.003,671.0,3.37,0.4784,0.7988
36129,2020-12-21,4913,Southwestern Public Health,0.0327,949.0,4.49,0.2087,0.5804
36130,2020-12-21,2260,Simcoe Muskoka District Health Unit,0.0232,2326.0,3.88,0.1219,0.4566
36131,2020-12-21,2257,Renfrew County and District Health Unit,0.0073,331.0,3.05,0.4046,0.7806
36132,2020-12-21,2256,Porcupine Health Unit,0.0054,317.0,3.8,0.7021,0.8722
36133,2020-12-21,2255,Peterborough County-City Health Unit,0.008,411.0,2.78,0.5514,0.896
36134,2020-12-21,2253,Peel Regional Health Unit,0.0905,4410.0,2.75,0.3815,0.7945
36135,2020-12-21,35,Ontario,0.0425,50808.0,3.43,0.3619,0.7325
36136,2020-12-21,2249,Northwestern Health Unit,0.0065,265.0,3.03,0.0763,0.2812
36137,2020-12-21,2247,North Bay Parry Sound District Health Unit,0.0065,462.0,3.56,0.2323,0.6146
36138,2020-12-21,2246,Niagara Regional Area Health Unit,0.0408,1703.0,3.61,0.5257,0.7583
36139,2020-12-21,2244,Middlesex-London Health Unit,0.0335,1993.0,3.93,0.2502,0.6462
36140,2020-12-21,2243,"Leeds, Grenville and Lanark District Health Unit",0.0067,617.0,3.56,0.5816,0.9212
36141,2020-12-21,2242,Lambton Health Unit,0.0265,594.0,4.53,0.0841,0.4139
36142,2020-12-21,2241,"Kingston, Frontenac and Lennox and Addington Health Unit",0.0082,999.0,4.7,0.882,0.9627
36143,2020-12-21,5183,Huron Perth Health Unit,0.0159,665.0,4.76,0.2021,0.5031
36144,2020-12-21,2238,Hastings and Prince Edward Counties Health Unit,0.0055,703.0,4.17,0.8124,0.9464
36145,2020-12-21,2236,Halton Regional Health Unit,0.0419,1853.0,2.99,0.3031,0.6456
36146,2020-12-21,2235,"Haliburton, Kawartha, Pine Ridge District Health Unit",0.0097,689.0,3.65,0.2518,0.7009
36147,2020-12-21,2234,Haldimand-Norfolk Health Unit,0.028,469.0,4.11,0.3293,0.6844
36148,2020-12-21,2233,Grey Bruce Health Unit,0.0107,481.0,2.83,0.1336,0.5008
36149,2020-12-21,2258,Eastern Ontario Health Unit,0.0156,834.0,3.99,0.4128,0.8423
36150,2020-12-21,2230,Durham Regional Health Unit,0.0385,2179.0,3.06,0.1925,0.6396
36151,2020-12-21,2226,District of Algoma Health Unit,0.001,429.0,3.75,0.1621,0.6742
36152,2020-12-21,3895,City of Toronto Health Unit,0.0597,9966.0,3.19,0.4666,0.8655
36153,2020-12-21,2251,City of Ottawa Health Unit,0.0137,2940.0,2.79,0.5378,0.8495
36154,2020-12-21,2237,City of Hamilton Health Unit,0.0374,2273.0,3.84,0.5101,0.8153
36155,2020-12-21,2240,Chatham-Kent Health Unit,0.0186,385.0,3.62,0.1749,0.6395
36156,2020-12-20,2270,York Regional Health Unit,0.0567,3670.0,2.99,0.2725,0.7844
36157,2020-12-20,2268,Windsor-Essex County Health Unit,0.0951,1684.0,3.96,0.1364,0.4581
36158,2020-12-20,2266,Wellington-Dufferin-Guelph Health Unit,0.0338,1268.0,4.07,0.1785,0.5888
36159,2020-12-20,2265,Waterloo Health Unit,0.0406,2070.0,3.54,0.2115,0.5702
36160,2020-12-20,2263,Timiskaming Health Unit,0.0146,157.0,4.79,0.3834,0.7657
36161,2020-12-20,2262,Thunder Bay District Health Unit,0.0144,676.0,4.51,0.2585,0.5544
36162,2020-12-20,2261,Sudbury and District Health Unit,0.0036,596.0,3.0,0.4946,0.7902
36163,2020-12-20,4913,Southwestern Public Health,0.0348,937.0,4.43,0.187,0.5318
36164,2020-12-20,2260,Simcoe Muskoka District Health Unit,0.0229,2322.0,3.87,0.1209,0.4643
36165,2020-12-20,2257,Renfrew County and District Health Unit,0.0082,315.0,2.9,0.411,0.7884
36166,2020-12-20,2256,Porcupine Health Unit,0.0032,310.0,3.72,0.6882,0.8584
36167,2020-12-20,2255,Peterborough County-City Health Unit,0.0056,382.0,2.58,0.5592,0.9004
36168,2020-12-20,2253,Peel Regional Health Unit,0.0904,4460.0,2.78,0.3776,0.7799
36169,2020-12-20,35,Ontario,0.0434,49577.0,3.34,0.3566,0.7261
36170,2020-12-20,2249,Northwestern Health Unit,0.0057,250.0,2.85,0.0784,0.2941
36171,2020-12-20,2247,North Bay Parry Sound District Health Unit,0.0058,443.0,3.42,0.2326,0.614
36172,2020-12-20,2246,Niagara Regional Area Health Unit,0.0387,1614.0,3.42,0.5193,0.7766
36173,2020-12-20,2244,Middlesex-London Health Unit,0.0347,1962.0,3.87,0.2458,0.6378
36174,2020-12-20,2243,"Leeds, Grenville and Lanark District Health Unit",0.0078,606.0,3.5,0.5784,0.9176
36175,2020-12-20,2242,Lambton Health Unit,0.0264,585.0,4.47,0.0866,0.3884
36176,2020-12-20,2241,"Kingston, Frontenac and Lennox and Addington Health Unit",0.009,955.0,4.49,0.8853,0.9637
36177,2020-12-20,5183,Huron Perth Health Unit,0.0151,633.0,4.53,0.2027,0.499
36178,2020-12-20,2238,Hastings and Prince Edward Counties Health Unit,0.007,694.0,4.12,0.8054,0.9396
36179,2020-12-20,2236,Halton Regional Health Unit,0.0424,1824.0,2.95,0.2938,0.6526
36180,2020-12-20,2235,"Haliburton, Kawartha, Pine Ridge District Health Unit",0.0106,631.0,3.34,0.2395,0.6968
36181,2020-12-20,2234,Haldimand-Norfolk Health Unit,0.0264,460.0,4.04,0.2636,0.6218
36182,2020-12-20,2233,Grey Bruce Health Unit,0.0102,474.0,2.79,0.1304,0.4691
36183,2020-12-20,2258,Eastern Ontario Health Unit,0.0154,769.0,3.68,0.4219,0.8328
36184,2020-12-20,2230,Durham Regional Health Unit,0.0393,2135.0,3.0,0.1662,0.6196
36185,2020-12-20,2226,District of Algoma Health Unit,0.0004,365.0,3.19,0.1523,0.6415
36186,2020-12-20,3895,City of Toronto Health Unit,0.061,9828.0,3.15,0.4632,0.8567
36187,2020-12-20,2251,City of Ottawa Health Unit,0.013,2801.0,2.66,0.5508,0.8571
36188,2020-12-20,2237,City of Hamilton Health Unit,0.0407,2233.0,3.77,0.4691,0.8188
36189,2020-12-20,2240,Chatham-Kent Health Unit,0.0168,357.0,3.36,0.173,0.6208
36190,2020-12-20,2227,Brant County Health Unit,0.0221,653.0,4.21,0.2947,0.7311
36191,2020-12-19,2270,York Regional Health Unit,0.0574,3634.0,2.96,0.2775,0.7837
36192,2020-12-19,2268,Windsor-Essex County Health Unit,0.0962,1674.0,3.94,0.1403,0.4506
36193,2020-12-19,2266,Wellington-Dufferin-Guelph Health Unit,0.0347,1247.0,4.0,0.1821,0.5698
36194,2020-12-19,2265,Waterloo Health Unit,0.0398,2020.0,3.46,0.196,0.5679
36195,2020-12-19,2263,Timiskaming Health Unit,0.0145,148.0,4.52,0.3986,0.7229
36196,2020-12-19,2262,Thunder Bay District Health Unit,0.0138,675.0,4.5,0.2431,0.5814
36197,2020-12-19,2261,Sudbury and District Health Unit,0.0031,591.0,2.97,0.4735,0.756
36198,2020-12-19,4913,Southwestern Public Health,0.0326,912.0,4.31,0.195,0.5366
36199,2020-12-19,2260,Simcoe Muskoka District Health Unit,0.0216,2297.0,3.83,0.1189,0.4837
36200,2020-12-19,2257,Renfrew County and District Health Unit,0.0088,307.0,2.83,0.3782,0.8041
36201,2020-12-19,2256,Porcupine Health Unit,0.0037,309.0,3.7,0.685,0.8539
36202,2020-12-19,2255,Peterborough County-City Health Unit,0.0049,381.0,2.58,0.557,0.9046
36203,2020-12-19,2253,Peel Regional Health Unit,0.0917,4458.0,2.78,0.3817,0.7718
36204,2020-12-19,35,Ontario,0.0437,49143.0,3.31,0.3566,0.7269
36205,2020-12-19,2249,Northwestern Health Unit,0.0053,243.0,2.78,0.08,0.2943
36206,2020-12-19,2247,North Bay Parry Sound District Health Unit,0.0053,429.0,3.31,0.2143,0.5665
36207,2020-12-19,2246,Niagara Regional Area Health Unit,0.0364,1626.0,3.44,0.508,0.7673
36208,2020-12-19,2244,Middlesex-London Health Unit,0.0341,1916.0,3.78,0.244,0.619
36209,2020-12-19,2243,"Leeds, Grenville and Lanark District Health Unit",0.0081,598.0,3.45,0.5689,0.9065
36210,2020-12-19,2242,Lambton Health Unit,0.0267,578.0,4.41,0.0982,0.4275
36211,2020-12-19,2241,"Kingston, Frontenac and Lennox and Addington Health Unit",0.0087,940.0,4.42,0.8897,0.9642
36212,2020-12-19,5183,Huron Perth Health Unit,0.0159,640.0,4.58,0.2111,0.5061
36213,2020-12-19,2238,Hastings and Prince Edward Counties Health Unit,0.0073,688.0,4.08,0.8,0.9258
36214,2020-12-19,2236,Halton Regional Health Unit,0.0424,1804.0,2.91,0.2768,0.664
36215,2020-12-19,2235,"Haliburton, Kawartha, Pine Ridge District Health Unit",0.0109,630.0,3.33,0.2372,0.7025
36216,2020-12-19,2234,Haldimand-Norfolk Health Unit,0.0254,427.0,3.74,0.2688,0.6252
36217,2020-12-19,2233,Grey Bruce Health Unit,0.0104,467.0,2.75,0.1324,0.4532
36218,2020-12-19,2258,Eastern Ontario Health Unit,0.0152,782.0,3.75,0.4279,0.8417
36219,2020-12-19,2230,Durham Regional Health Unit,0.0404,2065.0,2.9,0.1693,0.6341
36220,2020-12-19,2226,District of Algoma Health Unit,0.0004,360.0,3.15,0.1624,0.602
36221,2020-12-19,3895,City of Toronto Health Unit,0.0613,9866.0,3.16,0.4639,0.859
36222,2020-12-19,2251,City of Ottawa Health Unit,0.0133,2750.0,2.61,0.56,0.8559
36223,2020-12-19,2237,City of Hamilton Health Unit,0.0415,2222.0,3.75,0.447,0.827
36224,2020-12-19,2240,Chatham-Kent Health Unit,0.0147,350.0,3.29,0.1928,0.6305
36225,2020-12-19,2227,Brant County Health Unit,0.0216,649.0,4.18,0.2838,0.7287
36226,2020-12-18,2270,York Regional Health Unit,0.0575,3574.0,2.92,0.2974,0.7851
36227,2020-12-18,2268,Windsor-Essex County Health Unit,0.0951,1689.0,3.98,0.1223,0.4426
36228,2020-12-18,2266,Wellington-Dufferin-Guelph Health Unit,0.0344,1237.0,3.97,0.1811,0.5584
36229,2020-12-18,2265,Waterloo Health Unit,0.0383,1991.0,3.41,0.2166,0.5814
36230,2020-12-18,2263,Timiskaming Health Unit,0.0131,142.0,4.35,0.4246,0.7562
36231,2020-12-18,2262,Thunder Bay District Health Unit,0.0135,623.0,4.16,0.2723,0.5812
36232,2020-12-18,2261,Sudbury and District Health Unit,0.0035,574.0,2.89,0.4771,0.743
36233,2020-12-18,4913,Southwestern Public Health,0.0292,880.0,4.16,0.1897,0.5382
36234,2020-12-18,2260,Simcoe Muskoka District Health Unit,0.0219,2300.0,3.84,0.1228,0.497
36235,2020-12-18,2257,Renfrew County and District Health Unit,0.0116,283.0,2.6,0.3763,0.7953
36236,2020-12-18,2256,Porcupine Health Unit,0.0028,302.0,3.62,0.6946,0.856
36237,2020-12-18,2255,Peterborough County-City Health Unit,0.0045,381.0,2.57,0.5407,0.8977
36238,2020-12-18,2253,Peel Regional Health Unit,0.0915,4472.0,2.78,0.3826,0.7715
36239,2020-12-18,35,Ontario,0.0436,48868.0,3.3,0.3585,0.7266
36240,2020-12-18,2249,Northwestern Health Unit,0.0053,242.0,2.76,0.088,0.355
36241,2020-12-18,2247,North Bay Parry Sound District Health Unit,0.0056,409.0,3.15,0.2233,0.5735
36242,2020-12-18,2246,Niagara Regional Area Health Unit,0.0361,1637.0,3.46,0.4996,0.758
36243,2020-12-18,2244,Middlesex-London Health Unit,0.0328,1914.0,3.77,0.2417,0.5958
36244,2020-12-18,2243,"Leeds, Grenville and Lanark District Health Unit",0.0093,597.0,3.45,0.5557,0.8982
36245,2020-12-18,2242,Lambton Health Unit,0.023,552.0,4.22,0.1093,0.472
36246,2020-12-18,2241,"Kingston, Frontenac and Lennox and Addington Health Unit",0.0089,935.0,4.4,0.8975,0.9654
36247,2020-12-18,5183,Huron Perth Health Unit,0.0168,646.0,4.62,0.2021,0.5196
36248,2020-12-18,2238,Hastings and Prince Edward Counties Health Unit,0.0062,695.0,4.13,0.7965,0.916
36249,2020-12-18,2236,Halton Regional Health Unit,0.0427,1805.0,2.92,0.2759,0.6921
36250,2020-12-18,2235,"Haliburton, Kawartha, Pine Ridge District Health Unit",0.0116,627.0,3.32,0.2329,0.7103
36251,2020-12-18,2234,Haldimand-Norfolk Health Unit,0.025,429.0,3.76,0.2795,0.6304
36252,2020-12-18,2233,Grey Bruce Health Unit,0.0111,462.0,2.72,0.1471,0.4507
36253,2020-12-18,2258,Eastern Ontario Health Unit,0.0159,774.0,3.71,0.4336,0.8342
36254,2020-12-18,2230,Durham Regional Health Unit,0.0411,2042.0,2.87,0.1674,0.6145
36255,2020-12-18,2226,District of Algoma Health Unit,0.0004,350.0,3.06,0.218,0.6112
36256,2020-12-18,3895,City of Toronto Health Unit,0.0606,9844.0,3.15,0.4619,0.8542
36257,2020-12-18,2251,City of Ottawa Health Unit,0.0137,2720.0,2.58,0.5687,0.8569
36258,2020-12-18,2237,City of Hamilton Health Unit,0.0429,2284.0,3.86,0.4127,0.8216
36259,2020-12-18,2240,Chatham-Kent Health Unit,0.0128,356.0,3.35,0.2733,0.6749
36260,2020-12-18,2227,Brant County Health Unit,0.024,643.0,4.14,0.2488,0.6782
36261,2020-12-17,2270,York Regional Health Unit,0.0596,3512.0,2.86,0.3317,0.7981
36262,2020-12-17,2268,Windsor-Essex County Health Unit,0.0925,1651.0,3.89,0.1137,0.4137
36263,2020-12-17,2266,Wellington-Dufferin-Guelph Health Unit,0.0357,1197.0,3.84,0.1816,0.5439
36264,2020-12-17,2265,Waterloo Health Unit,0.0396,1983.0,3.39,0.2155,0.5946
36265,2020-12-17,2263,Timiskaming Health Unit,0.0111,115.0,3.53,0.4165,0.7489
36266,2020-12-17,2262,Thunder Bay District Health Unit,0.0138,652.0,4.35,0.286,0.5847
36267,2020-12-17,2261,Sudbury and District Health Unit,0.0032,573.0,2.88,0.4835,0.7639
36268,2020-12-17,4913,Southwestern Public Health,0.0288,874.0,4.13,0.188,0.5312
36269,2020-12-17,2260,Simcoe Muskoka District Health Unit,0.021,2284.0,3.81,0.1318,0.5229
36270,2020-12-17,2257,Renfrew County and District Health Unit,0.0131,294.0,2.7,0.4634,0.848
36271,2020-12-17,2256,Porcupine Health Unit,0.0039,290.0,3.48,0.7105,0.8663
36272,2020-12-17,2255,Peterborough County-City Health Unit,0.0038,377.0,2.55,0.5161,0.8964
36273,2020-12-17,2253,Peel Regional Health Unit,0.0918,4412.0,2.75,0.3891,0.7705
36274,2020-12-17,35,Ontario,0.0439,48542.0,3.27,0.3644,0.7289
36275,2020-12-17,2249,Northwestern Health Unit,0.0053,241.0,2.74,0.0876,0.3788
36276,2020-12-17,2247,North Bay Parry Sound District Health Unit,0.0058,396.0,3.05,0.2242,0.5057
36277,2020-12-17,2246,Niagara Regional Area Health Unit,0.0361,1610.0,3.41,0.4911,0.7534
36278,2020-12-17,2244,Middlesex-London Health Unit,0.031,1873.0,3.69,0.2371,0.5689
36279,2020-12-17,2243,"Leeds, Grenville and Lanark District Health Unit",0.0103,582.0,3.36,0.5609,0.9096
36280,2020-12-17,2242,Lambton Health Unit,0.0226,537.0,4.1,0.113,0.447
36281,2020-12-17,2241,"Kingston, Frontenac and Lennox and Addington Health Unit",0.008,925.0,4.35,0.8979,0.9675
36282,2020-12-17,5183,Huron Perth Health Unit,0.0174,624.0,4.46,0.1938,0.5052
36283,2020-12-17,2238,Hastings and Prince Edward Counties Health Unit,0.0068,694.0,4.12,0.8007,0.9056
36284,2020-12-17,2236,Halton Regional Health Unit,0.0443,1824.0,2.95,0.2652,0.7129
36285,2020-12-17,2235,"Haliburton, Kawartha, Pine Ridge District Health Unit",0.0114,612.0,3.24,0.2542,0.752
36286,2020-12-17,2234,Haldimand-Norfolk Health Unit,0.0255,426.0,3.73,0.261,0.5946
36287,2020-12-17,2233,Grey Bruce Health Unit,0.0117,474.0,2.79,0.1505,0.4601
36288,2020-12-17,2258,Eastern Ontario Health Unit,0.0178,763.0,3.66,0.4673,0.8465
36289,2020-12-17,2230,Durham Regional Health Unit,0.0399,2042.0,2.87,0.1829,0.6134
36290,2020-12-17,2226,District of Algoma Health Unit,0.0,346.0,3.02,0.2386,0.6054
36291,2020-12-17,3895,City of Toronto Health Unit,0.0602,9890.0,3.17,0.476,0.8588
36292,2020-12-17,2251,City of Ottawa Health Unit,0.014,2678.0,2.54,0.58,0.8643
36293,2020-12-17,2237,City of Hamilton Health Unit,0.0484,2295.0,3.87,0.3665,0.8092
36294,2020-12-17,2240,Chatham-Kent Health Unit,0.0114,401.0,3.78,0.2676,0.6905
36295,2020-12-17,2227,Brant County Health Unit,0.0236,642.0,4.13,0.2441,0.6805
36296,2020-12-16,2270,York Regional Health Unit,0.0573,3444.0,2.81,0.3853,0.8275
36297,2020-12-16,2268,Windsor-Essex County Health Unit,0.0921,1644.0,3.87,0.1036,0.4424
36298,2020-12-16,2266,Wellington-Dufferin-Guelph Health Unit,0.0359,1202.0,3.85,0.1873,0.5533
36299,2020-12-16,2265,Waterloo Health Unit,0.0379,1976.0,3.38,0.2206,0.6018
36300,2020-12-16,2263,Timiskaming Health Unit,0.0066,108.0,3.31,0.4662,0.7363
36301,2020-12-16,2262,Thunder Bay District Health Unit,0.0149,643.0,4.29,0.3032,0.5916
36302,2020-12-16,2261,Sudbury and District Health Unit,0.0033,610.0,3.06,0.4928,0.7575
36303,2020-12-16,4913,Southwestern Public Health,0.0279,856.0,4.05,0.2102,0.5528
36304,2020-12-16,2260,Simcoe Muskoka District Health Unit,0.0184,2311.0,3.85,0.1408,0.5371
36305,2020-12-16,2257,Renfrew County and District Health Unit,0.0108,290.0,2.67,0.5244,0.8482
36306,2020-12-16,2256,Porcupine Health Unit,0.0037,270.0,3.24,0.6977,0.8404
36307,2020-12-16,2255,Peterborough County-City Health Unit,0.0042,376.0,2.54,0.448,0.8884
36308,2020-12-16,2253,Peel Regional Health Unit,0.0889,4470.0,2.78,0.3825,0.7777
36309,2020-12-16,35,Ontario,0.0433,48311.0,3.26,0.3726,0.7377
36310,2020-12-16,2249,Northwestern Health Unit,0.0036,236.0,2.69,0.0932,0.3975
36311,2020-12-16,2247,North Bay Parry Sound District Health Unit,0.0054,394.0,3.04,0.2278,0.5134
36312,2020-12-16,2246,Niagara Regional Area Health Unit,0.0332,1614.0,3.42,0.4995,0.7579
36313,2020-12-16,2244,Middlesex-London Health Unit,0.031,1832.0,3.61,0.2706,0.6144
36314,2020-12-16,2243,"Leeds, Grenville and Lanark District Health Unit",0.0127,597.0,3.45,0.5738,0.9103
36315,2020-12-16,2242,Lambton Health Unit,0.0205,487.0,3.72,0.1086,0.479
36316,2020-12-16,2241,"Kingston, Frontenac and Lennox and Addington Health Unit",0.0099,896.0,4.21,0.9079,0.9699
36317,2020-12-16,5183,Huron Perth Health Unit,0.0187,627.0,4.49,0.2224,0.4861
36318,2020-12-16,2238,Hastings and Prince Edward Counties Health Unit,0.0077,671.0,3.98,0.8035,0.9076
36319,2020-12-16,2236,Halton Regional Health Unit,0.0423,1824.0,2.95,0.2667,0.7145
36320,2020-12-16,2235,"Haliburton, Kawartha, Pine Ridge District Health Unit",0.0127,598.0,3.17,0.2378,0.7601
36321,2020-12-16,2234,Haldimand-Norfolk Health Unit,0.0217,428.0,3.75,0.2476,0.5642
36322,2020-12-16,2233,Grey Bruce Health Unit,0.0121,473.0,2.79,0.1614,0.5155
36323,2020-12-16,2258,Eastern Ontario Health Unit,0.0183,759.0,3.63,0.46,0.8286
36324,2020-12-16,2230,Durham Regional Health Unit,0.0409,2040.0,2.86,0.1827,0.6068
36325,2020-12-16,2226,District of Algoma Health Unit,0.0004,323.0,2.82,0.2293,0.6284
36326,2020-12-16,3895,City of Toronto Health Unit,0.0604,9884.0,3.17,0.4873,0.8665
36327,2020-12-16,2251,City of Ottawa Health Unit,0.0153,2612.0,2.48,0.5983,0.8553
36328,2020-12-16,2237,City of Hamilton Health Unit,0.0449,2305.0,3.89,0.3504,0.8209
36329,2020-12-16,2240,Chatham-Kent Health Unit,0.0111,401.0,3.77,0.2523,0.7082
36330,2020-12-16,2227,Brant County Health Unit,0.0246,655.0,4.22,0.2066,0.6408
36331,2020-12-15,2270,York Regional Health Unit,0.0571,3400.0,2.77,0.4354,0.8618
36332,2020-12-15,2268,Windsor-Essex County Health Unit,0.0892,1628.0,3.83,0.1057,0.4844
36333,2020-12-15,2266,Wellington-Dufferin-Guelph Health Unit,0.0352,1189.0,3.81,0.1776,0.5406
36334,2020-12-15,2265,Waterloo Health Unit,0.0381,1965.0,3.36,0.2286,0.6091
36335,2020-12-15,2263,Timiskaming Health Unit,0.0072,100.0,3.05,0.4971,0.7515
36336,2020-12-15,2262,Thunder Bay District Health Unit,0.0145,660.0,4.4,0.3005,0.6134
36337,2020-12-15,2261,Sudbury and District Health Unit,0.0024,656.0,3.29,0.4782,0.7728
36338,2020-12-15,4913,Southwestern Public Health,0.0261,865.0,4.09,0.2248,0.6035
36339,2020-12-15,2260,Simcoe Muskoka District Health Unit,0.0199,2296.0,3.83,0.1692,0.5735
36340,2020-12-15,2257,Renfrew County and District Health Unit,0.0157,273.0,2.51,0.5222,0.8694
36341,2020-12-15,2256,Porcupine Health Unit,0.003,237.0,2.84,0.5878,0.7739
36342,2020-12-15,2255,Peterborough County-City Health Unit,0.0042,371.0,2.51,0.4147,0.8868
36343,2020-12-15,2253,Peel Regional Health Unit,0.087,4431.0,2.76,0.3704,0.7808
36344,2020-12-15,35,Ontario,0.0427,48012.0,3.24,0.3782,0.7516
36345,2020-12-15,2249,Northwestern Health Unit,0.0025,230.0,2.62,0.0979,0.4015
36346,2020-12-15,2247,North Bay Parry Sound District Health Unit,0.005,368.0,2.84,0.2392,0.5227
36347,2020-12-15,2246,Niagara Regional Area Health Unit,0.035,1610.0,3.41,0.4945,0.7529
36348,2020-12-15,2244,Middlesex-London Health Unit,0.0272,1848.0,3.64,0.2733,0.6509
36349,2020-12-15,2243,"Leeds, Grenville and Lanark District Health Unit",0.0127,617.0,3.57,0.5513,0.9086
36350,2020-12-15,2242,Lambton Health Unit,0.0201,427.0,3.26,0.1129,0.4618
36351,2020-12-15,2241,"Kingston, Frontenac and Lennox and Addington Health Unit",0.0101,889.0,4.18,0.9022,0.972
36352,2020-12-15,5183,Huron Perth Health Unit,0.0177,621.0,4.44,0.2329,0.5211
36353,2020-12-15,2238,Hastings and Prince Edward Counties Health Unit,0.0096,681.0,4.04,0.8249,0.9041
36354,2020-12-15,2236,Halton Regional Health Unit,0.0432,1795.0,2.9,0.2831,0.7411
36355,2020-12-15,2235,"Haliburton, Kawartha, Pine Ridge District Health Unit",0.0143,588.0,3.11,0.2426,0.7942
36356,2020-12-15,2234,Haldimand-Norfolk Health Unit,0.0201,419.0,3.68,0.2303,0.5314
36357,2020-12-15,2233,Grey Bruce Health Unit,0.0096,490.0,2.88,0.1588,0.566
36358,2020-12-15,2258,Eastern Ontario Health Unit,0.0209,724.0,3.47,0.4611,0.833
36359,2020-12-15,2230,Durham Regional Health Unit,0.0398,2033.0,2.85,0.2006,0.6161
36360,2020-12-15,2226,District of Algoma Health Unit,0.0005,315.0,2.75,0.1961,0.6867
36361,2020-12-15,3895,City of Toronto Health Unit,0.0586,9852.0,3.16,0.4911,0.874
36362,2020-12-15,2251,City of Ottawa Health Unit,0.0156,2627.0,2.49,0.5952,0.8604
36363,2020-12-15,2237,City of Hamilton Health Unit,0.047,2302.0,3.89,0.3369,0.8199
36364,2020-12-15,2240,Chatham-Kent Health Unit,0.0106,403.0,3.79,0.257,0.7524
36365,2020-12-15,2227,Brant County Health Unit,0.0277,650.0,4.19,0.2069,0.6013
36366,2020-12-14,2270,York Regional Health Unit,0.0577,3382.0,2.76,0.4408,0.8654
36367,2020-12-14,2268,Windsor-Essex County Health Unit,0.0864,1664.0,3.92,0.1059,0.5059
36368,2020-12-14,2266,Wellington-Dufferin-Guelph Health Unit,0.0316,1186.0,3.8,0.1591,0.5013
36369,2020-12-14,2265,Waterloo Health Unit,0.0376,1955.0,3.35,0.2392,0.6119
36370,2020-12-14,2263,Timiskaming Health Unit,0.0088,97.0,2.97,0.5287,0.7748
36371,2020-12-14,2262,Thunder Bay District Health Unit,0.0131,666.0,4.44,0.3093,0.6375
36372,2020-12-14,2261,Sudbury and District Health Unit,0.0032,631.0,3.17,0.4832,0.7737
36373,2020-12-14,4913,Southwestern Public Health,0.0288,834.0,3.95,0.2157,0.6238
36374,2020-12-14,2260,Simcoe Muskoka District Health Unit,0.019,2275.0,3.79,0.2032,0.6088
36375,2020-12-14,2257,Renfrew County and District Health Unit,0.0205,237.0,2.18,0.5181,0.8728
36376,2020-12-14,2256,Porcupine Health Unit,0.0026,220.0,2.64,0.5864,0.7698
36377,2020-12-14,2255,Peterborough County-City Health Unit,0.0038,376.0,2.54,0.4374,0.887
36378,2020-12-14,2253,Peel Regional Health Unit,0.0853,4499.0,2.8,0.352,0.7781
36379,2020-12-14,35,Ontario,0.0418,47960.0,3.23,0.3758,0.7529
36380,2020-12-14,2249,Northwestern Health Unit,0.003,234.0,2.67,0.1066,0.4113
36381,2020-12-14,2247,North Bay Parry Sound District Health Unit,0.0034,383.0,2.95,0.2214,0.5073
36382,2020-12-14,2246,Niagara Regional Area Health Unit,0.0314,1587.0,3.36,0.492,0.7511
36383,2020-12-14,2244,Middlesex-London Health Unit,0.0247,1840.0,3.63,0.2781,0.6756
36384,2020-12-14,2243,"Leeds, Grenville and Lanark District Health Unit",0.0147,592.0,3.42,0.5428,0.8973
36385,2020-12-14,2242,Lambton Health Unit,0.0171,400.0,3.05,0.1332,0.5229
36386,2020-12-14,2241,"Kingston, Frontenac and Lennox and Addington Health Unit",0.0101,867.0,4.08,0.8955,0.9696
36387,2020-12-14,5183,Huron Perth Health Unit,0.0193,606.0,4.33,0.2329,0.531
36388,2020-12-14,2238,Hastings and Prince Edward Counties Health Unit,0.0105,708.0,4.2,0.8247,0.9008
36389,2020-12-14,2236,Halton Regional Health Unit,0.0412,1761.0,2.84,0.2862,0.7449
36390,2020-12-14,2235,"Haliburton, Kawartha, Pine Ridge District Health Unit",0.0134,619.0,3.27,0.2352,0.7935
36391,2020-12-14,2234,Haldimand-Norfolk Health Unit,0.0211,406.0,3.56,0.2144,0.5137
36392,2020-12-14,2233,Grey Bruce Health Unit,0.0105,516.0,3.04,0.1535,0.5598
36393,2020-12-14,2258,Eastern Ontario Health Unit,0.0222,702.0,3.36,0.4577,0.8328
36394,2020-12-14,2230,Durham Regional Health Unit,0.0395,2062.0,2.89,0.1958,0.6109
36395,2020-12-14,2226,District of Algoma Health Unit,0.0018,323.0,2.82,0.1735,0.6665
36396,2020-12-14,3895,City of Toronto Health Unit,0.0565,9973.0,3.2,0.484,0.8701
36397,2020-12-14,2251,City of Ottawa Health Unit,0.0149,2588.0,2.45,0.5833,0.8598
36398,2020-12-14,2237,City of Hamilton Health Unit,0.0468,2266.0,3.83,0.3455,0.8217
36399,2020-12-14,2240,Chatham-Kent Health Unit,0.0079,418.0,3.93,0.2553,0.7489
36400,2020-12-14,2227,Brant County Health Unit,0.0281,631.0,4.07,0.1831,0.5491
36401,2020-12-13,2270,York Regional Health Unit,0.058,3278.0,2.67,0.4388,0.8581
36402,2020-12-13,2268,Windsor-Essex County Health Unit,0.0782,1649.0,3.88,0.0994,0.5062
36403,2020-12-13,2266,Wellington-Dufferin-Guelph Health Unit,0.0312,1163.0,3.73,0.1661,0.5029
36404,2020-12-13,2265,Waterloo Health Unit,0.0357,1920.0,3.29,0.2649,0.6226
36405,2020-12-13,2263,Timiskaming Health Unit,0.0112,102.0,3.13,0.5384,0.7742
36406,2020-12-13,2262,Thunder Bay District Health Unit,0.0122,689.0,4.59,0.3237,0.6881
36407,2020-12-13,2261,Sudbury and District Health Unit,0.0027,683.0,3.43,0.5004,0.7848
36408,2020-12-13,4913,Southwestern Public Health,0.0253,824.0,3.9,0.2344,0.6891
36409,2020-12-13,2260,Simcoe Muskoka District Health Unit,0.0199,2308.0,3.85,0.2299,0.6391
36410,2020-12-13,2257,Renfrew County and District Health Unit,0.0185,254.0,2.34,0.4791,0.8305
36411,2020-12-13,2256,Porcupine Health Unit,0.0025,233.0,2.79,0.5707,0.7517
36412,2020-12-13,2255,Peterborough County-City Health Unit,0.0033,391.0,2.64,0.4332,0.8823
36413,2020-12-13,2253,Peel Regional Health Unit,0.0852,4508.0,2.81,0.3462,0.7922
36414,2020-12-13,35,Ontario,0.0408,47849.0,3.23,0.3806,0.757
36415,2020-12-13,2249,Northwestern Health Unit,0.0023,246.0,2.81,0.1328,0.4571
36416,2020-12-13,2247,North Bay Parry Sound District Health Unit,0.003,376.0,2.9,0.2435,0.5356
36417,2020-12-13,2246,Niagara Regional Area Health Unit,0.0289,1577.0,3.34,0.4715,0.7055
36418,2020-12-13,2244,Middlesex-London Health Unit,0.0253,1804.0,3.55,0.2841,0.7034
36419,2020-12-13,2243,"Leeds, Grenville and Lanark District Health Unit",0.0157,592.0,3.42,0.5382,0.8759
36420,2020-12-13,2242,Lambton Health Unit,0.0131,370.0,2.82,0.1188,0.5338
36421,2020-12-13,2241,"Kingston, Frontenac and Lennox and Addington Health Unit",0.0107,813.0,3.82,0.8798,0.9552
36422,2020-12-13,5183,Huron Perth Health Unit,0.0182,596.0,4.26,0.2288,0.5342
36423,2020-12-13,2238,Hastings and Prince Edward Counties Health Unit,0.0111,705.0,4.18,0.8238,0.8997
36424,2020-12-13,2236,Halton Regional Health Unit,0.0408,1752.0,2.83,0.2949,0.7567
36425,2020-12-13,2235,"Haliburton, Kawartha, Pine Ridge District Health Unit",0.0126,625.0,3.31,0.227,0.7925
36426,2020-12-13,2234,Haldimand-Norfolk Health Unit,0.0206,409.0,3.59,0.241,0.5391
36427,2020-12-13,2233,Grey Bruce Health Unit,0.0101,526.0,3.09,0.1472,0.5484
36428,2020-12-13,2258,Eastern Ontario Health Unit,0.0202,714.0,3.42,0.4533,0.8517
36429,2020-12-13,2230,Durham Regional Health Unit,0.0388,2006.0,2.82,0.2275,0.6384
36430,2020-12-13,2226,District of Algoma Health Unit,0.0015,372.0,3.25,0.1807,0.6979
36431,2020-12-13,3895,City of Toronto Health Unit,0.0554,9980.0,3.2,0.4911,0.8677
36432,2020-12-13,2251,City of Ottawa Health Unit,0.015,2659.0,2.52,0.5844,0.8512
36433,2020-12-13,2237,City of Hamilton Health Unit,0.0453,2203.0,3.72,0.3489,0.8064
36434,2020-12-13,2240,Chatham-Kent Health Unit,0.0077,444.0,4.18,0.2504,0.733
36435,2020-12-13,2227,Brant County Health Unit,0.0278,622.0,4.0,0.172,0.5049
36436,2020-12-12,2270,York Regional Health Unit,0.0563,3249.0,2.65,0.4382,0.8563
36437,2020-12-12,2268,Windsor-Essex County Health Unit,0.0737,1621.0,3.82,0.0959,0.5285
36438,2020-12-12,2266,Wellington-Dufferin-Guelph Health Unit,0.0305,1158.0,3.71,0.167,0.5204
36439,2020-12-12,2265,Waterloo Health Unit,0.035,1908.0,3.26,0.2597,0.6133
36440,2020-12-12,2263,Timiskaming Health Unit,0.0112,102.0,3.12,0.537,0.7881
36441,2020-12-12,2262,Thunder Bay District Health Unit,0.014,702.0,4.68,0.3234,0.6846
36442,2020-12-12,2261,Sudbury and District Health Unit,0.0025,686.0,3.45,0.5271,0.823
36443,2020-12-12,4913,Southwestern Public Health,0.0238,817.0,3.86,0.2198,0.7061
36444,2020-12-12,2260,Simcoe Muskoka District Health Unit,0.0203,2322.0,3.87,0.2442,0.6636
36445,2020-12-12,2257,Renfrew County and District Health Unit,0.0247,261.0,2.4,0.4825,0.7801
36446,2020-12-12,2256,Porcupine Health Unit,0.0018,242.0,2.9,0.5701,0.7613
36447,2020-12-12,2255,Peterborough County-City Health Unit,0.003,386.0,2.61,0.4421,0.8853
36448,2020-12-12,2253,Peel Regional Health Unit,0.0851,4563.0,2.84,0.3322,0.7975
36449,2020-12-12,35,Ontario,0.0403,47719.0,3.22,0.3834,0.759
36450,2020-12-12,2249,Northwestern Health Unit,0.0029,247.0,2.81,0.1034,0.4251
36451,2020-12-12,2247,North Bay Parry Sound District Health Unit,0.003,382.0,2.94,0.264,0.5927
36452,2020-12-12,2246,Niagara Regional Area Health Unit,0.0285,1553.0,3.29,0.4826,0.7079
36453,2020-12-12,2244,Middlesex-London Health Unit,0.0252,1791.0,3.53,0.2967,0.7618
36454,2020-12-12,2243,"Leeds, Grenville and Lanark District Health Unit",0.0172,590.0,3.41,0.5467,0.8706
36455,2020-12-12,2242,Lambton Health Unit,0.0124,368.0,2.81,0.1078,0.4879
36456,2020-12-12,2241,"Kingston, Frontenac and Lennox and Addington Health Unit",0.0111,798.0,3.75,0.8697,0.944
36457,2020-12-12,5183,Huron Perth Health Unit,0.0174,591.0,4.23,0.2367,0.5418
36458,2020-12-12,2238,Hastings and Prince Edward Counties Health Unit,0.0109,696.0,4.13,0.8228,0.8975
36459,2020-12-12,2236,Halton Regional Health Unit,0.0401,1719.0,2.78,0.3099,0.7822
36460,2020-12-12,2235,"Haliburton, Kawartha, Pine Ridge District Health Unit",0.0122,607.0,3.21,0.2158,0.7664
36461,2020-12-12,2234,Haldimand-Norfolk Health Unit,0.0214,406.0,3.56,0.2238,0.5254
36462,2020-12-12,2233,Grey Bruce Health Unit,0.0093,523.0,3.08,0.1433,0.5328
36463,2020-12-12,2258,Eastern Ontario Health Unit,0.0207,698.0,3.34,0.4579,0.8416
36464,2020-12-12,2230,Durham Regional Health Unit,0.0393,2020.0,2.83,0.2272,0.6383
36465,2020-12-12,2226,District of Algoma Health Unit,0.0015,372.0,3.25,0.1808,0.7276
36466,2020-12-12,3895,City of Toronto Health Unit,0.0553,9919.0,3.18,0.4988,0.858
36467,2020-12-12,2251,City of Ottawa Health Unit,0.0148,2740.0,2.6,0.5839,0.8496
36468,2020-12-12,2237,City of Hamilton Health Unit,0.044,2180.0,3.68,0.3724,0.7962
36469,2020-12-12,2240,Chatham-Kent Health Unit,0.0071,444.0,4.18,0.2424,0.7209
36470,2020-12-12,2227,Brant County Health Unit,0.0271,606.0,3.91,0.1828,0.4836
36471,2020-12-11,2270,York Regional Health Unit,0.0556,3251.0,2.65,0.4414,0.8583
36472,2020-12-11,2268,Windsor-Essex County Health Unit,0.0721,1586.0,3.73,0.0948,0.5471
36473,2020-12-11,2266,Wellington-Dufferin-Guelph Health Unit,0.0315,1142.0,3.66,0.156,0.5067
36474,2020-12-11,2265,Waterloo Health Unit,0.0348,1895.0,3.24,0.2364,0.5951
36475,2020-12-11,2263,Timiskaming Health Unit,0.0101,99.0,3.04,0.487,0.7346
36476,2020-12-11,2262,Thunder Bay District Health Unit,0.0149,709.0,4.73,0.3117,0.7164
36477,2020-12-11,2261,Sudbury and District Health Unit,0.0031,685.0,3.44,0.538,0.8358
36478,2020-12-11,4913,Southwestern Public Health,0.0226,814.0,3.85,0.2254,0.7448
36479,2020-12-11,2260,Simcoe Muskoka District Health Unit,0.0197,2329.0,3.88,0.2504,0.6824
36480,2020-12-11,2257,Renfrew County and District Health Unit,0.0219,267.0,2.46,0.4463,0.7766
36481,2020-12-11,2256,Porcupine Health Unit,0.0011,264.0,3.16,0.5515,0.774
36482,2020-12-11,2255,Peterborough County-City Health Unit,0.0037,386.0,2.61,0.4371,0.8765
36483,2020-12-11,2253,Peel Regional Health Unit,0.0842,4554.0,2.84,0.3189,0.7732
36484,2020-12-11,35,Ontario,0.04,47336.0,3.19,0.3815,0.7573
36485,2020-12-11,2249,Northwestern Health Unit,0.0029,245.0,2.79,0.0996,0.3751
36486,2020-12-11,2247,North Bay Parry Sound District Health Unit,0.0037,385.0,2.97,0.2499,0.592
36487,2020-12-11,2246,Niagara Regional Area Health Unit,0.027,1524.0,3.23,0.4888,0.7165
36488,2020-12-11,2244,Middlesex-London Health Unit,0.0257,1767.0,3.48,0.2904,0.8108
36489,2020-12-11,2243,"Leeds, Grenville and Lanark District Health Unit",0.0174,584.0,3.37,0.5545,0.854
36490,2020-12-11,2242,Lambton Health Unit,0.0117,367.0,2.8,0.1067,0.4894
36491,2020-12-11,2241,"Kingston, Frontenac and Lennox and Addington Health Unit",0.0122,786.0,3.7,0.8727,0.9454
36492,2020-12-11,5183,Huron Perth Health Unit,0.0157,592.0,4.23,0.2387,0.5582
36493,2020-12-11,2238,Hastings and Prince Edward Counties Health Unit,0.0107,680.0,4.04,0.8091,0.889
36494,2020-12-11,2236,Halton Regional Health Unit,0.0423,1685.0,2.72,0.3137,0.7848
36495,2020-12-11,2235,"Haliburton, Kawartha, Pine Ridge District Health Unit",0.0118,607.0,3.21,0.2296,0.7778
36496,2020-12-11,2234,Haldimand-Norfolk Health Unit,0.0217,389.0,3.41,0.1862,0.4948
36497,2020-12-11,2233,Grey Bruce Health Unit,0.0094,518.0,3.05,0.1411,0.5743
36498,2020-12-11,2258,Eastern Ontario Health Unit,0.0185,710.0,3.4,0.4513,0.839
36499,2020-12-11,2230,Durham Regional Health Unit,0.0389,2009.0,2.82,0.2321,0.6258
36500,2020-12-11,2226,District of Algoma Health Unit,0.0015,376.0,3.28,0.1415,0.7338
36501,2020-12-11,3895,City of Toronto Health Unit,0.0555,9757.0,3.13,0.5049,0.851
36502,2020-12-11,2251,City of Ottawa Health Unit,0.0147,2721.0,2.58,0.5711,0.8377
36503,2020-12-11,2237,City of Hamilton Health Unit,0.0432,2163.0,3.65,0.4064,0.8159
36504,2020-12-11,2240,Chatham-Kent Health Unit,0.0083,432.0,4.06,0.1406,0.7115
36505,2020-12-11,2227,Brant County Health Unit,0.0253,604.0,3.89,0.1701,0.4388
36506,2020-12-10,2270,York Regional Health Unit,0.0554,3330.0,2.72,0.4646,0.8563
36507,2020-12-10,2268,Windsor-Essex County Health Unit,0.065,1530.0,3.6,0.088,0.6038
36508,2020-12-10,2266,Wellington-Dufferin-Guelph Health Unit,0.0322,1132.0,3.63,0.1545,0.4848
36509,2020-12-10,2265,Waterloo Health Unit,0.0328,1892.0,3.24,0.2292,0.5661
36510,2020-12-10,2263,Timiskaming Health Unit,0.0114,100.0,3.05,0.494,0.7039
36511,2020-12-10,2262,Thunder Bay District Health Unit,0.0152,660.0,4.4,0.3148,0.7209
36512,2020-12-10,2261,Sudbury and District Health Unit,0.003,676.0,3.4,0.5661,0.8261
36513,2020-12-10,4913,Southwestern Public Health,0.0216,827.0,3.91,0.2181,0.7545
36514,2020-12-10,2260,Simcoe Muskoka District Health Unit,0.0208,2325.0,3.88,0.2801,0.6912
36515,2020-12-10,2257,Renfrew County and District Health Unit,0.0203,261.0,2.4,0.4097,0.7798
36516,2020-12-10,2256,Porcupine Health Unit,0.0,280.0,3.35,0.5299,0.7804
36517,2020-12-10,2255,Peterborough County-City Health Unit,0.0037,385.0,2.6,0.4442,0.8658
36518,2020-12-10,2253,Peel Regional Health Unit,0.084,4550.0,2.83,0.3147,0.7649
36519,2020-12-10,35,Ontario,0.0402,46849.0,3.16,0.3855,0.7552
36520,2020-12-10,2249,Northwestern Health Unit,0.0023,247.0,2.82,0.0989,0.3824
36521,2020-12-10,2247,North Bay Parry Sound District Health Unit,0.0033,391.0,3.01,0.2539,0.6528
36522,2020-12-10,2246,Niagara Regional Area Health Unit,0.0264,1503.0,3.18,0.4741,0.7027
36523,2020-12-10,2244,Middlesex-London Health Unit,0.0256,1739.0,3.43,0.3121,0.8317
36524,2020-12-10,2243,"Leeds, Grenville and Lanark District Health Unit",0.0173,585.0,3.38,0.5674,0.8375
36525,2020-12-10,2242,Lambton Health Unit,0.0117,365.0,2.79,0.1123,0.5509
36526,2020-12-10,2241,"Kingston, Frontenac and Lennox and Addington Health Unit",0.0126,762.0,3.58,0.8625,0.9371
36527,2020-12-10,5183,Huron Perth Health Unit,0.016,599.0,4.28,0.2346,0.6132
36528,2020-12-10,2238,Hastings and Prince Edward Counties Health Unit,0.0097,675.0,4.01,0.8059,0.8868
36529,2020-12-10,2236,Halton Regional Health Unit,0.0442,1650.0,2.67,0.328,0.7618
36530,2020-12-10,2235,"Haliburton, Kawartha, Pine Ridge District Health Unit",0.0118,608.0,3.22,0.2356,0.7644
36531,2020-12-10,2234,Haldimand-Norfolk Health Unit,0.0216,384.0,3.36,0.1856,0.5152
36532,2020-12-10,2233,Grey Bruce Health Unit,0.0085,506.0,2.98,0.1395,0.6108
36533,2020-12-10,2258,Eastern Ontario Health Unit,0.0175,687.0,3.29,0.472,0.8475
36534,2020-12-10,2230,Durham Regional Health Unit,0.0391,2019.0,2.83,0.2217,0.6098
36535,2020-12-10,2226,District of Algoma Health Unit,0.0016,364.0,3.18,0.1408,0.7742
36536,2020-12-10,3895,City of Toronto Health Unit,0.0572,9600.0,3.08,0.5131,0.8444
36537,2020-12-10,2251,City of Ottawa Health Unit,0.0157,2691.0,2.55,0.5686,0.835
36538,2020-12-10,2237,City of Hamilton Health Unit,0.0434,2109.0,3.56,0.4304,0.8091
36539,2020-12-10,2240,Chatham-Kent Health Unit,0.0096,371.0,3.49,0.189,0.7136
36540,2020-12-10,2227,Brant County Health Unit,0.0247,607.0,3.91,0.1663,0.43
36541,2020-12-09,2270,York Regional Health Unit,0.0576,3341.0,2.73,0.474,0.8534
36542,2020-12-09,2268,Windsor-Essex County Health Unit,0.0638,1502.0,3.54,0.1185,0.6343
36543,2020-12-09,2266,Wellington-Dufferin-Guelph Health Unit,0.0305,1138.0,3.65,0.1394,0.4591
36544,2020-12-09,2265,Waterloo Health Unit,0.0312,1942.0,3.32,0.2341,0.5549
36545,2020-12-09,2263,Timiskaming Health Unit,0.0126,102.0,3.13,0.4947,0.7039
36546,2020-12-09,2262,Thunder Bay District Health Unit,0.0147,671.0,4.48,0.3287,0.7445
36547,2020-12-09,2261,Sudbury and District Health Unit,0.0032,632.0,3.18,0.5683,0.8367
36548,2020-12-09,4913,Southwestern Public Health,0.022,831.0,3.93,0.2187,0.7429
36549,2020-12-09,2260,Simcoe Muskoka District Health Unit,0.0216,2309.0,3.85,0.2998,0.7018
36550,2020-12-09,2257,Renfrew County and District Health Unit,0.0202,268.0,2.47,0.3858,0.7736
36551,2020-12-09,2256,Porcupine Health Unit,0.0023,304.0,3.64,0.5406,0.7956
36552,2020-12-09,2255,Peterborough County-City Health Unit,0.0037,385.0,2.6,0.5167,0.8616
36553,2020-12-09,2253,Peel Regional Health Unit,0.0858,4447.0,2.77,0.3131,0.7542
36554,2020-12-09,35,Ontario,0.0399,46537.0,3.14,0.3926,0.7533
36555,2020-12-09,2249,Northwestern Health Unit,0.0032,268.0,3.05,0.0941,0.4098
36556,2020-12-09,2247,North Bay Parry Sound District Health Unit,0.0033,394.0,3.04,0.2561,0.6372
36557,2020-12-09,2246,Niagara Regional Area Health Unit,0.0241,1472.0,3.12,0.4716,0.7015
36558,2020-12-09,2244,Middlesex-London Health Unit,0.0237,1738.0,3.43,0.3183,0.8356
36559,2020-12-09,2243,"Leeds, Grenville and Lanark District Health Unit",0.0173,571.0,3.3,0.59,0.8295
36560,2020-12-09,2242,Lambton Health Unit,0.0084,392.0,2.99,0.1083,0.5611
36561,2020-12-09,2241,"Kingston, Frontenac and Lennox and Addington Health Unit",0.0124,712.0,3.35,0.8562,0.9341
36562,2020-12-09,5183,Huron Perth Health Unit,0.0157,601.0,4.3,0.2244,0.6267
36563,2020-12-09,2238,Hastings and Prince Edward Counties Health Unit,0.0089,692.0,4.11,0.798,0.8729
36564,2020-12-09,2236,Halton Regional Health Unit,0.0424,1619.0,2.62,0.3424,0.7564
36565,2020-12-09,2235,"Haliburton, Kawartha, Pine Ridge District Health Unit",0.0102,614.0,3.25,0.2536,0.7617
36566,2020-12-09,2234,Haldimand-Norfolk Health Unit,0.0204,378.0,3.31,0.1663,0.4996
36567,2020-12-09,2233,Grey Bruce Health Unit,0.0077,503.0,2.96,0.1255,0.5904
36568,2020-12-09,2258,Eastern Ontario Health Unit,0.0175,703.0,3.37,0.472,0.8541
36569,2020-12-09,2230,Durham Regional Health Unit,0.0416,1931.0,2.71,0.2343,0.6208
36570,2020-12-09,2226,District of Algoma Health Unit,0.0011,373.0,3.26,0.1333,0.768
36571,2020-12-09,3895,City of Toronto Health Unit,0.0571,9472.0,3.04,0.5216,0.8396
36572,2020-12-09,2251,City of Ottawa Health Unit,0.0146,2713.0,2.57,0.5783,0.8401
36573,2020-12-09,2237,City of Hamilton Health Unit,0.0427,2091.0,3.53,0.4386,0.8083
36574,2020-12-09,2240,Chatham-Kent Health Unit,0.0093,385.0,3.62,0.2038,0.6926
36575,2020-12-09,2227,Brant County Health Unit,0.022,599.0,3.86,0.1734,0.4
36576,2020-12-08,2270,York Regional Health Unit,0.0585,3241.0,2.64,0.4772,0.8482
36577,2020-12-08,2268,Windsor-Essex County Health Unit,0.0562,1554.0,3.66,0.1263,0.629
36578,2020-12-08,2266,Wellington-Dufferin-Guelph Health Unit,0.031,1110.0,3.56,0.129,0.4428
36579,2020-12-08,2265,Waterloo Health Unit,0.0294,1891.0,3.24,0.2237,0.5331
36580,2020-12-08,2263,Timiskaming Health Unit,0.0108,106.0,3.25,0.456,0.7053
36581,2020-12-08,2262,Thunder Bay District Health Unit,0.0128,650.0,4.33,0.3538,0.7332
36582,2020-12-08,2261,Sudbury and District Health Unit,0.0035,565.0,2.84,0.6046,0.822
36583,2020-12-08,4913,Southwestern Public Health,0.0203,810.0,3.83,0.2245,0.7295
36584,2020-12-08,2260,Simcoe Muskoka District Health Unit,0.0209,2229.0,3.72,0.3022,0.6927
36585,2020-12-08,2257,Renfrew County and District Health Unit,0.0144,277.0,2.55,0.4089,0.7554
36586,2020-12-08,2256,Porcupine Health Unit,0.0048,331.0,3.96,0.5857,0.829
36587,2020-12-08,2255,Peterborough County-City Health Unit,0.006,383.0,2.59,0.5404,0.8684
36588,2020-12-08,2253,Peel Regional Health Unit,0.0874,4449.0,2.77,0.3119,0.7531
36589,2020-12-08,35,Ontario,0.0397,45886.0,3.09,0.3975,0.749
36590,2020-12-08,2249,Northwestern Health Unit,0.0036,279.0,3.19,0.0922,0.3801
36591,2020-12-08,2247,North Bay Parry Sound District Health Unit,0.0032,408.0,3.14,0.2429,0.6207
36592,2020-12-08,2246,Niagara Regional Area Health Unit,0.0202,1479.0,3.13,0.4501,0.7085
36593,2020-12-08,2244,Middlesex-London Health Unit,0.0228,1676.0,3.3,0.354,0.8293
36594,2020-12-08,2243,"Leeds, Grenville and Lanark District Health Unit",0.0177,564.0,3.26,0.5804,0.825
36595,2020-12-08,2242,Lambton Health Unit,0.0084,427.0,3.26,0.0945,0.5706
36596,2020-12-08,2241,"Kingston, Frontenac and Lennox and Addington Health Unit",0.0127,688.0,3.23,0.8673,0.934
36597,2020-12-08,5183,Huron Perth Health Unit,0.016,598.0,4.28,0.2187,0.6365
36598,2020-12-08,2238,Hastings and Prince Edward Counties Health Unit,0.0081,686.0,4.07,0.789,0.8717
36599,2020-12-08,2236,Halton Regional Health Unit,0.0416,1592.0,2.57,0.3516,0.7533
36600,2020-12-08,2235,"Haliburton, Kawartha, Pine Ridge District Health Unit",0.0102,604.0,3.2,0.2761,0.7568
36601,2020-12-08,2234,Haldimand-Norfolk Health Unit,0.0192,372.0,3.26,0.1707,0.5352
36602,2020-12-08,2233,Grey Bruce Health Unit,0.0086,482.0,2.84,0.1085,0.5683
36603,2020-12-08,2258,Eastern Ontario Health Unit,0.0187,709.0,3.4,0.461,0.8466
36604,2020-12-08,2230,Durham Regional Health Unit,0.0437,1920.0,2.7,0.2257,0.6116
36605,2020-12-08,2226,District of Algoma Health Unit,0.0015,373.0,3.26,0.1565,0.721
36606,2020-12-08,3895,City of Toronto Health Unit,0.0577,9248.0,2.96,0.5279,0.8381
36607,2020-12-08,2251,City of Ottawa Health Unit,0.014,2759.0,2.62,0.5806,0.8384
36608,2020-12-08,2237,City of Hamilton Health Unit,0.0419,2025.0,3.42,0.4684,0.806
36609,2020-12-08,2240,Chatham-Kent Health Unit,0.0094,364.0,3.43,0.2186,0.6619
36610,2020-12-08,2227,Brant County Health Unit,0.0186,590.0,3.8,0.1536,0.3888
36611,2020-12-07,2270,York Regional Health Unit,0.0593,3161.0,2.58,0.4849,0.8519
36612,2020-12-07,2268,Windsor-Essex County Health Unit,0.0545,1464.0,3.45,0.1548,0.6448
36613,2020-12-07,2266,Wellington-Dufferin-Guelph Health Unit,0.0337,1095.0,3.51,0.1282,0.4606
36614,2020-12-07,2265,Waterloo Health Unit,0.0291,1839.0,3.15,0.2128,0.5237
36615,2020-12-07,2263,Timiskaming Health Unit,0.0097,103.0,3.15,0.4058,0.6672
36616,2020-12-07,2262,Thunder Bay District Health Unit,0.0186,653.0,4.36,0.3279,0.6669
36617,2020-12-07,2261,Sudbury and District Health Unit,0.0022,573.0,2.88,0.5894,0.8188
36618,2020-12-07,4913,Southwestern Public Health,0.0191,776.0,3.67,0.2647,0.7536
36619,2020-12-07,2260,Simcoe Muskoka District Health Unit,0.0211,2140.0,3.57,0.2882,0.683
36620,2020-12-07,2257,Renfrew County and District Health Unit,0.0104,289.0,2.66,0.411,0.7534
36621,2020-12-07,2256,Porcupine Health Unit,0.0056,330.0,3.95,0.6037,0.847
36622,2020-12-07,2255,Peterborough County-City Health Unit,0.0064,358.0,2.42,0.5178,0.8549
36623,2020-12-07,2253,Peel Regional Health Unit,0.0925,4348.0,2.71,0.2942,0.737
36624,2020-12-07,35,Ontario,0.0405,44740.0,3.02,0.394,0.7437
36625,2020-12-07,2249,Northwestern Health Unit,0.0038,298.0,3.4,0.08,0.368
36626,2020-12-07,2247,North Bay Parry Sound District Health Unit,0.0042,378.0,2.92,0.2161,0.6035
36627,2020-12-07,2246,Niagara Regional Area Health Unit,0.0188,1458.0,3.09,0.3994,0.6655
36628,2020-12-07,2244,Middlesex-London Health Unit,0.0235,1650.0,3.25,0.4074,0.8566
36629,2020-12-07,2243,"Leeds, Grenville and Lanark District Health Unit",0.0154,529.0,3.05,0.5711,0.8203
36630,2020-12-07,2242,Lambton Health Unit,0.0075,416.0,3.18,0.1086,0.5843
36631,2020-12-07,2241,"Kingston, Frontenac and Lennox and Addington Health Unit",0.0114,677.0,3.18,0.8675,0.9349
36632,2020-12-07,5183,Huron Perth Health Unit,0.017,587.0,4.2,0.2029,0.6441
36633,2020-12-07,2238,Hastings and Prince Edward Counties Health Unit,0.0078,643.0,3.82,0.7811,0.8688
36634,2020-12-07,2236,Halton Regional Health Unit,0.0433,1561.0,2.52,0.3594,0.7624
36635,2020-12-07,2235,"Haliburton, Kawartha, Pine Ridge District Health Unit",0.0104,589.0,3.12,0.2775,0.7413
36636,2020-12-07,2234,Haldimand-Norfolk Health Unit,0.0171,351.0,3.08,0.1552,0.4827
36637,2020-12-07,2233,Grey Bruce Health Unit,0.0085,422.0,2.48,0.0999,0.5799
36638,2020-12-07,2258,Eastern Ontario Health Unit,0.0186,683.0,3.27,0.4533,0.8407
36639,2020-12-07,2230,Durham Regional Health Unit,0.0435,1906.0,2.68,0.2216,0.5957
36640,2020-12-07,2226,District of Algoma Health Unit,0.0004,364.0,3.18,0.1409,0.67
36641,2020-12-07,3895,City of Toronto Health Unit,0.059,8968.0,2.87,0.5245,0.8399
36642,2020-12-07,2251,City of Ottawa Health Unit,0.0137,2780.0,2.64,0.5843,0.8375
36643,2020-12-07,2237,City of Hamilton Health Unit,0.0419,2016.0,3.4,0.492,0.7989
36644,2020-12-07,2240,Chatham-Kent Health Unit,0.0118,340.0,3.2,0.2387,0.6579
36645,2020-12-07,2227,Brant County Health Unit,0.0189,567.0,3.65,0.1397,0.3702
36646,2020-12-06,2270,York Regional Health Unit,0.0592,3147.0,2.57,0.4922,0.8561
36647,2020-12-06,2268,Windsor-Essex County Health Unit,0.0542,1404.0,3.31,0.1859,0.6969
36648,2020-12-06,2266,Wellington-Dufferin-Guelph Health Unit,0.0332,1098.0,3.52,0.1369,0.5029
36649,2020-12-06,2265,Waterloo Health Unit,0.0296,1836.0,3.14,0.1845,0.5138
36650,2020-12-06,2263,Timiskaming Health Unit,0.0058,99.0,3.03,0.3997,0.6447
36651,2020-12-06,2262,Thunder Bay District Health Unit,0.0192,596.0,3.97,0.3261,0.6263
36652,2020-12-06,2261,Sudbury and District Health Unit,0.0025,516.0,2.59,0.5514,0.7712
36653,2020-12-06,4913,Southwestern Public Health,0.019,776.0,3.67,0.2692,0.7568
36654,2020-12-06,2260,Simcoe Muskoka District Health Unit,0.0213,2015.0,3.36,0.2982,0.6878
36655,2020-12-06,2257,Renfrew County and District Health Unit,0.0112,267.0,2.46,0.4486,0.7898
36656,2020-12-06,2256,Porcupine Health Unit,0.0071,323.0,3.87,0.6143,0.8688
36657,2020-12-06,2255,Peterborough County-City Health Unit,0.0076,340.0,2.29,0.5201,0.8501
36658,2020-12-06,2253,Peel Regional Health Unit,0.0967,4252.0,2.65,0.2942,0.7432
36659,2020-12-06,35,Ontario,0.0412,43623.0,2.94,0.3982,0.7514
36660,2020-12-06,2249,Northwestern Health Unit,0.0043,301.0,3.43,0.0736,0.3506
36661,2020-12-06,2247,North Bay Parry Sound District Health Unit,0.0035,362.0,2.79,0.1965,0.5766
36662,2020-12-06,2246,Niagara Regional Area Health Unit,0.019,1397.0,2.96,0.397,0.6676
36663,2020-12-06,2244,Middlesex-London Health Unit,0.0217,1624.0,3.2,0.4243,0.8742
36664,2020-12-06,2243,"Leeds, Grenville and Lanark District Health Unit",0.0148,512.0,2.96,0.586,0.8447
36665,2020-12-06,2242,Lambton Health Unit,0.0076,434.0,3.31,0.1176,0.6108
36666,2020-12-06,2241,"Kingston, Frontenac and Lennox and Addington Health Unit",0.0106,690.0,3.24,0.8869,0.9538
36667,2020-12-06,5183,Huron Perth Health Unit,0.0191,583.0,4.17,0.2095,0.6668
36668,2020-12-06,2238,Hastings and Prince Edward Counties Health Unit,0.0072,616.0,3.65,0.7869,0.8778
36669,2020-12-06,2236,Halton Regional Health Unit,0.0437,1532.0,2.47,0.3662,0.7628
36670,2020-12-06,2235,"Haliburton, Kawartha, Pine Ridge District Health Unit",0.0109,564.0,2.98,0.2914,0.7467
36671,2020-12-06,2234,Haldimand-Norfolk Health Unit,0.0154,342.0,3.0,0.1514,0.4819
36672,2020-12-06,2233,Grey Bruce Health Unit,0.0107,400.0,2.36,0.1027,0.6347
36673,2020-12-06,2258,Eastern Ontario Health Unit,0.0215,659.0,3.16,0.4514,0.8232
36674,2020-12-06,2230,Durham Regional Health Unit,0.0437,1877.0,2.63,0.2154,0.5872
36675,2020-12-06,2226,District of Algoma Health Unit,0.0009,301.0,2.63,0.139,0.6698
36676,2020-12-06,3895,City of Toronto Health Unit,0.0596,8745.0,2.8,0.5271,0.8528
36677,2020-12-06,2251,City of Ottawa Health Unit,0.0129,2743.0,2.6,0.5844,0.8398
36678,2020-12-06,2237,City of Hamilton Health Unit,0.0419,1972.0,3.33,0.5121,0.8029
36679,2020-12-06,2240,Chatham-Kent Health Unit,0.0122,316.0,2.97,0.2488,0.6988
36680,2020-12-06,2227,Brant County Health Unit,0.0183,562.0,3.62,0.1388,0.3755
36681,2020-12-05,2270,York Regional Health Unit,0.0604,3132.0,2.56,0.4866,0.8629
36682,2020-12-05,2268,Windsor-Essex County Health Unit,0.0504,1408.0,3.31,0.1971,0.7505
36683,2020-12-05,2266,Wellington-Dufferin-Guelph Health Unit,0.0333,1087.0,3.49,0.1252,0.4869
36684,2020-12-05,2265,Waterloo Health Unit,0.0304,1840.0,3.15,0.188,0.5266
36685,2020-12-05,2263,Timiskaming Health Unit,0.0044,98.0,3.01,0.4306,0.6615
36686,2020-12-05,2262,Thunder Bay District Health Unit,0.0173,571.0,3.8,0.3392,0.6044
36687,2020-12-05,2261,Sudbury and District Health Unit,0.0028,513.0,2.58,0.5235,0.7164
36688,2020-12-05,4913,Southwestern Public Health,0.0201,773.0,3.66,0.2992,0.809
36689,2020-12-05,2260,Simcoe Muskoka District Health Unit,0.0223,1994.0,3.33,0.3164,0.6875
36690,2020-12-05,2257,Renfrew County and District Health Unit,0.0043,265.0,2.44,0.4872,0.8246
36691,2020-12-05,2256,Porcupine Health Unit,0.0073,312.0,3.73,0.607,0.8494
36692,2020-12-05,2255,Peterborough County-City Health Unit,0.0075,344.0,2.33,0.5131,0.8403
36693,2020-12-05,2253,Peel Regional Health Unit,0.0964,4230.0,2.63,0.3005,0.7425
36694,2020-12-05,35,Ontario,0.0414,43280.0,2.92,0.4031,0.7579
36695,2020-12-05,2249,Northwestern Health Unit,0.0037,308.0,3.51,0.0808,0.3737
36696,2020-12-05,2247,North Bay Parry Sound District Health Unit,0.004,359.0,2.77,0.1892,0.5478
36697,2020-12-05,2246,Niagara Regional Area Health Unit,0.0195,1379.0,2.92,0.3684,0.6412
36698,2020-12-05,2244,Middlesex-London Health Unit,0.0225,1621.0,3.19,0.4405,0.8786
36699,2020-12-05,2243,"Leeds, Grenville and Lanark District Health Unit",0.013,507.0,2.93,0.572,0.8272
36700,2020-12-05,2242,Lambton Health Unit,0.0079,435.0,3.32,0.1346,0.6953
36701,2020-12-05,2241,"Kingston, Frontenac and Lennox and Addington Health Unit",0.0107,692.0,3.25,0.8963,0.9644
36702,2020-12-05,5183,Huron Perth Health Unit,0.0205,586.0,4.19,0.2045,0.7074
36703,2020-12-05,2238,Hastings and Prince Edward Counties Health Unit,0.0076,603.0,3.58,0.7909,0.8923
36704,2020-12-05,2236,Halton Regional Health Unit,0.046,1522.0,2.46,0.3753,0.7541
36705,2020-12-05,2235,"Haliburton, Kawartha, Pine Ridge District Health Unit",0.0116,568.0,3.01,0.2997,0.7621
36706,2020-12-05,2234,Haldimand-Norfolk Health Unit,0.0141,335.0,2.93,0.1551,0.5004
36707,2020-12-05,2233,Grey Bruce Health Unit,0.0106,403.0,2.37,0.0936,0.6882
36708,2020-12-05,2258,Eastern Ontario Health Unit,0.0208,653.0,3.13,0.4562,0.8088
36709,2020-12-05,2230,Durham Regional Health Unit,0.0456,1872.0,2.63,0.2236,0.5801
36710,2020-12-05,2226,District of Algoma Health Unit,0.0009,302.0,2.64,0.1428,0.6299
36711,2020-12-05,3895,City of Toronto Health Unit,0.0598,8635.0,2.77,0.5287,0.8677
36712,2020-12-05,2251,City of Ottawa Health Unit,0.0132,2719.0,2.58,0.6002,0.8462
36713,2020-12-05,2237,City of Hamilton Health Unit,0.0415,1922.0,3.25,0.5101,0.7955
36714,2020-12-05,2240,Chatham-Kent Health Unit,0.0139,309.0,2.9,0.2587,0.7174
36715,2020-12-05,2227,Brant County Health Unit,0.0182,557.0,3.59,0.126,0.3658
36716,2020-12-04,2270,York Regional Health Unit,0.0613,3102.0,2.53,0.4752,0.8583
36717,2020-12-04,2268,Windsor-Essex County Health Unit,0.047,1390.0,3.27,0.2025,0.8045
36718,2020-12-04,2266,Wellington-Dufferin-Guelph Health Unit,0.0325,1077.0,3.45,0.1277,0.5096
36719,2020-12-04,2265,Waterloo Health Unit,0.0322,1852.0,3.17,0.2079,0.5654
36720,2020-12-04,2263,Timiskaming Health Unit,0.0044,96.0,2.95,0.4366,0.6733
36721,2020-12-04,2262,Thunder Bay District Health Unit,0.0179,551.0,3.67,0.277,0.5595
36722,2020-12-04,2261,Sudbury and District Health Unit,0.0014,514.0,2.58,0.4837,0.6521
36723,2020-12-04,4913,Southwestern Public Health,0.0196,759.0,3.59,0.3123,0.8332
36724,2020-12-04,2260,Simcoe Muskoka District Health Unit,0.0223,1939.0,3.23,0.3305,0.7067
36725,2020-12-04,2257,Renfrew County and District Health Unit,0.0033,258.0,2.38,0.5315,0.8419
36726,2020-12-04,2256,Porcupine Health Unit,0.0078,292.0,3.5,0.5924,0.8331
36727,2020-12-04,2255,Peterborough County-City Health Unit,0.0071,344.0,2.33,0.5268,0.8702
36728,2020-12-04,2253,Peel Regional Health Unit,0.0994,4257.0,2.65,0.3147,0.7727
36729,2020-12-04,35,Ontario,0.0418,42979.0,2.9,0.4079,0.7707
36730,2020-12-04,2249,Northwestern Health Unit,0.004,324.0,3.69,0.0801,0.3356
36731,2020-12-04,2247,North Bay Parry Sound District Health Unit,0.0032,359.0,2.77,0.204,0.5441
36732,2020-12-04,2246,Niagara Regional Area Health Unit,0.0185,1377.0,2.92,0.3807,0.6355
36733,2020-12-04,2244,Middlesex-London Health Unit,0.0217,1623.0,3.2,0.4969,0.9016
36734,2020-12-04,2243,"Leeds, Grenville and Lanark District Health Unit",0.0124,495.0,2.86,0.5648,0.8325
36735,2020-12-04,2242,Lambton Health Unit,0.0073,430.0,3.28,0.1457,0.7841
36736,2020-12-04,2241,"Kingston, Frontenac and Lennox and Addington Health Unit",0.0088,679.0,3.19,0.8976,0.9694
36737,2020-12-04,5183,Huron Perth Health Unit,0.0211,577.0,4.13,0.249,0.7871
36738,2020-12-04,2238,Hastings and Prince Edward Counties Health Unit,0.0078,603.0,3.58,0.7975,0.8869
36739,2020-12-04,2236,Halton Regional Health Unit,0.0442,1512.0,2.44,0.3751,0.7556
36740,2020-12-04,2235,"Haliburton, Kawartha, Pine Ridge District Health Unit",0.0117,564.0,2.98,0.2889,0.7519
36741,2020-12-04,2234,Haldimand-Norfolk Health Unit,0.0131,326.0,2.86,0.1944,0.5713
36742,2020-12-04,2233,Grey Bruce Health Unit,0.0114,400.0,2.35,0.0926,0.7119
36743,2020-12-04,2258,Eastern Ontario Health Unit,0.0229,636.0,3.05,0.4444,0.7737
36744,2020-12-04,2230,Durham Regional Health Unit,0.0463,1865.0,2.62,0.2322,0.609
36745,2020-12-04,2226,District of Algoma Health Unit,0.001,300.0,2.62,0.1299,0.5877
36746,2020-12-04,3895,City of Toronto Health Unit,0.0604,8556.0,2.74,0.5273,0.8802
36747,2020-12-04,2251,City of Ottawa Health Unit,0.0136,2722.0,2.58,0.5967,0.8601
36748,2020-12-04,2237,City of Hamilton Health Unit,0.0405,1908.0,3.22,0.4885,0.7689
36749,2020-12-04,2240,Chatham-Kent Health Unit,0.016,313.0,2.95,0.2563,0.7492
36750,2020-12-04,2227,Brant County Health Unit,0.0175,554.0,3.57,0.1406,0.404
36751,2020-12-03,2270,York Regional Health Unit,0.0614,3025.0,2.47,0.4385,0.8516
36752,2020-12-03,2268,Windsor-Essex County Health Unit,0.0474,1384.0,3.26,0.2193,0.826
36753,2020-12-03,2266,Wellington-Dufferin-Guelph Health Unit,0.0318,1057.0,3.39,0.1335,0.5454
36754,2020-12-03,2265,Waterloo Health Unit,0.0325,1906.0,3.26,0.2357,0.6319
36755,2020-12-03,2263,Timiskaming Health Unit,0.0015,96.0,2.93,0.4724,0.7451
36756,2020-12-03,2262,Thunder Bay District Health Unit,0.0192,527.0,3.52,0.276,0.5521
36757,2020-12-03,2261,Sudbury and District Health Unit,0.0019,519.0,2.61,0.456,0.6649
36758,2020-12-03,4913,Southwestern Public Health,0.0193,748.0,3.53,0.3461,0.8417
36759,2020-12-03,2260,Simcoe Muskoka District Health Unit,0.0207,1920.0,3.2,0.3296,0.7057
36760,2020-12-03,2257,Renfrew County and District Health Unit,0.0027,263.0,2.43,0.5361,0.8332
36761,2020-12-03,2256,Porcupine Health Unit,0.0083,276.0,3.31,0.6413,0.8188
36762,2020-12-03,2255,Peterborough County-City Health Unit,0.0077,355.0,2.4,0.5424,0.8752
36763,2020-12-03,2253,Peel Regional Health Unit,0.1007,4204.0,2.62,0.3224,0.7888
36764,2020-12-03,35,Ontario,0.0411,42687.0,2.88,0.4076,0.7803
36765,2020-12-03,2249,Northwestern Health Unit,0.0038,335.0,3.82,0.0829,0.2968
36766,2020-12-03,2247,North Bay Parry Sound District Health Unit,0.0032,359.0,2.76,0.1916,0.4968
36767,2020-12-03,2246,Niagara Regional Area Health Unit,0.0175,1411.0,2.99,0.411,0.6558
36768,2020-12-03,2244,Middlesex-London Health Unit,0.0205,1644.0,3.24,0.5373,0.9153
36769,2020-12-03,2243,"Leeds, Grenville and Lanark District Health Unit",0.0118,483.0,2.79,0.5559,0.8332
36770,2020-12-03,2242,Lambton Health Unit,0.0064,426.0,3.25,0.1459,0.7991
36771,2020-12-03,2241,"Kingston, Frontenac and Lennox and Addington Health Unit",0.0086,678.0,3.19,0.8963,0.9735
36772,2020-12-03,5183,Huron Perth Health Unit,0.0199,604.0,4.32,0.2488,0.8022
36773,2020-12-03,2238,Hastings and Prince Edward Counties Health Unit,0.0072,594.0,3.53,0.7798,0.8819
36774,2020-12-03,2236,Halton Regional Health Unit,0.0401,1481.0,2.39,0.3719,0.7527
36775,2020-12-03,2235,"Haliburton, Kawartha, Pine Ridge District Health Unit",0.0113,554.0,2.93,0.2912,0.7423
36776,2020-12-03,2234,Haldimand-Norfolk Health Unit,0.0134,331.0,2.9,0.2094,0.605
36777,2020-12-03,2233,Grey Bruce Health Unit,0.0124,416.0,2.45,0.1073,0.7162
36778,2020-12-03,2258,Eastern Ontario Health Unit,0.0233,608.0,2.91,0.4323,0.771
36779,2020-12-03,2230,Durham Regional Health Unit,0.0465,1811.0,2.54,0.2243,0.6169
36780,2020-12-03,2226,District of Algoma Health Unit,0.001,289.0,2.53,0.1127,0.4991
36781,2020-12-03,3895,City of Toronto Health Unit,0.0597,8498.0,2.72,0.5229,0.8881
36782,2020-12-03,2251,City of Ottawa Health Unit,0.012,2704.0,2.56,0.5744,0.8669
36783,2020-12-03,2237,City of Hamilton Health Unit,0.0369,1899.0,3.21,0.5125,0.785
36784,2020-12-03,2240,Chatham-Kent Health Unit,0.0148,309.0,2.91,0.2101,0.7877
36785,2020-12-03,2227,Brant County Health Unit,0.0187,550.0,3.54,0.1318,0.4339
36786,2020-12-02,2270,York Regional Health Unit,0.0613,2901.0,2.37,0.4073,0.8444
36787,2020-12-02,2268,Windsor-Essex County Health Unit,0.0438,1348.0,3.17,0.2142,0.8361
36788,2020-12-02,2266,Wellington-Dufferin-Guelph Health Unit,0.0298,1047.0,3.36,0.131,0.5733
36789,2020-12-02,2265,Waterloo Health Unit,0.0332,1913.0,3.27,0.2275,0.648
36790,2020-12-02,2263,Timiskaming Health Unit,0.0,95.0,2.89,0.4819,0.7453
36791,2020-12-02,2262,Thunder Bay District Health Unit,0.0247,538.0,3.59,0.2503,0.5351
36792,2020-12-02,2261,Sudbury and District Health Unit,0.0015,564.0,2.84,0.4026,0.6969
36793,2020-12-02,4913,Southwestern Public Health,0.0183,741.0,3.5,0.3812,0.8531
36794,2020-12-02,2260,Simcoe Muskoka District Health Unit,0.0199,1906.0,3.18,0.3245,0.7077
36795,2020-12-02,2257,Renfrew County and District Health Unit,0.0028,259.0,2.38,0.4802,0.8047
36796,2020-12-02,2256,Porcupine Health Unit,0.0063,249.0,2.98,0.6491,0.8223
36797,2020-12-02,2255,Peterborough County-City Health Unit,0.0081,368.0,2.49,0.5525,0.8757
36798,2020-12-02,2253,Peel Regional Health Unit,0.1035,4189.0,2.61,0.3316,0.7942
36799,2020-12-02,35,Ontario,0.0412,42255.0,2.85,0.4006,0.7836
36800,2020-12-02,2249,Northwestern Health Unit,0.0034,337.0,3.84,0.0813,0.253
36801,2020-12-02,2247,North Bay Parry Sound District Health Unit,0.0024,353.0,2.72,0.188,0.4866
36802,2020-12-02,2246,Niagara Regional Area Health Unit,0.016,1447.0,3.06,0.3927,0.6373
36803,2020-12-02,2244,Middlesex-London Health Unit,0.0202,1591.0,3.13,0.564,0.9156
36804,2020-12-02,2243,"Leeds, Grenville and Lanark District Health Unit",0.0089,483.0,2.79,0.5315,0.8415
36805,2020-12-02,2242,Lambton Health Unit,0.0076,393.0,3.0,0.1486,0.8156
36806,2020-12-02,2241,"Kingston, Frontenac and Lennox and Addington Health Unit",0.0069,684.0,3.22,0.8847,0.9719
36807,2020-12-02,5183,Huron Perth Health Unit,0.0195,600.0,4.29,0.265,0.837
36808,2020-12-02,2238,Hastings and Prince Edward Counties Health Unit,0.0081,567.0,3.37,0.7847,0.8931
36809,2020-12-02,2236,Halton Regional Health Unit,0.0394,1480.0,2.39,0.3617,0.7366
36810,2020-12-02,2235,"Haliburton, Kawartha, Pine Ridge District Health Unit",0.0104,550.0,2.91,0.2834,0.7216
36811,2020-12-02,2234,Haldimand-Norfolk Health Unit,0.0136,315.0,2.76,0.2058,0.5889
36812,2020-12-02,2233,Grey Bruce Health Unit,0.0115,422.0,2.48,0.1098,0.729
36813,2020-12-02,2258,Eastern Ontario Health Unit,0.0234,580.0,2.78,0.4383,0.8046
36814,2020-12-02,2230,Durham Regional Health Unit,0.0481,1845.0,2.59,0.2174,0.6158
36815,2020-12-02,2226,District of Algoma Health Unit,0.0015,280.0,2.45,0.1206,0.4813
36816,2020-12-02,3895,City of Toronto Health Unit,0.0596,8387.0,2.69,0.5155,0.892
36817,2020-12-02,2251,City of Ottawa Health Unit,0.0138,2676.0,2.54,0.553,0.8805
36818,2020-12-02,2237,City of Hamilton Health Unit,0.0359,1892.0,3.19,0.5052,0.7742
36819,2020-12-02,2240,Chatham-Kent Health Unit,0.0156,303.0,2.85,0.2104,0.7909
36820,2020-12-02,2227,Brant County Health Unit,0.0214,535.0,3.45,0.127,0.4874
36821,2020-12-01,2270,York Regional Health Unit,0.0598,2899.0,2.36,0.3835,0.8465
36822,2020-12-01,2268,Windsor-Essex County Health Unit,0.0452,1251.0,2.94,0.2439,0.8528
36823,2020-12-01,2266,Wellington-Dufferin-Guelph Health Unit,0.0286,1038.0,3.33,0.1392,0.5816
36824,2020-12-01,2265,Waterloo Health Unit,0.0348,1899.0,3.25,0.2248,0.6621
36825,2020-12-01,2263,Timiskaming Health Unit,0.0,88.0,2.7,0.5073,0.7309
36826,2020-12-01,2262,Thunder Bay District Health Unit,0.0258,531.0,3.54,0.2173,0.5197
36827,2020-12-01,2261,Sudbury and District Health Unit,0.0016,625.0,3.14,0.3892,0.6935
36828,2020-12-01,4913,Southwestern Public Health,0.0194,700.0,3.31,0.4013,0.8557
36829,2020-12-01,2260,Simcoe Muskoka District Health Unit,0.0194,1858.0,3.1,0.3258,0.7041
36830,2020-12-01,2257,Renfrew County and District Health Unit,0.0023,249.0,2.29,0.4388,0.7981
36831,2020-12-01,2256,Porcupine Health Unit,0.0032,221.0,2.65,0.6381,0.812
36832,2020-12-01,2255,Peterborough County-City Health Unit,0.0082,367.0,2.48,0.5748,0.8748
36833,2020-12-01,2253,Peel Regional Health Unit,0.1045,4164.0,2.59,0.3505,0.7961
36834,2020-12-01,35,Ontario,0.0415,41515.0,2.8,0.4006,0.7831
36835,2020-12-01,2249,Northwestern Health Unit,0.0038,340.0,3.88,0.0758,0.2692
36836,2020-12-01,2247,North Bay Parry Sound District Health Unit,0.0025,338.0,2.6,0.2036,0.4777
36837,2020-12-01,2246,Niagara Regional Area Health Unit,0.0173,1354.0,2.87,0.4197,0.62
36838,2020-12-01,2244,Middlesex-London Health Unit,0.0219,1445.0,2.85,0.5612,0.9176
36839,2020-12-01,2243,"Leeds, Grenville and Lanark District Health Unit",0.0077,447.0,2.58,0.5277,0.8248
36840,2020-12-01,2242,Lambton Health Unit,0.007,348.0,2.66,0.164,0.7936
36841,2020-12-01,2241,"Kingston, Frontenac and Lennox and Addington Health Unit",0.0063,658.0,3.09,0.8854,0.9721
36842,2020-12-01,5183,Huron Perth Health Unit,0.0192,596.0,4.27,0.2823,0.8386
36843,2020-12-01,2238,Hastings and Prince Edward Counties Health Unit,0.0068,569.0,3.38,0.7941,0.8905
36844,2020-12-01,2236,Halton Regional Health Unit,0.0385,1462.0,2.36,0.37,0.7362
36845,2020-12-01,2235,"Haliburton, Kawartha, Pine Ridge District Health Unit",0.0093,538.0,2.85,0.2836,0.6937
36846,2020-12-01,2234,Haldimand-Norfolk Health Unit,0.0137,281.0,2.46,0.21,0.564
36847,2020-12-01,2233,Grey Bruce Health Unit,0.0124,425.0,2.5,0.1248,0.7401
36848,2020-12-01,2258,Eastern Ontario Health Unit,0.0189,581.0,2.78,0.4553,0.7938
36849,2020-12-01,2230,Durham Regional Health Unit,0.0459,1823.0,2.56,0.2163,0.611
36850,2020-12-01,2226,District of Algoma Health Unit,0.001,278.0,2.43,0.1145,0.5433
36851,2020-12-01,3895,City of Toronto Health Unit,0.0601,8311.0,2.66,0.5035,0.8922
36852,2020-12-01,2251,City of Ottawa Health Unit,0.0141,2666.0,2.53,0.5523,0.8785
36853,2020-12-01,2237,City of Hamilton Health Unit,0.0363,1907.0,3.22,0.5052,0.771
36854,2020-12-01,2240,Chatham-Kent Health Unit,0.0143,329.0,3.09,0.2323,0.7921
36855,2020-12-01,2227,Brant County Health Unit,0.0224,522.0,3.37,0.1362,0.5041
36856,2020-11-30,2270,York Regional Health Unit,0.0599,2908.0,2.37,0.3741,0.8429
36857,2020-11-30,2268,Windsor-Essex County Health Unit,0.0442,1227.0,2.89,0.2428,0.8602
36858,2020-11-30,2266,Wellington-Dufferin-Guelph Health Unit,0.0284,1032.0,3.31,0.1304,0.573
36859,2020-11-30,2265,Waterloo Health Unit,0.0382,1823.0,3.12,0.2164,0.6746
36860,2020-11-30,2263,Timiskaming Health Unit,0.0,84.0,2.58,0.5377,0.7517
36861,2020-11-30,2262,Thunder Bay District Health Unit,0.0209,505.0,3.37,0.217,0.5412
36862,2020-11-30,2261,Sudbury and District Health Unit,0.0023,731.0,3.67,0.4121,0.7023
36863,2020-11-30,4913,Southwestern Public Health,0.0174,681.0,3.22,0.4046,0.8587
36864,2020-11-30,2260,Simcoe Muskoka District Health Unit,0.0194,1881.0,3.14,0.3195,0.7051
36865,2020-11-30,2257,Renfrew County and District Health Unit,0.0024,238.0,2.19,0.4391,0.7981
36866,2020-11-30,2256,Porcupine Health Unit,0.002,216.0,2.59,0.6288,0.8102
36867,2020-11-30,2255,Peterborough County-City Health Unit,0.0093,369.0,2.49,0.5727,0.8842
36868,2020-11-30,2253,Peel Regional Health Unit,0.104,4145.0,2.58,0.3823,0.8217
36869,2020-11-30,35,Ontario,0.0413,41216.0,2.78,0.4078,0.7943
36870,2020-11-30,2249,Northwestern Health Unit,0.0043,331.0,3.77,0.0795,0.2653
36871,2020-11-30,2247,North Bay Parry Sound District Health Unit,0.002,351.0,2.71,0.2472,0.5154
36872,2020-11-30,2246,Niagara Regional Area Health Unit,0.017,1310.0,2.77,0.4685,0.6601
36873,2020-11-30,2244,Middlesex-London Health Unit,0.0216,1328.0,2.62,0.5579,0.917
36874,2020-11-30,2243,"Leeds, Grenville and Lanark District Health Unit",0.006,454.0,2.62,0.5336,0.8327
36875,2020-11-30,2242,Lambton Health Unit,0.0078,331.0,2.53,0.1979,0.7911
36876,2020-11-30,2241,"Kingston, Frontenac and Lennox and Addington Health Unit",0.0058,685.0,3.22,0.8826,0.9673
36877,2020-11-30,5183,Huron Perth Health Unit,0.0191,605.0,4.33,0.2713,0.8344
36878,2020-11-30,2238,Hastings and Prince Edward Counties Health Unit,0.0068,567.0,3.36,0.776,0.8916
36879,2020-11-30,2236,Halton Regional Health Unit,0.0393,1455.0,2.35,0.3559,0.7365
36880,2020-11-30,2235,"Haliburton, Kawartha, Pine Ridge District Health Unit",0.0092,530.0,2.8,0.2987,0.7178
36881,2020-11-30,2234,Haldimand-Norfolk Health Unit,0.0186,261.0,2.29,0.2574,0.6628
36882,2020-11-30,2233,Grey Bruce Health Unit,0.0125,468.0,2.75,0.1286,0.7489
36883,2020-11-30,2258,Eastern Ontario Health Unit,0.019,601.0,2.88,0.4994,0.81
36884,2020-11-30,2230,Durham Regional Health Unit,0.0447,1758.0,2.47,0.2435,0.6568
36885,2020-11-30,2226,District of Algoma Health Unit,0.001,294.0,2.57,0.1297,0.5908
36886,2020-11-30,3895,City of Toronto Health Unit,0.0602,8216.0,2.63,0.5059,0.8941
36887,2020-11-30,2251,City of Ottawa Health Unit,0.0142,2692.0,2.55,0.5402,0.8711
36888,2020-11-30,2237,City of Hamilton Health Unit,0.0353,1880.0,3.18,0.4998,0.7802
36889,2020-11-30,2240,Chatham-Kent Health Unit,0.0131,327.0,3.08,0.2529,0.8251
36890,2020-11-30,2227,Brant County Health Unit,0.0228,520.0,3.35,0.1474,0.567
36891,2020-11-29,2270,York Regional Health Unit,0.0582,2928.0,2.39,0.374,0.8425
36892,2020-11-29,2268,Windsor-Essex County Health Unit,0.0436,1176.0,2.77,0.2525,0.8733
36893,2020-11-29,2266,Wellington-Dufferin-Guelph Health Unit,0.0275,972.0,3.12,0.1251,0.5567
36894,2020-11-29,2265,Waterloo Health Unit,0.0382,1785.0,3.06,0.2318,0.6985
36895,2020-11-29,2263,Timiskaming Health Unit,0.0,84.0,2.56,0.5581,0.7764
36896,2020-11-29,2262,Thunder Bay District Health Unit,0.0205,502.0,3.35,0.2,0.5917
36897,2020-11-29,2261,Sudbury and District Health Unit,0.0025,748.0,3.76,0.4347,0.7321
36898,2020-11-29,4913,Southwestern Public Health,0.0161,656.0,3.1,0.4334,0.8799
36899,2020-11-29,2260,Simcoe Muskoka District Health Unit,0.0188,1857.0,3.1,0.3076,0.7054
36900,2020-11-29,2257,Renfrew County and District Health Unit,0.0023,250.0,2.3,0.4581,0.7897
36901,2020-11-29,2256,Porcupine Health Unit,0.0,203.0,2.44,0.6161,0.7974
36902,2020-11-29,2255,Peterborough County-City Health Unit,0.0098,364.0,2.46,0.5782,0.8928
36903,2020-11-29,2253,Peel Regional Health Unit,0.1037,4110.0,2.56,0.3916,0.8149
36904,2020-11-29,35,Ontario,0.0409,40577.0,2.74,0.4079,0.7958
36905,2020-11-29,2249,Northwestern Health Unit,0.0047,332.0,3.78,0.0658,0.2464
36906,2020-11-29,2247,North Bay Parry Sound District Health Unit,0.0016,359.0,2.77,0.2504,0.5282
36907,2020-11-29,2246,Niagara Regional Area Health Unit,0.0178,1321.0,2.8,0.5002,0.6733
36908,2020-11-29,2244,Middlesex-London Health Unit,0.0202,1301.0,2.56,0.568,0.921
36909,2020-11-29,2243,"Leeds, Grenville and Lanark District Health Unit",0.0049,434.0,2.51,0.5217,0.8245
36910,2020-11-29,2242,Lambton Health Unit,0.0053,297.0,2.27,0.2154,0.8145
36911,2020-11-29,2241,"Kingston, Frontenac and Lennox and Addington Health Unit",0.0065,657.0,3.09,0.8758,0.9605
36912,2020-11-29,5183,Huron Perth Health Unit,0.0187,565.0,4.04,0.2909,0.8719
36913,2020-11-29,2238,Hastings and Prince Edward Counties Health Unit,0.006,549.0,3.26,0.7378,0.8867
36914,2020-11-29,2236,Halton Regional Health Unit,0.0383,1437.0,2.32,0.3249,0.7058
36915,2020-11-29,2235,"Haliburton, Kawartha, Pine Ridge District Health Unit",0.0094,518.0,2.74,0.299,0.7296
36916,2020-11-29,2234,Haldimand-Norfolk Health Unit,0.0213,255.0,2.23,0.2502,0.651
36917,2020-11-29,2233,Grey Bruce Health Unit,0.0112,474.0,2.79,0.1383,0.781
36918,2020-11-29,2258,Eastern Ontario Health Unit,0.0155,591.0,2.83,0.5043,0.8227
36919,2020-11-29,2230,Durham Regional Health Unit,0.0429,1749.0,2.45,0.2453,0.6736
36920,2020-11-29,2226,District of Algoma Health Unit,0.0004,335.0,2.93,0.1355,0.5806
36921,2020-11-29,3895,City of Toronto Health Unit,0.0595,8160.0,2.62,0.5033,0.8889
36922,2020-11-29,2251,City of Ottawa Health Unit,0.0158,2529.0,2.4,0.5381,0.876
36923,2020-11-29,2237,City of Hamilton Health Unit,0.0354,1851.0,3.13,0.4904,0.7811
36924,2020-11-29,2240,Chatham-Kent Health Unit,0.0111,322.0,3.02,0.2647,0.844
36925,2020-11-29,2227,Brant County Health Unit,0.0232,506.0,3.26,0.1398,0.5741
36926,2020-11-28,2270,York Regional Health Unit,0.0572,2921.0,2.38,0.3694,0.8462
36927,2020-11-28,2268,Windsor-Essex County Health Unit,0.045,1153.0,2.71,0.2827,0.8742
36928,2020-11-28,2266,Wellington-Dufferin-Guelph Health Unit,0.0269,967.0,3.1,0.1526,0.6054
36929,2020-11-28,2265,Waterloo Health Unit,0.0387,1777.0,3.04,0.2475,0.719
36930,2020-11-28,2263,Timiskaming Health Unit,0.0,84.0,2.57,0.4637,0.6948
36931,2020-11-28,2262,Thunder Bay District Health Unit,0.0211,493.0,3.29,0.1734,0.5749
36932,2020-11-28,2261,Sudbury and District Health Unit,0.0025,744.0,3.74,0.4413,0.7697
36933,2020-11-28,4913,Southwestern Public Health,0.0146,646.0,3.06,0.4744,0.8917
36934,2020-11-28,2260,Simcoe Muskoka District Health Unit,0.0172,1834.0,3.06,0.32,0.7386
36935,2020-11-28,2257,Renfrew County and District Health Unit,0.0027,265.0,2.44,0.4402,0.7778
36936,2020-11-28,2256,Porcupine Health Unit,0.0007,204.0,2.44,0.603,0.8276
36937,2020-11-28,2255,Peterborough County-City Health Unit,0.0099,361.0,2.44,0.5896,0.9002
36938,2020-11-28,2253,Peel Regional Health Unit,0.1027,4068.0,2.53,0.4094,0.8251
36939,2020-11-28,35,Ontario,0.04,40266.0,2.72,0.4156,0.8044
36940,2020-11-28,2249,Northwestern Health Unit,0.0048,328.0,3.75,0.0591,0.1871
36941,2020-11-28,2247,North Bay Parry Sound District Health Unit,0.002,361.0,2.78,0.2503,0.5679
36942,2020-11-28,2246,Niagara Regional Area Health Unit,0.0167,1314.0,2.78,0.537,0.7083
36943,2020-11-28,2244,Middlesex-London Health Unit,0.0187,1264.0,2.49,0.6134,0.9188
36944,2020-11-28,2243,"Leeds, Grenville and Lanark District Health Unit",0.0053,434.0,2.51,0.5424,0.8528
36945,2020-11-28,2242,Lambton Health Unit,0.0053,295.0,2.25,0.2848,0.7924
36946,2020-11-28,2241,"Kingston, Frontenac and Lennox and Addington Health Unit",0.0056,665.0,3.13,0.8667,0.9501
36947,2020-11-28,5183,Huron Perth Health Unit,0.0177,557.0,3.99,0.3038,0.912
36948,2020-11-28,2238,Hastings and Prince Edward Counties Health Unit,0.0057,551.0,3.27,0.7265,0.8713
36949,2020-11-28,2236,Halton Regional Health Unit,0.0357,1443.0,2.33,0.3204,0.7039
36950,2020-11-28,2235,"Haliburton, Kawartha, Pine Ridge District Health Unit",0.0084,513.0,2.72,0.3032,0.737
36951,2020-11-28,2234,Haldimand-Norfolk Health Unit,0.0212,249.0,2.19,0.2697,0.6591
36952,2020-11-28,2233,Grey Bruce Health Unit,0.0112,471.0,2.77,0.1616,0.8226
36953,2020-11-28,2258,Eastern Ontario Health Unit,0.0145,590.0,2.83,0.5183,0.8258
36954,2020-11-28,2230,Durham Regional Health Unit,0.0382,1726.0,2.42,0.2611,0.72
36955,2020-11-28,2226,District of Algoma Health Unit,0.0004,334.0,2.92,0.1267,0.5977
36956,2020-11-28,3895,City of Toronto Health Unit,0.0586,8121.0,2.6,0.5078,0.8888
36957,2020-11-28,2251,City of Ottawa Health Unit,0.0155,2481.0,2.35,0.5203,0.8611
36958,2020-11-28,2237,City of Hamilton Health Unit,0.0349,1835.0,3.1,0.4864,0.7907
36959,2020-11-28,2240,Chatham-Kent Health Unit,0.0094,320.0,3.01,0.2691,0.8488
36960,2020-11-28,2227,Brant County Health Unit,0.0231,507.0,3.27,0.1527,0.6193
36961,2020-11-27,2270,York Regional Health Unit,0.0557,2917.0,2.38,0.3849,0.8554
36962,2020-11-27,2268,Windsor-Essex County Health Unit,0.0452,1134.0,2.67,0.3199,0.858
36963,2020-11-27,2266,Wellington-Dufferin-Guelph Health Unit,0.0259,976.0,3.13,0.1733,0.6302
36964,2020-11-27,2265,Waterloo Health Unit,0.0369,1754.0,3.0,0.2373,0.6969
36965,2020-11-27,2263,Timiskaming Health Unit,0.0,84.0,2.58,0.4245,0.6488
36966,2020-11-27,2262,Thunder Bay District Health Unit,0.0228,532.0,3.55,0.1776,0.5501
36967,2020-11-27,2261,Sudbury and District Health Unit,0.0025,747.0,3.75,0.4535,0.8267
36968,2020-11-27,4913,Southwestern Public Health,0.0145,639.0,3.02,0.5177,0.8716
36969,2020-11-27,2260,Simcoe Muskoka District Health Unit,0.0165,1848.0,3.08,0.3328,0.7625
36970,2020-11-27,2257,Renfrew County and District Health Unit,0.0032,265.0,2.44,0.3755,0.737
36971,2020-11-27,2256,Porcupine Health Unit,0.0007,203.0,2.43,0.5807,0.8145
36972,2020-11-27,2255,Peterborough County-City Health Unit,0.01,359.0,2.43,0.6103,0.8897
36973,2020-11-27,2253,Peel Regional Health Unit,0.0995,4027.0,2.51,0.4289,0.8242
36974,2020-11-27,35,Ontario,0.0388,40045.0,2.7,0.4257,0.8078
36975,2020-11-27,2249,Northwestern Health Unit,0.0048,330.0,3.76,0.0519,0.2041
36976,2020-11-27,2247,North Bay Parry Sound District Health Unit,0.0016,361.0,2.78,0.2257,0.5525
36977,2020-11-27,2246,Niagara Regional Area Health Unit,0.0173,1310.0,2.77,0.5356,0.7143
36978,2020-11-27,2244,Middlesex-London Health Unit,0.0179,1224.0,2.41,0.6044,0.872
36979,2020-11-27,2243,"Leeds, Grenville and Lanark District Health Unit",0.0043,432.0,2.49,0.5717,0.8738
36980,2020-11-27,2242,Lambton Health Unit,0.0051,310.0,2.37,0.3305,0.7468
36981,2020-11-27,2241,"Kingston, Frontenac and Lennox and Addington Health Unit",0.0053,674.0,3.17,0.8681,0.9488
36982,2020-11-27,5183,Huron Perth Health Unit,0.0176,552.0,3.95,0.2605,0.887
36983,2020-11-27,2238,Hastings and Prince Edward Counties Health Unit,0.0061,542.0,3.22,0.7266,0.8835
36984,2020-11-27,2236,Halton Regional Health Unit,0.034,1441.0,2.33,0.317,0.6919
36985,2020-11-27,2235,"Haliburton, Kawartha, Pine Ridge District Health Unit",0.0076,508.0,2.69,0.3304,0.7473
36986,2020-11-27,2234,Haldimand-Norfolk Health Unit,0.0204,245.0,2.14,0.2497,0.6262
36987,2020-11-27,2233,Grey Bruce Health Unit,0.0099,475.0,2.79,0.1633,0.8304
36988,2020-11-27,2258,Eastern Ontario Health Unit,0.0124,600.0,2.87,0.5666,0.8715
36989,2020-11-27,2230,Durham Regional Health Unit,0.036,1712.0,2.4,0.2632,0.7433
36990,2020-11-27,2226,District of Algoma Health Unit,0.0004,329.0,2.88,0.1295,0.6172
36991,2020-11-27,3895,City of Toronto Health Unit,0.0578,8054.0,2.58,0.5196,0.8944
36992,2020-11-27,2251,City of Ottawa Health Unit,0.0145,2458.0,2.33,0.5416,0.8693
36993,2020-11-27,2237,City of Hamilton Health Unit,0.0329,1805.0,3.05,0.5068,0.8112
36994,2020-11-27,2240,Chatham-Kent Health Unit,0.0055,311.0,2.92,0.2959,0.776
36995,2020-11-27,2227,Brant County Health Unit,0.0244,503.0,3.24,0.1582,0.6557
36996,2020-11-26,2270,York Regional Health Unit,0.0534,2936.0,2.39,0.4264,0.8668
36997,2020-11-26,2268,Windsor-Essex County Health Unit,0.0472,1104.0,2.6,0.377,0.8198
36998,2020-11-26,2266,Wellington-Dufferin-Guelph Health Unit,0.0241,985.0,3.16,0.181,0.637
36999,2020-11-26,2265,Waterloo Health Unit,0.0389,1673.0,2.86,0.228,0.6735
37000,2020-11-26,2263,Timiskaming Health Unit,0.0,85.0,2.61,0.3708,0.5825
37001,2020-11-26,2262,Thunder Bay District Health Unit,0.0227,541.0,3.61,0.1708,0.5343
37002,2020-11-26,2261,Sudbury and District Health Unit,0.0027,739.0,3.71,0.4566,0.8163
37003,2020-11-26,4913,Southwestern Public Health,0.0146,616.0,2.91,0.5332,0.8605
37004,2020-11-26,2260,Simcoe Muskoka District Health Unit,0.0163,1829.0,3.05,0.3341,0.7697
37005,2020-11-26,2257,Renfrew County and District Health Unit,0.0052,249.0,2.29,0.3732,0.7423
37006,2020-11-26,2256,Porcupine Health Unit,0.0014,208.0,2.5,0.51,0.804
37007,2020-11-26,2255,Peterborough County-City Health Unit,0.0105,339.0,2.29,0.6418,0.8886
37008,2020-11-26,2253,Peel Regional Health Unit,0.1008,4012.0,2.5,0.44,0.8219
37009,2020-11-26,35,Ontario,0.0386,39575.0,2.67,0.4391,0.8043
37010,2020-11-26,2249,Northwestern Health Unit,0.0074,329.0,3.75,0.05,0.2131
37011,2020-11-26,2247,North Bay Parry Sound District Health Unit,0.0016,356.0,2.74,0.2247,0.568
37012,2020-11-26,2246,Niagara Regional Area Health Unit,0.017,1263.0,2.67,0.5408,0.7125
37013,2020-11-26,2244,Middlesex-London Health Unit,0.0164,1133.0,2.23,0.5975,0.8478
37014,2020-11-26,2243,"Leeds, Grenville and Lanark District Health Unit",0.0033,428.0,2.47,0.5474,0.849
37015,2020-11-26,2242,Lambton Health Unit,0.0039,327.0,2.5,0.3685,0.7011
37016,2020-11-26,2241,"Kingston, Frontenac and Lennox and Addington Health Unit",0.005,711.0,3.34,0.8812,0.9486
37017,2020-11-26,5183,Huron Perth Health Unit,0.0174,500.0,3.58,0.2778,0.8742
37018,2020-11-26,2238,Hastings and Prince Edward Counties Health Unit,0.0065,531.0,3.15,0.7465,0.8969
37019,2020-11-26,2236,Halton Regional Health Unit,0.0347,1464.0,2.36,0.3247,0.698
37020,2020-11-26,2235,"Haliburton, Kawartha, Pine Ridge District Health Unit",0.0071,502.0,2.66,0.3333,0.7617
37021,2020-11-26,2234,Haldimand-Norfolk Health Unit,0.0171,242.0,2.12,0.2549,0.5869
37022,2020-11-26,2233,Grey Bruce Health Unit,0.0093,460.0,2.71,0.1809,0.8026
37023,2020-11-26,2258,Eastern Ontario Health Unit,0.0106,609.0,2.92,0.5664,0.8547
37024,2020-11-26,2230,Durham Regional Health Unit,0.035,1687.0,2.37,0.2714,0.7616
37025,2020-11-26,2226,District of Algoma Health Unit,0.0004,342.0,2.99,0.1383,0.6395
37026,2020-11-26,3895,City of Toronto Health Unit,0.0567,7981.0,2.56,0.529,0.8955
37027,2020-11-26,2251,City of Ottawa Health Unit,0.0153,2431.0,2.31,0.5608,0.8483
37028,2020-11-26,2237,City of Hamilton Health Unit,0.0316,1762.0,2.98,0.5141,0.8144
37029,2020-11-26,2240,Chatham-Kent Health Unit,0.0073,313.0,2.94,0.3416,0.6916
37030,2020-11-26,2227,Brant County Health Unit,0.0239,503.0,3.24,0.1652,0.6578
37031,2020-11-25,2270,York Regional Health Unit,0.0542,2950.0,2.41,0.4665,0.8747
37032,2020-11-25,2268,Windsor-Essex County Health Unit,0.0435,1116.0,2.63,0.4108,0.8149
37033,2020-11-25,2266,Wellington-Dufferin-Guelph Health Unit,0.0272,944.0,3.03,0.2107,0.627
37034,2020-11-25,2265,Waterloo Health Unit,0.0417,1516.0,2.59,0.2158,0.6557
37035,2020-11-25,2263,Timiskaming Health Unit,0.0,85.0,2.59,0.3478,0.6273
37036,2020-11-25,2262,Thunder Bay District Health Unit,0.0185,532.0,3.55,0.1758,0.5161
37037,2020-11-25,2261,Sudbury and District Health Unit,0.0033,691.0,3.47,0.5359,0.7814
37038,2020-11-25,4913,Southwestern Public Health,0.0128,582.0,2.75,0.5424,0.8531
37039,2020-11-25,2260,Simcoe Muskoka District Health Unit,0.0166,1709.0,2.85,0.3553,0.758
37040,2020-11-25,2257,Renfrew County and District Health Unit,0.0045,254.0,2.34,0.3523,0.7024
37041,2020-11-25,2256,Porcupine Health Unit,0.002,210.0,2.52,0.5088,0.8007
37042,2020-11-25,2255,Peterborough County-City Health Unit,0.0116,320.0,2.16,0.6033,0.8829
37043,2020-11-25,2253,Peel Regional Health Unit,0.0982,3983.0,2.48,0.4625,0.8096
37044,2020-11-25,35,Ontario,0.0386,38688.0,2.61,0.4541,0.7958
37045,2020-11-25,2249,Northwestern Health Unit,0.0074,329.0,3.75,0.0518,0.2022
37046,2020-11-25,2247,North Bay Parry Sound District Health Unit,0.0024,361.0,2.78,0.2391,0.5607
37047,2020-11-25,2246,Niagara Regional Area Health Unit,0.0187,1167.0,2.47,0.5534,0.7214
37048,2020-11-25,2244,Middlesex-London Health Unit,0.0143,1091.0,2.15,0.6169,0.8377
37049,2020-11-25,2243,"Leeds, Grenville and Lanark District Health Unit",0.0025,400.0,2.31,0.5489,0.8183
37050,2020-11-25,2242,Lambton Health Unit,0.0037,351.0,2.68,0.4368,0.7082
37051,2020-11-25,2241,"Kingston, Frontenac and Lennox and Addington Health Unit",0.004,755.0,3.55,0.8846,0.9399
37052,2020-11-25,5183,Huron Perth Health Unit,0.0176,470.0,3.37,0.2833,0.8637
37053,2020-11-25,2238,Hastings and Prince Edward Counties Health Unit,0.006,546.0,3.24,0.7256,0.8805
37054,2020-11-25,2236,Halton Regional Health Unit,0.0372,1439.0,2.32,0.3285,0.702
37055,2020-11-25,2235,"Haliburton, Kawartha, Pine Ridge District Health Unit",0.0075,479.0,2.53,0.3583,0.7759
37056,2020-11-25,2234,Haldimand-Norfolk Health Unit,0.0169,253.0,2.22,0.2695,0.6255
37057,2020-11-25,2233,Grey Bruce Health Unit,0.0145,453.0,2.67,0.2314,0.806
37058,2020-11-25,2258,Eastern Ontario Health Unit,0.0103,599.0,2.87,0.5464,0.8125
37059,2020-11-25,2230,Durham Regional Health Unit,0.0282,1626.0,2.28,0.2844,0.7609
37060,2020-11-25,2226,District of Algoma Health Unit,0.0,353.0,3.09,0.1438,0.6357
37061,2020-11-25,3895,City of Toronto Health Unit,0.0578,7889.0,2.53,0.5441,0.8855
37062,2020-11-25,2251,City of Ottawa Health Unit,0.0137,2373.0,2.25,0.5756,0.8292
37063,2020-11-25,2237,City of Hamilton Health Unit,0.0321,1689.0,2.85,0.5186,0.8337
37064,2020-11-25,2240,Chatham-Kent Health Unit,0.0065,305.0,2.87,0.3671,0.684
37065,2020-11-25,2227,Brant County Health Unit,0.0245,484.0,3.12,0.1677,0.6493
37066,2020-11-24,2270,York Regional Health Unit,0.0566,2871.0,2.34,0.4999,0.8801
37067,2020-11-24,2268,Windsor-Essex County Health Unit,0.0443,1028.0,2.42,0.3961,0.7966
37068,2020-11-24,2266,Wellington-Dufferin-Guelph Health Unit,0.0257,917.0,2.94,0.2233,0.6342
37069,2020-11-24,2265,Waterloo Health Unit,0.0429,1403.0,2.4,0.2016,0.6316
37070,2020-11-24,2263,Timiskaming Health Unit,0.0,99.0,3.02,0.3365,0.6035
37071,2020-11-24,2262,Thunder Bay District Health Unit,0.0184,558.0,3.72,0.1648,0.514
37072,2020-11-24,2261,Sudbury and District Health Unit,0.0038,635.0,3.19,0.5446,0.7971
37073,2020-11-24,4913,Southwestern Public Health,0.0104,579.0,2.74,0.5661,0.8522
37074,2020-11-24,2260,Simcoe Muskoka District Health Unit,0.0178,1609.0,2.68,0.3767,0.7494
37075,2020-11-24,2257,Renfrew County and District Health Unit,0.0051,251.0,2.31,0.3416,0.711
37076,2020-11-24,2256,Porcupine Health Unit,0.0023,244.0,2.92,0.5204,0.7898
37077,2020-11-24,2255,Peterborough County-City Health Unit,0.0107,306.0,2.07,0.5756,0.8713
37078,2020-11-24,2253,Peel Regional Health Unit,0.0978,3938.0,2.45,0.4773,0.8073
37079,2020-11-24,35,Ontario,0.0389,37615.0,2.54,0.4651,0.7921
37080,2020-11-24,2249,Northwestern Health Unit,0.0091,330.0,3.76,0.057,0.1696
37081,2020-11-24,2247,North Bay Parry Sound District Health Unit,0.0034,377.0,2.91,0.228,0.5436
37082,2020-11-24,2246,Niagara Regional Area Health Unit,0.02,1109.0,2.35,0.5561,0.7151
37083,2020-11-24,2244,Middlesex-London Health Unit,0.0137,1134.0,2.23,0.6357,0.8405
37084,2020-11-24,2243,"Leeds, Grenville and Lanark District Health Unit",0.0022,395.0,2.28,0.5505,0.8229
37085,2020-11-24,2242,Lambton Health Unit,0.0058,369.0,2.82,0.4614,0.7389
37086,2020-11-24,2241,"Kingston, Frontenac and Lennox and Addington Health Unit",0.0036,756.0,3.55,0.8839,0.9346
37087,2020-11-24,5183,Huron Perth Health Unit,0.0198,427.0,3.05,0.2618,0.8549
37088,2020-11-24,2238,Hastings and Prince Edward Counties Health Unit,0.006,500.0,2.97,0.6779,0.8778
37089,2020-11-24,2236,Halton Regional Health Unit,0.0378,1431.0,2.31,0.3183,0.6982
37090,2020-11-24,2235,"Haliburton, Kawartha, Pine Ridge District Health Unit",0.007,472.0,2.5,0.3467,0.7896
37091,2020-11-24,2234,Haldimand-Norfolk Health Unit,0.0206,270.0,2.37,0.2637,0.6223
37092,2020-11-24,2233,Grey Bruce Health Unit,0.0134,427.0,2.51,0.2412,0.8035
37093,2020-11-24,2258,Eastern Ontario Health Unit,0.0102,576.0,2.76,0.5249,0.8185
37094,2020-11-24,2230,Durham Regional Health Unit,0.0278,1601.0,2.25,0.2968,0.7589
37095,2020-11-24,2226,District of Algoma Health Unit,0.0,352.0,3.08,0.1551,0.5765
37096,2020-11-24,3895,City of Toronto Health Unit,0.0579,7776.0,2.49,0.58,0.8821
37097,2020-11-24,2251,City of Ottawa Health Unit,0.0138,2189.0,2.08,0.5791,0.813
37098,2020-11-24,2237,City of Hamilton Health Unit,0.0304,1577.0,2.66,0.4957,0.8335
37099,2020-11-24,2240,Chatham-Kent Health Unit,0.006,287.0,2.7,0.3754,0.6821
37100,2020-11-24,2227,Brant County Health Unit,0.0266,456.0,2.94,0.1731,0.6382
37101,2020-11-23,2270,York Regional Health Unit,0.0566,2806.0,2.29,0.4997,0.8833
37102,2020-11-23,2268,Windsor-Essex County Health Unit,0.0438,999.0,2.35,0.3937,0.7996
37103,2020-11-23,2266,Wellington-Dufferin-Guelph Health Unit,0.027,837.0,2.68,0.2404,0.662
37104,2020-11-23,2265,Waterloo Health Unit,0.0402,1351.0,2.31,0.2267,0.6474
37105,2020-11-23,2263,Timiskaming Health Unit,0.0027,105.0,3.23,0.3154,0.5878
37106,2020-11-23,2262,Thunder Bay District Health Unit,0.0183,569.0,3.8,0.1599,0.5236
37107,2020-11-23,2261,Sudbury and District Health Unit,0.0035,529.0,2.66,0.504,0.7773
37108,2020-11-23,4913,Southwestern Public Health,0.0097,588.0,2.78,0.5681,0.8531
37109,2020-11-23,2260,Simcoe Muskoka District Health Unit,0.0198,1491.0,2.49,0.396,0.759
37110,2020-11-23,2257,Renfrew County and District Health Unit,0.0039,254.0,2.33,0.3332,0.6946
37111,2020-11-23,2256,Porcupine Health Unit,0.0021,268.0,3.21,0.5268,0.7895
37112,2020-11-23,2255,Peterborough County-City Health Unit,0.0102,307.0,2.08,0.5801,0.8682
37113,2020-11-23,2253,Peel Regional Health Unit,0.0997,3805.0,2.37,0.4774,0.8103
37114,2020-11-23,35,Ontario,0.0394,36474.0,2.46,0.4655,0.7915
37115,2020-11-23,2249,Northwestern Health Unit,0.0096,313.0,3.57,0.0627,0.1723
37116,2020-11-23,2247,North Bay Parry Sound District Health Unit,0.0035,365.0,2.81,0.2057,0.5165
37117,2020-11-23,2246,Niagara Regional Area Health Unit,0.0202,1104.0,2.34,0.561,0.7165
37118,2020-11-23,2244,Middlesex-London Health Unit,0.013,1146.0,2.26,0.6299,0.838
37119,2020-11-23,2243,"Leeds, Grenville and Lanark District Health Unit",0.0022,381.0,2.2,0.5641,0.829
37120,2020-11-23,2242,Lambton Health Unit,0.0054,395.0,3.02,0.469,0.7481
37121,2020-11-23,2241,"Kingston, Frontenac and Lennox and Addington Health Unit",0.0027,701.0,3.29,0.887,0.9383
37122,2020-11-23,5183,Huron Perth Health Unit,0.0166,388.0,2.77,0.2961,0.8709
37123,2020-11-23,2238,Hastings and Prince Edward Counties Health Unit,0.0062,460.0,2.73,0.6755,0.8702
37124,2020-11-23,2236,Halton Regional Health Unit,0.0373,1416.0,2.29,0.3214,0.6768
37125,2020-11-23,2235,"Haliburton, Kawartha, Pine Ridge District Health Unit",0.0058,442.0,2.34,0.3442,0.7892
37126,2020-11-23,2234,Haldimand-Norfolk Health Unit,0.0157,291.0,2.55,0.2547,0.6023
37127,2020-11-23,2233,Grey Bruce Health Unit,0.0135,403.0,2.37,0.2377,0.802
37128,2020-11-23,2258,Eastern Ontario Health Unit,0.0087,544.0,2.61,0.485,0.804
37129,2020-11-23,2230,Durham Regional Health Unit,0.0289,1549.0,2.17,0.2859,0.7538
37130,2020-11-23,2226,District of Algoma Health Unit,0.0,333.0,2.91,0.153,0.5488
37131,2020-11-23,3895,City of Toronto Health Unit,0.0583,7646.0,2.45,0.5815,0.8818
37132,2020-11-23,2251,City of Ottawa Health Unit,0.0157,2098.0,1.99,0.5875,0.8138
37133,2020-11-23,2237,City of Hamilton Health Unit,0.0311,1497.0,2.53,0.4839,0.8258
37134,2020-11-23,2240,Chatham-Kent Health Unit,0.0072,296.0,2.78,0.386,0.6969
37135,2020-11-23,2227,Brant County Health Unit,0.0262,442.0,2.85,0.1703,0.6346
37136,2020-11-22,2270,York Regional Health Unit,0.0584,2698.0,2.2,0.5147,0.8959
37137,2020-11-22,2268,Windsor-Essex County Health Unit,0.0437,957.0,2.25,0.3938,0.8089
37138,2020-11-22,2266,Wellington-Dufferin-Guelph Health Unit,0.027,857.0,2.75,0.2491,0.6741
37139,2020-11-22,2265,Waterloo Health Unit,0.0392,1352.0,2.31,0.2391,0.6641
37140,2020-11-22,2263,Timiskaming Health Unit,0.0028,101.0,3.09,0.3157,0.5911
37141,2020-11-22,2262,Thunder Bay District Health Unit,0.0175,604.0,4.02,0.191,0.5108
37142,2020-11-22,2261,Sudbury and District Health Unit,0.003,517.0,2.6,0.4828,0.7664
37143,2020-11-22,4913,Southwestern Public Health,0.0105,571.0,2.7,0.5631,0.8567
37144,2020-11-22,2260,Simcoe Muskoka District Health Unit,0.0197,1450.0,2.42,0.4162,0.79
37145,2020-11-22,2257,Renfrew County and District Health Unit,0.0063,273.0,2.51,0.2918,0.6893
37146,2020-11-22,2256,Porcupine Health Unit,0.0027,269.0,3.22,0.5415,0.8062
37147,2020-11-22,2255,Peterborough County-City Health Unit,0.0088,307.0,2.07,0.5704,0.8579
37148,2020-11-22,2253,Peel Regional Health Unit,0.0969,3739.0,2.33,0.4866,0.8154
37149,2020-11-22,35,Ontario,0.0392,35832.0,2.42,0.4711,0.7954
37150,2020-11-22,2249,Northwestern Health Unit,0.0102,294.0,3.35,0.0719,0.1835
37151,2020-11-22,2247,North Bay Parry Sound District Health Unit,0.0044,353.0,2.72,0.1989,0.4978
37152,2020-11-22,2246,Niagara Regional Area Health Unit,0.0208,1065.0,2.25,0.5717,0.7306
37153,2020-11-22,2244,Middlesex-London Health Unit,0.0144,1125.0,2.22,0.6357,0.8428
37154,2020-11-22,2243,"Leeds, Grenville and Lanark District Health Unit",0.0014,402.0,2.32,0.5717,0.8396
37155,2020-11-22,2242,Lambton Health Unit,0.0063,410.0,3.13,0.4713,0.7503
37156,2020-11-22,2241,"Kingston, Frontenac and Lennox and Addington Health Unit",0.0014,697.0,3.28,0.8896,0.9417
37157,2020-11-22,5183,Huron Perth Health Unit,0.0155,397.0,2.84,0.2843,0.8499
37158,2020-11-22,2238,Hastings and Prince Edward Counties Health Unit,0.0079,452.0,2.68,0.7087,0.8693
37159,2020-11-22,2236,Halton Regional Health Unit,0.0384,1421.0,2.29,0.3423,0.6858
37160,2020-11-22,2235,"Haliburton, Kawartha, Pine Ridge District Health Unit",0.0045,440.0,2.33,0.352,0.7964
37161,2020-11-22,2234,Haldimand-Norfolk Health Unit,0.0148,290.0,2.54,0.2584,0.6117
37162,2020-11-22,2233,Grey Bruce Health Unit,0.0155,396.0,2.33,0.236,0.8094
37163,2020-11-22,2258,Eastern Ontario Health Unit,0.0083,553.0,2.65,0.4744,0.7924
37164,2020-11-22,2230,Durham Regional Health Unit,0.0294,1500.0,2.1,0.2781,0.7583
37165,2020-11-22,2226,District of Algoma Health Unit,0.0,289.0,2.52,0.1421,0.5171
37166,2020-11-22,3895,City of Toronto Health Unit,0.0584,7384.0,2.37,0.5844,0.8803
37167,2020-11-22,2251,City of Ottawa Health Unit,0.0156,2165.0,2.05,0.5845,0.8068
37168,2020-11-22,2237,City of Hamilton Health Unit,0.0322,1432.0,2.42,0.4678,0.8109
37169,2020-11-22,2240,Chatham-Kent Health Unit,0.0084,289.0,2.72,0.3956,0.7073
37170,2020-11-22,2227,Brant County Health Unit,0.0249,430.0,2.77,0.1739,0.6181
37171,2020-11-21,2270,York Regional Health Unit,0.0586,2673.0,2.18,0.5324,0.8961
37172,2020-11-21,2268,Windsor-Essex County Health Unit,0.0416,931.0,2.19,0.4006,0.8119
37173,2020-11-21,2266,Wellington-Dufferin-Guelph Health Unit,0.0258,863.0,2.77,0.2456,0.6842
37174,2020-11-21,2265,Waterloo Health Unit,0.0369,1339.0,2.29,0.2451,0.696
37175,2020-11-21,2263,Timiskaming Health Unit,0.0028,101.0,3.09,0.3762,0.6485
37176,2020-11-21,2262,Thunder Bay District Health Unit,0.0185,627.0,4.18,0.2015,0.5295
37177,2020-11-21,2261,Sudbury and District Health Unit,0.003,525.0,2.64,0.4479,0.6922
37178,2020-11-21,4913,Southwestern Public Health,0.0111,565.0,2.67,0.5651,0.8555
37179,2020-11-21,2260,Simcoe Muskoka District Health Unit,0.0209,1434.0,2.39,0.4075,0.7822
37180,2020-11-21,2257,Renfrew County and District Health Unit,0.0062,252.0,2.32,0.2446,0.6778
37181,2020-11-21,2256,Porcupine Health Unit,0.0021,267.0,3.2,0.5425,0.7974
37182,2020-11-21,2255,Peterborough County-City Health Unit,0.0089,305.0,2.06,0.5664,0.8519
37183,2020-11-21,2253,Peel Regional Health Unit,0.0996,3768.0,2.35,0.4911,0.8191
37184,2020-11-21,35,Ontario,0.0394,35731.0,2.41,0.4744,0.7964
37185,2020-11-21,2249,Northwestern Health Unit,0.0103,290.0,3.31,0.082,0.2245
37186,2020-11-21,2247,North Bay Parry Sound District Health Unit,0.0037,345.0,2.66,0.2211,0.4936
37187,2020-11-21,2246,Niagara Regional Area Health Unit,0.0224,1060.0,2.24,0.6184,0.7759
37188,2020-11-21,2244,Middlesex-London Health Unit,0.0134,1122.0,2.21,0.6396,0.8483
37189,2020-11-21,2243,"Leeds, Grenville and Lanark District Health Unit",0.0014,397.0,2.29,0.5444,0.8255
37190,2020-11-21,2242,Lambton Health Unit,0.007,411.0,3.14,0.4503,0.7778
37191,2020-11-21,2241,"Kingston, Frontenac and Lennox and Addington Health Unit",0.0017,670.0,3.15,0.8933,0.9471
37192,2020-11-21,5183,Huron Perth Health Unit,0.0151,397.0,2.84,0.2709,0.8122
37193,2020-11-21,2238,Hastings and Prince Edward Counties Health Unit,0.0071,440.0,2.61,0.6875,0.8593
37194,2020-11-21,2236,Halton Regional Health Unit,0.0391,1428.0,2.31,0.3583,0.6929
37195,2020-11-21,2235,"Haliburton, Kawartha, Pine Ridge District Health Unit",0.0039,441.0,2.34,0.3507,0.8044
37196,2020-11-21,2234,Haldimand-Norfolk Health Unit,0.0146,294.0,2.57,0.2583,0.6119
37197,2020-11-21,2233,Grey Bruce Health Unit,0.0155,397.0,2.34,0.2282,0.7962
37198,2020-11-21,2258,Eastern Ontario Health Unit,0.0082,555.0,2.66,0.462,0.7687
37199,2020-11-21,2230,Durham Regional Health Unit,0.0321,1496.0,2.1,0.2837,0.7591
37200,2020-11-21,2226,District of Algoma Health Unit,0.0,287.0,2.51,0.1598,0.4846
37201,2020-11-21,3895,City of Toronto Health Unit,0.0578,7362.0,2.36,0.5888,0.8743
37202,2020-11-21,2251,City of Ottawa Health Unit,0.0155,2170.0,2.06,0.581,0.8038
37203,2020-11-21,2237,City of Hamilton Health Unit,0.0312,1442.0,2.44,0.4449,0.8134
37204,2020-11-21,2240,Chatham-Kent Health Unit,0.0083,293.0,2.76,0.3968,0.7111
37205,2020-11-21,2227,Brant County Health Unit,0.024,428.0,2.76,0.1847,0.6115
37206,2020-11-20,2270,York Regional Health Unit,0.0585,2639.0,2.15,0.5214,0.8851
37207,2020-11-20,2268,Windsor-Essex County Health Unit,0.0387,900.0,2.12,0.4206,0.8336
37208,2020-11-20,2266,Wellington-Dufferin-Guelph Health Unit,0.0266,843.0,2.7,0.2602,0.7181
37209,2020-11-20,2265,Waterloo Health Unit,0.0375,1332.0,2.28,0.2732,0.7391
37210,2020-11-20,2263,Timiskaming Health Unit,0.0042,102.0,3.11,0.4477,0.756
37211,2020-11-20,2262,Thunder Bay District Health Unit,0.0166,586.0,3.91,0.2362,0.555
37212,2020-11-20,2261,Sudbury and District Health Unit,0.0029,534.0,2.68,0.4494,0.6857
37213,2020-11-20,4913,Southwestern Public Health,0.0133,568.0,2.68,0.6015,0.8757
37214,2020-11-20,2260,Simcoe Muskoka District Health Unit,0.0209,1413.0,2.36,0.406,0.789
37215,2020-11-20,2257,Renfrew County and District Health Unit,0.0061,232.0,2.14,0.238,0.6728
37216,2020-11-20,2256,Porcupine Health Unit,0.0022,263.0,3.15,0.555,0.8055
37217,2020-11-20,2255,Peterborough County-City Health Unit,0.0098,305.0,2.06,0.5695,0.8574
37218,2020-11-20,2253,Peel Regional Health Unit,0.1018,3703.0,2.31,0.5052,0.8281
37219,2020-11-20,35,Ontario,0.0396,35414.0,2.39,0.483,0.8048
37220,2020-11-20,2249,Northwestern Health Unit,0.0114,276.0,3.15,0.0882,0.2217
37221,2020-11-20,2247,North Bay Parry Sound District Health Unit,0.0038,338.0,2.6,0.2422,0.5233
37222,2020-11-20,2246,Niagara Regional Area Health Unit,0.0214,1047.0,2.22,0.6465,0.8139
37223,2020-11-20,2244,Middlesex-London Health Unit,0.0125,1124.0,2.21,0.6853,0.8817
37224,2020-11-20,2243,"Leeds, Grenville and Lanark District Health Unit",0.0018,395.0,2.28,0.538,0.8292
37225,2020-11-20,2242,Lambton Health Unit,0.0077,390.0,2.98,0.4326,0.7846
37226,2020-11-20,2241,"Kingston, Frontenac and Lennox and Addington Health Unit",0.0022,646.0,3.04,0.8938,0.9442
37227,2020-11-20,5183,Huron Perth Health Unit,0.0134,394.0,2.82,0.2955,0.7884
37228,2020-11-20,2238,Hastings and Prince Edward Counties Health Unit,0.007,427.0,2.54,0.6874,0.8717
37229,2020-11-20,2236,Halton Regional Health Unit,0.0412,1413.0,2.28,0.3729,0.7215
37230,2020-11-20,2235,"Haliburton, Kawartha, Pine Ridge District Health Unit",0.0035,451.0,2.39,0.3397,0.8324
37231,2020-11-20,2234,Haldimand-Norfolk Health Unit,0.0153,299.0,2.62,0.2786,0.6234
37232,2020-11-20,2233,Grey Bruce Health Unit,0.0152,395.0,2.33,0.2484,0.791
37233,2020-11-20,2258,Eastern Ontario Health Unit,0.0095,558.0,2.67,0.4399,0.7451
37234,2020-11-20,2230,Durham Regional Health Unit,0.0342,1519.0,2.13,0.2877,0.7762
37235,2020-11-20,2226,District of Algoma Health Unit,0.0,288.0,2.51,0.1948,0.457
37236,2020-11-20,3895,City of Toronto Health Unit,0.0568,7354.0,2.36,0.5943,0.8683
37237,2020-11-20,2251,City of Ottawa Health Unit,0.0164,2182.0,2.07,0.5751,0.7942
37238,2020-11-20,2237,City of Hamilton Health Unit,0.0328,1432.0,2.42,0.4243,0.8257
37239,2020-11-20,2240,Chatham-Kent Health Unit,0.0093,291.0,2.74,0.4145,0.7576
37240,2020-11-20,2227,Brant County Health Unit,0.0207,420.0,2.71,0.1797,0.6166
37241,2020-11-19,2270,York Regional Health Unit,0.0599,2584.0,2.11,0.4914,0.8598
37242,2020-11-19,2268,Windsor-Essex County Health Unit,0.033,857.0,2.02,0.4078,0.8255
37243,2020-11-19,2266,Wellington-Dufferin-Guelph Health Unit,0.0303,820.0,2.63,0.2525,0.7378
37244,2020-11-19,2265,Waterloo Health Unit,0.0337,1407.0,2.41,0.2781,0.7305
37245,2020-11-19,2263,Timiskaming Health Unit,0.0043,99.0,3.04,0.4812,0.7696
37246,2020-11-19,2262,Thunder Bay District Health Unit,0.0153,570.0,3.8,0.2475,0.6021
37247,2020-11-19,2261,Sudbury and District Health Unit,0.0026,549.0,2.76,0.4555,0.6778
37248,2020-11-19,4913,Southwestern Public Health,0.0139,564.0,2.67,0.6145,0.8647
37249,2020-11-19,2260,Simcoe Muskoka District Health Unit,0.0219,1374.0,2.29,0.3986,0.769
37250,2020-11-19,2257,Renfrew County and District Health Unit,0.005,227.0,2.09,0.1915,0.5992
37251,2020-11-19,2256,Porcupine Health Unit,0.0016,265.0,3.17,0.5847,0.7943
37252,2020-11-19,2255,Peterborough County-City Health Unit,0.0083,311.0,2.1,0.5599,0.8466
37253,2020-11-19,2253,Peel Regional Health Unit,0.1022,3694.0,2.3,0.5233,0.8423
37254,2020-11-19,35,Ontario,0.0397,35072.0,2.36,0.4838,0.8
37255,2020-11-19,2249,Northwestern Health Unit,0.0095,269.0,3.07,0.0817,0.1817
37256,2020-11-19,2247,North Bay Parry Sound District Health Unit,0.0038,338.0,2.61,0.2651,0.5253
37257,2020-11-19,2246,Niagara Regional Area Health Unit,0.0223,1033.0,2.19,0.6363,0.7887
37258,2020-11-19,2244,Middlesex-London Health Unit,0.0126,1136.0,2.24,0.7055,0.8823
37259,2020-11-19,2243,"Leeds, Grenville and Lanark District Health Unit",0.0021,405.0,2.34,0.5593,0.8338
37260,2020-11-19,2242,Lambton Health Unit,0.0098,364.0,2.78,0.4205,0.7741
37261,2020-11-19,2241,"Kingston, Frontenac and Lennox and Addington Health Unit",0.0021,610.0,2.87,0.883,0.9361
37262,2020-11-19,5183,Huron Perth Health Unit,0.0123,406.0,2.9,0.2897,0.7767
37263,2020-11-19,2238,Hastings and Prince Edward Counties Health Unit,0.0066,411.0,2.44,0.6301,0.8327
37264,2020-11-19,2236,Halton Regional Health Unit,0.0411,1396.0,2.25,0.3842,0.7542
37265,2020-11-19,2235,"Haliburton, Kawartha, Pine Ridge District Health Unit",0.0038,446.0,2.36,0.3351,0.8396
37266,2020-11-19,2234,Haldimand-Norfolk Health Unit,0.0166,302.0,2.64,0.3375,0.6679
37267,2020-11-19,2233,Grey Bruce Health Unit,0.0189,378.0,2.23,0.2596,0.8162
37268,2020-11-19,2258,Eastern Ontario Health Unit,0.0112,562.0,2.69,0.4585,0.7321
37269,2020-11-19,2230,Durham Regional Health Unit,0.0349,1484.0,2.08,0.3041,0.7811
37270,2020-11-19,2226,District of Algoma Health Unit,0.0,278.0,2.43,0.1998,0.495
37271,2020-11-19,3895,City of Toronto Health Unit,0.0571,7252.0,2.32,0.6031,0.8596
37272,2020-11-19,2251,City of Ottawa Health Unit,0.0163,2197.0,2.08,0.5666,0.7798
37273,2020-11-19,2237,City of Hamilton Health Unit,0.0311,1441.0,2.43,0.4313,0.8313
37274,2020-11-19,2240,Chatham-Kent Health Unit,0.0086,283.0,2.67,0.4077,0.7468
37275,2020-11-19,2227,Brant County Health Unit,0.0207,408.0,2.63,0.1901,0.6141
37276,2020-11-18,2270,York Regional Health Unit,0.0576,2528.0,2.06,0.4736,0.8585
37277,2020-11-18,2268,Windsor-Essex County Health Unit,0.0311,808.0,1.9,0.4203,0.8248
37278,2020-11-18,2266,Wellington-Dufferin-Guelph Health Unit,0.0296,778.0,2.49,0.2486,0.7434
37279,2020-11-18,2265,Waterloo Health Unit,0.0325,1453.0,2.49,0.3037,0.7345
37280,2020-11-18,2263,Timiskaming Health Unit,0.0043,100.0,3.07,0.4962,0.7264
37281,2020-11-18,2262,Thunder Bay District Health Unit,0.0137,543.0,3.62,0.2704,0.6456
37282,2020-11-18,2261,Sudbury and District Health Unit,0.0035,606.0,3.04,0.475,0.6931
37283,2020-11-18,4913,Southwestern Public Health,0.018,540.0,2.55,0.6342,0.859
37284,2020-11-18,2260,Simcoe Muskoka District Health Unit,0.0222,1391.0,2.32,0.4006,0.7671
37285,2020-11-18,2257,Renfrew County and District Health Unit,0.0055,232.0,2.14,0.2147,0.5949
37286,2020-11-18,2256,Porcupine Health Unit,0.0011,265.0,3.18,0.5453,0.764
37287,2020-11-18,2255,Peterborough County-City Health Unit,0.0067,320.0,2.16,0.6052,0.8436
37288,2020-11-18,2253,Peel Regional Health Unit,0.1028,3636.0,2.26,0.5252,0.8479
37289,2020-11-18,35,Ontario,0.0397,34565.0,2.33,0.4867,0.8023
37290,2020-11-18,2249,Northwestern Health Unit,0.0093,262.0,2.99,0.0825,0.173
37291,2020-11-18,2247,North Bay Parry Sound District Health Unit,0.004,323.0,2.49,0.2623,0.5283
37292,2020-11-18,2246,Niagara Regional Area Health Unit,0.0224,965.0,2.04,0.6431,0.7962
37293,2020-11-18,2244,Middlesex-London Health Unit,0.0143,1099.0,2.17,0.6953,0.8893
37294,2020-11-18,2243,"Leeds, Grenville and Lanark District Health Unit",0.0028,410.0,2.37,0.5465,0.8393
37295,2020-11-18,2242,Lambton Health Unit,0.0108,318.0,2.43,0.3509,0.7651
37296,2020-11-18,2241,"Kingston, Frontenac and Lennox and Addington Health Unit",0.0034,540.0,2.54,0.8923,0.9423
37297,2020-11-18,5183,Huron Perth Health Unit,0.0104,399.0,2.85,0.2694,0.7499
37298,2020-11-18,2238,Hastings and Prince Edward Counties Health Unit,0.0072,378.0,2.24,0.6311,0.8411
37299,2020-11-18,2236,Halton Regional Health Unit,0.0418,1380.0,2.23,0.3808,0.7572
37300,2020-11-18,2235,"Haliburton, Kawartha, Pine Ridge District Health Unit",0.0029,444.0,2.35,0.3142,0.8617
37301,2020-11-18,2234,Haldimand-Norfolk Health Unit,0.0182,298.0,2.61,0.3457,0.6422
37302,2020-11-18,2233,Grey Bruce Health Unit,0.0154,353.0,2.08,0.221,0.804
37303,2020-11-18,2258,Eastern Ontario Health Unit,0.0096,580.0,2.78,0.4666,0.7167
37304,2020-11-18,2230,Durham Regional Health Unit,0.0375,1481.0,2.08,0.3044,0.7929
37305,2020-11-18,2226,District of Algoma Health Unit,0.0,264.0,2.31,0.186,0.4975
37306,2020-11-18,3895,City of Toronto Health Unit,0.0569,7156.0,2.29,0.6026,0.8576
37307,2020-11-18,2251,City of Ottawa Health Unit,0.0172,2192.0,2.08,0.5703,0.785
37308,2020-11-18,2237,City of Hamilton Health Unit,0.0301,1491.0,2.52,0.4546,0.822
37309,2020-11-18,2240,Chatham-Kent Health Unit,0.0124,277.0,2.61,0.4089,0.7566
37310,2020-11-18,2227,Brant County Health Unit,0.0188,410.0,2.64,0.2017,0.6223
37311,2020-11-17,2270,York Regional Health Unit,0.0583,2501.0,2.04,0.452,0.8486
37312,2020-11-17,2268,Windsor-Essex County Health Unit,0.0308,757.0,1.78,0.4502,0.8228
37313,2020-11-17,2266,Wellington-Dufferin-Guelph Health Unit,0.0299,750.0,2.4,0.2674,0.7287
37314,2020-11-17,2265,Waterloo Health Unit,0.0322,1457.0,2.49,0.3367,0.7468
37315,2020-11-17,2263,Timiskaming Health Unit,0.0052,82.0,2.5,0.5222,0.7389
37316,2020-11-17,2262,Thunder Bay District Health Unit,0.0117,501.0,3.34,0.2845,0.6341
37317,2020-11-17,2261,Sudbury and District Health Unit,0.0036,666.0,3.34,0.4792,0.6851
37318,2020-11-17,4913,Southwestern Public Health,0.0209,498.0,2.36,0.6134,0.8524
37319,2020-11-17,2260,Simcoe Muskoka District Health Unit,0.0226,1386.0,2.31,0.3851,0.7527
37320,2020-11-17,2257,Renfrew County and District Health Unit,0.0052,220.0,2.03,0.2178,0.5841
37321,2020-11-17,2256,Porcupine Health Unit,0.0013,222.0,2.66,0.5321,0.7613
37322,2020-11-17,2255,Peterborough County-City Health Unit,0.0054,319.0,2.16,0.6147,0.8488
37323,2020-11-17,2253,Peel Regional Health Unit,0.1056,3556.0,2.21,0.5186,0.8395
37324,2020-11-17,35,Ontario,0.0407,33439.0,2.25,0.483,0.7976
37325,2020-11-17,2249,Northwestern Health Unit,0.0079,217.0,2.47,0.0745,0.1706
37326,2020-11-17,2247,North Bay Parry Sound District Health Unit,0.0036,277.0,2.14,0.2666,0.5514
37327,2020-11-17,2246,Niagara Regional Area Health Unit,0.0223,909.0,1.92,0.6395,0.7882
37328,2020-11-17,2244,Middlesex-London Health Unit,0.0141,1014.0,2.0,0.6823,0.8856
37329,2020-11-17,2243,"Leeds, Grenville and Lanark District Health Unit",0.0041,385.0,2.22,0.5669,0.832
37330,2020-11-17,2242,Lambton Health Unit,0.0099,273.0,2.09,0.2951,0.7311
37331,2020-11-17,2241,"Kingston, Frontenac and Lennox and Addington Health Unit",0.0041,523.0,2.46,0.8807,0.9398
37332,2020-11-17,5183,Huron Perth Health Unit,0.0097,398.0,2.85,0.2785,0.7482
37333,2020-11-17,2238,Hastings and Prince Edward Counties Health Unit,0.0074,368.0,2.18,0.609,0.8438
37334,2020-11-17,2236,Halton Regional Health Unit,0.0425,1354.0,2.19,0.4021,0.7611
37335,2020-11-17,2235,"Haliburton, Kawartha, Pine Ridge District Health Unit",0.0027,419.0,2.22,0.3025,0.8573
37336,2020-11-17,2234,Haldimand-Norfolk Health Unit,0.0176,244.0,2.14,0.4043,0.6845
37337,2020-11-17,2233,Grey Bruce Health Unit,0.0171,335.0,1.97,0.2269,0.7986
37338,2020-11-17,2258,Eastern Ontario Health Unit,0.0104,537.0,2.57,0.4633,0.7119
37339,2020-11-17,2230,Durham Regional Health Unit,0.039,1390.0,1.95,0.3023,0.786
37340,2020-11-17,2226,District of Algoma Health Unit,0.0,265.0,2.32,0.1542,0.5709
37341,2020-11-17,3895,City of Toronto Health Unit,0.0579,6965.0,2.23,0.5894,0.8504
37342,2020-11-17,2251,City of Ottawa Health Unit,0.0183,2216.0,2.1,0.5613,0.7838
37343,2020-11-17,2237,City of Hamilton Health Unit,0.029,1462.0,2.47,0.4922,0.8228
37344,2020-11-17,2240,Chatham-Kent Health Unit,0.0127,259.0,2.44,0.3682,0.7558
37345,2020-11-17,2227,Brant County Health Unit,0.0161,382.0,2.46,0.1793,0.6062
37346,2020-11-16,2270,York Regional Health Unit,0.0581,2523.0,2.06,0.4334,0.8367
37347,2020-11-16,2268,Windsor-Essex County Health Unit,0.0292,715.0,1.68,0.4408,0.7848
37348,2020-11-16,2266,Wellington-Dufferin-Guelph Health Unit,0.0282,745.0,2.39,0.2621,0.7188
37349,2020-11-16,2265,Waterloo Health Unit,0.0338,1459.0,2.5,0.341,0.7385
37350,2020-11-16,2263,Timiskaming Health Unit,0.0018,79.0,2.41,0.535,0.7413
37351,2020-11-16,2262,Thunder Bay District Health Unit,0.0103,486.0,3.24,0.3281,0.6466
37352,2020-11-16,2261,Sudbury and District Health Unit,0.0039,699.0,3.51,0.5017,0.7011
37353,2020-11-16,4913,Southwestern Public Health,0.022,467.0,2.21,0.5882,0.8099
37354,2020-11-16,2260,Simcoe Muskoka District Health Unit,0.0228,1371.0,2.29,0.3727,0.7479
37355,2020-11-16,2257,Renfrew County and District Health Unit,0.0066,215.0,1.98,0.211,0.5928
37356,2020-11-16,2256,Porcupine Health Unit,0.0014,205.0,2.45,0.5047,0.7415
37357,2020-11-16,2255,Peterborough County-City Health Unit,0.006,311.0,2.1,0.5935,0.8258
37358,2020-11-16,2253,Peel Regional Health Unit,0.1079,3484.0,2.17,0.5018,0.832
37359,2020-11-16,35,Ontario,0.0412,33135.0,2.23,0.4753,0.7867
37360,2020-11-16,2249,Northwestern Health Unit,0.0066,217.0,2.48,0.0673,0.1677
37361,2020-11-16,2247,North Bay Parry Sound District Health Unit,0.004,284.0,2.19,0.2671,0.5539
37362,2020-11-16,2246,Niagara Regional Area Health Unit,0.0238,899.0,1.9,0.6289,0.78
37363,2020-11-16,2244,Middlesex-London Health Unit,0.0146,1006.0,1.98,0.6757,0.8691
37364,2020-11-16,2243,"Leeds, Grenville and Lanark District Health Unit",0.0044,387.0,2.24,0.5485,0.8218
37365,2020-11-16,2242,Lambton Health Unit,0.0107,254.0,1.94,0.2246,0.6826
37366,2020-11-16,2241,"Kingston, Frontenac and Lennox and Addington Health Unit",0.0058,515.0,2.42,0.8749,0.9329
37367,2020-11-16,5183,Huron Perth Health Unit,0.0132,389.0,2.78,0.2239,0.687
37368,2020-11-16,2238,Hastings and Prince Edward Counties Health Unit,0.0081,369.0,2.19,0.5719,0.817
37369,2020-11-16,2236,Halton Regional Health Unit,0.0422,1314.0,2.12,0.4408,0.7975
37370,2020-11-16,2235,"Haliburton, Kawartha, Pine Ridge District Health Unit",0.0033,439.0,2.32,0.2756,0.8295
37371,2020-11-16,2234,Haldimand-Norfolk Health Unit,0.0201,213.0,1.87,0.3589,0.639
37372,2020-11-16,2233,Grey Bruce Health Unit,0.0143,331.0,1.95,0.2249,0.7822
37373,2020-11-16,2258,Eastern Ontario Health Unit,0.0109,539.0,2.58,0.4484,0.6983
37374,2020-11-16,2230,Durham Regional Health Unit,0.0395,1377.0,1.93,0.2871,0.7413
37375,2020-11-16,2226,District of Algoma Health Unit,0.0005,276.0,2.41,0.1435,0.5762
37376,2020-11-16,3895,City of Toronto Health Unit,0.0587,6969.0,2.23,0.5886,0.8418
37377,2020-11-16,2251,City of Ottawa Health Unit,0.0191,2240.0,2.12,0.5544,0.7805
37378,2020-11-16,2237,City of Hamilton Health Unit,0.0284,1434.0,2.42,0.4974,0.8142
37379,2020-11-16,2240,Chatham-Kent Health Unit,0.0119,253.0,2.38,0.3538,0.6964
37380,2020-11-16,2227,Brant County Health Unit,0.0168,348.0,2.24,0.1687,0.5695
37381,2020-11-15,2270,York Regional Health Unit,0.0569,2539.0,2.07,0.3994,0.7971
37382,2020-11-15,2268,Windsor-Essex County Health Unit,0.0304,690.0,1.62,0.4449,0.7703
37383,2020-11-15,2266,Wellington-Dufferin-Guelph Health Unit,0.026,687.0,2.2,0.2697,0.7316
37384,2020-11-15,2265,Waterloo Health Unit,0.0352,1428.0,2.44,0.3554,0.7514
37385,2020-11-15,2263,Timiskaming Health Unit,0.0018,81.0,2.49,0.5402,0.743
37386,2020-11-15,2262,Thunder Bay District Health Unit,0.0116,431.0,2.87,0.29,0.5698
37387,2020-11-15,2261,Sudbury and District Health Unit,0.0042,715.0,3.59,0.5069,0.6997
37388,2020-11-15,4913,Southwestern Public Health,0.0248,460.0,2.18,0.553,0.7506
37389,2020-11-15,2260,Simcoe Muskoka District Health Unit,0.0219,1365.0,2.28,0.3493,0.7023
37390,2020-11-15,2257,Renfrew County and District Health Unit,0.0061,212.0,1.95,0.2038,0.5555
37391,2020-11-15,2256,Porcupine Health Unit,0.0007,207.0,2.48,0.5081,0.7438
37392,2020-11-15,2255,Peterborough County-City Health Unit,0.0075,304.0,2.06,0.5922,0.825
37393,2020-11-15,2253,Peel Regional Health Unit,0.1128,3396.0,2.11,0.4876,0.8284
37394,2020-11-15,35,Ontario,0.0422,32718.0,2.21,0.4668,0.7725
37395,2020-11-15,2249,Northwestern Health Unit,0.0045,222.0,2.53,0.069,0.1666
37396,2020-11-15,2247,North Bay Parry Sound District Health Unit,0.0035,283.0,2.18,0.2684,0.5695
37397,2020-11-15,2246,Niagara Regional Area Health Unit,0.0264,877.0,1.86,0.602,0.7448
37398,2020-11-15,2244,Middlesex-London Health Unit,0.0129,993.0,1.96,0.6746,0.8576
37399,2020-11-15,2243,"Leeds, Grenville and Lanark District Health Unit",0.0056,357.0,2.06,0.5392,0.8099
37400,2020-11-15,2242,Lambton Health Unit,0.01,229.0,1.75,0.2131,0.6499
37401,2020-11-15,2241,"Kingston, Frontenac and Lennox and Addington Health Unit",0.0064,491.0,2.31,0.8654,0.9262
37402,2020-11-15,5183,Huron Perth Health Unit,0.014,367.0,2.63,0.2232,0.6922
37403,2020-11-15,2238,Hastings and Prince Edward Counties Health Unit,0.0055,361.0,2.14,0.5608,0.7996
37404,2020-11-15,2236,Halton Regional Health Unit,0.0429,1291.0,2.09,0.4803,0.8319
37405,2020-11-15,2235,"Haliburton, Kawartha, Pine Ridge District Health Unit",0.0023,441.0,2.34,0.2564,0.8138
37406,2020-11-15,2234,Haldimand-Norfolk Health Unit,0.0199,201.0,1.76,0.336,0.5811
37407,2020-11-15,2233,Grey Bruce Health Unit,0.0134,320.0,1.89,0.2306,0.7531
37408,2020-11-15,2258,Eastern Ontario Health Unit,0.0123,524.0,2.51,0.4374,0.693
37409,2020-11-15,2230,Durham Regional Health Unit,0.0396,1355.0,1.9,0.2833,0.7062
37410,2020-11-15,2226,District of Algoma Health Unit,0.0013,325.0,2.84,0.1476,0.5981
37411,2020-11-15,3895,City of Toronto Health Unit,0.0594,7024.0,2.25,0.5759,0.8266
37412,2020-11-15,2251,City of Ottawa Health Unit,0.0211,2191.0,2.08,0.5513,0.7817
37413,2020-11-15,2237,City of Hamilton Health Unit,0.0283,1421.0,2.4,0.5211,0.8124
37414,2020-11-15,2240,Chatham-Kent Health Unit,0.0106,270.0,2.54,0.3482,0.6581
37415,2020-11-15,2227,Brant County Health Unit,0.0196,336.0,2.16,0.1734,0.5794
37416,2020-11-14,2270,York Regional Health Unit,0.0582,2514.0,2.05,0.3917,0.7898
37417,2020-11-14,2268,Windsor-Essex County Health Unit,0.0286,684.0,1.61,0.4373,0.7578
37418,2020-11-14,2266,Wellington-Dufferin-Guelph Health Unit,0.0286,680.0,2.18,0.2494,0.6888
37419,2020-11-14,2265,Waterloo Health Unit,0.0352,1416.0,2.42,0.3805,0.7454
37420,2020-11-14,2263,Timiskaming Health Unit,0.0017,82.0,2.5,0.4943,0.6959
37421,2020-11-14,2262,Thunder Bay District Health Unit,0.0094,410.0,2.73,0.3178,0.572
37422,2020-11-14,2261,Sudbury and District Health Unit,0.0044,715.0,3.59,0.5513,0.7578
37423,2020-11-14,4913,Southwestern Public Health,0.0235,450.0,2.13,0.5385,0.7392
37424,2020-11-14,2260,Simcoe Muskoka District Health Unit,0.0205,1364.0,2.27,0.3494,0.6788
37425,2020-11-14,2257,Renfrew County and District Health Unit,0.0053,215.0,1.98,0.1817,0.4824
37426,2020-11-14,2256,Porcupine Health Unit,0.0014,206.0,2.47,0.5328,0.7504
37427,2020-11-14,2255,Peterborough County-City Health Unit,0.0085,302.0,2.04,0.5968,0.8299
37428,2020-11-14,2253,Peel Regional Health Unit,0.1122,3351.0,2.09,0.4738,0.8208
37429,2020-11-14,35,Ontario,0.0422,32358.0,2.18,0.4626,0.7613
37430,2020-11-14,2249,Northwestern Health Unit,0.0048,240.0,2.74,0.0641,0.1613
37431,2020-11-14,2247,North Bay Parry Sound District Health Unit,0.0035,287.0,2.22,0.2412,0.5287
37432,2020-11-14,2246,Niagara Regional Area Health Unit,0.0257,871.0,1.84,0.5901,0.7182
37433,2020-11-14,2244,Middlesex-London Health Unit,0.0135,986.0,1.94,0.6699,0.8469
37434,2020-11-14,2243,"Leeds, Grenville and Lanark District Health Unit",0.0052,360.0,2.08,0.5511,0.8096
37435,2020-11-14,2242,Lambton Health Unit,0.0081,230.0,1.76,0.2106,0.6066
37436,2020-11-14,2241,"Kingston, Frontenac and Lennox and Addington Health Unit",0.0062,484.0,2.28,0.8467,0.9185
37437,2020-11-14,5183,Huron Perth Health Unit,0.0134,362.0,2.59,0.2298,0.7131
37438,2020-11-14,2238,Hastings and Prince Edward Counties Health Unit,0.0061,354.0,2.1,0.5399,0.8204
37439,2020-11-14,2236,Halton Regional Health Unit,0.0428,1246.0,2.01,0.4759,0.8264
37440,2020-11-14,2235,"Haliburton, Kawartha, Pine Ridge District Health Unit",0.0023,437.0,2.32,0.2438,0.7865
37441,2020-11-14,2234,Haldimand-Norfolk Health Unit,0.0199,201.0,1.76,0.3112,0.5355
37442,2020-11-14,2233,Grey Bruce Health Unit,0.0138,321.0,1.89,0.2796,0.7385
37443,2020-11-14,2258,Eastern Ontario Health Unit,0.0124,531.0,2.54,0.4246,0.6956
37444,2020-11-14,2230,Durham Regional Health Unit,0.0383,1351.0,1.9,0.2602,0.6549
37445,2020-11-14,2226,District of Algoma Health Unit,0.0031,326.0,2.85,0.1422,0.6144
37446,2020-11-14,3895,City of Toronto Health Unit,0.0604,6890.0,2.21,0.5652,0.8181
37447,2020-11-14,2251,City of Ottawa Health Unit,0.0216,2168.0,2.06,0.5531,0.7838
37448,2020-11-14,2237,City of Hamilton Health Unit,0.0284,1406.0,2.37,0.543,0.7888
37449,2020-11-14,2240,Chatham-Kent Health Unit,0.0102,265.0,2.5,0.3803,0.6658
37450,2020-11-14,2227,Brant County Health Unit,0.0186,331.0,2.13,0.1523,0.5214
37451,2020-11-13,2270,York Regional Health Unit,0.0583,2496.0,2.04,0.3808,0.7894
37452,2020-11-13,2268,Windsor-Essex County Health Unit,0.0272,682.0,1.61,0.402,0.7245
37453,2020-11-13,2266,Wellington-Dufferin-Guelph Health Unit,0.0264,672.0,2.15,0.2307,0.6479
37454,2020-11-13,2265,Waterloo Health Unit,0.0347,1390.0,2.38,0.4093,0.7347
37455,2020-11-13,2263,Timiskaming Health Unit,0.0,81.0,2.48,0.445,0.6372
37456,2020-11-13,2262,Thunder Bay District Health Unit,0.0078,404.0,2.69,0.3055,0.5941
37457,2020-11-13,2261,Sudbury and District Health Unit,0.0058,709.0,3.56,0.6023,0.7876
37458,2020-11-13,4913,Southwestern Public Health,0.022,442.0,2.09,0.5284,0.7215
37459,2020-11-13,2260,Simcoe Muskoka District Health Unit,0.0204,1353.0,2.26,0.3584,0.654
37460,2020-11-13,2257,Renfrew County and District Health Unit,0.0053,217.0,2.0,0.1717,0.4284
37461,2020-11-13,2256,Porcupine Health Unit,0.0027,208.0,2.5,0.5669,0.7614
37462,2020-11-13,2255,Peterborough County-City Health Unit,0.0071,300.0,2.03,0.6107,0.8117
37463,2020-11-13,2253,Peel Regional Health Unit,0.1144,3313.0,2.06,0.4453,0.8083
37464,2020-11-13,35,Ontario,0.0425,31985.0,2.16,0.456,0.7481
37465,2020-11-13,2249,Northwestern Health Unit,0.0035,243.0,2.77,0.0618,0.183
37466,2020-11-13,2247,North Bay Parry Sound District Health Unit,0.0035,287.0,2.21,0.2488,0.514
37467,2020-11-13,2246,Niagara Regional Area Health Unit,0.0284,870.0,1.84,0.5721,0.6725
37468,2020-11-13,2244,Middlesex-London Health Unit,0.0156,968.0,1.91,0.6394,0.8305
37469,2020-11-13,2243,"Leeds, Grenville and Lanark District Health Unit",0.0063,361.0,2.09,0.5318,0.7806
37470,2020-11-13,2242,Lambton Health Unit,0.0073,236.0,1.81,0.2019,0.5888
37471,2020-11-13,2241,"Kingston, Frontenac and Lennox and Addington Health Unit",0.0057,474.0,2.23,0.8403,0.914
37472,2020-11-13,5183,Huron Perth Health Unit,0.0186,384.0,2.75,0.2187,0.7356
37473,2020-11-13,2238,Hastings and Prince Edward Counties Health Unit,0.0062,344.0,2.04,0.4867,0.8045
37474,2020-11-13,2236,Halton Regional Health Unit,0.0432,1218.0,1.97,0.5053,0.8239
37475,2020-11-13,2235,"Haliburton, Kawartha, Pine Ridge District Health Unit",0.0027,425.0,2.25,0.2342,0.7464
37476,2020-11-13,2234,Haldimand-Norfolk Health Unit,0.0157,200.0,1.76,0.281,0.5201
37477,2020-11-13,2233,Grey Bruce Health Unit,0.014,316.0,1.86,0.3152,0.7589
37478,2020-11-13,2258,Eastern Ontario Health Unit,0.0123,523.0,2.51,0.4013,0.6807
37479,2020-11-13,2230,Durham Regional Health Unit,0.0377,1295.0,1.82,0.255,0.6024
37480,2020-11-13,2226,District of Algoma Health Unit,0.0053,323.0,2.82,0.1064,0.6555
37481,2020-11-13,3895,City of Toronto Health Unit,0.0609,6769.0,2.17,0.5615,0.8128
37482,2020-11-13,2251,City of Ottawa Health Unit,0.0214,2167.0,2.05,0.5246,0.7798
37483,2020-11-13,2237,City of Hamilton Health Unit,0.0287,1393.0,2.35,0.5707,0.7755
37484,2020-11-13,2240,Chatham-Kent Health Unit,0.0092,265.0,2.49,0.3836,0.6429
37485,2020-11-13,2227,Brant County Health Unit,0.0221,330.0,2.13,0.1544,0.4739
37486,2020-11-12,2270,York Regional Health Unit,0.0573,2474.0,2.02,0.3668,0.794
37487,2020-11-12,2268,Windsor-Essex County Health Unit,0.0281,670.0,1.58,0.3822,0.7227
37488,2020-11-12,2266,Wellington-Dufferin-Guelph Health Unit,0.0244,656.0,2.1,0.2299,0.6135
37489,2020-11-12,2265,Waterloo Health Unit,0.037,1277.0,2.18,0.434,0.7409
37490,2020-11-12,2263,Timiskaming Health Unit,0.0,81.0,2.48,0.3866,0.6648
37491,2020-11-12,2262,Thunder Bay District Health Unit,0.0083,396.0,2.64,0.3049,0.6109
37492,2020-11-12,2261,Sudbury and District Health Unit,0.0061,708.0,3.56,0.6271,0.8346
37493,2020-11-12,4913,Southwestern Public Health,0.0219,438.0,2.07,0.5071,0.7236
37494,2020-11-12,2260,Simcoe Muskoka District Health Unit,0.0199,1345.0,2.24,0.342,0.6392
37495,2020-11-12,2257,Renfrew County and District Health Unit,0.0045,221.0,2.04,0.1603,0.39
37496,2020-11-12,2256,Porcupine Health Unit,0.0028,206.0,2.47,0.5249,0.7893
37497,2020-11-12,2255,Peterborough County-City Health Unit,0.0083,293.0,1.98,0.5767,0.797
37498,2020-11-12,2253,Peel Regional Health Unit,0.1157,3225.0,2.01,0.4179,0.8023
37499,2020-11-12,35,Ontario,0.0432,31615.0,2.13,0.4453,0.7491
37500,2020-11-12,2249,Northwestern Health Unit,0.0055,232.0,2.65,0.0732,0.2484
37501,2020-11-12,2247,North Bay Parry Sound District Health Unit,0.0036,277.0,2.14,0.2341,0.5597
37502,2020-11-12,2246,Niagara Regional Area Health Unit,0.0335,883.0,1.87,0.5864,0.6846
37503,2020-11-12,2244,Middlesex-London Health Unit,0.0156,941.0,1.85,0.6114,0.831
37504,2020-11-12,2243,"Leeds, Grenville and Lanark District Health Unit",0.0071,341.0,1.97,0.4988,0.7569
37505,2020-11-12,2242,Lambton Health Unit,0.0043,233.0,1.78,0.1873,0.6017
37506,2020-11-12,2241,"Kingston, Frontenac and Lennox and Addington Health Unit",0.0067,445.0,2.09,0.8343,0.9171
37507,2020-11-12,5183,Huron Perth Health Unit,0.0234,373.0,2.67,0.2018,0.7652
37508,2020-11-12,2238,Hastings and Prince Edward Counties Health Unit,0.0052,356.0,2.11,0.4897,0.8151
37509,2020-11-12,2236,Halton Regional Health Unit,0.0449,1193.0,1.93,0.4927,0.8083
37510,2020-11-12,2235,"Haliburton, Kawartha, Pine Ridge District Health Unit",0.0027,428.0,2.27,0.2292,0.7424
37511,2020-11-12,2234,Haldimand-Norfolk Health Unit,0.0123,209.0,1.83,0.2104,0.4967
37512,2020-11-12,2233,Grey Bruce Health Unit,0.0113,305.0,1.79,0.2874,0.7244
37513,2020-11-12,2258,Eastern Ontario Health Unit,0.0118,520.0,2.49,0.359,0.6884
37514,2020-11-12,2230,Durham Regional Health Unit,0.039,1303.0,1.83,0.2472,0.5997
37515,2020-11-12,2226,District of Algoma Health Unit,0.0054,319.0,2.79,0.099,0.6705
37516,2020-11-12,3895,City of Toronto Health Unit,0.0606,6840.0,2.19,0.5519,0.8171
37517,2020-11-12,2251,City of Ottawa Health Unit,0.0235,2139.0,2.03,0.5101,0.7813
37518,2020-11-12,2237,City of Hamilton Health Unit,0.0322,1392.0,2.35,0.5845,0.7766
37519,2020-11-12,2240,Chatham-Kent Health Unit,0.0101,255.0,2.4,0.3627,0.6576
37520,2020-11-12,2227,Brant County Health Unit,0.022,318.0,2.05,0.1547,0.4452
37521,2020-11-11,2270,York Regional Health Unit,0.0571,2434.0,1.99,0.3622,0.7912
37522,2020-11-11,2268,Windsor-Essex County Health Unit,0.0272,673.0,1.58,0.3547,0.7085
37523,2020-11-11,2266,Wellington-Dufferin-Guelph Health Unit,0.0214,675.0,2.16,0.2127,0.5689
37524,2020-11-11,2265,Waterloo Health Unit,0.0358,1188.0,2.03,0.4304,0.7254
37525,2020-11-11,2263,Timiskaming Health Unit,0.0,83.0,2.53,0.3658,0.6711
37526,2020-11-11,2262,Thunder Bay District Health Unit,0.0067,386.0,2.57,0.275,0.5868
37527,2020-11-11,2261,Sudbury and District Health Unit,0.006,646.0,3.24,0.5722,0.8178
37528,2020-11-11,4913,Southwestern Public Health,0.0176,439.0,2.08,0.4949,0.7282
37529,2020-11-11,2260,Simcoe Muskoka District Health Unit,0.0185,1305.0,2.18,0.3389,0.6371
37530,2020-11-11,2257,Renfrew County and District Health Unit,0.0037,232.0,2.13,0.161,0.3804
37531,2020-11-11,2256,Porcupine Health Unit,0.0028,204.0,2.44,0.5458,0.8168
37532,2020-11-11,2255,Peterborough County-City Health Unit,0.0081,264.0,1.79,0.5433,0.7782
37533,2020-11-11,2253,Peel Regional Health Unit,0.1151,3131.0,1.95,0.385,0.7939
37534,2020-11-11,35,Ontario,0.0423,31213.0,2.1,0.4371,0.7419
37535,2020-11-11,2249,Northwestern Health Unit,0.0051,226.0,2.57,0.0774,0.2779
37536,2020-11-11,2247,North Bay Parry Sound District Health Unit,0.0037,273.0,2.1,0.2194,0.5708
37537,2020-11-11,2246,Niagara Regional Area Health Unit,0.0341,893.0,1.89,0.5745,0.6852
37538,2020-11-11,2244,Middlesex-London Health Unit,0.016,949.0,1.87,0.616,0.8182
37539,2020-11-11,2243,"Leeds, Grenville and Lanark District Health Unit",0.0077,335.0,1.93,0.5252,0.7548
37540,2020-11-11,2242,Lambton Health Unit,0.0032,266.0,2.03,0.201,0.5842
37541,2020-11-11,2241,"Kingston, Frontenac and Lennox and Addington Health Unit",0.0056,461.0,2.17,0.8301,0.9133
37542,2020-11-11,5183,Huron Perth Health Unit,0.0241,362.0,2.59,0.2317,0.7679
37543,2020-11-11,2238,Hastings and Prince Edward Counties Health Unit,0.005,372.0,2.21,0.4796,0.8141
37544,2020-11-11,2236,Halton Regional Health Unit,0.0427,1146.0,1.85,0.5133,0.8179
37545,2020-11-11,2235,"Haliburton, Kawartha, Pine Ridge District Health Unit",0.0031,418.0,2.21,0.243,0.7219
37546,2020-11-11,2234,Haldimand-Norfolk Health Unit,0.0091,219.0,1.92,0.2573,0.53
37547,2020-11-11,2233,Grey Bruce Health Unit,0.0098,306.0,1.8,0.3593,0.7236
37548,2020-11-11,2258,Eastern Ontario Health Unit,0.0133,516.0,2.47,0.3687,0.7099
37549,2020-11-11,2230,Durham Regional Health Unit,0.037,1286.0,1.81,0.2515,0.5896
37550,2020-11-11,2226,District of Algoma Health Unit,0.0052,327.0,2.86,0.0902,0.6765
37551,2020-11-11,3895,City of Toronto Health Unit,0.0595,6783.0,2.17,0.5416,0.8081
37552,2020-11-11,2251,City of Ottawa Health Unit,0.0238,2166.0,2.05,0.4851,0.7754
37553,2020-11-11,2237,City of Hamilton Health Unit,0.0329,1357.0,2.29,0.6055,0.7883
37554,2020-11-11,2240,Chatham-Kent Health Unit,0.0107,240.0,2.26,0.3737,0.6419
37555,2020-11-11,2227,Brant County Health Unit,0.0219,340.0,2.19,0.1523,0.4196
37556,2020-11-10,2270,York Regional Health Unit,0.0546,2418.0,1.97,0.3599,0.787
37557,2020-11-10,2268,Windsor-Essex County Health Unit,0.0204,687.0,1.62,0.3432,0.7364
37558,2020-11-10,2266,Wellington-Dufferin-Guelph Health Unit,0.0203,689.0,2.21,0.2087,0.5571
37559,2020-11-10,2265,Waterloo Health Unit,0.034,1130.0,1.93,0.4319,0.7277
37560,2020-11-10,2263,Timiskaming Health Unit,0.0,102.0,3.13,0.3297,0.6716
37561,2020-11-10,2262,Thunder Bay District Health Unit,0.0074,403.0,2.69,0.267,0.5958
37562,2020-11-10,2261,Sudbury and District Health Unit,0.0062,575.0,2.89,0.5399,0.8099
37563,2020-11-10,4913,Southwestern Public Health,0.0175,466.0,2.2,0.5069,0.7295
37564,2020-11-10,2260,Simcoe Muskoka District Health Unit,0.0172,1314.0,2.19,0.3468,0.6483
37565,2020-11-10,2257,Renfrew County and District Health Unit,0.0048,269.0,2.48,0.1526,0.3469
37566,2020-11-10,2256,Porcupine Health Unit,0.0018,233.0,2.79,0.5564,0.8391
37567,2020-11-10,2255,Peterborough County-City Health Unit,0.0082,260.0,1.76,0.5384,0.7733
37568,2020-11-10,2253,Peel Regional Health Unit,0.1114,3063.0,1.91,0.3726,0.7971
37569,2020-11-10,35,Ontario,0.0405,31900.0,2.15,0.4372,0.7419
37570,2020-11-10,2249,Northwestern Health Unit,0.0044,259.0,2.96,0.084,0.3035
37571,2020-11-10,2247,North Bay Parry Sound District Health Unit,0.0027,320.0,2.47,0.2,0.5739
37572,2020-11-10,2246,Niagara Regional Area Health Unit,0.0316,959.0,2.03,0.574,0.6938
37573,2020-11-10,2244,Middlesex-London Health Unit,0.0159,999.0,1.97,0.6295,0.8177
37574,2020-11-10,2243,"Leeds, Grenville and Lanark District Health Unit",0.006,357.0,2.06,0.5014,0.7559
37575,2020-11-10,2242,Lambton Health Unit,0.0027,314.0,2.4,0.2012,0.6117
37576,2020-11-10,2241,"Kingston, Frontenac and Lennox and Addington Health Unit",0.0054,449.0,2.11,0.838,0.9117
37577,2020-11-10,5183,Huron Perth Health Unit,0.0224,370.0,2.65,0.2607,0.7752
37578,2020-11-10,2238,Hastings and Prince Edward Counties Health Unit,0.0045,380.0,2.25,0.4977,0.805
37579,2020-11-10,2236,Halton Regional Health Unit,0.041,1157.0,1.87,0.5306,0.8271
37580,2020-11-10,2235,"Haliburton, Kawartha, Pine Ridge District Health Unit",0.0032,441.0,2.33,0.2356,0.7139
37581,2020-11-10,2234,Haldimand-Norfolk Health Unit,0.008,285.0,2.5,0.2398,0.5163
37582,2020-11-10,2233,Grey Bruce Health Unit,0.0073,314.0,1.85,0.4689,0.7195
37583,2020-11-10,2258,Eastern Ontario Health Unit,0.0133,591.0,2.83,0.3716,0.7038
37584,2020-11-10,2230,Durham Regional Health Unit,0.034,1364.0,1.91,0.252,0.5833
37585,2020-11-10,2226,District of Algoma Health Unit,0.0057,326.0,2.84,0.1075,0.6131
37586,2020-11-10,3895,City of Toronto Health Unit,0.0591,6893.0,2.21,0.532,0.8052
37587,2020-11-10,2251,City of Ottawa Health Unit,0.0255,2165.0,2.05,0.4903,0.7806
37588,2020-11-10,2237,City of Hamilton Health Unit,0.034,1431.0,2.42,0.615,0.7842
37589,2020-11-10,2240,Chatham-Kent Health Unit,0.0107,241.0,2.27,0.3857,0.6558
37590,2020-11-10,2227,Brant County Health Unit,0.0186,360.0,2.32,0.1704,0.3994
37591,2020-11-09,2270,York Regional Health Unit,0.0526,2373.0,1.94,0.379,0.7968
37592,2020-11-09,2268,Windsor-Essex County Health Unit,0.0184,700.0,1.65,0.348,0.7686
37593,2020-11-09,2266,Wellington-Dufferin-Guelph Health Unit,0.019,670.0,2.15,0.2112,0.56
37594,2020-11-09,2265,Waterloo Health Unit,0.0319,1079.0,1.85,0.429,0.7287
37595,2020-11-09,2263,Timiskaming Health Unit,0.0,101.0,3.1,0.2959,0.6647
37596,2020-11-09,2262,Thunder Bay District Health Unit,0.0065,393.0,2.62,0.2414,0.5856
37597,2020-11-09,2261,Sudbury and District Health Unit,0.006,521.0,2.62,0.4917,0.7722
37598,2020-11-09,4913,Southwestern Public Health,0.0159,476.0,2.25,0.5316,0.7634
37599,2020-11-09,2260,Simcoe Muskoka District Health Unit,0.0139,1353.0,2.26,0.3493,0.6468
37600,2020-11-09,2257,Renfrew County and District Health Unit,0.0036,277.0,2.55,0.1616,0.3455
37601,2020-11-09,2256,Porcupine Health Unit,0.0018,242.0,2.9,0.5702,0.8365
37602,2020-11-09,2255,Peterborough County-City Health Unit,0.0062,254.0,1.72,0.5529,0.7969
37603,2020-11-09,2253,Peel Regional Health Unit,0.1065,3043.0,1.89,0.3945,0.8009
37604,2020-11-09,35,Ontario,0.0392,31492.0,2.12,0.4438,0.7476
37605,2020-11-09,2249,Northwestern Health Unit,0.0053,242.0,2.76,0.0918,0.3235
37606,2020-11-09,2247,North Bay Parry Sound District Health Unit,0.0019,298.0,2.3,0.191,0.5616
37607,2020-11-09,2246,Niagara Regional Area Health Unit,0.0308,993.0,2.1,0.575,0.7023
37608,2020-11-09,2244,Middlesex-London Health Unit,0.0158,977.0,1.92,0.6403,0.8294
37609,2020-11-09,2243,"Leeds, Grenville and Lanark District Health Unit",0.0062,346.0,2.0,0.5063,0.7547
37610,2020-11-09,2242,Lambton Health Unit,0.0013,320.0,2.45,0.2067,0.625
37611,2020-11-09,2241,"Kingston, Frontenac and Lennox and Addington Health Unit",0.0038,414.0,1.95,0.8497,0.9222
37612,2020-11-09,5183,Huron Perth Health Unit,0.0218,354.0,2.53,0.3065,0.8386
37613,2020-11-09,2238,Hastings and Prince Edward Counties Health Unit,0.0026,380.0,2.25,0.5189,0.8238
37614,2020-11-09,2236,Halton Regional Health Unit,0.0418,1192.0,1.93,0.497,0.7717
37615,2020-11-09,2235,"Haliburton, Kawartha, Pine Ridge District Health Unit",0.0048,415.0,2.2,0.2464,0.7368
37616,2020-11-09,2234,Haldimand-Norfolk Health Unit,0.0075,305.0,2.67,0.2765,0.5536
37617,2020-11-09,2233,Grey Bruce Health Unit,0.0068,315.0,1.85,0.5485,0.7721
37618,2020-11-09,2258,Eastern Ontario Health Unit,0.0134,588.0,2.82,0.3971,0.7132
37619,2020-11-09,2230,Durham Regional Health Unit,0.0324,1323.0,1.86,0.2609,0.6146
37620,2020-11-09,2226,District of Algoma Health Unit,0.0059,313.0,2.73,0.114,0.6192
37621,2020-11-09,3895,City of Toronto Health Unit,0.058,6708.0,2.15,0.5266,0.8066
37622,2020-11-09,2251,City of Ottawa Health Unit,0.0256,2168.0,2.06,0.4931,0.7799
37623,2020-11-09,2237,City of Hamilton Health Unit,0.0353,1435.0,2.42,0.6323,0.7989
37624,2020-11-09,2240,Chatham-Kent Health Unit,0.0094,228.0,2.14,0.3607,0.6718
37625,2020-11-09,2227,Brant County Health Unit,0.0168,382.0,2.46,0.1844,0.4113
37626,2020-11-08,2270,York Regional Health Unit,0.0525,2319.0,1.89,0.416,0.8404
37627,2020-11-08,2268,Windsor-Essex County Health Unit,0.0148,724.0,1.7,0.3492,0.7782
37628,2020-11-08,2266,Wellington-Dufferin-Guelph Health Unit,0.0192,700.0,2.24,0.2119,0.569
37629,2020-11-08,2265,Waterloo Health Unit,0.0289,1045.0,1.79,0.4011,0.6829
37630,2020-11-08,2263,Timiskaming Health Unit,0.0014,100.0,3.05,0.2811,0.6398
37631,2020-11-08,2262,Thunder Bay District Health Unit,0.0056,410.0,2.74,0.2528,0.6311
37632,2020-11-08,2261,Sudbury and District Health Unit,0.0059,511.0,2.57,0.4629,0.7337
37633,2020-11-08,4913,Southwestern Public Health,0.0126,465.0,2.2,0.5859,0.833
37634,2020-11-08,2260,Simcoe Muskoka District Health Unit,0.0141,1345.0,2.24,0.3672,0.6651
37635,2020-11-08,2257,Renfrew County and District Health Unit,0.0025,281.0,2.59,0.1717,0.3669
37636,2020-11-08,2256,Porcupine Health Unit,0.0018,235.0,2.82,0.5632,0.8318
37637,2020-11-08,2255,Peterborough County-City Health Unit,0.0054,264.0,1.78,0.5415,0.7951
37638,2020-11-08,2253,Peel Regional Health Unit,0.1011,3092.0,1.93,0.4088,0.8001
37639,2020-11-08,35,Ontario,0.0381,31205.0,2.1,0.4524,0.7538
37640,2020-11-08,2249,Northwestern Health Unit,0.0061,234.0,2.67,0.1027,0.3407
37641,2020-11-08,2247,North Bay Parry Sound District Health Unit,0.0019,299.0,2.3,0.1947,0.5568
37642,2020-11-08,2246,Niagara Regional Area Health Unit,0.0277,1011.0,2.14,0.5789,0.7414
37643,2020-11-08,2244,Middlesex-London Health Unit,0.0163,949.0,1.87,0.6438,0.8412
37644,2020-11-08,2243,"Leeds, Grenville and Lanark District Health Unit",0.0051,361.0,2.09,0.5014,0.7304
37645,2020-11-08,2242,Lambton Health Unit,0.0021,338.0,2.58,0.2078,0.6609
37646,2020-11-08,2241,"Kingston, Frontenac and Lennox and Addington Health Unit",0.0029,451.0,2.12,0.8544,0.9277
37647,2020-11-08,5183,Huron Perth Health Unit,0.0191,359.0,2.57,0.3294,0.8666
37648,2020-11-08,2238,Hastings and Prince Edward Counties Health Unit,0.0031,366.0,2.17,0.5267,0.8388
37649,2020-11-08,2236,Halton Regional Health Unit,0.0417,1179.0,1.9,0.4499,0.6923
37650,2020-11-08,2235,"Haliburton, Kawartha, Pine Ridge District Health Unit",0.0054,400.0,2.12,0.2479,0.7251
37651,2020-11-08,2234,Haldimand-Norfolk Health Unit,0.0095,316.0,2.77,0.3098,0.6045
37652,2020-11-08,2233,Grey Bruce Health Unit,0.005,312.0,1.84,0.5585,0.7819
37653,2020-11-08,2258,Eastern Ontario Health Unit,0.016,590.0,2.83,0.4103,0.7217
37654,2020-11-08,2230,Durham Regional Health Unit,0.0339,1293.0,1.82,0.2729,0.6413
37655,2020-11-08,2226,District of Algoma Health Unit,0.0064,268.0,2.34,0.1112,0.5997
37656,2020-11-08,3895,City of Toronto Health Unit,0.0575,6518.0,2.09,0.5387,0.8114
37657,2020-11-08,2251,City of Ottawa Health Unit,0.0242,2129.0,2.02,0.4989,0.7784
37658,2020-11-08,2237,City of Hamilton Health Unit,0.0336,1424.0,2.4,0.6621,0.8171
37659,2020-11-08,2240,Chatham-Kent Health Unit,0.0109,209.0,1.97,0.37,0.7206
37660,2020-11-08,2227,Brant County Health Unit,0.0142,392.0,2.52,0.2161,0.4527
37661,2020-11-07,2270,York Regional Health Unit,0.0486,2305.0,1.88,0.4204,0.8494
37662,2020-11-07,2268,Windsor-Essex County Health Unit,0.0149,720.0,1.69,0.3733,0.7994
37663,2020-11-07,2266,Wellington-Dufferin-Guelph Health Unit,0.0161,693.0,2.22,0.2349,0.5939
37664,2020-11-07,2265,Waterloo Health Unit,0.0277,1033.0,1.77,0.4052,0.6949
37665,2020-11-07,2263,Timiskaming Health Unit,0.0014,99.0,3.04,0.3011,0.6611
37666,2020-11-07,2262,Thunder Bay District Health Unit,0.004,426.0,2.84,0.254,0.6366
37667,2020-11-07,2261,Sudbury and District Health Unit,0.0054,500.0,2.51,0.4367,0.6882
37668,2020-11-07,4913,Southwestern Public Health,0.0124,473.0,2.24,0.6139,0.8501
37669,2020-11-07,2260,Simcoe Muskoka District Health Unit,0.0145,1346.0,2.25,0.381,0.6948
37670,2020-11-07,2257,Renfrew County and District Health Unit,0.0025,282.0,2.59,0.168,0.4152
37671,2020-11-07,2256,Porcupine Health Unit,0.0012,236.0,2.82,0.5474,0.8193
37672,2020-11-07,2255,Peterborough County-City Health Unit,0.0043,265.0,1.79,0.5487,0.7988
37673,2020-11-07,2253,Peel Regional Health Unit,0.0977,3022.0,1.88,0.4322,0.8029
37674,2020-11-07,35,Ontario,0.0368,31021.0,2.09,0.4628,0.7641
37675,2020-11-07,2249,Northwestern Health Unit,0.006,215.0,2.45,0.106,0.325
37676,2020-11-07,2247,North Bay Parry Sound District Health Unit,0.0025,290.0,2.24,0.2165,0.6145
37677,2020-11-07,2246,Niagara Regional Area Health Unit,0.0279,1008.0,2.13,0.5694,0.7497
37678,2020-11-07,2244,Middlesex-London Health Unit,0.0159,942.0,1.86,0.656,0.8543
37679,2020-11-07,2243,"Leeds, Grenville and Lanark District Health Unit",0.0052,358.0,2.07,0.5049,0.758
37680,2020-11-07,2242,Lambton Health Unit,0.0021,336.0,2.56,0.2111,0.6944
37681,2020-11-07,2241,"Kingston, Frontenac and Lennox and Addington Health Unit",0.0032,447.0,2.1,0.8806,0.9367
37682,2020-11-07,5183,Huron Perth Health Unit,0.0188,366.0,2.62,0.3649,0.8858
37683,2020-11-07,2238,Hastings and Prince Edward Counties Health Unit,0.0027,369.0,2.19,0.5763,0.8534
37684,2020-11-07,2236,Halton Regional Health Unit,0.0421,1160.0,1.87,0.4704,0.6891
37685,2020-11-07,2235,"Haliburton, Kawartha, Pine Ridge District Health Unit",0.0064,399.0,2.11,0.2525,0.768
37686,2020-11-07,2234,Haldimand-Norfolk Health Unit,0.0099,317.0,2.78,0.3111,0.6305
37687,2020-11-07,2233,Grey Bruce Health Unit,0.0051,309.0,1.82,0.5787,0.8017
37688,2020-11-07,2258,Eastern Ontario Health Unit,0.0168,577.0,2.76,0.4077,0.7563
37689,2020-11-07,2230,Durham Regional Health Unit,0.0342,1292.0,1.81,0.2754,0.6464
37690,2020-11-07,2226,District of Algoma Health Unit,0.0043,269.0,2.35,0.1122,0.5793
37691,2020-11-07,3895,City of Toronto Health Unit,0.0555,6490.0,2.08,0.5502,0.8152
37692,2020-11-07,2251,City of Ottawa Health Unit,0.0239,2134.0,2.02,0.4898,0.7828
37693,2020-11-07,2237,City of Hamilton Health Unit,0.0335,1435.0,2.42,0.6984,0.8363
37694,2020-11-07,2240,Chatham-Kent Health Unit,0.0117,207.0,1.95,0.3576,0.7453
37695,2020-11-07,2227,Brant County Health Unit,0.0162,396.0,2.55,0.2242,0.5002
37696,2020-11-06,2270,York Regional Health Unit,0.0477,2259.0,1.84,0.4404,0.8451
37697,2020-11-06,2268,Windsor-Essex County Health Unit,0.0161,720.0,1.69,0.4402,0.8519
37698,2020-11-06,2266,Wellington-Dufferin-Guelph Health Unit,0.0165,700.0,2.24,0.2688,0.6584
37699,2020-11-06,2265,Waterloo Health Unit,0.0243,1040.0,1.78,0.4078,0.707
37700,2020-11-06,2263,Timiskaming Health Unit,0.0014,99.0,3.03,0.3301,0.6959
37701,2020-11-06,2262,Thunder Bay District Health Unit,0.0037,427.0,2.84,0.2576,0.6349
37702,2020-11-06,2261,Sudbury and District Health Unit,0.0035,485.0,2.44,0.4125,0.676
37703,2020-11-06,4913,Southwestern Public Health,0.0108,476.0,2.25,0.6395,0.8795
37704,2020-11-06,2260,Simcoe Muskoka District Health Unit,0.0149,1336.0,2.23,0.3636,0.7034
37705,2020-11-06,2257,Renfrew County and District Health Unit,0.0026,279.0,2.57,0.1603,0.4408
37706,2020-11-06,2256,Porcupine Health Unit,0.0,236.0,2.82,0.5342,0.8314
37707,2020-11-06,2255,Peterborough County-City Health Unit,0.0043,266.0,1.8,0.5255,0.807
37708,2020-11-06,2253,Peel Regional Health Unit,0.0904,2993.0,1.86,0.4387,0.7937
37709,2020-11-06,35,Ontario,0.0354,30714.0,2.07,0.4697,0.7731
37710,2020-11-06,2249,Northwestern Health Unit,0.0062,208.0,2.37,0.1145,0.3402
37711,2020-11-06,2247,North Bay Parry Sound District Health Unit,0.0025,290.0,2.23,0.2265,0.6299
37712,2020-11-06,2246,Niagara Regional Area Health Unit,0.0271,1001.0,2.12,0.5989,0.7992
37713,2020-11-06,2244,Middlesex-London Health Unit,0.0137,941.0,1.85,0.6909,0.876
37714,2020-11-06,2243,"Leeds, Grenville and Lanark District Health Unit",0.0036,353.0,2.04,0.4935,0.7601
37715,2020-11-06,2242,Lambton Health Unit,0.0025,339.0,2.59,0.2367,0.7271
37716,2020-11-06,2241,"Kingston, Frontenac and Lennox and Addington Health Unit",0.0029,443.0,2.08,0.8844,0.9349
37717,2020-11-06,5183,Huron Perth Health Unit,0.013,352.0,2.52,0.4186,0.9191
37718,2020-11-06,2238,Hastings and Prince Edward Counties Health Unit,0.003,383.0,2.27,0.6288,0.8635
37719,2020-11-06,2236,Halton Regional Health Unit,0.0395,1159.0,1.87,0.469,0.6845
37720,2020-11-06,2235,"Haliburton, Kawartha, Pine Ridge District Health Unit",0.0064,400.0,2.12,0.2424,0.7814
37721,2020-11-06,2234,Haldimand-Norfolk Health Unit,0.0107,308.0,2.7,0.3436,0.661
37722,2020-11-06,2233,Grey Bruce Health Unit,0.0047,305.0,1.79,0.6136,0.7879
37723,2020-11-06,2258,Eastern Ontario Health Unit,0.0169,565.0,2.71,0.3644,0.7735
37724,2020-11-06,2230,Durham Regional Health Unit,0.0324,1294.0,1.82,0.3081,0.6806
37725,2020-11-06,2226,District of Algoma Health Unit,0.0021,270.0,2.36,0.141,0.5605
37726,2020-11-06,3895,City of Toronto Health Unit,0.0553,6335.0,2.03,0.5464,0.8132
37727,2020-11-06,2251,City of Ottawa Health Unit,0.0245,2120.0,2.01,0.479,0.7882
37728,2020-11-06,2237,City of Hamilton Health Unit,0.0335,1422.0,2.4,0.7037,0.833
37729,2020-11-06,2240,Chatham-Kent Health Unit,0.0124,218.0,2.05,0.3657,0.8033
37730,2020-11-06,2227,Brant County Health Unit,0.0159,396.0,2.55,0.2336,0.5132
37731,2020-11-05,2270,York Regional Health Unit,0.0471,2207.0,1.8,0.4839,0.8669
37732,2020-11-05,2268,Windsor-Essex County Health Unit,0.0142,706.0,1.66,0.4672,0.8953
37733,2020-11-05,2266,Wellington-Dufferin-Guelph Health Unit,0.0143,691.0,2.22,0.2596,0.6535
37734,2020-11-05,2265,Waterloo Health Unit,0.0228,1114.0,1.91,0.4135,0.726
37735,2020-11-05,2263,Timiskaming Health Unit,0.0015,96.0,2.94,0.3957,0.6949
37736,2020-11-05,2262,Thunder Bay District Health Unit,0.0024,418.0,2.79,0.2787,0.6802
37737,2020-11-05,2261,Sudbury and District Health Unit,0.0027,473.0,2.38,0.3856,0.5994
37738,2020-11-05,4913,Southwestern Public Health,0.0103,459.0,2.17,0.6567,0.893
37739,2020-11-05,2260,Simcoe Muskoka District Health Unit,0.0157,1332.0,2.22,0.3751,0.7374
37740,2020-11-05,2257,Renfrew County and District Health Unit,0.0046,277.0,2.55,0.1828,0.4974
37741,2020-11-05,2256,Porcupine Health Unit,0.0006,236.0,2.83,0.5986,0.843
37742,2020-11-05,2255,Peterborough County-City Health Unit,0.0027,268.0,1.81,0.5179,0.8472
37743,2020-11-05,2253,Peel Regional Health Unit,0.0852,2905.0,1.81,0.4327,0.7661
37744,2020-11-05,35,Ontario,0.0333,30325.0,2.04,0.4761,0.7747
37745,2020-11-05,2249,Northwestern Health Unit,0.0035,207.0,2.36,0.1,0.288
37746,2020-11-05,2247,North Bay Parry Sound District Health Unit,0.0025,290.0,2.23,0.2346,0.5592
37747,2020-11-05,2246,Niagara Regional Area Health Unit,0.0223,993.0,2.1,0.5843,0.8056
37748,2020-11-05,2244,Middlesex-London Health Unit,0.0125,928.0,1.83,0.7649,0.9002
37749,2020-11-05,2243,"Leeds, Grenville and Lanark District Health Unit",0.0028,362.0,2.09,0.5241,0.8081
37750,2020-11-05,2242,Lambton Health Unit,0.0025,337.0,2.57,0.2749,0.7894
37751,2020-11-05,2241,"Kingston, Frontenac and Lennox and Addington Health Unit",0.0016,443.0,2.08,0.8948,0.9328
37752,2020-11-05,5183,Huron Perth Health Unit,0.0064,357.0,2.55,0.4517,0.9241
37753,2020-11-05,2238,Hastings and Prince Edward Counties Health Unit,0.0036,361.0,2.14,0.649,0.8762
37754,2020-11-05,2236,Halton Regional Health Unit,0.0361,1139.0,1.84,0.475,0.6373
37755,2020-11-05,2235,"Haliburton, Kawartha, Pine Ridge District Health Unit",0.0056,405.0,2.14,0.2373,0.807
37756,2020-11-05,2234,Haldimand-Norfolk Health Unit,0.0118,291.0,2.55,0.381,0.7156
37757,2020-11-05,2233,Grey Bruce Health Unit,0.0023,304.0,1.79,0.6504,0.8232
37758,2020-11-05,2258,Eastern Ontario Health Unit,0.0192,557.0,2.67,0.349,0.759
37759,2020-11-05,2230,Durham Regional Health Unit,0.0323,1294.0,1.82,0.328,0.7013
37760,2020-11-05,2226,District of Algoma Health Unit,0.0021,270.0,2.36,0.1418,0.5406
37761,2020-11-05,3895,City of Toronto Health Unit,0.0533,6155.0,1.97,0.5445,0.7964
37762,2020-11-05,2251,City of Ottawa Health Unit,0.0229,2180.0,2.07,0.4658,0.808
37763,2020-11-05,2237,City of Hamilton Health Unit,0.0309,1361.0,2.3,0.7051,0.8247
37764,2020-11-05,2240,Chatham-Kent Health Unit,0.0117,232.0,2.18,0.3615,0.8793
37765,2020-11-05,2227,Brant County Health Unit,0.0152,394.0,2.54,0.2243,0.5402
37766,2020-11-04,2270,York Regional Health Unit,0.0452,2208.0,1.8,0.4947,0.8677
37767,2020-11-04,2268,Windsor-Essex County Health Unit,0.0125,665.0,1.57,0.4765,0.9004
37768,2020-11-04,2266,Wellington-Dufferin-Guelph Health Unit,0.0144,664.0,2.13,0.2922,0.7071
37769,2020-11-04,2265,Waterloo Health Unit,0.0219,1143.0,1.96,0.4337,0.7449
37770,2020-11-04,2263,Timiskaming Health Unit,0.0016,92.0,2.81,0.4449,0.6837
37771,2020-11-04,2262,Thunder Bay District Health Unit,0.0021,404.0,2.7,0.2776,0.7106
37772,2020-11-04,2261,Sudbury and District Health Unit,0.0015,491.0,2.47,0.413,0.5961
37773,2020-11-04,4913,Southwestern Public Health,0.0088,436.0,2.06,0.659,0.8945
37774,2020-11-04,2260,Simcoe Muskoka District Health Unit,0.0151,1360.0,2.27,0.3595,0.7278
37775,2020-11-04,2257,Renfrew County and District Health Unit,0.0063,270.0,2.49,0.1607,0.4938
37776,2020-11-04,2256,Porcupine Health Unit,0.0006,240.0,2.88,0.611,0.8322
37777,2020-11-04,2255,Peterborough County-City Health Unit,0.0025,290.0,1.96,0.5115,0.8612
37778,2020-11-04,2253,Peel Regional Health Unit,0.0822,2853.0,1.78,0.4484,0.7279
37779,2020-11-04,35,Ontario,0.0324,30190.0,2.04,0.4776,0.7741
37780,2020-11-04,2249,Northwestern Health Unit,0.0036,196.0,2.24,0.0897,0.2892
37781,2020-11-04,2247,North Bay Parry Sound District Health Unit,0.002,291.0,2.24,0.2457,0.5467
37782,2020-11-04,2246,Niagara Regional Area Health Unit,0.0215,988.0,2.09,0.5815,0.8085
37783,2020-11-04,2244,Middlesex-London Health Unit,0.0109,941.0,1.85,0.786,0.9017
37784,2020-11-04,2243,"Leeds, Grenville and Lanark District Health Unit",0.002,365.0,2.11,0.517,0.808
37785,2020-11-04,2242,Lambton Health Unit,0.0033,302.0,2.31,0.2571,0.805
37786,2020-11-04,2241,"Kingston, Frontenac and Lennox and Addington Health Unit",0.0007,408.0,1.92,0.8649,0.9326
37787,2020-11-04,5183,Huron Perth Health Unit,0.0078,368.0,2.64,0.4467,0.9255
37788,2020-11-04,2238,Hastings and Prince Edward Counties Health Unit,0.0034,341.0,2.02,0.6389,0.8796
37789,2020-11-04,2236,Halton Regional Health Unit,0.036,1150.0,1.86,0.4722,0.6025
37790,2020-11-04,2235,"Haliburton, Kawartha, Pine Ridge District Health Unit",0.0052,410.0,2.17,0.2192,0.8061
37791,2020-11-04,2234,Haldimand-Norfolk Health Unit,0.01,270.0,2.37,0.3683,0.7074
37792,2020-11-04,2233,Grey Bruce Health Unit,0.0019,298.0,1.75,0.6662,0.8281
37793,2020-11-04,2258,Eastern Ontario Health Unit,0.019,572.0,2.74,0.3275,0.7384
37794,2020-11-04,2230,Durham Regional Health Unit,0.0315,1288.0,1.81,0.3135,0.7088
37795,2020-11-04,2226,District of Algoma Health Unit,0.0027,264.0,2.31,0.1338,0.568
37796,2020-11-04,3895,City of Toronto Health Unit,0.0524,6163.0,1.98,0.549,0.8035
37797,2020-11-04,2251,City of Ottawa Health Unit,0.0228,2233.0,2.12,0.4612,0.813
37798,2020-11-04,2237,City of Hamilton Health Unit,0.0296,1319.0,2.23,0.6908,0.8251
37799,2020-11-04,2240,Chatham-Kent Health Unit,0.0076,243.0,2.28,0.3689,0.8877
37800,2020-11-04,2227,Brant County Health Unit,0.0135,370.0,2.38,0.2531,0.5789
37801,2020-11-03,2270,York Regional Health Unit,0.0441,2221.0,1.81,0.5017,0.8664
37802,2020-11-03,2268,Windsor-Essex County Health Unit,0.0135,643.0,1.51,0.4748,0.8821
37803,2020-11-03,2266,Wellington-Dufferin-Guelph Health Unit,0.0136,639.0,2.05,0.2845,0.728
37804,2020-11-03,2265,Waterloo Health Unit,0.0196,1178.0,2.02,0.4346,0.7466
37805,2020-11-03,2263,Timiskaming Health Unit,0.0019,75.0,2.3,0.4449,0.617
37806,2020-11-03,2262,Thunder Bay District Health Unit,0.0011,391.0,2.61,0.3093,0.7134
37807,2020-11-03,2261,Sudbury and District Health Unit,0.0006,496.0,2.49,0.4152,0.579
37808,2020-11-03,4913,Southwestern Public Health,0.0063,410.0,1.94,0.6102,0.8967
37809,2020-11-03,2260,Simcoe Muskoka District Health Unit,0.0164,1385.0,2.31,0.342,0.723
37810,2020-11-03,2257,Renfrew County and District Health Unit,0.0079,234.0,2.16,0.1652,0.5086
37811,2020-11-03,2256,Porcupine Health Unit,0.002,216.0,2.59,0.6066,0.8184
37812,2020-11-03,2255,Peterborough County-City Health Unit,0.0023,309.0,2.09,0.5046,0.8611
37813,2020-11-03,2253,Peel Regional Health Unit,0.0776,2845.0,1.77,0.4498,0.6969
37814,2020-11-03,35,Ontario,0.0318,29668.0,2.0,0.4734,0.7684
37815,2020-11-03,2249,Northwestern Health Unit,0.0031,184.0,2.1,0.0928,0.3009
37816,2020-11-03,2247,North Bay Parry Sound District Health Unit,0.0018,245.0,1.88,0.2418,0.5188
37817,2020-11-03,2246,Niagara Regional Area Health Unit,0.023,936.0,1.98,0.5604,0.8092
37818,2020-11-03,2244,Middlesex-London Health Unit,0.01,889.0,1.75,0.7302,0.9082
37819,2020-11-03,2243,"Leeds, Grenville and Lanark District Health Unit",0.0027,372.0,2.15,0.4939,0.8017
37820,2020-11-03,2242,Lambton Health Unit,0.0032,267.0,2.04,0.2743,0.7867
37821,2020-11-03,2241,"Kingston, Frontenac and Lennox and Addington Health Unit",0.0007,412.0,1.93,0.8587,0.9346
37822,2020-11-03,5183,Huron Perth Health Unit,0.0072,359.0,2.57,0.4362,0.9224
37823,2020-11-03,2238,Hastings and Prince Edward Counties Health Unit,0.0034,332.0,1.97,0.6105,0.8871
37824,2020-11-03,2236,Halton Regional Health Unit,0.0371,1117.0,1.8,0.4467,0.5533
37825,2020-11-03,2235,"Haliburton, Kawartha, Pine Ridge District Health Unit",0.0051,417.0,2.21,0.2165,0.7981
37826,2020-11-03,2234,Haldimand-Norfolk Health Unit,0.012,239.0,2.09,0.3922,0.7038
37827,2020-11-03,2233,Grey Bruce Health Unit,0.0038,302.0,1.78,0.6574,0.823
37828,2020-11-03,2258,Eastern Ontario Health Unit,0.0187,541.0,2.59,0.2974,0.7472
37829,2020-11-03,2230,Durham Regional Health Unit,0.0314,1267.0,1.78,0.3198,0.7075
37830,2020-11-03,2226,District of Algoma Health Unit,0.002,282.0,2.46,0.1317,0.5641
37831,2020-11-03,3895,City of Toronto Health Unit,0.051,6013.0,1.93,0.5636,0.8025
37832,2020-11-03,2251,City of Ottawa Health Unit,0.0249,2310.0,2.19,0.4341,0.8044
37833,2020-11-03,2237,City of Hamilton Health Unit,0.0286,1202.0,2.03,0.681,0.8281
37834,2020-11-03,2240,Chatham-Kent Health Unit,0.0077,278.0,2.62,0.3852,0.8901
37835,2020-11-03,2227,Brant County Health Unit,0.0191,367.0,2.37,0.2392,0.6067
37836,2020-11-02,2270,York Regional Health Unit,0.0438,2248.0,1.83,0.5085,0.8537
37837,2020-11-02,2268,Windsor-Essex County Health Unit,0.0141,590.0,1.39,0.447,0.8726
37838,2020-11-02,2266,Wellington-Dufferin-Guelph Health Unit,0.0121,635.0,2.04,0.3027,0.739
37839,2020-11-02,2265,Waterloo Health Unit,0.019,1173.0,2.01,0.4499,0.7605
37840,2020-11-02,2263,Timiskaming Health Unit,0.002,73.0,2.22,0.4563,0.6255
37841,2020-11-02,2262,Thunder Bay District Health Unit,0.0019,374.0,2.5,0.3031,0.6941
37842,2020-11-02,2261,Sudbury and District Health Unit,0.0005,530.0,2.66,0.4494,0.5988
37843,2020-11-02,4913,Southwestern Public Health,0.0059,391.0,1.85,0.5643,0.8946
37844,2020-11-02,2260,Simcoe Muskoka District Health Unit,0.0184,1343.0,2.24,0.331,0.7085
37845,2020-11-02,2257,Renfrew County and District Health Unit,0.0098,219.0,2.01,0.1432,0.5116
37846,2020-11-02,2256,Porcupine Health Unit,0.0022,197.0,2.36,0.613,0.8332
37847,2020-11-02,2255,Peterborough County-City Health Unit,0.0023,314.0,2.12,0.496,0.8584
37848,2020-11-02,2253,Peel Regional Health Unit,0.0743,2769.0,1.72,0.4365,0.6699
37849,2020-11-02,35,Ontario,0.0308,29475.0,1.99,0.4715,0.7646
37850,2020-11-02,2249,Northwestern Health Unit,0.0014,200.0,2.28,0.0807,0.2572
37851,2020-11-02,2247,North Bay Parry Sound District Health Unit,0.0016,261.0,2.01,0.2677,0.5399
37852,2020-11-02,2246,Niagara Regional Area Health Unit,0.0228,883.0,1.87,0.5114,0.7973
37853,2020-11-02,2244,Middlesex-London Health Unit,0.0096,849.0,1.67,0.7059,0.9098
37854,2020-11-02,2243,"Leeds, Grenville and Lanark District Health Unit",0.0016,368.0,2.12,0.4635,0.7895
37855,2020-11-02,2242,Lambton Health Unit,0.0035,248.0,1.9,0.295,0.7962
37856,2020-11-02,2241,"Kingston, Frontenac and Lennox and Addington Health Unit",0.0006,460.0,2.16,0.8532,0.9324
37857,2020-11-02,5183,Huron Perth Health Unit,0.0044,357.0,2.56,0.4185,0.9197
37858,2020-11-02,2238,Hastings and Prince Edward Counties Health Unit,0.0034,336.0,1.99,0.5954,0.8781
37859,2020-11-02,2236,Halton Regional Health Unit,0.0336,1081.0,1.75,0.4588,0.5521
37860,2020-11-02,2235,"Haliburton, Kawartha, Pine Ridge District Health Unit",0.0027,426.0,2.25,0.222,0.7983
37861,2020-11-02,2234,Haldimand-Norfolk Health Unit,0.012,214.0,1.87,0.3913,0.6889
37862,2020-11-02,2233,Grey Bruce Health Unit,0.0058,293.0,1.73,0.6468,0.816
37863,2020-11-02,2258,Eastern Ontario Health Unit,0.0197,545.0,2.61,0.2557,0.7436
37864,2020-11-02,2230,Durham Regional Health Unit,0.0304,1299.0,1.82,0.3307,0.6998
37865,2020-11-02,2226,District of Algoma Health Unit,0.0014,315.0,2.75,0.1283,0.5564
37866,2020-11-02,3895,City of Toronto Health Unit,0.049,6111.0,1.96,0.5788,0.8047
37867,2020-11-02,2251,City of Ottawa Health Unit,0.0261,2236.0,2.12,0.411,0.801
37868,2020-11-02,2237,City of Hamilton Health Unit,0.0254,1208.0,2.04,0.6857,0.8263
37869,2020-11-02,2240,Chatham-Kent Health Unit,0.0079,290.0,2.73,0.4081,0.9241
37870,2020-11-02,2227,Brant County Health Unit,0.0209,349.0,2.25,0.2483,0.6202
37871,2020-11-01,2270,York Regional Health Unit,0.0411,2317.0,1.89,0.5238,0.858
37872,2020-11-01,2268,Windsor-Essex County Health Unit,0.0144,536.0,1.26,0.4407,0.8767
37873,2020-11-01,2266,Wellington-Dufferin-Guelph Health Unit,0.0112,623.0,2.0,0.3236,0.7534
37874,2020-11-01,2265,Waterloo Health Unit,0.0192,1162.0,1.99,0.4947,0.8164
37875,2020-11-01,2263,Timiskaming Health Unit,0.0021,69.0,2.12,0.4754,0.6515
37876,2020-11-01,2262,Thunder Bay District Health Unit,0.0016,354.0,2.36,0.3069,0.7445
37877,2020-11-01,2261,Sudbury and District Health Unit,0.0003,536.0,2.69,0.4805,0.6345
37878,2020-11-01,4913,Southwestern Public Health,0.0058,394.0,1.86,0.5552,0.8966
37879,2020-11-01,2260,Simcoe Muskoka District Health Unit,0.0177,1338.0,2.23,0.3306,0.7176
37880,2020-11-01,2257,Renfrew County and District Health Unit,0.013,198.0,1.83,0.1299,0.4874
37881,2020-11-01,2256,Porcupine Health Unit,0.0029,198.0,2.37,0.5972,0.8091
37882,2020-11-01,2255,Peterborough County-City Health Unit,0.0014,303.0,2.05,0.5073,0.8607
37883,2020-11-01,2253,Peel Regional Health Unit,0.073,2680.0,1.67,0.4406,0.647
37884,2020-11-01,35,Ontario,0.0299,29428.0,1.98,0.4777,0.7705
37885,2020-11-01,2249,Northwestern Health Unit,0.0007,210.0,2.39,0.0754,0.2628
37886,2020-11-01,2247,North Bay Parry Sound District Health Unit,0.0011,257.0,1.98,0.2469,0.4979
37887,2020-11-01,2246,Niagara Regional Area Health Unit,0.0227,843.0,1.78,0.5142,0.7885
37888,2020-11-01,2244,Middlesex-London Health Unit,0.0087,874.0,1.72,0.7133,0.9105
37889,2020-11-01,2243,"Leeds, Grenville and Lanark District Health Unit",0.003,375.0,2.17,0.464,0.7932
37890,2020-11-01,2242,Lambton Health Unit,0.0018,232.0,1.77,0.3089,0.8012
37891,2020-11-01,2241,"Kingston, Frontenac and Lennox and Addington Health Unit",0.0013,451.0,2.12,0.8429,0.918
37892,2020-11-01,5183,Huron Perth Health Unit,0.005,344.0,2.46,0.4124,0.9217
37893,2020-11-01,2238,Hastings and Prince Edward Counties Health Unit,0.003,338.0,2.01,0.5942,0.8812
37894,2020-11-01,2236,Halton Regional Health Unit,0.0297,1077.0,1.74,0.46,0.5481
37895,2020-11-01,2235,"Haliburton, Kawartha, Pine Ridge District Health Unit",0.0027,422.0,2.23,0.2371,0.8252
37896,2020-11-01,2234,Haldimand-Norfolk Health Unit,0.0092,202.0,1.77,0.3876,0.6848
37897,2020-11-01,2233,Grey Bruce Health Unit,0.0049,294.0,1.73,0.6598,0.8269
37898,2020-11-01,2258,Eastern Ontario Health Unit,0.0186,568.0,2.72,0.252,0.7462
37899,2020-11-01,2230,Durham Regional Health Unit,0.0266,1329.0,1.87,0.3363,0.7182
37900,2020-11-01,2226,District of Algoma Health Unit,0.0009,323.0,2.82,0.1231,0.5569
37901,2020-11-01,3895,City of Toronto Health Unit,0.0472,6207.0,1.99,0.5914,0.8207
37902,2020-11-01,2251,City of Ottawa Health Unit,0.0285,2231.0,2.12,0.3963,0.7962
37903,2020-11-01,2237,City of Hamilton Health Unit,0.0252,1215.0,2.05,0.6817,0.8282
37904,2020-11-01,2240,Chatham-Kent Health Unit,0.0085,303.0,2.85,0.4045,0.9284
37905,2020-11-01,2227,Brant County Health Unit,0.0263,342.0,2.2,0.2534,0.6398
37906,2020-10-31,2270,York Regional Health Unit,0.0431,2346.0,1.91,0.5418,0.8589
37907,2020-10-31,2268,Windsor-Essex County Health Unit,0.0145,524.0,1.23,0.4172,0.8681
37908,2020-10-31,2266,Wellington-Dufferin-Guelph Health Unit,0.0122,633.0,2.03,0.3279,0.7455
37909,2020-10-31,2265,Waterloo Health Unit,0.0181,1157.0,1.98,0.53,0.8264
37910,2020-10-31,2263,Timiskaming Health Unit,0.002,71.0,2.17,0.4719,0.6667
37911,2020-10-31,2262,Thunder Bay District Health Unit,0.0017,336.0,2.24,0.2851,0.7394
37912,2020-10-31,2261,Sudbury and District Health Unit,0.0003,551.0,2.77,0.4757,0.6425
37913,2020-10-31,4913,Southwestern Public Health,0.0058,395.0,1.87,0.5508,0.9016
37914,2020-10-31,2260,Simcoe Muskoka District Health Unit,0.0178,1335.0,2.23,0.3232,0.6979
37915,2020-10-31,2257,Renfrew County and District Health Unit,0.0137,198.0,1.82,0.1434,0.528
37916,2020-10-31,2256,Porcupine Health Unit,0.0029,199.0,2.38,0.5905,0.7871
37917,2020-10-31,2255,Peterborough County-City Health Unit,0.0009,303.0,2.05,0.497,0.8484
37918,2020-10-31,2253,Peel Regional Health Unit,0.0728,2703.0,1.68,0.4313,0.6227
37919,2020-10-31,35,Ontario,0.0301,29530.0,1.99,0.4762,0.7689
37920,2020-10-31,2249,Northwestern Health Unit,0.0007,209.0,2.38,0.0813,0.2814
37921,2020-10-31,2247,North Bay Parry Sound District Health Unit,0.0011,261.0,2.01,0.2299,0.4612
37922,2020-10-31,2246,Niagara Regional Area Health Unit,0.0212,843.0,1.78,0.5107,0.7755
37923,2020-10-31,2244,Middlesex-London Health Unit,0.0085,887.0,1.75,0.7086,0.9119
37924,2020-10-31,2243,"Leeds, Grenville and Lanark District Health Unit",0.0036,395.0,2.28,0.4589,0.8039
37925,2020-10-31,2242,Lambton Health Unit,0.0018,234.0,1.79,0.3215,0.8066
37926,2020-10-31,2241,"Kingston, Frontenac and Lennox and Addington Health Unit",0.0009,453.0,2.13,0.8323,0.9091
37927,2020-10-31,5183,Huron Perth Health Unit,0.0051,339.0,2.42,0.3992,0.9139
37928,2020-10-31,2238,Hastings and Prince Edward Counties Health Unit,0.003,335.0,1.99,0.5726,0.8584
37929,2020-10-31,2236,Halton Regional Health Unit,0.028,1095.0,1.77,0.4332,0.5284
37930,2020-10-31,2235,"Haliburton, Kawartha, Pine Ridge District Health Unit",0.002,420.0,2.22,0.2472,0.8297
37931,2020-10-31,2234,Haldimand-Norfolk Health Unit,0.0084,205.0,1.79,0.3995,0.6838
37932,2020-10-31,2233,Grey Bruce Health Unit,0.0043,300.0,1.77,0.623,0.8291
37933,2020-10-31,2258,Eastern Ontario Health Unit,0.0186,575.0,2.75,0.2451,0.743
37934,2020-10-31,2230,Durham Regional Health Unit,0.0248,1295.0,1.82,0.3517,0.7606
37935,2020-10-31,2226,District of Algoma Health Unit,0.0013,319.0,2.79,0.1181,0.5953
37936,2020-10-31,3895,City of Toronto Health Unit,0.0474,6222.0,1.99,0.5955,0.8256
37937,2020-10-31,2251,City of Ottawa Health Unit,0.0303,2278.0,2.16,0.3846,0.7963
37938,2020-10-31,2237,City of Hamilton Health Unit,0.0253,1181.0,1.99,0.6537,0.8151
37939,2020-10-31,2240,Chatham-Kent Health Unit,0.0083,311.0,2.93,0.4068,0.9348
37940,2020-10-31,2227,Brant County Health Unit,0.0265,334.0,2.15,0.2534,0.6586
37941,2020-10-30,2270,York Regional Health Unit,0.0431,2377.0,1.94,0.5314,0.8583
37942,2020-10-30,2268,Windsor-Essex County Health Unit,0.0124,508.0,1.2,0.3774,0.8551
37943,2020-10-30,2266,Wellington-Dufferin-Guelph Health Unit,0.0119,638.0,2.05,0.3305,0.7311
37944,2020-10-30,2265,Waterloo Health Unit,0.017,1149.0,1.97,0.5328,0.8293
37945,2020-10-30,2263,Timiskaming Health Unit,0.002,72.0,2.2,0.4669,0.6767
37946,2020-10-30,2262,Thunder Bay District Health Unit,0.0008,337.0,2.25,0.2871,0.7352
37947,2020-10-30,2261,Sudbury and District Health Unit,0.0005,571.0,2.87,0.4966,0.6571
37948,2020-10-30,4913,Southwestern Public Health,0.0066,392.0,1.85,0.509,0.8973
37949,2020-10-30,2260,Simcoe Muskoka District Health Unit,0.0176,1331.0,2.22,0.3199,0.665
37950,2020-10-30,2257,Renfrew County and District Health Unit,0.0135,201.0,1.85,0.1196,0.4255
37951,2020-10-30,2256,Porcupine Health Unit,0.0036,200.0,2.39,0.6103,0.7697
37952,2020-10-30,2255,Peterborough County-City Health Unit,0.001,301.0,2.03,0.5189,0.8572
37953,2020-10-30,2253,Peel Regional Health Unit,0.0719,2679.0,1.67,0.4223,0.6099
37954,2020-10-30,35,Ontario,0.0297,29678.0,2.0,0.468,0.7634
37955,2020-10-30,2249,Northwestern Health Unit,0.0007,214.0,2.44,0.0764,0.2797
37956,2020-10-30,2247,North Bay Parry Sound District Health Unit,0.0016,262.0,2.02,0.1874,0.4136
37957,2020-10-30,2246,Niagara Regional Area Health Unit,0.0201,840.0,1.78,0.4948,0.7512
37958,2020-10-30,2244,Middlesex-London Health Unit,0.0094,880.0,1.73,0.6909,0.9069
37959,2020-10-30,2243,"Leeds, Grenville and Lanark District Health Unit",0.0067,403.0,2.33,0.4305,0.7899
37960,2020-10-30,2242,Lambton Health Unit,0.0018,232.0,1.77,0.2809,0.8407
37961,2020-10-30,2241,"Kingston, Frontenac and Lennox and Addington Health Unit",0.0013,457.0,2.15,0.808,0.8924
37962,2020-10-30,5183,Huron Perth Health Unit,0.0052,329.0,2.35,0.3342,0.8615
37963,2020-10-30,2238,Hastings and Prince Edward Counties Health Unit,0.0022,331.0,1.97,0.5136,0.8508
37964,2020-10-30,2236,Halton Regional Health Unit,0.028,1088.0,1.76,0.4097,0.5213
37965,2020-10-30,2235,"Haliburton, Kawartha, Pine Ridge District Health Unit",0.002,421.0,2.23,0.2508,0.8361
37966,2020-10-30,2234,Haldimand-Norfolk Health Unit,0.0103,223.0,1.95,0.3872,0.668
37967,2020-10-30,2233,Grey Bruce Health Unit,0.0042,304.0,1.79,0.5934,0.8295
37968,2020-10-30,2258,Eastern Ontario Health Unit,0.0181,576.0,2.76,0.2555,0.7218
37969,2020-10-30,2230,Durham Regional Health Unit,0.0262,1296.0,1.82,0.3339,0.779
37970,2020-10-30,2226,District of Algoma Health Unit,0.0009,322.0,2.82,0.0917,0.6022
37971,2020-10-30,3895,City of Toronto Health Unit,0.0459,6337.0,2.03,0.6097,0.83
37972,2020-10-30,2251,City of Ottawa Health Unit,0.0306,2308.0,2.19,0.3665,0.7826
37973,2020-10-30,2237,City of Hamilton Health Unit,0.0233,1173.0,1.98,0.6415,0.842
37974,2020-10-30,2240,Chatham-Kent Health Unit,0.0088,307.0,2.88,0.4293,0.9336
37975,2020-10-30,2227,Brant County Health Unit,0.0262,327.0,2.11,0.2356,0.6643
37976,2020-10-29,2270,York Regional Health Unit,0.0426,2417.0,1.97,0.5212,0.8437
37977,2020-10-29,2268,Windsor-Essex County Health Unit,0.0109,509.0,1.2,0.3647,0.8237
37978,2020-10-29,2266,Wellington-Dufferin-Guelph Health Unit,0.0115,645.0,2.07,0.3724,0.7867
37979,2020-10-29,2265,Waterloo Health Unit,0.014,1037.0,1.78,0.5658,0.828
37980,2020-10-29,2263,Timiskaming Health Unit,0.002,72.0,2.2,0.4093,0.6739
37981,2020-10-29,2262,Thunder Bay District Health Unit,0.0008,344.0,2.29,0.293,0.7277
37982,2020-10-29,2261,Sudbury and District Health Unit,0.0007,580.0,2.92,0.4973,0.6711
37983,2020-10-29,4913,Southwestern Public Health,0.0055,393.0,1.86,0.4959,0.888
37984,2020-10-29,2260,Simcoe Muskoka District Health Unit,0.0159,1317.0,2.2,0.3355,0.6698
37985,2020-10-29,2257,Renfrew County and District Health Unit,0.0103,209.0,1.92,0.0978,0.3978
37986,2020-10-29,2256,Porcupine Health Unit,0.0044,194.0,2.32,0.5905,0.7818
37987,2020-10-29,2255,Peterborough County-City Health Unit,0.0014,310.0,2.09,0.5484,0.8419
37988,2020-10-29,2253,Peel Regional Health Unit,0.0711,2710.0,1.69,0.4301,0.6024
37989,2020-10-29,35,Ontario,0.0297,29796.0,2.01,0.4701,0.7618
37990,2020-10-29,2249,Northwestern Health Unit,0.0,218.0,2.48,0.086,0.3338
37991,2020-10-29,2247,North Bay Parry Sound District Health Unit,0.0016,264.0,2.03,0.1917,0.4204
37992,2020-10-29,2246,Niagara Regional Area Health Unit,0.0205,822.0,1.74,0.458,0.7178
37993,2020-10-29,2244,Middlesex-London Health Unit,0.0099,882.0,1.74,0.6587,0.8802
37994,2020-10-29,2243,"Leeds, Grenville and Lanark District Health Unit",0.0077,410.0,2.37,0.4015,0.7465
37995,2020-10-29,2242,Lambton Health Unit,0.0018,237.0,1.81,0.2623,0.8248
37996,2020-10-29,2241,"Kingston, Frontenac and Lennox and Addington Health Unit",0.0019,463.0,2.18,0.7923,0.8897
37997,2020-10-29,5183,Huron Perth Health Unit,0.0066,304.0,2.18,0.3421,0.865
37998,2020-10-29,2238,Hastings and Prince Edward Counties Health Unit,0.0017,339.0,2.01,0.4808,0.8654
37999,2020-10-29,2236,Halton Regional Health Unit,0.0284,1087.0,1.76,0.4012,0.5263
38000,2020-10-29,2235,"Haliburton, Kawartha, Pine Ridge District Health Unit",0.0024,418.0,2.21,0.2571,0.8376
38001,2020-10-29,2234,Haldimand-Norfolk Health Unit,0.0164,227.0,1.99,0.3907,0.6488
38002,2020-10-29,2233,Grey Bruce Health Unit,0.0054,316.0,1.86,0.5966,0.8439
38003,2020-10-29,2258,Eastern Ontario Health Unit,0.0159,585.0,2.8,0.2369,0.692
38004,2020-10-29,2230,Durham Regional Health Unit,0.0227,1302.0,1.83,0.3238,0.7843
38005,2020-10-29,2226,District of Algoma Health Unit,0.0013,335.0,2.92,0.0975,0.6167
38006,2020-10-29,3895,City of Toronto Health Unit,0.0465,6435.0,2.06,0.6241,0.8398
38007,2020-10-29,2251,City of Ottawa Health Unit,0.0323,2289.0,2.17,0.3732,0.7569
38008,2020-10-29,2237,City of Hamilton Health Unit,0.0222,1190.0,2.01,0.6102,0.859
38009,2020-10-29,2240,Chatham-Kent Health Unit,0.0073,311.0,2.93,0.4318,0.8969
38010,2020-10-29,2227,Brant County Health Unit,0.0267,326.0,2.1,0.2526,0.6807
38011,2020-10-28,2270,York Regional Health Unit,0.0432,2456.0,2.0,0.547,0.8517
38012,2020-10-28,2268,Windsor-Essex County Health Unit,0.0123,548.0,1.29,0.3692,0.8377
38013,2020-10-28,2266,Wellington-Dufferin-Guelph Health Unit,0.0119,663.0,2.13,0.3513,0.7753
38014,2020-10-28,2265,Waterloo Health Unit,0.0145,1006.0,1.72,0.5763,0.8273
38015,2020-10-28,2263,Timiskaming Health Unit,0.0019,75.0,2.3,0.4231,0.7258
38016,2020-10-28,2262,Thunder Bay District Health Unit,0.0008,343.0,2.29,0.2808,0.7092
38017,2020-10-28,2261,Sudbury and District Health Unit,0.002,577.0,2.9,0.4905,0.6822
38018,2020-10-28,4913,Southwestern Public Health,0.0054,426.0,2.01,0.4905,0.8949
38019,2020-10-28,2260,Simcoe Muskoka District Health Unit,0.0169,1295.0,2.16,0.3574,0.7111
38020,2020-10-28,2257,Renfrew County and District Health Unit,0.0093,184.0,1.7,0.1033,0.4159
38021,2020-10-28,2256,Porcupine Health Unit,0.0043,200.0,2.4,0.6233,0.815
38022,2020-10-28,2255,Peterborough County-City Health Unit,0.0023,304.0,2.06,0.5802,0.8599
38023,2020-10-28,2253,Peel Regional Health Unit,0.071,2797.0,1.74,0.4316,0.6427
38024,2020-10-28,35,Ontario,0.0294,30274.0,2.04,0.482,0.7788
38025,2020-10-28,2249,Northwestern Health Unit,0.0,223.0,2.54,0.0911,0.3771
38026,2020-10-28,2247,North Bay Parry Sound District Health Unit,0.001,285.0,2.2,0.1979,0.4269
38027,2020-10-28,2246,Niagara Regional Area Health Unit,0.0198,799.0,1.69,0.4737,0.7313
38028,2020-10-28,2244,Middlesex-London Health Unit,0.0088,873.0,1.72,0.6543,0.8935
38029,2020-10-28,2243,"Leeds, Grenville and Lanark District Health Unit",0.0087,409.0,2.36,0.4038,0.7456
38030,2020-10-28,2242,Lambton Health Unit,0.0016,276.0,2.11,0.2844,0.8595
38031,2020-10-28,2241,"Kingston, Frontenac and Lennox and Addington Health Unit",0.0027,480.0,2.26,0.8049,0.8968
38032,2020-10-28,5183,Huron Perth Health Unit,0.0042,304.0,2.17,0.3972,0.8921
38033,2020-10-28,2238,Hastings and Prince Edward Counties Health Unit,0.0019,369.0,2.19,0.4107,0.8588
38034,2020-10-28,2236,Halton Regional Health Unit,0.0271,1107.0,1.79,0.4003,0.5516
38035,2020-10-28,2235,"Haliburton, Kawartha, Pine Ridge District Health Unit",0.0023,429.0,2.27,0.287,0.8595
38036,2020-10-28,2234,Haldimand-Norfolk Health Unit,0.017,236.0,2.07,0.3505,0.6829
38037,2020-10-28,2233,Grey Bruce Health Unit,0.006,334.0,1.97,0.5758,0.86
38038,2020-10-28,2258,Eastern Ontario Health Unit,0.0145,561.0,2.69,0.2355,0.729
38039,2020-10-28,2230,Durham Regional Health Unit,0.0239,1341.0,1.88,0.3509,0.8167
38040,2020-10-28,2226,District of Algoma Health Unit,0.0012,346.0,3.02,0.139,0.6264
38041,2020-10-28,3895,City of Toronto Health Unit,0.0452,6538.0,2.1,0.6477,0.8516
38042,2020-10-28,2251,City of Ottawa Health Unit,0.0326,2297.0,2.18,0.3905,0.758
38043,2020-10-28,2237,City of Hamilton Health Unit,0.0201,1254.0,2.12,0.6139,0.8721
38044,2020-10-28,2240,Chatham-Kent Health Unit,0.0105,300.0,2.83,0.421,0.8979
38045,2020-10-28,2227,Brant County Health Unit,0.027,333.0,2.15,0.2397,0.7141
38046,2020-10-27,2270,York Regional Health Unit,0.0457,2484.0,2.03,0.5448,0.8529
38047,2020-10-27,2268,Windsor-Essex County Health Unit,0.0113,582.0,1.37,0.3929,0.8491
38048,2020-10-27,2266,Wellington-Dufferin-Guelph Health Unit,0.0117,694.0,2.23,0.3489,0.7806
38049,2020-10-27,2265,Waterloo Health Unit,0.0152,979.0,1.68,0.5682,0.8248
38050,2020-10-27,2263,Timiskaming Health Unit,0.0016,90.0,2.74,0.4222,0.7929
38051,2020-10-27,2262,Thunder Bay District Health Unit,0.0012,344.0,2.29,0.2451,0.7353
38052,2020-10-27,2261,Sudbury and District Health Unit,0.0021,615.0,3.09,0.5129,0.6955
38053,2020-10-27,4913,Southwestern Public Health,0.0065,438.0,2.07,0.5344,0.8995
38054,2020-10-27,2260,Simcoe Muskoka District Health Unit,0.0162,1279.0,2.13,0.3727,0.7363
38055,2020-10-27,2257,Renfrew County and District Health Unit,0.0068,211.0,1.94,0.1087,0.4251
38056,2020-10-27,2256,Porcupine Health Unit,0.0038,226.0,2.71,0.5502,0.7967
38057,2020-10-27,2255,Peterborough County-City Health Unit,0.0019,296.0,2.0,0.5928,0.8656
38058,2020-10-27,2253,Peel Regional Health Unit,0.071,2796.0,1.74,0.4202,0.6692
38059,2020-10-27,35,Ontario,0.0289,30955.0,2.09,0.4847,0.7854
38060,2020-10-27,2249,Northwestern Health Unit,0.0012,231.0,2.64,0.0813,0.3923
38061,2020-10-27,2247,North Bay Parry Sound District Health Unit,0.0008,342.0,2.63,0.2305,0.4548
38062,2020-10-27,2246,Niagara Regional Area Health Unit,0.0165,821.0,1.74,0.4878,0.7235
38063,2020-10-27,2244,Middlesex-London Health Unit,0.0087,924.0,1.82,0.7115,0.8879
38064,2020-10-27,2243,"Leeds, Grenville and Lanark District Health Unit",0.0097,414.0,2.39,0.4291,0.7394
38065,2020-10-27,2242,Lambton Health Unit,0.0014,308.0,2.36,0.2648,0.8744
38066,2020-10-27,2241,"Kingston, Frontenac and Lennox and Addington Health Unit",0.0022,508.0,2.39,0.8003,0.889
38067,2020-10-27,5183,Huron Perth Health Unit,0.003,336.0,2.4,0.3992,0.8911
38068,2020-10-27,2238,Hastings and Prince Edward Counties Health Unit,0.0023,375.0,2.23,0.3798,0.8519
38069,2020-10-27,2236,Halton Regional Health Unit,0.0241,1139.0,1.84,0.3846,0.5459
38070,2020-10-27,2235,"Haliburton, Kawartha, Pine Ridge District Health Unit",0.0027,431.0,2.28,0.321,0.8667
38071,2020-10-27,2234,Haldimand-Norfolk Health Unit,0.015,248.0,2.17,0.3315,0.6944
38072,2020-10-27,2233,Grey Bruce Health Unit,0.0058,346.0,2.04,0.5467,0.8596
38073,2020-10-27,2258,Eastern Ontario Health Unit,0.0147,572.0,2.74,0.2581,0.7231
38074,2020-10-27,2230,Durham Regional Health Unit,0.0235,1375.0,1.93,0.3592,0.8287
38075,2020-10-27,2226,District of Algoma Health Unit,0.0013,334.0,2.91,0.1572,0.6429
38076,2020-10-27,3895,City of Toronto Health Unit,0.0454,6659.0,2.13,0.6479,0.8564
38077,2020-10-27,2251,City of Ottawa Health Unit,0.0307,2269.0,2.15,0.3912,0.766
38078,2020-10-27,2237,City of Hamilton Health Unit,0.017,1364.0,2.3,0.6178,0.8687
38079,2020-10-27,2240,Chatham-Kent Health Unit,0.0123,280.0,2.63,0.476,0.9019
38080,2020-10-27,2227,Brant County Health Unit,0.0241,343.0,2.21,0.2575,0.7159
38081,2020-10-26,2270,York Regional Health Unit,0.0456,2404.0,1.96,0.5498,0.8671
38082,2020-10-26,2268,Windsor-Essex County Health Unit,0.0091,645.0,1.52,0.4228,0.8617
38083,2020-10-26,2266,Wellington-Dufferin-Guelph Health Unit,0.0125,707.0,2.27,0.3377,0.7781
38084,2020-10-26,2265,Waterloo Health Unit,0.0128,995.0,1.7,0.5528,0.8027
38085,2020-10-26,2263,Timiskaming Health Unit,0.0015,93.0,2.85,0.3968,0.781
38086,2020-10-26,2262,Thunder Bay District Health Unit,0.0012,350.0,2.33,0.2235,0.7192
38087,2020-10-26,2261,Sudbury and District Health Unit,0.0032,629.0,3.16,0.5244,0.7062
38088,2020-10-26,4913,Southwestern Public Health,0.0055,467.0,2.21,0.5784,0.9
38089,2020-10-26,2260,Simcoe Muskoka District Health Unit,0.0149,1281.0,2.14,0.3885,0.7541
38090,2020-10-26,2257,Renfrew County and District Health Unit,0.0059,243.0,2.23,0.1074,0.3978
38091,2020-10-26,2256,Porcupine Health Unit,0.0035,244.0,2.93,0.5186,0.7824
38092,2020-10-26,2255,Peterborough County-City Health Unit,0.0024,299.0,2.02,0.6101,0.8718
38093,2020-10-26,2253,Peel Regional Health Unit,0.0708,2856.0,1.78,0.4251,0.7024
38094,2020-10-26,35,Ontario,0.0287,31345.0,2.11,0.4899,0.7898
38095,2020-10-26,2249,Northwestern Health Unit,0.0013,219.0,2.5,0.0809,0.4188
38096,2020-10-26,2247,North Bay Parry Sound District Health Unit,0.0008,351.0,2.71,0.2378,0.4643
38097,2020-10-26,2246,Niagara Regional Area Health Unit,0.0152,864.0,1.83,0.54,0.7287
38098,2020-10-26,2244,Middlesex-London Health Unit,0.0086,981.0,1.93,0.7401,0.8921
38099,2020-10-26,2243,"Leeds, Grenville and Lanark District Health Unit",0.0096,432.0,2.5,0.4493,0.7375
38100,2020-10-26,2242,Lambton Health Unit,0.0026,333.0,2.55,0.2603,0.8737
38101,2020-10-26,2241,"Kingston, Frontenac and Lennox and Addington Health Unit",0.0025,460.0,2.16,0.8019,0.8888
38102,2020-10-26,5183,Huron Perth Health Unit,0.0029,339.0,2.43,0.4301,0.8938
38103,2020-10-26,2238,Hastings and Prince Edward Counties Health Unit,0.0026,381.0,2.26,0.3775,0.8597
38104,2020-10-26,2236,Halton Regional Health Unit,0.0256,1148.0,1.85,0.3936,0.5567
38105,2020-10-26,2235,"Haliburton, Kawartha, Pine Ridge District Health Unit",0.0027,422.0,2.23,0.3423,0.8629
38106,2020-10-26,2234,Haldimand-Norfolk Health Unit,0.013,286.0,2.5,0.3209,0.6984
38107,2020-10-26,2233,Grey Bruce Health Unit,0.0043,332.0,1.95,0.5454,0.8641
38108,2020-10-26,2258,Eastern Ontario Health Unit,0.0243,600.0,2.88,0.2547,0.676
38109,2020-10-26,2230,Durham Regional Health Unit,0.024,1390.0,1.95,0.3783,0.8419
38110,2020-10-26,2226,District of Algoma Health Unit,0.0014,301.0,2.63,0.202,0.6667
38111,2020-10-26,3895,City of Toronto Health Unit,0.0457,6611.0,2.12,0.6479,0.8603
38112,2020-10-26,2251,City of Ottawa Health Unit,0.0299,2316.0,2.2,0.3939,0.7538
38113,2020-10-26,2237,City of Hamilton Health Unit,0.0178,1382.0,2.33,0.6177,0.8699
38114,2020-10-26,2240,Chatham-Kent Health Unit,0.0114,300.0,2.82,0.4883,0.8981
38115,2020-10-26,2227,Brant County Health Unit,0.021,374.0,2.41,0.2843,0.7247
38116,2020-10-25,2270,York Regional Health Unit,0.0464,2375.0,1.94,0.5483,0.8687
38117,2020-10-25,2268,Windsor-Essex County Health Unit,0.0093,678.0,1.59,0.4243,0.8643
38118,2020-10-25,2266,Wellington-Dufferin-Guelph Health Unit,0.0122,737.0,2.36,0.3175,0.7688
38119,2020-10-25,2265,Waterloo Health Unit,0.0111,1032.0,1.77,0.5222,0.7652
38120,2020-10-25,2263,Timiskaming Health Unit,0.0015,95.0,2.92,0.3865,0.7606
38121,2020-10-25,2262,Thunder Bay District Health Unit,0.0018,390.0,2.6,0.2202,0.6798
38122,2020-10-25,2261,Sudbury and District Health Unit,0.0032,621.0,3.12,0.4998,0.6971
38123,2020-10-25,4913,Southwestern Public Health,0.0044,487.0,2.3,0.5871,0.9005
38124,2020-10-25,2260,Simcoe Muskoka District Health Unit,0.0152,1296.0,2.16,0.3777,0.7473
38125,2020-10-25,2257,Renfrew County and District Health Unit,0.0069,268.0,2.47,0.1138,0.4087
38126,2020-10-25,2256,Porcupine Health Unit,0.0029,247.0,2.95,0.5243,0.7914
38127,2020-10-25,2255,Peterborough County-City Health Unit,0.0023,306.0,2.07,0.623,0.8826
38128,2020-10-25,2253,Peel Regional Health Unit,0.0695,2949.0,1.84,0.4133,0.7212
38129,2020-10-25,35,Ontario,0.0285,31764.0,2.14,0.4855,0.787
38130,2020-10-25,2249,Northwestern Health Unit,0.0013,214.0,2.44,0.0765,0.3832
38131,2020-10-25,2247,North Bay Parry Sound District Health Unit,0.0019,376.0,2.89,0.256,0.4942
38132,2020-10-25,2246,Niagara Regional Area Health Unit,0.0152,874.0,1.85,0.5518,0.7261
38133,2020-10-25,2244,Middlesex-London Health Unit,0.0084,965.0,1.9,0.7428,0.8932
38134,2020-10-25,2243,"Leeds, Grenville and Lanark District Health Unit",0.0098,410.0,2.37,0.4642,0.7634
38135,2020-10-25,2242,Lambton Health Unit,0.0027,373.0,2.85,0.2621,0.8688
38136,2020-10-25,2241,"Kingston, Frontenac and Lennox and Addington Health Unit",0.0019,448.0,2.11,0.8259,0.9122
38137,2020-10-25,5183,Huron Perth Health Unit,0.002,358.0,2.56,0.416,0.8578
38138,2020-10-25,2238,Hastings and Prince Edward Counties Health Unit,0.0022,389.0,2.31,0.3732,0.8644
38139,2020-10-25,2236,Halton Regional Health Unit,0.026,1165.0,1.88,0.3936,0.5735
38140,2020-10-25,2235,"Haliburton, Kawartha, Pine Ridge District Health Unit",0.0024,424.0,2.25,0.3423,0.8631
38141,2020-10-25,2234,Haldimand-Norfolk Health Unit,0.0125,297.0,2.61,0.2935,0.6925
38142,2020-10-25,2233,Grey Bruce Health Unit,0.0048,330.0,1.94,0.5484,0.8718
38143,2020-10-25,2258,Eastern Ontario Health Unit,0.0221,561.0,2.69,0.253,0.6545
38144,2020-10-25,2230,Durham Regional Health Unit,0.0261,1382.0,1.94,0.373,0.8374
38145,2020-10-25,2226,District of Algoma Health Unit,0.0019,295.0,2.58,0.1987,0.6598
38146,2020-10-25,3895,City of Toronto Health Unit,0.046,6651.0,2.13,0.6444,0.8566
38147,2020-10-25,2251,City of Ottawa Health Unit,0.0274,2425.0,2.3,0.3974,0.752
38148,2020-10-25,2237,City of Hamilton Health Unit,0.0174,1362.0,2.3,0.6138,0.8575
38149,2020-10-25,2240,Chatham-Kent Health Unit,0.0129,289.0,2.72,0.4792,0.8643
38150,2020-10-25,2227,Brant County Health Unit,0.0157,383.0,2.47,0.2541,0.667
38151,2020-10-24,2270,York Regional Health Unit,0.0439,2380.0,1.94,0.5485,0.864
38152,2020-10-24,2268,Windsor-Essex County Health Unit,0.0082,680.0,1.6,0.4114,0.8689
38153,2020-10-24,2266,Wellington-Dufferin-Guelph Health Unit,0.0124,729.0,2.34,0.291,0.7483
38154,2020-10-24,2265,Waterloo Health Unit,0.0121,1047.0,1.79,0.4814,0.7206
38155,2020-10-24,2263,Timiskaming Health Unit,0.0015,96.0,2.94,0.3678,0.7459
38156,2020-10-24,2262,Thunder Bay District Health Unit,0.0021,407.0,2.71,0.2343,0.6775
38157,2020-10-24,2261,Sudbury and District Health Unit,0.0033,605.0,3.04,0.5031,0.718
38158,2020-10-24,4913,Southwestern Public Health,0.005,490.0,2.31,0.5863,0.8944
38159,2020-10-24,2260,Simcoe Muskoka District Health Unit,0.014,1297.0,2.16,0.3559,0.7245
38160,2020-10-24,2257,Renfrew County and District Health Unit,0.007,267.0,2.46,0.1057,0.3649
38161,2020-10-24,2256,Porcupine Health Unit,0.0029,248.0,2.97,0.5351,0.8188
38162,2020-10-24,2255,Peterborough County-City Health Unit,0.0032,310.0,2.1,0.609,0.8661
38163,2020-10-24,2253,Peel Regional Health Unit,0.0663,2941.0,1.83,0.4187,0.7462
38164,2020-10-24,35,Ontario,0.0278,31857.0,2.15,0.4828,0.7831
38165,2020-10-24,2249,Northwestern Health Unit,0.0013,214.0,2.44,0.0774,0.3847
38166,2020-10-24,2247,North Bay Parry Sound District Health Unit,0.0015,384.0,2.96,0.2627,0.5039
38167,2020-10-24,2246,Niagara Regional Area Health Unit,0.0149,871.0,1.84,0.5864,0.7562
38168,2020-10-24,2244,Middlesex-London Health Unit,0.0086,960.0,1.89,0.7411,0.8916
38169,2020-10-24,2243,"Leeds, Grenville and Lanark District Health Unit",0.0105,394.0,2.27,0.4619,0.7541
38170,2020-10-24,2242,Lambton Health Unit,0.0027,374.0,2.85,0.2748,0.8661
38171,2020-10-24,2241,"Kingston, Frontenac and Lennox and Addington Health Unit",0.0025,459.0,2.16,0.8393,0.9275
38172,2020-10-24,5183,Huron Perth Health Unit,0.002,363.0,2.6,0.4119,0.8283
38173,2020-10-24,2238,Hastings and Prince Edward Counties Health Unit,0.0032,396.0,2.35,0.3511,0.8657
38174,2020-10-24,2236,Halton Regional Health Unit,0.0253,1180.0,1.91,0.4031,0.5783
38175,2020-10-24,2235,"Haliburton, Kawartha, Pine Ridge District Health Unit",0.002,426.0,2.25,0.3382,0.8159
38176,2020-10-24,2234,Haldimand-Norfolk Health Unit,0.0128,289.0,2.53,0.2783,0.687
38177,2020-10-24,2233,Grey Bruce Health Unit,0.0048,328.0,1.93,0.5798,0.8822
38178,2020-10-24,2258,Eastern Ontario Health Unit,0.0216,561.0,2.69,0.2619,0.6291
38179,2020-10-24,2230,Durham Regional Health Unit,0.0256,1382.0,1.94,0.3611,0.8216
38180,2020-10-24,2226,District of Algoma Health Unit,0.0014,297.0,2.6,0.1771,0.5892
38181,2020-10-24,3895,City of Toronto Health Unit,0.0455,6707.0,2.15,0.6389,0.8538
38182,2020-10-24,2251,City of Ottawa Health Unit,0.0273,2420.0,2.29,0.4091,0.7492
38183,2020-10-24,2237,City of Hamilton Health Unit,0.0167,1374.0,2.32,0.6004,0.8596
38184,2020-10-24,2240,Chatham-Kent Health Unit,0.0135,287.0,2.7,0.4564,0.8373
38185,2020-10-24,2227,Brant County Health Unit,0.0144,388.0,2.5,0.2471,0.6296
38186,2020-10-23,2270,York Regional Health Unit,0.0435,2382.0,1.94,0.577,0.8766
38187,2020-10-23,2268,Windsor-Essex County Health Unit,0.0082,678.0,1.6,0.4303,0.8736
38188,2020-10-23,2266,Wellington-Dufferin-Guelph Health Unit,0.0129,731.0,2.35,0.2892,0.7494
38189,2020-10-23,2265,Waterloo Health Unit,0.0131,1059.0,1.81,0.4767,0.7131
38190,2020-10-23,2263,Timiskaming Health Unit,0.0015,96.0,2.92,0.3454,0.7199
38191,2020-10-23,2262,Thunder Bay District Health Unit,0.0021,411.0,2.74,0.239,0.6866
38192,2020-10-23,2261,Sudbury and District Health Unit,0.0031,591.0,2.97,0.4781,0.7344
38193,2020-10-23,4913,Southwestern Public Health,0.004,496.0,2.34,0.6227,0.9011
38194,2020-10-23,2260,Simcoe Muskoka District Health Unit,0.0134,1312.0,2.19,0.3741,0.7654
38195,2020-10-23,2257,Renfrew County and District Health Unit,0.0069,270.0,2.48,0.1239,0.4124
38196,2020-10-23,2256,Porcupine Health Unit,0.0029,248.0,2.97,0.5013,0.8269
38197,2020-10-23,2255,Peterborough County-City Health Unit,0.0037,312.0,2.11,0.5984,0.8729
38198,2020-10-23,2253,Peel Regional Health Unit,0.063,2984.0,1.86,0.4273,0.7721
38199,2020-10-23,35,Ontario,0.0272,32179.0,2.17,0.491,0.7889
38200,2020-10-23,2249,Northwestern Health Unit,0.0014,209.0,2.39,0.0822,0.3822
38201,2020-10-23,2247,North Bay Parry Sound District Health Unit,0.0011,385.0,2.96,0.2811,0.5397
38202,2020-10-23,2246,Niagara Regional Area Health Unit,0.0142,865.0,1.83,0.6031,0.7778
38203,2020-10-23,2244,Middlesex-London Health Unit,0.0081,975.0,1.92,0.7639,0.901
38204,2020-10-23,2243,"Leeds, Grenville and Lanark District Health Unit",0.0075,399.0,2.31,0.4632,0.7679
38205,2020-10-23,2242,Lambton Health Unit,0.0033,385.0,2.94,0.3079,0.8563
38206,2020-10-23,2241,"Kingston, Frontenac and Lennox and Addington Health Unit",0.0021,468.0,2.2,0.8767,0.956
38207,2020-10-23,5183,Huron Perth Health Unit,0.002,363.0,2.6,0.4446,0.837
38208,2020-10-23,2238,Hastings and Prince Edward Counties Health Unit,0.0036,398.0,2.36,0.3535,0.871
38209,2020-10-23,2236,Halton Regional Health Unit,0.0241,1214.0,1.96,0.4145,0.5879
38210,2020-10-23,2235,"Haliburton, Kawartha, Pine Ridge District Health Unit",0.0017,428.0,2.27,0.3619,0.8068
38211,2020-10-23,2234,Haldimand-Norfolk Health Unit,0.0122,281.0,2.46,0.2847,0.7227
38212,2020-10-23,2233,Grey Bruce Health Unit,0.0048,326.0,1.92,0.5999,0.8699
38213,2020-10-23,2258,Eastern Ontario Health Unit,0.0225,577.0,2.76,0.2825,0.6254
38214,2020-10-23,2230,Durham Regional Health Unit,0.0244,1399.0,1.96,0.3733,0.8093
38215,2020-10-23,2226,District of Algoma Health Unit,0.0014,300.0,2.62,0.1642,0.5479
38216,2020-10-23,3895,City of Toronto Health Unit,0.0451,6790.0,2.18,0.6388,0.856
38217,2020-10-23,2251,City of Ottawa Health Unit,0.0275,2432.0,2.31,0.4097,0.7358
38218,2020-10-23,2237,City of Hamilton Health Unit,0.0167,1432.0,2.42,0.5939,0.8444
38219,2020-10-23,2240,Chatham-Kent Health Unit,0.0119,287.0,2.7,0.4376,0.8202
38220,2020-10-23,2227,Brant County Health Unit,0.0145,395.0,2.54,0.256,0.65
38221,2020-10-22,2270,York Regional Health Unit,0.0436,2341.0,1.91,0.5715,0.8813
38222,2020-10-22,2268,Windsor-Essex County Health Unit,0.0088,682.0,1.61,0.443,0.894
38223,2020-10-22,2266,Wellington-Dufferin-Guelph Health Unit,0.012,749.0,2.4,0.2931,0.7522
38224,2020-10-22,2265,Waterloo Health Unit,0.0126,1119.0,1.92,0.4653,0.7281
38225,2020-10-22,2263,Timiskaming Health Unit,0.0029,99.0,3.02,0.3498,0.7087
38226,2020-10-22,2262,Thunder Bay District Health Unit,0.0021,412.0,2.75,0.2283,0.6509
38227,2020-10-22,2261,Sudbury and District Health Unit,0.0029,587.0,2.95,0.4817,0.7843
38228,2020-10-22,4913,Southwestern Public Health,0.0045,509.0,2.41,0.5864,0.9096
38229,2020-10-22,2260,Simcoe Muskoka District Health Unit,0.0138,1338.0,2.23,0.361,0.7622
38230,2020-10-22,2257,Renfrew County and District Health Unit,0.0073,256.0,2.36,0.1681,0.4427
38231,2020-10-22,2256,Porcupine Health Unit,0.0028,254.0,3.04,0.5061,0.8124
38232,2020-10-22,2255,Peterborough County-City Health Unit,0.0032,311.0,2.1,0.6056,0.895
38233,2020-10-22,2253,Peel Regional Health Unit,0.0616,2922.0,1.82,0.4224,0.7965
38234,2020-10-22,35,Ontario,0.0264,32318.0,2.18,0.4922,0.8001
38235,2020-10-22,2249,Northwestern Health Unit,0.0014,207.0,2.36,0.0788,0.3565
38236,2020-10-22,2247,North Bay Parry Sound District Health Unit,0.0022,389.0,3.0,0.274,0.5275
38237,2020-10-22,2246,Niagara Regional Area Health Unit,0.0118,886.0,1.88,0.6557,0.8146
38238,2020-10-22,2244,Middlesex-London Health Unit,0.0073,1001.0,1.97,0.7404,0.9332
38239,2020-10-22,2243,"Leeds, Grenville and Lanark District Health Unit",0.0071,400.0,2.31,0.4673,0.7917
38240,2020-10-22,2242,Lambton Health Unit,0.0033,393.0,3.0,0.3466,0.8806
38241,2020-10-22,2241,"Kingston, Frontenac and Lennox and Addington Health Unit",0.0015,471.0,2.21,0.9029,0.9677
38242,2020-10-22,5183,Huron Perth Health Unit,0.0019,372.0,2.66,0.4059,0.8125
38243,2020-10-22,2238,Hastings and Prince Edward Counties Health Unit,0.0039,400.0,2.37,0.3667,0.884
38244,2020-10-22,2236,Halton Regional Health Unit,0.0236,1230.0,1.99,0.3977,0.5981
38245,2020-10-22,2235,"Haliburton, Kawartha, Pine Ridge District Health Unit",0.0014,423.0,2.24,0.3621,0.7975
38246,2020-10-22,2234,Haldimand-Norfolk Health Unit,0.0056,280.0,2.45,0.2746,0.7296
38247,2020-10-22,2233,Grey Bruce Health Unit,0.0054,319.0,1.88,0.6128,0.8836
38248,2020-10-22,2258,Eastern Ontario Health Unit,0.0234,585.0,2.8,0.3322,0.6548
38249,2020-10-22,2230,Durham Regional Health Unit,0.0249,1417.0,1.99,0.3729,0.8286
38250,2020-10-22,2226,District of Algoma Health Unit,0.001,299.0,2.61,0.1647,0.5574
38251,2020-10-22,3895,City of Toronto Health Unit,0.0444,6722.0,2.15,0.6452,0.8646
38252,2020-10-22,2251,City of Ottawa Health Unit,0.0261,2479.0,2.35,0.4266,0.7458
38253,2020-10-22,2237,City of Hamilton Health Unit,0.0159,1463.0,2.47,0.5769,0.8381
38254,2020-10-22,2240,Chatham-Kent Health Unit,0.0122,293.0,2.75,0.491,0.8437
38255,2020-10-22,2227,Brant County Health Unit,0.0139,412.0,2.65,0.268,0.6788
38256,2020-10-21,2270,York Regional Health Unit,0.0446,2266.0,1.85,0.5513,0.8819
38257,2020-10-21,2268,Windsor-Essex County Health Unit,0.0081,650.0,1.53,0.4662,0.8906
38258,2020-10-21,2266,Wellington-Dufferin-Guelph Health Unit,0.0107,774.0,2.48,0.3017,0.8
38259,2020-10-21,2265,Waterloo Health Unit,0.0102,1248.0,2.14,0.4565,0.7465
38260,2020-10-21,2263,Timiskaming Health Unit,0.0044,98.0,2.99,0.3323,0.6806
38261,2020-10-21,2262,Thunder Bay District Health Unit,0.002,421.0,2.81,0.2317,0.6193
38262,2020-10-21,2261,Sudbury and District Health Unit,0.0017,600.0,3.01,0.4589,0.7947
38263,2020-10-21,4913,Southwestern Public Health,0.005,488.0,2.31,0.5965,0.9058
38264,2020-10-21,2260,Simcoe Muskoka District Health Unit,0.0132,1378.0,2.3,0.3604,0.7586
38265,2020-10-21,2257,Renfrew County and District Health Unit,0.007,266.0,2.44,0.1643,0.4175
38266,2020-10-21,2256,Porcupine Health Unit,0.0034,252.0,3.02,0.4686,0.8081
38267,2020-10-21,2255,Peterborough County-City Health Unit,0.0031,318.0,2.15,0.6143,0.8932
38268,2020-10-21,2253,Peel Regional Health Unit,0.0599,2833.0,1.76,0.4196,0.7963
38269,2020-10-21,35,Ontario,0.0257,32359.0,2.18,0.4895,0.8024
38270,2020-10-21,2249,Northwestern Health Unit,0.0014,205.0,2.34,0.0773,0.3697
38271,2020-10-21,2247,North Bay Parry Sound District Health Unit,0.0023,368.0,2.84,0.2847,0.536
38272,2020-10-21,2246,Niagara Regional Area Health Unit,0.0117,914.0,1.93,0.6787,0.8209
38273,2020-10-21,2244,Middlesex-London Health Unit,0.0071,1042.0,2.05,0.7439,0.9321
38274,2020-10-21,2243,"Leeds, Grenville and Lanark District Health Unit",0.0056,405.0,2.34,0.458,0.8178
38275,2020-10-21,2242,Lambton Health Unit,0.0035,370.0,2.83,0.3485,0.8652
38276,2020-10-21,2241,"Kingston, Frontenac and Lennox and Addington Health Unit",0.0006,463.0,2.18,0.9049,0.9662
38277,2020-10-21,5183,Huron Perth Health Unit,0.0019,374.0,2.68,0.3876,0.7827
38278,2020-10-21,2238,Hastings and Prince Edward Counties Health Unit,0.0031,374.0,2.22,0.3642,0.8826
38279,2020-10-21,2236,Halton Regional Health Unit,0.0238,1225.0,1.98,0.3906,0.5915
38280,2020-10-21,2235,"Haliburton, Kawartha, Pine Ridge District Health Unit",0.001,421.0,2.23,0.3447,0.8111
38281,2020-10-21,2234,Haldimand-Norfolk Health Unit,0.0061,280.0,2.46,0.2721,0.6699
38282,2020-10-21,2233,Grey Bruce Health Unit,0.0061,306.0,1.8,0.6311,0.8825
38283,2020-10-21,2258,Eastern Ontario Health Unit,0.0249,596.0,2.85,0.3392,0.6815
38284,2020-10-21,2230,Durham Regional Health Unit,0.0218,1428.0,2.0,0.3425,0.8229
38285,2020-10-21,2226,District of Algoma Health Unit,0.0009,312.0,2.73,0.1842,0.5984
38286,2020-10-21,3895,City of Toronto Health Unit,0.0438,6664.0,2.14,0.6429,0.8682
38287,2020-10-21,2251,City of Ottawa Health Unit,0.0279,2543.0,2.41,0.4431,0.7527
38288,2020-10-21,2237,City of Hamilton Health Unit,0.0153,1439.0,2.43,0.5626,0.8295
38289,2020-10-21,2240,Chatham-Kent Health Unit,0.0085,304.0,2.86,0.4949,0.8415
38290,2020-10-21,2227,Brant County Health Unit,0.0146,431.0,2.78,0.2772,0.6882
38291,2020-10-20,2270,York Regional Health Unit,0.0415,2217.0,1.81,0.5303,0.8408
38292,2020-10-20,2268,Windsor-Essex County Health Unit,0.007,629.0,1.48,0.4867,0.8823
38293,2020-10-20,2266,Wellington-Dufferin-Guelph Health Unit,0.0103,776.0,2.49,0.3015,0.7442
38294,2020-10-20,2265,Waterloo Health Unit,0.0081,1338.0,2.29,0.4506,0.7305
38295,2020-10-20,2263,Timiskaming Health Unit,0.0047,90.0,2.77,0.3609,0.6343
38296,2020-10-20,2262,Thunder Bay District Health Unit,0.0017,420.0,2.8,0.2591,0.5701
38297,2020-10-20,2261,Sudbury and District Health Unit,0.0018,564.0,2.83,0.4296,0.7551
38298,2020-10-20,4913,Southwestern Public Health,0.0048,503.0,2.38,0.6127,0.8961
38299,2020-10-20,2260,Simcoe Muskoka District Health Unit,0.0114,1429.0,2.38,0.3762,0.7168
38300,2020-10-20,2257,Renfrew County and District Health Unit,0.0074,252.0,2.32,0.1329,0.3192
38301,2020-10-20,2256,Porcupine Health Unit,0.003,236.0,2.82,0.5135,0.8247
38302,2020-10-20,2255,Peterborough County-City Health Unit,0.0034,340.0,2.29,0.6085,0.8869
38303,2020-10-20,2253,Peel Regional Health Unit,0.0572,2800.0,1.74,0.4089,0.7698
38304,2020-10-20,35,Ontario,0.0244,32427.0,2.19,0.4909,0.7733
38305,2020-10-20,2249,Northwestern Health Unit,0.0,204.0,2.32,0.0891,0.3405
38306,2020-10-20,2247,North Bay Parry Sound District Health Unit,0.0039,326.0,2.51,0.267,0.4697
38307,2020-10-20,2246,Niagara Regional Area Health Unit,0.0125,892.0,1.89,0.6873,0.8171
38308,2020-10-20,2244,Middlesex-London Health Unit,0.0074,1044.0,2.06,0.7466,0.929
38309,2020-10-20,2243,"Leeds, Grenville and Lanark District Health Unit",0.006,405.0,2.34,0.4429,0.7821
38310,2020-10-20,2242,Lambton Health Unit,0.0033,351.0,2.68,0.4433,0.8426
38311,2020-10-20,2241,"Kingston, Frontenac and Lennox and Addington Health Unit",0.0019,446.0,2.1,0.9016,0.9542
38312,2020-10-20,5183,Huron Perth Health Unit,0.002,366.0,2.62,0.4194,0.7835
38313,2020-10-20,2238,Hastings and Prince Edward Counties Health Unit,0.003,382.0,2.27,0.3901,0.8601
38314,2020-10-20,2236,Halton Regional Health Unit,0.0235,1216.0,1.96,0.3998,0.6048
38315,2020-10-20,2235,"Haliburton, Kawartha, Pine Ridge District Health Unit",0.0003,446.0,2.36,0.3482,0.7832
38316,2020-10-20,2234,Haldimand-Norfolk Health Unit,0.006,263.0,2.3,0.3008,0.6428
38317,2020-10-20,2233,Grey Bruce Health Unit,0.0041,311.0,1.83,0.67,0.8821
38318,2020-10-20,2258,Eastern Ontario Health Unit,0.0254,595.0,2.85,0.3168,0.5756
38319,2020-10-20,2230,Durham Regional Health Unit,0.0216,1462.0,2.05,0.3522,0.7776
38320,2020-10-20,2226,District of Algoma Health Unit,0.0012,360.0,3.15,0.1774,0.5494
38321,2020-10-20,3895,City of Toronto Health Unit,0.0419,6657.0,2.13,0.6424,0.8543
38322,2020-10-20,2251,City of Ottawa Health Unit,0.0247,2682.0,2.54,0.4469,0.6719
38323,2020-10-20,2237,City of Hamilton Health Unit,0.0171,1384.0,2.34,0.5416,0.8174
38324,2020-10-20,2240,Chatham-Kent Health Unit,0.0069,291.0,2.74,0.4633,0.8111
38325,2020-10-20,2227,Brant County Health Unit,0.0132,443.0,2.86,0.2497,0.6592
38326,2020-10-19,2270,York Regional Health Unit,0.0404,2276.0,1.86,0.4534,0.7555
38327,2020-10-19,2268,Windsor-Essex County Health Unit,0.0079,580.0,1.37,0.4659,0.8778
38328,2020-10-19,2266,Wellington-Dufferin-Guelph Health Unit,0.0081,824.0,2.64,0.2759,0.7139
38329,2020-10-19,2265,Waterloo Health Unit,0.009,1349.0,2.31,0.4459,0.7324
38330,2020-10-19,2263,Timiskaming Health Unit,0.0047,92.0,2.81,0.279,0.567
38331,2020-10-19,2262,Thunder Bay District Health Unit,0.001,417.0,2.78,0.2672,0.5697
38332,2020-10-19,2261,Sudbury and District Health Unit,0.0005,541.0,2.72,0.3719,0.692
38333,2020-10-19,4913,Southwestern Public Health,0.0063,498.0,2.36,0.5838,0.8705
38334,2020-10-19,2260,Simcoe Muskoka District Health Unit,0.0106,1452.0,2.42,0.3235,0.6605
38335,2020-10-19,2257,Renfrew County and District Health Unit,0.0082,226.0,2.08,0.1401,0.3301
38336,2020-10-19,2256,Porcupine Health Unit,0.0041,242.0,2.9,0.4666,0.7674
38337,2020-10-19,2255,Peterborough County-City Health Unit,0.0029,349.0,2.36,0.527,0.8253
38338,2020-10-19,2253,Peel Regional Health Unit,0.0554,2709.0,1.69,0.3726,0.719
38339,2020-10-19,35,Ontario,0.0237,32513.0,2.19,0.4534,0.739
38340,2020-10-19,2249,Northwestern Health Unit,0.0,230.0,2.63,0.1002,0.3485
38341,2020-10-19,2247,North Bay Parry Sound District Health Unit,0.0039,329.0,2.54,0.2101,0.4109
38342,2020-10-19,2246,Niagara Regional Area Health Unit,0.0119,830.0,1.76,0.6213,0.8183
38343,2020-10-19,2244,Middlesex-London Health Unit,0.006,1025.0,2.02,0.7408,0.9265
38344,2020-10-19,2243,"Leeds, Grenville and Lanark District Health Unit",0.0061,400.0,2.31,0.3993,0.7464
38345,2020-10-19,2242,Lambton Health Unit,0.0058,346.0,2.64,0.4266,0.8313
38346,2020-10-19,2241,"Kingston, Frontenac and Lennox and Addington Health Unit",0.0018,489.0,2.3,0.8878,0.94
38347,2020-10-19,5183,Huron Perth Health Unit,0.003,375.0,2.68,0.3633,0.7553
38348,2020-10-19,2238,Hastings and Prince Edward Counties Health Unit,0.003,379.0,2.25,0.3967,0.8257
38349,2020-10-19,2236,Halton Regional Health Unit,0.0242,1228.0,1.98,0.3587,0.5943
38350,2020-10-19,2235,"Haliburton, Kawartha, Pine Ridge District Health Unit",0.0009,492.0,2.6,0.2904,0.7245
38351,2020-10-19,2234,Haldimand-Norfolk Health Unit,0.0069,227.0,1.99,0.239,0.57
38352,2020-10-19,2233,Grey Bruce Health Unit,0.0047,337.0,1.98,0.6073,0.8287
38353,2020-10-19,2258,Eastern Ontario Health Unit,0.0162,610.0,2.92,0.3048,0.5692
38354,2020-10-19,2230,Durham Regional Health Unit,0.0201,1548.0,2.17,0.2844,0.6947
38355,2020-10-19,2226,District of Algoma Health Unit,0.0011,377.0,3.3,0.1339,0.5022
38356,2020-10-19,3895,City of Toronto Health Unit,0.041,6682.0,2.14,0.6084,0.8307
38357,2020-10-19,2251,City of Ottawa Health Unit,0.0255,2725.0,2.58,0.4438,0.6633
38358,2020-10-19,2237,City of Hamilton Health Unit,0.0157,1336.0,2.26,0.5023,0.8046
38359,2020-10-19,2240,Chatham-Kent Health Unit,0.0073,254.0,2.39,0.4583,0.811
38360,2020-10-19,2227,Brant County Health Unit,0.013,428.0,2.75,0.1715,0.5461
38361,2020-10-18,2270,York Regional Health Unit,0.0409,2118.0,1.73,0.3958,0.6831
38362,2020-10-18,2268,Windsor-Essex County Health Unit,0.0076,524.0,1.23,0.4633,0.8832
38363,2020-10-18,2266,Wellington-Dufferin-Guelph Health Unit,0.01,717.0,2.3,0.2718,0.6978
38364,2020-10-18,2265,Waterloo Health Unit,0.0102,1257.0,2.15,0.4455,0.762
38365,2020-10-18,2263,Timiskaming Health Unit,0.0038,74.0,2.27,0.2783,0.553
38366,2020-10-18,2262,Thunder Bay District Health Unit,0.0008,337.0,2.25,0.2655,0.5889
38367,2020-10-18,2261,Sudbury and District Health Unit,0.0006,503.0,2.53,0.3626,0.67
38368,2020-10-18,4913,Southwestern Public Health,0.0065,463.0,2.19,0.5782,0.8735
38369,2020-10-18,2260,Simcoe Muskoka District Health Unit,0.01,1277.0,2.13,0.2957,0.6109
38370,2020-10-18,2257,Renfrew County and District Health Unit,0.0054,186.0,1.71,0.1361,0.3211
38371,2020-10-18,2256,Porcupine Health Unit,0.005,199.0,2.38,0.4614,0.7596
38372,2020-10-18,2255,Peterborough County-City Health Unit,0.0032,313.0,2.12,0.5153,0.8174
38373,2020-10-18,2253,Peel Regional Health Unit,0.0558,2474.0,1.54,0.3567,0.6719
38374,2020-10-18,35,Ontario,0.0243,29731.0,2.0,0.4343,0.7147
38375,2020-10-18,2249,Northwestern Health Unit,0.0,197.0,2.25,0.105,0.3686
38376,2020-10-18,2247,North Bay Parry Sound District Health Unit,0.0036,277.0,2.13,0.1719,0.3486
38377,2020-10-18,2246,Niagara Regional Area Health Unit,0.0109,775.0,1.64,0.5945,0.8002
38378,2020-10-18,2244,Middlesex-London Health Unit,0.0054,976.0,1.92,0.7359,0.9261
38379,2020-10-18,2243,"Leeds, Grenville and Lanark District Health Unit",0.0067,365.0,2.11,0.3894,0.7316
38380,2020-10-18,2242,Lambton Health Unit,0.0073,274.0,2.09,0.4178,0.8218
38381,2020-10-18,2241,"Kingston, Frontenac and Lennox and Addington Health Unit",0.0019,443.0,2.08,0.868,0.9229
38382,2020-10-18,5183,Huron Perth Health Unit,0.0031,328.0,2.35,0.3728,0.7877
38383,2020-10-18,2238,Hastings and Prince Edward Counties Health Unit,0.0037,351.0,2.08,0.3822,0.8219
38384,2020-10-18,2236,Halton Regional Health Unit,0.0241,1178.0,1.9,0.3703,0.6394
38385,2020-10-18,2235,"Haliburton, Kawartha, Pine Ridge District Health Unit",0.0013,441.0,2.33,0.2645,0.6754
38386,2020-10-18,2234,Haldimand-Norfolk Health Unit,0.0087,181.0,1.59,0.2131,0.5042
38387,2020-10-18,2233,Grey Bruce Health Unit,0.0057,298.0,1.75,0.5746,0.7785
38388,2020-10-18,2258,Eastern Ontario Health Unit,0.0174,518.0,2.48,0.2926,0.5493
38389,2020-10-18,2230,Durham Regional Health Unit,0.0181,1397.0,1.96,0.2541,0.6062
38390,2020-10-18,2226,District of Algoma Health Unit,0.0008,338.0,2.96,0.1484,0.5275
38391,2020-10-18,3895,City of Toronto Health Unit,0.0416,6259.0,2.01,0.5828,0.8112
38392,2020-10-18,2251,City of Ottawa Health Unit,0.0277,2479.0,2.35,0.4299,0.6349
38393,2020-10-18,2237,City of Hamilton Health Unit,0.0162,1293.0,2.18,0.485,0.7989
38394,2020-10-18,2240,Chatham-Kent Health Unit,0.0037,233.0,2.19,0.4697,0.843
38395,2020-10-18,2227,Brant County Health Unit,0.0163,394.0,2.54,0.1629,0.5311
38396,2020-10-17,2270,York Regional Health Unit,0.0409,2095.0,1.71,0.3535,0.6203
38397,2020-10-17,2268,Windsor-Essex County Health Unit,0.0081,531.0,1.25,0.4368,0.8912
38398,2020-10-17,2266,Wellington-Dufferin-Guelph Health Unit,0.0093,722.0,2.32,0.2742,0.6965
38399,2020-10-17,2265,Waterloo Health Unit,0.0096,1260.0,2.16,0.4276,0.7751
38400,2020-10-17,2263,Timiskaming Health Unit,0.0039,74.0,2.26,0.259,0.477
38401,2020-10-17,2262,Thunder Bay District Health Unit,0.0004,325.0,2.17,0.2502,0.5958
38402,2020-10-17,2261,Sudbury and District Health Unit,0.0006,497.0,2.5,0.3568,0.6333
38403,2020-10-17,4913,Southwestern Public Health,0.0057,473.0,2.23,0.5315,0.8415
38404,2020-10-17,2260,Simcoe Muskoka District Health Unit,0.0106,1281.0,2.14,0.2914,0.594
38405,2020-10-17,2257,Renfrew County and District Health Unit,0.0045,189.0,1.74,0.1378,0.3469
38406,2020-10-17,2256,Porcupine Health Unit,0.0058,197.0,2.36,0.4571,0.7473
38407,2020-10-17,2255,Peterborough County-City Health Unit,0.0028,308.0,2.08,0.5145,0.835
38408,2020-10-17,2253,Peel Regional Health Unit,0.0547,2466.0,1.54,0.3248,0.6047
38409,2020-10-17,35,Ontario,0.0241,29990.0,2.02,0.4139,0.6938
38410,2020-10-17,2249,Northwestern Health Unit,0.0,199.0,2.26,0.0897,0.3581
38411,2020-10-17,2247,North Bay Parry Sound District Health Unit,0.0048,269.0,2.07,0.1675,0.3405
38412,2020-10-17,2246,Niagara Regional Area Health Unit,0.0098,798.0,1.69,0.5626,0.7609
38413,2020-10-17,2244,Middlesex-London Health Unit,0.0047,1007.0,1.98,0.6763,0.913
38414,2020-10-17,2243,"Leeds, Grenville and Lanark District Health Unit",0.0059,365.0,2.11,0.3754,0.7011
38415,2020-10-17,2242,Lambton Health Unit,0.0074,271.0,2.07,0.3652,0.7351
38416,2020-10-17,2241,"Kingston, Frontenac and Lennox and Addington Health Unit",0.0016,443.0,2.08,0.8737,0.9264
38417,2020-10-17,5183,Huron Perth Health Unit,0.0031,323.0,2.31,0.3262,0.7536
38418,2020-10-17,2238,Hastings and Prince Edward Counties Health Unit,0.0025,347.0,2.06,0.3687,0.8265
38419,2020-10-17,2236,Halton Regional Health Unit,0.0239,1213.0,1.96,0.331,0.642
38420,2020-10-17,2235,"Haliburton, Kawartha, Pine Ridge District Health Unit",0.0013,442.0,2.34,0.2534,0.6796
38421,2020-10-17,2234,Haldimand-Norfolk Health Unit,0.0077,185.0,1.62,0.2006,0.4817
38422,2020-10-17,2233,Grey Bruce Health Unit,0.0057,302.0,1.78,0.4989,0.7407
38423,2020-10-17,2258,Eastern Ontario Health Unit,0.0173,521.0,2.49,0.2624,0.5027
38424,2020-10-17,2230,Durham Regional Health Unit,0.0188,1431.0,2.01,0.2408,0.5716
38425,2020-10-17,2226,District of Algoma Health Unit,0.0008,338.0,2.95,0.1609,0.5711
38426,2020-10-17,3895,City of Toronto Health Unit,0.0416,6281.0,2.01,0.5664,0.801
38427,2020-10-17,2251,City of Ottawa Health Unit,0.0271,2560.0,2.43,0.4128,0.6181
38428,2020-10-17,2237,City of Hamilton Health Unit,0.0171,1349.0,2.28,0.474,0.7898
38429,2020-10-17,2240,Chatham-Kent Health Unit,0.0025,228.0,2.14,0.4805,0.8469
38430,2020-10-17,2227,Brant County Health Unit,0.0176,399.0,2.57,0.161,0.5191
38431,2020-10-16,2270,York Regional Health Unit,0.0392,2140.0,1.75,0.2991,0.5442
38432,2020-10-16,2268,Windsor-Essex County Health Unit,0.0076,545.0,1.28,0.3596,0.8578
38433,2020-10-16,2266,Wellington-Dufferin-Guelph Health Unit,0.0085,725.0,2.32,0.2454,0.6718
38434,2020-10-16,2265,Waterloo Health Unit,0.0091,1293.0,2.21,0.3859,0.7491
38435,2020-10-16,2263,Timiskaming Health Unit,0.0039,74.0,2.25,0.2402,0.4248
38436,2020-10-16,2262,Thunder Bay District Health Unit,0.0004,327.0,2.18,0.2452,0.5822
38437,2020-10-16,2261,Sudbury and District Health Unit,0.0006,496.0,2.49,0.365,0.6078
38438,2020-10-16,4913,Southwestern Public Health,0.0052,495.0,2.34,0.4647,0.8376
38439,2020-10-16,2260,Simcoe Muskoka District Health Unit,0.0101,1305.0,2.18,0.2653,0.5557
38440,2020-10-16,2257,Renfrew County and District Health Unit,0.0047,184.0,1.69,0.1207,0.294
38441,2020-10-16,2256,Porcupine Health Unit,0.0049,203.0,2.44,0.3808,0.6768
38442,2020-10-16,2255,Peterborough County-City Health Unit,0.0018,310.0,2.09,0.4889,0.8312
38443,2020-10-16,2253,Peel Regional Health Unit,0.055,2399.0,1.49,0.3155,0.5575
38444,2020-10-16,35,Ontario,0.0233,30317.0,2.04,0.3863,0.664
38445,2020-10-16,2249,Northwestern Health Unit,0.0,200.0,2.28,0.0903,0.3632
38446,2020-10-16,2247,North Bay Parry Sound District Health Unit,0.0047,274.0,2.11,0.1483,0.2743
38447,2020-10-16,2246,Niagara Regional Area Health Unit,0.0106,823.0,1.74,0.5363,0.7459
38448,2020-10-16,2244,Middlesex-London Health Unit,0.0049,1019.0,2.01,0.5713,0.8822
38449,2020-10-16,2243,"Leeds, Grenville and Lanark District Health Unit",0.0055,361.0,2.09,0.3428,0.6803
38450,2020-10-16,2242,Lambton Health Unit,0.007,265.0,2.02,0.3132,0.7038
38451,2020-10-16,2241,"Kingston, Frontenac and Lennox and Addington Health Unit",0.0021,466.0,2.19,0.859,0.9267
38452,2020-10-16,5183,Huron Perth Health Unit,0.0035,326.0,2.33,0.2972,0.7376
38453,2020-10-16,2238,Hastings and Prince Edward Counties Health Unit,0.0024,351.0,2.08,0.3256,0.8167
38454,2020-10-16,2236,Halton Regional Health Unit,0.024,1225.0,1.98,0.298,0.5987
38455,2020-10-16,2235,"Haliburton, Kawartha, Pine Ridge District Health Unit",0.0013,442.0,2.34,0.237,0.6682
38456,2020-10-16,2234,Haldimand-Norfolk Health Unit,0.0053,190.0,1.67,0.155,0.3759
38457,2020-10-16,2233,Grey Bruce Health Unit,0.0066,305.0,1.79,0.4384,0.7614
38458,2020-10-16,2258,Eastern Ontario Health Unit,0.0183,508.0,2.44,0.2459,0.4793
38459,2020-10-16,2230,Durham Regional Health Unit,0.0177,1468.0,2.06,0.2152,0.5185
38460,2020-10-16,2226,District of Algoma Health Unit,0.0008,340.0,2.97,0.1629,0.5771
38461,2020-10-16,3895,City of Toronto Health Unit,0.0399,6330.0,2.03,0.5387,0.7761
38462,2020-10-16,2251,City of Ottawa Health Unit,0.0263,2649.0,2.51,0.4081,0.6123
38463,2020-10-16,2237,City of Hamilton Health Unit,0.0161,1334.0,2.25,0.469,0.7678
38464,2020-10-16,2240,Chatham-Kent Health Unit,0.0038,226.0,2.13,0.4082,0.7933
38465,2020-10-16,2227,Brant County Health Unit,0.0168,408.0,2.63,0.149,0.4374
38466,2020-10-15,2270,York Regional Health Unit,0.0362,2208.0,1.8,0.2623,0.4842
38467,2020-10-15,2268,Windsor-Essex County Health Unit,0.0077,558.0,1.31,0.3209,0.8427
38468,2020-10-15,2266,Wellington-Dufferin-Guelph Health Unit,0.0096,728.0,2.34,0.212,0.6176
38469,2020-10-15,2265,Waterloo Health Unit,0.009,1286.0,2.2,0.3382,0.7019
38470,2020-10-15,2263,Timiskaming Health Unit,0.002,72.0,2.2,0.2333,0.4056
38471,2020-10-15,2262,Thunder Bay District Health Unit,0.0004,326.0,2.18,0.259,0.6124
38472,2020-10-15,2261,Sudbury and District Health Unit,0.0008,511.0,2.57,0.35,0.5638
38473,2020-10-15,4913,Southwestern Public Health,0.0059,507.0,2.4,0.4511,0.822
38474,2020-10-15,2260,Simcoe Muskoka District Health Unit,0.009,1354.0,2.26,0.2366,0.5104
38475,2020-10-15,2257,Renfrew County and District Health Unit,0.005,200.0,1.84,0.098,0.2871
38476,2020-10-15,2256,Porcupine Health Unit,0.0035,203.0,2.44,0.3646,0.682
38477,2020-10-15,2255,Peterborough County-City Health Unit,0.0019,307.0,2.07,0.4302,0.8167
38478,2020-10-15,2253,Peel Regional Health Unit,0.0533,2393.0,1.49,0.3083,0.5234
38479,2020-10-15,35,Ontario,0.0229,30834.0,2.08,0.3574,0.6246
38480,2020-10-15,2249,Northwestern Health Unit,0.0,207.0,2.36,0.0843,0.4121
38481,2020-10-15,2247,North Bay Parry Sound District Health Unit,0.0031,277.0,2.14,0.1379,0.2785
38482,2020-10-15,2246,Niagara Regional Area Health Unit,0.01,847.0,1.79,0.4748,0.7237
38483,2020-10-15,2244,Middlesex-London Health Unit,0.0054,1038.0,2.05,0.5403,0.8682
38484,2020-10-15,2243,"Leeds, Grenville and Lanark District Health Unit",0.0049,351.0,2.03,0.3329,0.6788
38485,2020-10-15,2242,Lambton Health Unit,0.0075,265.0,2.02,0.2953,0.6682
38486,2020-10-15,2241,"Kingston, Frontenac and Lennox and Addington Health Unit",0.0029,491.0,2.31,0.8468,0.9311
38487,2020-10-15,5183,Huron Perth Health Unit,0.003,331.0,2.37,0.2667,0.6936
38488,2020-10-15,2238,Hastings and Prince Edward Counties Health Unit,0.002,363.0,2.15,0.2821,0.7906
38489,2020-10-15,2236,Halton Regional Health Unit,0.0232,1265.0,2.04,0.2753,0.5296
38490,2020-10-15,2235,"Haliburton, Kawartha, Pine Ridge District Health Unit",0.0019,456.0,2.41,0.2172,0.618
38491,2020-10-15,2234,Haldimand-Norfolk Health Unit,0.0074,194.0,1.7,0.1698,0.3436
38492,2020-10-15,2233,Grey Bruce Health Unit,0.005,315.0,1.85,0.3531,0.7454
38493,2020-10-15,2258,Eastern Ontario Health Unit,0.023,528.0,2.53,0.2019,0.4605
38494,2020-10-15,2230,Durham Regional Health Unit,0.0162,1490.0,2.09,0.1828,0.4231
38495,2020-10-15,2226,District of Algoma Health Unit,0.0009,332.0,2.9,0.1502,0.5028
38496,2020-10-15,3895,City of Toronto Health Unit,0.0393,6391.0,2.05,0.509,0.7433
38497,2020-10-15,2251,City of Ottawa Health Unit,0.0279,2748.0,2.61,0.3864,0.5912
38498,2020-10-15,2237,City of Hamilton Health Unit,0.0168,1358.0,2.29,0.4428,0.7069
38499,2020-10-15,2240,Chatham-Kent Health Unit,0.0021,202.0,1.9,0.354,0.7761
38500,2020-10-15,2227,Brant County Health Unit,0.0181,411.0,2.65,0.1313,0.3725
38501,2020-10-14,2270,York Regional Health Unit,0.0322,2323.0,1.89,0.2289,0.4357
38502,2020-10-14,2268,Windsor-Essex County Health Unit,0.0082,576.0,1.36,0.2524,0.8175
38503,2020-10-14,2266,Wellington-Dufferin-Guelph Health Unit,0.0092,733.0,2.35,0.1668,0.5055
38504,2020-10-14,2265,Waterloo Health Unit,0.0103,1196.0,2.05,0.2836,0.633
38505,2020-10-14,2263,Timiskaming Health Unit,0.0,69.0,2.12,0.1955,0.3839
38506,2020-10-14,2262,Thunder Bay District Health Unit,0.0004,323.0,2.16,0.2534,0.6898
38507,2020-10-14,2261,Sudbury and District Health Unit,0.0009,503.0,2.53,0.3718,0.5239
38508,2020-10-14,4913,Southwestern Public Health,0.0053,564.0,2.67,0.4227,0.8261
38509,2020-10-14,2260,Simcoe Muskoka District Health Unit,0.0089,1333.0,2.22,0.2051,0.4561
38510,2020-10-14,2257,Renfrew County and District Health Unit,0.0053,215.0,1.98,0.1063,0.2987
38511,2020-10-14,2256,Porcupine Health Unit,0.0026,217.0,2.6,0.3728,0.6787
38512,2020-10-14,2255,Peterborough County-City Health Unit,0.0009,309.0,2.09,0.3655,0.7977
38513,2020-10-14,2253,Peel Regional Health Unit,0.0488,2393.0,1.49,0.2816,0.4841
38514,2020-10-14,35,Ontario,0.0217,31241.0,2.11,0.3255,0.5839
38515,2020-10-14,2249,Northwestern Health Unit,0.0006,220.0,2.51,0.0878,0.4081
38516,2020-10-14,2247,North Bay Parry Sound District Health Unit,0.0028,301.0,2.32,0.1244,0.2562
38517,2020-10-14,2246,Niagara Regional Area Health Unit,0.0094,862.0,1.82,0.4334,0.7108
38518,2020-10-14,2244,Middlesex-London Health Unit,0.0055,1070.0,2.11,0.4817,0.8624
38519,2020-10-14,2243,"Leeds, Grenville and Lanark District Health Unit",0.0055,361.0,2.09,0.2985,0.6275
38520,2020-10-14,2242,Lambton Health Unit,0.0066,302.0,2.3,0.2569,0.6818
38521,2020-10-14,2241,"Kingston, Frontenac and Lennox and Addington Health Unit",0.0038,520.0,2.44,0.8429,0.9251
38522,2020-10-14,5183,Huron Perth Health Unit,0.003,329.0,2.35,0.233,0.6863
38523,2020-10-14,2238,Hastings and Prince Edward Counties Health Unit,0.0021,399.0,2.37,0.2799,0.7757
38524,2020-10-14,2236,Halton Regional Health Unit,0.022,1278.0,2.06,0.2383,0.4629
38525,2020-10-14,2235,"Haliburton, Kawartha, Pine Ridge District Health Unit",0.0021,469.0,2.48,0.1846,0.5208
38526,2020-10-14,2234,Haldimand-Norfolk Health Unit,0.0063,203.0,1.78,0.1654,0.3264
38527,2020-10-14,2233,Grey Bruce Health Unit,0.0041,349.0,2.06,0.2638,0.7239
38528,2020-10-14,2258,Eastern Ontario Health Unit,0.0222,522.0,2.5,0.19,0.3715
38529,2020-10-14,2230,Durham Regional Health Unit,0.0163,1508.0,2.12,0.1788,0.3496
38530,2020-10-14,2226,District of Algoma Health Unit,0.0013,326.0,2.84,0.0971,0.3759
38531,2020-10-14,3895,City of Toronto Health Unit,0.0379,6362.0,2.04,0.4782,0.7095
38532,2020-10-14,2251,City of Ottawa Health Unit,0.0264,2805.0,2.66,0.3475,0.554
38533,2020-10-14,2237,City of Hamilton Health Unit,0.0167,1380.0,2.33,0.3923,0.6378
38534,2020-10-14,2240,Chatham-Kent Health Unit,0.003,188.0,1.77,0.338,0.7574
38535,2020-10-14,2227,Brant County Health Unit,0.0142,414.0,2.66,0.1186,0.3019
38536,2020-10-13,2270,York Regional Health Unit,0.0305,2343.0,1.91,0.2021,0.3946
38537,2020-10-13,2268,Windsor-Essex County Health Unit,0.0095,584.0,1.37,0.193,0.8187
38538,2020-10-13,2266,Wellington-Dufferin-Guelph Health Unit,0.0085,759.0,2.43,0.134,0.4702
38539,2020-10-13,2265,Waterloo Health Unit,0.0115,1138.0,1.95,0.2315,0.586
38540,2020-10-13,2263,Timiskaming Health Unit,0.0,73.0,2.22,0.1146,0.3346
38541,2020-10-13,2262,Thunder Bay District Health Unit,0.0004,326.0,2.18,0.225,0.6752
38542,2020-10-13,2261,Sudbury and District Health Unit,0.0011,526.0,2.64,0.3534,0.4946
38543,2020-10-13,4913,Southwestern Public Health,0.0045,573.0,2.71,0.3636,0.8144
38544,2020-10-13,2260,Simcoe Muskoka District Health Unit,0.0095,1329.0,2.22,0.1716,0.4472
38545,2020-10-13,2257,Renfrew County and District Health Unit,0.0053,244.0,2.25,0.1202,0.3762
38546,2020-10-13,2256,Porcupine Health Unit,0.0017,254.0,3.04,0.3489,0.648
38547,2020-10-13,2255,Peterborough County-City Health Unit,0.0005,299.0,2.02,0.371,0.7983
38548,2020-10-13,2253,Peel Regional Health Unit,0.0465,2333.0,1.45,0.2642,0.4602
38549,2020-10-13,35,Ontario,0.0213,31407.0,2.12,0.2934,0.568
38550,2020-10-13,2249,Northwestern Health Unit,0.0012,233.0,2.66,0.0835,0.4398
38551,2020-10-13,2247,North Bay Parry Sound District Health Unit,0.0013,338.0,2.6,0.1039,0.2336
38552,2020-10-13,2246,Niagara Regional Area Health Unit,0.0097,933.0,1.97,0.4195,0.7084
38553,2020-10-13,2244,Middlesex-London Health Unit,0.0049,1103.0,2.17,0.4287,0.8545
38554,2020-10-13,2243,"Leeds, Grenville and Lanark District Health Unit",0.0038,375.0,2.16,0.2863,0.6385
38555,2020-10-13,2242,Lambton Health Unit,0.0068,295.0,2.25,0.1848,0.6924
38556,2020-10-13,2241,"Kingston, Frontenac and Lennox and Addington Health Unit",0.0034,507.0,2.39,0.8337,0.9319
38557,2020-10-13,5183,Huron Perth Health Unit,0.0035,330.0,2.36,0.1603,0.6551
38558,2020-10-13,2238,Hastings and Prince Edward Counties Health Unit,0.0018,401.0,2.38,0.2624,0.7858
38559,2020-10-13,2236,Halton Regional Health Unit,0.0232,1309.0,2.11,0.2087,0.42
38560,2020-10-13,2235,"Haliburton, Kawartha, Pine Ridge District Health Unit",0.0019,443.0,2.35,0.1497,0.5396
38561,2020-10-13,2234,Haldimand-Norfolk Health Unit,0.005,227.0,1.99,0.1417,0.3375
38562,2020-10-13,2233,Grey Bruce Health Unit,0.0036,356.0,2.09,0.1473,0.7156
38563,2020-10-13,2258,Eastern Ontario Health Unit,0.0213,544.0,2.61,0.2342,0.445
38564,2020-10-13,2230,Durham Regional Health Unit,0.0147,1504.0,2.11,0.1467,0.3596
38565,2020-10-13,2226,District of Algoma Health Unit,0.0011,264.0,2.3,0.0861,0.3706
38566,2020-10-13,3895,City of Toronto Health Unit,0.0371,6335.0,2.03,0.4374,0.6866
38567,2020-10-13,2251,City of Ottawa Health Unit,0.0288,2788.0,2.64,0.3556,0.5906
38568,2020-10-13,2237,City of Hamilton Health Unit,0.0164,1416.0,2.39,0.338,0.5715
38569,2020-10-13,2240,Chatham-Kent Health Unit,0.003,190.0,1.79,0.295,0.7586
38570,2020-10-13,2227,Brant County Health Unit,0.0145,412.0,2.66,0.1044,0.2756
38571,2020-10-12,2270,York Regional Health Unit,0.0294,2378.0,1.94,0.2152,0.3908
38572,2020-10-12,2268,Windsor-Essex County Health Unit,0.0113,618.0,1.46,0.198,0.8163
38573,2020-10-12,2266,Wellington-Dufferin-Guelph Health Unit,0.0091,740.0,2.37,0.1151,0.4178
38574,2020-10-12,2265,Waterloo Health Unit,0.0108,1124.0,1.92,0.1929,0.5342
38575,2020-10-12,2263,Timiskaming Health Unit,0.0022,64.0,1.97,0.1634,0.3462
38576,2020-10-12,2262,Thunder Bay District Health Unit,0.0004,358.0,2.39,0.2404,0.6592
38577,2020-10-12,2261,Sudbury and District Health Unit,0.001,548.0,2.75,0.364,0.5097
38578,2020-10-12,4913,Southwestern Public Health,0.0032,576.0,2.72,0.3608,0.8069
38579,2020-10-12,2260,Simcoe Muskoka District Health Unit,0.0093,1380.0,2.3,0.1442,0.4034
38580,2020-10-12,2257,Renfrew County and District Health Unit,0.0039,256.0,2.36,0.1124,0.3651
38581,2020-10-12,2256,Porcupine Health Unit,0.0011,249.0,2.98,0.3618,0.6753
38582,2020-10-12,2255,Peterborough County-City Health Unit,0.0004,323.0,2.18,0.3767,0.7969
38583,2020-10-12,2253,Peel Regional Health Unit,0.044,2381.0,1.48,0.2645,0.4393
38584,2020-10-12,35,Ontario,0.0203,31767.0,2.14,0.28,0.5404
38585,2020-10-12,2249,Northwestern Health Unit,0.0013,221.0,2.53,0.0728,0.4492
38586,2020-10-12,2247,North Bay Parry Sound District Health Unit,0.0013,334.0,2.57,0.1107,0.233
38587,2020-10-12,2246,Niagara Regional Area Health Unit,0.0087,1031.0,2.18,0.4662,0.6992
38588,2020-10-12,2244,Middlesex-London Health Unit,0.0058,1137.0,2.24,0.446,0.8522
38589,2020-10-12,2243,"Leeds, Grenville and Lanark District Health Unit",0.0038,380.0,2.19,0.3059,0.6661
38590,2020-10-12,2242,Lambton Health Unit,0.0031,322.0,2.46,0.1904,0.6879
38591,2020-10-12,2241,"Kingston, Frontenac and Lennox and Addington Health Unit",0.0037,468.0,2.2,0.8284,0.9388
38592,2020-10-12,5183,Huron Perth Health Unit,0.0013,334.0,2.39,0.1758,0.6636
38593,2020-10-12,2238,Hastings and Prince Edward Counties Health Unit,0.0014,420.0,2.49,0.2375,0.7851
38594,2020-10-12,2236,Halton Regional Health Unit,0.0221,1325.0,2.14,0.1904,0.3632
38595,2020-10-12,2235,"Haliburton, Kawartha, Pine Ridge District Health Unit",0.0021,406.0,2.15,0.1516,0.5378
38596,2020-10-12,2234,Haldimand-Norfolk Health Unit,0.0044,258.0,2.26,0.1396,0.3305
38597,2020-10-12,2233,Grey Bruce Health Unit,0.0028,359.0,2.11,0.1327,0.7063
38598,2020-10-12,2258,Eastern Ontario Health Unit,0.0207,523.0,2.51,0.2525,0.4518
38599,2020-10-12,2230,Durham Regional Health Unit,0.0139,1430.0,2.01,0.1559,0.3567
38600,2020-10-12,2226,District of Algoma Health Unit,0.0012,243.0,2.13,0.0919,0.3901
38601,2020-10-12,3895,City of Toronto Health Unit,0.0355,6317.0,2.02,0.397,0.629
38602,2020-10-12,2251,City of Ottawa Health Unit,0.0268,2879.0,2.73,0.3209,0.556
38603,2020-10-12,2237,City of Hamilton Health Unit,0.0169,1433.0,2.42,0.2975,0.5139
38604,2020-10-12,2240,Chatham-Kent Health Unit,0.0038,189.0,1.77,0.3037,0.744
38605,2020-10-12,2227,Brant County Health Unit,0.014,440.0,2.84,0.1072,0.2595
38606,2020-10-11,2270,York Regional Health Unit,0.028,2471.0,2.02,0.2111,0.3892
38607,2020-10-11,2268,Windsor-Essex County Health Unit,0.0103,709.0,1.67,0.1875,0.7926
38608,2020-10-11,2266,Wellington-Dufferin-Guelph Health Unit,0.0074,826.0,2.65,0.1006,0.3807
38609,2020-10-11,2265,Waterloo Health Unit,0.01,1252.0,2.14,0.1665,0.4948
38610,2020-10-11,2263,Timiskaming Health Unit,0.0018,81.0,2.48,0.1353,0.3045
38611,2020-10-11,2262,Thunder Bay District Health Unit,0.0,436.0,2.91,0.2455,0.6664
38612,2020-10-11,2261,Sudbury and District Health Unit,0.001,598.0,3.0,0.3456,0.471
38613,2020-10-11,4913,Southwestern Public Health,0.0028,607.0,2.87,0.3344,0.7989
38614,2020-10-11,2260,Simcoe Muskoka District Health Unit,0.0095,1565.0,2.61,0.1344,0.3913
38615,2020-10-11,2257,Renfrew County and District Health Unit,0.0048,299.0,2.75,0.1044,0.3371
38616,2020-10-11,2256,Porcupine Health Unit,0.001,279.0,3.35,0.354,0.6319
38617,2020-10-11,2255,Peterborough County-City Health Unit,0.0013,337.0,2.28,0.3384,0.728
38618,2020-10-11,2253,Peel Regional Health Unit,0.0394,2540.0,1.58,0.2582,0.4245
38619,2020-10-11,35,Ontario,0.0185,34318.0,2.31,0.2635,0.5161
38620,2020-10-11,2249,Northwestern Health Unit,0.0016,261.0,2.98,0.0744,0.4416
38621,2020-10-11,2247,North Bay Parry Sound District Health Unit,0.0015,383.0,2.95,0.1174,0.2378
38622,2020-10-11,2246,Niagara Regional Area Health Unit,0.0097,1128.0,2.39,0.4884,0.7042
38623,2020-10-11,2244,Middlesex-London Health Unit,0.0064,1250.0,2.46,0.4171,0.8411
38624,2020-10-11,2243,"Leeds, Grenville and Lanark District Health Unit",0.0027,416.0,2.4,0.2777,0.6326
38625,2020-10-11,2242,Lambton Health Unit,0.0023,371.0,2.83,0.1711,0.7096
38626,2020-10-11,2241,"Kingston, Frontenac and Lennox and Addington Health Unit",0.0044,490.0,2.31,0.8327,0.9505
38627,2020-10-11,5183,Huron Perth Health Unit,0.0019,379.0,2.71,0.1603,0.6242
38628,2020-10-11,2238,Hastings and Prince Edward Counties Health Unit,0.0012,458.0,2.72,0.2373,0.7573
38629,2020-10-11,2236,Halton Regional Health Unit,0.0215,1396.0,2.25,0.1688,0.3131
38630,2020-10-11,2235,"Haliburton, Kawartha, Pine Ridge District Health Unit",0.0016,454.0,2.4,0.1476,0.527
38631,2020-10-11,2234,Haldimand-Norfolk Health Unit,0.0051,309.0,2.71,0.1537,0.3374
38632,2020-10-11,2233,Grey Bruce Health Unit,0.0017,420.0,2.47,0.1484,0.7304
38633,2020-10-11,2258,Eastern Ontario Health Unit,0.017,605.0,2.9,0.2446,0.4183
38634,2020-10-11,2230,Durham Regional Health Unit,0.0139,1579.0,2.22,0.1561,0.3808
38635,2020-10-11,2226,District of Algoma Health Unit,0.0025,282.0,2.47,0.0694,0.3303
38636,2020-10-11,3895,City of Toronto Health Unit,0.0323,6619.0,2.12,0.3649,0.5828
38637,2020-10-11,2251,City of Ottawa Health Unit,0.0246,3015.0,2.86,0.2912,0.5127
38638,2020-10-11,2237,City of Hamilton Health Unit,0.0169,1477.0,2.49,0.2675,0.4693
38639,2020-10-11,2240,Chatham-Kent Health Unit,0.0034,208.0,1.95,0.2916,0.7263
38640,2020-10-11,2227,Brant County Health Unit,0.0117,477.0,3.08,0.1025,0.2333
38641,2020-10-10,2270,York Regional Health Unit,0.0266,2434.0,1.99,0.2132,0.3927
38642,2020-10-10,2268,Windsor-Essex County Health Unit,0.0096,731.0,1.72,0.1659,0.7292
38643,2020-10-10,2266,Wellington-Dufferin-Guelph Health Unit,0.007,834.0,2.67,0.0851,0.3279
38644,2020-10-10,2265,Waterloo Health Unit,0.0093,1276.0,2.18,0.1523,0.4685
38645,2020-10-10,2263,Timiskaming Health Unit,0.0018,82.0,2.5,0.1332,0.3247
38646,2020-10-10,2262,Thunder Bay District Health Unit,0.0,454.0,3.03,0.2375,0.6642
38647,2020-10-10,2261,Sudbury and District Health Unit,0.0011,628.0,3.16,0.3425,0.4579
38648,2020-10-10,4913,Southwestern Public Health,0.0026,611.0,2.89,0.302,0.7949
38649,2020-10-10,2260,Simcoe Muskoka District Health Unit,0.0089,1604.0,2.68,0.1156,0.3583
38650,2020-10-10,2257,Renfrew County and District Health Unit,0.0048,297.0,2.74,0.1116,0.2971
38651,2020-10-10,2256,Porcupine Health Unit,0.0005,279.0,3.34,0.3342,0.5914
38652,2020-10-10,2255,Peterborough County-City Health Unit,0.0008,344.0,2.33,0.3002,0.6716
38653,2020-10-10,2253,Peel Regional Health Unit,0.0385,2498.0,1.56,0.2501,0.4065
38654,2020-10-10,35,Ontario,0.0175,34320.0,2.31,0.2488,0.4889
38655,2020-10-10,2249,Northwestern Health Unit,0.0015,280.0,3.2,0.0801,0.4545
38656,2020-10-10,2247,North Bay Parry Sound District Health Unit,0.0007,394.0,3.04,0.1173,0.2301
38657,2020-10-10,2246,Niagara Regional Area Health Unit,0.0093,1133.0,2.4,0.4909,0.7081
38658,2020-10-10,2244,Middlesex-London Health Unit,0.007,1243.0,2.45,0.3928,0.8286
38659,2020-10-10,2243,"Leeds, Grenville and Lanark District Health Unit",0.002,423.0,2.44,0.2749,0.6257
38660,2020-10-10,2242,Lambton Health Unit,0.0023,371.0,2.83,0.1318,0.6864
38661,2020-10-10,2241,"Kingston, Frontenac and Lennox and Addington Health Unit",0.004,496.0,2.33,0.8027,0.9502
38662,2020-10-10,5183,Huron Perth Health Unit,0.0018,395.0,2.82,0.1576,0.6241
38663,2020-10-10,2238,Hastings and Prince Edward Counties Health Unit,0.0012,466.0,2.77,0.2638,0.7686
38664,2020-10-10,2236,Halton Regional Health Unit,0.0215,1389.0,2.24,0.1671,0.2756
38665,2020-10-10,2235,"Haliburton, Kawartha, Pine Ridge District Health Unit",0.0015,463.0,2.45,0.13,0.4722
38666,2020-10-10,2234,Haldimand-Norfolk Health Unit,0.0055,311.0,2.73,0.1516,0.3222
38667,2020-10-10,2233,Grey Bruce Health Unit,0.0016,434.0,2.56,0.1102,0.6922
38668,2020-10-10,2258,Eastern Ontario Health Unit,0.0168,611.0,2.93,0.2425,0.4181
38669,2020-10-10,2230,Durham Regional Health Unit,0.0132,1552.0,2.18,0.1495,0.3497
38670,2020-10-10,2226,District of Algoma Health Unit,0.003,290.0,2.53,0.0699,0.2955
38671,2020-10-10,3895,City of Toronto Health Unit,0.0299,6483.0,2.08,0.3361,0.5351
38672,2020-10-10,2251,City of Ottawa Health Unit,0.0245,3025.0,2.87,0.2761,0.4919
38673,2020-10-10,2237,City of Hamilton Health Unit,0.0159,1466.0,2.48,0.2414,0.4164
38674,2020-10-10,2240,Chatham-Kent Health Unit,0.0034,212.0,2.0,0.2381,0.6309
38675,2020-10-10,2227,Brant County Health Unit,0.0096,475.0,3.06,0.0935,0.2098
38676,2020-10-09,2270,York Regional Health Unit,0.0259,2446.0,2.0,0.2362,0.4202
38677,2020-10-09,2268,Windsor-Essex County Health Unit,0.0106,743.0,1.75,0.1651,0.7056
38678,2020-10-09,2266,Wellington-Dufferin-Guelph Health Unit,0.0068,840.0,2.69,0.0808,0.2919
38679,2020-10-09,2265,Waterloo Health Unit,0.0091,1273.0,2.18,0.1521,0.4738
38680,2020-10-09,2263,Timiskaming Health Unit,0.0017,83.0,2.54,0.1665,0.4055
38681,2020-10-09,2262,Thunder Bay District Health Unit,0.0,469.0,3.13,0.2111,0.611
38682,2020-10-09,2261,Sudbury and District Health Unit,0.0011,644.0,3.24,0.3453,0.4563
38683,2020-10-09,4913,Southwestern Public Health,0.003,615.0,2.91,0.3055,0.7769
38684,2020-10-09,2260,Simcoe Muskoka District Health Unit,0.0089,1650.0,2.75,0.1149,0.3416
38685,2020-10-09,2257,Renfrew County and District Health Unit,0.0052,301.0,2.78,0.1152,0.3081
38686,2020-10-09,2256,Porcupine Health Unit,0.0005,285.0,3.42,0.3709,0.6079
38687,2020-10-09,2255,Peterborough County-City Health Unit,0.0012,349.0,2.36,0.2479,0.6023
38688,2020-10-09,2253,Peel Regional Health Unit,0.0372,2576.0,1.6,0.2342,0.387
38689,2020-10-09,35,Ontario,0.0172,34669.0,2.34,0.2402,0.4742
38690,2020-10-09,2249,Northwestern Health Unit,0.0014,300.0,3.42,0.0737,0.4429
38691,2020-10-09,2247,North Bay Parry Sound District Health Unit,0.0007,400.0,3.09,0.1172,0.229
38692,2020-10-09,2246,Niagara Regional Area Health Unit,0.0089,1137.0,2.41,0.5056,0.7154
38693,2020-10-09,2244,Middlesex-London Health Unit,0.0063,1260.0,2.48,0.4034,0.8432
38694,2020-10-09,2243,"Leeds, Grenville and Lanark District Health Unit",0.002,435.0,2.51,0.2814,0.6162
38695,2020-10-09,2242,Lambton Health Unit,0.0015,391.0,2.98,0.1144,0.6442
38696,2020-10-09,2241,"Kingston, Frontenac and Lennox and Addington Health Unit",0.0047,482.0,2.27,0.7154,0.9417
38697,2020-10-09,5183,Huron Perth Health Unit,0.0018,399.0,2.86,0.1408,0.5749
38698,2020-10-09,2238,Hastings and Prince Edward Counties Health Unit,0.0009,474.0,2.81,0.2557,0.7183
38699,2020-10-09,2236,Halton Regional Health Unit,0.0211,1430.0,2.31,0.1647,0.2541
38700,2020-10-09,2235,"Haliburton, Kawartha, Pine Ridge District Health Unit",0.0015,471.0,2.49,0.1009,0.4109
38701,2020-10-09,2234,Haldimand-Norfolk Health Unit,0.0056,305.0,2.67,0.1568,0.3527
38702,2020-10-09,2233,Grey Bruce Health Unit,0.0023,443.0,2.61,0.0943,0.6277
38703,2020-10-09,2258,Eastern Ontario Health Unit,0.0154,612.0,2.93,0.2315,0.4058
38704,2020-10-09,2230,Durham Regional Health Unit,0.012,1541.0,2.16,0.1559,0.3558
38705,2020-10-09,2226,District of Algoma Health Unit,0.0029,297.0,2.6,0.0804,0.2561
38706,2020-10-09,3895,City of Toronto Health Unit,0.0295,6512.0,2.09,0.3088,0.5074
38707,2020-10-09,2251,City of Ottawa Health Unit,0.025,3026.0,2.87,0.2684,0.4838
38708,2020-10-09,2237,City of Hamilton Health Unit,0.016,1459.0,2.46,0.211,0.3816
38709,2020-10-09,2240,Chatham-Kent Health Unit,0.002,213.0,2.0,0.2429,0.6339
38710,2020-10-09,2227,Brant County Health Unit,0.0086,467.0,3.01,0.1,0.2186
38711,2020-10-08,2270,York Regional Health Unit,0.0258,2438.0,1.99,0.2504,0.4467
38712,2020-10-08,2268,Windsor-Essex County Health Unit,0.009,743.0,1.75,0.1455,0.6933
38713,2020-10-08,2266,Wellington-Dufferin-Guelph Health Unit,0.0062,858.0,2.75,0.065,0.2412
38714,2020-10-08,2265,Waterloo Health Unit,0.01,1296.0,2.22,0.1551,0.4909
38715,2020-10-08,2263,Timiskaming Health Unit,0.0031,93.0,2.85,0.1643,0.3853
38716,2020-10-08,2262,Thunder Bay District Health Unit,0.0,480.0,3.2,0.2223,0.569
38717,2020-10-08,2261,Sudbury and District Health Unit,0.0009,652.0,3.27,0.374,0.4545
38718,2020-10-08,4913,Southwestern Public Health,0.0014,612.0,2.89,0.2894,0.7703
38719,2020-10-08,2260,Simcoe Muskoka District Health Unit,0.0097,1671.0,2.79,0.1182,0.3327
38720,2020-10-08,2257,Renfrew County and District Health Unit,0.0049,291.0,2.68,0.1248,0.3089
38721,2020-10-08,2256,Porcupine Health Unit,0.0005,292.0,3.5,0.3138,0.536
38722,2020-10-08,2255,Peterborough County-City Health Unit,0.0011,373.0,2.52,0.205,0.4948
38723,2020-10-08,2253,Peel Regional Health Unit,0.0347,2611.0,1.63,0.2223,0.3609
38724,2020-10-08,35,Ontario,0.0165,34907.0,2.35,0.2309,0.4586
38725,2020-10-08,2249,Northwestern Health Unit,0.0013,319.0,3.64,0.0762,0.4071
38726,2020-10-08,2247,North Bay Parry Sound District Health Unit,0.0011,407.0,3.14,0.1198,0.2071
38727,2020-10-08,2246,Niagara Regional Area Health Unit,0.0106,1137.0,2.41,0.5636,0.7155
38728,2020-10-08,2244,Middlesex-London Health Unit,0.0058,1274.0,2.51,0.3748,0.8503
38729,2020-10-08,2243,"Leeds, Grenville and Lanark District Health Unit",0.0022,455.0,2.63,0.2526,0.5491
38730,2020-10-08,2242,Lambton Health Unit,0.0011,383.0,2.93,0.0811,0.568
38731,2020-10-08,2241,"Kingston, Frontenac and Lennox and Addington Health Unit",0.0046,467.0,2.19,0.6091,0.9085
38732,2020-10-08,5183,Huron Perth Health Unit,0.0021,404.0,2.89,0.1254,0.5849
38733,2020-10-08,2238,Hastings and Prince Edward Counties Health Unit,0.0009,484.0,2.87,0.2347,0.6021
38734,2020-10-08,2236,Halton Regional Health Unit,0.0202,1422.0,2.3,0.165,0.2459
38735,2020-10-08,2235,"Haliburton, Kawartha, Pine Ridge District Health Unit",0.0015,475.0,2.52,0.0943,0.3695
38736,2020-10-08,2234,Haldimand-Norfolk Health Unit,0.0042,303.0,2.66,0.1372,0.3223
38737,2020-10-08,2233,Grey Bruce Health Unit,0.0022,457.0,2.69,0.0778,0.5595
38738,2020-10-08,2258,Eastern Ontario Health Unit,0.009,600.0,2.88,0.2285,0.3792
38739,2020-10-08,2230,Durham Regional Health Unit,0.0121,1551.0,2.18,0.1737,0.3614
38740,2020-10-08,2226,District of Algoma Health Unit,0.0028,304.0,2.66,0.0695,0.2382
38741,2020-10-08,3895,City of Toronto Health Unit,0.0286,6507.0,2.09,0.2828,0.4902
38742,2020-10-08,2251,City of Ottawa Health Unit,0.0247,3077.0,2.92,0.2588,0.4671
38743,2020-10-08,2237,City of Hamilton Health Unit,0.0157,1433.0,2.42,0.1754,0.3091
38744,2020-10-08,2240,Chatham-Kent Health Unit,0.0026,220.0,2.07,0.2312,0.641
38745,2020-10-08,2227,Brant County Health Unit,0.0058,469.0,3.02,0.0967,0.2044
38746,2020-10-07,2270,York Regional Health Unit,0.0252,2405.0,1.96,0.2509,0.4597
38747,2020-10-07,2268,Windsor-Essex County Health Unit,0.0079,759.0,1.79,0.1278,0.6879
38748,2020-10-07,2266,Wellington-Dufferin-Guelph Health Unit,0.0059,870.0,2.79,0.0646,0.2003
38749,2020-10-07,2265,Waterloo Health Unit,0.0099,1328.0,2.27,0.1667,0.4984
38750,2020-10-07,2263,Timiskaming Health Unit,0.0025,114.0,3.49,0.1521,0.3484
38751,2020-10-07,2262,Thunder Bay District Health Unit,0.0,507.0,3.38,0.2333,0.5792
38752,2020-10-07,2261,Sudbury and District Health Unit,0.0008,693.0,3.48,0.3901,0.4527
38753,2020-10-07,4913,Southwestern Public Health,0.0013,558.0,2.64,0.2634,0.731
38754,2020-10-07,2260,Simcoe Muskoka District Health Unit,0.0093,1713.0,2.86,0.1089,0.3034
38755,2020-10-07,2257,Renfrew County and District Health Unit,0.0052,276.0,2.54,0.1141,0.2696
38756,2020-10-07,2256,Porcupine Health Unit,0.001,294.0,3.52,0.2651,0.4653
38757,2020-10-07,2255,Peterborough County-City Health Unit,0.0011,403.0,2.73,0.1838,0.4344
38758,2020-10-07,2253,Peel Regional Health Unit,0.0348,2641.0,1.64,0.216,0.3228
38759,2020-10-07,35,Ontario,0.0161,35482.0,2.39,0.2211,0.4343
38760,2020-10-07,2249,Northwestern Health Unit,0.0009,316.0,3.61,0.0794,0.4174
38761,2020-10-07,2247,North Bay Parry Sound District Health Unit,0.001,410.0,3.16,0.1149,0.1862
38762,2020-10-07,2246,Niagara Regional Area Health Unit,0.0107,1161.0,2.46,0.6199,0.7309
38763,2020-10-07,2244,Middlesex-London Health Unit,0.0053,1243.0,2.45,0.3551,0.842
38764,2020-10-07,2243,"Leeds, Grenville and Lanark District Health Unit",0.0019,454.0,2.62,0.2322,0.4866
38765,2020-10-07,2242,Lambton Health Unit,0.0008,350.0,2.67,0.0638,0.4768
38766,2020-10-07,2241,"Kingston, Frontenac and Lennox and Addington Health Unit",0.0033,474.0,2.23,0.5284,0.847
38767,2020-10-07,5183,Huron Perth Health Unit,0.0025,404.0,2.89,0.085,0.5415
38768,2020-10-07,2238,Hastings and Prince Edward Counties Health Unit,0.0009,470.0,2.79,0.2121,0.5057
38769,2020-10-07,2236,Halton Regional Health Unit,0.0194,1464.0,2.36,0.169,0.2359
38770,2020-10-07,2235,"Haliburton, Kawartha, Pine Ridge District Health Unit",0.0012,488.0,2.58,0.0936,0.3633
38771,2020-10-07,2234,Haldimand-Norfolk Health Unit,0.0041,314.0,2.75,0.1198,0.3078
38772,2020-10-07,2233,Grey Bruce Health Unit,0.0016,448.0,2.63,0.0784,0.5411
38773,2020-10-07,2258,Eastern Ontario Health Unit,0.0079,630.0,3.02,0.203,0.3217
38774,2020-10-07,2230,Durham Regional Health Unit,0.011,1573.0,2.21,0.1753,0.346
38775,2020-10-07,2226,District of Algoma Health Unit,0.0023,316.0,2.76,0.0674,0.1974
38776,2020-10-07,3895,City of Toronto Health Unit,0.0275,6749.0,2.16,0.2515,0.4629
38777,2020-10-07,2251,City of Ottawa Health Unit,0.0247,3153.0,2.99,0.2469,0.4292
38778,2020-10-07,2237,City of Hamilton Health Unit,0.0145,1426.0,2.41,0.1836,0.2953
38779,2020-10-07,2240,Chatham-Kent Health Unit,0.0024,239.0,2.25,0.1717,0.5975
38780,2020-10-07,2227,Brant County Health Unit,0.0061,488.0,3.15,0.0936,0.1881
38781,2020-10-06,2270,York Regional Health Unit,0.0243,2462.0,2.01,0.2569,0.4757
38782,2020-10-06,2268,Windsor-Essex County Health Unit,0.0069,746.0,1.76,0.1092,0.6514
38783,2020-10-06,2266,Wellington-Dufferin-Guelph Health Unit,0.0059,877.0,2.81,0.0597,0.1898
38784,2020-10-06,2265,Waterloo Health Unit,0.01,1422.0,2.43,0.2004,0.523
38785,2020-10-06,2263,Timiskaming Health Unit,0.0025,113.0,3.44,0.14,0.3836
38786,2020-10-06,2262,Thunder Bay District Health Unit,0.0,536.0,3.57,0.2546,0.5666
38787,2020-10-06,2261,Sudbury and District Health Unit,0.0004,702.0,3.53,0.4177,0.4747
38788,2020-10-06,4913,Southwestern Public Health,0.0016,542.0,2.56,0.2812,0.7134
38789,2020-10-06,2260,Simcoe Muskoka District Health Unit,0.0087,1810.0,3.02,0.0862,0.2704
38790,2020-10-06,2257,Renfrew County and District Health Unit,0.0059,244.0,2.25,0.1223,0.2376
38791,2020-10-06,2256,Porcupine Health Unit,0.0011,268.0,3.21,0.2484,0.4921
38792,2020-10-06,2255,Peterborough County-City Health Unit,0.0013,444.0,3.0,0.1175,0.3811
38793,2020-10-06,2253,Peel Regional Health Unit,0.0353,2740.0,1.71,0.2062,0.3004
38794,2020-10-06,35,Ontario,0.0158,36192.0,2.44,0.2175,0.425
38795,2020-10-06,2249,Northwestern Health Unit,0.0014,306.0,3.49,0.0757,0.4062
38796,2020-10-06,2247,North Bay Parry Sound District Health Unit,0.0011,399.0,3.08,0.1268,0.2018
38797,2020-10-06,2246,Niagara Regional Area Health Unit,0.0108,1137.0,2.41,0.6472,0.7467
38798,2020-10-06,2244,Middlesex-London Health Unit,0.0052,1203.0,2.37,0.364,0.8411
38799,2020-10-06,2243,"Leeds, Grenville and Lanark District Health Unit",0.0019,452.0,2.61,0.2128,0.4587
38800,2020-10-06,2242,Lambton Health Unit,0.0008,372.0,2.84,0.0479,0.4297
38801,2020-10-06,2241,"Kingston, Frontenac and Lennox and Addington Health Unit",0.0036,522.0,2.45,0.4282,0.7852
38802,2020-10-06,5183,Huron Perth Health Unit,0.0036,400.0,2.87,0.0772,0.5382
38803,2020-10-06,2238,Hastings and Prince Edward Counties Health Unit,0.0015,466.0,2.76,0.1905,0.423
38804,2020-10-06,2236,Halton Regional Health Unit,0.0175,1507.0,2.43,0.1662,0.2337
38805,2020-10-06,2235,"Haliburton, Kawartha, Pine Ridge District Health Unit",0.0011,516.0,2.73,0.0834,0.3387
38806,2020-10-06,2234,Haldimand-Norfolk Health Unit,0.0043,301.0,2.64,0.1205,0.2693
38807,2020-10-06,2233,Grey Bruce Health Unit,0.0025,465.0,2.74,0.0685,0.5603
38808,2020-10-06,2258,Eastern Ontario Health Unit,0.0073,644.0,3.08,0.1852,0.3073
38809,2020-10-06,2230,Durham Regional Health Unit,0.0109,1537.0,2.16,0.1716,0.307
38810,2020-10-06,2226,District of Algoma Health Unit,0.0019,376.0,3.29,0.0637,0.2257
38811,2020-10-06,3895,City of Toronto Health Unit,0.0272,6904.0,2.21,0.2373,0.449
38812,2020-10-06,2251,City of Ottawa Health Unit,0.0231,3300.0,3.13,0.2509,0.423
38813,2020-10-06,2237,City of Hamilton Health Unit,0.0131,1392.0,2.35,0.2039,0.3032
38814,2020-10-06,2240,Chatham-Kent Health Unit,0.0023,245.0,2.31,0.1653,0.587
38815,2020-10-06,2227,Brant County Health Unit,0.0053,488.0,3.14,0.1006,0.1559
38816,2020-10-05,2270,York Regional Health Unit,0.0234,2506.0,2.04,0.2575,0.4953
38817,2020-10-05,2268,Windsor-Essex County Health Unit,0.0066,731.0,1.72,0.1014,0.6267
38818,2020-10-05,2266,Wellington-Dufferin-Guelph Health Unit,0.0055,858.0,2.75,0.0613,0.1918
38819,2020-10-05,2265,Waterloo Health Unit,0.0106,1444.0,2.47,0.2411,0.5583
38820,2020-10-05,2263,Timiskaming Health Unit,0.0011,125.0,3.83,0.1109,0.3769
38821,2020-10-05,2262,Thunder Bay District Health Unit,0.0,532.0,3.55,0.2246,0.583
38822,2020-10-05,2261,Sudbury and District Health Unit,0.0006,703.0,3.53,0.4049,0.4531
38823,2020-10-05,4913,Southwestern Public Health,0.0024,535.0,2.53,0.2807,0.7431
38824,2020-10-05,2260,Simcoe Muskoka District Health Unit,0.0088,1827.0,3.05,0.0916,0.2866
38825,2020-10-05,2257,Renfrew County and District Health Unit,0.0062,230.0,2.12,0.1371,0.2597
38826,2020-10-05,2256,Porcupine Health Unit,0.0005,281.0,3.37,0.2827,0.5117
38827,2020-10-05,2255,Peterborough County-City Health Unit,0.0019,460.0,3.11,0.1157,0.3771
38828,2020-10-05,2253,Peel Regional Health Unit,0.0352,2774.0,1.73,0.2,0.3073
38829,2020-10-05,35,Ontario,0.0158,37062.0,2.5,0.2197,0.4342
38830,2020-10-05,2249,Northwestern Health Unit,0.005,314.0,3.58,0.0883,0.404
38831,2020-10-05,2247,North Bay Parry Sound District Health Unit,0.001,417.0,3.21,0.1216,0.1938
38832,2020-10-05,2246,Niagara Regional Area Health Unit,0.0117,1108.0,2.35,0.65,0.7508
38833,2020-10-05,2244,Middlesex-London Health Unit,0.0044,1175.0,2.31,0.333,0.8355
38834,2020-10-05,2243,"Leeds, Grenville and Lanark District Health Unit",0.0024,477.0,2.75,0.2046,0.4188
38835,2020-10-05,2242,Lambton Health Unit,0.0,355.0,2.71,0.0375,0.3963
38836,2020-10-05,2241,"Kingston, Frontenac and Lennox and Addington Health Unit",0.0033,556.0,2.61,0.3612,0.7158
38837,2020-10-05,5183,Huron Perth Health Unit,0.004,395.0,2.83,0.0687,0.5184
38838,2020-10-05,2238,Hastings and Prince Edward Counties Health Unit,0.0018,477.0,2.83,0.1713,0.389
38839,2020-10-05,2236,Halton Regional Health Unit,0.0151,1586.0,2.56,0.1628,0.235
38840,2020-10-05,2235,"Haliburton, Kawartha, Pine Ridge District Health Unit",0.001,564.0,2.98,0.0883,0.3536
38841,2020-10-05,2234,Haldimand-Norfolk Health Unit,0.0064,289.0,2.53,0.1293,0.2822
38842,2020-10-05,2233,Grey Bruce Health Unit,0.0024,482.0,2.84,0.0733,0.5662
38843,2020-10-05,2258,Eastern Ontario Health Unit,0.0055,677.0,3.24,0.1798,0.3052
38844,2020-10-05,2230,Durham Regional Health Unit,0.0102,1549.0,2.17,0.1741,0.3156
38845,2020-10-05,2226,District of Algoma Health Unit,0.0019,441.0,3.86,0.0641,0.2304
38846,2020-10-05,3895,City of Toronto Health Unit,0.0277,7148.0,2.29,0.242,0.4645
38847,2020-10-05,2251,City of Ottawa Health Unit,0.0231,3532.0,3.35,0.2665,0.4391
38848,2020-10-05,2237,City of Hamilton Health Unit,0.0115,1411.0,2.38,0.2094,0.2901
38849,2020-10-05,2240,Chatham-Kent Health Unit,0.0034,254.0,2.39,0.1316,0.5884
38850,2020-10-05,2227,Brant County Health Unit,0.0045,477.0,3.07,0.1169,0.1782
38851,2020-10-04,2270,York Regional Health Unit,0.0228,2623.0,2.14,0.2551,0.48
38852,2020-10-04,2268,Windsor-Essex County Health Unit,0.006,691.0,1.63,0.0811,0.5945
38853,2020-10-04,2266,Wellington-Dufferin-Guelph Health Unit,0.0047,935.0,3.0,0.0602,0.1822
38854,2020-10-04,2265,Waterloo Health Unit,0.01,1434.0,2.45,0.2701,0.5654
38855,2020-10-04,2263,Timiskaming Health Unit,0.0021,135.0,4.14,0.115,0.3884
38856,2020-10-04,2262,Thunder Bay District Health Unit,0.0,507.0,3.38,0.2183,0.5576
38857,2020-10-04,2261,Sudbury and District Health Unit,0.0008,734.0,3.69,0.4337,0.4893
38858,2020-10-04,4913,Southwestern Public Health,0.0027,533.0,2.52,0.2415,0.7148
38859,2020-10-04,2260,Simcoe Muskoka District Health Unit,0.0081,1912.0,3.19,0.0854,0.2712
38860,2020-10-04,2257,Renfrew County and District Health Unit,0.0047,212.0,1.95,0.1304,0.2558
38861,2020-10-04,2256,Porcupine Health Unit,0.0005,317.0,3.8,0.2846,0.5691
38862,2020-10-04,2255,Peterborough County-City Health Unit,0.0016,521.0,3.52,0.1154,0.377
38863,2020-10-04,2253,Peel Regional Health Unit,0.0356,2824.0,1.76,0.1907,0.3069
38864,2020-10-04,35,Ontario,0.0158,38463.0,2.59,0.216,0.4297
38865,2020-10-04,2249,Northwestern Health Unit,0.0049,318.0,3.63,0.0887,0.3985
38866,2020-10-04,2247,North Bay Parry Sound District Health Unit,0.0003,425.0,3.28,0.1257,0.2026
38867,2020-10-04,2246,Niagara Regional Area Health Unit,0.0105,1116.0,2.36,0.6579,0.7573
38868,2020-10-04,2244,Middlesex-London Health Unit,0.0036,1126.0,2.22,0.3135,0.8401
38869,2020-10-04,2243,"Leeds, Grenville and Lanark District Health Unit",0.0032,540.0,3.12,0.2081,0.3974
38870,2020-10-04,2242,Lambton Health Unit,0.0004,374.0,2.86,0.0309,0.3226
38871,2020-10-04,2241,"Kingston, Frontenac and Lennox and Addington Health Unit",0.0031,636.0,2.99,0.342,0.6876
38872,2020-10-04,5183,Huron Perth Health Unit,0.0033,390.0,2.79,0.061,0.4882
38873,2020-10-04,2238,Hastings and Prince Edward Counties Health Unit,0.0019,514.0,3.05,0.1418,0.3391
38874,2020-10-04,2236,Halton Regional Health Unit,0.0143,1641.0,2.65,0.1589,0.234
38875,2020-10-04,2235,"Haliburton, Kawartha, Pine Ridge District Health Unit",0.0011,622.0,3.29,0.0872,0.3541
38876,2020-10-04,2234,Haldimand-Norfolk Health Unit,0.0045,285.0,2.5,0.1234,0.2862
38877,2020-10-04,2233,Grey Bruce Health Unit,0.003,515.0,3.03,0.0405,0.491
38878,2020-10-04,2258,Eastern Ontario Health Unit,0.0067,763.0,3.66,0.185,0.3274
38879,2020-10-04,2230,Durham Regional Health Unit,0.0103,1601.0,2.25,0.1684,0.287
38880,2020-10-04,2226,District of Algoma Health Unit,0.0012,491.0,4.29,0.075,0.2522
38881,2020-10-04,3895,City of Toronto Health Unit,0.0287,7411.0,2.37,0.2351,0.4543
38882,2020-10-04,2251,City of Ottawa Health Unit,0.0247,3741.0,3.55,0.2766,0.472
38883,2020-10-04,2237,City of Hamilton Health Unit,0.0106,1440.0,2.43,0.2022,0.2967
38884,2020-10-04,2240,Chatham-Kent Health Unit,0.0033,259.0,2.44,0.0993,0.5477
38885,2020-10-04,2227,Brant County Health Unit,0.0032,496.0,3.19,0.1213,0.1907
38886,2020-10-03,2270,York Regional Health Unit,0.0227,2740.0,2.24,0.2722,0.4986
38887,2020-10-03,2268,Windsor-Essex County Health Unit,0.0065,705.0,1.66,0.0761,0.5192
38888,2020-10-03,2266,Wellington-Dufferin-Guelph Health Unit,0.0045,951.0,3.05,0.063,0.1772
38889,2020-10-03,2265,Waterloo Health Unit,0.0103,1440.0,2.46,0.3119,0.5717
38890,2020-10-03,2263,Timiskaming Health Unit,0.0021,136.0,4.17,0.1075,0.3674
38891,2020-10-03,2262,Thunder Bay District Health Unit,0.0003,523.0,3.49,0.2319,0.5427
38892,2020-10-03,2261,Sudbury and District Health Unit,0.0008,736.0,3.7,0.4078,0.4684
38893,2020-10-03,4913,Southwestern Public Health,0.0032,531.0,2.51,0.2329,0.6762
38894,2020-10-03,2260,Simcoe Muskoka District Health Unit,0.008,1972.0,3.29,0.0803,0.2492
38895,2020-10-03,2257,Renfrew County and District Health Unit,0.0047,213.0,1.96,0.118,0.2559
38896,2020-10-03,2256,Porcupine Health Unit,0.0009,321.0,3.84,0.2477,0.589
38897,2020-10-03,2255,Peterborough County-City Health Unit,0.0016,528.0,3.57,0.117,0.3933
38898,2020-10-03,2253,Peel Regional Health Unit,0.0354,2911.0,1.81,0.1895,0.3189
38899,2020-10-03,35,Ontario,0.016,39456.0,2.66,0.2131,0.4242
38900,2020-10-03,2249,Northwestern Health Unit,0.006,309.0,3.52,0.0811,0.3708
38901,2020-10-03,2247,North Bay Parry Sound District Health Unit,0.0003,433.0,3.33,0.1121,0.1743
38902,2020-10-03,2246,Niagara Regional Area Health Unit,0.0107,1145.0,2.42,0.653,0.7434
38903,2020-10-03,2244,Middlesex-London Health Unit,0.0038,1139.0,2.24,0.2759,0.7703
38904,2020-10-03,2243,"Leeds, Grenville and Lanark District Health Unit",0.0036,548.0,3.16,0.2021,0.3698
38905,2020-10-03,2242,Lambton Health Unit,0.0004,376.0,2.87,0.0246,0.2889
38906,2020-10-03,2241,"Kingston, Frontenac and Lennox and Addington Health Unit",0.0035,694.0,3.26,0.3064,0.6434
38907,2020-10-03,5183,Huron Perth Health Unit,0.0046,376.0,2.69,0.0602,0.4281
38908,2020-10-03,2238,Hastings and Prince Edward Counties Health Unit,0.0025,523.0,3.1,0.1099,0.2561
38909,2020-10-03,2236,Halton Regional Health Unit,0.0139,1684.0,2.72,0.1489,0.2264
38910,2020-10-03,2235,"Haliburton, Kawartha, Pine Ridge District Health Unit",0.0011,631.0,3.34,0.0843,0.3934
38911,2020-10-03,2234,Haldimand-Norfolk Health Unit,0.0038,299.0,2.62,0.1145,0.264
38912,2020-10-03,2233,Grey Bruce Health Unit,0.0031,506.0,2.98,0.0416,0.4491
38913,2020-10-03,2258,Eastern Ontario Health Unit,0.0065,795.0,3.81,0.1966,0.3442
38914,2020-10-03,2230,Durham Regional Health Unit,0.0115,1656.0,2.32,0.1748,0.3071
38915,2020-10-03,2226,District of Algoma Health Unit,0.0009,496.0,4.33,0.0712,0.2377
38916,2020-10-03,3895,City of Toronto Health Unit,0.0289,7723.0,2.48,0.2289,0.4461
38917,2020-10-03,2251,City of Ottawa Health Unit,0.0245,3807.0,3.61,0.2791,0.4963
38918,2020-10-03,2237,City of Hamilton Health Unit,0.01,1443.0,2.44,0.2026,0.3107
38919,2020-10-03,2240,Chatham-Kent Health Unit,0.0032,265.0,2.49,0.0917,0.5774
38920,2020-10-03,2227,Brant County Health Unit,0.0031,515.0,3.32,0.1278,0.1875
38921,2020-10-02,2270,York Regional Health Unit,0.0229,2706.0,2.21,0.2635,0.4934
38922,2020-10-02,2268,Windsor-Essex County Health Unit,0.0056,710.0,1.67,0.0757,0.4784
38923,2020-10-02,2266,Wellington-Dufferin-Guelph Health Unit,0.0049,961.0,3.08,0.0632,0.1728
38924,2020-10-02,2265,Waterloo Health Unit,0.0103,1450.0,2.48,0.3472,0.5464
38925,2020-10-02,2263,Timiskaming Health Unit,0.0021,136.0,4.16,0.111,0.3374
38926,2020-10-02,2262,Thunder Bay District Health Unit,0.0003,532.0,3.55,0.269,0.5754
38927,2020-10-02,2261,Sudbury and District Health Unit,0.001,751.0,3.77,0.4241,0.4856
38928,2020-10-02,4913,Southwestern Public Health,0.0027,523.0,2.47,0.2202,0.6431
38929,2020-10-02,2260,Simcoe Muskoka District Health Unit,0.0078,1972.0,3.29,0.0724,0.2364
38930,2020-10-02,2257,Renfrew County and District Health Unit,0.0041,211.0,1.95,0.1019,0.2238
38931,2020-10-02,2256,Porcupine Health Unit,0.0009,322.0,3.86,0.2538,0.5824
38932,2020-10-02,2255,Peterborough County-City Health Unit,0.0027,530.0,3.58,0.0955,0.36
38933,2020-10-02,2253,Peel Regional Health Unit,0.036,2877.0,1.79,0.1852,0.3217
38934,2020-10-02,35,Ontario,0.0161,39784.0,2.68,0.2086,0.4096
38935,2020-10-02,2249,Northwestern Health Unit,0.0064,292.0,3.33,0.0961,0.3948
38936,2020-10-02,2247,North Bay Parry Sound District Health Unit,0.0007,436.0,3.36,0.1193,0.1815
38937,2020-10-02,2246,Niagara Regional Area Health Unit,0.0107,1165.0,2.47,0.6358,0.7058
38938,2020-10-02,2244,Middlesex-London Health Unit,0.0039,1125.0,2.22,0.2523,0.6832
38939,2020-10-02,2243,"Leeds, Grenville and Lanark District Health Unit",0.0047,552.0,3.19,0.202,0.3563
38940,2020-10-02,2242,Lambton Health Unit,0.0004,393.0,3.0,0.0208,0.2554
38941,2020-10-02,2241,"Kingston, Frontenac and Lennox and Addington Health Unit",0.0027,752.0,3.54,0.2932,0.6079
38942,2020-10-02,5183,Huron Perth Health Unit,0.0041,380.0,2.72,0.0556,0.3966
38943,2020-10-02,2238,Hastings and Prince Edward Counties Health Unit,0.0027,528.0,3.13,0.0869,0.1757
38944,2020-10-02,2236,Halton Regional Health Unit,0.0134,1680.0,2.71,0.147,0.2249
38945,2020-10-02,2235,"Haliburton, Kawartha, Pine Ridge District Health Unit",0.0011,630.0,3.33,0.0759,0.4053
38946,2020-10-02,2234,Haldimand-Norfolk Health Unit,0.0038,303.0,2.65,0.104,0.2534
38947,2020-10-02,2233,Grey Bruce Health Unit,0.002,492.0,2.89,0.042,0.4248
38948,2020-10-02,2258,Eastern Ontario Health Unit,0.0057,830.0,3.98,0.1869,0.3387
38949,2020-10-02,2230,Durham Regional Health Unit,0.0123,1677.0,2.35,0.1629,0.3131
38950,2020-10-02,2226,District of Algoma Health Unit,0.0011,499.0,4.36,0.0607,0.2597
38951,2020-10-02,3895,City of Toronto Health Unit,0.0298,7737.0,2.48,0.2238,0.4286
38952,2020-10-02,2251,City of Ottawa Health Unit,0.024,3931.0,3.73,0.2629,0.4827
38953,2020-10-02,2237,City of Hamilton Health Unit,0.0095,1508.0,2.55,0.2049,0.3083
38954,2020-10-02,2240,Chatham-Kent Health Unit,0.0037,268.0,2.52,0.078,0.5429
38955,2020-10-02,2227,Brant County Health Unit,0.0024,538.0,3.46,0.1257,0.1879
38956,2020-10-01,2270,York Regional Health Unit,0.0238,2696.0,2.2,0.2641,0.4776
38957,2020-10-01,2268,Windsor-Essex County Health Unit,0.006,737.0,1.73,0.0734,0.4304
38958,2020-10-01,2266,Wellington-Dufferin-Guelph Health Unit,0.0052,967.0,3.1,0.0684,0.1752
38959,2020-10-01,2265,Waterloo Health Unit,0.0098,1452.0,2.48,0.389,0.538
38960,2020-10-01,2263,Timiskaming Health Unit,0.0021,138.0,4.22,0.1243,0.3898
38961,2020-10-01,2262,Thunder Bay District Health Unit,0.0005,539.0,3.59,0.2514,0.591
38962,2020-10-01,2261,Sudbury and District Health Unit,0.0011,773.0,3.88,0.4383,0.5025
38963,2020-10-01,4913,Southwestern Public Health,0.0036,520.0,2.46,0.2007,0.6025
38964,2020-10-01,2260,Simcoe Muskoka District Health Unit,0.0065,2034.0,3.39,0.0751,0.2186
38965,2020-10-01,2257,Renfrew County and District Health Unit,0.0041,243.0,2.24,0.1058,0.2629
38966,2020-10-01,2256,Porcupine Health Unit,0.0017,339.0,4.06,0.3276,0.656
38967,2020-10-01,2255,Peterborough County-City Health Unit,0.0032,535.0,3.62,0.1109,0.4083
38968,2020-10-01,2253,Peel Regional Health Unit,0.0371,2875.0,1.79,0.1813,0.3214
38969,2020-10-01,35,Ontario,0.016,40532.0,2.73,0.2115,0.4016
38970,2020-10-01,2249,Northwestern Health Unit,0.0076,284.0,3.24,0.0895,0.3793
38971,2020-10-01,2247,North Bay Parry Sound District Health Unit,0.0003,454.0,3.5,0.1192,0.1757
38972,2020-10-01,2246,Niagara Regional Area Health Unit,0.0101,1174.0,2.49,0.6532,0.7241
38973,2020-10-01,2244,Middlesex-London Health Unit,0.0041,1113.0,2.19,0.2547,0.6432
38974,2020-10-01,2243,"Leeds, Grenville and Lanark District Health Unit",0.0052,606.0,3.5,0.2144,0.3914
38975,2020-10-01,2242,Lambton Health Unit,0.0004,404.0,3.08,0.0209,0.2319
38976,2020-10-01,2241,"Kingston, Frontenac and Lennox and Addington Health Unit",0.0024,773.0,3.63,0.308,0.6165
38977,2020-10-01,5183,Huron Perth Health Unit,0.0041,380.0,2.72,0.0598,0.3204
38978,2020-10-01,2238,Hastings and Prince Edward Counties Health Unit,0.0029,550.0,3.26,0.0878,0.2213
38979,2020-10-01,2236,Halton Regional Health Unit,0.0133,1744.0,2.82,0.1438,0.2195
38980,2020-10-01,2235,"Haliburton, Kawartha, Pine Ridge District Health Unit",0.0007,646.0,3.42,0.0841,0.4651
38981,2020-10-01,2234,Haldimand-Norfolk Health Unit,0.0038,304.0,2.67,0.0883,0.2217
38982,2020-10-01,2233,Grey Bruce Health Unit,0.0022,524.0,3.08,0.044,0.3744
38983,2020-10-01,2258,Eastern Ontario Health Unit,0.0052,856.0,4.1,0.1999,0.3665
38984,2020-10-01,2230,Durham Regional Health Unit,0.0123,1699.0,2.38,0.1477,0.3047
38985,2020-10-01,2226,District of Algoma Health Unit,0.0011,500.0,4.37,0.0831,0.2644
38986,2020-10-01,3895,City of Toronto Health Unit,0.03,7900.0,2.53,0.2275,0.411
38987,2020-10-01,2251,City of Ottawa Health Unit,0.0229,4032.0,3.82,0.2649,0.4842
38988,2020-10-01,2237,City of Hamilton Health Unit,0.0087,1537.0,2.6,0.2042,0.3049
38989,2020-10-01,2240,Chatham-Kent Health Unit,0.0031,277.0,2.6,0.072,0.4774
38990,2020-10-01,2227,Brant County Health Unit,0.0026,543.0,3.5,0.1172,0.1703
38991,2020-09-30,2270,York Regional Health Unit,0.0231,2814.0,2.3,0.2837,0.4976
38992,2020-09-30,2268,Windsor-Essex County Health Unit,0.0063,724.0,1.7,0.0688,0.4183
38993,2020-09-30,2266,Wellington-Dufferin-Guelph Health Unit,0.005,965.0,3.09,0.0689,0.2012
38994,2020-09-30,2265,Waterloo Health Unit,0.0096,1411.0,2.41,0.3846,0.5396
38995,2020-09-30,2263,Timiskaming Health Unit,0.0034,128.0,3.9,0.1367,0.4616
38996,2020-09-30,2262,Thunder Bay District Health Unit,0.0005,532.0,3.54,0.244,0.5386
38997,2020-09-30,2261,Sudbury and District Health Unit,0.0011,798.0,4.01,0.4391,0.5163
38998,2020-09-30,4913,Southwestern Public Health,0.0031,546.0,2.58,0.1909,0.6238
38999,2020-09-30,2260,Simcoe Muskoka District Health Unit,0.0057,2112.0,3.52,0.0703,0.2182
39000,2020-09-30,2257,Renfrew County and District Health Unit,0.0036,279.0,2.57,0.0988,0.2637
39001,2020-09-30,2256,Porcupine Health Unit,0.0012,354.0,4.24,0.3419,0.7033
39002,2020-09-30,2255,Peterborough County-City Health Unit,0.0036,520.0,3.51,0.0991,0.473
39003,2020-09-30,2253,Peel Regional Health Unit,0.0356,2911.0,1.81,0.1744,0.3377
39004,2020-09-30,35,Ontario,0.0157,41275.0,2.78,0.2113,0.4123
39005,2020-09-30,2249,Northwestern Health Unit,0.0071,301.0,3.44,0.0869,0.3508
39006,2020-09-30,2247,North Bay Parry Sound District Health Unit,0.0003,470.0,3.62,0.1269,0.1828
39007,2020-09-30,2246,Niagara Regional Area Health Unit,0.0106,1183.0,2.5,0.6407,0.7181
39008,2020-09-30,2244,Middlesex-London Health Unit,0.0042,1085.0,2.14,0.2388,0.6486
39009,2020-09-30,2243,"Leeds, Grenville and Lanark District Health Unit",0.0051,671.0,3.87,0.2159,0.4131
39010,2020-09-30,2242,Lambton Health Unit,0.0003,463.0,3.53,0.0224,0.2195
39011,2020-09-30,2241,"Kingston, Frontenac and Lennox and Addington Health Unit",0.0029,795.0,3.74,0.2917,0.6515
39012,2020-09-30,5183,Huron Perth Health Unit,0.0037,386.0,2.76,0.0589,0.3026
39013,2020-09-30,2238,Hastings and Prince Edward Counties Health Unit,0.0026,603.0,3.58,0.0843,0.2298
39014,2020-09-30,2236,Halton Regional Health Unit,0.0124,1779.0,2.87,0.1459,0.2363
39015,2020-09-30,2235,"Haliburton, Kawartha, Pine Ridge District Health Unit",0.0011,661.0,3.5,0.086,0.4942
39016,2020-09-30,2234,Haldimand-Norfolk Health Unit,0.0027,321.0,2.81,0.0846,0.2257
39017,2020-09-30,2233,Grey Bruce Health Unit,0.0023,565.0,3.33,0.0482,0.355
39018,2020-09-30,2258,Eastern Ontario Health Unit,0.005,906.0,4.34,0.2106,0.4134
39019,2020-09-30,2230,Durham Regional Health Unit,0.0136,1714.0,2.41,0.1494,0.3349
39020,2020-09-30,2226,District of Algoma Health Unit,0.0009,493.0,4.3,0.0925,0.3208
39021,2020-09-30,3895,City of Toronto Health Unit,0.0304,7928.0,2.54,0.2336,0.4003
39022,2020-09-30,2251,City of Ottawa Health Unit,0.0219,4120.0,3.91,0.26,0.5139
39023,2020-09-30,2237,City of Hamilton Health Unit,0.009,1566.0,2.64,0.1919,0.3168
39024,2020-09-30,2240,Chatham-Kent Health Unit,0.0027,263.0,2.47,0.0725,0.4627
39025,2020-09-30,2227,Brant County Health Unit,0.0025,514.0,3.31,0.1168,0.1778
39026,2020-09-29,2270,York Regional Health Unit,0.0223,2821.0,2.3,0.2831,0.5189
39027,2020-09-29,2268,Windsor-Essex County Health Unit,0.0064,802.0,1.89,0.0716,0.437
39028,2020-09-29,2266,Wellington-Dufferin-Guelph Health Unit,0.0046,953.0,3.06,0.0716,0.2231
39029,2020-09-29,2265,Waterloo Health Unit,0.0087,1294.0,2.22,0.3961,0.5585
39030,2020-09-29,2263,Timiskaming Health Unit,0.003,143.0,4.38,0.1392,0.4542
39031,2020-09-29,2262,Thunder Bay District Health Unit,0.0005,531.0,3.54,0.25,0.5523
39032,2020-09-29,2261,Sudbury and District Health Unit,0.001,852.0,4.28,0.4396,0.5345
39033,2020-09-29,4913,Southwestern Public Health,0.0028,552.0,2.61,0.1714,0.6301
39034,2020-09-29,2260,Simcoe Muskoka District Health Unit,0.0049,2208.0,3.68,0.0756,0.2309
39035,2020-09-29,2257,Renfrew County and District Health Unit,0.0018,318.0,2.92,0.0826,0.2586
39036,2020-09-29,2256,Porcupine Health Unit,0.0015,380.0,4.55,0.3506,0.6951
39037,2020-09-29,2255,Peterborough County-City Health Unit,0.0039,479.0,3.24,0.0997,0.4866
39038,2020-09-29,2253,Peel Regional Health Unit,0.0359,2963.0,1.85,0.18,0.3769
39039,2020-09-29,35,Ontario,0.0154,41747.0,2.81,0.2118,0.4225
39040,2020-09-29,2249,Northwestern Health Unit,0.0058,321.0,3.66,0.0977,0.3527
39041,2020-09-29,2247,North Bay Parry Sound District Health Unit,0.0003,499.0,3.85,0.133,0.2
39042,2020-09-29,2246,Niagara Regional Area Health Unit,0.009,1232.0,2.61,0.6263,0.7249
39043,2020-09-29,2244,Middlesex-London Health Unit,0.0038,1151.0,2.27,0.2213,0.6431
39044,2020-09-29,2243,"Leeds, Grenville and Lanark District Health Unit",0.0045,693.0,4.0,0.2298,0.4095
39045,2020-09-29,2242,Lambton Health Unit,0.0006,486.0,3.71,0.0242,0.1604
39046,2020-09-29,2241,"Kingston, Frontenac and Lennox and Addington Health Unit",0.0025,802.0,3.77,0.3158,0.6925
39047,2020-09-29,5183,Huron Perth Health Unit,0.0021,406.0,2.9,0.0622,0.302
39048,2020-09-29,2238,Hastings and Prince Edward Counties Health Unit,0.0019,664.0,3.94,0.0935,0.2592
39049,2020-09-29,2236,Halton Regional Health Unit,0.0131,1783.0,2.88,0.1524,0.2556
39050,2020-09-29,2235,"Haliburton, Kawartha, Pine Ridge District Health Unit",0.0013,673.0,3.56,0.0873,0.5173
39051,2020-09-29,2234,Haldimand-Norfolk Health Unit,0.0021,334.0,2.93,0.0957,0.2611
39052,2020-09-29,2233,Grey Bruce Health Unit,0.002,578.0,3.4,0.0522,0.363
39053,2020-09-29,2258,Eastern Ontario Health Unit,0.005,908.0,4.35,0.2026,0.4363
39054,2020-09-29,2230,Durham Regional Health Unit,0.0138,1696.0,2.38,0.1514,0.3746
39055,2020-09-29,2226,District of Algoma Health Unit,0.001,451.0,3.94,0.1059,0.2669
39056,2020-09-29,3895,City of Toronto Health Unit,0.03,7959.0,2.55,0.2279,0.385
39057,2020-09-29,2251,City of Ottawa Health Unit,0.0222,4068.0,3.86,0.2492,0.5176
39058,2020-09-29,2237,City of Hamilton Health Unit,0.0096,1578.0,2.67,0.1807,0.3477
39059,2020-09-29,2240,Chatham-Kent Health Unit,0.0023,250.0,2.35,0.0571,0.4569
39060,2020-09-29,2227,Brant County Health Unit,0.003,526.0,3.39,0.1212,0.1967
39061,2020-09-28,2270,York Regional Health Unit,0.0214,2811.0,2.29,0.2914,0.5495
39062,2020-09-28,2268,Windsor-Essex County Health Unit,0.0059,874.0,2.06,0.0992,0.4592
39063,2020-09-28,2266,Wellington-Dufferin-Guelph Health Unit,0.0051,947.0,3.03,0.0813,0.2341
39064,2020-09-28,2265,Waterloo Health Unit,0.0079,1316.0,2.25,0.3842,0.5689
39065,2020-09-28,2263,Timiskaming Health Unit,0.0029,149.0,4.57,0.1803,0.4874
39066,2020-09-28,2262,Thunder Bay District Health Unit,0.0008,547.0,3.65,0.3095,0.573
39067,2020-09-28,2261,Sudbury and District Health Unit,0.001,877.0,4.41,0.4783,0.5849
39068,2020-09-28,4913,Southwestern Public Health,0.0023,559.0,2.64,0.1817,0.6323
39069,2020-09-28,2260,Simcoe Muskoka District Health Unit,0.0046,2302.0,3.84,0.0885,0.2434
39070,2020-09-28,2257,Renfrew County and District Health Unit,0.0016,353.0,3.25,0.0596,0.2116
39071,2020-09-28,2256,Porcupine Health Unit,0.0014,396.0,4.74,0.3841,0.7181
39072,2020-09-28,2255,Peterborough County-City Health Unit,0.005,458.0,3.09,0.176,0.5365
39073,2020-09-28,2253,Peel Regional Health Unit,0.0343,2987.0,1.86,0.1865,0.4107
39074,2020-09-28,35,Ontario,0.0147,41935.0,2.83,0.2218,0.4428
39075,2020-09-28,2249,Northwestern Health Unit,0.0027,317.0,3.61,0.1043,0.3231
39076,2020-09-28,2247,North Bay Parry Sound District Health Unit,0.0003,500.0,3.86,0.1444,0.2384
39077,2020-09-28,2246,Niagara Regional Area Health Unit,0.0087,1250.0,2.64,0.6335,0.7333
39078,2020-09-28,2244,Middlesex-London Health Unit,0.0035,1154.0,2.27,0.2304,0.6374
39079,2020-09-28,2243,"Leeds, Grenville and Lanark District Health Unit",0.0044,678.0,3.91,0.2484,0.4512
39080,2020-09-28,2242,Lambton Health Unit,0.0009,492.0,3.76,0.0257,0.17
39081,2020-09-28,2241,"Kingston, Frontenac and Lennox and Addington Health Unit",0.0033,854.0,4.01,0.3438,0.7622
39082,2020-09-28,5183,Huron Perth Health Unit,0.0022,395.0,2.83,0.0887,0.3331
39083,2020-09-28,2238,Hastings and Prince Edward Counties Health Unit,0.0016,716.0,4.25,0.0893,0.3119
39084,2020-09-28,2236,Halton Regional Health Unit,0.0126,1751.0,2.83,0.1716,0.2992
39085,2020-09-28,2235,"Haliburton, Kawartha, Pine Ridge District Health Unit",0.0009,662.0,3.5,0.0851,0.5144
39086,2020-09-28,2234,Haldimand-Norfolk Health Unit,0.0008,358.0,3.14,0.1215,0.2955
39087,2020-09-28,2233,Grey Bruce Health Unit,0.0024,604.0,3.56,0.07,0.3803
39088,2020-09-28,2258,Eastern Ontario Health Unit,0.0052,928.0,4.44,0.2104,0.4416
39089,2020-09-28,2230,Durham Regional Health Unit,0.0138,1661.0,2.33,0.1616,0.4178
39090,2020-09-28,2226,District of Algoma Health Unit,0.0007,394.0,3.44,0.1036,0.2566
39091,2020-09-28,3895,City of Toronto Health Unit,0.0293,7908.0,2.53,0.2371,0.3959
39092,2020-09-28,2251,City of Ottawa Health Unit,0.0211,3971.0,3.77,0.2551,0.527
39093,2020-09-28,2237,City of Hamilton Health Unit,0.0099,1590.0,2.68,0.1838,0.3969
39094,2020-09-28,2240,Chatham-Kent Health Unit,0.0011,255.0,2.4,0.0305,0.4326
39095,2020-09-28,2227,Brant County Health Unit,0.0035,525.0,3.38,0.12,0.218
39096,2020-09-27,2270,York Regional Health Unit,0.0197,2753.0,2.25,0.3049,0.6081
39097,2020-09-27,2268,Windsor-Essex County Health Unit,0.0061,955.0,2.25,0.1218,0.4922
39098,2020-09-27,2266,Wellington-Dufferin-Guelph Health Unit,0.0053,888.0,2.85,0.0905,0.2665
39099,2020-09-27,2265,Waterloo Health Unit,0.0081,1323.0,2.26,0.3653,0.5788
39100,2020-09-27,2263,Timiskaming Health Unit,0.0019,147.0,4.5,0.1749,0.4724
39101,2020-09-27,2262,Thunder Bay District Health Unit,0.0007,575.0,3.84,0.3037,0.5858
39102,2020-09-27,2261,Sudbury and District Health Unit,0.0007,874.0,4.39,0.4717,0.5912
39103,2020-09-27,4913,Southwestern Public Health,0.0031,548.0,2.59,0.2263,0.637
39104,2020-09-27,2260,Simcoe Muskoka District Health Unit,0.0044,2342.0,3.91,0.11,0.278
39105,2020-09-27,2257,Renfrew County and District Health Unit,0.0008,372.0,3.43,0.063,0.2118
39106,2020-09-27,2256,Porcupine Health Unit,0.0018,398.0,4.77,0.405,0.7092
39107,2020-09-27,2255,Peterborough County-City Health Unit,0.0045,441.0,2.98,0.1833,0.5452
39108,2020-09-27,2253,Peel Regional Health Unit,0.0322,3066.0,1.91,0.2011,0.4605
39109,2020-09-27,35,Ontario,0.0138,41882.0,2.82,0.234,0.4689
39110,2020-09-27,2249,Northwestern Health Unit,0.0022,325.0,3.7,0.112,0.3326
39111,2020-09-27,2247,North Bay Parry Sound District Health Unit,0.0003,502.0,3.87,0.14,0.2259
39112,2020-09-27,2246,Niagara Regional Area Health Unit,0.0083,1277.0,2.7,0.6484,0.7522
39113,2020-09-27,2244,Middlesex-London Health Unit,0.004,1169.0,2.3,0.2686,0.6421
39114,2020-09-27,2243,"Leeds, Grenville and Lanark District Health Unit",0.0043,635.0,3.67,0.2699,0.4776
39115,2020-09-27,2242,Lambton Health Unit,0.0006,494.0,3.77,0.0346,0.1725
39116,2020-09-27,2241,"Kingston, Frontenac and Lennox and Addington Health Unit",0.0028,825.0,3.88,0.3373,0.7893
39117,2020-09-27,5183,Huron Perth Health Unit,0.0024,409.0,2.93,0.1031,0.3623
39118,2020-09-27,2238,Hastings and Prince Edward Counties Health Unit,0.0012,737.0,4.38,0.0922,0.3042
39119,2020-09-27,2236,Halton Regional Health Unit,0.0109,1761.0,2.84,0.1875,0.3481
39120,2020-09-27,2235,"Haliburton, Kawartha, Pine Ridge District Health Unit",0.0009,622.0,3.29,0.097,0.5413
39121,2020-09-27,2234,Haldimand-Norfolk Health Unit,0.0004,368.0,3.23,0.1262,0.2956
39122,2020-09-27,2233,Grey Bruce Health Unit,0.0016,623.0,3.67,0.0752,0.4128
39123,2020-09-27,2258,Eastern Ontario Health Unit,0.005,908.0,4.35,0.2103,0.4455
39124,2020-09-27,2230,Durham Regional Health Unit,0.0125,1625.0,2.28,0.1742,0.4637
39125,2020-09-27,2226,District of Algoma Health Unit,0.0004,345.0,3.01,0.1044,0.2581
39126,2020-09-27,3895,City of Toronto Health Unit,0.0277,7884.0,2.53,0.2489,0.4227
39127,2020-09-27,2251,City of Ottawa Health Unit,0.0193,3938.0,3.73,0.2607,0.5264
39128,2020-09-27,2237,City of Hamilton Health Unit,0.0092,1592.0,2.69,0.195,0.4374
39129,2020-09-27,2240,Chatham-Kent Health Unit,0.0033,258.0,2.43,0.0413,0.4917
39130,2020-09-27,2227,Brant County Health Unit,0.0042,508.0,3.27,0.118,0.2229
39131,2020-09-26,2270,York Regional Health Unit,0.0184,2728.0,2.23,0.2808,0.6079
39132,2020-09-26,2268,Windsor-Essex County Health Unit,0.006,954.0,2.24,0.1535,0.6033
39133,2020-09-26,2266,Wellington-Dufferin-Guelph Health Unit,0.0056,885.0,2.84,0.0893,0.3055
39134,2020-09-26,2265,Waterloo Health Unit,0.0092,1340.0,2.29,0.3041,0.5759
39135,2020-09-26,2263,Timiskaming Health Unit,0.002,146.0,4.46,0.2074,0.5316
39136,2020-09-26,2262,Thunder Bay District Health Unit,0.0005,553.0,3.69,0.3041,0.5852
39137,2020-09-26,2261,Sudbury and District Health Unit,0.0005,876.0,4.4,0.5305,0.698
39138,2020-09-26,4913,Southwestern Public Health,0.0026,545.0,2.58,0.3337,0.7184
39139,2020-09-26,2260,Simcoe Muskoka District Health Unit,0.004,2300.0,3.84,0.1187,0.3441
39140,2020-09-26,2257,Renfrew County and District Health Unit,0.001,411.0,3.79,0.0742,0.2148
39141,2020-09-26,2256,Porcupine Health Unit,0.0014,400.0,4.79,0.4464,0.7415
39142,2020-09-26,2255,Peterborough County-City Health Unit,0.0046,434.0,2.94,0.1928,0.5569
39143,2020-09-26,2253,Peel Regional Health Unit,0.0308,3053.0,1.9,0.2303,0.5345
39144,2020-09-26,35,Ontario,0.0132,41926.0,2.83,0.2488,0.5023
39145,2020-09-26,2249,Northwestern Health Unit,0.0017,331.0,3.78,0.1307,0.3496
39146,2020-09-26,2247,North Bay Parry Sound District Health Unit,0.0003,503.0,3.88,0.1674,0.2755
39147,2020-09-26,2246,Niagara Regional Area Health Unit,0.0081,1251.0,2.65,0.6523,0.7658
39148,2020-09-26,2244,Middlesex-London Health Unit,0.0034,1148.0,2.26,0.3937,0.7296
39149,2020-09-26,2243,"Leeds, Grenville and Lanark District Health Unit",0.004,678.0,3.91,0.3056,0.5231
39150,2020-09-26,2242,Lambton Health Unit,0.0006,493.0,3.76,0.0899,0.2648
39151,2020-09-26,2241,"Kingston, Frontenac and Lennox and Addington Health Unit",0.0024,782.0,3.67,0.3351,0.8349
39152,2020-09-26,5183,Huron Perth Health Unit,0.0014,413.0,2.96,0.1288,0.4614
39153,2020-09-26,2238,Hastings and Prince Edward Counties Health Unit,0.0009,770.0,4.57,0.094,0.31
39154,2020-09-26,2236,Halton Regional Health Unit,0.0106,1749.0,2.82,0.2065,0.4064
39155,2020-09-26,2235,"Haliburton, Kawartha, Pine Ridge District Health Unit",0.0016,616.0,3.26,0.1136,0.5641
39156,2020-09-26,2234,Haldimand-Norfolk Health Unit,0.0008,355.0,3.11,0.1484,0.3475
39157,2020-09-26,2233,Grey Bruce Health Unit,0.0016,620.0,3.65,0.0856,0.5042
39158,2020-09-26,2258,Eastern Ontario Health Unit,0.0051,895.0,4.29,0.202,0.4369
39159,2020-09-26,2230,Durham Regional Health Unit,0.0112,1623.0,2.28,0.1771,0.4687
39160,2020-09-26,2226,District of Algoma Health Unit,0.0004,357.0,3.12,0.1196,0.2873
39161,2020-09-26,3895,City of Toronto Health Unit,0.0269,7867.0,2.52,0.2636,0.4411
39162,2020-09-26,2251,City of Ottawa Health Unit,0.0174,4122.0,3.91,0.2823,0.5347
39163,2020-09-26,2237,City of Hamilton Health Unit,0.0086,1575.0,2.66,0.1992,0.4722
39164,2020-09-26,2240,Chatham-Kent Health Unit,0.0034,250.0,2.36,0.0601,0.5467
39165,2020-09-26,2227,Brant County Health Unit,0.0051,502.0,3.23,0.1241,0.2624
39166,2020-09-25,2270,York Regional Health Unit,0.0164,2754.0,2.25,0.2866,0.639
39167,2020-09-25,2268,Windsor-Essex County Health Unit,0.0055,962.0,2.26,0.1871,0.6864
39168,2020-09-25,2266,Wellington-Dufferin-Guelph Health Unit,0.0057,873.0,2.8,0.0937,0.3538
39169,2020-09-25,2265,Waterloo Health Unit,0.0098,1322.0,2.26,0.2563,0.5692
39170,2020-09-25,2263,Timiskaming Health Unit,0.002,146.0,4.46,0.166,0.5069
39171,2020-09-25,2262,Thunder Bay District Health Unit,0.0005,536.0,3.57,0.2829,0.5852
39172,2020-09-25,2261,Sudbury and District Health Unit,0.0003,875.0,4.4,0.4609,0.6525
39173,2020-09-25,4913,Southwestern Public Health,0.0032,535.0,2.53,0.4511,0.8036
39174,2020-09-25,2260,Simcoe Muskoka District Health Unit,0.0039,2250.0,3.75,0.1255,0.3708
39175,2020-09-25,2257,Renfrew County and District Health Unit,0.001,434.0,3.99,0.083,0.2355
39176,2020-09-25,2256,Porcupine Health Unit,0.0015,386.0,4.63,0.4796,0.7729
39177,2020-09-25,2255,Peterborough County-City Health Unit,0.003,426.0,2.88,0.211,0.582
39178,2020-09-25,2253,Peel Regional Health Unit,0.0285,3071.0,1.91,0.2626,0.6168
39179,2020-09-25,35,Ontario,0.0124,41599.0,2.8,0.2643,0.5386
39180,2020-09-25,2249,Northwestern Health Unit,0.0017,344.0,3.92,0.1247,0.3188
39181,2020-09-25,2247,North Bay Parry Sound District Health Unit,0.0,501.0,3.86,0.1591,0.2558
39182,2020-09-25,2246,Niagara Regional Area Health Unit,0.0067,1229.0,2.6,0.7169,0.8425
39183,2020-09-25,2244,Middlesex-London Health Unit,0.0037,1149.0,2.26,0.5508,0.8833
39184,2020-09-25,2243,"Leeds, Grenville and Lanark District Health Unit",0.004,684.0,3.95,0.291,0.5271
39185,2020-09-25,2242,Lambton Health Unit,0.0012,480.0,3.67,0.1198,0.3832
39186,2020-09-25,2241,"Kingston, Frontenac and Lennox and Addington Health Unit",0.0025,744.0,3.5,0.3335,0.8412
39187,2020-09-25,5183,Huron Perth Health Unit,0.0014,406.0,2.91,0.1702,0.5567
39188,2020-09-25,2238,Hastings and Prince Edward Counties Health Unit,0.0007,784.0,4.65,0.0947,0.3091
39189,2020-09-25,2236,Halton Regional Health Unit,0.0101,1757.0,2.84,0.2182,0.4568
39190,2020-09-25,2235,"Haliburton, Kawartha, Pine Ridge District Health Unit",0.0016,614.0,3.25,0.1281,0.6034
39191,2020-09-25,2234,Haldimand-Norfolk Health Unit,0.0008,347.0,3.04,0.1911,0.402
39192,2020-09-25,2233,Grey Bruce Health Unit,0.0016,619.0,3.64,0.0953,0.5851
39193,2020-09-25,2258,Eastern Ontario Health Unit,0.0054,874.0,4.19,0.2055,0.4375
39194,2020-09-25,2230,Durham Regional Health Unit,0.0116,1553.0,2.18,0.1704,0.4794
39195,2020-09-25,2226,District of Algoma Health Unit,0.0,353.0,3.08,0.1367,0.2646
39196,2020-09-25,3895,City of Toronto Health Unit,0.0246,7835.0,2.51,0.2818,0.473
39197,2020-09-25,2251,City of Ottawa Health Unit,0.0167,4106.0,3.89,0.3142,0.5507
39198,2020-09-25,2237,City of Hamilton Health Unit,0.0085,1515.0,2.56,0.1991,0.5199
39199,2020-09-25,2240,Chatham-Kent Health Unit,0.0029,249.0,2.34,0.0952,0.6618
39200,2020-09-25,2227,Brant County Health Unit,0.0053,488.0,3.15,0.1254,0.2918
39201,2020-09-24,2270,York Regional Health Unit,0.0141,2753.0,2.25,0.301,0.6813
39202,2020-09-24,2268,Windsor-Essex County Health Unit,0.0056,968.0,2.28,0.1935,0.7501
39203,2020-09-24,2266,Wellington-Dufferin-Guelph Health Unit,0.0056,860.0,2.76,0.0975,0.3779
39204,2020-09-24,2265,Waterloo Health Unit,0.0104,1337.0,2.29,0.2167,0.5653
39205,2020-09-24,2263,Timiskaming Health Unit,0.001,142.0,4.34,0.1749,0.4894
39206,2020-09-24,2262,Thunder Bay District Health Unit,0.0003,520.0,3.47,0.2872,0.587
39207,2020-09-24,2261,Sudbury and District Health Unit,0.0003,857.0,4.31,0.4288,0.6141
39208,2020-09-24,4913,Southwestern Public Health,0.0025,525.0,2.48,0.5725,0.8549
39209,2020-09-24,2260,Simcoe Muskoka District Health Unit,0.0042,2199.0,3.67,0.1175,0.408
39210,2020-09-24,2257,Renfrew County and District Health Unit,0.0006,446.0,4.1,0.0816,0.1985
39211,2020-09-24,2256,Porcupine Health Unit,0.0015,374.0,4.49,0.4678,0.7785
39212,2020-09-24,2255,Peterborough County-City Health Unit,0.0024,411.0,2.78,0.2369,0.655
39213,2020-09-24,2253,Peel Regional Health Unit,0.0281,3104.0,1.93,0.3048,0.7038
39214,2020-09-24,35,Ontario,0.0119,40809.0,2.75,0.2803,0.5806
39215,2020-09-24,2249,Northwestern Health Unit,0.0008,355.0,4.04,0.1259,0.3126
39216,2020-09-24,2247,North Bay Parry Sound District Health Unit,0.0,476.0,3.67,0.1683,0.2674
39217,2020-09-24,2246,Niagara Regional Area Health Unit,0.0054,1211.0,2.56,0.6885,0.8486
39218,2020-09-24,2244,Middlesex-London Health Unit,0.0034,1126.0,2.22,0.6281,0.9112
39219,2020-09-24,2243,"Leeds, Grenville and Lanark District Health Unit",0.0039,629.0,3.63,0.3213,0.5376
39220,2020-09-24,2242,Lambton Health Unit,0.0012,461.0,3.52,0.1452,0.55
39221,2020-09-24,2241,"Kingston, Frontenac and Lennox and Addington Health Unit",0.0023,754.0,3.54,0.3323,0.8457
39222,2020-09-24,5183,Huron Perth Health Unit,0.0007,403.0,2.89,0.1826,0.6469
39223,2020-09-24,2238,Hastings and Prince Edward Counties Health Unit,0.0007,793.0,4.71,0.097,0.3089
39224,2020-09-24,2236,Halton Regional Health Unit,0.0096,1717.0,2.77,0.2434,0.538
39225,2020-09-24,2235,"Haliburton, Kawartha, Pine Ridge District Health Unit",0.0017,584.0,3.09,0.1228,0.6018
39226,2020-09-24,2234,Haldimand-Norfolk Health Unit,0.0013,338.0,2.96,0.2445,0.5426
39227,2020-09-24,2233,Grey Bruce Health Unit,0.0014,602.0,3.54,0.1404,0.7679
39228,2020-09-24,2258,Eastern Ontario Health Unit,0.0059,872.0,4.18,0.2027,0.4287
39229,2020-09-24,2230,Durham Regional Health Unit,0.0114,1463.0,2.05,0.1755,0.5091
39230,2020-09-24,2226,District of Algoma Health Unit,0.0,341.0,2.98,0.13,0.328
39231,2020-09-24,3895,City of Toronto Health Unit,0.0235,7671.0,2.46,0.304,0.5249
39232,2020-09-24,2251,City of Ottawa Health Unit,0.0163,3978.0,3.77,0.3351,0.5708
39233,2020-09-24,2237,City of Hamilton Health Unit,0.008,1448.0,2.45,0.2147,0.5865
39234,2020-09-24,2240,Chatham-Kent Health Unit,0.0036,237.0,2.23,0.1195,0.7181
39235,2020-09-24,2227,Brant County Health Unit,0.005,458.0,2.95,0.1347,0.3725
39236,2020-09-23,2270,York Regional Health Unit,0.014,2639.0,2.15,0.3071,0.7086
39237,2020-09-23,2268,Windsor-Essex County Health Unit,0.0057,959.0,2.26,0.2275,0.7974
39238,2020-09-23,2266,Wellington-Dufferin-Guelph Health Unit,0.0053,814.0,2.61,0.0957,0.3653
39239,2020-09-23,2265,Waterloo Health Unit,0.0112,1345.0,2.3,0.2085,0.5921
39240,2020-09-23,2263,Timiskaming Health Unit,0.0,133.0,4.08,0.2068,0.433
39241,2020-09-23,2262,Thunder Bay District Health Unit,0.0003,519.0,3.46,0.3416,0.6553
39242,2020-09-23,2261,Sudbury and District Health Unit,0.0007,812.0,4.08,0.4038,0.5972
39243,2020-09-23,4913,Southwestern Public Health,0.0024,482.0,2.28,0.6436,0.8574
39244,2020-09-23,2260,Simcoe Muskoka District Health Unit,0.0044,2066.0,3.45,0.1296,0.4566
39245,2020-09-23,2257,Renfrew County and District Health Unit,0.0013,442.0,4.07,0.097,0.2196
39246,2020-09-23,2256,Porcupine Health Unit,0.0017,343.0,4.11,0.4961,0.768
39247,2020-09-23,2255,Peterborough County-City Health Unit,0.0023,426.0,2.88,0.2735,0.6962
39248,2020-09-23,2253,Peel Regional Health Unit,0.0289,3038.0,1.89,0.3444,0.7861
39249,2020-09-23,35,Ontario,0.0117,39188.0,2.64,0.3015,0.6216
39250,2020-09-23,2249,Northwestern Health Unit,0.0012,345.0,3.94,0.1356,0.3179
39251,2020-09-23,2247,North Bay Parry Sound District Health Unit,0.0,448.0,3.46,0.18,0.3126
39252,2020-09-23,2246,Niagara Regional Area Health Unit,0.0044,1173.0,2.48,0.6903,0.8605
39253,2020-09-23,2244,Middlesex-London Health Unit,0.0037,1095.0,2.16,0.7508,0.9353
39254,2020-09-23,2243,"Leeds, Grenville and Lanark District Health Unit",0.0036,560.0,3.24,0.3685,0.6195
39255,2020-09-23,2242,Lambton Health Unit,0.0015,391.0,2.98,0.1576,0.611
39256,2020-09-23,2241,"Kingston, Frontenac and Lennox and Addington Health Unit",0.0018,724.0,3.4,0.3732,0.8748
39257,2020-09-23,5183,Huron Perth Health Unit,0.0008,380.0,2.72,0.202,0.6963
39258,2020-09-23,2238,Hastings and Prince Edward Counties Health Unit,0.0006,770.0,4.57,0.1049,0.3606
39259,2020-09-23,2236,Halton Regional Health Unit,0.0108,1667.0,2.69,0.2649,0.5958
39260,2020-09-23,2235,"Haliburton, Kawartha, Pine Ridge District Health Unit",0.0013,560.0,2.96,0.1308,0.6405
39261,2020-09-23,2234,Haldimand-Norfolk Health Unit,0.0019,299.0,2.62,0.2799,0.5933
39262,2020-09-23,2233,Grey Bruce Health Unit,0.0013,565.0,3.33,0.1465,0.7987
39263,2020-09-23,2258,Eastern Ontario Health Unit,0.0062,828.0,3.97,0.2178,0.4497
39264,2020-09-23,2230,Durham Regional Health Unit,0.01,1371.0,1.92,0.1717,0.5252
39265,2020-09-23,2226,District of Algoma Health Unit,0.0,326.0,2.85,0.1276,0.4051
39266,2020-09-23,3895,City of Toronto Health Unit,0.0221,7463.0,2.39,0.3172,0.5782
39267,2020-09-23,2251,City of Ottawa Health Unit,0.0157,3759.0,3.56,0.3883,0.621
39268,2020-09-23,2237,City of Hamilton Health Unit,0.0089,1374.0,2.32,0.2287,0.6268
39269,2020-09-23,2240,Chatham-Kent Health Unit,0.0035,244.0,2.29,0.1732,0.8187
39270,2020-09-23,2227,Brant County Health Unit,0.0051,447.0,2.88,0.1379,0.4012
39271,2020-09-22,2270,York Regional Health Unit,0.0123,2587.0,2.11,0.3214,0.7409
39272,2020-09-22,2268,Windsor-Essex County Health Unit,0.0064,920.0,2.17,0.2506,0.8044
39273,2020-09-22,2266,Wellington-Dufferin-Guelph Health Unit,0.0057,779.0,2.5,0.0894,0.3807
39274,2020-09-22,2265,Waterloo Health Unit,0.0111,1379.0,2.36,0.1774,0.589
39275,2020-09-22,2263,Timiskaming Health Unit,0.0,114.0,3.48,0.2654,0.4502
39276,2020-09-22,2262,Thunder Bay District Health Unit,0.0003,503.0,3.35,0.3132,0.649
39277,2020-09-22,2261,Sudbury and District Health Unit,0.001,726.0,3.65,0.3858,0.5755
39278,2020-09-22,4913,Southwestern Public Health,0.0023,428.0,2.03,0.6538,0.861
39279,2020-09-22,2260,Simcoe Muskoka District Health Unit,0.0047,1907.0,3.18,0.1349,0.4951
39280,2020-09-22,2257,Renfrew County and District Health Unit,0.0014,413.0,3.8,0.113,0.218
39281,2020-09-22,2256,Porcupine Health Unit,0.0014,311.0,3.73,0.5086,0.7816
39282,2020-09-22,2255,Peterborough County-City Health Unit,0.0019,460.0,3.11,0.3153,0.7291
39283,2020-09-22,2253,Peel Regional Health Unit,0.0278,2907.0,1.81,0.3473,0.7852
39284,2020-09-22,35,Ontario,0.0114,37518.0,2.53,0.314,0.6491
39285,2020-09-22,2249,Northwestern Health Unit,0.0012,345.0,3.93,0.1337,0.32
39286,2020-09-22,2247,North Bay Parry Sound District Health Unit,0.0004,398.0,3.06,0.1763,0.3039
39287,2020-09-22,2246,Niagara Regional Area Health Unit,0.0043,1089.0,2.3,0.7036,0.8511
39288,2020-09-22,2244,Middlesex-London Health Unit,0.0035,972.0,1.91,0.7751,0.9409
39289,2020-09-22,2243,"Leeds, Grenville and Lanark District Health Unit",0.0038,524.0,3.03,0.3996,0.6938
39290,2020-09-22,2242,Lambton Health Unit,0.0017,343.0,2.62,0.1857,0.6957
39291,2020-09-22,2241,"Kingston, Frontenac and Lennox and Addington Health Unit",0.0015,683.0,3.21,0.4014,0.867
39292,2020-09-22,5183,Huron Perth Health Unit,0.0008,346.0,2.48,0.2069,0.7152
39293,2020-09-22,2238,Hastings and Prince Edward Counties Health Unit,0.0004,733.0,4.35,0.1023,0.4118
39294,2020-09-22,2236,Halton Regional Health Unit,0.0118,1610.0,2.6,0.283,0.6331
39295,2020-09-22,2235,"Haliburton, Kawartha, Pine Ridge District Health Unit",0.0011,533.0,2.82,0.1407,0.6507
39296,2020-09-22,2234,Haldimand-Norfolk Health Unit,0.0027,267.0,2.34,0.262,0.5749
39297,2020-09-22,2233,Grey Bruce Health Unit,0.0016,546.0,3.21,0.2147,0.8
39298,2020-09-22,2258,Eastern Ontario Health Unit,0.0052,828.0,3.97,0.2265,0.4695
39299,2020-09-22,2230,Durham Regional Health Unit,0.0103,1346.0,1.89,0.1726,0.5483
39300,2020-09-22,2226,District of Algoma Health Unit,0.0004,335.0,2.92,0.1264,0.4628
39301,2020-09-22,3895,City of Toronto Health Unit,0.0211,7205.0,2.31,0.3428,0.6366
39302,2020-09-22,2251,City of Ottawa Health Unit,0.0153,3703.0,3.51,0.4114,0.6617
39303,2020-09-22,2237,City of Hamilton Health Unit,0.0082,1275.0,2.15,0.2604,0.6703
39304,2020-09-22,2240,Chatham-Kent Health Unit,0.0036,239.0,2.25,0.2383,0.8434
39305,2020-09-22,2227,Brant County Health Unit,0.0039,403.0,2.6,0.1538,0.4275
39306,2020-09-21,2270,York Regional Health Unit,0.0124,2494.0,2.03,0.3446,0.7661
39307,2020-09-21,2268,Windsor-Essex County Health Unit,0.0059,842.0,1.98,0.2299,0.7981
39308,2020-09-21,2266,Wellington-Dufferin-Guelph Health Unit,0.0054,769.0,2.47,0.0944,0.4025
39309,2020-09-21,2265,Waterloo Health Unit,0.0118,1400.0,2.4,0.1849,0.6039
39310,2020-09-21,2263,Timiskaming Health Unit,0.0,99.0,3.04,0.2652,0.4561
39311,2020-09-21,2262,Thunder Bay District Health Unit,0.0,466.0,3.11,0.2739,0.6167
39312,2020-09-21,2261,Sudbury and District Health Unit,0.0009,655.0,3.29,0.3549,0.5441
39313,2020-09-21,4913,Southwestern Public Health,0.0026,383.0,1.81,0.6532,0.8304
39314,2020-09-21,2260,Simcoe Muskoka District Health Unit,0.005,1736.0,2.9,0.1532,0.5352
39315,2020-09-21,2257,Renfrew County and District Health Unit,0.0015,392.0,3.61,0.1639,0.2852
39316,2020-09-21,2256,Porcupine Health Unit,0.003,286.0,3.43,0.4687,0.7436
39317,2020-09-21,2255,Peterborough County-City Health Unit,0.0003,449.0,3.04,0.323,0.7401
39318,2020-09-21,2253,Peel Regional Health Unit,0.0292,2769.0,1.72,0.3653,0.7938
39319,2020-09-21,35,Ontario,0.0115,35840.0,2.42,0.3257,0.6648
39320,2020-09-21,2249,Northwestern Health Unit,0.0017,345.0,3.93,0.1349,0.3539
39321,2020-09-21,2247,North Bay Parry Sound District Health Unit,0.0004,380.0,2.93,0.1642,0.2691
39322,2020-09-21,2246,Niagara Regional Area Health Unit,0.0046,1017.0,2.15,0.6937,0.8444
39323,2020-09-21,2244,Middlesex-London Health Unit,0.0038,906.0,1.79,0.7696,0.938
39324,2020-09-21,2243,"Leeds, Grenville and Lanark District Health Unit",0.0033,515.0,2.97,0.4141,0.7005
39325,2020-09-21,2242,Lambton Health Unit,0.0014,297.0,2.27,0.1744,0.6394
39326,2020-09-21,2241,"Kingston, Frontenac and Lennox and Addington Health Unit",0.0005,609.0,2.86,0.4721,0.8727
39327,2020-09-21,5183,Huron Perth Health Unit,0.0004,337.0,2.41,0.1819,0.7047
39328,2020-09-21,2238,Hastings and Prince Edward Counties Health Unit,0.0006,693.0,4.12,0.1209,0.4103
39329,2020-09-21,2236,Halton Regional Health Unit,0.0131,1561.0,2.52,0.3051,0.6614
39330,2020-09-21,2235,"Haliburton, Kawartha, Pine Ridge District Health Unit",0.0014,509.0,2.69,0.1533,0.6736
39331,2020-09-21,2234,Haldimand-Norfolk Health Unit,0.0025,229.0,2.01,0.2713,0.5841
39332,2020-09-21,2233,Grey Bruce Health Unit,0.0011,509.0,3.0,0.228,0.8121
39333,2020-09-21,2258,Eastern Ontario Health Unit,0.0053,787.0,3.77,0.2179,0.4575
39334,2020-09-21,2230,Durham Regional Health Unit,0.0106,1333.0,1.87,0.1887,0.5685
39335,2020-09-21,2226,District of Algoma Health Unit,0.0008,346.0,3.02,0.1301,0.4664
39336,2020-09-21,3895,City of Toronto Health Unit,0.0198,6967.0,2.23,0.3627,0.6778
39337,2020-09-21,2251,City of Ottawa Health Unit,0.0157,3598.0,3.41,0.4065,0.655
39338,2020-09-21,2237,City of Hamilton Health Unit,0.0079,1225.0,2.07,0.2799,0.6674
39339,2020-09-21,2240,Chatham-Kent Health Unit,0.003,234.0,2.2,0.2601,0.8567
39340,2020-09-21,2227,Brant County Health Unit,0.0039,365.0,2.35,0.1627,0.4359
39341,2020-09-20,2270,York Regional Health Unit,0.0131,2495.0,2.04,0.3664,0.7835
39342,2020-09-20,2268,Windsor-Essex County Health Unit,0.0062,759.0,1.79,0.2262,0.7806
39343,2020-09-20,2266,Wellington-Dufferin-Guelph Health Unit,0.0053,776.0,2.49,0.0913,0.3848
39344,2020-09-20,2265,Waterloo Health Unit,0.011,1356.0,2.32,0.1813,0.5987
39345,2020-09-20,2263,Timiskaming Health Unit,0.0,93.0,2.84,0.2845,0.4958
39346,2020-09-20,2262,Thunder Bay District Health Unit,0.0,416.0,2.77,0.2951,0.6407
39347,2020-09-20,2261,Sudbury and District Health Unit,0.0009,650.0,3.27,0.3467,0.5141
39348,2020-09-20,4913,Southwestern Public Health,0.0028,363.0,1.71,0.6415,0.8213
39349,2020-09-20,2260,Simcoe Muskoka District Health Unit,0.0057,1617.0,2.7,0.1412,0.5505
39350,2020-09-20,2257,Renfrew County and District Health Unit,0.0027,376.0,3.46,0.1605,0.2905
39351,2020-09-20,2256,Porcupine Health Unit,0.0032,267.0,3.2,0.4476,0.7444
39352,2020-09-20,2255,Peterborough County-City Health Unit,0.001,436.0,2.95,0.3243,0.7593
39353,2020-09-20,2253,Peel Regional Health Unit,0.0298,2616.0,1.63,0.3615,0.7961
39354,2020-09-20,35,Ontario,0.0115,34232.0,2.31,0.334,0.683
39355,2020-09-20,2249,Northwestern Health Unit,0.0021,334.0,3.81,0.1199,0.3303
39356,2020-09-20,2247,North Bay Parry Sound District Health Unit,0.0004,355.0,2.74,0.1581,0.285
39357,2020-09-20,2246,Niagara Regional Area Health Unit,0.0047,935.0,1.98,0.6852,0.84
39358,2020-09-20,2244,Middlesex-London Health Unit,0.0031,840.0,1.66,0.763,0.9351
39359,2020-09-20,2243,"Leeds, Grenville and Lanark District Health Unit",0.0026,500.0,2.89,0.4286,0.7484
39360,2020-09-20,2242,Lambton Health Unit,0.0017,250.0,1.91,0.1748,0.6387
39361,2020-09-20,2241,"Kingston, Frontenac and Lennox and Addington Health Unit",0.0005,571.0,2.68,0.5305,0.8982
39362,2020-09-20,5183,Huron Perth Health Unit,0.0,309.0,2.21,0.1745,0.6702
39363,2020-09-20,2238,Hastings and Prince Edward Counties Health Unit,0.0006,662.0,3.93,0.1328,0.5003
39364,2020-09-20,2236,Halton Regional Health Unit,0.0145,1452.0,2.35,0.3345,0.7036
39365,2020-09-20,2235,"Haliburton, Kawartha, Pine Ridge District Health Unit",0.0014,497.0,2.63,0.1462,0.6878
39366,2020-09-20,2234,Haldimand-Norfolk Health Unit,0.0029,198.0,1.74,0.284,0.6003
39367,2020-09-20,2233,Grey Bruce Health Unit,0.0012,466.0,2.75,0.2241,0.802
39368,2020-09-20,2258,Eastern Ontario Health Unit,0.0043,765.0,3.66,0.2155,0.4517
39369,2020-09-20,2230,Durham Regional Health Unit,0.0102,1295.0,1.82,0.1997,0.5916
39370,2020-09-20,2226,District of Algoma Health Unit,0.0008,344.0,3.01,0.1278,0.4684
39371,2020-09-20,3895,City of Toronto Health Unit,0.0189,6741.0,2.16,0.3817,0.7239
39372,2020-09-20,2251,City of Ottawa Health Unit,0.0157,3436.0,3.26,0.4199,0.6874
39373,2020-09-20,2237,City of Hamilton Health Unit,0.008,1184.0,2.0,0.3083,0.6637
39374,2020-09-20,2240,Chatham-Kent Health Unit,0.0007,218.0,2.05,0.2688,0.859
39375,2020-09-20,2227,Brant County Health Unit,0.0043,332.0,2.14,0.1676,0.4441
39376,2020-09-19,2270,York Regional Health Unit,0.0131,2437.0,1.99,0.3773,0.8025
39377,2020-09-19,2268,Windsor-Essex County Health Unit,0.0073,739.0,1.74,0.2331,0.7782
39378,2020-09-19,2266,Wellington-Dufferin-Guelph Health Unit,0.0053,760.0,2.44,0.0944,0.3772
39379,2020-09-19,2265,Waterloo Health Unit,0.0101,1333.0,2.28,0.2121,0.6195
39380,2020-09-19,2263,Timiskaming Health Unit,0.0,93.0,2.83,0.2733,0.4855
39381,2020-09-19,2262,Thunder Bay District Health Unit,0.0004,403.0,2.69,0.2743,0.6842
39382,2020-09-19,2261,Sudbury and District Health Unit,0.0011,634.0,3.19,0.3319,0.4702
39383,2020-09-19,4913,Southwestern Public Health,0.0033,350.0,1.66,0.554,0.7427
39384,2020-09-19,2260,Simcoe Muskoka District Health Unit,0.0057,1552.0,2.59,0.1545,0.568
39385,2020-09-19,2257,Renfrew County and District Health Unit,0.0026,335.0,3.08,0.1533,0.292
39386,2020-09-19,2256,Porcupine Health Unit,0.0033,263.0,3.15,0.4579,0.7443
39387,2020-09-19,2255,Peterborough County-City Health Unit,0.001,430.0,2.91,0.3437,0.782
39388,2020-09-19,2253,Peel Regional Health Unit,0.0296,2585.0,1.61,0.3498,0.79
39389,2020-09-19,35,Ontario,0.0114,32995.0,2.22,0.3358,0.6953
39390,2020-09-19,2249,Northwestern Health Unit,0.0018,319.0,3.63,0.0999,0.3065
39391,2020-09-19,2247,North Bay Parry Sound District Health Unit,0.0004,337.0,2.6,0.1527,0.2857
39392,2020-09-19,2246,Niagara Regional Area Health Unit,0.0047,908.0,1.92,0.7076,0.8731
39393,2020-09-19,2244,Middlesex-London Health Unit,0.0026,822.0,1.62,0.7123,0.8887
39394,2020-09-19,2243,"Leeds, Grenville and Lanark District Health Unit",0.0026,446.0,2.57,0.382,0.7035
39395,2020-09-19,2242,Lambton Health Unit,0.0017,249.0,1.9,0.1708,0.5702
39396,2020-09-19,2241,"Kingston, Frontenac and Lennox and Addington Health Unit",0.0005,556.0,2.61,0.5519,0.9034
39397,2020-09-19,5183,Huron Perth Health Unit,0.0,304.0,2.17,0.1641,0.6105
39398,2020-09-19,2238,Hastings and Prince Edward Counties Health Unit,0.0005,619.0,3.67,0.132,0.5854
39399,2020-09-19,2236,Halton Regional Health Unit,0.0136,1382.0,2.23,0.3366,0.711
39400,2020-09-19,2235,"Haliburton, Kawartha, Pine Ridge District Health Unit",0.0006,487.0,2.58,0.1528,0.7049
39401,2020-09-19,2234,Haldimand-Norfolk Health Unit,0.0023,190.0,1.66,0.2789,0.5719
39402,2020-09-19,2233,Grey Bruce Health Unit,0.0012,461.0,2.72,0.2264,0.7774
39403,2020-09-19,2258,Eastern Ontario Health Unit,0.0043,733.0,3.51,0.2246,0.4577
39404,2020-09-19,2230,Durham Regional Health Unit,0.0102,1253.0,1.76,0.207,0.6294
39405,2020-09-19,2226,District of Algoma Health Unit,0.0009,327.0,2.85,0.1289,0.4904
39406,2020-09-19,3895,City of Toronto Health Unit,0.0183,6553.0,2.1,0.39,0.7675
39407,2020-09-19,2251,City of Ottawa Health Unit,0.0166,3155.0,2.99,0.4035,0.6884
39408,2020-09-19,2237,City of Hamilton Health Unit,0.008,1146.0,1.94,0.3232,0.6664
39409,2020-09-19,2240,Chatham-Kent Health Unit,0.0007,218.0,2.05,0.2929,0.8672
39410,2020-09-19,2227,Brant County Health Unit,0.0032,308.0,1.98,0.1731,0.4258
39411,2020-09-18,2270,York Regional Health Unit,0.0138,2366.0,1.93,0.3668,0.7898
39412,2020-09-18,2268,Windsor-Essex County Health Unit,0.0079,722.0,1.7,0.2273,0.7237
39413,2020-09-18,2266,Wellington-Dufferin-Guelph Health Unit,0.0053,748.0,2.4,0.096,0.3635
39414,2020-09-18,2265,Waterloo Health Unit,0.0097,1310.0,2.24,0.2444,0.6534
39415,2020-09-18,2263,Timiskaming Health Unit,0.0,93.0,2.84,0.2656,0.516
39416,2020-09-18,2262,Thunder Bay District Health Unit,0.0004,392.0,2.61,0.295,0.7103
39417,2020-09-18,2261,Sudbury and District Health Unit,0.0017,606.0,3.04,0.3412,0.4725
39418,2020-09-18,4913,Southwestern Public Health,0.003,338.0,1.6,0.5274,0.7254
39419,2020-09-18,2260,Simcoe Muskoka District Health Unit,0.0053,1533.0,2.56,0.1577,0.5978
39420,2020-09-18,2257,Renfrew County and District Health Unit,0.0028,311.0,2.86,0.1401,0.31
39421,2020-09-18,2256,Porcupine Health Unit,0.0033,263.0,3.15,0.4617,0.7357
39422,2020-09-18,2255,Peterborough County-City Health Unit,0.0013,429.0,2.9,0.3866,0.8628
39423,2020-09-18,2253,Peel Regional Health Unit,0.0299,2536.0,1.58,0.3521,0.7837
39424,2020-09-18,35,Ontario,0.0113,32062.0,2.16,0.3416,0.7075
39425,2020-09-18,2249,Northwestern Health Unit,0.0019,301.0,3.43,0.094,0.3063
39426,2020-09-18,2247,North Bay Parry Sound District Health Unit,0.0004,329.0,2.53,0.1597,0.3168
39427,2020-09-18,2246,Niagara Regional Area Health Unit,0.0049,874.0,1.85,0.6499,0.8225
39428,2020-09-18,2244,Middlesex-London Health Unit,0.002,803.0,1.58,0.7006,0.8773
39429,2020-09-18,2243,"Leeds, Grenville and Lanark District Health Unit",0.0013,428.0,2.47,0.4003,0.7156
39430,2020-09-18,2242,Lambton Health Unit,0.0012,246.0,1.88,0.1544,0.5736
39431,2020-09-18,2241,"Kingston, Frontenac and Lennox and Addington Health Unit",0.0003,533.0,2.5,0.5902,0.9273
39432,2020-09-18,5183,Huron Perth Health Unit,0.0,302.0,2.16,0.1605,0.6289
39433,2020-09-18,2238,Hastings and Prince Edward Counties Health Unit,0.0005,599.0,3.55,0.1394,0.6578
39434,2020-09-18,2236,Halton Regional Health Unit,0.0138,1304.0,2.11,0.3445,0.7026
39435,2020-09-18,2235,"Haliburton, Kawartha, Pine Ridge District Health Unit",0.0015,482.0,2.55,0.1771,0.7477
39436,2020-09-18,2234,Haldimand-Norfolk Health Unit,0.0031,183.0,1.61,0.2689,0.5439
39437,2020-09-18,2233,Grey Bruce Health Unit,0.0012,458.0,2.7,0.2382,0.7818
39438,2020-09-18,2258,Eastern Ontario Health Unit,0.0047,722.0,3.46,0.2298,0.4793
39439,2020-09-18,2230,Durham Regional Health Unit,0.0095,1223.0,1.72,0.2223,0.669
39440,2020-09-18,2226,District of Algoma Health Unit,0.0009,319.0,2.79,0.1281,0.5344
39441,2020-09-18,3895,City of Toronto Health Unit,0.0177,6387.0,2.05,0.3998,0.8007
39442,2020-09-18,2251,City of Ottawa Health Unit,0.0165,2991.0,2.84,0.4007,0.7053
39443,2020-09-18,2237,City of Hamilton Health Unit,0.0074,1118.0,1.89,0.3648,0.6782
39444,2020-09-18,2240,Chatham-Kent Health Unit,0.0007,216.0,2.03,0.3405,0.8321
39445,2020-09-18,2227,Brant County Health Unit,0.0024,293.0,1.89,0.1779,0.4198
39446,2020-09-17,2270,York Regional Health Unit,0.0129,2274.0,1.86,0.3665,0.7942
39447,2020-09-17,2268,Windsor-Essex County Health Unit,0.0087,702.0,1.65,0.2733,0.7338
39448,2020-09-17,2266,Wellington-Dufferin-Guelph Health Unit,0.0055,727.0,2.33,0.0919,0.3757
39449,2020-09-17,2265,Waterloo Health Unit,0.0093,1258.0,2.15,0.2637,0.6758
39450,2020-09-17,2263,Timiskaming Health Unit,0.0,87.0,2.66,0.2279,0.5666
39451,2020-09-17,2262,Thunder Bay District Health Unit,0.0003,416.0,2.78,0.3078,0.7813
39452,2020-09-17,2261,Sudbury and District Health Unit,0.002,583.0,2.93,0.3552,0.5239
39453,2020-09-17,4913,Southwestern Public Health,0.0042,344.0,1.62,0.4941,0.7148
39454,2020-09-17,2260,Simcoe Muskoka District Health Unit,0.0048,1415.0,2.36,0.185,0.6455
39455,2020-09-17,2257,Renfrew County and District Health Unit,0.0044,295.0,2.71,0.1412,0.371
39456,2020-09-17,2256,Porcupine Health Unit,0.0023,251.0,3.01,0.4434,0.7236
39457,2020-09-17,2255,Peterborough County-City Health Unit,0.0014,419.0,2.83,0.379,0.8474
39458,2020-09-17,2253,Peel Regional Health Unit,0.0272,2457.0,1.53,0.3395,0.7815
39459,2020-09-17,35,Ontario,0.0106,31032.0,2.09,0.3479,0.7254
39460,2020-09-17,2249,Northwestern Health Unit,0.002,288.0,3.29,0.1158,0.3548
39461,2020-09-17,2247,North Bay Parry Sound District Health Unit,0.0009,326.0,2.51,0.138,0.2969
39462,2020-09-17,2246,Niagara Regional Area Health Unit,0.0056,838.0,1.77,0.6384,0.7984
39463,2020-09-17,2244,Middlesex-London Health Unit,0.0022,791.0,1.56,0.6799,0.8712
39464,2020-09-17,2243,"Leeds, Grenville and Lanark District Health Unit",0.0007,415.0,2.39,0.397,0.7266
39465,2020-09-17,2242,Lambton Health Unit,0.0012,243.0,1.85,0.1645,0.5479
39466,2020-09-17,2241,"Kingston, Frontenac and Lennox and Addington Health Unit",0.0003,512.0,2.41,0.6034,0.9388
39467,2020-09-17,5183,Huron Perth Health Unit,0.0005,298.0,2.13,0.1545,0.6664
39468,2020-09-17,2238,Hastings and Prince Edward Counties Health Unit,0.0002,572.0,3.4,0.1568,0.715
39469,2020-09-17,2236,Halton Regional Health Unit,0.0136,1221.0,1.97,0.371,0.7178
39470,2020-09-17,2235,"Haliburton, Kawartha, Pine Ridge District Health Unit",0.0021,476.0,2.52,0.1774,0.7326
39471,2020-09-17,2234,Haldimand-Norfolk Health Unit,0.0039,183.0,1.61,0.2617,0.5417
39472,2020-09-17,2233,Grey Bruce Health Unit,0.0013,434.0,2.56,0.2362,0.7475
39473,2020-09-17,2258,Eastern Ontario Health Unit,0.0042,683.0,3.27,0.244,0.5117
39474,2020-09-17,2230,Durham Regional Health Unit,0.0094,1200.0,1.68,0.24,0.7117
39475,2020-09-17,2226,District of Algoma Health Unit,0.001,300.0,2.62,0.1325,0.5987
39476,2020-09-17,3895,City of Toronto Health Unit,0.0159,6191.0,1.98,0.4061,0.8243
39477,2020-09-17,2251,City of Ottawa Health Unit,0.0152,2891.0,2.74,0.4047,0.7313
39478,2020-09-17,2237,City of Hamilton Health Unit,0.0069,1154.0,1.95,0.3869,0.7078
39479,2020-09-17,2240,Chatham-Kent Health Unit,0.0007,209.0,1.97,0.3169,0.7583
39480,2020-09-17,2227,Brant County Health Unit,0.003,285.0,1.84,0.1837,0.4084
39481,2020-09-16,2270,York Regional Health Unit,0.012,2193.0,1.79,0.3799,0.7932
39482,2020-09-16,2268,Windsor-Essex County Health Unit,0.0101,706.0,1.66,0.3156,0.7544
39483,2020-09-16,2266,Wellington-Dufferin-Guelph Health Unit,0.0063,723.0,2.32,0.1088,0.4787
39484,2020-09-16,2265,Waterloo Health Unit,0.008,1214.0,2.08,0.2792,0.6755
39485,2020-09-16,2263,Timiskaming Health Unit,0.0,86.0,2.64,0.2265,0.5774
39486,2020-09-16,2262,Thunder Bay District Health Unit,0.0004,408.0,2.72,0.2394,0.7523
39487,2020-09-16,2261,Sudbury and District Health Unit,0.0017,580.0,2.91,0.3515,0.5372
39488,2020-09-16,4913,Southwestern Public Health,0.0046,377.0,1.78,0.4914,0.7291
39489,2020-09-16,2260,Simcoe Muskoka District Health Unit,0.0042,1403.0,2.34,0.2221,0.6708
39490,2020-09-16,2257,Renfrew County and District Health Unit,0.0032,266.0,2.45,0.1319,0.3816
39491,2020-09-16,2256,Porcupine Health Unit,0.0024,234.0,2.8,0.4514,0.7395
39492,2020-09-16,2255,Peterborough County-City Health Unit,0.0015,377.0,2.54,0.4013,0.8473
39493,2020-09-16,2253,Peel Regional Health Unit,0.0255,2385.0,1.49,0.3414,0.7843
39494,2020-09-16,35,Ontario,0.0103,30387.0,2.05,0.3648,0.7399
39495,2020-09-16,2249,Northwestern Health Unit,0.0015,282.0,3.21,0.1033,0.3221
39496,2020-09-16,2247,North Bay Parry Sound District Health Unit,0.0009,330.0,2.55,0.1342,0.288
39497,2020-09-16,2246,Niagara Regional Area Health Unit,0.0057,802.0,1.7,0.6308,0.797
39498,2020-09-16,2244,Middlesex-London Health Unit,0.0022,829.0,1.63,0.683,0.8642
39499,2020-09-16,2243,"Leeds, Grenville and Lanark District Health Unit",0.0007,439.0,2.54,0.3991,0.7342
39500,2020-09-16,2242,Lambton Health Unit,0.0011,268.0,2.05,0.1771,0.6387
39501,2020-09-16,2241,"Kingston, Frontenac and Lennox and Addington Health Unit",0.0008,518.0,2.43,0.6246,0.9397
39502,2020-09-16,5183,Huron Perth Health Unit,0.0013,322.0,2.3,0.1613,0.6799
39503,2020-09-16,2238,Hastings and Prince Edward Counties Health Unit,0.0003,556.0,3.3,0.1732,0.7701
39504,2020-09-16,2236,Halton Regional Health Unit,0.0126,1135.0,1.83,0.4025,0.7353
39505,2020-09-16,2235,"Haliburton, Kawartha, Pine Ridge District Health Unit",0.0028,456.0,2.41,0.1867,0.7366
39506,2020-09-16,2234,Haldimand-Norfolk Health Unit,0.0031,185.0,1.62,0.2658,0.5985
39507,2020-09-16,2233,Grey Bruce Health Unit,0.0014,422.0,2.48,0.2998,0.7601
39508,2020-09-16,2258,Eastern Ontario Health Unit,0.0044,675.0,3.24,0.2424,0.5558
39509,2020-09-16,2230,Durham Regional Health Unit,0.0094,1174.0,1.65,0.2657,0.7258
39510,2020-09-16,2226,District of Algoma Health Unit,0.001,300.0,2.62,0.1378,0.5374
39511,2020-09-16,3895,City of Toronto Health Unit,0.0149,6009.0,1.93,0.4361,0.8386
39512,2020-09-16,2251,City of Ottawa Health Unit,0.0174,2849.0,2.7,0.401,0.7426
39513,2020-09-16,2237,City of Hamilton Health Unit,0.0053,1129.0,1.91,0.4458,0.7361
39514,2020-09-16,2240,Chatham-Kent Health Unit,0.0015,190.0,1.79,0.3382,0.7482
39515,2020-09-16,2227,Brant County Health Unit,0.0026,280.0,1.8,0.1909,0.4547
39516,2020-09-15,2270,York Regional Health Unit,0.012,2148.0,1.75,0.4211,0.7902
39517,2020-09-15,2268,Windsor-Essex County Health Unit,0.0086,710.0,1.67,0.3617,0.755
39518,2020-09-15,2266,Wellington-Dufferin-Guelph Health Unit,0.006,733.0,2.35,0.1287,0.4801
39519,2020-09-15,2265,Waterloo Health Unit,0.0076,1167.0,2.0,0.2933,0.6564
39520,2020-09-15,2263,Timiskaming Health Unit,0.0,98.0,3.0,0.3081,0.603
39521,2020-09-15,2262,Thunder Bay District Health Unit,0.0007,401.0,2.67,0.2542,0.7646
39522,2020-09-15,2261,Sudbury and District Health Unit,0.0014,626.0,3.14,0.3921,0.5643
39523,2020-09-15,4913,Southwestern Public Health,0.0044,418.0,1.97,0.5053,0.7363
39524,2020-09-15,2260,Simcoe Muskoka District Health Unit,0.0038,1355.0,2.26,0.298,0.6719
39525,2020-09-15,2257,Renfrew County and District Health Unit,0.0039,295.0,2.72,0.124,0.3692
39526,2020-09-15,2256,Porcupine Health Unit,0.003,235.0,2.82,0.4581,0.7254
39527,2020-09-15,2255,Peterborough County-City Health Unit,0.0017,332.0,2.24,0.4533,0.8381
39528,2020-09-15,2253,Peel Regional Health Unit,0.0236,2419.0,1.51,0.3921,0.8179
39529,2020-09-15,35,Ontario,0.0095,30336.0,2.05,0.4023,0.7423
39530,2020-09-15,2249,Northwestern Health Unit,0.0016,265.0,3.03,0.1011,0.2861
39531,2020-09-15,2247,North Bay Parry Sound District Health Unit,0.0004,349.0,2.69,0.1332,0.2813
39532,2020-09-15,2246,Niagara Regional Area Health Unit,0.0058,813.0,1.72,0.6383,0.794
39533,2020-09-15,2244,Middlesex-London Health Unit,0.0025,859.0,1.69,0.7018,0.8654
39534,2020-09-15,2243,"Leeds, Grenville and Lanark District Health Unit",0.0006,445.0,2.57,0.3993,0.7293
39535,2020-09-15,2242,Lambton Health Unit,0.0005,276.0,2.1,0.2055,0.6461
39536,2020-09-15,2241,"Kingston, Frontenac and Lennox and Addington Health Unit",0.0011,536.0,2.52,0.6175,0.9388
39537,2020-09-15,5183,Huron Perth Health Unit,0.0012,344.0,2.46,0.2026,0.6554
39538,2020-09-15,2238,Hastings and Prince Edward Counties Health Unit,0.0003,528.0,3.13,0.1811,0.7423
39539,2020-09-15,2236,Halton Regional Health Unit,0.0088,1087.0,1.76,0.4483,0.7543
39540,2020-09-15,2235,"Haliburton, Kawartha, Pine Ridge District Health Unit",0.0034,426.0,2.25,0.2504,0.7267
39541,2020-09-15,2234,Haldimand-Norfolk Health Unit,0.002,212.0,1.86,0.2929,0.592
39542,2020-09-15,2233,Grey Bruce Health Unit,0.0007,395.0,2.32,0.3199,0.7219
39543,2020-09-15,2258,Eastern Ontario Health Unit,0.0049,635.0,3.04,0.2557,0.5169
39544,2020-09-15,2230,Durham Regional Health Unit,0.0085,1172.0,1.64,0.3166,0.7187
39545,2020-09-15,2226,District of Algoma Health Unit,0.0005,287.0,2.51,0.295,0.5926
39546,2020-09-15,3895,City of Toronto Health Unit,0.0135,6008.0,1.93,0.4809,0.847
39547,2020-09-15,2251,City of Ottawa Health Unit,0.0166,2763.0,2.62,0.4168,0.7389
39548,2020-09-15,2237,City of Hamilton Health Unit,0.0048,1245.0,2.1,0.5045,0.735
39549,2020-09-15,2240,Chatham-Kent Health Unit,0.0015,193.0,1.82,0.332,0.7176
39550,2020-09-15,2227,Brant County Health Unit,0.0032,272.0,1.75,0.1922,0.4654
39551,2020-09-14,2270,York Regional Health Unit,0.0102,2069.0,1.69,0.4149,0.7789
39552,2020-09-14,2268,Windsor-Essex County Health Unit,0.0095,751.0,1.77,0.3736,0.758
39553,2020-09-14,2266,Wellington-Dufferin-Guelph Health Unit,0.0061,729.0,2.34,0.1211,0.4834
39554,2020-09-14,2265,Waterloo Health Unit,0.0066,1087.0,1.86,0.2798,0.6585
39555,2020-09-14,2263,Timiskaming Health Unit,0.0,104.0,3.19,0.2584,0.5929
39556,2020-09-14,2262,Thunder Bay District Health Unit,0.0007,417.0,2.78,0.259,0.7869
39557,2020-09-14,2261,Sudbury and District Health Unit,0.0014,615.0,3.09,0.4192,0.6044
39558,2020-09-14,4913,Southwestern Public Health,0.0045,446.0,2.11,0.5033,0.7388
39559,2020-09-14,2260,Simcoe Muskoka District Health Unit,0.0029,1313.0,2.19,0.2946,0.667
39560,2020-09-14,2257,Renfrew County and District Health Unit,0.0042,307.0,2.82,0.111,0.4113
39561,2020-09-14,2256,Porcupine Health Unit,0.0012,238.0,2.85,0.3648,0.6419
39562,2020-09-14,2255,Peterborough County-City Health Unit,0.0017,330.0,2.23,0.3777,0.8215
39563,2020-09-14,2253,Peel Regional Health Unit,0.0212,2428.0,1.51,0.4005,0.8334
39564,2020-09-14,35,Ontario,0.0088,29757.0,2.01,0.4037,0.7524
39565,2020-09-14,2249,Northwestern Health Unit,0.0006,254.0,2.9,0.0973,0.2841
39566,2020-09-14,2247,North Bay Parry Sound District Health Unit,0.0004,350.0,2.7,0.1321,0.2827
39567,2020-09-14,2246,Niagara Regional Area Health Unit,0.0048,829.0,1.76,0.6122,0.7816
39568,2020-09-14,2244,Middlesex-London Health Unit,0.0025,870.0,1.71,0.7011,0.865
39569,2020-09-14,2243,"Leeds, Grenville and Lanark District Health Unit",0.0007,420.0,2.43,0.3853,0.7351
39570,2020-09-14,2242,Lambton Health Unit,0.0009,315.0,2.41,0.2075,0.6923
39571,2020-09-14,2241,"Kingston, Frontenac and Lennox and Addington Health Unit",0.0008,517.0,2.43,0.5975,0.9442
39572,2020-09-14,5183,Huron Perth Health Unit,0.0028,364.0,2.6,0.1888,0.6531
39573,2020-09-14,2238,Hastings and Prince Edward Counties Health Unit,0.0,500.0,2.96,0.1718,0.7396
39574,2020-09-14,2236,Halton Regional Health Unit,0.007,1025.0,1.66,0.4613,0.7713
39575,2020-09-14,2235,"Haliburton, Kawartha, Pine Ridge District Health Unit",0.0029,439.0,2.33,0.2407,0.7099
39576,2020-09-14,2234,Haldimand-Norfolk Health Unit,0.003,240.0,2.11,0.2472,0.5732
39577,2020-09-14,2233,Grey Bruce Health Unit,0.0008,364.0,2.15,0.2816,0.7148
39578,2020-09-14,2258,Eastern Ontario Health Unit,0.0049,615.0,2.95,0.2628,0.5609
39579,2020-09-14,2230,Durham Regional Health Unit,0.0094,1104.0,1.55,0.3005,0.7166
39580,2020-09-14,2226,District of Algoma Health Unit,0.0,272.0,2.38,0.2968,0.6359
39581,2020-09-14,3895,City of Toronto Health Unit,0.0126,5853.0,1.88,0.4939,0.8582
39582,2020-09-14,2251,City of Ottawa Health Unit,0.0162,2615.0,2.48,0.4347,0.7816
39583,2020-09-14,2237,City of Hamilton Health Unit,0.0042,1220.0,2.06,0.5373,0.7597
39584,2020-09-14,2240,Chatham-Kent Health Unit,0.0015,192.0,1.81,0.36,0.7115
39585,2020-09-14,2227,Brant County Health Unit,0.0026,278.0,1.79,0.1897,0.4693
39586,2020-09-13,2270,York Regional Health Unit,0.0102,1884.0,1.54,0.4061,0.7564
39587,2020-09-13,2268,Windsor-Essex County Health Unit,0.0103,706.0,1.66,0.4134,0.7931
39588,2020-09-13,2266,Wellington-Dufferin-Guelph Health Unit,0.0063,617.0,1.98,0.1274,0.5251
39589,2020-09-13,2265,Waterloo Health Unit,0.0095,991.0,1.7,0.2675,0.6755
39590,2020-09-13,2263,Timiskaming Health Unit,0.0,87.0,2.66,0.2656,0.599
39591,2020-09-13,2262,Thunder Bay District Health Unit,0.0007,381.0,2.54,0.2518,0.8018
39592,2020-09-13,2261,Sudbury and District Health Unit,0.0016,538.0,2.7,0.441,0.661
39593,2020-09-13,4913,Southwestern Public Health,0.0037,428.0,2.03,0.5229,0.7593
39594,2020-09-13,2260,Simcoe Muskoka District Health Unit,0.0019,1112.0,1.85,0.3336,0.6964
39595,2020-09-13,2257,Renfrew County and District Health Unit,0.0033,264.0,2.43,0.1319,0.4725
39596,2020-09-13,2256,Porcupine Health Unit,0.0015,185.0,2.21,0.3324,0.5879
39597,2020-09-13,2255,Peterborough County-City Health Unit,0.0011,261.0,1.76,0.3958,0.8341
39598,2020-09-13,2253,Peel Regional Health Unit,0.0211,2251.0,1.4,0.442,0.8575
39599,2020-09-13,35,Ontario,0.009,26845.0,1.81,0.4188,0.7684
39600,2020-09-13,2249,Northwestern Health Unit,0.0,217.0,2.47,0.1022,0.316
39601,2020-09-13,2247,North Bay Parry Sound District Health Unit,0.0005,308.0,2.37,0.1324,0.2716
39602,2020-09-13,2246,Niagara Regional Area Health Unit,0.0045,755.0,1.6,0.608,0.7847
39603,2020-09-13,2244,Middlesex-London Health Unit,0.0029,842.0,1.66,0.7163,0.8725
39604,2020-09-13,2243,"Leeds, Grenville and Lanark District Health Unit",0.0008,371.0,2.14,0.3963,0.7549
39605,2020-09-13,2242,Lambton Health Unit,0.001,283.0,2.16,0.2034,0.7052
39606,2020-09-13,2241,"Kingston, Frontenac and Lennox and Addington Health Unit",0.0012,477.0,2.24,0.5943,0.9489
39607,2020-09-13,5183,Huron Perth Health Unit,0.0031,326.0,2.33,0.215,0.7308
39608,2020-09-13,2238,Hastings and Prince Edward Counties Health Unit,0.0003,414.0,2.46,0.1765,0.7501
39609,2020-09-13,2236,Halton Regional Health Unit,0.007,939.0,1.52,0.4899,0.7816
39610,2020-09-13,2235,"Haliburton, Kawartha, Pine Ridge District Health Unit",0.003,378.0,2.0,0.2462,0.7135
39611,2020-09-13,2234,Haldimand-Norfolk Health Unit,0.0034,210.0,1.84,0.2467,0.5859
39612,2020-09-13,2233,Grey Bruce Health Unit,0.001,293.0,1.73,0.3058,0.7519
39613,2020-09-13,2258,Eastern Ontario Health Unit,0.0053,485.0,2.33,0.2747,0.597
39614,2020-09-13,2230,Durham Regional Health Unit,0.0105,938.0,1.32,0.2987,0.7172
39615,2020-09-13,2226,District of Algoma Health Unit,0.0,230.0,2.01,0.2723,0.6134
39616,2020-09-13,3895,City of Toronto Health Unit,0.0127,5462.0,1.75,0.5073,0.872
39617,2020-09-13,2251,City of Ottawa Health Unit,0.0158,2383.0,2.26,0.4636,0.8052
39618,2020-09-13,2237,City of Hamilton Health Unit,0.0043,1140.0,1.92,0.5575,0.7916
39619,2020-09-13,2240,Chatham-Kent Health Unit,0.0016,178.0,1.67,0.3925,0.6963
39620,2020-09-13,2227,Brant County Health Unit,0.0017,253.0,1.63,0.1853,0.447
39621,2020-09-12,2270,York Regional Health Unit,0.0099,1829.0,1.49,0.4094,0.7406
39622,2020-09-12,2268,Windsor-Essex County Health Unit,0.0097,704.0,1.66,0.447,0.8152
39623,2020-09-12,2266,Wellington-Dufferin-Guelph Health Unit,0.0065,613.0,1.96,0.1331,0.558
39624,2020-09-12,2265,Waterloo Health Unit,0.0089,958.0,1.64,0.2571,0.6666
39625,2020-09-12,2263,Timiskaming Health Unit,0.0,86.0,2.64,0.2747,0.6355
39626,2020-09-12,2262,Thunder Bay District Health Unit,0.0004,381.0,2.54,0.2688,0.7774
39627,2020-09-12,2261,Sudbury and District Health Unit,0.0014,517.0,2.6,0.4335,0.6916
39628,2020-09-12,4913,Southwestern Public Health,0.0034,420.0,1.98,0.6047,0.8473
39629,2020-09-12,2260,Simcoe Muskoka District Health Unit,0.0018,1113.0,1.86,0.3354,0.6997
39630,2020-09-12,2257,Renfrew County and District Health Unit,0.0036,276.0,2.54,0.1345,0.4972
39631,2020-09-12,2256,Porcupine Health Unit,0.0016,182.0,2.18,0.3189,0.5813
39632,2020-09-12,2255,Peterborough County-City Health Unit,0.0017,259.0,1.75,0.4205,0.8472
39633,2020-09-12,2253,Peel Regional Health Unit,0.0202,2188.0,1.36,0.4607,0.8545
39634,2020-09-12,35,Ontario,0.0087,26250.0,1.77,0.4313,0.7779
39635,2020-09-12,2249,Northwestern Health Unit,0.0,216.0,2.47,0.1148,0.3568
39636,2020-09-12,2247,North Bay Parry Sound District Health Unit,0.0005,301.0,2.32,0.1317,0.2716
39637,2020-09-12,2246,Niagara Regional Area Health Unit,0.0043,738.0,1.56,0.6103,0.7842
39638,2020-09-12,2244,Middlesex-London Health Unit,0.0029,847.0,1.67,0.7728,0.9231
39639,2020-09-12,2243,"Leeds, Grenville and Lanark District Health Unit",0.0004,360.0,2.08,0.4537,0.821
39640,2020-09-12,2242,Lambton Health Unit,0.001,284.0,2.17,0.2492,0.8282
39641,2020-09-12,2241,"Kingston, Frontenac and Lennox and Addington Health Unit",0.0012,458.0,2.16,0.6479,0.9564
39642,2020-09-12,5183,Huron Perth Health Unit,0.0031,326.0,2.33,0.2387,0.8053
39643,2020-09-12,2238,Hastings and Prince Edward Counties Health Unit,0.0004,402.0,2.39,0.2413,0.8201
39644,2020-09-12,2236,Halton Regional Health Unit,0.0074,912.0,1.47,0.5407,0.7937
39645,2020-09-12,2235,"Haliburton, Kawartha, Pine Ridge District Health Unit",0.0035,372.0,1.97,0.241,0.7313
39646,2020-09-12,2234,Haldimand-Norfolk Health Unit,0.0034,209.0,1.83,0.2595,0.6506
39647,2020-09-12,2233,Grey Bruce Health Unit,0.001,291.0,1.71,0.3578,0.7832
39648,2020-09-12,2258,Eastern Ontario Health Unit,0.0051,481.0,2.3,0.2779,0.6432
39649,2020-09-12,2230,Durham Regional Health Unit,0.0106,915.0,1.28,0.2928,0.6952
39650,2020-09-12,2226,District of Algoma Health Unit,0.0,224.0,1.95,0.2586,0.5894
39651,2020-09-12,3895,City of Toronto Health Unit,0.0122,5307.0,1.7,0.4942,0.8614
39652,2020-09-12,2251,City of Ottawa Health Unit,0.016,2297.0,2.18,0.4951,0.8063
39653,2020-09-12,2237,City of Hamilton Health Unit,0.0041,1111.0,1.88,0.6043,0.8489
39654,2020-09-12,2240,Chatham-Kent Health Unit,0.0017,168.0,1.58,0.3787,0.7117
39655,2020-09-12,2227,Brant County Health Unit,0.0017,252.0,1.63,0.1993,0.4931
39656,2020-09-11,2270,York Regional Health Unit,0.009,1798.0,1.47,0.442,0.7439
39657,2020-09-11,2268,Windsor-Essex County Health Unit,0.0092,696.0,1.64,0.4922,0.8415
39658,2020-09-11,2266,Wellington-Dufferin-Guelph Health Unit,0.0062,599.0,1.92,0.1375,0.5933
39659,2020-09-11,2265,Waterloo Health Unit,0.0084,940.0,1.61,0.2543,0.6711
39660,2020-09-11,2263,Timiskaming Health Unit,0.0,85.0,2.6,0.3106,0.6453
39661,2020-09-11,2262,Thunder Bay District Health Unit,0.0004,379.0,2.53,0.274,0.8051
39662,2020-09-11,2261,Sudbury and District Health Unit,0.0008,508.0,2.55,0.498,0.7889
39663,2020-09-11,4913,Southwestern Public Health,0.0038,410.0,1.94,0.6239,0.866
39664,2020-09-11,2260,Simcoe Muskoka District Health Unit,0.0021,1090.0,1.82,0.3489,0.6963
39665,2020-09-11,2257,Renfrew County and District Health Unit,0.0036,275.0,2.53,0.1891,0.5503
39666,2020-09-11,2256,Porcupine Health Unit,0.0016,180.0,2.15,0.2698,0.5659
39667,2020-09-11,2255,Peterborough County-City Health Unit,0.0017,254.0,1.72,0.4664,0.8512
39668,2020-09-11,2253,Peel Regional Health Unit,0.0192,2125.0,1.32,0.4709,0.8668
39669,2020-09-11,35,Ontario,0.0083,25625.0,1.73,0.4448,0.7902
39670,2020-09-11,2249,Northwestern Health Unit,0.0,222.0,2.53,0.1361,0.381
39671,2020-09-11,2247,North Bay Parry Sound District Health Unit,0.0005,296.0,2.28,0.1341,0.2856
39672,2020-09-11,2246,Niagara Regional Area Health Unit,0.0045,724.0,1.53,0.6318,0.8194
39673,2020-09-11,2244,Middlesex-London Health Unit,0.0031,837.0,1.65,0.7611,0.9071
39674,2020-09-11,2243,"Leeds, Grenville and Lanark District Health Unit",0.0004,354.0,2.04,0.5043,0.8543
39675,2020-09-11,2242,Lambton Health Unit,0.0005,274.0,2.09,0.2576,0.7794
39676,2020-09-11,2241,"Kingston, Frontenac and Lennox and Addington Health Unit",0.0013,452.0,2.12,0.7119,0.9729
39677,2020-09-11,5183,Huron Perth Health Unit,0.0031,324.0,2.32,0.2292,0.7772
39678,2020-09-11,2238,Hastings and Prince Edward Counties Health Unit,0.0007,388.0,2.3,0.2597,0.8653
39679,2020-09-11,2236,Halton Regional Health Unit,0.0067,871.0,1.41,0.5525,0.8087
39680,2020-09-11,2235,"Haliburton, Kawartha, Pine Ridge District Health Unit",0.0023,368.0,1.95,0.2417,0.7283
39681,2020-09-11,2234,Haldimand-Norfolk Health Unit,0.0028,207.0,1.81,0.2604,0.7304
39682,2020-09-11,2233,Grey Bruce Health Unit,0.001,287.0,1.69,0.3997,0.8008
39683,2020-09-11,2258,Eastern Ontario Health Unit,0.004,467.0,2.24,0.2751,0.6638
39684,2020-09-11,2230,Durham Regional Health Unit,0.0098,905.0,1.27,0.3113,0.694
39685,2020-09-11,2226,District of Algoma Health Unit,0.0,221.0,1.93,0.257,0.5528
39686,2020-09-11,3895,City of Toronto Health Unit,0.0117,5150.0,1.65,0.5029,0.8725
39687,2020-09-11,2251,City of Ottawa Health Unit,0.0159,2230.0,2.11,0.5037,0.8048
39688,2020-09-11,2237,City of Hamilton Health Unit,0.0043,1058.0,1.79,0.6036,0.8811
39689,2020-09-11,2240,Chatham-Kent Health Unit,0.0018,159.0,1.5,0.352,0.7317
39690,2020-09-11,2227,Brant County Health Unit,0.0017,246.0,1.58,0.1894,0.5125
39691,2020-09-10,2270,York Regional Health Unit,0.0094,1780.0,1.45,0.4486,0.7102
39692,2020-09-10,2268,Windsor-Essex County Health Unit,0.0094,697.0,1.64,0.529,0.8382
39693,2020-09-10,2266,Wellington-Dufferin-Guelph Health Unit,0.0047,573.0,1.84,0.149,0.6355
39694,2020-09-10,2265,Waterloo Health Unit,0.0076,920.0,1.57,0.2469,0.6651
39695,2020-09-10,2263,Timiskaming Health Unit,0.0,85.0,2.6,0.3854,0.6125
39696,2020-09-10,2262,Thunder Bay District Health Unit,0.0004,343.0,2.29,0.2715,0.8245
39697,2020-09-10,2261,Sudbury and District Health Unit,0.0012,490.0,2.46,0.4911,0.8194
39698,2020-09-10,4913,Southwestern Public Health,0.0033,384.0,1.82,0.6558,0.893
39699,2020-09-10,2260,Simcoe Muskoka District Health Unit,0.0021,1066.0,1.78,0.3405,0.6821
39700,2020-09-10,2257,Renfrew County and District Health Unit,0.0028,254.0,2.34,0.1967,0.5449
39701,2020-09-10,2256,Porcupine Health Unit,0.0016,175.0,2.1,0.2486,0.5646
39702,2020-09-10,2255,Peterborough County-City Health Unit,0.0017,249.0,1.68,0.5162,0.8571
39703,2020-09-10,2253,Peel Regional Health Unit,0.0195,2068.0,1.29,0.4928,0.8744
39704,2020-09-10,35,Ontario,0.0082,24784.0,1.67,0.4556,0.7879
39705,2020-09-10,2249,Northwestern Health Unit,0.0,207.0,2.36,0.1153,0.3293
39706,2020-09-10,2247,North Bay Parry Sound District Health Unit,0.0005,283.0,2.18,0.1483,0.2994
39707,2020-09-10,2246,Niagara Regional Area Health Unit,0.0041,698.0,1.48,0.6571,0.8328
39708,2020-09-10,2244,Middlesex-London Health Unit,0.0029,798.0,1.57,0.7878,0.899
39709,2020-09-10,2243,"Leeds, Grenville and Lanark District Health Unit",0.0,336.0,1.94,0.4957,0.8565
39710,2020-09-10,2242,Lambton Health Unit,0.0005,267.0,2.04,0.2688,0.7967
39711,2020-09-10,2241,"Kingston, Frontenac and Lennox and Addington Health Unit",0.0014,422.0,1.98,0.7768,0.9631
39712,2020-09-10,5183,Huron Perth Health Unit,0.0027,312.0,2.24,0.2642,0.7755
39713,2020-09-10,2238,Hastings and Prince Edward Counties Health Unit,0.0013,341.0,2.02,0.2731,0.9037
39714,2020-09-10,2236,Halton Regional Health Unit,0.0067,830.0,1.34,0.577,0.8207
39715,2020-09-10,2235,"Haliburton, Kawartha, Pine Ridge District Health Unit",0.0016,367.0,1.94,0.2479,0.7549
39716,2020-09-10,2234,Haldimand-Norfolk Health Unit,0.0022,196.0,1.72,0.2774,0.7736
39717,2020-09-10,2233,Grey Bruce Health Unit,0.0005,266.0,1.56,0.4154,0.8266
39718,2020-09-10,2258,Eastern Ontario Health Unit,0.0034,462.0,2.21,0.2661,0.6771
39719,2020-09-10,2230,Durham Regional Health Unit,0.0096,873.0,1.23,0.3192,0.6853
39720,2020-09-10,2226,District of Algoma Health Unit,0.0,222.0,1.94,0.2956,0.5096
39721,2020-09-10,3895,City of Toronto Health Unit,0.0114,5031.0,1.61,0.5127,0.8701
39722,2020-09-10,2251,City of Ottawa Health Unit,0.0159,2144.0,2.03,0.4854,0.7752
39723,2020-09-10,2237,City of Hamilton Health Unit,0.0041,977.0,1.65,0.6452,0.8975
39724,2020-09-10,2240,Chatham-Kent Health Unit,0.0009,161.0,1.51,0.395,0.8097
39725,2020-09-10,2227,Brant County Health Unit,0.0016,261.0,1.68,0.1992,0.5109
39726,2020-09-09,2270,York Regional Health Unit,0.0094,1710.0,1.4,0.4477,0.6695
39727,2020-09-09,2268,Windsor-Essex County Health Unit,0.0087,676.0,1.59,0.5105,0.8384
39728,2020-09-09,2266,Wellington-Dufferin-Guelph Health Unit,0.0042,547.0,1.75,0.1403,0.5927
39729,2020-09-09,2265,Waterloo Health Unit,0.007,898.0,1.54,0.2572,0.6577
39730,2020-09-09,2263,Timiskaming Health Unit,0.0,86.0,2.63,0.3418,0.6074
39731,2020-09-09,2262,Thunder Bay District Health Unit,0.0004,331.0,2.21,0.3171,0.8751
39732,2020-09-09,2261,Sudbury and District Health Unit,0.0009,465.0,2.33,0.4777,0.8059
39733,2020-09-09,4913,Southwestern Public Health,0.004,324.0,1.53,0.6846,0.8905
39734,2020-09-09,2260,Simcoe Muskoka District Health Unit,0.0026,981.0,1.64,0.3226,0.6855
39735,2020-09-09,2257,Renfrew County and District Health Unit,0.003,240.0,2.21,0.2376,0.5781
39736,2020-09-09,2256,Porcupine Health Unit,0.0015,190.0,2.28,0.2369,0.5269
39737,2020-09-09,2255,Peterborough County-City Health Unit,0.0011,257.0,1.74,0.5515,0.8558
39738,2020-09-09,2253,Peel Regional Health Unit,0.0197,2049.0,1.28,0.527,0.8737
39739,2020-09-09,35,Ontario,0.0077,23754.0,1.6,0.4561,0.7733
39740,2020-09-09,2249,Northwestern Health Unit,0.0,199.0,2.27,0.1171,0.3423
39741,2020-09-09,2247,North Bay Parry Sound District Health Unit,0.0006,256.0,1.98,0.137,0.2886
39742,2020-09-09,2246,Niagara Regional Area Health Unit,0.004,677.0,1.43,0.6666,0.8199
39743,2020-09-09,2244,Middlesex-London Health Unit,0.0026,722.0,1.42,0.8092,0.9054
39744,2020-09-09,2243,"Leeds, Grenville and Lanark District Health Unit",0.0005,283.0,1.63,0.5147,0.8262
39745,2020-09-09,2242,Lambton Health Unit,0.0006,234.0,1.79,0.3012,0.7449
39746,2020-09-09,2241,"Kingston, Frontenac and Lennox and Addington Health Unit",0.0008,375.0,1.76,0.8397,0.9616
39747,2020-09-09,5183,Huron Perth Health Unit,0.002,279.0,2.0,0.2545,0.7212
39748,2020-09-09,2238,Hastings and Prince Edward Counties Health Unit,0.0015,294.0,1.75,0.2882,0.8739
39749,2020-09-09,2236,Halton Regional Health Unit,0.0063,812.0,1.31,0.568,0.7916
39750,2020-09-09,2235,"Haliburton, Kawartha, Pine Ridge District Health Unit",0.0012,355.0,1.88,0.2591,0.7348
39751,2020-09-09,2234,Haldimand-Norfolk Health Unit,0.0031,187.0,1.64,0.297,0.6954
39752,2020-09-09,2233,Grey Bruce Health Unit,0.0012,230.0,1.36,0.3656,0.8172
39753,2020-09-09,2258,Eastern Ontario Health Unit,0.0027,431.0,2.06,0.2548,0.6325
39754,2020-09-09,2230,Durham Regional Health Unit,0.0089,833.0,1.17,0.3207,0.6696
39755,2020-09-09,2226,District of Algoma Health Unit,0.0,212.0,1.85,0.2993,0.6124
39756,2020-09-09,3895,City of Toronto Health Unit,0.0107,4973.0,1.59,0.5117,0.8664
39757,2020-09-09,2251,City of Ottawa Health Unit,0.0116,2030.0,1.92,0.4837,0.7551
39758,2020-09-09,2237,City of Hamilton Health Unit,0.0051,959.0,1.62,0.6184,0.8831
39759,2020-09-09,2240,Chatham-Kent Health Unit,0.0,166.0,1.57,0.3562,0.8165
39760,2020-09-09,2227,Brant County Health Unit,0.0028,253.0,1.63,0.198,0.4446
39761,2020-09-08,2270,York Regional Health Unit,0.0099,1624.0,1.32,0.4167,0.6345
39762,2020-09-08,2268,Windsor-Essex County Health Unit,0.009,636.0,1.5,0.4762,0.8403
39763,2020-09-08,2266,Wellington-Dufferin-Guelph Health Unit,0.0042,506.0,1.62,0.1266,0.606
39764,2020-09-08,2265,Waterloo Health Unit,0.0075,918.0,1.57,0.2524,0.6835
39765,2020-09-08,2263,Timiskaming Health Unit,0.0,68.0,2.07,0.1814,0.5686
39766,2020-09-08,2262,Thunder Bay District Health Unit,0.0,326.0,2.18,0.2857,0.8383
39767,2020-09-08,2261,Sudbury and District Health Unit,0.0011,406.0,2.04,0.4344,0.8103
39768,2020-09-08,4913,Southwestern Public Health,0.0045,288.0,1.36,0.6721,0.884
39769,2020-09-08,2260,Simcoe Muskoka District Health Unit,0.0028,931.0,1.55,0.2754,0.6817
39770,2020-09-08,2257,Renfrew County and District Health Unit,0.0027,213.0,1.96,0.2529,0.6479
39771,2020-09-08,2256,Porcupine Health Unit,0.0007,191.0,2.28,0.2328,0.5156
39772,2020-09-08,2255,Peterborough County-City Health Unit,0.0011,257.0,1.73,0.4912,0.8189
39773,2020-09-08,2253,Peel Regional Health Unit,0.0199,1979.0,1.23,0.5173,0.8636
39774,2020-09-08,35,Ontario,0.0078,22290.0,1.5,0.4301,0.7683
39775,2020-09-08,2249,Northwestern Health Unit,0.0,187.0,2.13,0.1156,0.3893
39776,2020-09-08,2247,North Bay Parry Sound District Health Unit,0.0006,221.0,1.7,0.131,0.3184
39777,2020-09-08,2246,Niagara Regional Area Health Unit,0.0038,602.0,1.27,0.6198,0.8116
39778,2020-09-08,2244,Middlesex-London Health Unit,0.0023,670.0,1.32,0.7954,0.9008
39779,2020-09-08,2243,"Leeds, Grenville and Lanark District Health Unit",0.0006,256.0,1.48,0.5234,0.8216
39780,2020-09-08,2242,Lambton Health Unit,0.0013,215.0,1.64,0.2387,0.7556
39781,2020-09-08,2241,"Kingston, Frontenac and Lennox and Addington Health Unit",0.0004,326.0,1.53,0.8501,0.9623
39782,2020-09-08,5183,Huron Perth Health Unit,0.0024,235.0,1.68,0.1926,0.7291
39783,2020-09-08,2238,Hastings and Prince Edward Counties Health Unit,0.0016,269.0,1.59,0.2698,0.8797
39784,2020-09-08,2236,Halton Regional Health Unit,0.0069,768.0,1.24,0.5403,0.7846
39785,2020-09-08,2235,"Haliburton, Kawartha, Pine Ridge District Health Unit",0.0008,361.0,1.91,0.2009,0.6838
39786,2020-09-08,2234,Haldimand-Norfolk Health Unit,0.0048,149.0,1.3,0.246,0.6651
39787,2020-09-08,2233,Grey Bruce Health Unit,0.0007,212.0,1.25,0.3088,0.8012
39788,2020-09-08,2258,Eastern Ontario Health Unit,0.0024,422.0,2.02,0.2126,0.6658
39789,2020-09-08,2230,Durham Regional Health Unit,0.008,769.0,1.08,0.3109,0.6533
39790,2020-09-08,2226,District of Algoma Health Unit,0.0,209.0,1.83,0.2061,0.5642
39791,2020-09-08,3895,City of Toronto Health Unit,0.0107,4774.0,1.53,0.4999,0.8658
39792,2020-09-08,2251,City of Ottawa Health Unit,0.0112,1894.0,1.8,0.4458,0.7517
39793,2020-09-08,2237,City of Hamilton Health Unit,0.0062,789.0,1.33,0.5842,0.8737
39794,2020-09-08,2240,Chatham-Kent Health Unit,0.0,153.0,1.44,0.3305,0.8326
39795,2020-09-08,2227,Brant County Health Unit,0.0018,242.0,1.56,0.1881,0.4264
39796,2020-09-07,2270,York Regional Health Unit,0.0102,1592.0,1.3,0.4269,0.6208
39797,2020-09-07,2268,Windsor-Essex County Health Unit,0.0079,614.0,1.44,0.4903,0.8438
39798,2020-09-07,2266,Wellington-Dufferin-Guelph Health Unit,0.0038,451.0,1.45,0.1416,0.6147
39799,2020-09-07,2265,Waterloo Health Unit,0.0072,893.0,1.53,0.2811,0.6903
39800,2020-09-07,2263,Timiskaming Health Unit,0.0,59.0,1.8,0.252,0.6028
39801,2020-09-07,2262,Thunder Bay District Health Unit,0.0,289.0,1.93,0.2676,0.7981
39802,2020-09-07,2261,Sudbury and District Health Unit,0.0011,395.0,1.98,0.4384,0.8007
39803,2020-09-07,4913,Southwestern Public Health,0.005,256.0,1.21,0.6884,0.8828
39804,2020-09-07,2260,Simcoe Muskoka District Health Unit,0.0031,927.0,1.55,0.2614,0.6467
39805,2020-09-07,2257,Renfrew County and District Health Unit,0.0022,193.0,1.78,0.2723,0.6196
39806,2020-09-07,2256,Porcupine Health Unit,0.0008,178.0,2.14,0.3131,0.6098
39807,2020-09-07,2255,Peterborough County-City Health Unit,0.0012,236.0,1.59,0.564,0.8393
39808,2020-09-07,2253,Peel Regional Health Unit,0.0212,1905.0,1.19,0.5125,0.8431
39809,2020-09-07,35,Ontario,0.0077,21397.0,1.44,0.4412,0.7584
39810,2020-09-07,2249,Northwestern Health Unit,0.0,193.0,2.2,0.1018,0.3436
39811,2020-09-07,2247,North Bay Parry Sound District Health Unit,0.0007,199.0,1.54,0.147,0.352
39812,2020-09-07,2246,Niagara Regional Area Health Unit,0.0036,520.0,1.1,0.6262,0.8016
39813,2020-09-07,2244,Middlesex-London Health Unit,0.0027,630.0,1.24,0.8022,0.9034
39814,2020-09-07,2243,"Leeds, Grenville and Lanark District Health Unit",0.0006,247.0,1.43,0.5371,0.803
39815,2020-09-07,2242,Lambton Health Unit,0.0009,158.0,1.21,0.2453,0.7016
39816,2020-09-07,2241,"Kingston, Frontenac and Lennox and Addington Health Unit",0.0005,311.0,1.46,0.8473,0.9573
39817,2020-09-07,5183,Huron Perth Health Unit,0.0007,197.0,1.41,0.207,0.7133
39818,2020-09-07,2238,Hastings and Prince Edward Counties Health Unit,0.0019,229.0,1.36,0.3112,0.8759
39819,2020-09-07,2236,Halton Regional Health Unit,0.0064,735.0,1.19,0.5301,0.7544
39820,2020-09-07,2235,"Haliburton, Kawartha, Pine Ridge District Health Unit",0.0009,321.0,1.7,0.2431,0.7017
39821,2020-09-07,2234,Haldimand-Norfolk Health Unit,0.0042,101.0,0.89,0.3042,0.6801
39822,2020-09-07,2233,Grey Bruce Health Unit,0.0008,188.0,1.11,0.3487,0.7933
39823,2020-09-07,2258,Eastern Ontario Health Unit,0.0021,406.0,1.95,0.243,0.6747
39824,2020-09-07,2230,Durham Regional Health Unit,0.0067,762.0,1.07,0.3439,0.6294
39825,2020-09-07,2226,District of Algoma Health Unit,0.0007,214.0,1.87,0.2715,0.5912
39826,2020-09-07,3895,City of Toronto Health Unit,0.0098,4759.0,1.53,0.5117,0.8513
39827,2020-09-07,2251,City of Ottawa Health Unit,0.0097,1906.0,1.81,0.448,0.7592
39828,2020-09-07,2237,City of Hamilton Health Unit,0.0063,743.0,1.25,0.5622,0.824
39829,2020-09-07,2240,Chatham-Kent Health Unit,0.001,147.0,1.38,0.3007,0.814
39830,2020-09-07,2227,Brant County Health Unit,0.0019,223.0,1.44,0.1965,0.4118
39831,2020-09-06,2270,York Regional Health Unit,0.0092,1669.0,1.36,0.4247,0.5916
39832,2020-09-06,2268,Windsor-Essex County Health Unit,0.0069,661.0,1.56,0.4761,0.8322
39833,2020-09-06,2266,Wellington-Dufferin-Guelph Health Unit,0.0033,518.0,1.66,0.1363,0.5794
39834,2020-09-06,2265,Waterloo Health Unit,0.0042,948.0,1.62,0.2887,0.6795
39835,2020-09-06,2263,Timiskaming Health Unit,0.0,73.0,2.25,0.2693,0.6305
39836,2020-09-06,2262,Thunder Bay District Health Unit,0.0,310.0,2.07,0.2876,0.7938
39837,2020-09-06,2261,Sudbury and District Health Unit,0.001,435.0,2.19,0.4392,0.7903
39838,2020-09-06,4913,Southwestern Public Health,0.0047,272.0,1.29,0.6544,0.8369
39839,2020-09-06,2260,Simcoe Muskoka District Health Unit,0.0028,1016.0,1.69,0.2433,0.5954
39840,2020-09-06,2257,Renfrew County and District Health Unit,0.0022,196.0,1.81,0.2397,0.5559
39841,2020-09-06,2256,Porcupine Health Unit,0.0,217.0,2.6,0.3429,0.6586
39842,2020-09-06,2255,Peterborough County-City Health Unit,0.0015,290.0,1.96,0.5618,0.8341
39843,2020-09-06,2253,Peel Regional Health Unit,0.0219,1954.0,1.22,0.5054,0.8117
39844,2020-09-06,35,Ontario,0.007,23022.0,1.55,0.4377,0.7359
39845,2020-09-06,2249,Northwestern Health Unit,0.0,219.0,2.5,0.0979,0.3295
39846,2020-09-06,2247,North Bay Parry Sound District Health Unit,0.0006,225.0,1.74,0.1518,0.3773
39847,2020-09-06,2246,Niagara Regional Area Health Unit,0.0036,562.0,1.19,0.6064,0.7714
39848,2020-09-06,2244,Middlesex-London Health Unit,0.0022,655.0,1.29,0.7827,0.8864
39849,2020-09-06,2243,"Leeds, Grenville and Lanark District Health Unit",0.0005,286.0,1.65,0.5088,0.7531
39850,2020-09-06,2242,Lambton Health Unit,0.0008,183.0,1.4,0.2506,0.6709
39851,2020-09-06,2241,"Kingston, Frontenac and Lennox and Addington Health Unit",0.0,322.0,1.51,0.8449,0.9469
39852,2020-09-06,5183,Huron Perth Health Unit,0.0006,228.0,1.63,0.1694,0.5989
39853,2020-09-06,2238,Hastings and Prince Edward Counties Health Unit,0.0016,263.0,1.56,0.3209,0.845
39854,2020-09-06,2236,Halton Regional Health Unit,0.0052,798.0,1.29,0.5279,0.7457
39855,2020-09-06,2235,"Haliburton, Kawartha, Pine Ridge District Health Unit",0.0012,372.0,1.97,0.2381,0.6647
39856,2020-09-06,2234,Haldimand-Norfolk Health Unit,0.0047,122.0,1.07,0.2843,0.627
39857,2020-09-06,2233,Grey Bruce Health Unit,0.0007,203.0,1.19,0.3316,0.7582
39858,2020-09-06,2258,Eastern Ontario Health Unit,0.0016,527.0,2.52,0.2522,0.6841
39859,2020-09-06,2230,Durham Regional Health Unit,0.006,863.0,1.21,0.3538,0.6199
39860,2020-09-06,2226,District of Algoma Health Unit,0.0006,241.0,2.1,0.2953,0.6288
39861,2020-09-06,3895,City of Toronto Health Unit,0.0088,4940.0,1.58,0.5279,0.8286
39862,2020-09-06,2251,City of Ottawa Health Unit,0.0093,2053.0,1.95,0.4336,0.7437
39863,2020-09-06,2237,City of Hamilton Health Unit,0.0057,775.0,1.31,0.5579,0.8092
39864,2020-09-06,2240,Chatham-Kent Health Unit,0.0009,162.0,1.52,0.2777,0.7789
39865,2020-09-06,2227,Brant County Health Unit,0.0037,233.0,1.5,0.2009,0.4509
39866,2020-09-05,2270,York Regional Health Unit,0.0092,1676.0,1.37,0.4439,0.5762
39867,2020-09-05,2268,Windsor-Essex County Health Unit,0.0073,662.0,1.56,0.4588,0.8305
39868,2020-09-05,2266,Wellington-Dufferin-Guelph Health Unit,0.0028,514.0,1.65,0.1297,0.5742
39869,2020-09-05,2265,Waterloo Health Unit,0.0044,938.0,1.6,0.2801,0.7021
39870,2020-09-05,2263,Timiskaming Health Unit,0.0,74.0,2.28,0.2418,0.544
39871,2020-09-05,2262,Thunder Bay District Health Unit,0.0,307.0,2.05,0.2899,0.8142
39872,2020-09-05,2261,Sudbury and District Health Unit,0.001,436.0,2.19,0.4313,0.7299
39873,2020-09-05,4913,Southwestern Public Health,0.0047,271.0,1.28,0.621,0.8183
39874,2020-09-05,2260,Simcoe Muskoka District Health Unit,0.003,997.0,1.66,0.26,0.599
39875,2020-09-05,2257,Renfrew County and District Health Unit,0.0016,181.0,1.67,0.1987,0.5146
39876,2020-09-05,2256,Porcupine Health Unit,0.0,219.0,2.63,0.3387,0.6367
39877,2020-09-05,2255,Peterborough County-City Health Unit,0.001,290.0,1.96,0.5461,0.804
39878,2020-09-05,2253,Peel Regional Health Unit,0.0212,1943.0,1.21,0.531,0.8229
39879,2020-09-05,35,Ontario,0.0068,22946.0,1.55,0.4443,0.7312
39880,2020-09-05,2249,Northwestern Health Unit,0.0,218.0,2.48,0.0988,0.3515
39881,2020-09-05,2247,North Bay Parry Sound District Health Unit,0.0006,230.0,1.77,0.1488,0.3498
39882,2020-09-05,2246,Niagara Regional Area Health Unit,0.0031,557.0,1.18,0.5655,0.7237
39883,2020-09-05,2244,Middlesex-London Health Unit,0.002,645.0,1.27,0.7474,0.8792
39884,2020-09-05,2243,"Leeds, Grenville and Lanark District Health Unit",0.0005,291.0,1.68,0.4839,0.7477
39885,2020-09-05,2242,Lambton Health Unit,0.0008,181.0,1.38,0.1846,0.5357
39886,2020-09-05,2241,"Kingston, Frontenac and Lennox and Addington Health Unit",0.0,320.0,1.5,0.8455,0.9455
39887,2020-09-05,5183,Huron Perth Health Unit,0.0006,227.0,1.62,0.1528,0.5615
39888,2020-09-05,2238,Hastings and Prince Edward Counties Health Unit,0.0016,262.0,1.56,0.2977,0.8305
39889,2020-09-05,2236,Halton Regional Health Unit,0.004,790.0,1.28,0.517,0.7637
39890,2020-09-05,2235,"Haliburton, Kawartha, Pine Ridge District Health Unit",0.0012,372.0,1.97,0.2352,0.6251
39891,2020-09-05,2234,Haldimand-Norfolk Health Unit,0.0057,125.0,1.09,0.2585,0.552
39892,2020-09-05,2233,Grey Bruce Health Unit,0.0007,202.0,1.19,0.3264,0.7468
39893,2020-09-05,2258,Eastern Ontario Health Unit,0.0016,528.0,2.53,0.2579,0.6881
39894,2020-09-05,2230,Durham Regional Health Unit,0.0056,862.0,1.21,0.3708,0.6226
39895,2020-09-05,2226,District of Algoma Health Unit,0.0006,238.0,2.08,0.2821,0.616
39896,2020-09-05,3895,City of Toronto Health Unit,0.0085,4941.0,1.58,0.572,0.8344
39897,2020-09-05,2251,City of Ottawa Health Unit,0.0092,2044.0,1.94,0.4317,0.754
39898,2020-09-05,2237,City of Hamilton Health Unit,0.0057,774.0,1.31,0.5497,0.8009
39899,2020-09-05,2240,Chatham-Kent Health Unit,0.0009,165.0,1.55,0.2542,0.7862
39900,2020-09-05,2227,Brant County Health Unit,0.0037,234.0,1.5,0.1892,0.4091
39901,2020-09-04,2270,York Regional Health Unit,0.0087,1658.0,1.35,0.4475,0.5948
39902,2020-09-04,2268,Windsor-Essex County Health Unit,0.0083,673.0,1.58,0.3976,0.7811
39903,2020-09-04,2266,Wellington-Dufferin-Guelph Health Unit,0.0019,513.0,1.65,0.1464,0.5671
39904,2020-09-04,2265,Waterloo Health Unit,0.0046,930.0,1.59,0.2584,0.7234
39905,2020-09-04,2263,Timiskaming Health Unit,0.0,74.0,2.27,0.2561,0.5925
39906,2020-09-04,2262,Thunder Bay District Health Unit,0.0,303.0,2.02,0.2863,0.7855
39907,2020-09-04,2261,Sudbury and District Health Unit,0.001,437.0,2.2,0.4236,0.7447
39908,2020-09-04,4913,Southwestern Public Health,0.0036,274.0,1.3,0.5295,0.7356
39909,2020-09-04,2260,Simcoe Muskoka District Health Unit,0.0029,992.0,1.65,0.2858,0.6207
39910,2020-09-04,2257,Renfrew County and District Health Unit,0.0016,181.0,1.67,0.1753,0.4978
39911,2020-09-04,2256,Porcupine Health Unit,0.0,218.0,2.61,0.3559,0.6328
39912,2020-09-04,2255,Peterborough County-City Health Unit,0.0005,292.0,1.98,0.5559,0.7801
39913,2020-09-04,2253,Peel Regional Health Unit,0.0209,1932.0,1.2,0.5566,0.8226
39914,2020-09-04,35,Ontario,0.0067,22873.0,1.54,0.4538,0.7342
39915,2020-09-04,2249,Northwestern Health Unit,0.0,213.0,2.43,0.0938,0.372
39916,2020-09-04,2247,North Bay Parry Sound District Health Unit,0.0006,241.0,1.86,0.164,0.3876
39917,2020-09-04,2246,Niagara Regional Area Health Unit,0.0033,555.0,1.17,0.5552,0.6982
39918,2020-09-04,2244,Middlesex-London Health Unit,0.002,644.0,1.27,0.7167,0.885
39919,2020-09-04,2243,"Leeds, Grenville and Lanark District Health Unit",0.0005,292.0,1.69,0.47,0.7277
39920,2020-09-04,2242,Lambton Health Unit,0.0016,178.0,1.36,0.1928,0.5125
39921,2020-09-04,2241,"Kingston, Frontenac and Lennox and Addington Health Unit",0.0,309.0,1.45,0.8354,0.9453
39922,2020-09-04,5183,Huron Perth Health Unit,0.0006,226.0,1.62,0.1426,0.5161
39923,2020-09-04,2238,Hastings and Prince Edward Counties Health Unit,0.0011,260.0,1.54,0.2979,0.8334
39924,2020-09-04,2236,Halton Regional Health Unit,0.0046,809.0,1.31,0.5039,0.7653
39925,2020-09-04,2235,"Haliburton, Kawartha, Pine Ridge District Health Unit",0.0012,372.0,1.97,0.2391,0.6123
39926,2020-09-04,2234,Haldimand-Norfolk Health Unit,0.0058,122.0,1.07,0.2833,0.5095
39927,2020-09-04,2233,Grey Bruce Health Unit,0.0007,203.0,1.2,0.2821,0.6865
39928,2020-09-04,2258,Eastern Ontario Health Unit,0.0016,529.0,2.53,0.2845,0.7339
39929,2020-09-04,2230,Durham Regional Health Unit,0.0058,856.0,1.2,0.3936,0.6447
39930,2020-09-04,2226,District of Algoma Health Unit,0.0006,238.0,2.08,0.2743,0.6491
39931,2020-09-04,3895,City of Toronto Health Unit,0.0083,4921.0,1.58,0.6071,0.8435
39932,2020-09-04,2251,City of Ottawa Health Unit,0.0087,2025.0,1.92,0.4615,0.7808
39933,2020-09-04,2237,City of Hamilton Health Unit,0.0055,776.0,1.31,0.5572,0.7894
39934,2020-09-04,2240,Chatham-Kent Health Unit,0.0017,166.0,1.56,0.2148,0.6801
39935,2020-09-04,2227,Brant County Health Unit,0.0043,232.0,1.5,0.2067,0.3753
39936,2020-09-03,2270,York Regional Health Unit,0.0083,1629.0,1.33,0.4379,0.5805
39937,2020-09-03,2268,Windsor-Essex County Health Unit,0.009,652.0,1.54,0.3549,0.7695
39938,2020-09-03,2266,Wellington-Dufferin-Guelph Health Unit,0.0024,538.0,1.73,0.1332,0.5342
39939,2020-09-03,2265,Waterloo Health Unit,0.0035,927.0,1.59,0.2624,0.7311
39940,2020-09-03,2263,Timiskaming Health Unit,0.0,69.0,2.11,0.2042,0.5649
39941,2020-09-03,2262,Thunder Bay District Health Unit,0.0005,299.0,1.99,0.2886,0.7729
39942,2020-09-03,2261,Sudbury and District Health Unit,0.0,450.0,2.26,0.3891,0.7212
39943,2020-09-03,4913,Southwestern Public Health,0.004,289.0,1.36,0.5357,0.7432
39944,2020-09-03,2260,Simcoe Muskoka District Health Unit,0.0023,1006.0,1.68,0.2984,0.5904
39945,2020-09-03,2257,Renfrew County and District Health Unit,0.0008,180.0,1.66,0.1948,0.5407
39946,2020-09-03,2256,Porcupine Health Unit,0.0,218.0,2.61,0.3711,0.6431
39947,2020-09-03,2255,Peterborough County-City Health Unit,0.0005,285.0,1.93,0.5722,0.7764
39948,2020-09-03,2253,Peel Regional Health Unit,0.0196,1942.0,1.21,0.5615,0.7984
39949,2020-09-03,35,Ontario,0.0063,22949.0,1.55,0.4577,0.7285
39950,2020-09-03,2249,Northwestern Health Unit,0.0,215.0,2.45,0.0897,0.3699
39951,2020-09-03,2247,North Bay Parry Sound District Health Unit,0.0,246.0,1.9,0.1667,0.3932
39952,2020-09-03,2246,Niagara Regional Area Health Unit,0.0025,561.0,1.19,0.5345,0.6944
39953,2020-09-03,2244,Middlesex-London Health Unit,0.0024,652.0,1.28,0.7062,0.8922
39954,2020-09-03,2243,"Leeds, Grenville and Lanark District Health Unit",0.0005,302.0,1.74,0.4985,0.715
39955,2020-09-03,2242,Lambton Health Unit,0.0015,189.0,1.44,0.1901,0.4711
39956,2020-09-03,2241,"Kingston, Frontenac and Lennox and Addington Health Unit",0.0,304.0,1.43,0.8543,0.955
39957,2020-09-03,5183,Huron Perth Health Unit,0.0006,232.0,1.66,0.1469,0.5064
39958,2020-09-03,2238,Hastings and Prince Edward Counties Health Unit,0.0005,277.0,1.65,0.3295,0.8334
39959,2020-09-03,2236,Halton Regional Health Unit,0.0036,826.0,1.33,0.5014,0.7649
39960,2020-09-03,2235,"Haliburton, Kawartha, Pine Ridge District Health Unit",0.0012,365.0,1.93,0.2233,0.5993
39961,2020-09-03,2234,Haldimand-Norfolk Health Unit,0.008,125.0,1.1,0.2875,0.497
39962,2020-09-03,2233,Grey Bruce Health Unit,0.0007,205.0,1.2,0.2611,0.6831
39963,2020-09-03,2258,Eastern Ontario Health Unit,0.0017,511.0,2.45,0.2897,0.7422
39964,2020-09-03,2230,Durham Regional Health Unit,0.0049,874.0,1.23,0.3972,0.6375
39965,2020-09-03,2226,District of Algoma Health Unit,0.0006,236.0,2.06,0.2523,0.6127
39966,2020-09-03,3895,City of Toronto Health Unit,0.0081,4930.0,1.58,0.6354,0.8425
39967,2020-09-03,2251,City of Ottawa Health Unit,0.0087,2027.0,1.92,0.4946,0.8084
39968,2020-09-03,2237,City of Hamilton Health Unit,0.0058,782.0,1.32,0.5426,0.7971
39969,2020-09-03,2240,Chatham-Kent Health Unit,0.0016,176.0,1.66,0.2224,0.6825
39970,2020-09-03,2227,Brant County Health Unit,0.0048,210.0,1.35,0.1906,0.3792
39971,2020-09-02,2270,York Regional Health Unit,0.0078,1673.0,1.36,0.4306,0.5827
39972,2020-09-02,2268,Windsor-Essex County Health Unit,0.0097,648.0,1.53,0.3337,0.7283
39973,2020-09-02,2266,Wellington-Dufferin-Guelph Health Unit,0.0023,559.0,1.79,0.1324,0.5482
39974,2020-09-02,2265,Waterloo Health Unit,0.0035,988.0,1.69,0.247,0.7373
39975,2020-09-02,2263,Timiskaming Health Unit,0.0,67.0,2.04,0.2233,0.5704
39976,2020-09-02,2262,Thunder Bay District Health Unit,0.0005,288.0,1.92,0.2634,0.7499
39977,2020-09-02,2261,Sudbury and District Health Unit,0.0,499.0,2.51,0.3982,0.7261
39978,2020-09-02,4913,Southwestern Public Health,0.0026,331.0,1.56,0.5019,0.7402
39979,2020-09-02,2260,Simcoe Muskoka District Health Unit,0.0022,1036.0,1.73,0.2975,0.5879
39980,2020-09-02,2257,Renfrew County and District Health Unit,0.0015,192.0,1.77,0.1577,0.5536
39981,2020-09-02,2256,Porcupine Health Unit,0.0,210.0,2.51,0.366,0.694
39982,2020-09-02,2255,Peterborough County-City Health Unit,0.0005,273.0,1.85,0.5558,0.7692
39983,2020-09-02,2253,Peel Regional Health Unit,0.0178,1946.0,1.21,0.5615,0.8013
39984,2020-09-02,35,Ontario,0.0059,23500.0,1.58,0.459,0.7346
39985,2020-09-02,2249,Northwestern Health Unit,0.0,224.0,2.56,0.092,0.3979
39986,2020-09-02,2247,North Bay Parry Sound District Health Unit,0.0,247.0,1.9,0.1639,0.3728
39987,2020-09-02,2246,Niagara Regional Area Health Unit,0.002,568.0,1.2,0.5106,0.7041
39988,2020-09-02,2244,Middlesex-London Health Unit,0.0022,711.0,1.4,0.69,0.8981
39989,2020-09-02,2243,"Leeds, Grenville and Lanark District Health Unit",0.0,330.0,1.9,0.501,0.7495
39990,2020-09-02,2242,Lambton Health Unit,0.0013,225.0,1.71,0.174,0.474
39991,2020-09-02,2241,"Kingston, Frontenac and Lennox and Addington Health Unit",0.0,325.0,1.53,0.8742,0.9607
39992,2020-09-02,5183,Huron Perth Health Unit,0.0005,262.0,1.87,0.1609,0.5403
39993,2020-09-02,2238,Hastings and Prince Edward Counties Health Unit,0.0005,307.0,1.82,0.3396,0.8315
39994,2020-09-02,2236,Halton Regional Health Unit,0.0036,842.0,1.36,0.5048,0.7947
39995,2020-09-02,2235,"Haliburton, Kawartha, Pine Ridge District Health Unit",0.0019,373.0,1.98,0.2262,0.6018
39996,2020-09-02,2234,Haldimand-Norfolk Health Unit,0.0067,127.0,1.11,0.2655,0.4934
39997,2020-09-02,2233,Grey Bruce Health Unit,0.0007,215.0,1.27,0.2192,0.6616
39998,2020-09-02,2258,Eastern Ontario Health Unit,0.0014,515.0,2.47,0.3501,0.7993
39999,2020-09-02,2230,Durham Regional Health Unit,0.0048,884.0,1.24,0.3691,0.6466
40000,2020-09-02,2226,District of Algoma Health Unit,0.0012,248.0,2.16,0.215,0.5802
40001,2020-09-02,3895,City of Toronto Health Unit,0.0079,4943.0,1.58,0.6475,0.8458
40002,2020-09-02,2251,City of Ottawa Health Unit,0.0085,2039.0,1.93,0.5191,0.816
40003,2020-09-02,2237,City of Hamilton Health Unit,0.005,799.0,1.35,0.5401,0.8028
40004,2020-09-02,2240,Chatham-Kent Health Unit,0.0016,177.0,1.66,0.2396,0.7059
40005,2020-09-02,2227,Brant County Health Unit,0.0041,207.0,1.33,0.1891,0.413
40006,2020-09-01,2270,York Regional Health Unit,0.0075,1688.0,1.38,0.4369,0.5882
40007,2020-09-01,2268,Windsor-Essex County Health Unit,0.0128,692.0,1.63,0.3316,0.7509
40008,2020-09-01,2266,Wellington-Dufferin-Guelph Health Unit,0.002,571.0,1.83,0.1348,0.586
40009,2020-09-01,2265,Waterloo Health Unit,0.0034,933.0,1.6,0.2347,0.7434
40010,2020-09-01,2263,Timiskaming Health Unit,0.0,79.0,2.41,0.3,0.607
40011,2020-09-01,2262,Thunder Bay District Health Unit,0.0005,303.0,2.02,0.2693,0.7845
40012,2020-09-01,2261,Sudbury and District Health Unit,0.0,530.0,2.66,0.4243,0.7297
40013,2020-09-01,4913,Southwestern Public Health,0.0019,371.0,1.75,0.4898,0.7382
40014,2020-09-01,2260,Simcoe Muskoka District Health Unit,0.0025,1033.0,1.72,0.2967,0.6037
40015,2020-09-01,2257,Renfrew County and District Health Unit,0.0015,192.0,1.77,0.1932,0.5826
40016,2020-09-01,2256,Porcupine Health Unit,0.0,204.0,2.44,0.3543,0.707
40017,2020-09-01,2255,Peterborough County-City Health Unit,0.0021,274.0,1.85,0.5464,0.7535
40018,2020-09-01,2253,Peel Regional Health Unit,0.017,1981.0,1.23,0.5623,0.8111
40019,2020-09-01,35,Ontario,0.0057,24118.0,1.63,0.4627,0.7427
40020,2020-09-01,2249,Northwestern Health Unit,0.0,237.0,2.71,0.0918,0.4166
40021,2020-09-01,2247,North Bay Parry Sound District Health Unit,0.0,283.0,2.18,0.1735,0.3781
40022,2020-09-01,2246,Niagara Regional Area Health Unit,0.0023,619.0,1.31,0.522,0.7152
40023,2020-09-01,2244,Middlesex-London Health Unit,0.0022,762.0,1.5,0.6637,0.8964
40024,2020-09-01,2243,"Leeds, Grenville and Lanark District Health Unit",0.0004,349.0,2.01,0.4923,0.7592
40025,2020-09-01,2242,Lambton Health Unit,0.0006,240.0,1.84,0.1751,0.4941
40026,2020-09-01,2241,"Kingston, Frontenac and Lennox and Addington Health Unit",0.0,360.0,1.69,0.8736,0.9645
40027,2020-09-01,5183,Huron Perth Health Unit,0.0024,299.0,2.14,0.1604,0.541
40028,2020-09-01,2238,Hastings and Prince Edward Counties Health Unit,0.0009,315.0,1.87,0.3656,0.8306
40029,2020-09-01,2236,Halton Regional Health Unit,0.0031,868.0,1.4,0.5109,0.8051
40030,2020-09-01,2235,"Haliburton, Kawartha, Pine Ridge District Health Unit",0.0018,407.0,2.16,0.2302,0.6141
40031,2020-09-01,2234,Haldimand-Norfolk Health Unit,0.0069,145.0,1.27,0.304,0.5709
40032,2020-09-01,2233,Grey Bruce Health Unit,0.0006,220.0,1.3,0.2096,0.6864
40033,2020-09-01,2258,Eastern Ontario Health Unit,0.0014,509.0,2.44,0.3897,0.793
40034,2020-09-01,2230,Durham Regional Health Unit,0.0051,890.0,1.25,0.3554,0.6559
40035,2020-09-01,2226,District of Algoma Health Unit,0.0013,226.0,1.98,0.2297,0.6045
40036,2020-09-01,3895,City of Toronto Health Unit,0.0073,4984.0,1.6,0.6453,0.8441
40037,2020-09-01,2251,City of Ottawa Health Unit,0.0083,1992.0,1.89,0.5522,0.82
40038,2020-09-01,2237,City of Hamilton Health Unit,0.0042,917.0,1.55,0.5315,0.8097
40039,2020-09-01,2240,Chatham-Kent Health Unit,0.0015,196.0,1.84,0.2305,0.6765
40040,2020-09-01,2227,Brant County Health Unit,0.0045,225.0,1.45,0.1959,0.4227
40041,2020-08-31,2270,York Regional Health Unit,0.0072,1695.0,1.38,0.4608,0.6061
40042,2020-08-31,2268,Windsor-Essex County Health Unit,0.0114,724.0,1.7,0.3465,0.7549
40043,2020-08-31,2266,Wellington-Dufferin-Guelph Health Unit,0.0018,630.0,2.02,0.1492,0.6152
40044,2020-08-31,2265,Waterloo Health Unit,0.0035,932.0,1.6,0.2147,0.7461
40045,2020-08-31,2263,Timiskaming Health Unit,0.0017,84.0,2.57,0.33,0.6133
40046,2020-08-31,2262,Thunder Bay District Health Unit,0.0004,328.0,2.19,0.2876,0.8173
40047,2020-08-31,2261,Sudbury and District Health Unit,0.0,552.0,2.77,0.4293,0.7385
40048,2020-08-31,4913,Southwestern Public Health,0.0015,394.0,1.86,0.4988,0.7464
40049,2020-08-31,2260,Simcoe Muskoka District Health Unit,0.0029,1067.0,1.78,0.3316,0.6403
40050,2020-08-31,2257,Renfrew County and District Health Unit,0.0022,192.0,1.77,0.2062,0.5453
40051,2020-08-31,2256,Porcupine Health Unit,0.0,210.0,2.52,0.3546,0.696
40052,2020-08-31,2255,Peterborough County-City Health Unit,0.002,283.0,1.91,0.5584,0.7658
40053,2020-08-31,2253,Peel Regional Health Unit,0.0149,2050.0,1.28,0.5952,0.839
40054,2020-08-31,35,Ontario,0.0054,24641.0,1.66,0.4763,0.7574
40055,2020-08-31,2249,Northwestern Health Unit,0.0,235.0,2.69,0.1039,0.4607
40056,2020-08-31,2247,North Bay Parry Sound District Health Unit,0.0,295.0,2.27,0.1702,0.3944
40057,2020-08-31,2246,Niagara Regional Area Health Unit,0.0021,689.0,1.46,0.5389,0.7246
40058,2020-08-31,2244,Middlesex-London Health Unit,0.0018,784.0,1.55,0.6621,0.8981
40059,2020-08-31,2243,"Leeds, Grenville and Lanark District Health Unit",0.0019,368.0,2.12,0.4909,0.7657
40060,2020-08-31,2242,Lambton Health Unit,0.0005,271.0,2.07,0.1661,0.5002
40061,2020-08-31,2241,"Kingston, Frontenac and Lennox and Addington Health Unit",0.0,376.0,1.77,0.8695,0.9597
40062,2020-08-31,5183,Huron Perth Health Unit,0.0022,323.0,2.31,0.1832,0.564
40063,2020-08-31,2238,Hastings and Prince Edward Counties Health Unit,0.0009,329.0,1.95,0.3659,0.8341
40064,2020-08-31,2236,Halton Regional Health Unit,0.0032,880.0,1.42,0.5319,0.8427
40065,2020-08-31,2235,"Haliburton, Kawartha, Pine Ridge District Health Unit",0.0021,413.0,2.18,0.1948,0.59
40066,2020-08-31,2234,Haldimand-Norfolk Health Unit,0.0062,161.0,1.41,0.3236,0.5819
40067,2020-08-31,2233,Grey Bruce Health Unit,0.0006,235.0,1.39,0.1875,0.6895
40068,2020-08-31,2258,Eastern Ontario Health Unit,0.0017,509.0,2.44,0.4078,0.8052
40069,2020-08-31,2230,Durham Regional Health Unit,0.0044,909.0,1.28,0.3775,0.6936
40070,2020-08-31,2226,District of Algoma Health Unit,0.0006,227.0,1.98,0.2023,0.5691
40071,2020-08-31,3895,City of Toronto Health Unit,0.0073,4946.0,1.58,0.6623,0.8573
40072,2020-08-31,2251,City of Ottawa Health Unit,0.0082,1891.0,1.79,0.5837,0.8318
40073,2020-08-31,2237,City of Hamilton Health Unit,0.0039,960.0,1.62,0.5531,0.8452
40074,2020-08-31,2240,Chatham-Kent Health Unit,0.0013,221.0,2.08,0.2502,0.689
40075,2020-08-31,2227,Brant County Health Unit,0.0041,246.0,1.58,0.1932,0.4254
40076,2020-08-30,2270,York Regional Health Unit,0.0068,1687.0,1.38,0.5144,0.681
40077,2020-08-30,2268,Windsor-Essex County Health Unit,0.0123,824.0,1.94,0.3448,0.7589
40078,2020-08-30,2266,Wellington-Dufferin-Guelph Health Unit,0.0027,637.0,2.04,0.1516,0.6402
40079,2020-08-30,2265,Waterloo Health Unit,0.004,961.0,1.64,0.2192,0.7756
40080,2020-08-30,2263,Timiskaming Health Unit,0.0017,86.0,2.64,0.3452,0.6412
40081,2020-08-30,2262,Thunder Bay District Health Unit,0.0004,366.0,2.44,0.2801,0.8126
40082,2020-08-30,2261,Sudbury and District Health Unit,0.0,543.0,2.73,0.4186,0.7455
40083,2020-08-30,4913,Southwestern Public Health,0.0035,412.0,1.95,0.5177,0.7744
40084,2020-08-30,2260,Simcoe Muskoka District Health Unit,0.0028,1133.0,1.89,0.3498,0.6755
40085,2020-08-30,2257,Renfrew County and District Health Unit,0.0021,209.0,1.92,0.1992,0.5236
40086,2020-08-30,2256,Porcupine Health Unit,0.0,206.0,2.47,0.3278,0.6433
40087,2020-08-30,2255,Peterborough County-City Health Unit,0.0015,289.0,1.96,0.5713,0.7874
40088,2020-08-30,2253,Peel Regional Health Unit,0.013,2124.0,1.32,0.6245,0.8711
40089,2020-08-30,35,Ontario,0.0054,25106.0,1.69,0.4904,0.777
40090,2020-08-30,2249,Northwestern Health Unit,0.0,241.0,2.75,0.1053,0.4629
40091,2020-08-30,2247,North Bay Parry Sound District Health Unit,0.0,297.0,2.29,0.1751,0.4049
40092,2020-08-30,2246,Niagara Regional Area Health Unit,0.0022,727.0,1.54,0.4824,0.6903
40093,2020-08-30,2244,Middlesex-London Health Unit,0.0016,809.0,1.59,0.6705,0.9012
40094,2020-08-30,2243,"Leeds, Grenville and Lanark District Health Unit",0.0024,359.0,2.08,0.5219,0.8214
40095,2020-08-30,2242,Lambton Health Unit,0.0005,294.0,2.25,0.1702,0.5097
40096,2020-08-30,2241,"Kingston, Frontenac and Lennox and Addington Health Unit",0.0,382.0,1.79,0.8739,0.9671
40097,2020-08-30,5183,Huron Perth Health Unit,0.0021,336.0,2.4,0.1994,0.599
40098,2020-08-30,2238,Hastings and Prince Edward Counties Health Unit,0.0009,324.0,1.92,0.3761,0.8626
40099,2020-08-30,2236,Halton Regional Health Unit,0.004,862.0,1.39,0.5237,0.8341
40100,2020-08-30,2235,"Haliburton, Kawartha, Pine Ridge District Health Unit",0.0021,403.0,2.14,0.1933,0.6007
40101,2020-08-30,2234,Haldimand-Norfolk Health Unit,0.0048,178.0,1.56,0.3462,0.6181
40102,2020-08-30,2233,Grey Bruce Health Unit,0.0006,253.0,1.49,0.1924,0.7164
40103,2020-08-30,2258,Eastern Ontario Health Unit,0.0028,466.0,2.23,0.4145,0.8064
40104,2020-08-30,2230,Durham Regional Health Unit,0.0054,921.0,1.29,0.3944,0.7099
40105,2020-08-30,2226,District of Algoma Health Unit,0.0006,224.0,1.96,0.2036,0.5791
40106,2020-08-30,3895,City of Toronto Health Unit,0.0072,4950.0,1.59,0.6871,0.8793
40107,2020-08-30,2251,City of Ottawa Health Unit,0.0085,1903.0,1.8,0.5954,0.8475
40108,2020-08-30,2237,City of Hamilton Health Unit,0.0037,996.0,1.68,0.5349,0.8205
40109,2020-08-30,2240,Chatham-Kent Health Unit,0.0013,222.0,2.09,0.2795,0.7205
40110,2020-08-30,2227,Brant County Health Unit,0.0023,252.0,1.62,0.2052,0.4208
40111,2020-08-29,2270,York Regional Health Unit,0.007,1683.0,1.37,0.5418,0.7368
40112,2020-08-29,2268,Windsor-Essex County Health Unit,0.0117,806.0,1.9,0.3491,0.7558
40113,2020-08-29,2266,Wellington-Dufferin-Guelph Health Unit,0.0025,637.0,2.04,0.1626,0.6425
40114,2020-08-29,2265,Waterloo Health Unit,0.0039,960.0,1.64,0.2596,0.7886
40115,2020-08-29,2263,Timiskaming Health Unit,0.0017,85.0,2.61,0.3917,0.7579
40116,2020-08-29,2262,Thunder Bay District Health Unit,0.0008,369.0,2.46,0.2786,0.799
40117,2020-08-29,2261,Sudbury and District Health Unit,0.0,547.0,2.75,0.4261,0.7938
40118,2020-08-29,4913,Southwestern Public Health,0.0034,415.0,1.96,0.5371,0.7964
40119,2020-08-29,2260,Simcoe Muskoka District Health Unit,0.003,1131.0,1.89,0.3663,0.6845
40120,2020-08-29,2257,Renfrew County and District Health Unit,0.002,210.0,1.94,0.2416,0.5455
40121,2020-08-29,2256,Porcupine Health Unit,0.0,203.0,2.43,0.3457,0.6566
40122,2020-08-29,2255,Peterborough County-City Health Unit,0.0015,291.0,1.97,0.5701,0.7913
40123,2020-08-29,2253,Peel Regional Health Unit,0.0128,2105.0,1.31,0.6316,0.8752
40124,2020-08-29,35,Ontario,0.0053,25045.0,1.69,0.5102,0.7927
40125,2020-08-29,2249,Northwestern Health Unit,0.0,241.0,2.75,0.1081,0.4295
40126,2020-08-29,2247,North Bay Parry Sound District Health Unit,0.0,301.0,2.32,0.193,0.4632
40127,2020-08-29,2246,Niagara Regional Area Health Unit,0.0026,725.0,1.54,0.4837,0.6982
40128,2020-08-29,2244,Middlesex-London Health Unit,0.0017,821.0,1.62,0.7097,0.9205
40129,2020-08-29,2243,"Leeds, Grenville and Lanark District Health Unit",0.0024,354.0,2.05,0.552,0.8345
40130,2020-08-29,2242,Lambton Health Unit,0.0005,295.0,2.25,0.2052,0.6083
40131,2020-08-29,2241,"Kingston, Frontenac and Lennox and Addington Health Unit",0.0004,377.0,1.77,0.8766,0.9724
40132,2020-08-29,5183,Huron Perth Health Unit,0.0025,340.0,2.43,0.2327,0.6345
40133,2020-08-29,2238,Hastings and Prince Edward Counties Health Unit,0.0018,326.0,1.93,0.4218,0.871
40134,2020-08-29,2236,Halton Regional Health Unit,0.0045,862.0,1.39,0.5408,0.8264
40135,2020-08-29,2235,"Haliburton, Kawartha, Pine Ridge District Health Unit",0.0018,402.0,2.13,0.2102,0.6024
40136,2020-08-29,2234,Haldimand-Norfolk Health Unit,0.0041,174.0,1.53,0.3708,0.684
40137,2020-08-29,2233,Grey Bruce Health Unit,0.0006,253.0,1.49,0.1934,0.7466
40138,2020-08-29,2258,Eastern Ontario Health Unit,0.0027,472.0,2.26,0.4238,0.8079
40139,2020-08-29,2230,Durham Regional Health Unit,0.0051,920.0,1.29,0.4088,0.7222
40140,2020-08-29,2226,District of Algoma Health Unit,0.0006,226.0,1.98,0.2137,0.5777
40141,2020-08-29,3895,City of Toronto Health Unit,0.007,4934.0,1.58,0.7032,0.8897
40142,2020-08-29,2251,City of Ottawa Health Unit,0.0083,1884.0,1.79,0.6203,0.8575
40143,2020-08-29,2237,City of Hamilton Health Unit,0.0035,993.0,1.68,0.553,0.8183
40144,2020-08-29,2240,Chatham-Kent Health Unit,0.0013,224.0,2.11,0.3007,0.7114
40145,2020-08-29,2227,Brant County Health Unit,0.0023,251.0,1.62,0.2204,0.4851
40146,2020-08-28,2270,York Regional Health Unit,0.0076,1678.0,1.37,0.5709,0.7694
40147,2020-08-28,2268,Windsor-Essex County Health Unit,0.0111,785.0,1.85,0.4101,0.8595
40148,2020-08-28,2266,Wellington-Dufferin-Guelph Health Unit,0.0023,630.0,2.02,0.1458,0.6032
40149,2020-08-28,2265,Waterloo Health Unit,0.0034,961.0,1.64,0.2992,0.7919
40150,2020-08-28,2263,Timiskaming Health Unit,0.0017,86.0,2.62,0.3752,0.7246
40151,2020-08-28,2262,Thunder Bay District Health Unit,0.0012,372.0,2.48,0.291,0.8064
40152,2020-08-28,2261,Sudbury and District Health Unit,0.0,550.0,2.76,0.4316,0.7773
40153,2020-08-28,4913,Southwestern Public Health,0.0035,411.0,1.94,0.6164,0.8752
40154,2020-08-28,2260,Simcoe Muskoka District Health Unit,0.0029,1137.0,1.9,0.3863,0.6923
40155,2020-08-28,2257,Renfrew County and District Health Unit,0.002,210.0,1.93,0.2589,0.5665
40156,2020-08-28,2256,Porcupine Health Unit,0.0,202.0,2.42,0.3773,0.6921
40157,2020-08-28,2255,Peterborough County-City Health Unit,0.0014,303.0,2.05,0.5656,0.7775
40158,2020-08-28,2253,Peel Regional Health Unit,0.0122,2088.0,1.3,0.6384,0.8863
40159,2020-08-28,35,Ontario,0.0053,24944.0,1.68,0.5257,0.8065
40160,2020-08-28,2249,Northwestern Health Unit,0.0,245.0,2.79,0.1078,0.4191
40161,2020-08-28,2247,North Bay Parry Sound District Health Unit,0.0,289.0,2.23,0.1872,0.4597
40162,2020-08-28,2246,Niagara Regional Area Health Unit,0.0022,722.0,1.53,0.4818,0.7138
40163,2020-08-28,2244,Middlesex-London Health Unit,0.0017,821.0,1.62,0.7549,0.9505
40164,2020-08-28,2243,"Leeds, Grenville and Lanark District Health Unit",0.0025,350.0,2.02,0.5964,0.8689
40165,2020-08-28,2242,Lambton Health Unit,0.001,293.0,2.24,0.2101,0.6782
40166,2020-08-28,2241,"Kingston, Frontenac and Lennox and Addington Health Unit",0.0004,375.0,1.76,0.8837,0.9743
40167,2020-08-28,5183,Huron Perth Health Unit,0.0025,343.0,2.46,0.2781,0.7424
40168,2020-08-28,2238,Hastings and Prince Edward Counties Health Unit,0.0018,322.0,1.91,0.4963,0.8802
40169,2020-08-28,2236,Halton Regional Health Unit,0.0042,845.0,1.37,0.5607,0.8284
40170,2020-08-28,2235,"Haliburton, Kawartha, Pine Ridge District Health Unit",0.0018,403.0,2.13,0.1913,0.5536
40171,2020-08-28,2234,Haldimand-Norfolk Health Unit,0.0041,175.0,1.53,0.365,0.7132
40172,2020-08-28,2233,Grey Bruce Health Unit,0.0006,252.0,1.48,0.2207,0.766
40173,2020-08-28,2258,Eastern Ontario Health Unit,0.0027,470.0,2.25,0.4301,0.7956
40174,2020-08-28,2230,Durham Regional Health Unit,0.0047,914.0,1.28,0.4125,0.7237
40175,2020-08-28,2226,District of Algoma Health Unit,0.0006,227.0,1.99,0.2436,0.5809
40176,2020-08-28,3895,City of Toronto Health Unit,0.007,4908.0,1.57,0.7022,0.8884
40177,2020-08-28,2251,City of Ottawa Health Unit,0.0088,1875.0,1.78,0.626,0.8627
40178,2020-08-28,2237,City of Hamilton Health Unit,0.0036,1001.0,1.69,0.5622,0.8419
40179,2020-08-28,2240,Chatham-Kent Health Unit,0.0013,225.0,2.12,0.3507,0.8345
40180,2020-08-28,2227,Brant County Health Unit,0.0017,250.0,1.61,0.2167,0.5239
40181,2020-08-27,2270,York Regional Health Unit,0.0066,1675.0,1.37,0.5919,0.8263
40182,2020-08-27,2268,Windsor-Essex County Health Unit,0.0116,778.0,1.83,0.4139,0.8773
40183,2020-08-27,2266,Wellington-Dufferin-Guelph Health Unit,0.0022,598.0,1.92,0.1602,0.6268
40184,2020-08-27,2265,Waterloo Health Unit,0.0037,964.0,1.65,0.3179,0.8107
40185,2020-08-27,2263,Timiskaming Health Unit,0.0016,89.0,2.71,0.4073,0.7373
40186,2020-08-27,2262,Thunder Bay District Health Unit,0.0008,376.0,2.51,0.3041,0.8066
40187,2020-08-27,2261,Sudbury and District Health Unit,0.0,549.0,2.76,0.4525,0.7921
40188,2020-08-27,4913,Southwestern Public Health,0.0032,404.0,1.91,0.5862,0.8879
40189,2020-08-27,2260,Simcoe Muskoka District Health Unit,0.0037,1128.0,1.88,0.4102,0.7633
40190,2020-08-27,2257,Renfrew County and District Health Unit,0.0019,224.0,2.07,0.2441,0.5996
40191,2020-08-27,2256,Porcupine Health Unit,0.0007,194.0,2.33,0.3876,0.6955
40192,2020-08-27,2255,Peterborough County-City Health Unit,0.0015,289.0,1.95,0.61,0.7938
40193,2020-08-27,2253,Peel Regional Health Unit,0.012,2042.0,1.27,0.6591,0.9173
40194,2020-08-27,35,Ontario,0.0052,24564.0,1.66,0.5351,0.8264
40195,2020-08-27,2249,Northwestern Health Unit,0.0,228.0,2.6,0.1154,0.4351
40196,2020-08-27,2247,North Bay Parry Sound District Health Unit,0.0,274.0,2.11,0.1787,0.4929
40197,2020-08-27,2246,Niagara Regional Area Health Unit,0.0022,719.0,1.52,0.5017,0.7269
40198,2020-08-27,2244,Middlesex-London Health Unit,0.0017,819.0,1.61,0.7733,0.9619
40199,2020-08-27,2243,"Leeds, Grenville and Lanark District Health Unit",0.0025,336.0,1.94,0.6016,0.875
40200,2020-08-27,2242,Lambton Health Unit,0.001,286.0,2.18,0.1906,0.7169
40201,2020-08-27,2241,"Kingston, Frontenac and Lennox and Addington Health Unit",0.0004,376.0,1.77,0.8798,0.9765
40202,2020-08-27,5183,Huron Perth Health Unit,0.0025,337.0,2.41,0.2548,0.7379
40203,2020-08-27,2238,Hastings and Prince Edward Counties Health Unit,0.0018,309.0,1.84,0.4767,0.8958
40204,2020-08-27,2236,Halton Regional Health Unit,0.004,820.0,1.33,0.5565,0.8239
40205,2020-08-27,2235,"Haliburton, Kawartha, Pine Ridge District Health Unit",0.0018,400.0,2.11,0.2123,0.5584
40206,2020-08-27,2234,Haldimand-Norfolk Health Unit,0.0025,175.0,1.53,0.3485,0.7055
40207,2020-08-27,2233,Grey Bruce Health Unit,0.0006,250.0,1.47,0.2486,0.7936
40208,2020-08-27,2258,Eastern Ontario Health Unit,0.0033,472.0,2.26,0.4453,0.8502
40209,2020-08-27,2230,Durham Regional Health Unit,0.0047,890.0,1.25,0.4093,0.7571
40210,2020-08-27,2226,District of Algoma Health Unit,0.0006,223.0,1.95,0.2471,0.6662
40211,2020-08-27,3895,City of Toronto Health Unit,0.0065,4807.0,1.54,0.7042,0.8949
40212,2020-08-27,2251,City of Ottawa Health Unit,0.0087,1864.0,1.77,0.6479,0.8786
40213,2020-08-27,2237,City of Hamilton Health Unit,0.0032,983.0,1.66,0.5497,0.8247
40214,2020-08-27,2240,Chatham-Kent Health Unit,0.002,213.0,2.01,0.3528,0.888
40215,2020-08-27,2227,Brant County Health Unit,0.0011,251.0,1.61,0.2222,0.5242
40216,2020-08-26,2270,York Regional Health Unit,0.0069,1627.0,1.33,0.5799,0.8627
40217,2020-08-26,2268,Windsor-Essex County Health Unit,0.011,768.0,1.81,0.4482,0.9277
40218,2020-08-26,2266,Wellington-Dufferin-Guelph Health Unit,0.0025,574.0,1.84,0.1757,0.59
40219,2020-08-26,2265,Waterloo Health Unit,0.0038,901.0,1.54,0.3469,0.8169
40220,2020-08-26,2263,Timiskaming Health Unit,0.0017,85.0,2.61,0.4273,0.7204
40221,2020-08-26,2262,Thunder Bay District Health Unit,0.0008,379.0,2.52,0.3504,0.8303
40222,2020-08-26,2261,Sudbury and District Health Unit,0.0,513.0,2.58,0.4613,0.791
40223,2020-08-26,4913,Southwestern Public Health,0.0047,363.0,1.72,0.63,0.9057
40224,2020-08-26,2260,Simcoe Muskoka District Health Unit,0.0037,1113.0,1.86,0.4203,0.7529
40225,2020-08-26,2257,Renfrew County and District Health Unit,0.0014,203.0,1.87,0.2269,0.6296
40226,2020-08-26,2256,Porcupine Health Unit,0.0008,187.0,2.24,0.4382,0.725
40227,2020-08-26,2255,Peterborough County-City Health Unit,0.0019,297.0,2.01,0.6238,0.7952
40228,2020-08-26,2253,Peel Regional Health Unit,0.0129,1988.0,1.24,0.672,0.9238
40229,2020-08-26,35,Ontario,0.0052,23789.0,1.6,0.543,0.8294
40230,2020-08-26,2249,Northwestern Health Unit,0.0007,216.0,2.46,0.1102,0.4021
40231,2020-08-26,2247,North Bay Parry Sound District Health Unit,0.0,273.0,2.1,0.1771,0.508
40232,2020-08-26,2246,Niagara Regional Area Health Unit,0.0021,736.0,1.56,0.5371,0.7229
40233,2020-08-26,2244,Middlesex-London Health Unit,0.0017,770.0,1.52,0.7881,0.9624
40234,2020-08-26,2243,"Leeds, Grenville and Lanark District Health Unit",0.0047,306.0,1.76,0.6225,0.8556
40235,2020-08-26,2242,Lambton Health Unit,0.0011,252.0,1.93,0.2118,0.6954
40236,2020-08-26,2241,"Kingston, Frontenac and Lennox and Addington Health Unit",0.0004,354.0,1.66,0.8855,0.9755
40237,2020-08-26,5183,Huron Perth Health Unit,0.0046,310.0,2.22,0.2569,0.7183
40238,2020-08-26,2238,Hastings and Prince Edward Counties Health Unit,0.0026,274.0,1.63,0.4922,0.9186
40239,2020-08-26,2236,Halton Regional Health Unit,0.0037,805.0,1.3,0.567,0.8304
40240,2020-08-26,2235,"Haliburton, Kawartha, Pine Ridge District Health Unit",0.0015,387.0,2.05,0.1782,0.5566
40241,2020-08-26,2234,Haldimand-Norfolk Health Unit,0.0025,168.0,1.47,0.3344,0.7166
40242,2020-08-26,2233,Grey Bruce Health Unit,0.0,241.0,1.42,0.2241,0.7813
40243,2020-08-26,2258,Eastern Ontario Health Unit,0.0028,457.0,2.19,0.4277,0.8424
40244,2020-08-26,2230,Durham Regional Health Unit,0.0047,858.0,1.2,0.4216,0.7649
40245,2020-08-26,2226,District of Algoma Health Unit,0.0,205.0,1.79,0.2979,0.6823
40246,2020-08-26,3895,City of Toronto Health Unit,0.0061,4693.0,1.5,0.7003,0.892
40247,2020-08-26,2251,City of Ottawa Health Unit,0.0087,1830.0,1.73,0.6438,0.8789
40248,2020-08-26,2237,City of Hamilton Health Unit,0.0033,984.0,1.66,0.573,0.8221
40249,2020-08-26,2240,Chatham-Kent Health Unit,0.0027,214.0,2.01,0.3541,0.8822
40250,2020-08-26,2227,Brant County Health Unit,0.0006,246.0,1.58,0.2314,0.5084
40251,2020-08-25,2270,York Regional Health Unit,0.0063,1580.0,1.29,0.5507,0.8775
40252,2020-08-25,2268,Windsor-Essex County Health Unit,0.0093,707.0,1.66,0.4457,0.9173
40253,2020-08-25,2266,Wellington-Dufferin-Guelph Health Unit,0.0021,542.0,1.74,0.1714,0.5407
40254,2020-08-25,2265,Waterloo Health Unit,0.0036,942.0,1.61,0.3853,0.8023
40255,2020-08-25,2263,Timiskaming Health Unit,0.002,72.0,2.19,0.3722,0.6726
40256,2020-08-25,2262,Thunder Bay District Health Unit,0.0008,363.0,2.42,0.3726,0.8203
40257,2020-08-25,2261,Sudbury and District Health Unit,0.0,505.0,2.54,0.45,0.7863
40258,2020-08-25,4913,Southwestern Public Health,0.0053,352.0,1.66,0.6382,0.912
40259,2020-08-25,2260,Simcoe Muskoka District Health Unit,0.0035,1108.0,1.85,0.4258,0.7305
40260,2020-08-25,2257,Renfrew County and District Health Unit,0.0007,193.0,1.78,0.1963,0.6117
40261,2020-08-25,2256,Porcupine Health Unit,0.0008,188.0,2.26,0.4812,0.7572
40262,2020-08-25,2255,Peterborough County-City Health Unit,0.0005,281.0,1.9,0.6386,0.8278
40263,2020-08-25,2253,Peel Regional Health Unit,0.0125,1897.0,1.18,0.6987,0.9195
40264,2020-08-25,35,Ontario,0.0051,23054.0,1.55,0.545,0.8258
40265,2020-08-25,2249,Northwestern Health Unit,0.0007,200.0,2.29,0.111,0.3559
40266,2020-08-25,2247,North Bay Parry Sound District Health Unit,0.0,235.0,1.81,0.1722,0.4953
40267,2020-08-25,2246,Niagara Regional Area Health Unit,0.0018,698.0,1.48,0.5118,0.7366
40268,2020-08-25,2244,Middlesex-London Health Unit,0.0016,719.0,1.42,0.8209,0.9678
40269,2020-08-25,2243,"Leeds, Grenville and Lanark District Health Unit",0.0048,269.0,1.56,0.6201,0.8183
40270,2020-08-25,2242,Lambton Health Unit,0.0012,240.0,1.83,0.2245,0.6774
40271,2020-08-25,2241,"Kingston, Frontenac and Lennox and Addington Health Unit",0.0004,331.0,1.56,0.8695,0.9714
40272,2020-08-25,5183,Huron Perth Health Unit,0.0031,276.0,1.97,0.2545,0.691
40273,2020-08-25,2238,Hastings and Prince Edward Counties Health Unit,0.0021,266.0,1.58,0.4656,0.9247
40274,2020-08-25,2236,Halton Regional Health Unit,0.0035,782.0,1.26,0.555,0.8287
40275,2020-08-25,2235,"Haliburton, Kawartha, Pine Ridge District Health Unit",0.002,365.0,1.93,0.1692,0.569
40276,2020-08-25,2234,Haldimand-Norfolk Health Unit,0.0026,163.0,1.43,0.3049,0.6814
40277,2020-08-25,2233,Grey Bruce Health Unit,0.0,229.0,1.35,0.2129,0.7725
40278,2020-08-25,2258,Eastern Ontario Health Unit,0.0031,464.0,2.22,0.4559,0.8525
40279,2020-08-25,2230,Durham Regional Health Unit,0.0042,857.0,1.2,0.3989,0.7746
40280,2020-08-25,2226,District of Algoma Health Unit,0.0,232.0,2.03,0.3162,0.6979
40281,2020-08-25,3895,City of Toronto Health Unit,0.0059,4633.0,1.48,0.704,0.8915
40282,2020-08-25,2251,City of Ottawa Health Unit,0.0095,1796.0,1.7,0.661,0.8733
40283,2020-08-25,2237,City of Hamilton Health Unit,0.0033,920.0,1.55,0.584,0.8176
40284,2020-08-25,2240,Chatham-Kent Health Unit,0.0042,204.0,1.92,0.3195,0.9031
40285,2020-08-25,2227,Brant County Health Unit,0.0006,239.0,1.54,0.2328,0.5148
40286,2020-08-24,2270,York Regional Health Unit,0.0059,1545.0,1.26,0.5229,0.8497
40287,2020-08-24,2268,Windsor-Essex County Health Unit,0.0097,647.0,1.52,0.4097,0.9065
40288,2020-08-24,2266,Wellington-Dufferin-Guelph Health Unit,0.003,483.0,1.55,0.1331,0.4307
40289,2020-08-24,2265,Waterloo Health Unit,0.0036,943.0,1.61,0.4143,0.8001
40290,2020-08-24,2263,Timiskaming Health Unit,0.0,61.0,1.88,0.3243,0.6349
40291,2020-08-24,2262,Thunder Bay District Health Unit,0.0009,335.0,2.24,0.3925,0.8174
40292,2020-08-24,2261,Sudbury and District Health Unit,0.0,485.0,2.44,0.4527,0.7876
40293,2020-08-24,4913,Southwestern Public Health,0.006,335.0,1.59,0.6222,0.9027
40294,2020-08-24,2260,Simcoe Muskoka District Health Unit,0.0032,1025.0,1.71,0.3848,0.6842
40295,2020-08-24,2257,Renfrew County and District Health Unit,0.0007,195.0,1.79,0.1957,0.6064
40296,2020-08-24,2256,Porcupine Health Unit,0.0008,189.0,2.27,0.4663,0.7633
40297,2020-08-24,2255,Peterborough County-City Health Unit,0.0005,267.0,1.8,0.6308,0.8217
40298,2020-08-24,2253,Peel Regional Health Unit,0.0122,1835.0,1.14,0.6786,0.8946
40299,2020-08-24,35,Ontario,0.005,22250.0,1.5,0.5298,0.8039
40300,2020-08-24,2249,Northwestern Health Unit,0.0007,192.0,2.18,0.1031,0.3293
40301,2020-08-24,2247,North Bay Parry Sound District Health Unit,0.0,221.0,1.7,0.1779,0.4827
40302,2020-08-24,2246,Niagara Regional Area Health Unit,0.0018,637.0,1.35,0.4836,0.7243
40303,2020-08-24,2244,Middlesex-London Health Unit,0.0022,730.0,1.44,0.8185,0.9592
40304,2020-08-24,2243,"Leeds, Grenville and Lanark District Health Unit",0.0034,250.0,1.44,0.5734,0.7594
40305,2020-08-24,2242,Lambton Health Unit,0.0013,215.0,1.64,0.2121,0.6211
40306,2020-08-24,2241,"Kingston, Frontenac and Lennox and Addington Health Unit",0.0005,312.0,1.47,0.8649,0.9718
40307,2020-08-24,5183,Huron Perth Health Unit,0.0044,260.0,1.86,0.2228,0.6604
40308,2020-08-24,2238,Hastings and Prince Edward Counties Health Unit,0.0023,250.0,1.48,0.4549,0.9063
40309,2020-08-24,2236,Halton Regional Health Unit,0.0033,781.0,1.26,0.5462,0.8211
40310,2020-08-24,2235,"Haliburton, Kawartha, Pine Ridge District Health Unit",0.0015,373.0,1.98,0.1781,0.5726
40311,2020-08-24,2234,Haldimand-Norfolk Health Unit,0.0026,167.0,1.46,0.2933,0.6661
40312,2020-08-24,2233,Grey Bruce Health Unit,0.0,214.0,1.26,0.1832,0.7132
40313,2020-08-24,2258,Eastern Ontario Health Unit,0.0023,437.0,2.09,0.4721,0.8487
40314,2020-08-24,2230,Durham Regional Health Unit,0.0045,822.0,1.15,0.3412,0.7263
40315,2020-08-24,2226,District of Algoma Health Unit,0.0,225.0,1.97,0.3387,0.7224
40316,2020-08-24,3895,City of Toronto Health Unit,0.0052,4568.0,1.46,0.6915,0.8724
40317,2020-08-24,2251,City of Ottawa Health Unit,0.0102,1787.0,1.69,0.6541,0.8524
40318,2020-08-24,2237,City of Hamilton Health Unit,0.0043,871.0,1.47,0.5751,0.8161
40319,2020-08-24,2240,Chatham-Kent Health Unit,0.0056,178.0,1.68,0.312,0.9006
40320,2020-08-24,2227,Brant County Health Unit,0.0007,212.0,1.37,0.2141,0.4633
40321,2020-08-23,2270,York Regional Health Unit,0.0057,1557.0,1.27,0.5006,0.8307
40322,2020-08-23,2268,Windsor-Essex County Health Unit,0.0083,535.0,1.26,0.3707,0.8105
40323,2020-08-23,2266,Wellington-Dufferin-Guelph Health Unit,0.0018,475.0,1.52,0.1427,0.4194
40324,2020-08-23,2265,Waterloo Health Unit,0.0036,924.0,1.58,0.3971,0.7702
40325,2020-08-23,2263,Timiskaming Health Unit,0.0,57.0,1.75,0.2797,0.5595
40326,2020-08-23,2262,Thunder Bay District Health Unit,0.0014,299.0,2.0,0.4165,0.835
40327,2020-08-23,2261,Sudbury and District Health Unit,0.0,484.0,2.43,0.4433,0.7704
40328,2020-08-23,4913,Southwestern Public Health,0.0053,322.0,1.52,0.601,0.8664
40329,2020-08-23,2260,Simcoe Muskoka District Health Unit,0.0036,963.0,1.61,0.3647,0.6613
40330,2020-08-23,2257,Renfrew County and District Health Unit,0.0007,194.0,1.78,0.2242,0.684
40331,2020-08-23,2256,Porcupine Health Unit,0.0008,190.0,2.28,0.4605,0.7244
40332,2020-08-23,2255,Peterborough County-City Health Unit,0.0005,263.0,1.77,0.6191,0.815
40333,2020-08-23,2253,Peel Regional Health Unit,0.0128,1760.0,1.1,0.6757,0.8774
40334,2020-08-23,35,Ontario,0.005,21755.0,1.47,0.5225,0.7937
40335,2020-08-23,2249,Northwestern Health Unit,0.0008,189.0,2.16,0.1088,0.3285
40336,2020-08-23,2247,North Bay Parry Sound District Health Unit,0.0,219.0,1.68,0.173,0.476
40337,2020-08-23,2246,Niagara Regional Area Health Unit,0.0018,622.0,1.32,0.5773,0.8
40338,2020-08-23,2244,Middlesex-London Health Unit,0.0028,710.0,1.4,0.8086,0.9505
40339,2020-08-23,2243,"Leeds, Grenville and Lanark District Health Unit",0.0029,245.0,1.41,0.5346,0.7057
40340,2020-08-23,2242,Lambton Health Unit,0.0022,194.0,1.48,0.2011,0.5926
40341,2020-08-23,2241,"Kingston, Frontenac and Lennox and Addington Health Unit",0.0005,305.0,1.44,0.8582,0.9663
40342,2020-08-23,5183,Huron Perth Health Unit,0.0052,246.0,1.76,0.2083,0.6295
40343,2020-08-23,2238,Hastings and Prince Edward Counties Health Unit,0.0017,253.0,1.5,0.4428,0.8956
40344,2020-08-23,2236,Halton Regional Health Unit,0.0027,795.0,1.28,0.5339,0.8146
40345,2020-08-23,2235,"Haliburton, Kawartha, Pine Ridge District Health Unit",0.0011,380.0,2.01,0.1829,0.5964
40346,2020-08-23,2234,Haldimand-Norfolk Health Unit,0.0036,159.0,1.4,0.2583,0.609
40347,2020-08-23,2233,Grey Bruce Health Unit,0.0,207.0,1.22,0.1627,0.6521
40348,2020-08-23,2258,Eastern Ontario Health Unit,0.0023,443.0,2.12,0.474,0.8581
40349,2020-08-23,2230,Durham Regional Health Unit,0.0038,817.0,1.15,0.3203,0.7235
40350,2020-08-23,2226,District of Algoma Health Unit,0.0,229.0,2.0,0.34,0.716
40351,2020-08-23,3895,City of Toronto Health Unit,0.0052,4563.0,1.46,0.6885,0.8717
40352,2020-08-23,2251,City of Ottawa Health Unit,0.0105,1717.0,1.63,0.6466,0.8406
40353,2020-08-23,2237,City of Hamilton Health Unit,0.0051,838.0,1.42,0.5981,0.8297
40354,2020-08-23,2240,Chatham-Kent Health Unit,0.0089,193.0,1.81,0.2597,0.8334
40355,2020-08-23,2227,Brant County Health Unit,0.0055,208.0,1.34,0.2214,0.4849
40356,2020-08-22,2270,York Regional Health Unit,0.0049,1545.0,1.26,0.4919,0.8284
40357,2020-08-22,2268,Windsor-Essex County Health Unit,0.0079,544.0,1.28,0.3455,0.7502
40358,2020-08-22,2266,Wellington-Dufferin-Guelph Health Unit,0.0024,470.0,1.51,0.1513,0.4255
40359,2020-08-22,2265,Waterloo Health Unit,0.0031,930.0,1.59,0.3901,0.7395
40360,2020-08-22,2263,Timiskaming Health Unit,0.0,57.0,1.74,0.2669,0.5299
40361,2020-08-22,2262,Thunder Bay District Health Unit,0.001,294.0,1.96,0.4115,0.8511
40362,2020-08-22,2261,Sudbury and District Health Unit,0.0,485.0,2.44,0.4229,0.7421
40363,2020-08-22,4913,Southwestern Public Health,0.0065,328.0,1.55,0.557,0.8032
40364,2020-08-22,2260,Simcoe Muskoka District Health Unit,0.0031,964.0,1.61,0.3538,0.647
40365,2020-08-22,2257,Renfrew County and District Health Unit,0.0007,194.0,1.78,0.2099,0.6897
40366,2020-08-22,2256,Porcupine Health Unit,0.0007,193.0,2.31,0.4406,0.7288
40367,2020-08-22,2255,Peterborough County-City Health Unit,0.0005,262.0,1.77,0.5776,0.8291
40368,2020-08-22,2253,Peel Regional Health Unit,0.0127,1751.0,1.09,0.6788,0.8722
40369,2020-08-22,35,Ontario,0.0049,21703.0,1.46,0.5039,0.778
40370,2020-08-22,2249,Northwestern Health Unit,0.0008,186.0,2.12,0.096,0.2996
40371,2020-08-22,2247,North Bay Parry Sound District Health Unit,0.0,214.0,1.65,0.1519,0.4281
40372,2020-08-22,2246,Niagara Regional Area Health Unit,0.0018,623.0,1.32,0.5652,0.8198
40373,2020-08-22,2244,Middlesex-London Health Unit,0.0026,702.0,1.38,0.7132,0.8583
40374,2020-08-22,2243,"Leeds, Grenville and Lanark District Health Unit",0.0029,250.0,1.44,0.5204,0.687
40375,2020-08-22,2242,Lambton Health Unit,0.0022,193.0,1.48,0.1474,0.4732
40376,2020-08-22,2241,"Kingston, Frontenac and Lennox and Addington Health Unit",0.0,310.0,1.46,0.8566,0.9627
40377,2020-08-22,5183,Huron Perth Health Unit,0.0047,242.0,1.73,0.1761,0.5573
40378,2020-08-22,2238,Hastings and Prince Edward Counties Health Unit,0.0006,247.0,1.47,0.3859,0.8468
40379,2020-08-22,2236,Halton Regional Health Unit,0.0024,789.0,1.27,0.5282,0.8166
40380,2020-08-22,2235,"Haliburton, Kawartha, Pine Ridge District Health Unit",0.0011,383.0,2.03,0.1663,0.6007
40381,2020-08-22,2234,Haldimand-Norfolk Health Unit,0.0036,158.0,1.38,0.274,0.589
40382,2020-08-22,2233,Grey Bruce Health Unit,0.0,206.0,1.22,0.156,0.6096
40383,2020-08-22,2258,Eastern Ontario Health Unit,0.0023,436.0,2.09,0.4571,0.8647
40384,2020-08-22,2230,Durham Regional Health Unit,0.0037,818.0,1.15,0.2837,0.6993
40385,2020-08-22,2226,District of Algoma Health Unit,0.0,227.0,1.98,0.3442,0.7261
40386,2020-08-22,3895,City of Toronto Health Unit,0.0052,4550.0,1.46,0.6812,0.8713
40387,2020-08-22,2251,City of Ottawa Health Unit,0.0097,1701.0,1.61,0.6128,0.8368
40388,2020-08-22,2237,City of Hamilton Health Unit,0.0054,853.0,1.44,0.5786,0.824
40389,2020-08-22,2240,Chatham-Kent Health Unit,0.009,191.0,1.8,0.2547,0.8251
40390,2020-08-22,2227,Brant County Health Unit,0.0063,204.0,1.31,0.2033,0.4224
40391,2020-08-21,2270,York Regional Health Unit,0.0042,1537.0,1.25,0.474,0.8173
40392,2020-08-21,2268,Windsor-Essex County Health Unit,0.0107,548.0,1.29,0.3351,0.7259
40393,2020-08-21,2266,Wellington-Dufferin-Guelph Health Unit,0.0027,474.0,1.52,0.1601,0.4588
40394,2020-08-21,2265,Waterloo Health Unit,0.0032,923.0,1.58,0.3955,0.739
40395,2020-08-21,2263,Timiskaming Health Unit,0.0,57.0,1.75,0.2215,0.4826
40396,2020-08-21,2262,Thunder Bay District Health Unit,0.0005,296.0,1.97,0.4081,0.8443
40397,2020-08-21,2261,Sudbury and District Health Unit,0.0,483.0,2.42,0.363,0.6733
40398,2020-08-21,4913,Southwestern Public Health,0.0072,338.0,1.6,0.5607,0.795
40399,2020-08-21,2260,Simcoe Muskoka District Health Unit,0.0032,968.0,1.61,0.3336,0.6373
40400,2020-08-21,2257,Renfrew County and District Health Unit,0.0007,193.0,1.77,0.1887,0.6323
40401,2020-08-21,2256,Porcupine Health Unit,0.0007,192.0,2.31,0.3819,0.6843
40402,2020-08-21,2255,Peterborough County-City Health Unit,0.0006,253.0,1.71,0.5334,0.8258
40403,2020-08-21,2253,Peel Regional Health Unit,0.0124,1756.0,1.09,0.6581,0.845
40404,2020-08-21,35,Ontario,0.0048,21763.0,1.47,0.4857,0.7615
40405,2020-08-21,2249,Northwestern Health Unit,0.0008,188.0,2.14,0.0896,0.2681
40406,2020-08-21,2247,North Bay Parry Sound District Health Unit,0.0,216.0,1.66,0.1254,0.418
40407,2020-08-21,2246,Niagara Regional Area Health Unit,0.0018,630.0,1.33,0.5322,0.7777
40408,2020-08-21,2244,Middlesex-London Health Unit,0.0026,702.0,1.38,0.7071,0.8432
40409,2020-08-21,2243,"Leeds, Grenville and Lanark District Health Unit",0.0028,253.0,1.46,0.4704,0.6698
40410,2020-08-21,2242,Lambton Health Unit,0.0021,203.0,1.55,0.1334,0.4568
40411,2020-08-21,2241,"Kingston, Frontenac and Lennox and Addington Health Unit",0.0,313.0,1.47,0.7931,0.9245
40412,2020-08-21,5183,Huron Perth Health Unit,0.0122,245.0,1.75,0.1502,0.4955
40413,2020-08-21,2238,Hastings and Prince Edward Counties Health Unit,0.0006,247.0,1.46,0.3346,0.8149
40414,2020-08-21,2236,Halton Regional Health Unit,0.0023,798.0,1.29,0.5432,0.8251
40415,2020-08-21,2235,"Haliburton, Kawartha, Pine Ridge District Health Unit",0.0011,380.0,2.01,0.1957,0.6264
40416,2020-08-21,2234,Haldimand-Norfolk Health Unit,0.0034,166.0,1.45,0.2696,0.5798
40417,2020-08-21,2233,Grey Bruce Health Unit,0.0,207.0,1.22,0.1412,0.6096
40418,2020-08-21,2258,Eastern Ontario Health Unit,0.0023,433.0,2.07,0.4167,0.845
40419,2020-08-21,2230,Durham Regional Health Unit,0.0038,825.0,1.16,0.2815,0.6831
40420,2020-08-21,2226,District of Algoma Health Unit,0.0,223.0,1.94,0.3237,0.7551
40421,2020-08-21,3895,City of Toronto Health Unit,0.0047,4581.0,1.47,0.6778,0.8699
40422,2020-08-21,2251,City of Ottawa Health Unit,0.0093,1695.0,1.61,0.5423,0.7917
40423,2020-08-21,2237,City of Hamilton Health Unit,0.0053,840.0,1.42,0.5624,0.8004
40424,2020-08-21,2240,Chatham-Kent Health Unit,0.0101,198.0,1.87,0.2291,0.7399
40425,2020-08-21,2227,Brant County Health Unit,0.0069,207.0,1.33,0.2023,0.3725
40426,2020-08-20,2270,York Regional Health Unit,0.0041,1546.0,1.26,0.4534,0.7976
40427,2020-08-20,2268,Windsor-Essex County Health Unit,0.0142,563.0,1.33,0.3598,0.7161
40428,2020-08-20,2266,Wellington-Dufferin-Guelph Health Unit,0.0032,489.0,1.57,0.1518,0.4291
40429,2020-08-20,2265,Waterloo Health Unit,0.0029,920.0,1.57,0.4079,0.7075
40430,2020-08-20,2263,Timiskaming Health Unit,0.0,58.0,1.77,0.2121,0.4672
40431,2020-08-20,2262,Thunder Bay District Health Unit,0.0005,302.0,2.02,0.3869,0.8351
40432,2020-08-20,2261,Sudbury and District Health Unit,0.0,481.0,2.42,0.3431,0.6359
40433,2020-08-20,4913,Southwestern Public Health,0.0078,350.0,1.65,0.5749,0.7814
40434,2020-08-20,2260,Simcoe Muskoka District Health Unit,0.0028,965.0,1.61,0.3033,0.5775
40435,2020-08-20,2257,Renfrew County and District Health Unit,0.0008,180.0,1.66,0.1737,0.6028
40436,2020-08-20,2256,Porcupine Health Unit,0.0,197.0,2.36,0.3583,0.621
40437,2020-08-20,2255,Peterborough County-City Health Unit,0.0005,273.0,1.84,0.4808,0.799
40438,2020-08-20,2253,Peel Regional Health Unit,0.0124,1798.0,1.12,0.6452,0.8286
40439,2020-08-20,35,Ontario,0.0049,22094.0,1.49,0.4694,0.745
40440,2020-08-20,2249,Northwestern Health Unit,0.0007,206.0,2.35,0.089,0.2819
40441,2020-08-20,2247,North Bay Parry Sound District Health Unit,0.0,223.0,1.72,0.1211,0.3884
40442,2020-08-20,2246,Niagara Regional Area Health Unit,0.0027,641.0,1.36,0.4588,0.7434
40443,2020-08-20,2244,Middlesex-London Health Unit,0.002,724.0,1.43,0.6846,0.8363
40444,2020-08-20,2243,"Leeds, Grenville and Lanark District Health Unit",0.0028,257.0,1.48,0.4312,0.658
40445,2020-08-20,2242,Lambton Health Unit,0.0021,206.0,1.57,0.1272,0.4885
40446,2020-08-20,2241,"Kingston, Frontenac and Lennox and Addington Health Unit",0.0,306.0,1.44,0.7375,0.924
40447,2020-08-20,5183,Huron Perth Health Unit,0.0154,251.0,1.8,0.1553,0.4968
40448,2020-08-20,2238,Hastings and Prince Edward Counties Health Unit,0.0006,257.0,1.53,0.3019,0.775
40449,2020-08-20,2236,Halton Regional Health Unit,0.0026,823.0,1.33,0.5342,0.8259
40450,2020-08-20,2235,"Haliburton, Kawartha, Pine Ridge District Health Unit",0.0018,390.0,2.07,0.2164,0.605
40451,2020-08-20,2234,Haldimand-Norfolk Health Unit,0.0042,169.0,1.48,0.2815,0.5877
40452,2020-08-20,2233,Grey Bruce Health Unit,0.0,207.0,1.22,0.1263,0.5811
40453,2020-08-20,2258,Eastern Ontario Health Unit,0.0017,432.0,2.07,0.3997,0.7879
40454,2020-08-20,2230,Durham Regional Health Unit,0.0034,870.0,1.22,0.2847,0.6583
40455,2020-08-20,2226,District of Algoma Health Unit,0.0,223.0,1.95,0.3086,0.6767
40456,2020-08-20,3895,City of Toronto Health Unit,0.0045,4652.0,1.49,0.658,0.8602
40457,2020-08-20,2251,City of Ottawa Health Unit,0.0088,1660.0,1.57,0.4913,0.7778
40458,2020-08-20,2237,City of Hamilton Health Unit,0.0056,862.0,1.46,0.5374,0.8177
40459,2020-08-20,2240,Chatham-Kent Health Unit,0.0104,206.0,1.93,0.2348,0.7198
40460,2020-08-20,2227,Brant County Health Unit,0.007,203.0,1.31,0.2229,0.3956
40461,2020-08-19,2270,York Regional Health Unit,0.0036,1548.0,1.26,0.4721,0.7963
40462,2020-08-19,2268,Windsor-Essex County Health Unit,0.0139,575.0,1.35,0.3283,0.6969
40463,2020-08-19,2266,Wellington-Dufferin-Guelph Health Unit,0.003,529.0,1.69,0.1602,0.4849
40464,2020-08-19,2265,Waterloo Health Unit,0.0028,923.0,1.58,0.417,0.7026
40465,2020-08-19,2263,Timiskaming Health Unit,0.0,69.0,2.12,0.204,0.4604
40466,2020-08-19,2262,Thunder Bay District Health Unit,0.001,298.0,1.99,0.3851,0.8372
40467,2020-08-19,2261,Sudbury and District Health Unit,0.0,493.0,2.48,0.3423,0.6345
40468,2020-08-19,4913,Southwestern Public Health,0.0073,392.0,1.85,0.5397,0.7418
40469,2020-08-19,2260,Simcoe Muskoka District Health Unit,0.0027,961.0,1.6,0.2886,0.5901
40470,2020-08-19,2257,Renfrew County and District Health Unit,0.0008,189.0,1.74,0.1796,0.5779
40471,2020-08-19,2256,Porcupine Health Unit,0.0007,199.0,2.38,0.3181,0.5628
40472,2020-08-19,2255,Peterborough County-City Health Unit,0.0006,259.0,1.75,0.4764,0.7968
40473,2020-08-19,2253,Peel Regional Health Unit,0.011,1843.0,1.15,0.6489,0.8327
40474,2020-08-19,35,Ontario,0.005,22418.0,1.51,0.4592,0.7434
40475,2020-08-19,2249,Northwestern Health Unit,0.0,205.0,2.34,0.0854,0.2639
40476,2020-08-19,2247,North Bay Parry Sound District Health Unit,0.0,233.0,1.8,0.1205,0.3875
40477,2020-08-19,2246,Niagara Regional Area Health Unit,0.0028,614.0,1.3,0.4119,0.734
40478,2020-08-19,2244,Middlesex-London Health Unit,0.0037,768.0,1.51,0.672,0.8258
40479,2020-08-19,2243,"Leeds, Grenville and Lanark District Health Unit",0.0005,285.0,1.64,0.3956,0.6721
40480,2020-08-19,2242,Lambton Health Unit,0.0023,244.0,1.86,0.1142,0.4865
40481,2020-08-19,2241,"Kingston, Frontenac and Lennox and Addington Health Unit",0.0,311.0,1.46,0.713,0.9245
40482,2020-08-19,5183,Huron Perth Health Unit,0.0133,258.0,1.85,0.149,0.4993
40483,2020-08-19,2238,Hastings and Prince Edward Counties Health Unit,0.0,281.0,1.67,0.2792,0.7866
40484,2020-08-19,2236,Halton Regional Health Unit,0.0028,826.0,1.33,0.5402,0.8155
40485,2020-08-19,2235,"Haliburton, Kawartha, Pine Ridge District Health Unit",0.0018,400.0,2.12,0.2744,0.6468
40486,2020-08-19,2234,Haldimand-Norfolk Health Unit,0.0073,177.0,1.55,0.3171,0.6032
40487,2020-08-19,2233,Grey Bruce Health Unit,0.0007,212.0,1.25,0.1336,0.5518
40488,2020-08-19,2258,Eastern Ontario Health Unit,0.0016,441.0,2.11,0.3985,0.7744
40489,2020-08-19,2230,Durham Regional Health Unit,0.0038,893.0,1.25,0.278,0.6661
40490,2020-08-19,2226,District of Algoma Health Unit,0.0,235.0,2.05,0.2611,0.6069
40491,2020-08-19,3895,City of Toronto Health Unit,0.0048,4649.0,1.49,0.652,0.8662
40492,2020-08-19,2251,City of Ottawa Health Unit,0.0096,1644.0,1.56,0.455,0.7721
40493,2020-08-19,2237,City of Hamilton Health Unit,0.0066,850.0,1.43,0.5252,0.8157
40494,2020-08-19,2240,Chatham-Kent Health Unit,0.016,206.0,1.94,0.2055,0.7162
40495,2020-08-19,2227,Brant County Health Unit,0.007,203.0,1.31,0.2139,0.4362
40496,2020-08-18,2270,York Regional Health Unit,0.0044,1582.0,1.29,0.5097,0.8139
40497,2020-08-18,2268,Windsor-Essex County Health Unit,0.0121,614.0,1.45,0.3297,0.6948
40498,2020-08-18,2266,Wellington-Dufferin-Guelph Health Unit,0.0033,562.0,1.8,0.1877,0.5518
40499,2020-08-18,2265,Waterloo Health Unit,0.0025,910.0,1.56,0.4234,0.7264
40500,2020-08-18,2263,Timiskaming Health Unit,0.0,75.0,2.3,0.2694,0.4992
40501,2020-08-18,2262,Thunder Bay District Health Unit,0.0009,315.0,2.1,0.3621,0.8454
40502,2020-08-18,2261,Sudbury and District Health Unit,0.0005,563.0,2.83,0.32,0.628
40503,2020-08-18,4913,Southwestern Public Health,0.0073,410.0,1.94,0.5345,0.7462
40504,2020-08-18,2260,Simcoe Muskoka District Health Unit,0.0024,966.0,1.61,0.2605,0.6038
40505,2020-08-18,2257,Renfrew County and District Health Unit,0.0007,206.0,1.9,0.18,0.5862
40506,2020-08-18,2256,Porcupine Health Unit,0.0008,190.0,2.27,0.2427,0.5305
40507,2020-08-18,2255,Peterborough County-City Health Unit,0.0005,263.0,1.78,0.4895,0.8262
40508,2020-08-18,2253,Peel Regional Health Unit,0.0104,1917.0,1.19,0.6445,0.8374
40509,2020-08-18,35,Ontario,0.0047,23283.0,1.57,0.452,0.7493
40510,2020-08-18,2249,Northwestern Health Unit,0.0,222.0,2.54,0.0899,0.2484
40511,2020-08-18,2247,North Bay Parry Sound District Health Unit,0.0,257.0,1.98,0.1102,0.3591
40512,2020-08-18,2246,Niagara Regional Area Health Unit,0.0031,652.0,1.38,0.4228,0.734
40513,2020-08-18,2244,Middlesex-London Health Unit,0.0035,818.0,1.61,0.6515,0.8281
40514,2020-08-18,2243,"Leeds, Grenville and Lanark District Health Unit",0.0005,317.0,1.83,0.3648,0.6989
40515,2020-08-18,2242,Lambton Health Unit,0.0019,294.0,2.24,0.1128,0.4677
40516,2020-08-18,2241,"Kingston, Frontenac and Lennox and Addington Health Unit",0.0,338.0,1.59,0.7108,0.9232
40517,2020-08-18,5183,Huron Perth Health Unit,0.0113,304.0,2.17,0.1311,0.5252
40518,2020-08-18,2238,Hastings and Prince Edward Counties Health Unit,0.0005,293.0,1.74,0.2703,0.7841
40519,2020-08-18,2236,Halton Regional Health Unit,0.0029,838.0,1.35,0.5523,0.8246
40520,2020-08-18,2235,"Haliburton, Kawartha, Pine Ridge District Health Unit",0.0015,393.0,2.08,0.2656,0.6859
40521,2020-08-18,2234,Haldimand-Norfolk Health Unit,0.0061,188.0,1.65,0.3093,0.6202
40522,2020-08-18,2233,Grey Bruce Health Unit,0.0007,219.0,1.29,0.1328,0.5492
40523,2020-08-18,2258,Eastern Ontario Health Unit,0.001,432.0,2.07,0.3608,0.765
40524,2020-08-18,2230,Durham Regional Health Unit,0.0039,914.0,1.28,0.2674,0.6625
40525,2020-08-18,2226,District of Algoma Health Unit,0.0,209.0,1.83,0.2678,0.6013
40526,2020-08-18,3895,City of Toronto Health Unit,0.0046,4678.0,1.5,0.6446,0.8696
40527,2020-08-18,2251,City of Ottawa Health Unit,0.0072,1757.0,1.67,0.4164,0.7752
40528,2020-08-18,2237,City of Hamilton Health Unit,0.0064,931.0,1.57,0.5093,0.8124
40529,2020-08-18,2240,Chatham-Kent Health Unit,0.0147,233.0,2.19,0.224,0.6943
40530,2020-08-18,2227,Brant County Health Unit,0.0063,204.0,1.31,0.2179,0.478
40531,2020-08-17,2270,York Regional Health Unit,0.0047,1625.0,1.33,0.5385,0.8491
40532,2020-08-17,2268,Windsor-Essex County Health Unit,0.0127,665.0,1.56,0.3337,0.6996
40533,2020-08-17,2266,Wellington-Dufferin-Guelph Health Unit,0.0027,628.0,2.01,0.2137,0.6535
40534,2020-08-17,2265,Waterloo Health Unit,0.0033,921.0,1.58,0.4148,0.7416
40535,2020-08-17,2263,Timiskaming Health Unit,0.0,87.0,2.66,0.2846,0.5171
40536,2020-08-17,2262,Thunder Bay District Health Unit,0.0009,334.0,2.23,0.3419,0.848
40537,2020-08-17,2261,Sudbury and District Health Unit,0.0005,588.0,2.96,0.2915,0.6192
40538,2020-08-17,4913,Southwestern Public Health,0.0074,441.0,2.09,0.5455,0.7558
40539,2020-08-17,2260,Simcoe Muskoka District Health Unit,0.0019,1028.0,1.71,0.3163,0.6616
40540,2020-08-17,2257,Renfrew County and District Health Unit,0.0,207.0,1.91,0.1386,0.5408
40541,2020-08-17,2256,Porcupine Health Unit,0.0008,185.0,2.22,0.2496,0.5287
40542,2020-08-17,2255,Peterborough County-City Health Unit,0.0005,267.0,1.8,0.516,0.8466
40543,2020-08-17,2253,Peel Regional Health Unit,0.01,1934.0,1.2,0.6683,0.8634
40544,2020-08-17,35,Ontario,0.0046,23965.0,1.62,0.4602,0.7719
40545,2020-08-17,2249,Northwestern Health Unit,0.0,220.0,2.51,0.0951,0.2575
40546,2020-08-17,2247,North Bay Parry Sound District Health Unit,0.0,273.0,2.11,0.1105,0.3404
40547,2020-08-17,2246,Niagara Regional Area Health Unit,0.0035,742.0,1.57,0.43,0.7672
40548,2020-08-17,2244,Middlesex-London Health Unit,0.0037,813.0,1.6,0.6495,0.8312
40549,2020-08-17,2243,"Leeds, Grenville and Lanark District Health Unit",0.0,330.0,1.91,0.3755,0.7474
40550,2020-08-17,2242,Lambton Health Unit,0.0023,314.0,2.4,0.1242,0.5022
40551,2020-08-17,2241,"Kingston, Frontenac and Lennox and Addington Health Unit",0.0008,339.0,1.59,0.7197,0.9257
40552,2020-08-17,5183,Huron Perth Health Unit,0.0099,318.0,2.27,0.1351,0.5168
40553,2020-08-17,2238,Hastings and Prince Edward Counties Health Unit,0.0004,319.0,1.89,0.2666,0.803
40554,2020-08-17,2236,Halton Regional Health Unit,0.0034,833.0,1.35,0.5551,0.8417
40555,2020-08-17,2235,"Haliburton, Kawartha, Pine Ridge District Health Unit",0.0018,391.0,2.07,0.2792,0.7178
40556,2020-08-17,2234,Haldimand-Norfolk Health Unit,0.0064,178.0,1.56,0.3026,0.6302
40557,2020-08-17,2233,Grey Bruce Health Unit,0.0025,232.0,1.36,0.1472,0.593
40558,2020-08-17,2258,Eastern Ontario Health Unit,0.0013,447.0,2.14,0.3018,0.7497
40559,2020-08-17,2230,Durham Regional Health Unit,0.0028,927.0,1.3,0.3087,0.7164
40560,2020-08-17,2226,District of Algoma Health Unit,0.0,205.0,1.79,0.2447,0.5836
40561,2020-08-17,3895,City of Toronto Health Unit,0.0048,4721.0,1.51,0.6458,0.8938
40562,2020-08-17,2251,City of Ottawa Health Unit,0.0067,1775.0,1.68,0.4093,0.7891
40563,2020-08-17,2237,City of Hamilton Health Unit,0.0054,961.0,1.62,0.5096,0.8157
40564,2020-08-17,2240,Chatham-Kent Health Unit,0.0168,272.0,2.56,0.2132,0.7061
40565,2020-08-17,2227,Brant County Health Unit,0.0063,226.0,1.45,0.2182,0.4976
40566,2020-08-16,2270,York Regional Health Unit,0.0047,1614.0,1.32,0.5513,0.8699
40567,2020-08-16,2268,Windsor-Essex County Health Unit,0.0139,708.0,1.67,0.347,0.7583
40568,2020-08-16,2266,Wellington-Dufferin-Guelph Health Unit,0.0036,631.0,2.02,0.2096,0.6781
40569,2020-08-16,2265,Waterloo Health Unit,0.0024,951.0,1.63,0.4218,0.7635
40570,2020-08-16,2263,Timiskaming Health Unit,0.0,90.0,2.74,0.2755,0.5138
40571,2020-08-16,2262,Thunder Bay District Health Unit,0.0008,355.0,2.37,0.3153,0.8377
40572,2020-08-16,2261,Sudbury and District Health Unit,0.0005,594.0,2.98,0.2843,0.6337
40573,2020-08-16,4913,Southwestern Public Health,0.0074,482.0,2.28,0.5593,0.7796
40574,2020-08-16,2260,Simcoe Muskoka District Health Unit,0.0018,1104.0,1.84,0.3173,0.6777
40575,2020-08-16,2257,Renfrew County and District Health Unit,0.0,203.0,1.87,0.1388,0.554
40576,2020-08-16,2256,Porcupine Health Unit,0.0008,189.0,2.26,0.2437,0.5717
40577,2020-08-16,2255,Peterborough County-City Health Unit,0.0005,284.0,1.92,0.511,0.8342
40578,2020-08-16,2253,Peel Regional Health Unit,0.0089,2003.0,1.25,0.6582,0.8677
40579,2020-08-16,35,Ontario,0.0045,24593.0,1.66,0.4538,0.7824
40580,2020-08-16,2249,Northwestern Health Unit,0.0,223.0,2.55,0.0927,0.2651
40581,2020-08-16,2247,North Bay Parry Sound District Health Unit,0.0,282.0,2.17,0.1171,0.3528
40582,2020-08-16,2246,Niagara Regional Area Health Unit,0.0033,772.0,1.63,0.3775,0.7649
40583,2020-08-16,2244,Middlesex-London Health Unit,0.0037,847.0,1.67,0.635,0.8454
40584,2020-08-16,2243,"Leeds, Grenville and Lanark District Health Unit",0.0,343.0,1.98,0.3815,0.782
40585,2020-08-16,2242,Lambton Health Unit,0.003,338.0,2.58,0.1208,0.4964
40586,2020-08-16,2241,"Kingston, Frontenac and Lennox and Addington Health Unit",0.0013,340.0,1.6,0.713,0.9231
40587,2020-08-16,5183,Huron Perth Health Unit,0.0102,349.0,2.5,0.1397,0.5327
40588,2020-08-16,2238,Hastings and Prince Edward Counties Health Unit,0.0004,322.0,1.91,0.2548,0.8073
40589,2020-08-16,2236,Halton Regional Health Unit,0.0031,830.0,1.34,0.563,0.8671
40590,2020-08-16,2235,"Haliburton, Kawartha, Pine Ridge District Health Unit",0.0018,400.0,2.12,0.2811,0.7023
40591,2020-08-16,2234,Haldimand-Norfolk Health Unit,0.0063,182.0,1.59,0.3266,0.6709
40592,2020-08-16,2233,Grey Bruce Health Unit,0.0029,244.0,1.44,0.162,0.6349
40593,2020-08-16,2258,Eastern Ontario Health Unit,0.0003,427.0,2.05,0.2893,0.7267
40594,2020-08-16,2230,Durham Regional Health Unit,0.0029,940.0,1.32,0.2995,0.6958
40595,2020-08-16,2226,District of Algoma Health Unit,0.0,210.0,1.84,0.2332,0.5609
40596,2020-08-16,3895,City of Toronto Health Unit,0.0047,4764.0,1.53,0.6194,0.8995
40597,2020-08-16,2251,City of Ottawa Health Unit,0.0058,1853.0,1.76,0.4134,0.7948
40598,2020-08-16,2237,City of Hamilton Health Unit,0.0049,987.0,1.67,0.4925,0.813
40599,2020-08-16,2240,Chatham-Kent Health Unit,0.0165,269.0,2.53,0.2396,0.7513
40600,2020-08-16,2227,Brant County Health Unit,0.0018,237.0,1.53,0.2171,0.4855
40601,2020-08-15,2270,York Regional Health Unit,0.0044,1609.0,1.31,0.5443,0.8812
40602,2020-08-15,2268,Windsor-Essex County Health Unit,0.0154,714.0,1.68,0.3278,0.7683
40603,2020-08-15,2266,Wellington-Dufferin-Guelph Health Unit,0.0036,630.0,2.02,0.1908,0.6809
40604,2020-08-15,2265,Waterloo Health Unit,0.0027,966.0,1.65,0.4045,0.7712
40605,2020-08-15,2263,Timiskaming Health Unit,0.0,89.0,2.73,0.2781,0.5008
40606,2020-08-15,2262,Thunder Bay District Health Unit,0.0008,354.0,2.36,0.3078,0.8167
40607,2020-08-15,2261,Sudbury and District Health Unit,0.0005,600.0,3.02,0.2671,0.6148
40608,2020-08-15,4913,Southwestern Public Health,0.0068,504.0,2.38,0.5895,0.8139
40609,2020-08-15,2260,Simcoe Muskoka District Health Unit,0.0021,1101.0,1.84,0.3,0.685
40610,2020-08-15,2257,Renfrew County and District Health Unit,0.0,202.0,1.86,0.1486,0.5483
40611,2020-08-15,2256,Porcupine Health Unit,0.0015,191.0,2.29,0.2226,0.539
40612,2020-08-15,2255,Peterborough County-City Health Unit,0.0005,286.0,1.93,0.5104,0.8241
40613,2020-08-15,2253,Peel Regional Health Unit,0.0093,2006.0,1.25,0.6628,0.8705
40614,2020-08-15,35,Ontario,0.0045,24743.0,1.67,0.4447,0.7883
40615,2020-08-15,2249,Northwestern Health Unit,0.0,223.0,2.54,0.0979,0.2825
40616,2020-08-15,2247,North Bay Parry Sound District Health Unit,0.0,289.0,2.22,0.1241,0.3735
40617,2020-08-15,2246,Niagara Regional Area Health Unit,0.0031,786.0,1.66,0.3246,0.7574
40618,2020-08-15,2244,Middlesex-London Health Unit,0.004,849.0,1.67,0.6733,0.9134
40619,2020-08-15,2243,"Leeds, Grenville and Lanark District Health Unit",0.0,340.0,1.96,0.3751,0.7882
40620,2020-08-15,2242,Lambton Health Unit,0.0029,340.0,2.6,0.1572,0.5829
40621,2020-08-15,2241,"Kingston, Frontenac and Lennox and Addington Health Unit",0.0013,334.0,1.57,0.7048,0.9153
40622,2020-08-15,5183,Huron Perth Health Unit,0.0102,350.0,2.5,0.14,0.5664
40623,2020-08-15,2238,Hastings and Prince Edward Counties Health Unit,0.0004,327.0,1.94,0.2662,0.8532
40624,2020-08-15,2236,Halton Regional Health Unit,0.0033,835.0,1.35,0.5489,0.8615
40625,2020-08-15,2235,"Haliburton, Kawartha, Pine Ridge District Health Unit",0.0018,403.0,2.13,0.2892,0.7303
40626,2020-08-15,2234,Haldimand-Norfolk Health Unit,0.0062,184.0,1.62,0.3104,0.6888
40627,2020-08-15,2233,Grey Bruce Health Unit,0.0029,247.0,1.45,0.1594,0.6452
40628,2020-08-15,2258,Eastern Ontario Health Unit,0.0003,430.0,2.06,0.2901,0.7248
40629,2020-08-15,2230,Durham Regional Health Unit,0.0033,940.0,1.32,0.3265,0.7241
40630,2020-08-15,2226,District of Algoma Health Unit,0.0,213.0,1.86,0.2089,0.5084
40631,2020-08-15,3895,City of Toronto Health Unit,0.0044,4777.0,1.53,0.5906,0.8937
40632,2020-08-15,2251,City of Ottawa Health Unit,0.0056,1876.0,1.78,0.4148,0.7929
40633,2020-08-15,2237,City of Hamilton Health Unit,0.0051,987.0,1.67,0.5057,0.8243
40634,2020-08-15,2240,Chatham-Kent Health Unit,0.0166,293.0,2.76,0.2186,0.7449
40635,2020-08-15,2227,Brant County Health Unit,0.0012,241.0,1.55,0.232,0.5061
40636,2020-08-14,2270,York Regional Health Unit,0.0042,1602.0,1.31,0.5534,0.8814
40637,2020-08-14,2268,Windsor-Essex County Health Unit,0.0153,726.0,1.71,0.3042,0.7737
40638,2020-08-14,2266,Wellington-Dufferin-Guelph Health Unit,0.0038,632.0,2.03,0.2152,0.7047
40639,2020-08-14,2265,Waterloo Health Unit,0.0025,973.0,1.66,0.3983,0.7598
40640,2020-08-14,2263,Timiskaming Health Unit,0.0,90.0,2.76,0.3009,0.4954
40641,2020-08-14,2262,Thunder Bay District Health Unit,0.0008,355.0,2.37,0.2823,0.819
40642,2020-08-14,2261,Sudbury and District Health Unit,0.0005,612.0,3.08,0.3007,0.6641
40643,2020-08-14,4913,Southwestern Public Health,0.008,503.0,2.38,0.5956,0.8271
40644,2020-08-14,2260,Simcoe Muskoka District Health Unit,0.0019,1101.0,1.84,0.2755,0.6744
40645,2020-08-14,2257,Renfrew County and District Health Unit,0.0007,200.0,1.84,0.1324,0.5305
40646,2020-08-14,2256,Porcupine Health Unit,0.0015,194.0,2.32,0.2369,0.5334
40647,2020-08-14,2255,Peterborough County-City Health Unit,0.0005,283.0,1.91,0.5314,0.8357
40648,2020-08-14,2253,Peel Regional Health Unit,0.0087,1992.0,1.24,0.6914,0.9003
40649,2020-08-14,35,Ontario,0.0044,24757.0,1.67,0.4423,0.7943
40650,2020-08-14,2249,Northwestern Health Unit,0.0,222.0,2.53,0.1077,0.3142
40651,2020-08-14,2247,North Bay Parry Sound District Health Unit,0.0,291.0,2.24,0.1382,0.3722
40652,2020-08-14,2246,Niagara Regional Area Health Unit,0.003,802.0,1.7,0.283,0.7868
40653,2020-08-14,2244,Middlesex-London Health Unit,0.004,854.0,1.68,0.669,0.926
40654,2020-08-14,2243,"Leeds, Grenville and Lanark District Health Unit",0.0,339.0,1.96,0.3994,0.7983
40655,2020-08-14,2242,Lambton Health Unit,0.0021,336.0,2.57,0.1692,0.5519
40656,2020-08-14,2241,"Kingston, Frontenac and Lennox and Addington Health Unit",0.0013,331.0,1.56,0.7522,0.9524
40657,2020-08-14,5183,Huron Perth Health Unit,0.0054,346.0,2.48,0.1539,0.6049
40658,2020-08-14,2238,Hastings and Prince Edward Counties Health Unit,0.0004,326.0,1.94,0.2449,0.8827
40659,2020-08-14,2236,Halton Regional Health Unit,0.0031,841.0,1.36,0.5401,0.8641
40660,2020-08-14,2235,"Haliburton, Kawartha, Pine Ridge District Health Unit",0.0018,403.0,2.13,0.2528,0.7596
40661,2020-08-14,2234,Haldimand-Norfolk Health Unit,0.0064,179.0,1.57,0.3005,0.6524
40662,2020-08-14,2233,Grey Bruce Health Unit,0.0029,247.0,1.45,0.1643,0.6405
40663,2020-08-14,2258,Eastern Ontario Health Unit,0.0003,433.0,2.08,0.2952,0.6976
40664,2020-08-14,2230,Durham Regional Health Unit,0.0031,932.0,1.31,0.3056,0.7379
40665,2020-08-14,2226,District of Algoma Health Unit,0.0,218.0,1.9,0.2069,0.4734
40666,2020-08-14,3895,City of Toronto Health Unit,0.0042,4739.0,1.52,0.5836,0.8886
40667,2020-08-14,2251,City of Ottawa Health Unit,0.0057,1891.0,1.79,0.4335,0.8088
40668,2020-08-14,2237,City of Hamilton Health Unit,0.005,996.0,1.68,0.4797,0.8139
40669,2020-08-14,2240,Chatham-Kent Health Unit,0.0172,299.0,2.82,0.2058,0.7656
40670,2020-08-14,2227,Brant County Health Unit,0.0018,241.0,1.55,0.2112,0.4659
40671,2020-08-13,2270,York Regional Health Unit,0.0047,1573.0,1.28,0.5987,0.9024
40672,2020-08-13,2268,Windsor-Essex County Health Unit,0.0123,732.0,1.72,0.2875,0.7943
40673,2020-08-13,2266,Wellington-Dufferin-Guelph Health Unit,0.0039,626.0,2.01,0.2272,0.7768
40674,2020-08-13,2265,Waterloo Health Unit,0.0026,984.0,1.68,0.3779,0.7807
40675,2020-08-13,2263,Timiskaming Health Unit,0.0,91.0,2.79,0.3077,0.5028
40676,2020-08-13,2262,Thunder Bay District Health Unit,0.0008,352.0,2.35,0.3047,0.822
40677,2020-08-13,2261,Sudbury and District Health Unit,0.0007,619.0,3.11,0.3155,0.6925
40678,2020-08-13,4913,Southwestern Public Health,0.0092,495.0,2.34,0.5884,0.8478
40679,2020-08-13,2260,Simcoe Muskoka District Health Unit,0.0021,1112.0,1.86,0.3007,0.7197
40680,2020-08-13,2257,Renfrew County and District Health Unit,0.0007,200.0,1.84,0.1485,0.5227
40681,2020-08-13,2256,Porcupine Health Unit,0.0014,197.0,2.37,0.2836,0.6382
40682,2020-08-13,2255,Peterborough County-City Health Unit,0.0005,279.0,1.89,0.5507,0.8611
40683,2020-08-13,2253,Peel Regional Health Unit,0.0082,1947.0,1.21,0.7063,0.9181
40684,2020-08-13,35,Ontario,0.0044,24648.0,1.66,0.4533,0.8139
40685,2020-08-13,2249,Northwestern Health Unit,0.0,209.0,2.38,0.1165,0.3027
40686,2020-08-13,2247,North Bay Parry Sound District Health Unit,0.0,289.0,2.22,0.1587,0.392
40687,2020-08-13,2246,Niagara Regional Area Health Unit,0.0024,817.0,1.73,0.2728,0.834
40688,2020-08-13,2244,Middlesex-London Health Unit,0.0043,827.0,1.63,0.6748,0.9403
40689,2020-08-13,2243,"Leeds, Grenville and Lanark District Health Unit",0.0,332.0,1.91,0.4082,0.8199
40690,2020-08-13,2242,Lambton Health Unit,0.0025,337.0,2.57,0.1848,0.5378
40691,2020-08-13,2241,"Kingston, Frontenac and Lennox and Addington Health Unit",0.0013,337.0,1.58,0.8059,0.9536
40692,2020-08-13,5183,Huron Perth Health Unit,0.0033,351.0,2.51,0.1529,0.6283
40693,2020-08-13,2238,Hastings and Prince Edward Counties Health Unit,0.0005,317.0,1.88,0.252,0.9218
40694,2020-08-13,2236,Halton Regional Health Unit,0.0031,821.0,1.33,0.5498,0.8745
40695,2020-08-13,2235,"Haliburton, Kawartha, Pine Ridge District Health Unit",0.0014,396.0,2.1,0.2143,0.8098
40696,2020-08-13,2234,Haldimand-Norfolk Health Unit,0.0047,181.0,1.59,0.3155,0.6702
40697,2020-08-13,2233,Grey Bruce Health Unit,0.0034,252.0,1.49,0.1656,0.6629
40698,2020-08-13,2258,Eastern Ontario Health Unit,0.0003,448.0,2.14,0.2791,0.7423
40699,2020-08-13,2230,Durham Regional Health Unit,0.0035,895.0,1.26,0.3111,0.7487
40700,2020-08-13,2226,District of Algoma Health Unit,0.0,222.0,1.94,0.1967,0.554
40701,2020-08-13,3895,City of Toronto Health Unit,0.0043,4746.0,1.52,0.5993,0.8975
40702,2020-08-13,2251,City of Ottawa Health Unit,0.0061,1896.0,1.8,0.4349,0.8293
40703,2020-08-13,2237,City of Hamilton Health Unit,0.0052,982.0,1.66,0.5282,0.7976
40704,2020-08-13,2240,Chatham-Kent Health Unit,0.0167,317.0,2.98,0.1863,0.7589
40705,2020-08-13,2227,Brant County Health Unit,0.0023,243.0,1.57,0.2082,0.4684
40706,2020-08-12,2270,York Regional Health Unit,0.0055,1531.0,1.25,0.6205,0.9014
40707,2020-08-12,2268,Windsor-Essex County Health Unit,0.0132,747.0,1.76,0.3228,0.8182
40708,2020-08-12,2266,Wellington-Dufferin-Guelph Health Unit,0.0039,591.0,1.89,0.22,0.7806
40709,2020-08-12,2265,Waterloo Health Unit,0.0029,981.0,1.68,0.3777,0.7954
40710,2020-08-12,2263,Timiskaming Health Unit,0.0,79.0,2.43,0.3377,0.534
40711,2020-08-12,2262,Thunder Bay District Health Unit,0.0004,371.0,2.47,0.3089,0.8344
40712,2020-08-12,2261,Sudbury and District Health Unit,0.0007,604.0,3.04,0.3174,0.7058
40713,2020-08-12,4913,Southwestern Public Health,0.0118,474.0,2.24,0.6338,0.9034
40714,2020-08-12,2260,Simcoe Muskoka District Health Unit,0.0021,1133.0,1.89,0.3327,0.7231
40715,2020-08-12,2257,Renfrew County and District Health Unit,0.0007,194.0,1.79,0.1629,0.4941
40716,2020-08-12,2256,Porcupine Health Unit,0.0007,201.0,2.4,0.3292,0.721
40717,2020-08-12,2255,Peterborough County-City Health Unit,0.0,300.0,2.03,0.5484,0.8747
40718,2020-08-12,2253,Peel Regional Health Unit,0.0088,1908.0,1.19,0.7193,0.9155
40719,2020-08-12,35,Ontario,0.0044,24392.0,1.64,0.4671,0.8233
40720,2020-08-12,2249,Northwestern Health Unit,0.0,216.0,2.46,0.1383,0.4113
40721,2020-08-12,2247,North Bay Parry Sound District Health Unit,0.0,285.0,2.2,0.1921,0.4321
40722,2020-08-12,2246,Niagara Regional Area Health Unit,0.003,860.0,1.82,0.2505,0.8394
40723,2020-08-12,2244,Middlesex-London Health Unit,0.0029,783.0,1.54,0.7078,0.9505
40724,2020-08-12,2243,"Leeds, Grenville and Lanark District Health Unit",0.0,305.0,1.76,0.4419,0.8114
40725,2020-08-12,2242,Lambton Health Unit,0.0047,302.0,2.3,0.2075,0.6364
40726,2020-08-12,2241,"Kingston, Frontenac and Lennox and Addington Health Unit",0.0017,331.0,1.55,0.8211,0.9535
40727,2020-08-12,5183,Huron Perth Health Unit,0.0033,347.0,2.48,0.1684,0.6209
40728,2020-08-12,2238,Hastings and Prince Edward Counties Health Unit,0.0005,299.0,1.77,0.295,0.9123
40729,2020-08-12,2236,Halton Regional Health Unit,0.0032,813.0,1.31,0.5324,0.8606
40730,2020-08-12,2235,"Haliburton, Kawartha, Pine Ridge District Health Unit",0.0007,392.0,2.08,0.1909,0.7955
40731,2020-08-12,2234,Haldimand-Norfolk Health Unit,0.0017,172.0,1.51,0.275,0.693
40732,2020-08-12,2233,Grey Bruce Health Unit,0.0029,242.0,1.43,0.1631,0.6947
40733,2020-08-12,2258,Eastern Ontario Health Unit,0.0003,438.0,2.1,0.2561,0.7676
40734,2020-08-12,2230,Durham Regional Health Unit,0.0032,886.0,1.24,0.3777,0.7504
40735,2020-08-12,2226,District of Algoma Health Unit,0.0,229.0,2.0,0.2556,0.5813
40736,2020-08-12,3895,City of Toronto Health Unit,0.0044,4701.0,1.51,0.6097,0.8966
40737,2020-08-12,2251,City of Ottawa Health Unit,0.0055,1870.0,1.77,0.4325,0.845
40738,2020-08-12,2237,City of Hamilton Health Unit,0.0045,988.0,1.67,0.5299,0.8075
40739,2020-08-12,2240,Chatham-Kent Health Unit,0.0138,352.0,3.31,0.2112,0.7791
40740,2020-08-12,2227,Brant County Health Unit,0.003,240.0,1.54,0.2159,0.4323
40741,2020-08-11,2270,York Regional Health Unit,0.0048,1524.0,1.24,0.6522,0.8898
40742,2020-08-11,2268,Windsor-Essex County Health Unit,0.0152,743.0,1.75,0.3527,0.8203
40743,2020-08-11,2266,Wellington-Dufferin-Guelph Health Unit,0.0042,576.0,1.85,0.2201,0.6872
40744,2020-08-11,2265,Waterloo Health Unit,0.0027,1023.0,1.75,0.4202,0.7816
40745,2020-08-11,2263,Timiskaming Health Unit,0.0,79.0,2.41,0.2891,0.4551
40746,2020-08-11,2262,Thunder Bay District Health Unit,0.0004,341.0,2.27,0.3519,0.8285
40747,2020-08-11,2261,Sudbury and District Health Unit,0.0008,547.0,2.75,0.3382,0.7075
40748,2020-08-11,4913,Southwestern Public Health,0.0133,462.0,2.19,0.6785,0.9064
40749,2020-08-11,2260,Simcoe Muskoka District Health Unit,0.0026,1143.0,1.91,0.3777,0.6668
40750,2020-08-11,2257,Renfrew County and District Health Unit,0.0007,192.0,1.76,0.2154,0.4574
40751,2020-08-11,2256,Porcupine Health Unit,0.0006,223.0,2.67,0.3857,0.6946
40752,2020-08-11,2255,Peterborough County-City Health Unit,0.0,312.0,2.11,0.5673,0.8736
40753,2020-08-11,2253,Peel Regional Health Unit,0.0092,1854.0,1.15,0.738,0.9031
40754,2020-08-11,35,Ontario,0.0046,23993.0,1.62,0.4985,0.8088
40755,2020-08-11,2249,Northwestern Health Unit,0.0,196.0,2.23,0.1408,0.4089
40756,2020-08-11,2247,North Bay Parry Sound District Health Unit,0.0,265.0,2.04,0.229,0.4508
40757,2020-08-11,2246,Niagara Regional Area Health Unit,0.0031,836.0,1.77,0.2207,0.8252
40758,2020-08-11,2244,Middlesex-London Health Unit,0.0033,741.0,1.46,0.7509,0.951
40759,2020-08-11,2243,"Leeds, Grenville and Lanark District Health Unit",0.0005,286.0,1.65,0.5063,0.7716
40760,2020-08-11,2242,Lambton Health Unit,0.006,264.0,2.01,0.2224,0.6549
40761,2020-08-11,2241,"Kingston, Frontenac and Lennox and Addington Health Unit",0.0019,301.0,1.41,0.8391,0.9536
40762,2020-08-11,5183,Huron Perth Health Unit,0.0051,309.0,2.21,0.1915,0.5274
40763,2020-08-11,2238,Hastings and Prince Edward Counties Health Unit,0.0,295.0,1.75,0.3737,0.9068
40764,2020-08-11,2236,Halton Regional Health Unit,0.0035,807.0,1.3,0.5567,0.8445
40765,2020-08-11,2235,"Haliburton, Kawartha, Pine Ridge District Health Unit",0.001,412.0,2.18,0.2451,0.7743
40766,2020-08-11,2234,Haldimand-Norfolk Health Unit,0.0018,162.0,1.42,0.3097,0.6703
40767,2020-08-11,2233,Grey Bruce Health Unit,0.0029,247.0,1.45,0.1777,0.6617
40768,2020-08-11,2258,Eastern Ontario Health Unit,0.0003,474.0,2.27,0.2994,0.7526
40769,2020-08-11,2230,Durham Regional Health Unit,0.003,890.0,1.25,0.4541,0.7344
40770,2020-08-11,2226,District of Algoma Health Unit,0.0,286.0,2.5,0.2557,0.5737
40771,2020-08-11,3895,City of Toronto Health Unit,0.0046,4634.0,1.49,0.6355,0.8902
40772,2020-08-11,2251,City of Ottawa Health Unit,0.0059,1850.0,1.75,0.4607,0.8335
40773,2020-08-11,2237,City of Hamilton Health Unit,0.0045,880.0,1.49,0.5687,0.8099
40774,2020-08-11,2240,Chatham-Kent Health Unit,0.0127,371.0,3.49,0.2502,0.7889
40775,2020-08-11,2227,Brant County Health Unit,0.005,255.0,1.64,0.2266,0.4033
40776,2020-08-10,2270,York Regional Health Unit,0.0044,1516.0,1.24,0.6226,0.8692
40777,2020-08-10,2268,Windsor-Essex County Health Unit,0.0153,698.0,1.64,0.3361,0.8237
40778,2020-08-10,2266,Wellington-Dufferin-Guelph Health Unit,0.0055,524.0,1.68,0.2166,0.6657
40779,2020-08-10,2265,Waterloo Health Unit,0.0017,1023.0,1.75,0.4218,0.767
40780,2020-08-10,2263,Timiskaming Health Unit,0.0,75.0,2.3,0.1881,0.3517
40781,2020-08-10,2262,Thunder Bay District Health Unit,0.0009,323.0,2.15,0.3476,0.8108
40782,2020-08-10,2261,Sudbury and District Health Unit,0.0008,530.0,2.67,0.3491,0.7172
40783,2020-08-10,4913,Southwestern Public Health,0.0143,448.0,2.12,0.6676,0.899
40784,2020-08-10,2260,Simcoe Muskoka District Health Unit,0.003,1083.0,1.81,0.3212,0.6126
40785,2020-08-10,2257,Renfrew County and District Health Unit,0.0008,184.0,1.69,0.2361,0.5233
40786,2020-08-10,2256,Porcupine Health Unit,0.0006,252.0,3.02,0.3434,0.6642
40787,2020-08-10,2255,Peterborough County-City Health Unit,0.0,340.0,2.3,0.4577,0.8102
40788,2020-08-10,2253,Peel Regional Health Unit,0.009,1801.0,1.12,0.7143,0.8754
40789,2020-08-10,35,Ontario,0.0046,23666.0,1.6,0.477,0.7891
40790,2020-08-10,2249,Northwestern Health Unit,0.0,204.0,2.33,0.1377,0.4175
40791,2020-08-10,2247,North Bay Parry Sound District Health Unit,0.0006,250.0,1.93,0.2042,0.4521
40792,2020-08-10,2246,Niagara Regional Area Health Unit,0.0038,785.0,1.66,0.1455,0.7998
40793,2020-08-10,2244,Middlesex-London Health Unit,0.0027,730.0,1.44,0.7323,0.9414
40794,2020-08-10,2243,"Leeds, Grenville and Lanark District Health Unit",0.0005,278.0,1.6,0.4878,0.7407
40795,2020-08-10,2242,Lambton Health Unit,0.0063,272.0,2.08,0.2099,0.6553
40796,2020-08-10,2241,"Kingston, Frontenac and Lennox and Addington Health Unit",0.0009,313.0,1.47,0.8065,0.9322
40797,2020-08-10,5183,Huron Perth Health Unit,0.005,286.0,2.04,0.1772,0.5368
40798,2020-08-10,2238,Hastings and Prince Edward Counties Health Unit,0.0,280.0,1.66,0.3873,0.9001
40799,2020-08-10,2236,Halton Regional Health Unit,0.003,804.0,1.3,0.5477,0.8224
40800,2020-08-10,2235,"Haliburton, Kawartha, Pine Ridge District Health Unit",0.0014,410.0,2.17,0.2169,0.7452
40801,2020-08-10,2234,Haldimand-Norfolk Health Unit,0.004,178.0,1.56,0.2799,0.6308
40802,2020-08-10,2233,Grey Bruce Health Unit,0.0023,245.0,1.44,0.1562,0.632
40803,2020-08-10,2258,Eastern Ontario Health Unit,0.0,482.0,2.31,0.3082,0.7491
40804,2020-08-10,2230,Durham Regional Health Unit,0.004,899.0,1.26,0.4195,0.6975
40805,2020-08-10,2226,District of Algoma Health Unit,0.0,273.0,2.39,0.2193,0.5675
40806,2020-08-10,3895,City of Toronto Health Unit,0.0047,4650.0,1.49,0.6293,0.8686
40807,2020-08-10,2251,City of Ottawa Health Unit,0.0052,1852.0,1.76,0.4166,0.8044
40808,2020-08-10,2237,City of Hamilton Health Unit,0.0045,865.0,1.46,0.5356,0.8019
40809,2020-08-10,2240,Chatham-Kent Health Unit,0.0124,369.0,3.47,0.2583,0.7888
40810,2020-08-10,2227,Brant County Health Unit,0.0048,236.0,1.52,0.2286,0.3892
40811,2020-08-09,2270,York Regional Health Unit,0.0048,1409.0,1.15,0.6248,0.8779
40812,2020-08-09,2268,Windsor-Essex County Health Unit,0.0148,636.0,1.5,0.3249,0.7945
40813,2020-08-09,2266,Wellington-Dufferin-Guelph Health Unit,0.0052,441.0,1.41,0.2183,0.6515
40814,2020-08-09,2265,Waterloo Health Unit,0.002,907.0,1.55,0.4514,0.7906
40815,2020-08-09,2263,Timiskaming Health Unit,0.0,61.0,1.85,0.2472,0.4225
40816,2020-08-09,2262,Thunder Bay District Health Unit,0.0005,278.0,1.86,0.3496,0.8029
40817,2020-08-09,2261,Sudbury and District Health Unit,0.0011,510.0,2.56,0.3528,0.6903
40818,2020-08-09,4913,Southwestern Public Health,0.0154,390.0,1.85,0.6591,0.8763
40819,2020-08-09,2260,Simcoe Muskoka District Health Unit,0.0032,886.0,1.48,0.3372,0.6239
40820,2020-08-09,2257,Renfrew County and District Health Unit,0.0009,164.0,1.51,0.2298,0.5091
40821,2020-08-09,2256,Porcupine Health Unit,0.0007,216.0,2.59,0.3566,0.7048
40822,2020-08-09,2255,Peterborough County-City Health Unit,0.0,286.0,1.93,0.455,0.8051
40823,2020-08-09,2253,Peel Regional Health Unit,0.0093,1638.0,1.02,0.7276,0.8784
40824,2020-08-09,35,Ontario,0.0047,21169.0,1.43,0.4864,0.792
40825,2020-08-09,2249,Northwestern Health Unit,0.0,166.0,1.9,0.1235,0.3865
40826,2020-08-09,2247,North Bay Parry Sound District Health Unit,0.0007,218.0,1.68,0.1928,0.4336
40827,2020-08-09,2246,Niagara Regional Area Health Unit,0.0042,682.0,1.44,0.1451,0.7843
40828,2020-08-09,2244,Middlesex-London Health Unit,0.002,652.0,1.28,0.7544,0.9224
40829,2020-08-09,2243,"Leeds, Grenville and Lanark District Health Unit",0.0006,237.0,1.37,0.4521,0.6933
40830,2020-08-09,2242,Lambton Health Unit,0.0058,223.0,1.71,0.2045,0.7189
40831,2020-08-09,2241,"Kingston, Frontenac and Lennox and Addington Health Unit",0.0005,293.0,1.38,0.795,0.9354
40832,2020-08-09,5183,Huron Perth Health Unit,0.0038,227.0,1.62,0.1985,0.5851
40833,2020-08-09,2238,Hastings and Prince Edward Counties Health Unit,0.0,253.0,1.5,0.4075,0.9012
40834,2020-08-09,2236,Halton Regional Health Unit,0.0033,732.0,1.18,0.5677,0.8374
40835,2020-08-09,2235,"Haliburton, Kawartha, Pine Ridge District Health Unit",0.0016,352.0,1.86,0.2151,0.7346
40836,2020-08-09,2234,Haldimand-Norfolk Health Unit,0.0038,151.0,1.33,0.2655,0.6267
40837,2020-08-09,2233,Grey Bruce Health Unit,0.0021,203.0,1.19,0.1613,0.648
40838,2020-08-09,2258,Eastern Ontario Health Unit,0.0,429.0,2.06,0.2996,0.7571
40839,2020-08-09,2230,Durham Regional Health Unit,0.0035,774.0,1.09,0.46,0.7367
40840,2020-08-09,2226,District of Algoma Health Unit,0.0,243.0,2.12,0.2275,0.5732
40841,2020-08-09,3895,City of Toronto Health Unit,0.0045,4323.0,1.39,0.6512,0.8695
40842,2020-08-09,2251,City of Ottawa Health Unit,0.0057,1680.0,1.59,0.4016,0.8018
40843,2020-08-09,2237,City of Hamilton Health Unit,0.0041,759.0,1.28,0.5611,0.8401
40844,2020-08-09,2240,Chatham-Kent Health Unit,0.0179,350.0,3.29,0.2459,0.7649
40845,2020-08-09,2227,Brant County Health Unit,0.0055,209.0,1.34,0.223,0.3892
40846,2020-08-08,2270,York Regional Health Unit,0.0052,1411.0,1.15,0.6119,0.878
40847,2020-08-08,2268,Windsor-Essex County Health Unit,0.0134,639.0,1.5,0.3518,0.8115
40848,2020-08-08,2266,Wellington-Dufferin-Guelph Health Unit,0.0049,437.0,1.4,0.2179,0.6934
40849,2020-08-08,2265,Waterloo Health Unit,0.0018,888.0,1.52,0.4548,0.8226
40850,2020-08-08,2263,Timiskaming Health Unit,0.0,62.0,1.91,0.2435,0.4304
40851,2020-08-08,2262,Thunder Bay District Health Unit,0.001,277.0,1.85,0.3671,0.8249
40852,2020-08-08,2261,Sudbury and District Health Unit,0.0011,504.0,2.53,0.3647,0.6912
40853,2020-08-08,4913,Southwestern Public Health,0.0164,373.0,1.77,0.6247,0.8431
40854,2020-08-08,2260,Simcoe Muskoka District Health Unit,0.0028,878.0,1.46,0.3443,0.6209
40855,2020-08-08,2257,Renfrew County and District Health Unit,0.0009,165.0,1.52,0.2123,0.5243
40856,2020-08-08,2256,Porcupine Health Unit,0.0,213.0,2.55,0.4046,0.7424
40857,2020-08-08,2255,Peterborough County-City Health Unit,0.0,284.0,1.92,0.5127,0.8374
40858,2020-08-08,2253,Peel Regional Health Unit,0.0084,1637.0,1.02,0.6993,0.8728
40859,2020-08-08,35,Ontario,0.0048,20985.0,1.41,0.4897,0.7944
40860,2020-08-08,2249,Northwestern Health Unit,0.0,166.0,1.89,0.1181,0.3679
40861,2020-08-08,2247,North Bay Parry Sound District Health Unit,0.0007,212.0,1.64,0.1749,0.3953
40862,2020-08-08,2246,Niagara Regional Area Health Unit,0.0053,678.0,1.43,0.1641,0.8146
40863,2020-08-08,2244,Middlesex-London Health Unit,0.0015,652.0,1.28,0.7542,0.9096
40864,2020-08-08,2243,"Leeds, Grenville and Lanark District Health Unit",0.0006,239.0,1.38,0.4622,0.711
40865,2020-08-08,2242,Lambton Health Unit,0.0064,223.0,1.7,0.1776,0.6379
40866,2020-08-08,2241,"Kingston, Frontenac and Lennox and Addington Health Unit",0.0005,293.0,1.38,0.7908,0.9349
40867,2020-08-08,5183,Huron Perth Health Unit,0.0038,226.0,1.62,0.2009,0.5744
40868,2020-08-08,2238,Hastings and Prince Edward Counties Health Unit,0.0,247.0,1.47,0.4278,0.8935
40869,2020-08-08,2236,Halton Regional Health Unit,0.0033,735.0,1.19,0.5809,0.854
40870,2020-08-08,2235,"Haliburton, Kawartha, Pine Ridge District Health Unit",0.0016,353.0,1.87,0.2294,0.7392
40871,2020-08-08,2234,Haldimand-Norfolk Health Unit,0.0038,152.0,1.33,0.2785,0.6276
40872,2020-08-08,2233,Grey Bruce Health Unit,0.0021,200.0,1.18,0.1656,0.621
40873,2020-08-08,2258,Eastern Ontario Health Unit,0.0,422.0,2.02,0.283,0.7503
40874,2020-08-08,2230,Durham Regional Health Unit,0.003,771.0,1.08,0.465,0.7366
40875,2020-08-08,2226,District of Algoma Health Unit,0.0,244.0,2.13,0.2487,0.624
40876,2020-08-08,3895,City of Toronto Health Unit,0.0051,4262.0,1.37,0.6541,0.8733
40877,2020-08-08,2251,City of Ottawa Health Unit,0.0059,1672.0,1.59,0.3865,0.7933
40878,2020-08-08,2237,City of Hamilton Health Unit,0.004,743.0,1.25,0.5319,0.8113
40879,2020-08-08,2240,Chatham-Kent Health Unit,0.0188,334.0,3.14,0.281,0.7622
40880,2020-08-08,2227,Brant County Health Unit,0.0056,205.0,1.32,0.2333,0.4066
40881,2020-08-07,2270,York Regional Health Unit,0.0056,1417.0,1.16,0.584,0.8659
40882,2020-08-07,2268,Windsor-Essex County Health Unit,0.0121,649.0,1.53,0.3219,0.7377
40883,2020-08-07,2266,Wellington-Dufferin-Guelph Health Unit,0.0039,439.0,1.41,0.1712,0.6705
40884,2020-08-07,2265,Waterloo Health Unit,0.0021,878.0,1.5,0.4253,0.821
40885,2020-08-07,2263,Timiskaming Health Unit,0.0,61.0,1.86,0.3019,0.5169
40886,2020-08-07,2262,Thunder Bay District Health Unit,0.0011,269.0,1.8,0.4048,0.8223
40887,2020-08-07,2261,Sudbury and District Health Unit,0.0011,499.0,2.51,0.3331,0.6785
40888,2020-08-07,4913,Southwestern Public Health,0.0175,384.0,1.82,0.578,0.7974
40889,2020-08-07,2260,Simcoe Muskoka District Health Unit,0.0026,874.0,1.46,0.3578,0.6131
40890,2020-08-07,2257,Renfrew County and District Health Unit,0.0,166.0,1.53,0.2263,0.5413
40891,2020-08-07,2256,Porcupine Health Unit,0.0006,223.0,2.68,0.4227,0.7762
40892,2020-08-07,2255,Peterborough County-City Health Unit,0.0,287.0,1.94,0.5707,0.8707
40893,2020-08-07,2253,Peel Regional Health Unit,0.0088,1634.0,1.02,0.6669,0.8603
40894,2020-08-07,35,Ontario,0.005,20969.0,1.41,0.4737,0.7849
40895,2020-08-07,2249,Northwestern Health Unit,0.0,165.0,1.88,0.1014,0.3257
40896,2020-08-07,2247,North Bay Parry Sound District Health Unit,0.0007,209.0,1.61,0.1941,0.3864
40897,2020-08-07,2246,Niagara Regional Area Health Unit,0.0056,669.0,1.42,0.1556,0.7455
40898,2020-08-07,2244,Middlesex-London Health Unit,0.0013,652.0,1.28,0.6835,0.8565
40899,2020-08-07,2243,"Leeds, Grenville and Lanark District Health Unit",0.0006,237.0,1.37,0.4809,0.7252
40900,2020-08-07,2242,Lambton Health Unit,0.0082,228.0,1.74,0.1604,0.6211
40901,2020-08-07,2241,"Kingston, Frontenac and Lennox and Addington Health Unit",0.0005,301.0,1.42,0.7881,0.9213
40902,2020-08-07,5183,Huron Perth Health Unit,0.0044,225.0,1.61,0.1647,0.502
40903,2020-08-07,2238,Hastings and Prince Edward Counties Health Unit,0.0,248.0,1.47,0.4598,0.9019
40904,2020-08-07,2236,Halton Regional Health Unit,0.003,723.0,1.17,0.5488,0.8354
40905,2020-08-07,2235,"Haliburton, Kawartha, Pine Ridge District Health Unit",0.0016,353.0,1.87,0.306,0.7807
40906,2020-08-07,2234,Haldimand-Norfolk Health Unit,0.0035,162.0,1.42,0.2896,0.659
40907,2020-08-07,2233,Grey Bruce Health Unit,0.0021,200.0,1.18,0.1776,0.6435
40908,2020-08-07,2258,Eastern Ontario Health Unit,0.0,420.0,2.01,0.2868,0.8067
40909,2020-08-07,2230,Durham Regional Health Unit,0.0035,770.0,1.08,0.4471,0.6981
40910,2020-08-07,2226,District of Algoma Health Unit,0.0,241.0,2.11,0.2304,0.5906
40911,2020-08-07,3895,City of Toronto Health Unit,0.0051,4271.0,1.37,0.6347,0.8753
40912,2020-08-07,2251,City of Ottawa Health Unit,0.0066,1658.0,1.57,0.3871,0.8134
40913,2020-08-07,2237,City of Hamilton Health Unit,0.0041,731.0,1.24,0.5344,0.818
40914,2020-08-07,2240,Chatham-Kent Health Unit,0.0228,332.0,3.13,0.3426,0.7539
40915,2020-08-07,2227,Brant County Health Unit,0.0043,201.0,1.3,0.226,0.4378
40916,2020-08-06,2270,York Regional Health Unit,0.006,1423.0,1.16,0.5513,0.8487
40917,2020-08-06,2268,Windsor-Essex County Health Unit,0.0126,647.0,1.52,0.3172,0.7068
40918,2020-08-06,2266,Wellington-Dufferin-Guelph Health Unit,0.0039,441.0,1.41,0.1575,0.6403
40919,2020-08-06,2265,Waterloo Health Unit,0.0018,882.0,1.51,0.3973,0.7769
40920,2020-08-06,2263,Timiskaming Health Unit,0.0,63.0,1.92,0.2796,0.5262
40921,2020-08-06,2262,Thunder Bay District Health Unit,0.0011,267.0,1.78,0.3794,0.833
40922,2020-08-06,2261,Sudbury and District Health Unit,0.0008,510.0,2.56,0.342,0.6563
40923,2020-08-06,4913,Southwestern Public Health,0.0182,393.0,1.86,0.602,0.7664
40924,2020-08-06,2260,Simcoe Muskoka District Health Unit,0.0023,874.0,1.46,0.3296,0.6051
40925,2020-08-06,2257,Renfrew County and District Health Unit,0.0,165.0,1.52,0.2104,0.5453
40926,2020-08-06,2256,Porcupine Health Unit,0.0007,217.0,2.6,0.4393,0.8014
40927,2020-08-06,2255,Peterborough County-City Health Unit,0.0,288.0,1.94,0.5752,0.8609
40928,2020-08-06,2253,Peel Regional Health Unit,0.01,1641.0,1.02,0.6364,0.8403
40929,2020-08-06,35,Ontario,0.0051,21011.0,1.42,0.4601,0.7688
40930,2020-08-06,2249,Northwestern Health Unit,0.0,171.0,1.95,0.0937,0.3217
40931,2020-08-06,2247,North Bay Parry Sound District Health Unit,0.0007,214.0,1.65,0.1784,0.4003
40932,2020-08-06,2246,Niagara Regional Area Health Unit,0.0063,657.0,1.39,0.1393,0.6938
40933,2020-08-06,2244,Middlesex-London Health Unit,0.0015,675.0,1.33,0.6915,0.8389
40934,2020-08-06,2243,"Leeds, Grenville and Lanark District Health Unit",0.0006,252.0,1.45,0.4907,0.7129
40935,2020-08-06,2242,Lambton Health Unit,0.0072,237.0,1.81,0.1685,0.6187
40936,2020-08-06,2241,"Kingston, Frontenac and Lennox and Addington Health Unit",0.0005,297.0,1.4,0.711,0.8991
40937,2020-08-06,5183,Huron Perth Health Unit,0.004,213.0,1.53,0.1967,0.4937
40938,2020-08-06,2238,Hastings and Prince Edward Counties Health Unit,0.0,259.0,1.54,0.4633,0.8477
40939,2020-08-06,2236,Halton Regional Health Unit,0.0031,732.0,1.18,0.5163,0.8169
40940,2020-08-06,2235,"Haliburton, Kawartha, Pine Ridge District Health Unit",0.0015,372.0,1.97,0.348,0.7506
40941,2020-08-06,2234,Haldimand-Norfolk Health Unit,0.0053,161.0,1.41,0.2811,0.629
40942,2020-08-06,2233,Grey Bruce Health Unit,0.0014,199.0,1.17,0.1753,0.6431
40943,2020-08-06,2258,Eastern Ontario Health Unit,0.0,424.0,2.03,0.3146,0.7988
40944,2020-08-06,2230,Durham Regional Health Unit,0.0032,758.0,1.06,0.4401,0.6834
40945,2020-08-06,2226,District of Algoma Health Unit,0.0,239.0,2.09,0.2703,0.5027
40946,2020-08-06,3895,City of Toronto Health Unit,0.0052,4223.0,1.35,0.6042,0.8734
40947,2020-08-06,2251,City of Ottawa Health Unit,0.0061,1676.0,1.59,0.3866,0.792
40948,2020-08-06,2237,City of Hamilton Health Unit,0.0043,739.0,1.25,0.5125,0.818
40949,2020-08-06,2240,Chatham-Kent Health Unit,0.026,318.0,2.99,0.408,0.768
40950,2020-08-06,2227,Brant County Health Unit,0.0044,194.0,1.25,0.2006,0.3734
40951,2020-08-05,2270,York Regional Health Unit,0.0057,1434.0,1.17,0.5198,0.8483
40952,2020-08-05,2268,Windsor-Essex County Health Unit,0.013,648.0,1.53,0.2692,0.6394
40953,2020-08-05,2266,Wellington-Dufferin-Guelph Health Unit,0.0036,474.0,1.52,0.1403,0.6286
40954,2020-08-05,2265,Waterloo Health Unit,0.0013,874.0,1.5,0.3842,0.7703
40955,2020-08-05,2263,Timiskaming Health Unit,0.0,72.0,2.21,0.314,0.5526
40956,2020-08-05,2262,Thunder Bay District Health Unit,0.0012,242.0,1.61,0.3457,0.8011
40957,2020-08-05,2261,Sudbury and District Health Unit,0.0007,579.0,2.91,0.331,0.6273
40958,2020-08-05,4913,Southwestern Public Health,0.0158,425.0,2.01,0.5828,0.7545
40959,2020-08-05,2260,Simcoe Muskoka District Health Unit,0.0023,859.0,1.43,0.2776,0.6093
40960,2020-08-05,2257,Renfrew County and District Health Unit,0.0,174.0,1.6,0.2402,0.6161
40961,2020-08-05,2256,Porcupine Health Unit,0.0007,218.0,2.61,0.4449,0.7679
40962,2020-08-05,2255,Peterborough County-City Health Unit,0.0,280.0,1.89,0.5543,0.8588
40963,2020-08-05,2253,Peel Regional Health Unit,0.0101,1680.0,1.05,0.6057,0.8388
40964,2020-08-05,35,Ontario,0.0049,21506.0,1.45,0.4383,0.7602
40965,2020-08-05,2249,Northwestern Health Unit,0.0,165.0,1.89,0.0845,0.277
40966,2020-08-05,2247,North Bay Parry Sound District Health Unit,0.0006,225.0,1.74,0.1599,0.3816
40967,2020-08-05,2246,Niagara Regional Area Health Unit,0.006,619.0,1.31,0.1551,0.6852
40968,2020-08-05,2244,Middlesex-London Health Unit,0.0014,729.0,1.44,0.6345,0.8375
40969,2020-08-05,2243,"Leeds, Grenville and Lanark District Health Unit",0.0005,275.0,1.59,0.4821,0.7284
40970,2020-08-05,2242,Lambton Health Unit,0.004,252.0,1.93,0.157,0.5082
40971,2020-08-05,2241,"Kingston, Frontenac and Lennox and Addington Health Unit",0.0,302.0,1.42,0.6608,0.9009
40972,2020-08-05,5183,Huron Perth Health Unit,0.003,239.0,1.71,0.1758,0.475
40973,2020-08-05,2238,Hastings and Prince Edward Counties Health Unit,0.0,290.0,1.72,0.4351,0.8413
40974,2020-08-05,2236,Halton Regional Health Unit,0.0023,730.0,1.18,0.5171,0.8237
40975,2020-08-05,2235,"Haliburton, Kawartha, Pine Ridge District Health Unit",0.0016,366.0,1.94,0.3614,0.7685
40976,2020-08-05,2234,Haldimand-Norfolk Health Unit,0.005,171.0,1.5,0.3116,0.6057
40977,2020-08-05,2233,Grey Bruce Health Unit,0.0013,221.0,1.3,0.1809,0.6289
40978,2020-08-05,2258,Eastern Ontario Health Unit,0.0,468.0,2.24,0.3466,0.7935
40979,2020-08-05,2230,Durham Regional Health Unit,0.003,754.0,1.06,0.3922,0.6833
40980,2020-08-05,2226,District of Algoma Health Unit,0.0,239.0,2.09,0.2064,0.4184
40981,2020-08-05,3895,City of Toronto Health Unit,0.0048,4319.0,1.38,0.5711,0.8687
40982,2020-08-05,2251,City of Ottawa Health Unit,0.007,1752.0,1.66,0.409,0.795
40983,2020-08-05,2237,City of Hamilton Health Unit,0.0044,750.0,1.27,0.4908,0.8137
40984,2020-08-05,2240,Chatham-Kent Health Unit,0.0299,291.0,2.74,0.3993,0.7212
40985,2020-08-05,2227,Brant County Health Unit,0.0044,194.0,1.25,0.1945,0.3848
40986,2020-08-04,2270,York Regional Health Unit,0.0057,1434.0,1.17,0.478,0.8589
40987,2020-08-04,2268,Windsor-Essex County Health Unit,0.0141,647.0,1.52,0.2248,0.6379
40988,2020-08-04,2266,Wellington-Dufferin-Guelph Health Unit,0.0026,499.0,1.6,0.1465,0.706
40989,2020-08-04,2265,Waterloo Health Unit,0.0021,819.0,1.4,0.3349,0.7841
40990,2020-08-04,2263,Timiskaming Health Unit,0.0,81.0,2.47,0.2646,0.5475
40991,2020-08-04,2262,Thunder Bay District Health Unit,0.0029,247.0,1.65,0.3483,0.8188
40992,2020-08-04,2261,Sudbury and District Health Unit,0.0003,571.0,2.87,0.315,0.6232
40993,2020-08-04,4913,Southwestern Public Health,0.0174,419.0,1.98,0.5691,0.7513
40994,2020-08-04,2260,Simcoe Muskoka District Health Unit,0.0018,857.0,1.43,0.231,0.6664
40995,2020-08-04,2257,Renfrew County and District Health Unit,0.0,181.0,1.66,0.1975,0.6902
40996,2020-08-04,2256,Porcupine Health Unit,0.0007,198.0,2.37,0.418,0.7974
40997,2020-08-04,2255,Peterborough County-City Health Unit,0.0,269.0,1.82,0.4906,0.8563
40998,2020-08-04,2253,Peel Regional Health Unit,0.0092,1700.0,1.06,0.5865,0.8509
40999,2020-08-04,35,Ontario,0.0049,21457.0,1.45,0.4095,0.7758
41000,2020-08-04,2249,Northwestern Health Unit,0.0,178.0,2.03,0.0714,0.3473
41001,2020-08-04,2247,North Bay Parry Sound District Health Unit,0.0006,244.0,1.88,0.1329,0.3943
41002,2020-08-04,2246,Niagara Regional Area Health Unit,0.0056,637.0,1.35,0.1349,0.7028
41003,2020-08-04,2244,Middlesex-London Health Unit,0.0023,757.0,1.49,0.6185,0.8349
41004,2020-08-04,2243,"Leeds, Grenville and Lanark District Health Unit",0.0,283.0,1.64,0.4372,0.7557
41005,2020-08-04,2242,Lambton Health Unit,0.0033,257.0,1.96,0.1462,0.5002
41006,2020-08-04,2241,"Kingston, Frontenac and Lennox and Addington Health Unit",0.0,308.0,1.45,0.6389,0.8925
41007,2020-08-04,5183,Huron Perth Health Unit,0.0026,270.0,1.93,0.1686,0.5433
41008,2020-08-04,2238,Hastings and Prince Edward Counties Health Unit,0.0,285.0,1.69,0.3641,0.8429
41009,2020-08-04,2236,Halton Regional Health Unit,0.0019,746.0,1.21,0.4793,0.8347
41010,2020-08-04,2235,"Haliburton, Kawartha, Pine Ridge District Health Unit",0.0013,339.0,1.8,0.3012,0.7741
41011,2020-08-04,2234,Haldimand-Norfolk Health Unit,0.0058,172.0,1.5,0.2805,0.6339
41012,2020-08-04,2233,Grey Bruce Health Unit,0.0013,220.0,1.29,0.1727,0.6629
41013,2020-08-04,2258,Eastern Ontario Health Unit,0.0003,425.0,2.04,0.3403,0.812
41014,2020-08-04,2230,Durham Regional Health Unit,0.004,745.0,1.05,0.3519,0.7083
41015,2020-08-04,2226,District of Algoma Health Unit,0.0,186.0,1.62,0.1379,0.361
41016,2020-08-04,3895,City of Toronto Health Unit,0.0044,4344.0,1.39,0.5295,0.877
41017,2020-08-04,2251,City of Ottawa Health Unit,0.0078,1751.0,1.66,0.4267,0.8145
41018,2020-08-04,2237,City of Hamilton Health Unit,0.0039,767.0,1.3,0.4775,0.8322
41019,2020-08-04,2240,Chatham-Kent Health Unit,0.0371,258.0,2.43,0.3531,0.7063
41020,2020-08-04,2227,Brant County Health Unit,0.0025,171.0,1.1,0.1649,0.3653
41021,2020-08-03,2270,York Regional Health Unit,0.0054,1442.0,1.18,0.4956,0.8809
41022,2020-08-03,2268,Windsor-Essex County Health Unit,0.0159,684.0,1.61,0.2313,0.6428
41023,2020-08-03,2266,Wellington-Dufferin-Guelph Health Unit,0.0018,550.0,1.76,0.1789,0.7372
41024,2020-08-03,2265,Waterloo Health Unit,0.0023,863.0,1.48,0.3264,0.7986
41025,2020-08-03,2263,Timiskaming Health Unit,0.0,72.0,2.19,0.2986,0.6267
41026,2020-08-03,2262,Thunder Bay District Health Unit,0.0022,257.0,1.72,0.3639,0.8579
41027,2020-08-03,2261,Sudbury and District Health Unit,0.002,561.0,2.82,0.3003,0.6119
41028,2020-08-03,4913,Southwestern Public Health,0.0169,441.0,2.08,0.5857,0.7691
41029,2020-08-03,2260,Simcoe Muskoka District Health Unit,0.0014,913.0,1.52,0.2589,0.6971
41030,2020-08-03,2257,Renfrew County and District Health Unit,0.0,194.0,1.78,0.2205,0.7229
41031,2020-08-03,2256,Porcupine Health Unit,0.0019,153.0,1.83,0.4693,0.8276
41032,2020-08-03,2255,Peterborough County-City Health Unit,0.0,248.0,1.68,0.5824,0.9165
41033,2020-08-03,2253,Peel Regional Health Unit,0.0094,1784.0,1.11,0.6089,0.8771
41034,2020-08-03,35,Ontario,0.0051,22081.0,1.49,0.4284,0.7953
41035,2020-08-03,2249,Northwestern Health Unit,0.0,181.0,2.07,0.0786,0.3549
41036,2020-08-03,2247,North Bay Parry Sound District Health Unit,0.0,242.0,1.86,0.1583,0.3988
41037,2020-08-03,2246,Niagara Regional Area Health Unit,0.0042,683.0,1.45,0.1813,0.707
41038,2020-08-03,2244,Middlesex-London Health Unit,0.0021,818.0,1.61,0.635,0.8457
41039,2020-08-03,2243,"Leeds, Grenville and Lanark District Health Unit",0.0,293.0,1.69,0.447,0.7822
41040,2020-08-03,2242,Lambton Health Unit,0.0084,255.0,1.94,0.1541,0.4888
41041,2020-08-03,2241,"Kingston, Frontenac and Lennox and Addington Health Unit",0.0004,332.0,1.56,0.6702,0.9199
41042,2020-08-03,5183,Huron Perth Health Unit,0.0041,282.0,2.02,0.2102,0.5782
41043,2020-08-03,2238,Hastings and Prince Edward Counties Health Unit,0.0,291.0,1.73,0.3465,0.8511
41044,2020-08-03,2236,Halton Regional Health Unit,0.0021,755.0,1.22,0.4956,0.8546
41045,2020-08-03,2235,"Haliburton, Kawartha, Pine Ridge District Health Unit",0.0013,330.0,1.75,0.3488,0.8059
41046,2020-08-03,2234,Haldimand-Norfolk Health Unit,0.0035,161.0,1.42,0.3059,0.6533
41047,2020-08-03,2233,Grey Bruce Health Unit,0.0018,232.0,1.37,0.1938,0.6862
41048,2020-08-03,2258,Eastern Ontario Health Unit,0.0007,410.0,1.97,0.3571,0.8278
41049,2020-08-03,2230,Durham Regional Health Unit,0.0036,759.0,1.07,0.4172,0.7535
41050,2020-08-03,2226,District of Algoma Health Unit,0.0,180.0,1.57,0.1391,0.3665
41051,2020-08-03,3895,City of Toronto Health Unit,0.0044,4385.0,1.41,0.5156,0.8879
41052,2020-08-03,2251,City of Ottawa Health Unit,0.0087,1877.0,1.78,0.4848,0.8502
41053,2020-08-03,2237,City of Hamilton Health Unit,0.004,832.0,1.4,0.5271,0.8431
41054,2020-08-03,2240,Chatham-Kent Health Unit,0.0399,233.0,2.19,0.3732,0.7079
41055,2020-08-03,2227,Brant County Health Unit,0.0038,190.0,1.22,0.1724,0.383
41056,2020-08-02,2270,York Regional Health Unit,0.0054,1575.0,1.28,0.4949,0.8774
41057,2020-08-02,2268,Windsor-Essex County Health Unit,0.0189,808.0,1.9,0.2285,0.6598
41058,2020-08-02,2266,Wellington-Dufferin-Guelph Health Unit,0.0015,662.0,2.12,0.1755,0.7545
41059,2020-08-02,2265,Waterloo Health Unit,0.0022,964.0,1.65,0.2959,0.7942
41060,2020-08-02,2263,Timiskaming Health Unit,0.0,76.0,2.32,0.2691,0.6009
41061,2020-08-02,2262,Thunder Bay District Health Unit,0.0019,296.0,1.98,0.3764,0.8694
41062,2020-08-02,2261,Sudbury and District Health Unit,0.0025,572.0,2.87,0.3594,0.6505
41063,2020-08-02,4913,Southwestern Public Health,0.0179,478.0,2.26,0.5828,0.7801
41064,2020-08-02,2260,Simcoe Muskoka District Health Unit,0.0016,1083.0,1.81,0.2394,0.6684
41065,2020-08-02,2257,Renfrew County and District Health Unit,0.0,213.0,1.96,0.2059,0.6511
41066,2020-08-02,2256,Porcupine Health Unit,0.0016,182.0,2.18,0.4577,0.7568
41067,2020-08-02,2255,Peterborough County-City Health Unit,0.0,283.0,1.92,0.6103,0.9548
41068,2020-08-02,2253,Peel Regional Health Unit,0.0097,1920.0,1.2,0.6046,0.8892
41069,2020-08-02,35,Ontario,0.0052,24553.0,1.66,0.4272,0.7986
41070,2020-08-02,2249,Northwestern Health Unit,0.0,225.0,2.57,0.0873,0.3856
41071,2020-08-02,2247,North Bay Parry Sound District Health Unit,0.0,264.0,2.04,0.1824,0.4236
41072,2020-08-02,2246,Niagara Regional Area Health Unit,0.0042,787.0,1.67,0.2446,0.7396
41073,2020-08-02,2244,Middlesex-London Health Unit,0.002,865.0,1.7,0.6489,0.8628
41074,2020-08-02,2243,"Leeds, Grenville and Lanark District Health Unit",0.0,331.0,1.91,0.4946,0.8447
41075,2020-08-02,2242,Lambton Health Unit,0.0117,305.0,2.33,0.1732,0.4669
41076,2020-08-02,2241,"Kingston, Frontenac and Lennox and Addington Health Unit",0.0004,356.0,1.67,0.6823,0.9214
41077,2020-08-02,5183,Huron Perth Health Unit,0.0051,334.0,2.39,0.1875,0.5374
41078,2020-08-02,2238,Hastings and Prince Edward Counties Health Unit,0.0005,316.0,1.87,0.3304,0.8428
41079,2020-08-02,2236,Halton Regional Health Unit,0.0015,837.0,1.35,0.4768,0.846
41080,2020-08-02,2235,"Haliburton, Kawartha, Pine Ridge District Health Unit",0.0019,380.0,2.01,0.355,0.8352
41081,2020-08-02,2234,Haldimand-Norfolk Health Unit,0.0046,185.0,1.62,0.3369,0.6829
41082,2020-08-02,2233,Grey Bruce Health Unit,0.0021,266.0,1.57,0.1903,0.678
41083,2020-08-02,2258,Eastern Ontario Health Unit,0.0013,456.0,2.18,0.3791,0.8478
41084,2020-08-02,2230,Durham Regional Health Unit,0.0035,894.0,1.25,0.403,0.7528
41085,2020-08-02,2226,District of Algoma Health Unit,0.0,195.0,1.71,0.1361,0.3653
41086,2020-08-02,3895,City of Toronto Health Unit,0.0044,4744.0,1.52,0.4933,0.8827
41087,2020-08-02,2251,City of Ottawa Health Unit,0.0086,2046.0,1.94,0.5095,0.8603
41088,2020-08-02,2237,City of Hamilton Health Unit,0.0034,966.0,1.63,0.5396,0.8455
41089,2020-08-02,2240,Chatham-Kent Health Unit,0.0281,259.0,2.44,0.3838,0.7001
41090,2020-08-02,2227,Brant County Health Unit,0.0041,211.0,1.36,0.1681,0.4003
41091,2020-08-01,2270,York Regional Health Unit,0.006,1583.0,1.29,0.5078,0.865
41092,2020-08-01,2268,Windsor-Essex County Health Unit,0.0203,815.0,1.92,0.2099,0.692
41093,2020-08-01,2266,Wellington-Dufferin-Guelph Health Unit,0.0015,662.0,2.12,0.1719,0.7228
41094,2020-08-01,2265,Waterloo Health Unit,0.0023,981.0,1.68,0.2828,0.8022
41095,2020-08-01,2263,Timiskaming Health Unit,0.0,74.0,2.26,0.2861,0.6235
41096,2020-08-01,2262,Thunder Bay District Health Unit,0.0013,322.0,2.15,0.3806,0.8636
41097,2020-08-01,2261,Sudbury and District Health Unit,0.0032,616.0,3.1,0.3792,0.6777
41098,2020-08-01,4913,Southwestern Public Health,0.0187,473.0,2.24,0.6093,0.8244
41099,2020-08-01,2260,Simcoe Muskoka District Health Unit,0.0018,1101.0,1.84,0.2306,0.6734
41100,2020-08-01,2257,Renfrew County and District Health Unit,0.0,213.0,1.96,0.2112,0.6309
41101,2020-08-01,2256,Porcupine Health Unit,0.0015,185.0,2.22,0.4668,0.7534
41102,2020-08-01,2255,Peterborough County-City Health Unit,0.0,283.0,1.91,0.5447,0.9376
41103,2020-08-01,2253,Peel Regional Health Unit,0.01,1920.0,1.2,0.6117,0.8884
41104,2020-08-01,35,Ontario,0.0053,24804.0,1.67,0.427,0.7988
41105,2020-08-01,2249,Northwestern Health Unit,0.0,228.0,2.6,0.0926,0.4318
41106,2020-08-01,2247,North Bay Parry Sound District Health Unit,0.0,263.0,2.02,0.2019,0.4506
41107,2020-08-01,2246,Niagara Regional Area Health Unit,0.0055,785.0,1.66,0.2694,0.6939
41108,2020-08-01,2244,Middlesex-London Health Unit,0.002,867.0,1.71,0.6554,0.8854
41109,2020-08-01,2243,"Leeds, Grenville and Lanark District Health Unit",0.0,332.0,1.92,0.4988,0.8355
41110,2020-08-01,2242,Lambton Health Unit,0.0112,306.0,2.34,0.1797,0.4859
41111,2020-08-01,2241,"Kingston, Frontenac and Lennox and Addington Health Unit",0.0004,360.0,1.69,0.6919,0.9304
41112,2020-08-01,5183,Huron Perth Health Unit,0.0051,335.0,2.4,0.2012,0.572
41113,2020-08-01,2238,Hastings and Prince Edward Counties Health Unit,0.0004,324.0,1.92,0.3444,0.846
41114,2020-08-01,2236,Halton Regional Health Unit,0.0012,835.0,1.35,0.4859,0.8385
41115,2020-08-01,2235,"Haliburton, Kawartha, Pine Ridge District Health Unit",0.0019,374.0,1.98,0.3398,0.8239
41116,2020-08-01,2234,Haldimand-Norfolk Health Unit,0.0055,182.0,1.6,0.3278,0.688
41117,2020-08-01,2233,Grey Bruce Health Unit,0.0022,265.0,1.56,0.193,0.6981
41118,2020-08-01,2258,Eastern Ontario Health Unit,0.0012,461.0,2.21,0.3774,0.8206
41119,2020-08-01,2230,Durham Regional Health Unit,0.0035,901.0,1.26,0.404,0.7483
41120,2020-08-01,2226,District of Algoma Health Unit,0.0,195.0,1.7,0.1412,0.3912
41121,2020-08-01,3895,City of Toronto Health Unit,0.004,4831.0,1.55,0.4879,0.8769
41122,2020-08-01,2251,City of Ottawa Health Unit,0.0085,2063.0,1.96,0.5174,0.8675
41123,2020-08-01,2237,City of Hamilton Health Unit,0.0034,975.0,1.65,0.5384,0.8329
41124,2020-08-01,2240,Chatham-Kent Health Unit,0.0315,254.0,2.39,0.334,0.7102
41125,2020-08-01,2227,Brant County Health Unit,0.0039,222.0,1.43,0.1513,0.3799
41126,2020-07-31,2270,York Regional Health Unit,0.0059,1589.0,1.3,0.5285,0.8733
41127,2020-07-31,2268,Windsor-Essex County Health Unit,0.0218,818.0,1.93,0.2389,0.7629
41128,2020-07-31,2266,Wellington-Dufferin-Guelph Health Unit,0.0017,666.0,2.14,0.182,0.7352
41129,2020-07-31,2265,Waterloo Health Unit,0.0019,998.0,1.71,0.2845,0.814
41130,2020-07-31,2263,Timiskaming Health Unit,0.0,74.0,2.26,0.2589,0.5962
41131,2020-07-31,2262,Thunder Bay District Health Unit,0.0017,328.0,2.19,0.3691,0.8655
41132,2020-07-31,2261,Sudbury and District Health Unit,0.0042,609.0,3.06,0.4109,0.6982
41133,2020-07-31,4913,Southwestern Public Health,0.0174,468.0,2.21,0.6548,0.8724
41134,2020-07-31,2260,Simcoe Muskoka District Health Unit,0.002,1115.0,1.86,0.2232,0.6846
41135,2020-07-31,2257,Renfrew County and District Health Unit,0.0,212.0,1.95,0.2161,0.6232
41136,2020-07-31,2256,Porcupine Health Unit,0.0008,177.0,2.12,0.478,0.75
41137,2020-07-31,2255,Peterborough County-City Health Unit,0.0,280.0,1.89,0.4349,0.9183
41138,2020-07-31,2253,Peel Regional Health Unit,0.0103,1929.0,1.2,0.63,0.8836
41139,2020-07-31,35,Ontario,0.0054,24906.0,1.68,0.4403,0.8093
41140,2020-07-31,2249,Northwestern Health Unit,0.0,226.0,2.58,0.112,0.495
41141,2020-07-31,2247,North Bay Parry Sound District Health Unit,0.0,266.0,2.05,0.1945,0.5078
41142,2020-07-31,2246,Niagara Regional Area Health Unit,0.0076,787.0,1.67,0.3599,0.725
41143,2020-07-31,2244,Middlesex-London Health Unit,0.0022,864.0,1.7,0.7036,0.9301
41144,2020-07-31,2243,"Leeds, Grenville and Lanark District Health Unit",0.0,335.0,1.93,0.4783,0.8113
41145,2020-07-31,2242,Lambton Health Unit,0.0103,306.0,2.33,0.2021,0.5344
41146,2020-07-31,2241,"Kingston, Frontenac and Lennox and Addington Health Unit",0.0004,354.0,1.66,0.697,0.9338
41147,2020-07-31,5183,Huron Perth Health Unit,0.0042,339.0,2.43,0.2203,0.6648
41148,2020-07-31,2238,Hastings and Prince Edward Counties Health Unit,0.0004,326.0,1.93,0.3507,0.8212
41149,2020-07-31,2236,Halton Regional Health Unit,0.0017,842.0,1.36,0.5293,0.8497
41150,2020-07-31,2235,"Haliburton, Kawartha, Pine Ridge District Health Unit",0.0019,373.0,1.98,0.2763,0.7599
41151,2020-07-31,2234,Haldimand-Norfolk Health Unit,0.0066,174.0,1.53,0.3274,0.6788
41152,2020-07-31,2233,Grey Bruce Health Unit,0.0022,263.0,1.55,0.1609,0.6523
41153,2020-07-31,2258,Eastern Ontario Health Unit,0.0012,466.0,2.23,0.3913,0.7902
41154,2020-07-31,2230,Durham Regional Health Unit,0.003,920.0,1.29,0.4183,0.7689
41155,2020-07-31,2226,District of Algoma Health Unit,0.0,201.0,1.76,0.1427,0.3697
41156,2020-07-31,3895,City of Toronto Health Unit,0.0044,4844.0,1.55,0.4891,0.8771
41157,2020-07-31,2251,City of Ottawa Health Unit,0.0084,2094.0,1.99,0.51,0.8464
41158,2020-07-31,2237,City of Hamilton Health Unit,0.0031,970.0,1.64,0.578,0.8513
41159,2020-07-31,2240,Chatham-Kent Health Unit,0.0262,246.0,2.31,0.3173,0.7823
41160,2020-07-31,2227,Brant County Health Unit,0.0056,229.0,1.47,0.1677,0.3861
41161,2020-07-30,2270,York Regional Health Unit,0.0056,1585.0,1.29,0.5539,0.8926
41162,2020-07-30,2268,Windsor-Essex County Health Unit,0.0269,870.0,2.05,0.2328,0.7988
41163,2020-07-30,2266,Wellington-Dufferin-Guelph Health Unit,0.0013,667.0,2.14,0.1799,0.7114
41164,2020-07-30,2265,Waterloo Health Unit,0.0024,1005.0,1.72,0.3185,0.8488
41165,2020-07-30,2263,Timiskaming Health Unit,0.0,68.0,2.08,0.2917,0.6058
41166,2020-07-30,2262,Thunder Bay District Health Unit,0.0018,322.0,2.15,0.3481,0.7923
41167,2020-07-30,2261,Sudbury and District Health Unit,0.0044,587.0,2.95,0.4215,0.7202
41168,2020-07-30,4913,Southwestern Public Health,0.0157,455.0,2.15,0.6612,0.8992
41169,2020-07-30,2260,Simcoe Muskoka District Health Unit,0.002,1144.0,1.91,0.2347,0.6844
41170,2020-07-30,2257,Renfrew County and District Health Unit,0.0007,208.0,1.91,0.2091,0.5772
41171,2020-07-30,2256,Porcupine Health Unit,0.0008,179.0,2.14,0.4811,0.6965
41172,2020-07-30,2255,Peterborough County-City Health Unit,0.0,275.0,1.86,0.3621,0.8541
41173,2020-07-30,2253,Peel Regional Health Unit,0.0093,1935.0,1.2,0.6711,0.9055
41174,2020-07-30,35,Ontario,0.0055,24978.0,1.68,0.455,0.8204
41175,2020-07-30,2249,Northwestern Health Unit,0.0,223.0,2.55,0.106,0.4629
41176,2020-07-30,2247,North Bay Parry Sound District Health Unit,0.0,269.0,2.07,0.2195,0.5197
41177,2020-07-30,2246,Niagara Regional Area Health Unit,0.0075,796.0,1.69,0.452,0.7564
41178,2020-07-30,2244,Middlesex-London Health Unit,0.0018,861.0,1.7,0.7199,0.9534
41179,2020-07-30,2243,"Leeds, Grenville and Lanark District Health Unit",0.0004,324.0,1.87,0.4779,0.8084
41180,2020-07-30,2242,Lambton Health Unit,0.0107,293.0,2.23,0.1936,0.588
41181,2020-07-30,2241,"Kingston, Frontenac and Lennox and Addington Health Unit",0.0004,360.0,1.69,0.6958,0.9401
41182,2020-07-30,5183,Huron Perth Health Unit,0.0042,342.0,2.45,0.2064,0.6654
41183,2020-07-30,2238,Hastings and Prince Edward Counties Health Unit,0.0004,318.0,1.89,0.3543,0.8491
41184,2020-07-30,2236,Halton Regional Health Unit,0.0017,845.0,1.37,0.5876,0.8716
41185,2020-07-30,2235,"Haliburton, Kawartha, Pine Ridge District Health Unit",0.002,352.0,1.86,0.2684,0.7651
41186,2020-07-30,2234,Haldimand-Norfolk Health Unit,0.0073,177.0,1.55,0.3215,0.6611
41187,2020-07-30,2233,Grey Bruce Health Unit,0.0022,255.0,1.5,0.1831,0.6174
41188,2020-07-30,2258,Eastern Ontario Health Unit,0.0015,465.0,2.23,0.4165,0.7855
41189,2020-07-30,2230,Durham Regional Health Unit,0.0031,909.0,1.28,0.4377,0.7974
41190,2020-07-30,2226,District of Algoma Health Unit,0.0,208.0,1.82,0.134,0.4524
41191,2020-07-30,3895,City of Toronto Health Unit,0.0045,4849.0,1.55,0.4966,0.8843
41192,2020-07-30,2251,City of Ottawa Health Unit,0.0091,2136.0,2.02,0.5308,0.8658
41193,2020-07-30,2237,City of Hamilton Health Unit,0.0026,982.0,1.66,0.6075,0.8665
41194,2020-07-30,2240,Chatham-Kent Health Unit,0.0229,262.0,2.46,0.2746,0.7995
41195,2020-07-30,2227,Brant County Health Unit,0.0054,236.0,1.52,0.1806,0.4104
41196,2020-07-29,2270,York Regional Health Unit,0.0049,1591.0,1.3,0.5635,0.8866
41197,2020-07-29,2268,Windsor-Essex County Health Unit,0.0278,898.0,2.11,0.2201,0.8661
41198,2020-07-29,2266,Wellington-Dufferin-Guelph Health Unit,0.0017,655.0,2.1,0.202,0.7049
41199,2020-07-29,2265,Waterloo Health Unit,0.0028,1015.0,1.74,0.3109,0.8452
41200,2020-07-29,2263,Timiskaming Health Unit,0.0,60.0,1.82,0.1753,0.5339
41201,2020-07-29,2262,Thunder Bay District Health Unit,0.0017,337.0,2.25,0.362,0.7714
41202,2020-07-29,2261,Sudbury and District Health Unit,0.0051,508.0,2.55,0.4166,0.7431
41203,2020-07-29,4913,Southwestern Public Health,0.0159,414.0,1.96,0.6464,0.9148
41204,2020-07-29,2260,Simcoe Muskoka District Health Unit,0.0018,1178.0,1.96,0.2437,0.6684
41205,2020-07-29,2257,Renfrew County and District Health Unit,0.0007,199.0,1.83,0.1405,0.5506
41206,2020-07-29,2256,Porcupine Health Unit,0.0016,182.0,2.18,0.5278,0.6895
41207,2020-07-29,2255,Peterborough County-City Health Unit,0.0,282.0,1.91,0.3451,0.8401
41208,2020-07-29,2253,Peel Regional Health Unit,0.0093,1913.0,1.19,0.6978,0.9095
41209,2020-07-29,35,Ontario,0.0057,24781.0,1.67,0.4637,0.8217
41210,2020-07-29,2249,Northwestern Health Unit,0.0,214.0,2.45,0.1061,0.4462
41211,2020-07-29,2247,North Bay Parry Sound District Health Unit,0.0,270.0,2.08,0.2132,0.5339
41212,2020-07-29,2246,Niagara Regional Area Health Unit,0.008,838.0,1.77,0.54,0.7764
41213,2020-07-29,2244,Middlesex-London Health Unit,0.0019,829.0,1.63,0.7514,0.9633
41214,2020-07-29,2243,"Leeds, Grenville and Lanark District Health Unit",0.0009,310.0,1.79,0.475,0.7891
41215,2020-07-29,2242,Lambton Health Unit,0.0134,288.0,2.2,0.2284,0.6532
41216,2020-07-29,2241,"Kingston, Frontenac and Lennox and Addington Health Unit",0.0004,358.0,1.68,0.7075,0.9355
41217,2020-07-29,5183,Huron Perth Health Unit,0.0045,320.0,2.29,0.2154,0.6712
41218,2020-07-29,2238,Hastings and Prince Edward Counties Health Unit,0.0005,291.0,1.73,0.3672,0.8561
41219,2020-07-29,2236,Halton Regional Health Unit,0.0022,850.0,1.37,0.6169,0.886
41220,2020-07-29,2235,"Haliburton, Kawartha, Pine Ridge District Health Unit",0.002,363.0,1.92,0.2299,0.7495
41221,2020-07-29,2234,Haldimand-Norfolk Health Unit,0.0077,167.0,1.46,0.3107,0.6481
41222,2020-07-29,2233,Grey Bruce Health Unit,0.0035,247.0,1.45,0.1734,0.5858
41223,2020-07-29,2258,Eastern Ontario Health Unit,0.0016,451.0,2.16,0.3975,0.7856
41224,2020-07-29,2230,Durham Regional Health Unit,0.0027,898.0,1.26,0.4426,0.7998
41225,2020-07-29,2226,District of Algoma Health Unit,0.0,191.0,1.67,0.1521,0.5303
41226,2020-07-29,3895,City of Toronto Health Unit,0.0047,4820.0,1.54,0.4973,0.8764
41227,2020-07-29,2251,City of Ottawa Health Unit,0.0091,2149.0,2.04,0.5338,0.8592
41228,2020-07-29,2237,City of Hamilton Health Unit,0.0021,953.0,1.61,0.6434,0.8685
41229,2020-07-29,2240,Chatham-Kent Health Unit,0.0184,279.0,2.63,0.2539,0.8271
41230,2020-07-29,2227,Brant County Health Unit,0.0052,249.0,1.6,0.1831,0.4043
41231,2020-07-28,2270,York Regional Health Unit,0.0048,1586.0,1.29,0.5893,0.8846
41232,2020-07-28,2268,Windsor-Essex County Health Unit,0.0317,862.0,2.03,0.2119,0.865
41233,2020-07-28,2266,Wellington-Dufferin-Guelph Health Unit,0.002,631.0,2.02,0.1639,0.6442
41234,2020-07-28,2265,Waterloo Health Unit,0.0025,1023.0,1.75,0.2968,0.8427
41235,2020-07-28,2263,Timiskaming Health Unit,0.0,46.0,1.39,0.2293,0.6338
41236,2020-07-28,2262,Thunder Bay District Health Unit,0.0009,321.0,2.14,0.3358,0.7437
41237,2020-07-28,2261,Sudbury and District Health Unit,0.0062,462.0,2.32,0.4366,0.7478
41238,2020-07-28,4913,Southwestern Public Health,0.0146,391.0,1.85,0.6286,0.9125
41239,2020-07-28,2260,Simcoe Muskoka District Health Unit,0.0023,1173.0,1.96,0.2548,0.6581
41240,2020-07-28,2257,Renfrew County and District Health Unit,0.0015,188.0,1.73,0.1467,0.5258
41241,2020-07-28,2256,Porcupine Health Unit,0.0016,184.0,2.2,0.5468,0.7172
41242,2020-07-28,2255,Peterborough County-City Health Unit,0.0,281.0,1.9,0.3417,0.8207
41243,2020-07-28,2253,Peel Regional Health Unit,0.0098,1916.0,1.19,0.7008,0.911
41244,2020-07-28,35,Ontario,0.0059,24465.0,1.65,0.4738,0.8177
41245,2020-07-28,2249,Northwestern Health Unit,0.0007,203.0,2.32,0.119,0.4002
41246,2020-07-28,2247,North Bay Parry Sound District Health Unit,0.0,247.0,1.91,0.216,0.5381
41247,2020-07-28,2246,Niagara Regional Area Health Unit,0.0088,830.0,1.76,0.6068,0.7756
41248,2020-07-28,2244,Middlesex-London Health Unit,0.0014,794.0,1.56,0.7263,0.9616
41249,2020-07-28,2243,"Leeds, Grenville and Lanark District Health Unit",0.0009,302.0,1.74,0.4987,0.7834
41250,2020-07-28,2242,Lambton Health Unit,0.0138,290.0,2.21,0.2379,0.658
41251,2020-07-28,2241,"Kingston, Frontenac and Lennox and Addington Health Unit",0.0012,356.0,1.68,0.7176,0.9439
41252,2020-07-28,5183,Huron Perth Health Unit,0.0049,264.0,1.89,0.2212,0.6773
41253,2020-07-28,2238,Hastings and Prince Edward Counties Health Unit,0.0005,293.0,1.74,0.377,0.8541
41254,2020-07-28,2236,Halton Regional Health Unit,0.0024,830.0,1.34,0.6411,0.8742
41255,2020-07-28,2235,"Haliburton, Kawartha, Pine Ridge District Health Unit",0.0022,382.0,2.02,0.247,0.7588
41256,2020-07-28,2234,Haldimand-Norfolk Health Unit,0.0068,167.0,1.46,0.3227,0.6531
41257,2020-07-28,2233,Grey Bruce Health Unit,0.0036,239.0,1.41,0.1724,0.5626
41258,2020-07-28,2258,Eastern Ontario Health Unit,0.0016,452.0,2.17,0.4063,0.7824
41259,2020-07-28,2230,Durham Regional Health Unit,0.0021,875.0,1.23,0.4366,0.7887
41260,2020-07-28,2226,District of Algoma Health Unit,0.0,207.0,1.81,0.2646,0.623
41261,2020-07-28,3895,City of Toronto Health Unit,0.0051,4833.0,1.55,0.5198,0.8747
41262,2020-07-28,2251,City of Ottawa Health Unit,0.0091,2189.0,2.08,0.5324,0.8552
41263,2020-07-28,2237,City of Hamilton Health Unit,0.0024,935.0,1.58,0.6619,0.8598
41264,2020-07-28,2240,Chatham-Kent Health Unit,0.0161,258.0,2.43,0.2312,0.8288
41265,2020-07-28,2227,Brant County Health Unit,0.0053,244.0,1.57,0.1999,0.4183
41266,2020-07-27,2270,York Regional Health Unit,0.0053,1558.0,1.27,0.624,0.8798
41267,2020-07-27,2268,Windsor-Essex County Health Unit,0.0397,854.0,2.01,0.198,0.8563
41268,2020-07-27,2266,Wellington-Dufferin-Guelph Health Unit,0.0027,586.0,1.88,0.1506,0.5888
41269,2020-07-27,2265,Waterloo Health Unit,0.0036,1005.0,1.72,0.3044,0.8285
41270,2020-07-27,2263,Timiskaming Health Unit,0.0,42.0,1.28,0.2732,0.6093
41271,2020-07-27,2262,Thunder Bay District Health Unit,0.001,297.0,1.98,0.3273,0.6961
41272,2020-07-27,2261,Sudbury and District Health Unit,0.0043,464.0,2.33,0.4446,0.7588
41273,2020-07-27,4913,Southwestern Public Health,0.0136,367.0,1.74,0.6093,0.897
41274,2020-07-27,2260,Simcoe Muskoka District Health Unit,0.0027,1129.0,1.88,0.2725,0.663
41275,2020-07-27,2257,Renfrew County and District Health Unit,0.0014,204.0,1.88,0.1451,0.5275
41276,2020-07-27,2256,Porcupine Health Unit,0.0008,186.0,2.23,0.5191,0.7072
41277,2020-07-27,2255,Peterborough County-City Health Unit,0.0,272.0,1.84,0.3864,0.8185
41278,2020-07-27,2253,Peel Regional Health Unit,0.0097,1865.0,1.16,0.6903,0.9002
41279,2020-07-27,35,Ontario,0.0065,23752.0,1.6,0.4806,0.8093
41280,2020-07-27,2249,Northwestern Health Unit,0.0015,187.0,2.13,0.1221,0.4024
41281,2020-07-27,2247,North Bay Parry Sound District Health Unit,0.0,249.0,1.92,0.2088,0.5302
41282,2020-07-27,2246,Niagara Regional Area Health Unit,0.0097,795.0,1.68,0.6249,0.7864
41283,2020-07-27,2244,Middlesex-London Health Unit,0.0024,715.0,1.41,0.6988,0.9486
41284,2020-07-27,2243,"Leeds, Grenville and Lanark District Health Unit",0.001,288.0,1.66,0.5088,0.8019
41285,2020-07-27,2242,Lambton Health Unit,0.0094,259.0,1.98,0.2224,0.6469
41286,2020-07-27,2241,"Kingston, Frontenac and Lennox and Addington Health Unit",0.0009,327.0,1.54,0.7067,0.9427
41287,2020-07-27,5183,Huron Perth Health Unit,0.0034,249.0,1.78,0.1592,0.589
41288,2020-07-27,2238,Hastings and Prince Edward Counties Health Unit,0.001,273.0,1.62,0.4175,0.8489
41289,2020-07-27,2236,Halton Regional Health Unit,0.0035,827.0,1.34,0.6457,0.869
41290,2020-07-27,2235,"Haliburton, Kawartha, Pine Ridge District Health Unit",0.0018,386.0,2.05,0.2236,0.7471
41291,2020-07-27,2234,Haldimand-Norfolk Health Unit,0.0099,174.0,1.53,0.3224,0.6676
41292,2020-07-27,2233,Grey Bruce Health Unit,0.0019,228.0,1.34,0.2046,0.5676
41293,2020-07-27,2258,Eastern Ontario Health Unit,0.0015,463.0,2.22,0.4228,0.7863
41294,2020-07-27,2230,Durham Regional Health Unit,0.0023,814.0,1.14,0.417,0.7626
41295,2020-07-27,2226,District of Algoma Health Unit,0.0,233.0,2.03,0.3096,0.6306
41296,2020-07-27,3895,City of Toronto Health Unit,0.0057,4851.0,1.55,0.5528,0.8698
41297,2020-07-27,2251,City of Ottawa Health Unit,0.0102,2047.0,1.94,0.528,0.8537
41298,2020-07-27,2237,City of Hamilton Health Unit,0.0023,875.0,1.48,0.6576,0.8562
41299,2020-07-27,2240,Chatham-Kent Health Unit,0.0157,245.0,2.31,0.1915,0.7941
41300,2020-07-27,2227,Brant County Health Unit,0.0049,233.0,1.5,0.1931,0.4044
41301,2020-07-26,2270,York Regional Health Unit,0.0053,1554.0,1.27,0.6237,0.8688
41302,2020-07-26,2268,Windsor-Essex County Health Unit,0.0423,777.0,1.83,0.1851,0.8434
41303,2020-07-26,2266,Wellington-Dufferin-Guelph Health Unit,0.0043,560.0,1.8,0.1507,0.5581
41304,2020-07-26,2265,Waterloo Health Unit,0.0033,1028.0,1.76,0.3004,0.8042
41305,2020-07-26,2263,Timiskaming Health Unit,0.0,49.0,1.5,0.273,0.5944
41306,2020-07-26,2262,Thunder Bay District Health Unit,0.001,281.0,1.87,0.3113,0.6741
41307,2020-07-26,2261,Sudbury and District Health Unit,0.0035,449.0,2.25,0.3959,0.7603
41308,2020-07-26,4913,Southwestern Public Health,0.0103,345.0,1.63,0.6108,0.8924
41309,2020-07-26,2260,Simcoe Muskoka District Health Unit,0.0028,1108.0,1.85,0.2827,0.6623
41310,2020-07-26,2257,Renfrew County and District Health Unit,0.0015,189.0,1.74,0.1403,0.5662
41311,2020-07-26,2256,Porcupine Health Unit,0.0009,167.0,2.0,0.5028,0.7108
41312,2020-07-26,2255,Peterborough County-City Health Unit,0.0,276.0,1.87,0.378,0.8102
41313,2020-07-26,2253,Peel Regional Health Unit,0.0108,1855.0,1.15,0.6711,0.8753
41314,2020-07-26,35,Ontario,0.0067,23221.0,1.57,0.4745,0.7977
41315,2020-07-26,2249,Northwestern Health Unit,0.0017,168.0,1.91,0.1319,0.4028
41316,2020-07-26,2247,North Bay Parry Sound District Health Unit,0.0,250.0,1.93,0.1987,0.5166
41317,2020-07-26,2246,Niagara Regional Area Health Unit,0.0103,761.0,1.61,0.6287,0.7749
41318,2020-07-26,2244,Middlesex-London Health Unit,0.0024,705.0,1.39,0.6459,0.9013
41319,2020-07-26,2243,"Leeds, Grenville and Lanark District Health Unit",0.001,278.0,1.6,0.4696,0.7617
41320,2020-07-26,2242,Lambton Health Unit,0.0055,232.0,1.77,0.2052,0.6351
41321,2020-07-26,2241,"Kingston, Frontenac and Lennox and Addington Health Unit",0.0009,317.0,1.49,0.7058,0.9425
41322,2020-07-26,5183,Huron Perth Health Unit,0.0013,228.0,1.63,0.1809,0.6408
41323,2020-07-26,2238,Hastings and Prince Edward Counties Health Unit,0.0005,279.0,1.65,0.4155,0.8481
41324,2020-07-26,2236,Halton Regional Health Unit,0.0038,793.0,1.28,0.6434,0.8597
41325,2020-07-26,2235,"Haliburton, Kawartha, Pine Ridge District Health Unit",0.0011,383.0,2.02,0.2139,0.7452
41326,2020-07-26,2234,Haldimand-Norfolk Health Unit,0.0094,168.0,1.47,0.301,0.6244
41327,2020-07-26,2233,Grey Bruce Health Unit,0.0036,241.0,1.42,0.1913,0.5518
41328,2020-07-26,2258,Eastern Ontario Health Unit,0.0018,470.0,2.25,0.4207,0.7814
41329,2020-07-26,2230,Durham Regional Health Unit,0.002,781.0,1.1,0.4243,0.7697
41330,2020-07-26,2226,District of Algoma Health Unit,0.0,249.0,2.17,0.3123,0.6381
41331,2020-07-26,3895,City of Toronto Health Unit,0.0058,4820.0,1.54,0.5541,0.853
41332,2020-07-26,2251,City of Ottawa Health Unit,0.0111,1976.0,1.87,0.5131,0.8487
41333,2020-07-26,2237,City of Hamilton Health Unit,0.0027,834.0,1.41,0.6341,0.8434
41334,2020-07-26,2240,Chatham-Kent Health Unit,0.0201,228.0,2.14,0.1709,0.7576
41335,2020-07-26,2227,Brant County Health Unit,0.0045,224.0,1.45,0.2003,0.3913
41336,2020-07-25,2270,York Regional Health Unit,0.0054,1542.0,1.26,0.6257,0.879
41337,2020-07-25,2268,Windsor-Essex County Health Unit,0.0445,767.0,1.8,0.1862,0.8297
41338,2020-07-25,2266,Wellington-Dufferin-Guelph Health Unit,0.0046,559.0,1.79,0.1624,0.551
41339,2020-07-25,2265,Waterloo Health Unit,0.0031,1008.0,1.73,0.303,0.7703
41340,2020-07-25,2263,Timiskaming Health Unit,0.0,50.0,1.52,0.2567,0.5819
41341,2020-07-25,2262,Thunder Bay District Health Unit,0.0017,253.0,1.69,0.2949,0.6526
41342,2020-07-25,2261,Sudbury and District Health Unit,0.0029,398.0,2.0,0.3991,0.7875
41343,2020-07-25,4913,Southwestern Public Health,0.0097,339.0,1.6,0.5771,0.8288
41344,2020-07-25,2260,Simcoe Muskoka District Health Unit,0.0026,1101.0,1.84,0.3059,0.6767
41345,2020-07-25,2257,Renfrew County and District Health Unit,0.0015,189.0,1.74,0.1237,0.5145
41346,2020-07-25,2256,Porcupine Health Unit,0.0017,165.0,1.98,0.5301,0.7397
41347,2020-07-25,2255,Peterborough County-City Health Unit,0.0,274.0,1.85,0.4011,0.7826
41348,2020-07-25,2253,Peel Regional Health Unit,0.0109,1816.0,1.13,0.6651,0.8865
41349,2020-07-25,35,Ontario,0.0068,22881.0,1.54,0.4799,0.7997
41350,2020-07-25,2249,Northwestern Health Unit,0.0017,167.0,1.9,0.1409,0.3886
41351,2020-07-25,2247,North Bay Parry Sound District Health Unit,0.0,248.0,1.91,0.2005,0.5642
41352,2020-07-25,2246,Niagara Regional Area Health Unit,0.0083,754.0,1.6,0.7001,0.841
41353,2020-07-25,2244,Middlesex-London Health Unit,0.0026,703.0,1.39,0.6309,0.866
41354,2020-07-25,2243,"Leeds, Grenville and Lanark District Health Unit",0.001,277.0,1.6,0.4217,0.7086
41355,2020-07-25,2242,Lambton Health Unit,0.0055,232.0,1.77,0.1743,0.5854
41356,2020-07-25,2241,"Kingston, Frontenac and Lennox and Addington Health Unit",0.0009,319.0,1.5,0.7043,0.9387
41357,2020-07-25,5183,Huron Perth Health Unit,0.0013,226.0,1.61,0.1721,0.6302
41358,2020-07-25,2238,Hastings and Prince Edward Counties Health Unit,0.0005,269.0,1.6,0.3577,0.819
41359,2020-07-25,2236,Halton Regional Health Unit,0.0044,771.0,1.24,0.6238,0.8546
41360,2020-07-25,2235,"Haliburton, Kawartha, Pine Ridge District Health Unit",0.0011,384.0,2.03,0.2219,0.7592
41361,2020-07-25,2234,Haldimand-Norfolk Health Unit,0.0086,166.0,1.45,0.2949,0.5711
41362,2020-07-25,2233,Grey Bruce Health Unit,0.0035,242.0,1.42,0.1851,0.5529
41363,2020-07-25,2258,Eastern Ontario Health Unit,0.0018,467.0,2.24,0.4423,0.8203
41364,2020-07-25,2230,Durham Regional Health Unit,0.0022,781.0,1.1,0.426,0.7865
41365,2020-07-25,2226,District of Algoma Health Unit,0.0,247.0,2.16,0.315,0.6432
41366,2020-07-25,3895,City of Toronto Health Unit,0.0061,4752.0,1.52,0.5669,0.8618
41367,2020-07-25,2251,City of Ottawa Health Unit,0.0117,1973.0,1.87,0.4991,0.8374
41368,2020-07-25,2237,City of Hamilton Health Unit,0.0023,807.0,1.36,0.6825,0.8874
41369,2020-07-25,2240,Chatham-Kent Health Unit,0.0162,220.0,2.07,0.1612,0.7367
41370,2020-07-25,2227,Brant County Health Unit,0.0046,216.0,1.39,0.2084,0.3823
41371,2020-07-24,2270,York Regional Health Unit,0.0062,1525.0,1.24,0.631,0.8863
41372,2020-07-24,2268,Windsor-Essex County Health Unit,0.0465,757.0,1.78,0.1737,0.8144
41373,2020-07-24,2266,Wellington-Dufferin-Guelph Health Unit,0.0043,569.0,1.83,0.1562,0.5291
41374,2020-07-24,2265,Waterloo Health Unit,0.0038,1011.0,1.73,0.3047,0.7613
41375,2020-07-24,2263,Timiskaming Health Unit,0.0,50.0,1.52,0.2103,0.5649
41376,2020-07-24,2262,Thunder Bay District Health Unit,0.0012,247.0,1.65,0.2847,0.5996
41377,2020-07-24,2261,Sudbury and District Health Unit,0.0015,393.0,1.98,0.3794,0.793
41378,2020-07-24,4913,Southwestern Public Health,0.0078,332.0,1.57,0.5896,0.8393
41379,2020-07-24,2260,Simcoe Muskoka District Health Unit,0.0026,1100.0,1.83,0.3184,0.6772
41380,2020-07-24,2257,Renfrew County and District Health Unit,0.0015,192.0,1.77,0.1185,0.583
41381,2020-07-24,2256,Porcupine Health Unit,0.0017,166.0,1.99,0.5186,0.743
41382,2020-07-24,2255,Peterborough County-City Health Unit,0.0,275.0,1.86,0.525,0.78
41383,2020-07-24,2253,Peel Regional Health Unit,0.0112,1842.0,1.15,0.65,0.8979
41384,2020-07-24,35,Ontario,0.0069,22872.0,1.54,0.483,0.8039
41385,2020-07-24,2249,Northwestern Health Unit,0.0018,163.0,1.85,0.133,0.3899
41386,2020-07-24,2247,North Bay Parry Sound District Health Unit,0.0,249.0,1.92,0.1941,0.5331
41387,2020-07-24,2246,Niagara Regional Area Health Unit,0.0059,750.0,1.59,0.7627,0.8857
41388,2020-07-24,2244,Middlesex-London Health Unit,0.0022,705.0,1.39,0.6116,0.8514
41389,2020-07-24,2243,"Leeds, Grenville and Lanark District Health Unit",0.001,276.0,1.6,0.4077,0.7054
41390,2020-07-24,2242,Lambton Health Unit,0.005,231.0,1.76,0.2095,0.6091
41391,2020-07-24,2241,"Kingston, Frontenac and Lennox and Addington Health Unit",0.0009,318.0,1.49,0.6969,0.9357
41392,2020-07-24,5183,Huron Perth Health Unit,0.0013,221.0,1.58,0.1881,0.6636
41393,2020-07-24,2238,Hastings and Prince Edward Counties Health Unit,0.0005,265.0,1.58,0.3159,0.8216
41394,2020-07-24,2236,Halton Regional Health Unit,0.0043,763.0,1.23,0.5939,0.8386
41395,2020-07-24,2235,"Haliburton, Kawartha, Pine Ridge District Health Unit",0.0011,393.0,2.08,0.2992,0.8175
41396,2020-07-24,2234,Haldimand-Norfolk Health Unit,0.0079,163.0,1.43,0.3081,0.5819
41397,2020-07-24,2233,Grey Bruce Health Unit,0.0034,250.0,1.47,0.192,0.5809
41398,2020-07-24,2258,Eastern Ontario Health Unit,0.0027,468.0,2.24,0.4738,0.8625
41399,2020-07-24,2230,Durham Regional Health Unit,0.0026,782.0,1.1,0.4555,0.8201
41400,2020-07-24,2226,District of Algoma Health Unit,0.0,248.0,2.16,0.3195,0.6644
41401,2020-07-24,3895,City of Toronto Health Unit,0.0063,4730.0,1.52,0.5758,0.8643
41402,2020-07-24,2251,City of Ottawa Health Unit,0.012,1988.0,1.88,0.5108,0.8666
41403,2020-07-24,2237,City of Hamilton Health Unit,0.0026,826.0,1.39,0.6784,0.8721
41404,2020-07-24,2240,Chatham-Kent Health Unit,0.0173,215.0,2.02,0.1427,0.684
41405,2020-07-24,2227,Brant County Health Unit,0.0027,215.0,1.39,0.1999,0.3541
41406,2020-07-23,2270,York Regional Health Unit,0.0062,1541.0,1.26,0.6312,0.8737
41407,2020-07-23,2268,Windsor-Essex County Health Unit,0.0483,684.0,1.61,0.1683,0.788
41408,2020-07-23,2266,Wellington-Dufferin-Guelph Health Unit,0.0049,554.0,1.78,0.1647,0.5383
41409,2020-07-23,2265,Waterloo Health Unit,0.0039,1001.0,1.71,0.3043,0.7679
41410,2020-07-23,2263,Timiskaming Health Unit,0.0,55.0,1.67,0.2216,0.5769
41411,2020-07-23,2262,Thunder Bay District Health Unit,0.0011,257.0,1.72,0.3306,0.6143
41412,2020-07-23,2261,Sudbury and District Health Unit,0.0015,391.0,1.97,0.3623,0.7851
41413,2020-07-23,4913,Southwestern Public Health,0.007,349.0,1.65,0.5522,0.8027
41414,2020-07-23,2260,Simcoe Muskoka District Health Unit,0.0027,1066.0,1.78,0.3159,0.6545
41415,2020-07-23,2257,Renfrew County and District Health Unit,0.0008,174.0,1.6,0.1207,0.6192
41416,2020-07-23,2256,Porcupine Health Unit,0.0026,167.0,2.0,0.4755,0.7373
41417,2020-07-23,2255,Peterborough County-City Health Unit,0.0,279.0,1.88,0.588,0.8714
41418,2020-07-23,2253,Peel Regional Health Unit,0.0122,1865.0,1.16,0.5869,0.8797
41419,2020-07-23,35,Ontario,0.007,22782.0,1.54,0.476,0.7985
41420,2020-07-23,2249,Northwestern Health Unit,0.0019,152.0,1.73,0.1588,0.4522
41421,2020-07-23,2247,North Bay Parry Sound District Health Unit,0.0,249.0,1.92,0.1849,0.5693
41422,2020-07-23,2246,Niagara Regional Area Health Unit,0.0074,733.0,1.55,0.7641,0.8909
41423,2020-07-23,2244,Middlesex-London Health Unit,0.0027,699.0,1.38,0.5703,0.8497
41424,2020-07-23,2243,"Leeds, Grenville and Lanark District Health Unit",0.0005,284.0,1.64,0.3971,0.727
41425,2020-07-23,2242,Lambton Health Unit,0.0054,239.0,1.83,0.2098,0.5245
41426,2020-07-23,2241,"Kingston, Frontenac and Lennox and Addington Health Unit",0.0009,306.0,1.44,0.7807,0.9536
41427,2020-07-23,5183,Huron Perth Health Unit,0.0019,224.0,1.6,0.166,0.6695
41428,2020-07-23,2238,Hastings and Prince Edward Counties Health Unit,0.001,274.0,1.63,0.336,0.8241
41429,2020-07-23,2236,Halton Regional Health Unit,0.0042,746.0,1.2,0.5519,0.8296
41430,2020-07-23,2235,"Haliburton, Kawartha, Pine Ridge District Health Unit",0.0007,414.0,2.19,0.3348,0.7984
41431,2020-07-23,2234,Haldimand-Norfolk Health Unit,0.0054,160.0,1.4,0.3079,0.6212
41432,2020-07-23,2233,Grey Bruce Health Unit,0.0033,257.0,1.51,0.1918,0.6404
41433,2020-07-23,2258,Eastern Ontario Health Unit,0.0025,456.0,2.19,0.4532,0.8683
41434,2020-07-23,2230,Durham Regional Health Unit,0.0027,795.0,1.12,0.4678,0.8112
41435,2020-07-23,2226,District of Algoma Health Unit,0.0,248.0,2.17,0.3186,0.6401
41436,2020-07-23,3895,City of Toronto Health Unit,0.0064,4751.0,1.52,0.5726,0.8507
41437,2020-07-23,2251,City of Ottawa Health Unit,0.0129,1964.0,1.86,0.5124,0.858
41438,2020-07-23,2237,City of Hamilton Health Unit,0.0024,820.0,1.38,0.6606,0.8707
41439,2020-07-23,2240,Chatham-Kent Health Unit,0.0159,216.0,2.03,0.1493,0.645
41440,2020-07-23,2227,Brant County Health Unit,0.0026,216.0,1.39,0.1915,0.3713
41441,2020-07-22,2270,York Regional Health Unit,0.0065,1544.0,1.26,0.6375,0.8802
41442,2020-07-22,2268,Windsor-Essex County Health Unit,0.0547,632.0,1.49,0.1968,0.7766
41443,2020-07-22,2266,Wellington-Dufferin-Guelph Health Unit,0.0047,548.0,1.76,0.1421,0.4738
41444,2020-07-22,2265,Waterloo Health Unit,0.0035,983.0,1.68,0.3064,0.7616
41445,2020-07-22,2263,Timiskaming Health Unit,0.0,66.0,2.03,0.2727,0.6136
41446,2020-07-22,2262,Thunder Bay District Health Unit,0.0011,258.0,1.72,0.3117,0.6001
41447,2020-07-22,2261,Sudbury and District Health Unit,0.0013,428.0,2.15,0.3771,0.7895
41448,2020-07-22,4913,Southwestern Public Health,0.0074,366.0,1.73,0.5542,0.7941
41449,2020-07-22,2260,Simcoe Muskoka District Health Unit,0.0032,1033.0,1.72,0.3424,0.6769
41450,2020-07-22,2257,Renfrew County and District Health Unit,0.0007,209.0,1.93,0.2311,0.5639
41451,2020-07-22,2256,Porcupine Health Unit,0.0018,161.0,1.93,0.4395,0.7016
41452,2020-07-22,2255,Peterborough County-City Health Unit,0.0,267.0,1.81,0.5276,0.8773
41453,2020-07-22,2253,Peel Regional Health Unit,0.0121,1871.0,1.17,0.5413,0.877
41454,2020-07-22,35,Ontario,0.0072,22629.0,1.53,0.4691,0.7925
41455,2020-07-22,2249,Northwestern Health Unit,0.0018,156.0,1.78,0.1553,0.4451
41456,2020-07-22,2247,North Bay Parry Sound District Health Unit,0.0,236.0,1.82,0.181,0.611
41457,2020-07-22,2246,Niagara Regional Area Health Unit,0.0078,659.0,1.39,0.7228,0.8816
41458,2020-07-22,2244,Middlesex-London Health Unit,0.0028,710.0,1.4,0.5005,0.8379
41459,2020-07-22,2243,"Leeds, Grenville and Lanark District Health Unit",0.0009,304.0,1.76,0.3899,0.7396
41460,2020-07-22,2242,Lambton Health Unit,0.0051,224.0,1.71,0.1976,0.5158
41461,2020-07-22,2241,"Kingston, Frontenac and Lennox and Addington Health Unit",0.001,293.0,1.38,0.8038,0.9499
41462,2020-07-22,5183,Huron Perth Health Unit,0.0018,241.0,1.72,0.1571,0.6887
41463,2020-07-22,2238,Hastings and Prince Edward Counties Health Unit,0.0014,302.0,1.79,0.299,0.7743
41464,2020-07-22,2236,Halton Regional Health Unit,0.0043,726.0,1.17,0.4892,0.7937
41465,2020-07-22,2235,"Haliburton, Kawartha, Pine Ridge District Health Unit",0.0014,403.0,2.13,0.3556,0.7955
41466,2020-07-22,2234,Haldimand-Norfolk Health Unit,0.0052,166.0,1.45,0.3261,0.6431
41467,2020-07-22,2233,Grey Bruce Health Unit,0.0021,276.0,1.63,0.1775,0.6048
41468,2020-07-22,2258,Eastern Ontario Health Unit,0.003,432.0,2.07,0.4729,0.8665
41469,2020-07-22,2230,Durham Regional Health Unit,0.0033,774.0,1.09,0.4678,0.8093
41470,2020-07-22,2226,District of Algoma Health Unit,0.0,254.0,2.22,0.3202,0.6404
41471,2020-07-22,3895,City of Toronto Health Unit,0.0068,4721.0,1.51,0.577,0.851
41472,2020-07-22,2251,City of Ottawa Health Unit,0.0126,1977.0,1.87,0.5208,0.8621
41473,2020-07-22,2237,City of Hamilton Health Unit,0.003,799.0,1.35,0.642,0.8616
41474,2020-07-22,2240,Chatham-Kent Health Unit,0.0164,209.0,1.97,0.1445,0.5419
41475,2020-07-22,2227,Brant County Health Unit,0.0021,204.0,1.31,0.1814,0.3931
41476,2020-07-21,2270,York Regional Health Unit,0.007,1518.0,1.24,0.6173,0.8843
41477,2020-07-21,2268,Windsor-Essex County Health Unit,0.052,627.0,1.48,0.2125,0.7923
41478,2020-07-21,2266,Wellington-Dufferin-Guelph Health Unit,0.0052,550.0,1.76,0.1601,0.4449
41479,2020-07-21,2265,Waterloo Health Unit,0.0034,1020.0,1.75,0.2919,0.7578
41480,2020-07-21,2263,Timiskaming Health Unit,0.0,75.0,2.29,0.2396,0.5862
41481,2020-07-21,2262,Thunder Bay District Health Unit,0.0005,278.0,1.85,0.2959,0.611
41482,2020-07-21,2261,Sudbury and District Health Unit,0.0006,456.0,2.29,0.3662,0.7889
41483,2020-07-21,4913,Southwestern Public Health,0.006,382.0,1.81,0.5427,0.7888
41484,2020-07-21,2260,Simcoe Muskoka District Health Unit,0.0034,997.0,1.66,0.3532,0.6999
41485,2020-07-21,2257,Renfrew County and District Health Unit,0.0,227.0,2.09,0.1881,0.6291
41486,2020-07-21,2256,Porcupine Health Unit,0.0026,166.0,1.99,0.3969,0.7002
41487,2020-07-21,2255,Peterborough County-City Health Unit,0.0005,281.0,1.9,0.5174,0.8761
41488,2020-07-21,2253,Peel Regional Health Unit,0.0134,1916.0,1.19,0.5062,0.8736
41489,2020-07-21,35,Ontario,0.0074,22595.0,1.52,0.4557,0.7923
41490,2020-07-21,2249,Northwestern Health Unit,0.0009,159.0,1.82,0.1511,0.4287
41491,2020-07-21,2247,North Bay Parry Sound District Health Unit,0.0,248.0,1.91,0.1762,0.64
41492,2020-07-21,2246,Niagara Regional Area Health Unit,0.0079,613.0,1.3,0.6957,0.8887
41493,2020-07-21,2244,Middlesex-London Health Unit,0.0023,736.0,1.45,0.4909,0.8324
41494,2020-07-21,2243,"Leeds, Grenville and Lanark District Health Unit",0.0013,321.0,1.85,0.3647,0.7405
41495,2020-07-21,2242,Lambton Health Unit,0.0046,218.0,1.67,0.1772,0.5426
41496,2020-07-21,2241,"Kingston, Frontenac and Lennox and Addington Health Unit",0.0,303.0,1.42,0.8013,0.9483
41497,2020-07-21,5183,Huron Perth Health Unit,0.001,283.0,2.03,0.1525,0.6822
41498,2020-07-21,2238,Hastings and Prince Edward Counties Health Unit,0.0019,300.0,1.78,0.3173,0.7612
41499,2020-07-21,2236,Halton Regional Health Unit,0.0046,712.0,1.15,0.4396,0.7805
41500,2020-07-21,2235,"Haliburton, Kawartha, Pine Ridge District Health Unit",0.0015,377.0,1.99,0.3439,0.7984
41501,2020-07-21,2234,Haldimand-Norfolk Health Unit,0.0052,166.0,1.46,0.3097,0.6593
41502,2020-07-21,2233,Grey Bruce Health Unit,0.002,290.0,1.71,0.1794,0.6111
41503,2020-07-21,2258,Eastern Ontario Health Unit,0.0026,432.0,2.07,0.4291,0.8667
41504,2020-07-21,2230,Durham Regional Health Unit,0.0035,727.0,1.02,0.4793,0.82
41505,2020-07-21,2226,District of Algoma Health Unit,0.0,241.0,2.11,0.2202,0.5801
41506,2020-07-21,3895,City of Toronto Health Unit,0.0074,4662.0,1.49,0.5688,0.8451
41507,2020-07-21,2251,City of Ottawa Health Unit,0.0127,1872.0,1.78,0.5032,0.859
41508,2020-07-21,2237,City of Hamilton Health Unit,0.0044,806.0,1.36,0.6442,0.8622
41509,2020-07-21,2240,Chatham-Kent Health Unit,0.0158,217.0,2.05,0.1496,0.5068
41510,2020-07-21,2227,Brant County Health Unit,0.0013,223.0,1.43,0.1691,0.4233
41511,2020-07-20,2270,York Regional Health Unit,0.0066,1527.0,1.25,0.5847,0.8805
41512,2020-07-20,2268,Windsor-Essex County Health Unit,0.0475,599.0,1.41,0.2097,0.8121
41513,2020-07-20,2266,Wellington-Dufferin-Guelph Health Unit,0.0042,542.0,1.74,0.1537,0.4468
41514,2020-07-20,2265,Waterloo Health Unit,0.0026,976.0,1.67,0.264,0.7479
41515,2020-07-20,2263,Timiskaming Health Unit,0.0,78.0,2.4,0.2041,0.5856
41516,2020-07-20,2262,Thunder Bay District Health Unit,0.001,294.0,1.96,0.2922,0.6398
41517,2020-07-20,2261,Sudbury and District Health Unit,0.0003,463.0,2.33,0.3712,0.7896
41518,2020-07-20,4913,Southwestern Public Health,0.0052,383.0,1.81,0.5526,0.8007
41519,2020-07-20,2260,Simcoe Muskoka District Health Unit,0.0046,1067.0,1.78,0.3699,0.7149
41520,2020-07-20,2257,Renfrew County and District Health Unit,0.0009,168.0,1.55,0.1859,0.6297
41521,2020-07-20,2256,Porcupine Health Unit,0.0027,158.0,1.89,0.4244,0.7118
41522,2020-07-20,2255,Peterborough County-City Health Unit,0.0005,289.0,1.96,0.5035,0.8884
41523,2020-07-20,2253,Peel Regional Health Unit,0.0142,2014.0,1.25,0.4913,0.8702
41524,2020-07-20,35,Ontario,0.0072,22669.0,1.53,0.4499,0.7973
41525,2020-07-20,2249,Northwestern Health Unit,0.0,147.0,1.67,0.1444,0.4188
41526,2020-07-20,2247,North Bay Parry Sound District Health Unit,0.0,253.0,1.95,0.1801,0.6659
41527,2020-07-20,2246,Niagara Regional Area Health Unit,0.007,610.0,1.29,0.686,0.8915
41528,2020-07-20,2244,Middlesex-London Health Unit,0.0016,780.0,1.54,0.5013,0.8444
41529,2020-07-20,2243,"Leeds, Grenville and Lanark District Health Unit",0.0013,339.0,1.96,0.3644,0.7301
41530,2020-07-20,2242,Lambton Health Unit,0.0049,235.0,1.79,0.1857,0.5506
41531,2020-07-20,2241,"Kingston, Frontenac and Lennox and Addington Health Unit",0.0,295.0,1.39,0.8082,0.9455
41532,2020-07-20,5183,Huron Perth Health Unit,0.0014,297.0,2.12,0.2104,0.763
41533,2020-07-20,2238,Hastings and Prince Edward Counties Health Unit,0.0018,320.0,1.9,0.3003,0.7539
41534,2020-07-20,2236,Halton Regional Health Unit,0.0034,682.0,1.1,0.4114,0.7636
41535,2020-07-20,2235,"Haliburton, Kawartha, Pine Ridge District Health Unit",0.0018,387.0,2.05,0.3439,0.8084
41536,2020-07-20,2234,Haldimand-Norfolk Health Unit,0.0018,157.0,1.38,0.3245,0.6738
41537,2020-07-20,2233,Grey Bruce Health Unit,0.002,283.0,1.67,0.1588,0.6155
41538,2020-07-20,2258,Eastern Ontario Health Unit,0.0027,421.0,2.02,0.4112,0.868
41539,2020-07-20,2230,Durham Regional Health Unit,0.004,756.0,1.06,0.4956,0.8498
41540,2020-07-20,2226,District of Algoma Health Unit,0.0007,213.0,1.86,0.1608,0.5721
41541,2020-07-20,3895,City of Toronto Health Unit,0.008,4628.0,1.48,0.5567,0.8474
41542,2020-07-20,2251,City of Ottawa Health Unit,0.0112,1826.0,1.73,0.5054,0.859
41543,2020-07-20,2237,City of Hamilton Health Unit,0.0045,819.0,1.38,0.6392,0.8613
41544,2020-07-20,2240,Chatham-Kent Health Unit,0.0152,216.0,2.04,0.1399,0.5133
41545,2020-07-20,2227,Brant County Health Unit,0.0012,246.0,1.59,0.1677,0.4715
41546,2020-07-19,2270,York Regional Health Unit,0.0072,1531.0,1.25,0.5807,0.8876
41547,2020-07-19,2268,Windsor-Essex County Health Unit,0.0438,607.0,1.43,0.2308,0.8339
41548,2020-07-19,2266,Wellington-Dufferin-Guelph Health Unit,0.0045,570.0,1.83,0.1566,0.4551
41549,2020-07-19,2265,Waterloo Health Unit,0.0034,957.0,1.64,0.272,0.7686
41550,2020-07-19,2263,Timiskaming Health Unit,0.0,73.0,2.23,0.213,0.6233
41551,2020-07-19,2262,Thunder Bay District Health Unit,0.0009,324.0,2.16,0.2962,0.6505
41552,2020-07-19,2261,Sudbury and District Health Unit,0.0006,478.0,2.4,0.3608,0.7775
41553,2020-07-19,4913,Southwestern Public Health,0.0048,388.0,1.83,0.5592,0.804
41554,2020-07-19,2260,Simcoe Muskoka District Health Unit,0.0042,1113.0,1.86,0.3931,0.7519
41555,2020-07-19,2257,Renfrew County and District Health Unit,0.0007,211.0,1.94,0.2057,0.6659
41556,2020-07-19,2256,Porcupine Health Unit,0.0023,184.0,2.21,0.4331,0.6962
41557,2020-07-19,2255,Peterborough County-City Health Unit,0.0005,288.0,1.94,0.5045,0.8943
41558,2020-07-19,2253,Peel Regional Health Unit,0.0134,2065.0,1.29,0.5009,0.8846
41559,2020-07-19,35,Ontario,0.0071,23076.0,1.56,0.4595,0.8111
41560,2020-07-19,2249,Northwestern Health Unit,0.0,151.0,1.72,0.1438,0.4168
41561,2020-07-19,2247,North Bay Parry Sound District Health Unit,0.0,251.0,1.94,0.1707,0.6445
41562,2020-07-19,2246,Niagara Regional Area Health Unit,0.0062,642.0,1.36,0.6943,0.9033
41563,2020-07-19,2244,Middlesex-London Health Unit,0.0016,791.0,1.56,0.5165,0.8843
41564,2020-07-19,2243,"Leeds, Grenville and Lanark District Health Unit",0.0016,350.0,2.02,0.3997,0.7685
41565,2020-07-19,2242,Lambton Health Unit,0.0046,251.0,1.92,0.1826,0.5777
41566,2020-07-19,2241,"Kingston, Frontenac and Lennox and Addington Health Unit",0.0,325.0,1.53,0.8122,0.9442
41567,2020-07-19,5183,Huron Perth Health Unit,0.0019,307.0,2.2,0.1927,0.7082
41568,2020-07-19,2238,Hastings and Prince Edward Counties Health Unit,0.0018,316.0,1.87,0.3235,0.7669
41569,2020-07-19,2236,Halton Regional Health Unit,0.0043,672.0,1.09,0.412,0.7529
41570,2020-07-19,2235,"Haliburton, Kawartha, Pine Ridge District Health Unit",0.0029,395.0,2.09,0.361,0.8254
41571,2020-07-19,2234,Haldimand-Norfolk Health Unit,0.0017,166.0,1.46,0.3561,0.7202
41572,2020-07-19,2233,Grey Bruce Health Unit,0.0,297.0,1.75,0.1689,0.6328
41573,2020-07-19,2258,Eastern Ontario Health Unit,0.0017,429.0,2.06,0.4077,0.8668
41574,2020-07-19,2230,Durham Regional Health Unit,0.005,771.0,1.08,0.5111,0.8765
41575,2020-07-19,2226,District of Algoma Health Unit,0.0008,189.0,1.65,0.156,0.5641
41576,2020-07-19,3895,City of Toronto Health Unit,0.0086,4609.0,1.48,0.5696,0.8664
41577,2020-07-19,2251,City of Ottawa Health Unit,0.0103,1865.0,1.77,0.5285,0.8793
41578,2020-07-19,2237,City of Hamilton Health Unit,0.0048,802.0,1.35,0.6598,0.8702
41579,2020-07-19,2240,Chatham-Kent Health Unit,0.0101,227.0,2.13,0.1594,0.5285
41580,2020-07-19,2227,Brant County Health Unit,0.0015,277.0,1.79,0.1694,0.4936
41581,2020-07-18,2270,York Regional Health Unit,0.0066,1543.0,1.26,0.5795,0.8867
41582,2020-07-18,2268,Windsor-Essex County Health Unit,0.0411,609.0,1.43,0.2235,0.8402
41583,2020-07-18,2266,Wellington-Dufferin-Guelph Health Unit,0.0045,575.0,1.84,0.1515,0.4326
41584,2020-07-18,2265,Waterloo Health Unit,0.0035,981.0,1.68,0.2638,0.7327
41585,2020-07-18,2263,Timiskaming Health Unit,0.0,73.0,2.22,0.2254,0.6338
41586,2020-07-18,2262,Thunder Bay District Health Unit,0.0004,352.0,2.35,0.2872,0.6219
41587,2020-07-18,2261,Sudbury and District Health Unit,0.0003,479.0,2.41,0.3683,0.7868
41588,2020-07-18,4913,Southwestern Public Health,0.0037,390.0,1.84,0.595,0.8345
41589,2020-07-18,2260,Simcoe Muskoka District Health Unit,0.0045,1111.0,1.85,0.3878,0.7522
41590,2020-07-18,2257,Renfrew County and District Health Unit,0.0007,210.0,1.93,0.2473,0.7651
41591,2020-07-18,2256,Porcupine Health Unit,0.0015,189.0,2.27,0.3997,0.693
41592,2020-07-18,2255,Peterborough County-City Health Unit,0.0005,292.0,1.97,0.5098,0.8988
41593,2020-07-18,2253,Peel Regional Health Unit,0.0136,2120.0,1.32,0.4985,0.8897
41594,2020-07-18,35,Ontario,0.0069,23275.0,1.57,0.4638,0.8159
41595,2020-07-18,2249,Northwestern Health Unit,0.0,152.0,1.73,0.1399,0.4118
41596,2020-07-18,2247,North Bay Parry Sound District Health Unit,0.0,254.0,1.96,0.1697,0.6606
41597,2020-07-18,2246,Niagara Regional Area Health Unit,0.0066,669.0,1.42,0.6636,0.8614
41598,2020-07-18,2244,Middlesex-London Health Unit,0.0016,783.0,1.54,0.4963,0.88
41599,2020-07-18,2243,"Leeds, Grenville and Lanark District Health Unit",0.0016,352.0,2.03,0.431,0.8181
41600,2020-07-18,2242,Lambton Health Unit,0.0046,249.0,1.9,0.1774,0.6034
41601,2020-07-18,2241,"Kingston, Frontenac and Lennox and Addington Health Unit",0.0004,321.0,1.51,0.8139,0.9374
41602,2020-07-18,5183,Huron Perth Health Unit,0.0018,310.0,2.22,0.1825,0.6858
41603,2020-07-18,2238,Hastings and Prince Edward Counties Health Unit,0.0018,321.0,1.9,0.347,0.7914
41604,2020-07-18,2236,Halton Regional Health Unit,0.0038,681.0,1.1,0.4036,0.7345
41605,2020-07-18,2235,"Haliburton, Kawartha, Pine Ridge District Health Unit",0.0029,398.0,2.11,0.3475,0.8134
41606,2020-07-18,2234,Haldimand-Norfolk Health Unit,0.0017,169.0,1.48,0.3764,0.8103
41607,2020-07-18,2233,Grey Bruce Health Unit,0.0,296.0,1.74,0.1739,0.6642
41608,2020-07-18,2258,Eastern Ontario Health Unit,0.0017,429.0,2.06,0.4199,0.8663
41609,2020-07-18,2230,Durham Regional Health Unit,0.0058,770.0,1.08,0.5054,0.9031
41610,2020-07-18,2226,District of Algoma Health Unit,0.0007,192.0,1.68,0.1616,0.5524
41611,2020-07-18,3895,City of Toronto Health Unit,0.0088,4623.0,1.48,0.5723,0.8671
41612,2020-07-18,2251,City of Ottawa Health Unit,0.0096,1839.0,1.74,0.5938,0.917
41613,2020-07-18,2237,City of Hamilton Health Unit,0.0047,821.0,1.39,0.6691,0.8891
41614,2020-07-18,2240,Chatham-Kent Health Unit,0.0094,229.0,2.15,0.1697,0.514
41615,2020-07-18,2227,Brant County Health Unit,0.002,291.0,1.88,0.1803,0.5301
41616,2020-07-17,2270,York Regional Health Unit,0.0066,1571.0,1.28,0.5711,0.8877
41617,2020-07-17,2268,Windsor-Essex County Health Unit,0.0382,603.0,1.42,0.2252,0.8388
41618,2020-07-17,2266,Wellington-Dufferin-Guelph Health Unit,0.0048,568.0,1.82,0.1756,0.4698
41619,2020-07-17,2265,Waterloo Health Unit,0.0029,991.0,1.7,0.2383,0.6948
41620,2020-07-17,2263,Timiskaming Health Unit,0.0,72.0,2.21,0.2594,0.6698
41621,2020-07-17,2262,Thunder Bay District Health Unit,0.0004,358.0,2.39,0.2844,0.6003
41622,2020-07-17,2261,Sudbury and District Health Unit,0.0003,481.0,2.42,0.3842,0.788
41623,2020-07-17,4913,Southwestern Public Health,0.0037,391.0,1.85,0.6119,0.8443
41624,2020-07-17,2260,Simcoe Muskoka District Health Unit,0.0047,1114.0,1.86,0.3772,0.7599
41625,2020-07-17,2257,Renfrew County and District Health Unit,0.0007,207.0,1.9,0.2896,0.8687
41626,2020-07-17,2256,Porcupine Health Unit,0.0015,187.0,2.24,0.3906,0.6687
41627,2020-07-17,2255,Peterborough County-City Health Unit,0.0005,293.0,1.98,0.5041,0.8971
41628,2020-07-17,2253,Peel Regional Health Unit,0.014,2122.0,1.32,0.4785,0.8807
41629,2020-07-17,35,Ontario,0.0069,23328.0,1.57,0.4618,0.8189
41630,2020-07-17,2249,Northwestern Health Unit,0.0,155.0,1.76,0.143,0.4091
41631,2020-07-17,2247,North Bay Parry Sound District Health Unit,0.0011,254.0,1.95,0.1602,0.6412
41632,2020-07-17,2246,Niagara Regional Area Health Unit,0.0065,682.0,1.44,0.637,0.8585
41633,2020-07-17,2244,Middlesex-London Health Unit,0.0018,786.0,1.55,0.5152,0.8953
41634,2020-07-17,2243,"Leeds, Grenville and Lanark District Health Unit",0.0016,359.0,2.07,0.4411,0.8371
41635,2020-07-17,2242,Lambton Health Unit,0.0053,241.0,1.84,0.173,0.5729
41636,2020-07-17,2241,"Kingston, Frontenac and Lennox and Addington Health Unit",0.0004,324.0,1.53,0.8184,0.9487
41637,2020-07-17,5183,Huron Perth Health Unit,0.0018,309.0,2.21,0.1754,0.6725
41638,2020-07-17,2238,Hastings and Prince Edward Counties Health Unit,0.0018,322.0,1.91,0.3428,0.7994
41639,2020-07-17,2236,Halton Regional Health Unit,0.0034,672.0,1.08,0.4041,0.7432
41640,2020-07-17,2235,"Haliburton, Kawartha, Pine Ridge District Health Unit",0.0029,397.0,2.1,0.273,0.7818
41641,2020-07-17,2234,Haldimand-Norfolk Health Unit,0.0017,165.0,1.45,0.4017,0.8646
41642,2020-07-17,2233,Grey Bruce Health Unit,0.0,289.0,1.7,0.1624,0.6703
41643,2020-07-17,2258,Eastern Ontario Health Unit,0.0007,427.0,2.04,0.4339,0.8825
41644,2020-07-17,2230,Durham Regional Health Unit,0.0059,779.0,1.09,0.4661,0.8989
41645,2020-07-17,2226,District of Algoma Health Unit,0.0007,191.0,1.67,0.1455,0.5097
41646,2020-07-17,3895,City of Toronto Health Unit,0.0091,4665.0,1.49,0.56,0.8641
41647,2020-07-17,2251,City of Ottawa Health Unit,0.0086,1801.0,1.71,0.6481,0.9344
41648,2020-07-17,2237,City of Hamilton Health Unit,0.0049,825.0,1.39,0.6816,0.911
41649,2020-07-17,2240,Chatham-Kent Health Unit,0.0069,227.0,2.13,0.2014,0.4315
41650,2020-07-17,2227,Brant County Health Unit,0.0019,297.0,1.91,0.1852,0.6019
41651,2020-07-16,2270,York Regional Health Unit,0.0076,1579.0,1.29,0.5676,0.8972
41652,2020-07-16,2268,Windsor-Essex County Health Unit,0.0309,642.0,1.51,0.2329,0.8652
41653,2020-07-16,2266,Wellington-Dufferin-Guelph Health Unit,0.0042,574.0,1.84,0.1627,0.5035
41654,2020-07-16,2265,Waterloo Health Unit,0.0032,973.0,1.67,0.2046,0.658
41655,2020-07-16,2263,Timiskaming Health Unit,0.0,67.0,2.06,0.235,0.655
41656,2020-07-16,2262,Thunder Bay District Health Unit,0.0004,348.0,2.32,0.2462,0.5628
41657,2020-07-16,2261,Sudbury and District Health Unit,0.0003,471.0,2.37,0.3575,0.7707
41658,2020-07-16,4913,Southwestern Public Health,0.0031,366.0,1.73,0.6737,0.8884
41659,2020-07-16,2260,Simcoe Muskoka District Health Unit,0.0047,1122.0,1.87,0.3902,0.7897
41660,2020-07-16,2257,Renfrew County and District Health Unit,0.0007,197.0,1.81,0.3028,0.9185
41661,2020-07-16,2256,Porcupine Health Unit,0.0008,187.0,2.24,0.4047,0.6696
41662,2020-07-16,2255,Peterborough County-City Health Unit,0.0005,294.0,1.99,0.5316,0.8942
41663,2020-07-16,2253,Peel Regional Health Unit,0.0142,2108.0,1.31,0.4821,0.8926
41664,2020-07-16,35,Ontario,0.0067,23121.0,1.56,0.4585,0.8191
41665,2020-07-16,2249,Northwestern Health Unit,0.0,163.0,1.86,0.1556,0.4002
41666,2020-07-16,2247,North Bay Parry Sound District Health Unit,0.0011,255.0,1.97,0.1429,0.5661
41667,2020-07-16,2246,Niagara Regional Area Health Unit,0.0042,680.0,1.44,0.5923,0.8511
41668,2020-07-16,2244,Middlesex-London Health Unit,0.0024,776.0,1.53,0.4995,0.8943
41669,2020-07-16,2243,"Leeds, Grenville and Lanark District Health Unit",0.0016,355.0,2.05,0.4357,0.8343
41670,2020-07-16,2242,Lambton Health Unit,0.0048,236.0,1.8,0.1816,0.6152
41671,2020-07-16,2241,"Kingston, Frontenac and Lennox and Addington Health Unit",0.0004,334.0,1.57,0.8267,0.9491
41672,2020-07-16,5183,Huron Perth Health Unit,0.0014,302.0,2.16,0.1926,0.6645
41673,2020-07-16,2238,Hastings and Prince Edward Counties Health Unit,0.0014,311.0,1.84,0.2888,0.8199
41674,2020-07-16,2236,Halton Regional Health Unit,0.0038,672.0,1.09,0.4039,0.7323
41675,2020-07-16,2235,"Haliburton, Kawartha, Pine Ridge District Health Unit",0.0031,374.0,1.98,0.2454,0.8083
41676,2020-07-16,2234,Haldimand-Norfolk Health Unit,0.0026,162.0,1.42,0.3707,0.8446
41677,2020-07-16,2233,Grey Bruce Health Unit,0.0,285.0,1.68,0.1426,0.6219
41678,2020-07-16,2258,Eastern Ontario Health Unit,0.0007,431.0,2.07,0.4611,0.8892
41679,2020-07-16,2230,Durham Regional Health Unit,0.0063,793.0,1.11,0.423,0.8888
41680,2020-07-16,2226,District of Algoma Health Unit,0.0008,183.0,1.6,0.1198,0.5079
41681,2020-07-16,3895,City of Toronto Health Unit,0.0095,4638.0,1.49,0.5684,0.8647
41682,2020-07-16,2251,City of Ottawa Health Unit,0.0069,1729.0,1.64,0.6702,0.933
41683,2020-07-16,2237,City of Hamilton Health Unit,0.0051,818.0,1.38,0.6686,0.9028
41684,2020-07-16,2240,Chatham-Kent Health Unit,0.0065,198.0,1.87,0.2279,0.4704
41685,2020-07-16,2227,Brant County Health Unit,0.0015,290.0,1.87,0.1756,0.5998
41686,2020-07-15,2270,York Regional Health Unit,0.008,1588.0,1.3,0.5477,0.8905
41687,2020-07-15,2268,Windsor-Essex County Health Unit,0.0249,684.0,1.61,0.2298,0.882
41688,2020-07-15,2266,Wellington-Dufferin-Guelph Health Unit,0.0043,566.0,1.81,0.1922,0.5768
41689,2020-07-15,2265,Waterloo Health Unit,0.0039,986.0,1.69,0.1791,0.6138
41690,2020-07-15,2263,Timiskaming Health Unit,0.0,61.0,1.85,0.1837,0.6429
41691,2020-07-15,2262,Thunder Bay District Health Unit,0.0004,343.0,2.29,0.2671,0.5959
41692,2020-07-15,2261,Sudbury and District Health Unit,0.0003,414.0,2.08,0.3124,0.7569
41693,2020-07-15,4913,Southwestern Public Health,0.0013,340.0,1.61,0.7104,0.9019
41694,2020-07-15,2260,Simcoe Muskoka District Health Unit,0.0041,1150.0,1.92,0.4135,0.7985
41695,2020-07-15,2257,Renfrew County and District Health Unit,0.0008,178.0,1.64,0.3126,0.9585
41696,2020-07-15,2256,Porcupine Health Unit,0.0007,192.0,2.3,0.3383,0.6937
41697,2020-07-15,2255,Peterborough County-City Health Unit,0.0005,303.0,2.05,0.6203,0.8851
41698,2020-07-15,2253,Peel Regional Health Unit,0.0149,2096.0,1.3,0.4743,0.874
41699,2020-07-15,35,Ontario,0.0065,22970.0,1.55,0.4649,0.8219
41700,2020-07-15,2249,Northwestern Health Unit,0.0,164.0,1.87,0.1574,0.4449
41701,2020-07-15,2247,North Bay Parry Sound District Health Unit,0.0018,242.0,1.86,0.1255,0.4673
41702,2020-07-15,2246,Niagara Regional Area Health Unit,0.0029,738.0,1.56,0.6225,0.8445
41703,2020-07-15,2244,Middlesex-London Health Unit,0.0022,724.0,1.43,0.5765,0.9096
41704,2020-07-15,2243,"Leeds, Grenville and Lanark District Health Unit",0.0013,335.0,1.93,0.4032,0.8605
41705,2020-07-15,2242,Lambton Health Unit,0.0024,242.0,1.85,0.1851,0.6424
41706,2020-07-15,2241,"Kingston, Frontenac and Lennox and Addington Health Unit",0.0008,344.0,1.62,0.8336,0.953
41707,2020-07-15,5183,Huron Perth Health Unit,0.0014,296.0,2.11,0.216,0.6609
41708,2020-07-15,2238,Hastings and Prince Edward Counties Health Unit,0.0015,284.0,1.69,0.3046,0.8877
41709,2020-07-15,2236,Halton Regional Health Unit,0.0037,659.0,1.06,0.431,0.7498
41710,2020-07-15,2235,"Haliburton, Kawartha, Pine Ridge District Health Unit",0.0025,395.0,2.09,0.2232,0.8019
41711,2020-07-15,2234,Haldimand-Norfolk Health Unit,0.0028,153.0,1.34,0.3408,0.8083
41712,2020-07-15,2233,Grey Bruce Health Unit,0.001,275.0,1.62,0.1563,0.688
41713,2020-07-15,2258,Eastern Ontario Health Unit,0.0003,429.0,2.06,0.4712,0.8917
41714,2020-07-15,2230,Durham Regional Health Unit,0.0057,823.0,1.16,0.4275,0.8891
41715,2020-07-15,2226,District of Algoma Health Unit,0.0008,181.0,1.58,0.1005,0.5521
41716,2020-07-15,3895,City of Toronto Health Unit,0.0092,4683.0,1.5,0.5739,0.8612
41717,2020-07-15,2251,City of Ottawa Health Unit,0.0067,1621.0,1.54,0.6962,0.9332
41718,2020-07-15,2237,City of Hamilton Health Unit,0.0042,809.0,1.37,0.6642,0.9142
41719,2020-07-15,2240,Chatham-Kent Health Unit,0.0055,183.0,1.73,0.2967,0.688
41720,2020-07-15,2227,Brant County Health Unit,0.002,289.0,1.86,0.1791,0.5832
41721,2020-07-14,2270,York Regional Health Unit,0.0082,1577.0,1.29,0.5342,0.8784
41722,2020-07-14,2268,Windsor-Essex County Health Unit,0.0219,678.0,1.59,0.2364,0.8724
41723,2020-07-14,2266,Wellington-Dufferin-Guelph Health Unit,0.0034,587.0,1.88,0.1839,0.5935
41724,2020-07-14,2265,Waterloo Health Unit,0.0039,946.0,1.62,0.1833,0.5615
41725,2020-07-14,2263,Timiskaming Health Unit,0.0024,60.0,1.83,0.2697,0.6616
41726,2020-07-14,2262,Thunder Bay District Health Unit,0.0004,340.0,2.27,0.2756,0.5888
41727,2020-07-14,2261,Sudbury and District Health Unit,0.0004,387.0,1.94,0.2813,0.73
41728,2020-07-14,4913,Southwestern Public Health,0.0009,311.0,1.47,0.6838,0.8964
41729,2020-07-14,2260,Simcoe Muskoka District Health Unit,0.0039,1182.0,1.97,0.4055,0.7707
41730,2020-07-14,2257,Renfrew County and District Health Unit,0.0009,152.0,1.4,0.3761,0.9434
41731,2020-07-14,2256,Porcupine Health Unit,0.0,167.0,2.0,0.3256,0.6504
41732,2020-07-14,2255,Peterborough County-City Health Unit,0.0,293.0,1.98,0.6838,0.9018
41733,2020-07-14,2253,Peel Regional Health Unit,0.0153,2030.0,1.26,0.4782,0.8506
41734,2020-07-14,35,Ontario,0.0065,22729.0,1.53,0.4669,0.814
41735,2020-07-14,2249,Northwestern Health Unit,0.0,151.0,1.73,0.1376,0.4713
41736,2020-07-14,2247,North Bay Parry Sound District Health Unit,0.0019,229.0,1.77,0.1143,0.4213
41737,2020-07-14,2246,Niagara Regional Area Health Unit,0.0026,780.0,1.65,0.6407,0.8379
41738,2020-07-14,2244,Middlesex-London Health Unit,0.002,698.0,1.38,0.5825,0.9085
41739,2020-07-14,2243,"Leeds, Grenville and Lanark District Health Unit",0.0013,328.0,1.9,0.4472,0.8627
41740,2020-07-14,2242,Lambton Health Unit,0.0027,215.0,1.64,0.2054,0.6626
41741,2020-07-14,2241,"Kingston, Frontenac and Lennox and Addington Health Unit",0.0009,320.0,1.5,0.8408,0.9561
41742,2020-07-14,5183,Huron Perth Health Unit,0.0011,267.0,1.91,0.1952,0.6127
41743,2020-07-14,2238,Hastings and Prince Edward Counties Health Unit,0.001,293.0,1.74,0.2744,0.901
41744,2020-07-14,2236,Halton Regional Health Unit,0.0036,673.0,1.09,0.4391,0.7351
41745,2020-07-14,2235,"Haliburton, Kawartha, Pine Ridge District Health Unit",0.0023,435.0,2.3,0.2418,0.8058
41746,2020-07-14,2234,Haldimand-Norfolk Health Unit,0.0019,151.0,1.32,0.3636,0.7951
41747,2020-07-14,2233,Grey Bruce Health Unit,0.001,275.0,1.62,0.1541,0.7019
41748,2020-07-14,2258,Eastern Ontario Health Unit,0.0003,412.0,1.98,0.522,0.9049
41749,2020-07-14,2230,Durham Regional Health Unit,0.0059,895.0,1.26,0.4079,0.8814
41750,2020-07-14,2226,District of Algoma Health Unit,0.0007,197.0,1.72,0.1057,0.5312
41751,2020-07-14,3895,City of Toronto Health Unit,0.0098,4643.0,1.49,0.5674,0.8624
41752,2020-07-14,2251,City of Ottawa Health Unit,0.0061,1579.0,1.5,0.7187,0.9358
41753,2020-07-14,2237,City of Hamilton Health Unit,0.0032,810.0,1.37,0.6443,0.9144
41754,2020-07-14,2240,Chatham-Kent Health Unit,0.0056,179.0,1.69,0.32,0.7201
41755,2020-07-14,2227,Brant County Health Unit,0.0055,288.0,1.85,0.2038,0.5753
41756,2020-07-13,2270,York Regional Health Unit,0.0089,1555.0,1.27,0.539,0.8786
41757,2020-07-13,2268,Windsor-Essex County Health Unit,0.0179,653.0,1.54,0.2281,0.8587
41758,2020-07-13,2266,Wellington-Dufferin-Guelph Health Unit,0.0046,584.0,1.87,0.1656,0.6182
41759,2020-07-13,2265,Waterloo Health Unit,0.0045,952.0,1.63,0.1734,0.5451
41760,2020-07-13,2263,Timiskaming Health Unit,0.0023,62.0,1.89,0.2949,0.6585
41761,2020-07-13,2262,Thunder Bay District Health Unit,0.0,359.0,2.4,0.283,0.5589
41762,2020-07-13,2261,Sudbury and District Health Unit,0.0004,382.0,1.92,0.2552,0.6869
41763,2020-07-13,4913,Southwestern Public Health,0.001,282.0,1.33,0.6781,0.8934
41764,2020-07-13,2260,Simcoe Muskoka District Health Unit,0.0025,1105.0,1.84,0.3921,0.7515
41765,2020-07-13,2257,Renfrew County and District Health Unit,0.0,148.0,1.37,0.4368,0.9484
41766,2020-07-13,2256,Porcupine Health Unit,0.0,173.0,2.07,0.2884,0.6235
41767,2020-07-13,2255,Peterborough County-City Health Unit,0.0,295.0,1.99,0.6901,0.8931
41768,2020-07-13,2253,Peel Regional Health Unit,0.0149,1931.0,1.2,0.4819,0.8539
41769,2020-07-13,35,Ontario,0.0062,22472.0,1.52,0.4624,0.8056
41770,2020-07-13,2249,Northwestern Health Unit,0.0,166.0,1.89,0.1319,0.4581
41771,2020-07-13,2247,North Bay Parry Sound District Health Unit,0.0019,225.0,1.74,0.0927,0.3907
41772,2020-07-13,2246,Niagara Regional Area Health Unit,0.0028,770.0,1.63,0.645,0.8312
41773,2020-07-13,2244,Middlesex-London Health Unit,0.0018,645.0,1.27,0.5783,0.9056
41774,2020-07-13,2243,"Leeds, Grenville and Lanark District Health Unit",0.0012,356.0,2.06,0.4565,0.8506
41775,2020-07-13,2242,Lambton Health Unit,0.0022,196.0,1.5,0.171,0.5622
41776,2020-07-13,2241,"Kingston, Frontenac and Lennox and Addington Health Unit",0.0009,334.0,1.57,0.8617,0.9613
41777,2020-07-13,5183,Huron Perth Health Unit,0.0006,258.0,1.85,0.1463,0.559
41778,2020-07-13,2238,Hastings and Prince Edward Counties Health Unit,0.0005,291.0,1.73,0.2568,0.8984
41779,2020-07-13,2236,Halton Regional Health Unit,0.0044,678.0,1.09,0.4386,0.7183
41780,2020-07-13,2235,"Haliburton, Kawartha, Pine Ridge District Health Unit",0.0016,434.0,2.3,0.244,0.7926
41781,2020-07-13,2234,Haldimand-Norfolk Health Unit,0.0019,154.0,1.35,0.3664,0.7856
41782,2020-07-13,2233,Grey Bruce Health Unit,0.001,284.0,1.67,0.1462,0.6985
41783,2020-07-13,2258,Eastern Ontario Health Unit,0.0007,427.0,2.05,0.5263,0.8953
41784,2020-07-13,2230,Durham Regional Health Unit,0.0064,913.0,1.28,0.3911,0.878
41785,2020-07-13,2226,District of Algoma Health Unit,0.0006,232.0,2.03,0.0969,0.4977
41786,2020-07-13,3895,City of Toronto Health Unit,0.0095,4582.0,1.47,0.5683,0.8572
41787,2020-07-13,2251,City of Ottawa Health Unit,0.006,1583.0,1.5,0.7016,0.9296
41788,2020-07-13,2237,City of Hamilton Health Unit,0.0029,802.0,1.35,0.6345,0.9157
41789,2020-07-13,2240,Chatham-Kent Health Unit,0.0039,184.0,1.73,0.359,0.7347
41790,2020-07-13,2227,Brant County Health Unit,0.0051,283.0,1.82,0.2194,0.5709
41791,2020-07-12,2270,York Regional Health Unit,0.0092,1513.0,1.23,0.5594,0.8901
41792,2020-07-12,2268,Windsor-Essex County Health Unit,0.0248,604.0,1.42,0.2192,0.8602
41793,2020-07-12,2266,Wellington-Dufferin-Guelph Health Unit,0.0042,515.0,1.65,0.1559,0.599
41794,2020-07-12,2265,Waterloo Health Unit,0.0041,907.0,1.55,0.1622,0.4994
41795,2020-07-12,2263,Timiskaming Health Unit,0.0023,61.0,1.87,0.287,0.6446
41796,2020-07-12,2262,Thunder Bay District Health Unit,0.0018,326.0,2.18,0.2669,0.5515
41797,2020-07-12,2261,Sudbury and District Health Unit,0.0,368.0,1.85,0.2474,0.67
41798,2020-07-12,4913,Southwestern Public Health,0.001,283.0,1.34,0.6774,0.9027
41799,2020-07-12,2260,Simcoe Muskoka District Health Unit,0.0025,1047.0,1.75,0.4009,0.7607
41800,2020-07-12,2257,Renfrew County and District Health Unit,0.0,132.0,1.22,0.4353,0.9488
41801,2020-07-12,2256,Porcupine Health Unit,0.0,142.0,1.7,0.2791,0.6776
41802,2020-07-12,2255,Peterborough County-City Health Unit,0.0,298.0,2.01,0.6866,0.8882
41803,2020-07-12,2253,Peel Regional Health Unit,0.0165,1857.0,1.16,0.4675,0.8544
41804,2020-07-12,35,Ontario,0.0066,21920.0,1.48,0.4654,0.81
41805,2020-07-12,2249,Northwestern Health Unit,0.0,163.0,1.86,0.1199,0.4565
41806,2020-07-12,2247,North Bay Parry Sound District Health Unit,0.0023,245.0,1.88,0.0984,0.414
41807,2020-07-12,2246,Niagara Regional Area Health Unit,0.0035,735.0,1.56,0.6388,0.8297
41808,2020-07-12,2244,Middlesex-London Health Unit,0.002,631.0,1.24,0.5809,0.9092
41809,2020-07-12,2243,"Leeds, Grenville and Lanark District Health Unit",0.0008,351.0,2.03,0.4679,0.866
41810,2020-07-12,2242,Lambton Health Unit,0.0008,180.0,1.38,0.1824,0.5411
41811,2020-07-12,2241,"Kingston, Frontenac and Lennox and Addington Health Unit",0.0013,324.0,1.52,0.8547,0.9669
41812,2020-07-12,5183,Huron Perth Health Unit,0.0,240.0,1.72,0.1679,0.6286
41813,2020-07-12,2238,Hastings and Prince Edward Counties Health Unit,0.0005,296.0,1.76,0.2538,0.8983
41814,2020-07-12,2236,Halton Regional Health Unit,0.0042,676.0,1.09,0.4472,0.7158
41815,2020-07-12,2235,"Haliburton, Kawartha, Pine Ridge District Health Unit",0.0007,433.0,2.29,0.2397,0.7894
41816,2020-07-12,2234,Haldimand-Norfolk Health Unit,0.0019,148.0,1.3,0.3506,0.792
41817,2020-07-12,2233,Grey Bruce Health Unit,0.0011,264.0,1.55,0.1478,0.7128
41818,2020-07-12,2258,Eastern Ontario Health Unit,0.0007,438.0,2.1,0.5474,0.9188
41819,2020-07-12,2230,Durham Regional Health Unit,0.0063,925.0,1.3,0.3816,0.883
41820,2020-07-12,2226,District of Algoma Health Unit,0.0006,248.0,2.17,0.1043,0.5186
41821,2020-07-12,3895,City of Toronto Health Unit,0.0098,4638.0,1.49,0.581,0.865
41822,2020-07-12,2251,City of Ottawa Health Unit,0.0051,1500.0,1.42,0.71,0.9387
41823,2020-07-12,2237,City of Hamilton Health Unit,0.003,805.0,1.36,0.6236,0.9186
41824,2020-07-12,2240,Chatham-Kent Health Unit,0.0043,165.0,1.55,0.3945,0.792
41825,2020-07-12,2227,Brant County Health Unit,0.0054,267.0,1.72,0.2367,0.5992
41826,2020-07-11,2270,York Regional Health Unit,0.0093,1504.0,1.23,0.5897,0.9084
41827,2020-07-11,2268,Windsor-Essex County Health Unit,0.024,590.0,1.39,0.2619,0.9117
41828,2020-07-11,2266,Wellington-Dufferin-Guelph Health Unit,0.0042,514.0,1.65,0.1473,0.5738
41829,2020-07-11,2265,Waterloo Health Unit,0.0044,907.0,1.55,0.1705,0.4822
41830,2020-07-11,2263,Timiskaming Health Unit,0.0023,61.0,1.88,0.2792,0.6542
41831,2020-07-11,2262,Thunder Bay District Health Unit,0.0019,301.0,2.01,0.2774,0.5689
41832,2020-07-11,2261,Sudbury and District Health Unit,0.0,365.0,1.83,0.2342,0.6315
41833,2020-07-11,4913,Southwestern Public Health,0.001,281.0,1.33,0.6818,0.9281
41834,2020-07-11,2260,Simcoe Muskoka District Health Unit,0.0022,1044.0,1.74,0.4223,0.7957
41835,2020-07-11,2257,Renfrew County and District Health Unit,0.0,140.0,1.29,0.4286,0.9478
41836,2020-07-11,2256,Porcupine Health Unit,0.0,138.0,1.66,0.3203,0.6775
41837,2020-07-11,2255,Peterborough County-City Health Unit,0.0,295.0,2.0,0.6945,0.919
41838,2020-07-11,2253,Peel Regional Health Unit,0.0176,1838.0,1.14,0.4549,0.8394
41839,2020-07-11,35,Ontario,0.0067,21763.0,1.47,0.4783,0.8214
41840,2020-07-11,2249,Northwestern Health Unit,0.0,160.0,1.82,0.1169,0.4371
41841,2020-07-11,2247,North Bay Parry Sound District Health Unit,0.0022,259.0,2.0,0.1047,0.4005
41842,2020-07-11,2246,Niagara Regional Area Health Unit,0.0028,717.0,1.52,0.6717,0.8703
41843,2020-07-11,2244,Middlesex-London Health Unit,0.0018,636.0,1.25,0.6282,0.9645
41844,2020-07-11,2243,"Leeds, Grenville and Lanark District Health Unit",0.0008,355.0,2.05,0.4714,0.882
41845,2020-07-11,2242,Lambton Health Unit,0.0008,180.0,1.38,0.1873,0.5992
41846,2020-07-11,2241,"Kingston, Frontenac and Lennox and Addington Health Unit",0.0009,330.0,1.55,0.8609,0.9803
41847,2020-07-11,5183,Huron Perth Health Unit,0.0,238.0,1.7,0.1862,0.6814
41848,2020-07-11,2238,Hastings and Prince Edward Counties Health Unit,0.0005,299.0,1.77,0.2478,0.9203
41849,2020-07-11,2236,Halton Regional Health Unit,0.0045,672.0,1.08,0.4758,0.7422
41850,2020-07-11,2235,"Haliburton, Kawartha, Pine Ridge District Health Unit",0.0007,431.0,2.28,0.2414,0.8068
41851,2020-07-11,2234,Haldimand-Norfolk Health Unit,0.002,144.0,1.26,0.3566,0.8079
41852,2020-07-11,2233,Grey Bruce Health Unit,0.0011,264.0,1.56,0.1761,0.7477
41853,2020-07-11,2258,Eastern Ontario Health Unit,0.0007,436.0,2.09,0.5644,0.9377
41854,2020-07-11,2230,Durham Regional Health Unit,0.0054,932.0,1.31,0.3932,0.8897
41855,2020-07-11,2226,District of Algoma Health Unit,0.0006,247.0,2.16,0.0992,0.5158
41856,2020-07-11,3895,City of Toronto Health Unit,0.0102,4600.0,1.47,0.5922,0.8696
41857,2020-07-11,2251,City of Ottawa Health Unit,0.0049,1478.0,1.4,0.7151,0.9419
41858,2020-07-11,2237,City of Hamilton Health Unit,0.003,801.0,1.35,0.6183,0.9176
41859,2020-07-11,2240,Chatham-Kent Health Unit,0.0053,163.0,1.53,0.5089,0.8937
41860,2020-07-11,2227,Brant County Health Unit,0.0051,253.0,1.63,0.2403,0.6405
41861,2020-07-10,2270,York Regional Health Unit,0.0087,1496.0,1.22,0.6041,0.9156
41862,2020-07-10,2268,Windsor-Essex County Health Unit,0.0221,594.0,1.4,0.3036,0.9083
41863,2020-07-10,2266,Wellington-Dufferin-Guelph Health Unit,0.0045,506.0,1.62,0.1271,0.5177
41864,2020-07-10,2265,Waterloo Health Unit,0.0048,899.0,1.54,0.1891,0.4994
41865,2020-07-10,2263,Timiskaming Health Unit,0.0023,62.0,1.9,0.3227,0.6853
41866,2020-07-10,2262,Thunder Bay District Health Unit,0.0019,300.0,2.0,0.3175,0.6177
41867,2020-07-10,2261,Sudbury and District Health Unit,0.0,361.0,1.81,0.2531,0.6721
41868,2020-07-10,4913,Southwestern Public Health,0.001,277.0,1.31,0.6705,0.9219
41869,2020-07-10,2260,Simcoe Muskoka District Health Unit,0.0019,1045.0,1.74,0.4523,0.8288
41870,2020-07-10,2257,Renfrew County and District Health Unit,0.0,141.0,1.29,0.5184,0.9464
41871,2020-07-10,2256,Porcupine Health Unit,0.0,140.0,1.68,0.3813,0.7264
41872,2020-07-10,2255,Peterborough County-City Health Unit,0.0,295.0,1.99,0.7142,0.9305
41873,2020-07-10,2253,Peel Regional Health Unit,0.0184,1802.0,1.12,0.4535,0.8272
41874,2020-07-10,35,Ontario,0.0066,21609.0,1.46,0.4961,0.8287
41875,2020-07-10,2249,Northwestern Health Unit,0.0,159.0,1.82,0.1207,0.4446
41876,2020-07-10,2247,North Bay Parry Sound District Health Unit,0.0011,261.0,2.01,0.1202,0.4188
41877,2020-07-10,2246,Niagara Regional Area Health Unit,0.0032,714.0,1.51,0.7186,0.9051
41878,2020-07-10,2244,Middlesex-London Health Unit,0.0016,631.0,1.24,0.6014,0.9166
41879,2020-07-10,2243,"Leeds, Grenville and Lanark District Health Unit",0.0008,354.0,2.05,0.4732,0.9024
41880,2020-07-10,2242,Lambton Health Unit,0.0,187.0,1.43,0.169,0.6228
41881,2020-07-10,2241,"Kingston, Frontenac and Lennox and Addington Health Unit",0.0013,334.0,1.57,0.8687,0.9828
41882,2020-07-10,5183,Huron Perth Health Unit,0.0,240.0,1.72,0.1872,0.6818
41883,2020-07-10,2238,Hastings and Prince Edward Counties Health Unit,0.0005,301.0,1.79,0.2639,0.9316
41884,2020-07-10,2236,Halton Regional Health Unit,0.0054,666.0,1.08,0.4525,0.7112
41885,2020-07-10,2235,"Haliburton, Kawartha, Pine Ridge District Health Unit",0.0007,425.0,2.25,0.2661,0.8335
41886,2020-07-10,2234,Haldimand-Norfolk Health Unit,0.0019,149.0,1.3,0.3138,0.7464
41887,2020-07-10,2233,Grey Bruce Health Unit,0.0011,269.0,1.59,0.2303,0.7784
41888,2020-07-10,2258,Eastern Ontario Health Unit,0.0007,430.0,2.06,0.6044,0.947
41889,2020-07-10,2230,Durham Regional Health Unit,0.0052,932.0,1.31,0.45,0.9077
41890,2020-07-10,2226,District of Algoma Health Unit,0.0006,243.0,2.12,0.1066,0.5341
41891,2020-07-10,3895,City of Toronto Health Unit,0.0102,4553.0,1.46,0.6095,0.876
41892,2020-07-10,2251,City of Ottawa Health Unit,0.0042,1451.0,1.38,0.7471,0.9454
41893,2020-07-10,2237,City of Hamilton Health Unit,0.0027,797.0,1.35,0.6282,0.9326
41894,2020-07-10,2240,Chatham-Kent Health Unit,0.0052,166.0,1.56,0.5818,0.9636
41895,2020-07-10,2227,Brant County Health Unit,0.0053,242.0,1.56,0.2529,0.6617
41896,2020-07-09,2270,York Regional Health Unit,0.0082,1469.0,1.2,0.5991,0.8854
41897,2020-07-09,2268,Windsor-Essex County Health Unit,0.0201,575.0,1.35,0.3142,0.8241
41898,2020-07-09,2266,Wellington-Dufferin-Guelph Health Unit,0.0053,510.0,1.63,0.1301,0.4227
41899,2020-07-09,2265,Waterloo Health Unit,0.0047,906.0,1.55,0.1873,0.4368
41900,2020-07-09,2263,Timiskaming Health Unit,0.0023,63.0,1.94,0.4073,0.7275
41901,2020-07-09,2262,Thunder Bay District Health Unit,0.0024,297.0,1.98,0.3572,0.6618
41902,2020-07-09,2261,Sudbury and District Health Unit,0.0,356.0,1.79,0.3053,0.7047
41903,2020-07-09,4913,Southwestern Public Health,0.001,279.0,1.32,0.6323,0.8539
41904,2020-07-09,2260,Simcoe Muskoka District Health Unit,0.0021,1032.0,1.72,0.4467,0.7883
41905,2020-07-09,2257,Renfrew County and District Health Unit,0.0,148.0,1.37,0.6273,0.9323
41906,2020-07-09,2256,Porcupine Health Unit,0.0,140.0,1.67,0.4012,0.7143
41907,2020-07-09,2255,Peterborough County-City Health Unit,0.0,301.0,2.04,0.762,0.9159
41908,2020-07-09,2253,Peel Regional Health Unit,0.018,1771.0,1.1,0.4488,0.7713
41909,2020-07-09,35,Ontario,0.0064,21548.0,1.45,0.5159,0.7996
41910,2020-07-09,2249,Northwestern Health Unit,0.0009,156.0,1.78,0.1071,0.4119
41911,2020-07-09,2247,North Bay Parry Sound District Health Unit,0.0011,251.0,1.94,0.1294,0.4364
41912,2020-07-09,2246,Niagara Regional Area Health Unit,0.0036,716.0,1.51,0.8158,0.9352
41913,2020-07-09,2244,Middlesex-London Health Unit,0.0013,640.0,1.26,0.6191,0.8516
41914,2020-07-09,2243,"Leeds, Grenville and Lanark District Health Unit",0.0008,359.0,2.07,0.5179,0.8872
41915,2020-07-09,2242,Lambton Health Unit,0.0,183.0,1.4,0.1617,0.5018
41916,2020-07-09,2241,"Kingston, Frontenac and Lennox and Addington Health Unit",0.0017,345.0,1.62,0.8877,0.9773
41917,2020-07-09,5183,Huron Perth Health Unit,0.0,240.0,1.72,0.1906,0.5718
41918,2020-07-09,2238,Hastings and Prince Edward Counties Health Unit,0.0009,326.0,1.94,0.3142,0.911
41919,2020-07-09,2236,Halton Regional Health Unit,0.0055,654.0,1.06,0.4376,0.6404
41920,2020-07-09,2235,"Haliburton, Kawartha, Pine Ridge District Health Unit",0.001,423.0,2.24,0.2901,0.7975
41921,2020-07-09,2234,Haldimand-Norfolk Health Unit,0.0009,156.0,1.36,0.3459,0.7092
41922,2020-07-09,2233,Grey Bruce Health Unit,0.0011,270.0,1.59,0.2656,0.804
41923,2020-07-09,2258,Eastern Ontario Health Unit,0.001,433.0,2.07,0.6619,0.9463
41924,2020-07-09,2230,Durham Regional Health Unit,0.0049,924.0,1.3,0.5391,0.9182
41925,2020-07-09,2226,District of Algoma Health Unit,0.0006,241.0,2.11,0.1335,0.5048
41926,2020-07-09,3895,City of Toronto Health Unit,0.0104,4546.0,1.46,0.6062,0.8461
41927,2020-07-09,2251,City of Ottawa Health Unit,0.0037,1464.0,1.39,0.8137,0.9608
41928,2020-07-09,2237,City of Hamilton Health Unit,0.0022,789.0,1.33,0.6392,0.9003
41929,2020-07-09,2240,Chatham-Kent Health Unit,0.0063,160.0,1.5,0.5527,0.9318
41930,2020-07-09,2227,Brant County Health Unit,0.0066,239.0,1.54,0.2744,0.6556
41931,2020-07-08,2270,York Regional Health Unit,0.0085,1414.0,1.15,0.5782,0.8617
41932,2020-07-08,2268,Windsor-Essex County Health Unit,0.0209,553.0,1.3,0.2949,0.7672
41933,2020-07-08,2266,Wellington-Dufferin-Guelph Health Unit,0.0056,512.0,1.64,0.1014,0.3168
41934,2020-07-08,2265,Waterloo Health Unit,0.0046,905.0,1.55,0.1708,0.3876
41935,2020-07-08,2263,Timiskaming Health Unit,0.0023,61.0,1.87,0.3289,0.5561
41936,2020-07-08,2262,Thunder Bay District Health Unit,0.003,281.0,1.88,0.3427,0.6829
41937,2020-07-08,2261,Sudbury and District Health Unit,0.0,378.0,1.9,0.3034,0.6919
41938,2020-07-08,4913,Southwestern Public Health,0.001,281.0,1.33,0.5857,0.8286
41939,2020-07-08,2260,Simcoe Muskoka District Health Unit,0.0024,964.0,1.61,0.3845,0.7389
41940,2020-07-08,2257,Renfrew County and District Health Unit,0.0,146.0,1.34,0.5502,0.917
41941,2020-07-08,2256,Porcupine Health Unit,0.0,122.0,1.46,0.4513,0.6747
41942,2020-07-08,2255,Peterborough County-City Health Unit,0.0005,298.0,2.02,0.705,0.8725
41943,2020-07-08,2253,Peel Regional Health Unit,0.0186,1740.0,1.08,0.43,0.7381
41944,2020-07-08,35,Ontario,0.0068,21007.0,1.42,0.4913,0.7653
41945,2020-07-08,2249,Northwestern Health Unit,0.0009,151.0,1.73,0.1173,0.3355
41946,2020-07-08,2247,North Bay Parry Sound District Health Unit,0.0018,233.0,1.8,0.109,0.5455
41947,2020-07-08,2246,Niagara Regional Area Health Unit,0.0039,665.0,1.41,0.7545,0.9171
41948,2020-07-08,2244,Middlesex-London Health Unit,0.0022,645.0,1.27,0.5749,0.8183
41949,2020-07-08,2243,"Leeds, Grenville and Lanark District Health Unit",0.0008,374.0,2.16,0.5395,0.8758
41950,2020-07-08,2242,Lambton Health Unit,0.0008,175.0,1.33,0.1538,0.5108
41951,2020-07-08,2241,"Kingston, Frontenac and Lennox and Addington Health Unit",0.0041,385.0,1.81,0.905,0.9695
41952,2020-07-08,5183,Huron Perth Health Unit,0.0,218.0,1.56,0.1457,0.5085
41953,2020-07-08,2238,Hastings and Prince Edward Counties Health Unit,0.0004,340.0,2.02,0.3161,0.8698
41954,2020-07-08,2236,Halton Regional Health Unit,0.0062,642.0,1.04,0.404,0.5723
41955,2020-07-08,2235,"Haliburton, Kawartha, Pine Ridge District Health Unit",0.0015,390.0,2.06,0.2611,0.7299
41956,2020-07-08,2234,Haldimand-Norfolk Health Unit,0.0009,156.0,1.37,0.3502,0.6804
41957,2020-07-08,2233,Grey Bruce Health Unit,0.0006,243.0,1.43,0.2369,0.7296
41958,2020-07-08,2258,Eastern Ontario Health Unit,0.001,417.0,2.0,0.5899,0.9441
41959,2020-07-08,2230,Durham Regional Health Unit,0.0058,910.0,1.28,0.5131,0.9
41960,2020-07-08,2226,District of Algoma Health Unit,0.0006,235.0,2.05,0.1542,0.3768
41961,2020-07-08,3895,City of Toronto Health Unit,0.0109,4430.0,1.42,0.5938,0.826
41962,2020-07-08,2251,City of Ottawa Health Unit,0.0032,1425.0,1.35,0.8193,0.9604
41963,2020-07-08,2237,City of Hamilton Health Unit,0.0035,771.0,1.3,0.6045,0.8257
41964,2020-07-08,2240,Chatham-Kent Health Unit,0.0061,141.0,1.33,0.5225,0.8543
41965,2020-07-08,2227,Brant County Health Unit,0.0069,228.0,1.47,0.2958,0.7016
41966,2020-07-07,2270,York Regional Health Unit,0.009,1322.0,1.08,0.5778,0.8681
41967,2020-07-07,2268,Windsor-Essex County Health Unit,0.0235,510.0,1.2,0.3007,0.7526
41968,2020-07-07,2266,Wellington-Dufferin-Guelph Health Unit,0.0065,441.0,1.41,0.1045,0.2984
41969,2020-07-07,2265,Waterloo Health Unit,0.0055,831.0,1.42,0.1584,0.3795
41970,2020-07-07,2263,Timiskaming Health Unit,0.0,48.0,1.46,0.2796,0.5591
41971,2020-07-07,2262,Thunder Bay District Health Unit,0.0036,241.0,1.61,0.3371,0.7354
41972,2020-07-07,2261,Sudbury and District Health Unit,0.0,327.0,1.64,0.3066,0.7198
41973,2020-07-07,4913,Southwestern Public Health,0.0011,262.0,1.24,0.59,0.83
41974,2020-07-07,2260,Simcoe Muskoka District Health Unit,0.0028,815.0,1.36,0.3831,0.7655
41975,2020-07-07,2257,Renfrew County and District Health Unit,0.0,111.0,1.02,0.5853,0.9428
41976,2020-07-07,2256,Porcupine Health Unit,0.0,109.0,1.3,0.4382,0.7237
41977,2020-07-07,2255,Peterborough County-City Health Unit,0.0006,253.0,1.71,0.6891,0.8617
41978,2020-07-07,2253,Peel Regional Health Unit,0.0193,1598.0,0.99,0.4128,0.7272
41979,2020-07-07,35,Ontario,0.0072,18813.0,1.27,0.4824,0.7611
41980,2020-07-07,2249,Northwestern Health Unit,0.0011,134.0,1.53,0.1369,0.319
41981,2020-07-07,2247,North Bay Parry Sound District Health Unit,0.002,210.0,1.62,0.1168,0.6101
41982,2020-07-07,2246,Niagara Regional Area Health Unit,0.0046,528.0,1.12,0.7304,0.9005
41983,2020-07-07,2244,Middlesex-London Health Unit,0.0029,599.0,1.18,0.5175,0.827
41984,2020-07-07,2243,"Leeds, Grenville and Lanark District Health Unit",0.0009,333.0,1.93,0.4826,0.8628
41985,2020-07-07,2242,Lambton Health Unit,0.0009,156.0,1.19,0.141,0.4702
41986,2020-07-07,2241,"Kingston, Frontenac and Lennox and Addington Health Unit",0.0037,463.0,2.18,0.8316,0.9637
41987,2020-07-07,5183,Huron Perth Health Unit,0.0008,173.0,1.24,0.1493,0.6233
41988,2020-07-07,2238,Hastings and Prince Edward Counties Health Unit,0.0005,314.0,1.86,0.3264,0.8492
41989,2020-07-07,2236,Halton Regional Health Unit,0.0067,577.0,0.93,0.3895,0.5552
41990,2020-07-07,2235,"Haliburton, Kawartha, Pine Ridge District Health Unit",0.0015,291.0,1.54,0.2381,0.6969
41991,2020-07-07,2234,Haldimand-Norfolk Health Unit,0.0011,125.0,1.09,0.3367,0.6711
41992,2020-07-07,2233,Grey Bruce Health Unit,0.0007,213.0,1.26,0.2303,0.6929
41993,2020-07-07,2258,Eastern Ontario Health Unit,0.0012,353.0,1.69,0.5219,0.9258
41994,2020-07-07,2230,Durham Regional Health Unit,0.0059,776.0,1.09,0.5292,0.9044
41995,2020-07-07,2226,District of Algoma Health Unit,0.0008,186.0,1.62,0.1476,0.3574
41996,2020-07-07,3895,City of Toronto Health Unit,0.0107,4096.0,1.31,0.5926,0.8122
41997,2020-07-07,2251,City of Ottawa Health Unit,0.0032,1263.0,1.2,0.8062,0.9454
41998,2020-07-07,2237,City of Hamilton Health Unit,0.0036,676.0,1.14,0.6101,0.8009
41999,2020-07-07,2240,Chatham-Kent Health Unit,0.0067,127.0,1.2,0.528,0.8438
42000,2020-07-07,2227,Brant County Health Unit,0.003,193.0,1.24,0.263,0.6889
42001,2020-07-06,2270,York Regional Health Unit,0.0097,1330.0,1.08,0.5414,0.8318
42002,2020-07-06,2268,Windsor-Essex County Health Unit,0.0217,560.0,1.32,0.2584,0.6981
42003,2020-07-06,2266,Wellington-Dufferin-Guelph Health Unit,0.0055,464.0,1.49,0.0941,0.2551
42004,2020-07-06,2265,Waterloo Health Unit,0.0047,826.0,1.41,0.1651,0.3731
42005,2020-07-06,2263,Timiskaming Health Unit,0.0,41.0,1.25,0.2334,0.5279
42006,2020-07-06,2262,Thunder Bay District Health Unit,0.0037,230.0,1.53,0.3441,0.7547
42007,2020-07-06,2261,Sudbury and District Health Unit,0.0,297.0,1.49,0.3098,0.7609
42008,2020-07-06,4913,Southwestern Public Health,0.001,287.0,1.36,0.573,0.821
42009,2020-07-06,2260,Simcoe Muskoka District Health Unit,0.0029,839.0,1.4,0.3281,0.7181
42010,2020-07-06,2257,Renfrew County and District Health Unit,0.001,143.0,1.31,0.5399,0.894
42011,2020-07-06,2256,Porcupine Health Unit,0.0,94.0,1.13,0.511,0.7704
42012,2020-07-06,2255,Peterborough County-City Health Unit,0.0006,259.0,1.75,0.7059,0.8698
42013,2020-07-06,2253,Peel Regional Health Unit,0.0193,1605.0,1.0,0.3841,0.6849
42014,2020-07-06,35,Ontario,0.0075,18711.0,1.26,0.4626,0.741
42015,2020-07-06,2249,Northwestern Health Unit,0.0011,125.0,1.43,0.1255,0.3309
42016,2020-07-06,2247,North Bay Parry Sound District Health Unit,0.0031,231.0,1.78,0.1076,0.6017
42017,2020-07-06,2246,Niagara Regional Area Health Unit,0.0047,515.0,1.09,0.7039,0.8685
42018,2020-07-06,2244,Middlesex-London Health Unit,0.0036,634.0,1.25,0.4882,0.815
42019,2020-07-06,2243,"Leeds, Grenville and Lanark District Health Unit",0.0009,311.0,1.8,0.4467,0.8538
42020,2020-07-06,2242,Lambton Health Unit,0.0008,183.0,1.39,0.1469,0.5174
42021,2020-07-06,2241,"Kingston, Frontenac and Lennox and Addington Health Unit",0.0035,483.0,2.27,0.7986,0.9486
42022,2020-07-06,5183,Huron Perth Health Unit,0.0015,190.0,1.36,0.141,0.6275
42023,2020-07-06,2238,Hastings and Prince Edward Counties Health Unit,0.0004,324.0,1.92,0.3029,0.8011
42024,2020-07-06,2236,Halton Regional Health Unit,0.0063,564.0,0.91,0.3676,0.5429
42025,2020-07-06,2235,"Haliburton, Kawartha, Pine Ridge District Health Unit",0.002,292.0,1.54,0.2259,0.7058
42026,2020-07-06,2234,Haldimand-Norfolk Health Unit,0.0024,117.0,1.03,0.2871,0.6474
42027,2020-07-06,2233,Grey Bruce Health Unit,0.0007,203.0,1.19,0.2125,0.6747
42028,2020-07-06,2258,Eastern Ontario Health Unit,0.0004,340.0,1.63,0.5239,0.9108
42029,2020-07-06,2230,Durham Regional Health Unit,0.0043,768.0,1.08,0.5072,0.8772
42030,2020-07-06,2226,District of Algoma Health Unit,0.0,142.0,1.24,0.1571,0.4019
42031,2020-07-06,3895,City of Toronto Health Unit,0.0123,4017.0,1.29,0.5769,0.7942
42032,2020-07-06,2251,City of Ottawa Health Unit,0.0031,1204.0,1.14,0.7893,0.9293
42033,2020-07-06,2237,City of Hamilton Health Unit,0.0047,642.0,1.08,0.5869,0.7778
42034,2020-07-06,2240,Chatham-Kent Health Unit,0.0086,116.0,1.09,0.5028,0.8432
42035,2020-07-06,2227,Brant County Health Unit,0.0032,176.0,1.14,0.2255,0.6163
42036,2020-07-05,2270,York Regional Health Unit,0.0111,1375.0,1.12,0.5074,0.8025
42037,2020-07-05,2268,Windsor-Essex County Health Unit,0.0149,593.0,1.4,0.2198,0.6039
42038,2020-07-05,2266,Wellington-Dufferin-Guelph Health Unit,0.0046,524.0,1.68,0.0899,0.2327
42039,2020-07-05,2265,Waterloo Health Unit,0.0049,905.0,1.55,0.1788,0.3752
42040,2020-07-05,2263,Timiskaming Health Unit,0.0,50.0,1.54,0.2211,0.509
42041,2020-07-05,2262,Thunder Bay District Health Unit,0.0022,259.0,1.73,0.3708,0.7705
42042,2020-07-05,2261,Sudbury and District Health Unit,0.0,306.0,1.54,0.2929,0.7325
42043,2020-07-05,4913,Southwestern Public Health,0.0005,287.0,1.36,0.5246,0.8039
42044,2020-07-05,2260,Simcoe Muskoka District Health Unit,0.0032,845.0,1.41,0.3031,0.6865
42045,2020-07-05,2257,Renfrew County and District Health Unit,0.001,143.0,1.32,0.5279,0.8735
42046,2020-07-05,2256,Porcupine Health Unit,0.0,125.0,1.5,0.4479,0.6491
42047,2020-07-05,2255,Peterborough County-City Health Unit,0.0011,270.0,1.82,0.6912,0.8581
42048,2020-07-05,2253,Peel Regional Health Unit,0.0188,1662.0,1.04,0.3724,0.6518
42049,2020-07-05,35,Ontario,0.0075,19280.0,1.3,0.4374,0.7086
42050,2020-07-05,2249,Northwestern Health Unit,0.0022,130.0,1.48,0.1436,0.3385
42051,2020-07-05,2247,North Bay Parry Sound District Health Unit,0.0045,220.0,1.7,0.0796,0.4868
42052,2020-07-05,2246,Niagara Regional Area Health Unit,0.0035,528.0,1.12,0.653,0.799
42053,2020-07-05,2244,Middlesex-London Health Unit,0.0033,690.0,1.36,0.4691,0.7975
42054,2020-07-05,2243,"Leeds, Grenville and Lanark District Health Unit",0.0009,320.0,1.85,0.3833,0.7544
42055,2020-07-05,2242,Lambton Health Unit,0.0016,183.0,1.4,0.1239,0.4408
42056,2020-07-05,2241,"Kingston, Frontenac and Lennox and Addington Health Unit",0.0038,525.0,2.47,0.7325,0.9169
42057,2020-07-05,5183,Huron Perth Health Unit,0.0017,251.0,1.79,0.1075,0.5054
42058,2020-07-05,2238,Hastings and Prince Edward Counties Health Unit,0.0004,338.0,2.01,0.2764,0.7598
42059,2020-07-05,2236,Halton Regional Health Unit,0.0061,565.0,0.91,0.3628,0.5427
42060,2020-07-05,2235,"Haliburton, Kawartha, Pine Ridge District Health Unit",0.0024,296.0,1.57,0.2203,0.6997
42061,2020-07-05,2234,Haldimand-Norfolk Health Unit,0.0012,119.0,1.04,0.2699,0.5789
42062,2020-07-05,2233,Grey Bruce Health Unit,0.0007,207.0,1.22,0.1984,0.6374
42063,2020-07-05,2258,Eastern Ontario Health Unit,0.0008,352.0,1.69,0.5068,0.884
42064,2020-07-05,2230,Durham Regional Health Unit,0.0043,763.0,1.07,0.4979,0.862
42065,2020-07-05,2226,District of Algoma Health Unit,0.0,138.0,1.21,0.1185,0.3277
42066,2020-07-05,3895,City of Toronto Health Unit,0.0132,3983.0,1.28,0.5482,0.7731
42067,2020-07-05,2251,City of Ottawa Health Unit,0.0033,1221.0,1.16,0.7697,0.9021
42068,2020-07-05,2237,City of Hamilton Health Unit,0.0045,660.0,1.11,0.5577,0.7374
42069,2020-07-05,2240,Chatham-Kent Health Unit,0.0082,122.0,1.15,0.4089,0.7612
42070,2020-07-05,2227,Brant County Health Unit,0.0025,168.0,1.08,0.2069,0.5389
42071,2020-07-04,2270,York Regional Health Unit,0.0109,1379.0,1.13,0.4611,0.7573
42072,2020-07-04,2268,Windsor-Essex County Health Unit,0.0144,615.0,1.45,0.1859,0.5645
42073,2020-07-04,2266,Wellington-Dufferin-Guelph Health Unit,0.004,533.0,1.71,0.0981,0.2486
42074,2020-07-04,2265,Waterloo Health Unit,0.0048,919.0,1.57,0.181,0.3707
42075,2020-07-04,2263,Timiskaming Health Unit,0.0,52.0,1.59,0.208,0.4311
42076,2020-07-04,2262,Thunder Bay District Health Unit,0.002,282.0,1.88,0.3462,0.7564
42077,2020-07-04,2261,Sudbury and District Health Unit,0.0,303.0,1.52,0.2554,0.6467
42078,2020-07-04,4913,Southwestern Public Health,0.0005,291.0,1.38,0.4675,0.7801
42079,2020-07-04,2260,Simcoe Muskoka District Health Unit,0.0033,866.0,1.45,0.2776,0.6545
42080,2020-07-04,2257,Renfrew County and District Health Unit,0.0011,136.0,1.25,0.5207,0.8474
42081,2020-07-04,2256,Porcupine Health Unit,0.0,128.0,1.54,0.4045,0.6409
42082,2020-07-04,2255,Peterborough County-City Health Unit,0.001,272.0,1.84,0.6013,0.8234
42083,2020-07-04,2253,Peel Regional Health Unit,0.0177,1672.0,1.04,0.3624,0.6272
42084,2020-07-04,35,Ontario,0.0075,19646.0,1.32,0.4072,0.6802
42085,2020-07-04,2249,Northwestern Health Unit,0.0021,137.0,1.56,0.1352,0.3466
42086,2020-07-04,2247,North Bay Parry Sound District Health Unit,0.0049,206.0,1.58,0.0634,0.4797
42087,2020-07-04,2246,Niagara Regional Area Health Unit,0.0045,536.0,1.13,0.5872,0.7239
42088,2020-07-04,2244,Middlesex-London Health Unit,0.0035,689.0,1.36,0.4017,0.7687
42089,2020-07-04,2243,"Leeds, Grenville and Lanark District Health Unit",0.0009,321.0,1.85,0.3876,0.738
42090,2020-07-04,2242,Lambton Health Unit,0.0015,185.0,1.42,0.1022,0.3898
42091,2020-07-04,2241,"Kingston, Frontenac and Lennox and Addington Health Unit",0.0041,597.0,2.81,0.6615,0.9093
42092,2020-07-04,5183,Huron Perth Health Unit,0.0017,251.0,1.8,0.0929,0.5181
42093,2020-07-04,2238,Hastings and Prince Edward Counties Health Unit,0.0004,350.0,2.07,0.2481,0.6645
42094,2020-07-04,2236,Halton Regional Health Unit,0.0065,575.0,0.93,0.3367,0.5097
42095,2020-07-04,2235,"Haliburton, Kawartha, Pine Ridge District Health Unit",0.0033,306.0,1.62,0.2213,0.6713
42096,2020-07-04,2234,Haldimand-Norfolk Health Unit,0.0011,128.0,1.12,0.2558,0.499
42097,2020-07-04,2233,Grey Bruce Health Unit,0.0006,220.0,1.3,0.1509,0.5737
42098,2020-07-04,2258,Eastern Ontario Health Unit,0.0008,361.0,1.73,0.5067,0.8812
42099,2020-07-04,2230,Durham Regional Health Unit,0.0043,773.0,1.08,0.4641,0.8273
42100,2020-07-04,2226,District of Algoma Health Unit,0.0,139.0,1.22,0.1074,0.2836
42101,2020-07-04,3895,City of Toronto Health Unit,0.0137,4012.0,1.29,0.5046,0.7398
42102,2020-07-04,2251,City of Ottawa Health Unit,0.0035,1248.0,1.18,0.7698,0.8985
42103,2020-07-04,2237,City of Hamilton Health Unit,0.0046,708.0,1.2,0.5327,0.7163
42104,2020-07-04,2240,Chatham-Kent Health Unit,0.0068,126.0,1.19,0.3221,0.6883
42105,2020-07-04,2227,Brant County Health Unit,0.0025,174.0,1.12,0.1939,0.4645
42106,2020-07-03,2270,York Regional Health Unit,0.0116,1380.0,1.13,0.4296,0.7351
42107,2020-07-03,2268,Windsor-Essex County Health Unit,0.0156,643.0,1.51,0.128,0.5441
42108,2020-07-03,2266,Wellington-Dufferin-Guelph Health Unit,0.0037,534.0,1.71,0.0987,0.2657
42109,2020-07-03,2265,Waterloo Health Unit,0.0054,960.0,1.64,0.1918,0.3622
42110,2020-07-03,2263,Timiskaming Health Unit,0.0,51.0,1.57,0.1767,0.4056
42111,2020-07-03,2262,Thunder Bay District Health Unit,0.0021,277.0,1.85,0.3274,0.7746
42112,2020-07-03,2261,Sudbury and District Health Unit,0.0,303.0,1.52,0.2391,0.559
42113,2020-07-03,4913,Southwestern Public Health,0.001,300.0,1.42,0.42,0.773
42114,2020-07-03,2260,Simcoe Muskoka District Health Unit,0.0032,895.0,1.49,0.2381,0.6143
42115,2020-07-03,2257,Renfrew County and District Health Unit,0.0011,134.0,1.24,0.4418,0.8274
42116,2020-07-03,2256,Porcupine Health Unit,0.0,128.0,1.53,0.3225,0.5606
42117,2020-07-03,2255,Peterborough County-City Health Unit,0.0011,272.0,1.84,0.4732,0.792
42118,2020-07-03,2253,Peel Regional Health Unit,0.0168,1703.0,1.06,0.3566,0.6266
42119,2020-07-03,35,Ontario,0.0077,19967.0,1.35,0.3772,0.6591
42120,2020-07-03,2249,Northwestern Health Unit,0.002,140.0,1.6,0.1277,0.3556
42121,2020-07-03,2247,North Bay Parry Sound District Health Unit,0.0049,205.0,1.58,0.0564,0.4367
42122,2020-07-03,2246,Niagara Regional Area Health Unit,0.0039,544.0,1.15,0.5068,0.6558
42123,2020-07-03,2244,Middlesex-London Health Unit,0.0037,692.0,1.36,0.3875,0.8057
42124,2020-07-03,2243,"Leeds, Grenville and Lanark District Health Unit",0.0009,322.0,1.86,0.3848,0.7338
42125,2020-07-03,2242,Lambton Health Unit,0.0015,186.0,1.42,0.0848,0.3518
42126,2020-07-03,2241,"Kingston, Frontenac and Lennox and Addington Health Unit",0.0039,657.0,3.09,0.628,0.9136
42127,2020-07-03,5183,Huron Perth Health Unit,0.0017,252.0,1.81,0.0866,0.5059
42128,2020-07-03,2238,Hastings and Prince Edward Counties Health Unit,0.0008,365.0,2.17,0.2477,0.6358
42129,2020-07-03,2236,Halton Regional Health Unit,0.0064,580.0,0.94,0.3017,0.4951
42130,2020-07-03,2235,"Haliburton, Kawartha, Pine Ridge District Health Unit",0.0032,315.0,1.67,0.181,0.5934
42131,2020-07-03,2234,Haldimand-Norfolk Health Unit,0.0011,126.0,1.11,0.2422,0.4721
42132,2020-07-03,2233,Grey Bruce Health Unit,0.0006,221.0,1.3,0.1219,0.5125
42133,2020-07-03,2258,Eastern Ontario Health Unit,0.0008,360.0,1.73,0.4845,0.8547
42134,2020-07-03,2230,Durham Regional Health Unit,0.0044,778.0,1.09,0.4021,0.7861
42135,2020-07-03,2226,District of Algoma Health Unit,0.0,140.0,1.22,0.0995,0.2476
42136,2020-07-03,3895,City of Toronto Health Unit,0.0141,4058.0,1.3,0.4644,0.7167
42137,2020-07-03,2251,City of Ottawa Health Unit,0.0039,1246.0,1.18,0.7583,0.8888
42138,2020-07-03,2237,City of Hamilton Health Unit,0.0055,730.0,1.23,0.5171,0.7001
42139,2020-07-03,2240,Chatham-Kent Health Unit,0.0112,127.0,1.2,0.245,0.6463
42140,2020-07-03,2227,Brant County Health Unit,0.0031,182.0,1.17,0.1765,0.4177
42141,2020-07-02,2270,York Regional Health Unit,0.0116,1415.0,1.15,0.3904,0.7364
42142,2020-07-02,2268,Windsor-Essex County Health Unit,0.0149,691.0,1.63,0.1072,0.597
42143,2020-07-02,2266,Wellington-Dufferin-Guelph Health Unit,0.0035,565.0,1.81,0.0962,0.3002
42144,2020-07-02,2265,Waterloo Health Unit,0.0056,991.0,1.7,0.2063,0.4365
42145,2020-07-02,2263,Timiskaming Health Unit,0.0,52.0,1.6,0.1148,0.3825
42146,2020-07-02,2262,Thunder Bay District Health Unit,0.0015,279.0,1.86,0.3327,0.8296
42147,2020-07-02,2261,Sudbury and District Health Unit,0.0004,321.0,1.62,0.2214,0.5676
42148,2020-07-02,4913,Southwestern Public Health,0.0009,307.0,1.45,0.3962,0.8131
42149,2020-07-02,2260,Simcoe Muskoka District Health Unit,0.0025,954.0,1.59,0.2029,0.6284
42150,2020-07-02,2257,Renfrew County and District Health Unit,0.001,137.0,1.26,0.3542,0.8151
42151,2020-07-02,2256,Porcupine Health Unit,0.0,128.0,1.53,0.3086,0.6024
42152,2020-07-02,2255,Peterborough County-City Health Unit,0.001,274.0,1.85,0.3598,0.7747
42153,2020-07-02,2253,Peel Regional Health Unit,0.0171,1794.0,1.12,0.3682,0.6736
42154,2020-07-02,35,Ontario,0.0077,20778.0,1.4,0.3497,0.6826
42155,2020-07-02,2249,Northwestern Health Unit,0.002,146.0,1.67,0.1217,0.3882
42156,2020-07-02,2247,North Bay Parry Sound District Health Unit,0.0044,260.0,2.01,0.0513,0.415
42157,2020-07-02,2246,Niagara Regional Area Health Unit,0.004,577.0,1.22,0.4922,0.6651
42158,2020-07-02,2244,Middlesex-London Health Unit,0.0036,748.0,1.47,0.3464,0.8647
42159,2020-07-02,2243,"Leeds, Grenville and Lanark District Health Unit",0.0009,326.0,1.88,0.3468,0.7673
42160,2020-07-02,2242,Lambton Health Unit,0.0014,203.0,1.55,0.0715,0.4493
42161,2020-07-02,2241,"Kingston, Frontenac and Lennox and Addington Health Unit",0.0038,755.0,3.55,0.6029,0.9205
42162,2020-07-02,5183,Huron Perth Health Unit,0.002,283.0,2.02,0.0812,0.5978
42163,2020-07-02,2238,Hastings and Prince Edward Counties Health Unit,0.0008,356.0,2.11,0.2094,0.6706
42164,2020-07-02,2236,Halton Regional Health Unit,0.0065,590.0,0.95,0.2833,0.5029
42165,2020-07-02,2235,"Haliburton, Kawartha, Pine Ridge District Health Unit",0.0036,321.0,1.7,0.1516,0.6278
42166,2020-07-02,2234,Haldimand-Norfolk Health Unit,0.0011,130.0,1.14,0.2172,0.5113
42167,2020-07-02,2233,Grey Bruce Health Unit,0.0012,238.0,1.4,0.1045,0.5136
42168,2020-07-02,2258,Eastern Ontario Health Unit,0.0004,364.0,1.74,0.4094,0.8578
42169,2020-07-02,2230,Durham Regional Health Unit,0.0049,786.0,1.1,0.3208,0.7674
42170,2020-07-02,2226,District of Algoma Health Unit,0.0,140.0,1.22,0.0918,0.2906
42171,2020-07-02,3895,City of Toronto Health Unit,0.0147,4100.0,1.31,0.4309,0.7363
42172,2020-07-02,2251,City of Ottawa Health Unit,0.0034,1275.0,1.21,0.7153,0.8941
42173,2020-07-02,2237,City of Hamilton Health Unit,0.006,787.0,1.33,0.5162,0.7398
42174,2020-07-02,2240,Chatham-Kent Health Unit,0.0088,130.0,1.23,0.208,0.6622
42175,2020-07-02,2227,Brant County Health Unit,0.0015,191.0,1.23,0.172,0.4119
42176,2020-07-01,2270,York Regional Health Unit,0.0109,1474.0,1.2,0.381,0.7331
42177,2020-07-01,2268,Windsor-Essex County Health Unit,0.0291,795.0,1.87,0.1098,0.6277
42178,2020-07-01,2266,Wellington-Dufferin-Guelph Health Unit,0.0039,581.0,1.86,0.1164,0.456
42179,2020-07-01,2265,Waterloo Health Unit,0.0057,1019.0,1.74,0.2177,0.4714
42180,2020-07-01,2263,Timiskaming Health Unit,0.0,60.0,1.83,0.1252,0.4555
42181,2020-07-01,2262,Thunder Bay District Health Unit,0.001,298.0,1.99,0.3046,0.827
42182,2020-07-01,2261,Sudbury and District Health Unit,0.0004,332.0,1.67,0.2222,0.5665
42183,2020-07-01,4913,Southwestern Public Health,0.0004,326.0,1.54,0.415,0.8245
42184,2020-07-01,2260,Simcoe Muskoka District Health Unit,0.0024,1053.0,1.76,0.2067,0.6477
42185,2020-07-01,2257,Renfrew County and District Health Unit,0.001,143.0,1.31,0.3163,0.7884
42186,2020-07-01,2256,Porcupine Health Unit,0.0,139.0,1.66,0.392,0.6667
42187,2020-07-01,2255,Peterborough County-City Health Unit,0.0005,292.0,1.97,0.4154,0.8107
42188,2020-07-01,2253,Peel Regional Health Unit,0.0155,1980.0,1.23,0.3929,0.6998
42189,2020-07-01,35,Ontario,0.008,22290.0,1.5,0.3529,0.7058
42190,2020-07-01,2249,Northwestern Health Unit,0.0016,174.0,1.98,0.1147,0.4647
42191,2020-07-01,2247,North Bay Parry Sound District Health Unit,0.0029,300.0,2.31,0.0603,0.3641
42192,2020-07-01,2246,Niagara Regional Area Health Unit,0.0037,703.0,1.49,0.5377,0.6984
42193,2020-07-01,2244,Middlesex-London Health Unit,0.0039,814.0,1.6,0.3527,0.8971
42194,2020-07-01,2243,"Leeds, Grenville and Lanark District Health Unit",0.0004,319.0,1.84,0.3596,0.7643
42195,2020-07-01,2242,Lambton Health Unit,0.0006,238.0,1.81,0.0594,0.4703
42196,2020-07-01,2241,"Kingston, Frontenac and Lennox and Addington Health Unit",0.0026,814.0,3.83,0.5718,0.9228
42197,2020-07-01,5183,Huron Perth Health Unit,0.0018,323.0,2.31,0.0838,0.6447
42198,2020-07-01,2238,Hastings and Prince Edward Counties Health Unit,0.0008,363.0,2.15,0.2257,0.7003
42199,2020-07-01,2236,Halton Regional Health Unit,0.0055,646.0,1.04,0.3116,0.558
42200,2020-07-01,2235,"Haliburton, Kawartha, Pine Ridge District Health Unit",0.003,338.0,1.79,0.1614,0.6866
42201,2020-07-01,2234,Haldimand-Norfolk Health Unit,0.0029,146.0,1.28,0.2409,0.5861
42202,2020-07-01,2233,Grey Bruce Health Unit,0.0005,267.0,1.57,0.1235,0.5634
42203,2020-07-01,2258,Eastern Ontario Health Unit,0.0004,382.0,1.83,0.4569,0.8635
42204,2020-07-01,2230,Durham Regional Health Unit,0.0047,816.0,1.15,0.3099,0.7316
42205,2020-07-01,2226,District of Algoma Health Unit,0.0,160.0,1.39,0.0973,0.296
42206,2020-07-01,3895,City of Toronto Health Unit,0.0153,4230.0,1.36,0.4115,0.7515
42207,2020-07-01,2251,City of Ottawa Health Unit,0.003,1347.0,1.28,0.6781,0.8962
42208,2020-07-01,2237,City of Hamilton Health Unit,0.0061,863.0,1.46,0.5414,0.7912
42209,2020-07-01,2240,Chatham-Kent Health Unit,0.01,157.0,1.47,0.2063,0.711
42210,2020-07-01,2227,Brant County Health Unit,0.002,219.0,1.41,0.1775,0.4299
42211,2020-06-30,2270,York Regional Health Unit,0.011,1583.0,1.29,0.3653,0.731
42212,2020-06-30,2268,Windsor-Essex County Health Unit,0.0295,921.0,2.17,0.0797,0.6304
42213,2020-06-30,2266,Wellington-Dufferin-Guelph Health Unit,0.0047,642.0,2.06,0.1369,0.4887
42214,2020-06-30,2265,Waterloo Health Unit,0.0062,1154.0,1.97,0.2258,0.4908
42215,2020-06-30,2263,Timiskaming Health Unit,0.0,73.0,2.24,0.1412,0.4668
42216,2020-06-30,2262,Thunder Bay District Health Unit,0.0008,345.0,2.3,0.2777,0.8261
42217,2020-06-30,2261,Sudbury and District Health Unit,0.0003,428.0,2.15,0.2596,0.5824
42218,2020-06-30,4913,Southwestern Public Health,0.0004,363.0,1.72,0.445,0.8317
42219,2020-06-30,2260,Simcoe Muskoka District Health Unit,0.0022,1262.0,2.1,0.2085,0.6367
42220,2020-06-30,2257,Renfrew County and District Health Unit,0.0009,161.0,1.48,0.2196,0.7424
42221,2020-06-30,2256,Porcupine Health Unit,0.0,187.0,2.24,0.4115,0.6773
42222,2020-06-30,2255,Peterborough County-City Health Unit,0.0004,365.0,2.46,0.4234,0.8057
42223,2020-06-30,2253,Peel Regional Health Unit,0.0152,2179.0,1.36,0.4091,0.718
42224,2020-06-30,35,Ontario,0.0079,25374.0,1.71,0.3534,0.7117
42225,2020-06-30,2249,Northwestern Health Unit,0.0013,213.0,2.43,0.1024,0.4719
42226,2020-06-30,2247,North Bay Parry Sound District Health Unit,0.0026,328.0,2.53,0.0583,0.3153
42227,2020-06-30,2246,Niagara Regional Area Health Unit,0.0028,908.0,1.92,0.542,0.7042
42228,2020-06-30,2244,Middlesex-London Health Unit,0.0041,900.0,1.77,0.3792,0.8956
42229,2020-06-30,2243,"Leeds, Grenville and Lanark District Health Unit",0.0004,376.0,2.17,0.3923,0.7763
42230,2020-06-30,2242,Lambton Health Unit,0.0005,304.0,2.32,0.0571,0.4826
42231,2020-06-30,2241,"Kingston, Frontenac and Lennox and Addington Health Unit",0.0034,804.0,3.78,0.5965,0.9226
42232,2020-06-30,5183,Huron Perth Health Unit,0.0011,387.0,2.77,0.0959,0.6233
42233,2020-06-30,2238,Hastings and Prince Edward Counties Health Unit,0.0007,405.0,2.4,0.2239,0.699
42234,2020-06-30,2236,Halton Regional Health Unit,0.006,695.0,1.12,0.332,0.57
42235,2020-06-30,2235,"Haliburton, Kawartha, Pine Ridge District Health Unit",0.0026,441.0,2.33,0.1533,0.675
42236,2020-06-30,2234,Haldimand-Norfolk Health Unit,0.0022,199.0,1.74,0.2611,0.6263
42237,2020-06-30,2233,Grey Bruce Health Unit,0.0009,305.0,1.8,0.1343,0.5753
42238,2020-06-30,2258,Eastern Ontario Health Unit,0.0006,490.0,2.35,0.5052,0.8706
42239,2020-06-30,2230,Durham Regional Health Unit,0.0048,973.0,1.37,0.3017,0.7159
42240,2020-06-30,2226,District of Algoma Health Unit,0.0,201.0,1.76,0.1454,0.3712
42241,2020-06-30,3895,City of Toronto Health Unit,0.0158,4631.0,1.48,0.3927,0.7654
42242,2020-06-30,2251,City of Ottawa Health Unit,0.0028,1515.0,1.44,0.6662,0.9018
42243,2020-06-30,2237,City of Hamilton Health Unit,0.0061,990.0,1.67,0.5461,0.8187
42244,2020-06-30,2240,Chatham-Kent Health Unit,0.0079,181.0,1.7,0.1919,0.729
42245,2020-06-30,2227,Brant County Health Unit,0.0033,260.0,1.67,0.1842,0.4473
42246,2020-06-29,2270,York Regional Health Unit,0.0108,1596.0,1.3,0.3463,0.7446
42247,2020-06-29,2268,Windsor-Essex County Health Unit,0.0305,889.0,2.09,0.1199,0.6696
42248,2020-06-29,2266,Wellington-Dufferin-Guelph Health Unit,0.0049,677.0,2.17,0.1499,0.5532
42249,2020-06-29,2265,Waterloo Health Unit,0.0063,1151.0,1.97,0.2293,0.4861
42250,2020-06-29,2263,Timiskaming Health Unit,0.0,87.0,2.66,0.1509,0.4855
42251,2020-06-29,2262,Thunder Bay District Health Unit,0.0008,356.0,2.37,0.2428,0.8219
42252,2020-06-29,2261,Sudbury and District Health Unit,0.0003,477.0,2.4,0.2609,0.5801
42253,2020-06-29,4913,Southwestern Public Health,0.0004,364.0,1.72,0.4542,0.8381
42254,2020-06-29,2260,Simcoe Muskoka District Health Unit,0.002,1361.0,2.27,0.2267,0.67
42255,2020-06-29,2257,Renfrew County and District Health Unit,0.0,151.0,1.39,0.2214,0.754
42256,2020-06-29,2256,Porcupine Health Unit,0.0,214.0,2.56,0.4313,0.6798
42257,2020-06-29,2255,Peterborough County-City Health Unit,0.0004,374.0,2.53,0.4154,0.7908
42258,2020-06-29,2253,Peel Regional Health Unit,0.0168,2178.0,1.36,0.4357,0.7471
42259,2020-06-29,35,Ontario,0.008,25985.0,1.75,0.3562,0.7206
42260,2020-06-29,2249,Northwestern Health Unit,0.0011,252.0,2.87,0.1026,0.473
42261,2020-06-29,2247,North Bay Parry Sound District Health Unit,0.0018,320.0,2.47,0.0688,0.3324
42262,2020-06-29,2246,Niagara Regional Area Health Unit,0.003,910.0,1.93,0.5591,0.7249
42263,2020-06-29,2244,Middlesex-London Health Unit,0.0038,904.0,1.78,0.4115,0.9025
42264,2020-06-29,2243,"Leeds, Grenville and Lanark District Health Unit",0.0004,360.0,2.08,0.4184,0.782
42265,2020-06-29,2242,Lambton Health Unit,0.0005,298.0,2.28,0.072,0.477
42266,2020-06-29,2241,"Kingston, Frontenac and Lennox and Addington Health Unit",0.0044,780.0,3.67,0.6021,0.9308
42267,2020-06-29,5183,Huron Perth Health Unit,0.0008,377.0,2.7,0.1078,0.641
42268,2020-06-29,2238,Hastings and Prince Edward Counties Health Unit,0.0011,392.0,2.33,0.2673,0.7494
42269,2020-06-29,2236,Halton Regional Health Unit,0.007,719.0,1.16,0.3053,0.5197
42270,2020-06-29,2235,"Haliburton, Kawartha, Pine Ridge District Health Unit",0.0023,443.0,2.34,0.1443,0.6485
42271,2020-06-29,2234,Haldimand-Norfolk Health Unit,0.0026,224.0,1.96,0.2992,0.6483
42272,2020-06-29,2233,Grey Bruce Health Unit,0.0009,319.0,1.88,0.1423,0.5875
42273,2020-06-29,2258,Eastern Ontario Health Unit,0.0006,506.0,2.43,0.5214,0.895
42274,2020-06-29,2230,Durham Regional Health Unit,0.0055,984.0,1.38,0.2572,0.6875
42275,2020-06-29,2226,District of Algoma Health Unit,0.0,235.0,2.06,0.1534,0.3641
42276,2020-06-29,3895,City of Toronto Health Unit,0.0157,4762.0,1.53,0.378,0.7675
42277,2020-06-29,2251,City of Ottawa Health Unit,0.0031,1587.0,1.5,0.6709,0.9185
42278,2020-06-29,2237,City of Hamilton Health Unit,0.0064,1070.0,1.81,0.5558,0.8341
42279,2020-06-29,2240,Chatham-Kent Health Unit,0.0051,198.0,1.86,0.1853,0.7196
42280,2020-06-29,2227,Brant County Health Unit,0.0033,262.0,1.69,0.2152,0.4743
42281,2020-06-28,2243,"Leeds, Grenville and Lanark District Health Unit",0.0004,340.0,1.96,0.4855,0.8968
42282,2020-06-28,2242,Lambton Health Unit,0.0,310.0,2.36,0.0761,0.5224
42283,2020-06-28,2241,"Kingston, Frontenac and Lennox and Addington Health Unit",0.0044,715.0,3.36,0.6445,0.9623
42284,2020-06-28,5183,Huron Perth Health Unit,0.0005,317.0,2.27,0.1259,0.7245
42285,2020-06-28,2238,Hastings and Prince Edward Counties Health Unit,0.0012,373.0,2.21,0.2847,0.7885
42286,2020-06-28,2236,Halton Regional Health Unit,0.0073,701.0,1.13,0.3069,0.5274
42287,2020-06-28,2235,"Haliburton, Kawartha, Pine Ridge District Health Unit",0.0026,436.0,2.31,0.144,0.6482
42288,2020-06-28,2234,Haldimand-Norfolk Health Unit,0.0025,231.0,2.03,0.323,0.6994
42289,2020-06-28,2233,Grey Bruce Health Unit,0.0028,303.0,1.79,0.1482,0.6167
42290,2020-06-28,2258,Eastern Ontario Health Unit,0.0003,475.0,2.27,0.5357,0.917
42291,2020-06-28,2230,Durham Regional Health Unit,0.0052,966.0,1.36,0.2536,0.6647
42292,2020-06-28,2226,District of Algoma Health Unit,0.0,248.0,2.17,0.1726,0.4
42293,2020-06-28,3895,City of Toronto Health Unit,0.0164,4742.0,1.52,0.3718,0.7743
42294,2020-06-28,2251,City of Ottawa Health Unit,0.0029,1573.0,1.49,0.6798,0.9369
42295,2020-06-28,2237,City of Hamilton Health Unit,0.0066,1075.0,1.82,0.5761,0.8598
42296,2020-06-28,2240,Chatham-Kent Health Unit,0.0056,205.0,1.93,0.2042,0.7461
42297,2020-06-28,2227,Brant County Health Unit,0.0033,262.0,1.69,0.2269,0.5188
42298,2020-06-28,2270,York Regional Health Unit,0.0097,1550.0,1.26,0.3372,0.754
42299,2020-06-28,2268,Windsor-Essex County Health Unit,0.0287,900.0,2.12,0.1366,0.7561
42300,2020-06-28,2266,Wellington-Dufferin-Guelph Health Unit,0.0053,625.0,2.0,0.1589,0.6081
42301,2020-06-28,2265,Waterloo Health Unit,0.0071,1112.0,1.9,0.1982,0.4461
42302,2020-06-28,2263,Timiskaming Health Unit,0.0,83.0,2.54,0.1679,0.5131
42303,2020-06-28,2262,Thunder Bay District Health Unit,0.0008,354.0,2.36,0.2087,0.812
42304,2020-06-28,2261,Sudbury and District Health Unit,0.0006,479.0,2.4,0.2898,0.62
42305,2020-06-28,4913,Southwestern Public Health,0.0012,358.0,1.69,0.4728,0.8453
42306,2020-06-28,2260,Simcoe Muskoka District Health Unit,0.0025,1389.0,2.32,0.2257,0.6929
42307,2020-06-28,2257,Renfrew County and District Health Unit,0.0,153.0,1.41,0.2052,0.7074
42308,2020-06-28,2256,Porcupine Health Unit,0.0,198.0,2.37,0.4358,0.705
42309,2020-06-28,2255,Peterborough County-City Health Unit,0.0,370.0,2.5,0.4229,0.7966
42310,2020-06-28,2253,Peel Regional Health Unit,0.018,2176.0,1.35,0.4393,0.7536
42311,2020-06-28,35,Ontario,0.0083,25591.0,1.73,0.3601,0.7352
42312,2020-06-28,2249,Northwestern Health Unit,0.0006,258.0,2.94,0.0942,0.4574
42313,2020-06-28,2247,North Bay Parry Sound District Health Unit,0.0004,323.0,2.49,0.0778,0.3734
42314,2020-06-28,2246,Niagara Regional Area Health Unit,0.0031,909.0,1.92,0.5964,0.7679
42315,2020-06-28,2244,Middlesex-London Health Unit,0.0039,872.0,1.72,0.3997,0.8642
42316,2020-06-27,2270,York Regional Health Unit,0.0107,1526.0,1.24,0.3222,0.7705
42317,2020-06-27,2268,Windsor-Essex County Health Unit,0.0293,882.0,2.08,0.1563,0.7812
42318,2020-06-27,2266,Wellington-Dufferin-Guelph Health Unit,0.0054,612.0,1.96,0.1556,0.6224
42319,2020-06-27,2265,Waterloo Health Unit,0.0074,1096.0,1.88,0.1961,0.4707
42320,2020-06-27,2263,Timiskaming Health Unit,0.0,81.0,2.49,0.1686,0.5556
42321,2020-06-27,2262,Thunder Bay District Health Unit,0.0009,336.0,2.24,0.2153,0.8403
42322,2020-06-27,2261,Sudbury and District Health Unit,0.0006,484.0,2.43,0.3187,0.7045
42323,2020-06-27,4913,Southwestern Public Health,0.0012,357.0,1.69,0.4633,0.8421
42324,2020-06-27,2260,Simcoe Muskoka District Health Unit,0.0026,1357.0,2.26,0.2117,0.7097
42325,2020-06-27,2257,Renfrew County and District Health Unit,0.0,153.0,1.41,0.1582,0.7594
42326,2020-06-27,2256,Porcupine Health Unit,0.0007,196.0,2.34,0.475,0.7282
42327,2020-06-27,2255,Peterborough County-City Health Unit,0.0,372.0,2.51,0.4629,0.8112
42328,2020-06-27,2253,Peel Regional Health Unit,0.0193,2147.0,1.34,0.4436,0.7751
42329,2020-06-27,35,Ontario,0.0085,25154.0,1.7,0.3658,0.7538
42330,2020-06-27,2249,Northwestern Health Unit,0.0005,260.0,2.97,0.1002,0.4773
42331,2020-06-27,2247,North Bay Parry Sound District Health Unit,0.0004,326.0,2.51,0.0835,0.4033
42332,2020-06-27,2246,Niagara Regional Area Health Unit,0.0027,907.0,1.92,0.64,0.8191
42333,2020-06-27,2244,Middlesex-London Health Unit,0.004,868.0,1.71,0.4513,0.8697
42334,2020-06-27,2243,"Leeds, Grenville and Lanark District Health Unit",0.0004,331.0,1.91,0.4482,0.9049
42335,2020-06-27,2242,Lambton Health Unit,0.0,308.0,2.35,0.121,0.5938
42336,2020-06-27,2241,"Kingston, Frontenac and Lennox and Addington Health Unit",0.0047,639.0,3.01,0.7255,0.9786
42337,2020-06-27,5183,Huron Perth Health Unit,0.0004,318.0,2.27,0.1526,0.7041
42338,2020-06-27,2238,Hastings and Prince Edward Counties Health Unit,0.0012,356.0,2.11,0.3172,0.8488
42339,2020-06-27,2236,Halton Regional Health Unit,0.0077,685.0,1.11,0.3042,0.5175
42340,2020-06-27,2235,"Haliburton, Kawartha, Pine Ridge District Health Unit",0.0029,439.0,2.32,0.1309,0.664
42341,2020-06-27,2234,Haldimand-Norfolk Health Unit,0.0025,224.0,1.97,0.338,0.7485
42342,2020-06-27,2233,Grey Bruce Health Unit,0.0029,292.0,1.72,0.1683,0.6865
42343,2020-06-27,2258,Eastern Ontario Health Unit,0.0003,469.0,2.25,0.5306,0.9128
42344,2020-06-27,2230,Durham Regional Health Unit,0.0052,961.0,1.35,0.2453,0.6541
42345,2020-06-27,2226,District of Algoma Health Unit,0.0,246.0,2.15,0.1807,0.4463
42346,2020-06-27,3895,City of Toronto Health Unit,0.0163,4639.0,1.49,0.3784,0.7958
42347,2020-06-27,2251,City of Ottawa Health Unit,0.0031,1565.0,1.48,0.658,0.9288
42348,2020-06-27,2237,City of Hamilton Health Unit,0.0069,1051.0,1.77,0.5915,0.8776
42349,2020-06-27,2240,Chatham-Kent Health Unit,0.0057,201.0,1.89,0.2243,0.7915
42350,2020-06-27,2227,Brant County Health Unit,0.0033,257.0,1.66,0.2231,0.5617
42351,2020-06-26,2270,York Regional Health Unit,0.0109,1524.0,1.24,0.2862,0.7656
42352,2020-06-26,2268,Windsor-Essex County Health Unit,0.0317,857.0,2.02,0.1929,0.783
42353,2020-06-26,2266,Wellington-Dufferin-Guelph Health Unit,0.0058,616.0,1.98,0.1591,0.6696
42354,2020-06-26,2265,Waterloo Health Unit,0.0075,1082.0,1.85,0.1758,0.4559
42355,2020-06-26,2263,Timiskaming Health Unit,0.0,83.0,2.53,0.1759,0.6125
42356,2020-06-26,2262,Thunder Bay District Health Unit,0.0008,345.0,2.3,0.1971,0.8085
42357,2020-06-26,2261,Sudbury and District Health Unit,0.0006,488.0,2.45,0.3238,0.7346
42358,2020-06-26,4913,Southwestern Public Health,0.0008,352.0,1.67,0.4771,0.8222
42359,2020-06-26,2260,Simcoe Muskoka District Health Unit,0.0031,1324.0,2.21,0.2273,0.7413
42360,2020-06-26,2257,Renfrew County and District Health Unit,0.0,155.0,1.43,0.1359,0.6359
42361,2020-06-26,2256,Porcupine Health Unit,0.0007,198.0,2.37,0.556,0.7993
42362,2020-06-26,2255,Peterborough County-City Health Unit,0.0,374.0,2.53,0.5983,0.8331
42363,2020-06-26,2253,Peel Regional Health Unit,0.0216,2113.0,1.32,0.4583,0.7766
42364,2020-06-26,35,Ontario,0.0089,24969.0,1.68,0.373,0.7659
42365,2020-06-26,2249,Northwestern Health Unit,0.0005,268.0,3.06,0.0917,0.4649
42366,2020-06-26,2247,North Bay Parry Sound District Health Unit,0.0004,332.0,2.56,0.0859,0.4212
42367,2020-06-26,2246,Niagara Regional Area Health Unit,0.0032,897.0,1.9,0.7536,0.917
42368,2020-06-26,2244,Middlesex-London Health Unit,0.0038,874.0,1.72,0.4576,0.8331
42369,2020-06-26,2243,"Leeds, Grenville and Lanark District Health Unit",0.0004,327.0,1.89,0.4262,0.898
42370,2020-06-26,2242,Lambton Health Unit,0.0004,324.0,2.48,0.1238,0.6141
42371,2020-06-26,2241,"Kingston, Frontenac and Lennox and Addington Health Unit",0.0047,580.0,2.73,0.756,0.9757
42372,2020-06-26,5183,Huron Perth Health Unit,0.0004,320.0,2.29,0.1548,0.6728
42373,2020-06-26,2238,Hastings and Prince Edward Counties Health Unit,0.0008,347.0,2.06,0.2979,0.8612
42374,2020-06-26,2236,Halton Regional Health Unit,0.0071,701.0,1.13,0.3458,0.5367
42375,2020-06-26,2235,"Haliburton, Kawartha, Pine Ridge District Health Unit",0.0029,438.0,2.32,0.1565,0.7168
42376,2020-06-26,2234,Haldimand-Norfolk Health Unit,0.0025,224.0,1.96,0.3706,0.8782
42377,2020-06-26,2233,Grey Bruce Health Unit,0.0029,292.0,1.72,0.1713,0.7434
42378,2020-06-26,2258,Eastern Ontario Health Unit,0.0003,467.0,2.24,0.5331,0.9267
42379,2020-06-26,2230,Durham Regional Health Unit,0.0055,955.0,1.34,0.2469,0.6538
42380,2020-06-26,2226,District of Algoma Health Unit,0.0,247.0,2.16,0.194,0.4769
42381,2020-06-26,3895,City of Toronto Health Unit,0.0166,4594.0,1.47,0.3886,0.8162
42382,2020-06-26,2251,City of Ottawa Health Unit,0.0034,1572.0,1.49,0.6413,0.9297
42383,2020-06-26,2237,City of Hamilton Health Unit,0.0068,1033.0,1.74,0.5853,0.8966
42384,2020-06-26,2240,Chatham-Kent Health Unit,0.0028,203.0,1.91,0.2403,0.7992
42385,2020-06-26,2227,Brant County Health Unit,0.0033,256.0,1.65,0.2567,0.6241
42386,2020-06-25,2270,York Regional Health Unit,0.0112,1490.0,1.22,0.2716,0.7657
42387,2020-06-25,2268,Windsor-Essex County Health Unit,0.0377,785.0,1.85,0.1919,0.7508
42388,2020-06-25,2266,Wellington-Dufferin-Guelph Health Unit,0.0062,601.0,1.93,0.1481,0.6866
42389,2020-06-25,2265,Waterloo Health Unit,0.0075,1092.0,1.87,0.1634,0.416
42390,2020-06-25,2263,Timiskaming Health Unit,0.0,79.0,2.43,0.1971,0.6764
42391,2020-06-25,2262,Thunder Bay District Health Unit,0.0012,346.0,2.31,0.178,0.8037
42392,2020-06-25,2261,Sudbury and District Health Unit,0.0006,478.0,2.4,0.3108,0.7057
42393,2020-06-25,4913,Southwestern Public Health,0.0008,366.0,1.73,0.4661,0.8161
42394,2020-06-25,2260,Simcoe Muskoka District Health Unit,0.0039,1279.0,2.13,0.2556,0.7664
42395,2020-06-25,2257,Renfrew County and District Health Unit,0.0007,206.0,1.89,0.1286,0.6156
42396,2020-06-25,2256,Porcupine Health Unit,0.0007,200.0,2.39,0.5893,0.8055
42397,2020-06-25,2255,Peterborough County-City Health Unit,0.0,378.0,2.55,0.6764,0.8659
42398,2020-06-25,2253,Peel Regional Health Unit,0.0227,2067.0,1.29,0.4714,0.7628
42399,2020-06-25,35,Ontario,0.0093,24373.0,1.64,0.3809,0.7662
42400,2020-06-25,2249,Northwestern Health Unit,0.001,279.0,3.18,0.08,0.41
42401,2020-06-25,2247,North Bay Parry Sound District Health Unit,0.0,298.0,2.3,0.0888,0.4306
42402,2020-06-25,2246,Niagara Regional Area Health Unit,0.0035,852.0,1.8,0.741,0.9118
42403,2020-06-25,2244,Middlesex-London Health Unit,0.0042,813.0,1.6,0.4723,0.8039
42404,2020-06-25,2243,"Leeds, Grenville and Lanark District Health Unit",0.0004,330.0,1.9,0.4234,0.8543
42405,2020-06-25,2242,Lambton Health Unit,0.0009,307.0,2.35,0.1258,0.5713
42406,2020-06-25,2241,"Kingston, Frontenac and Lennox and Addington Health Unit",0.0049,469.0,2.21,0.7813,0.9729
42407,2020-06-25,5183,Huron Perth Health Unit,0.0005,287.0,2.06,0.1777,0.6156
42408,2020-06-25,2238,Hastings and Prince Edward Counties Health Unit,0.0004,343.0,2.03,0.3211,0.875
42409,2020-06-25,2236,Halton Regional Health Unit,0.0067,681.0,1.1,0.3583,0.5858
42410,2020-06-25,2235,"Haliburton, Kawartha, Pine Ridge District Health Unit",0.0029,441.0,2.34,0.1861,0.7433
42411,2020-06-25,2234,Haldimand-Norfolk Health Unit,0.0027,211.0,1.85,0.3987,0.8965
42412,2020-06-25,2233,Grey Bruce Health Unit,0.004,286.0,1.68,0.1723,0.7483
42413,2020-06-25,2258,Eastern Ontario Health Unit,0.0003,451.0,2.16,0.5746,0.9488
42414,2020-06-25,2230,Durham Regional Health Unit,0.0053,948.0,1.33,0.2545,0.6402
42415,2020-06-25,2226,District of Algoma Health Unit,0.0,257.0,2.24,0.2771,0.5159
42416,2020-06-25,3895,City of Toronto Health Unit,0.0169,4530.0,1.45,0.4065,0.8333
42417,2020-06-25,2251,City of Ottawa Health Unit,0.0033,1580.0,1.5,0.6371,0.9301
42418,2020-06-25,2237,City of Hamilton Health Unit,0.0065,982.0,1.66,0.5755,0.8749
42419,2020-06-25,2240,Chatham-Kent Health Unit,0.0028,203.0,1.91,0.2452,0.7921
42420,2020-06-25,2227,Brant County Health Unit,0.0034,255.0,1.64,0.2626,0.6778
42421,2020-06-24,2270,York Regional Health Unit,0.0114,1472.0,1.2,0.2676,0.7736
42422,2020-06-24,2268,Windsor-Essex County Health Unit,0.0249,660.0,1.55,0.1848,0.7005
42423,2020-06-24,2266,Wellington-Dufferin-Guelph Health Unit,0.0064,582.0,1.87,0.1496,0.6666
42424,2020-06-24,2265,Waterloo Health Unit,0.0075,1083.0,1.85,0.1612,0.4347
42425,2020-06-24,2263,Timiskaming Health Unit,0.0,73.0,2.23,0.1894,0.6351
42426,2020-06-24,2262,Thunder Bay District Health Unit,0.0012,344.0,2.29,0.1698,0.7871
42427,2020-06-24,2261,Sudbury and District Health Unit,0.0006,457.0,2.3,0.3453,0.7162
42428,2020-06-24,4913,Southwestern Public Health,0.0012,364.0,1.72,0.4172,0.8182
42429,2020-06-24,2260,Simcoe Muskoka District Health Unit,0.0049,1199.0,2.0,0.251,0.7461
42430,2020-06-24,2257,Renfrew County and District Health Unit,0.0008,187.0,1.72,0.1357,0.6214
42431,2020-06-24,2256,Porcupine Health Unit,0.0007,195.0,2.33,0.5141,0.7492
42432,2020-06-24,2255,Peterborough County-City Health Unit,0.0008,356.0,2.41,0.6112,0.8746
42433,2020-06-24,2253,Peel Regional Health Unit,0.0256,1880.0,1.17,0.4683,0.7639
42434,2020-06-24,35,Ontario,0.0094,23124.0,1.56,0.3855,0.7637
42435,2020-06-24,2249,Northwestern Health Unit,0.0026,271.0,3.09,0.0792,0.3491
42436,2020-06-24,2247,North Bay Parry Sound District Health Unit,0.0,252.0,1.94,0.1503,0.4515
42437,2020-06-24,2246,Niagara Regional Area Health Unit,0.0039,739.0,1.56,0.7066,0.8814
42438,2020-06-24,2244,Middlesex-London Health Unit,0.0037,769.0,1.52,0.457,0.7921
42439,2020-06-24,2243,"Leeds, Grenville and Lanark District Health Unit",0.0004,337.0,1.95,0.4681,0.849
42440,2020-06-24,2242,Lambton Health Unit,0.0027,268.0,2.04,0.1334,0.5644
42441,2020-06-24,2241,"Kingston, Frontenac and Lennox and Addington Health Unit",0.005,371.0,1.74,0.7838,0.9653
42442,2020-06-24,5183,Huron Perth Health Unit,0.0006,244.0,1.75,0.1862,0.5942
42443,2020-06-24,2238,Hastings and Prince Edward Counties Health Unit,0.0008,348.0,2.07,0.3035,0.883
42444,2020-06-24,2236,Halton Regional Health Unit,0.0069,618.0,1.0,0.3561,0.5646
42445,2020-06-24,2235,"Haliburton, Kawartha, Pine Ridge District Health Unit",0.0027,424.0,2.25,0.2048,0.7075
42446,2020-06-24,2234,Haldimand-Norfolk Health Unit,0.0014,204.0,1.79,0.3967,0.8913
42447,2020-06-24,2233,Grey Bruce Health Unit,0.0043,268.0,1.58,0.1522,0.6612
42448,2020-06-24,2258,Eastern Ontario Health Unit,0.0007,434.0,2.08,0.5924,0.9398
42449,2020-06-24,2230,Durham Regional Health Unit,0.0055,936.0,1.31,0.2569,0.6524
42450,2020-06-24,2226,District of Algoma Health Unit,0.0,256.0,2.24,0.2939,0.5361
42451,2020-06-24,3895,City of Toronto Health Unit,0.0178,4413.0,1.41,0.4355,0.8447
42452,2020-06-24,2251,City of Ottawa Health Unit,0.0033,1571.0,1.49,0.6565,0.9334
42453,2020-06-24,2237,City of Hamilton Health Unit,0.0074,926.0,1.56,0.5503,0.8673
42454,2020-06-24,2240,Chatham-Kent Health Unit,0.0015,192.0,1.8,0.2699,0.7811
42455,2020-06-24,2227,Brant County Health Unit,0.0024,239.0,1.54,0.2377,0.7016
42456,2020-06-23,2270,York Regional Health Unit,0.0108,1488.0,1.21,0.2544,0.7506
42457,2020-06-23,2268,Windsor-Essex County Health Unit,0.0245,560.0,1.32,0.1915,0.6709
42458,2020-06-23,2266,Wellington-Dufferin-Guelph Health Unit,0.0073,589.0,1.89,0.1235,0.6755
42459,2020-06-23,2265,Waterloo Health Unit,0.0072,1016.0,1.74,0.1561,0.4432
42460,2020-06-23,2263,Timiskaming Health Unit,0.0,67.0,2.05,0.1471,0.6029
42461,2020-06-23,2262,Thunder Bay District Health Unit,0.0013,328.0,2.19,0.1841,0.771
42462,2020-06-23,2261,Sudbury and District Health Unit,0.0013,429.0,2.16,0.3368,0.7062
42463,2020-06-23,4913,Southwestern Public Health,0.0012,368.0,1.74,0.3754,0.816
42464,2020-06-23,2260,Simcoe Muskoka District Health Unit,0.0057,1080.0,1.8,0.2311,0.725
42465,2020-06-23,2257,Renfrew County and District Health Unit,0.0007,216.0,1.99,0.1106,0.6176
42466,2020-06-23,2256,Porcupine Health Unit,0.0009,165.0,1.97,0.5054,0.7183
42467,2020-06-23,2255,Peterborough County-City Health Unit,0.0008,349.0,2.36,0.5766,0.8727
42468,2020-06-23,2253,Peel Regional Health Unit,0.0277,1770.0,1.1,0.4648,0.7627
42469,2020-06-23,35,Ontario,0.0098,21886.0,1.48,0.3771,0.7541
42470,2020-06-23,2249,Northwestern Health Unit,0.0028,259.0,2.96,0.0874,0.3051
42471,2020-06-23,2247,North Bay Parry Sound District Health Unit,0.0,256.0,1.97,0.1719,0.5149
42472,2020-06-23,2246,Niagara Regional Area Health Unit,0.0042,615.0,1.3,0.6727,0.8703
42473,2020-06-23,2244,Middlesex-London Health Unit,0.0031,737.0,1.45,0.4137,0.7961
42474,2020-06-23,2243,"Leeds, Grenville and Lanark District Health Unit",0.0,316.0,1.82,0.4735,0.8355
42475,2020-06-23,2242,Lambton Health Unit,0.0031,230.0,1.76,0.1389,0.5734
42476,2020-06-23,2241,"Kingston, Frontenac and Lennox and Addington Health Unit",0.0039,291.0,1.37,0.7652,0.955
42477,2020-06-23,5183,Huron Perth Health Unit,0.0007,196.0,1.41,0.1652,0.5843
42478,2020-06-23,2238,Hastings and Prince Edward Counties Health Unit,0.0009,330.0,1.96,0.3135,0.8885
42479,2020-06-23,2236,Halton Regional Health Unit,0.0063,612.0,0.99,0.3415,0.5521
42480,2020-06-23,2235,"Haliburton, Kawartha, Pine Ridge District Health Unit",0.0034,379.0,2.0,0.2048,0.7146
42481,2020-06-23,2234,Haldimand-Norfolk Health Unit,0.0017,168.0,1.47,0.3539,0.8618
42482,2020-06-23,2233,Grey Bruce Health Unit,0.0052,249.0,1.47,0.1365,0.6278
42483,2020-06-23,2258,Eastern Ontario Health Unit,0.0025,406.0,1.94,0.603,0.9322
42484,2020-06-23,2230,Durham Regional Health Unit,0.006,884.0,1.24,0.2381,0.6504
42485,2020-06-23,2226,District of Algoma Health Unit,0.0006,237.0,2.07,0.3421,0.5142
42486,2020-06-23,3895,City of Toronto Health Unit,0.0187,4317.0,1.38,0.4415,0.8301
42487,2020-06-23,2251,City of Ottawa Health Unit,0.0039,1544.0,1.46,0.6724,0.9327
42488,2020-06-23,2237,City of Hamilton Health Unit,0.0077,855.0,1.44,0.5246,0.8478
42489,2020-06-23,2240,Chatham-Kent Health Unit,0.0031,185.0,1.74,0.2547,0.7387
42490,2020-06-23,2227,Brant County Health Unit,0.0013,214.0,1.38,0.2349,0.6921
42491,2020-06-22,2270,York Regional Health Unit,0.0105,1475.0,1.2,0.2491,0.723
42492,2020-06-22,2268,Windsor-Essex County Health Unit,0.0281,544.0,1.28,0.1412,0.6195
42493,2020-06-22,2266,Wellington-Dufferin-Guelph Health Unit,0.0072,556.0,1.78,0.1145,0.6131
42494,2020-06-22,2265,Waterloo Health Unit,0.0075,1016.0,1.74,0.1403,0.4339
42495,2020-06-22,2263,Timiskaming Health Unit,0.0,54.0,1.64,0.1361,0.534
42496,2020-06-22,2262,Thunder Bay District Health Unit,0.0023,306.0,2.04,0.2047,0.7681
42497,2020-06-22,2261,Sudbury and District Health Unit,0.0021,415.0,2.08,0.3475,0.7001
42498,2020-06-22,4913,Southwestern Public Health,0.0011,385.0,1.82,0.3472,0.7566
42499,2020-06-22,2260,Simcoe Muskoka District Health Unit,0.0072,953.0,1.59,0.1902,0.6752
42500,2020-06-22,2257,Renfrew County and District Health Unit,0.0007,213.0,1.96,0.1093,0.6018
42501,2020-06-22,2256,Porcupine Health Unit,0.001,150.0,1.8,0.4799,0.714
42502,2020-06-22,2255,Peterborough County-City Health Unit,0.0008,365.0,2.47,0.5969,0.8844
42503,2020-06-22,2253,Peel Regional Health Unit,0.0276,1781.0,1.11,0.4473,0.753
42504,2020-06-22,35,Ontario,0.0102,21172.0,1.43,0.3643,0.7344
42505,2020-06-22,2249,Northwestern Health Unit,0.0034,253.0,2.89,0.0956,0.3168
42506,2020-06-22,2247,North Bay Parry Sound District Health Unit,0.0,235.0,1.81,0.149,0.466
42507,2020-06-22,2246,Niagara Regional Area Health Unit,0.0042,611.0,1.29,0.606,0.789
42508,2020-06-22,2244,Middlesex-London Health Unit,0.0039,738.0,1.45,0.3857,0.7687
42509,2020-06-22,2243,"Leeds, Grenville and Lanark District Health Unit",0.0,313.0,1.81,0.4602,0.8064
42510,2020-06-22,2242,Lambton Health Unit,0.0044,228.0,1.74,0.1118,0.5041
42511,2020-06-22,2241,"Kingston, Frontenac and Lennox and Addington Health Unit",0.0016,275.0,1.29,0.771,0.9531
42512,2020-06-22,5183,Huron Perth Health Unit,0.0015,188.0,1.35,0.1526,0.5631
42513,2020-06-22,2238,Hastings and Prince Edward Counties Health Unit,0.0009,335.0,1.99,0.3187,0.8862
42514,2020-06-22,2236,Halton Regional Health Unit,0.0049,578.0,0.93,0.3685,0.6105
42515,2020-06-22,2235,"Haliburton, Kawartha, Pine Ridge District Health Unit",0.0041,348.0,1.84,0.226,0.7233
42516,2020-06-22,2234,Haldimand-Norfolk Health Unit,0.0,150.0,1.31,0.2985,0.7877
42517,2020-06-22,2233,Grey Bruce Health Unit,0.0056,230.0,1.35,0.1195,0.592
42518,2020-06-22,2258,Eastern Ontario Health Unit,0.003,386.0,1.85,0.5656,0.8891
42519,2020-06-22,2230,Durham Regional Health Unit,0.006,887.0,1.25,0.2267,0.635
42520,2020-06-22,2226,District of Algoma Health Unit,0.0007,219.0,1.91,0.3362,0.523
42521,2020-06-22,3895,City of Toronto Health Unit,0.0195,4116.0,1.32,0.4394,0.8257
42522,2020-06-22,2251,City of Ottawa Health Unit,0.0044,1465.0,1.39,0.6825,0.929
42523,2020-06-22,2237,City of Hamilton Health Unit,0.0067,834.0,1.41,0.483,0.8027
42524,2020-06-22,2240,Chatham-Kent Health Unit,0.0043,168.0,1.58,0.2418,0.7049
42525,2020-06-22,2227,Brant County Health Unit,0.0013,225.0,1.45,0.2086,0.6688
42526,2020-06-21,2270,York Regional Health Unit,0.0111,1448.0,1.18,0.2518,0.7071
42527,2020-06-21,2268,Windsor-Essex County Health Unit,0.0306,517.0,1.22,0.1145,0.5103
42528,2020-06-21,2266,Wellington-Dufferin-Guelph Health Unit,0.008,608.0,1.95,0.1256,0.6128
42529,2020-06-21,2265,Waterloo Health Unit,0.0083,1020.0,1.75,0.1839,0.535
42530,2020-06-21,2263,Timiskaming Health Unit,0.0,52.0,1.59,0.1163,0.4698
42531,2020-06-21,2262,Thunder Bay District Health Unit,0.0021,274.0,1.83,0.2379,0.7773
42532,2020-06-21,2261,Sudbury and District Health Unit,0.0018,399.0,2.01,0.342,0.6873
42533,2020-06-21,4913,Southwestern Public Health,0.0004,402.0,1.9,0.3271,0.7229
42534,2020-06-21,2260,Simcoe Muskoka District Health Unit,0.0075,927.0,1.55,0.1944,0.6506
42535,2020-06-21,2257,Renfrew County and District Health Unit,0.0006,225.0,2.07,0.1118,0.5989
42536,2020-06-21,2256,Porcupine Health Unit,0.0009,157.0,1.88,0.5048,0.7359
42537,2020-06-21,2255,Peterborough County-City Health Unit,0.0007,395.0,2.67,0.5904,0.8786
42538,2020-06-21,2253,Peel Regional Health Unit,0.0265,1765.0,1.1,0.4369,0.7504
42539,2020-06-21,35,Ontario,0.0104,21029.0,1.42,0.3603,0.7187
42540,2020-06-21,2249,Northwestern Health Unit,0.0049,260.0,2.97,0.0965,0.307
42541,2020-06-21,2247,North Bay Parry Sound District Health Unit,0.0007,220.0,1.69,0.146,0.4399
42542,2020-06-21,2246,Niagara Regional Area Health Unit,0.0044,645.0,1.36,0.5418,0.7101
42543,2020-06-21,2244,Middlesex-London Health Unit,0.0045,765.0,1.51,0.3862,0.7606
42544,2020-06-21,2243,"Leeds, Grenville and Lanark District Health Unit",0.0,312.0,1.8,0.4312,0.7765
42545,2020-06-21,2242,Lambton Health Unit,0.0065,220.0,1.68,0.1059,0.4639
42546,2020-06-21,2241,"Kingston, Frontenac and Lennox and Addington Health Unit",0.001,285.0,1.34,0.7373,0.9291
42547,2020-06-21,5183,Huron Perth Health Unit,0.0014,204.0,1.46,0.1292,0.4822
42548,2020-06-21,2238,Hastings and Prince Edward Counties Health Unit,0.0013,336.0,1.99,0.3162,0.878
42549,2020-06-21,2236,Halton Regional Health Unit,0.0049,581.0,0.94,0.3338,0.5468
42550,2020-06-21,2235,"Haliburton, Kawartha, Pine Ridge District Health Unit",0.0032,361.0,1.91,0.2312,0.7304
42551,2020-06-21,2234,Haldimand-Norfolk Health Unit,0.004,144.0,1.26,0.2831,0.7462
42552,2020-06-21,2233,Grey Bruce Health Unit,0.0041,244.0,1.44,0.1116,0.5668
42553,2020-06-21,2258,Eastern Ontario Health Unit,0.0037,382.0,1.83,0.5509,0.8734
42554,2020-06-21,2230,Durham Regional Health Unit,0.0068,889.0,1.25,0.2241,0.6215
42555,2020-06-21,2226,District of Algoma Health Unit,0.0007,197.0,1.72,0.3156,0.4873
42556,2020-06-21,3895,City of Toronto Health Unit,0.02,3983.0,1.28,0.4481,0.8201
42557,2020-06-21,2251,City of Ottawa Health Unit,0.0044,1436.0,1.36,0.6842,0.9239
42558,2020-06-21,2237,City of Hamilton Health Unit,0.0076,824.0,1.39,0.4599,0.776
42559,2020-06-21,2240,Chatham-Kent Health Unit,0.0052,165.0,1.55,0.2178,0.6512
42560,2020-06-21,2227,Brant County Health Unit,0.0013,218.0,1.41,0.2025,0.6423
42561,2020-06-20,2270,York Regional Health Unit,0.0109,1454.0,1.19,0.2709,0.7088
42562,2020-06-20,2268,Windsor-Essex County Health Unit,0.0317,518.0,1.22,0.0955,0.4571
42563,2020-06-20,2266,Wellington-Dufferin-Guelph Health Unit,0.0093,612.0,1.96,0.1286,0.6
42564,2020-06-20,2265,Waterloo Health Unit,0.0079,1032.0,1.77,0.1615,0.5094
42565,2020-06-20,2263,Timiskaming Health Unit,0.0,51.0,1.56,0.1295,0.4793
42566,2020-06-20,2262,Thunder Bay District Health Unit,0.0027,269.0,1.8,0.2605,0.7926
42567,2020-06-20,2261,Sudbury and District Health Unit,0.0018,388.0,1.95,0.3212,0.6517
42568,2020-06-20,4913,Southwestern Public Health,0.0004,396.0,1.87,0.3244,0.6989
42569,2020-06-20,2260,Simcoe Muskoka District Health Unit,0.0085,944.0,1.57,0.2057,0.6249
42570,2020-06-20,2257,Renfrew County and District Health Unit,0.0006,231.0,2.12,0.1322,0.539
42571,2020-06-20,2256,Porcupine Health Unit,0.0,160.0,1.92,0.4922,0.7176
42572,2020-06-20,2255,Peterborough County-City Health Unit,0.0007,392.0,2.65,0.5519,0.869
42573,2020-06-20,2253,Peel Regional Health Unit,0.0264,1762.0,1.1,0.4346,0.7482
42574,2020-06-20,35,Ontario,0.0109,21089.0,1.42,0.3596,0.7075
42575,2020-06-20,2249,Northwestern Health Unit,0.0055,262.0,2.99,0.0933,0.3189
42576,2020-06-20,2247,North Bay Parry Sound District Health Unit,0.002,216.0,1.66,0.1459,0.4598
42577,2020-06-20,2246,Niagara Regional Area Health Unit,0.0047,636.0,1.35,0.5297,0.7028
42578,2020-06-20,2244,Middlesex-London Health Unit,0.0048,771.0,1.52,0.3646,0.7661
42579,2020-06-20,2243,"Leeds, Grenville and Lanark District Health Unit",0.0005,310.0,1.79,0.4385,0.7327
42580,2020-06-20,2242,Lambton Health Unit,0.0065,219.0,1.67,0.0668,0.4067
42581,2020-06-20,2241,"Kingston, Frontenac and Lennox and Addington Health Unit",0.0,276.0,1.3,0.7319,0.9187
42582,2020-06-20,5183,Huron Perth Health Unit,0.0014,202.0,1.45,0.1154,0.4918
42583,2020-06-20,2238,Hastings and Prince Edward Counties Health Unit,0.0017,338.0,2.01,0.2909,0.9172
42584,2020-06-20,2236,Halton Regional Health Unit,0.0052,575.0,0.93,0.3293,0.567
42585,2020-06-20,2235,"Haliburton, Kawartha, Pine Ridge District Health Unit",0.002,360.0,1.9,0.2309,0.7148
42586,2020-06-20,2234,Haldimand-Norfolk Health Unit,0.0038,148.0,1.3,0.2519,0.6959
42587,2020-06-20,2233,Grey Bruce Health Unit,0.004,247.0,1.46,0.1177,0.5312
42588,2020-06-20,2258,Eastern Ontario Health Unit,0.0037,384.0,1.84,0.5341,0.8263
42589,2020-06-20,2230,Durham Regional Health Unit,0.0072,893.0,1.25,0.2282,0.604
42590,2020-06-20,2226,District of Algoma Health Unit,0.0007,194.0,1.7,0.2862,0.5163
42591,2020-06-20,3895,City of Toronto Health Unit,0.0216,4034.0,1.29,0.4652,0.819
42592,2020-06-20,2251,City of Ottawa Health Unit,0.0045,1429.0,1.36,0.7083,0.9261
42593,2020-06-20,2237,City of Hamilton Health Unit,0.0077,832.0,1.41,0.4487,0.763
42594,2020-06-20,2240,Chatham-Kent Health Unit,0.0052,163.0,1.54,0.2004,0.6448
42595,2020-06-20,2227,Brant County Health Unit,0.0013,218.0,1.41,0.1957,0.5957
42596,2020-06-19,2270,York Regional Health Unit,0.0105,1439.0,1.17,0.3189,0.7177
42597,2020-06-19,2268,Windsor-Essex County Health Unit,0.0286,510.0,1.2,0.0681,0.4516
42598,2020-06-19,2266,Wellington-Dufferin-Guelph Health Unit,0.0091,610.0,1.96,0.1348,0.6032
42599,2020-06-19,2265,Waterloo Health Unit,0.0082,1008.0,1.72,0.1677,0.5525
42600,2020-06-19,2263,Timiskaming Health Unit,0.0,50.0,1.53,0.1488,0.4744
42601,2020-06-19,2262,Thunder Bay District Health Unit,0.0027,265.0,1.77,0.2968,0.8428
42602,2020-06-19,2261,Sudbury and District Health Unit,0.0019,374.0,1.88,0.308,0.6489
42603,2020-06-19,4913,Southwestern Public Health,0.0004,396.0,1.87,0.3179,0.7194
42604,2020-06-19,2260,Simcoe Muskoka District Health Unit,0.0082,946.0,1.58,0.2168,0.6083
42605,2020-06-19,2257,Renfrew County and District Health Unit,0.0006,232.0,2.14,0.1786,0.6374
42606,2020-06-19,2256,Porcupine Health Unit,0.0,157.0,1.88,0.4636,0.7045
42607,2020-06-19,2255,Peterborough County-City Health Unit,0.0007,392.0,2.65,0.4959,0.8893
42608,2020-06-19,2253,Peel Regional Health Unit,0.0238,1781.0,1.11,0.429,0.7543
42609,2020-06-19,35,Ontario,0.0109,20948.0,1.41,0.3657,0.7087
42610,2020-06-19,2249,Northwestern Health Unit,0.006,262.0,2.99,0.0969,0.3617
42611,2020-06-19,2247,North Bay Parry Sound District Health Unit,0.0021,207.0,1.6,0.1318,0.5304
42612,2020-06-19,2246,Niagara Regional Area Health Unit,0.0043,632.0,1.34,0.5108,0.6765
42613,2020-06-19,2244,Middlesex-London Health Unit,0.006,787.0,1.55,0.3364,0.7744
42614,2020-06-19,2243,"Leeds, Grenville and Lanark District Health Unit",0.0009,307.0,1.77,0.4753,0.7193
42615,2020-06-19,2242,Lambton Health Unit,0.0093,200.0,1.53,0.0611,0.4152
42616,2020-06-19,2241,"Kingston, Frontenac and Lennox and Addington Health Unit",0.0,260.0,1.22,0.7486,0.892
42617,2020-06-19,5183,Huron Perth Health Unit,0.0014,202.0,1.44,0.1154,0.5343
42618,2020-06-19,2238,Hastings and Prince Edward Counties Health Unit,0.0021,337.0,2.0,0.2919,0.8941
42619,2020-06-19,2236,Halton Regional Health Unit,0.0065,552.0,0.89,0.3271,0.5734
42620,2020-06-19,2235,"Haliburton, Kawartha, Pine Ridge District Health Unit",0.0024,362.0,1.92,0.2279,0.7115
42621,2020-06-19,2234,Haldimand-Norfolk Health Unit,0.0038,150.0,1.32,0.2413,0.6323
42622,2020-06-19,2233,Grey Bruce Health Unit,0.004,249.0,1.46,0.1196,0.4947
42623,2020-06-19,2258,Eastern Ontario Health Unit,0.0036,392.0,1.88,0.5099,0.8218
42624,2020-06-19,2230,Durham Regional Health Unit,0.0074,885.0,1.24,0.2373,0.5964
42625,2020-06-19,2226,District of Algoma Health Unit,0.0007,194.0,1.7,0.2737,0.4868
42626,2020-06-19,3895,City of Toronto Health Unit,0.0229,3987.0,1.28,0.4877,0.8083
42627,2020-06-19,2251,City of Ottawa Health Unit,0.004,1415.0,1.34,0.725,0.9274
42628,2020-06-19,2237,City of Hamilton Health Unit,0.0077,853.0,1.44,0.4553,0.7457
42629,2020-06-19,2240,Chatham-Kent Health Unit,0.0059,170.0,1.6,0.1935,0.6766
42630,2020-06-19,2227,Brant County Health Unit,0.0013,215.0,1.39,0.1716,0.6055
42631,2020-06-18,2270,York Regional Health Unit,0.0106,1449.0,1.18,0.347,0.7345
42632,2020-06-18,2268,Windsor-Essex County Health Unit,0.0224,594.0,1.4,0.0737,0.4701
42633,2020-06-18,2266,Wellington-Dufferin-Guelph Health Unit,0.0084,615.0,1.97,0.1511,0.6159
42634,2020-06-18,2265,Waterloo Health Unit,0.009,952.0,1.63,0.1714,0.5934
42635,2020-06-18,2263,Timiskaming Health Unit,0.0,52.0,1.58,0.1064,0.444
42636,2020-06-18,2262,Thunder Bay District Health Unit,0.0038,263.0,1.75,0.3149,0.8735
42637,2020-06-18,2261,Sudbury and District Health Unit,0.0016,366.0,1.84,0.3102,0.7115
42638,2020-06-18,4913,Southwestern Public Health,0.0007,409.0,1.94,0.2905,0.723
42639,2020-06-18,2260,Simcoe Muskoka District Health Unit,0.008,959.0,1.6,0.2104,0.5746
42640,2020-06-18,2257,Renfrew County and District Health Unit,0.0,207.0,1.91,0.1674,0.6997
42641,2020-06-18,2256,Porcupine Health Unit,0.0,147.0,1.76,0.3921,0.6563
42642,2020-06-18,2255,Peterborough County-City Health Unit,0.001,419.0,2.83,0.4322,0.8981
42643,2020-06-18,2253,Peel Regional Health Unit,0.0239,1781.0,1.11,0.4056,0.7755
42644,2020-06-18,35,Ontario,0.011,21273.0,1.43,0.3646,0.7172
42645,2020-06-18,2249,Northwestern Health Unit,0.0048,270.0,3.08,0.1106,0.4589
42646,2020-06-18,2247,North Bay Parry Sound District Health Unit,0.0019,227.0,1.75,0.1304,0.5551
42647,2020-06-18,2246,Niagara Regional Area Health Unit,0.0034,667.0,1.41,0.5117,0.6794
42648,2020-06-18,2244,Middlesex-London Health Unit,0.0051,834.0,1.64,0.3332,0.7939
42649,2020-06-18,2243,"Leeds, Grenville and Lanark District Health Unit",0.001,295.0,1.71,0.4954,0.7431
42650,2020-06-18,2242,Lambton Health Unit,0.0085,236.0,1.8,0.0684,0.4204
42651,2020-06-18,2241,"Kingston, Frontenac and Lennox and Addington Health Unit",0.0,262.0,1.23,0.7875,0.8951
42652,2020-06-18,5183,Huron Perth Health Unit,0.0006,239.0,1.71,0.1194,0.5822
42653,2020-06-18,2238,Hastings and Prince Edward Counties Health Unit,0.002,349.0,2.07,0.2774,0.8756
42654,2020-06-18,2236,Halton Regional Health Unit,0.007,590.0,0.95,0.35,0.5922
42655,2020-06-18,2235,"Haliburton, Kawartha, Pine Ridge District Health Unit",0.0031,364.0,1.93,0.2247,0.6963
42656,2020-06-18,2234,Haldimand-Norfolk Health Unit,0.0045,157.0,1.38,0.2263,0.6632
42657,2020-06-18,2233,Grey Bruce Health Unit,0.0029,247.0,1.45,0.1231,0.4772
42658,2020-06-18,2258,Eastern Ontario Health Unit,0.0035,405.0,1.94,0.547,0.8111
42659,2020-06-18,2230,Durham Regional Health Unit,0.0081,886.0,1.24,0.2451,0.6159
42660,2020-06-18,2226,District of Algoma Health Unit,0.0007,211.0,1.84,0.2205,0.4505
42661,2020-06-18,3895,City of Toronto Health Unit,0.024,4001.0,1.28,0.4864,0.8036
42662,2020-06-18,2251,City of Ottawa Health Unit,0.0045,1362.0,1.29,0.7412,0.9298
42663,2020-06-18,2237,City of Hamilton Health Unit,0.0089,882.0,1.49,0.4446,0.7527
42664,2020-06-18,2240,Chatham-Kent Health Unit,0.0061,189.0,1.78,0.1682,0.644
42665,2020-06-18,2227,Brant County Health Unit,0.002,214.0,1.38,0.1723,0.6043
42666,2020-06-17,2270,York Regional Health Unit,0.0129,1409.0,1.15,0.3582,0.744
42667,2020-06-17,2268,Windsor-Essex County Health Unit,0.0196,701.0,1.65,0.0786,0.5278
42668,2020-06-17,2266,Wellington-Dufferin-Guelph Health Unit,0.0095,617.0,1.98,0.1433,0.6273
42669,2020-06-17,2265,Waterloo Health Unit,0.0097,991.0,1.7,0.1816,0.6214
42670,2020-06-17,2263,Timiskaming Health Unit,0.0,54.0,1.66,0.0986,0.509
42671,2020-06-17,2262,Thunder Bay District Health Unit,0.0038,262.0,1.75,0.3253,0.8708
42672,2020-06-17,2261,Sudbury and District Health Unit,0.0019,379.0,1.9,0.2972,0.6996
42673,2020-06-17,4913,Southwestern Public Health,0.001,423.0,2.0,0.3111,0.722
42674,2020-06-17,2260,Simcoe Muskoka District Health Unit,0.0071,960.0,1.6,0.2329,0.6094
42675,2020-06-17,2257,Renfrew County and District Health Unit,0.0,209.0,1.93,0.2044,0.723
42676,2020-06-17,2256,Porcupine Health Unit,0.0,139.0,1.66,0.4128,0.6802
42677,2020-06-17,2255,Peterborough County-City Health Unit,0.0006,449.0,3.03,0.411,0.8977
42678,2020-06-17,2253,Peel Regional Health Unit,0.0221,1904.0,1.19,0.3999,0.7803
42679,2020-06-17,35,Ontario,0.0114,21917.0,1.48,0.3704,0.7267
42680,2020-06-17,2249,Northwestern Health Unit,0.0035,283.0,3.22,0.1025,0.5139
42681,2020-06-17,2247,North Bay Parry Sound District Health Unit,0.0017,259.0,1.99,0.0814,0.5595
42682,2020-06-17,2246,Niagara Regional Area Health Unit,0.003,758.0,1.6,0.5327,0.6874
42683,2020-06-17,2244,Middlesex-London Health Unit,0.0053,865.0,1.7,0.3486,0.7906
42684,2020-06-17,2243,"Leeds, Grenville and Lanark District Health Unit",0.0015,284.0,1.64,0.4754,0.7502
42685,2020-06-17,2242,Lambton Health Unit,0.0057,275.0,2.1,0.0751,0.4212
42686,2020-06-17,2241,"Kingston, Frontenac and Lennox and Addington Health Unit",0.0,269.0,1.26,0.7804,0.91
42687,2020-06-17,5183,Huron Perth Health Unit,0.001,285.0,2.04,0.1255,0.5926
42688,2020-06-17,2238,Hastings and Prince Edward Counties Health Unit,0.0023,310.0,1.84,0.3177,0.8724
42689,2020-06-17,2236,Halton Regional Health Unit,0.0068,648.0,1.05,0.3349,0.6133
42690,2020-06-17,2235,"Haliburton, Kawartha, Pine Ridge District Health Unit",0.0038,373.0,1.97,0.2198,0.7221
42691,2020-06-17,2234,Haldimand-Norfolk Health Unit,0.0044,161.0,1.41,0.2157,0.6324
42692,2020-06-17,2233,Grey Bruce Health Unit,0.0035,243.0,1.43,0.1431,0.5246
42693,2020-06-17,2258,Eastern Ontario Health Unit,0.0057,454.0,2.18,0.5635,0.8219
42694,2020-06-17,2230,Durham Regional Health Unit,0.0102,882.0,1.24,0.2672,0.6455
42695,2020-06-17,2226,District of Algoma Health Unit,0.0007,198.0,1.73,0.3182,0.5397
42696,2020-06-17,3895,City of Toronto Health Unit,0.0255,3994.0,1.28,0.4717,0.7967
42697,2020-06-17,2251,City of Ottawa Health Unit,0.0063,1311.0,1.24,0.7637,0.9161
42698,2020-06-17,2237,City of Hamilton Health Unit,0.008,934.0,1.58,0.4529,0.7495
42699,2020-06-17,2240,Chatham-Kent Health Unit,0.0048,208.0,1.95,0.1516,0.6536
42700,2020-06-17,2227,Brant County Health Unit,0.0041,247.0,1.59,0.1759,0.5579
42701,2020-06-16,2270,York Regional Health Unit,0.0146,1362.0,1.11,0.3784,0.7677
42702,2020-06-16,2268,Windsor-Essex County Health Unit,0.025,760.0,1.79,0.1284,0.56
42703,2020-06-16,2266,Wellington-Dufferin-Guelph Health Unit,0.0082,575.0,1.84,0.17,0.6162
42704,2020-06-16,2265,Waterloo Health Unit,0.0107,990.0,1.69,0.1884,0.6393
42705,2020-06-16,2263,Timiskaming Health Unit,0.0,66.0,2.03,0.1463,0.5289
42706,2020-06-16,2262,Thunder Bay District Health Unit,0.0035,282.0,1.88,0.3615,0.886
42707,2020-06-16,2261,Sudbury and District Health Unit,0.0011,389.0,1.95,0.3473,0.7292
42708,2020-06-16,4913,Southwestern Public Health,0.0016,440.0,2.08,0.32,0.7109
42709,2020-06-16,2260,Simcoe Muskoka District Health Unit,0.0062,1009.0,1.68,0.2363,0.6086
42710,2020-06-16,2257,Renfrew County and District Health Unit,0.0007,216.0,1.99,0.2194,0.7408
42711,2020-06-16,2256,Porcupine Health Unit,0.0,145.0,1.74,0.4644,0.7192
42712,2020-06-16,2255,Peterborough County-City Health Unit,0.0012,473.0,3.2,0.3649,0.9116
42713,2020-06-16,2253,Peel Regional Health Unit,0.0204,2018.0,1.26,0.3944,0.7826
42714,2020-06-16,35,Ontario,0.0117,22636.0,1.53,0.3844,0.7381
42715,2020-06-16,2249,Northwestern Health Unit,0.0033,300.0,3.42,0.0986,0.5924
42716,2020-06-16,2247,North Bay Parry Sound District Health Unit,0.0018,243.0,1.87,0.0642,0.5401
42717,2020-06-16,2246,Niagara Regional Area Health Unit,0.0032,813.0,1.72,0.562,0.6845
42718,2020-06-16,2244,Middlesex-London Health Unit,0.0058,890.0,1.75,0.3871,0.7794
42719,2020-06-16,2243,"Leeds, Grenville and Lanark District Health Unit",0.0024,294.0,1.7,0.4895,0.7637
42720,2020-06-16,2242,Lambton Health Unit,0.0056,280.0,2.14,0.0986,0.4217
42721,2020-06-16,2241,"Kingston, Frontenac and Lennox and Addington Health Unit",0.0005,307.0,1.44,0.7874,0.919
42722,2020-06-16,5183,Huron Perth Health Unit,0.0009,324.0,2.32,0.1816,0.6049
42723,2020-06-16,2238,Hastings and Prince Edward Counties Health Unit,0.0022,325.0,1.93,0.3345,0.8748
42724,2020-06-16,2236,Halton Regional Health Unit,0.0079,685.0,1.11,0.359,0.6386
42725,2020-06-16,2235,"Haliburton, Kawartha, Pine Ridge District Health Unit",0.003,384.0,2.03,0.2254,0.7397
42726,2020-06-16,2234,Haldimand-Norfolk Health Unit,0.0053,187.0,1.64,0.2692,0.6393
42727,2020-06-16,2233,Grey Bruce Health Unit,0.0024,238.0,1.4,0.1607,0.5326
42728,2020-06-16,2258,Eastern Ontario Health Unit,0.004,467.0,2.24,0.5685,0.8141
42729,2020-06-16,2230,Durham Regional Health Unit,0.0121,894.0,1.26,0.2881,0.6597
42730,2020-06-16,2226,District of Algoma Health Unit,0.0,240.0,2.1,0.2965,0.5526
42731,2020-06-16,3895,City of Toronto Health Unit,0.0256,4081.0,1.31,0.4676,0.8082
42732,2020-06-16,2251,City of Ottawa Health Unit,0.0067,1318.0,1.25,0.7761,0.9207
42733,2020-06-16,2237,City of Hamilton Health Unit,0.0092,992.0,1.68,0.4957,0.76
42734,2020-06-16,2240,Chatham-Kent Health Unit,0.0042,202.0,1.9,0.1928,0.6637
42735,2020-06-16,2227,Brant County Health Unit,0.004,251.0,1.62,0.1752,0.5652
42736,2020-06-15,2270,York Regional Health Unit,0.017,1328.0,1.08,0.4127,0.8185
42737,2020-06-15,2268,Windsor-Essex County Health Unit,0.022,858.0,2.02,0.1484,0.5881
42738,2020-06-15,2266,Wellington-Dufferin-Guelph Health Unit,0.009,589.0,1.89,0.188,0.7167
42739,2020-06-15,2265,Waterloo Health Unit,0.0105,981.0,1.68,0.2048,0.6877
42740,2020-06-15,2263,Timiskaming Health Unit,0.0,89.0,2.72,0.1481,0.5667
42741,2020-06-15,2262,Thunder Bay District Health Unit,0.0023,311.0,2.07,0.3819,0.8927
42742,2020-06-15,2261,Sudbury and District Health Unit,0.0004,390.0,1.96,0.3511,0.7352
42743,2020-06-15,4913,Southwestern Public Health,0.0024,409.0,1.93,0.3507,0.7749
42744,2020-06-15,2260,Simcoe Muskoka District Health Unit,0.0058,1076.0,1.79,0.2476,0.64
42745,2020-06-15,2257,Renfrew County and District Health Unit,0.0007,211.0,1.94,0.2608,0.7922
42746,2020-06-15,2256,Porcupine Health Unit,0.0,169.0,2.03,0.4732,0.7094
42747,2020-06-15,2255,Peterborough County-City Health Unit,0.0013,453.0,3.06,0.318,0.918
42748,2020-06-15,2253,Peel Regional Health Unit,0.021,1968.0,1.23,0.4033,0.8066
42749,2020-06-15,35,Ontario,0.0121,22925.0,1.55,0.4052,0.7717
42750,2020-06-15,2249,Northwestern Health Unit,0.0029,299.0,3.41,0.0894,0.6018
42751,2020-06-15,2247,North Bay Parry Sound District Health Unit,0.0017,254.0,1.96,0.0912,0.6007
42752,2020-06-15,2246,Niagara Regional Area Health Unit,0.0034,794.0,1.68,0.6194,0.7578
42753,2020-06-15,2244,Middlesex-London Health Unit,0.0055,835.0,1.64,0.411,0.8056
42754,2020-06-15,2243,"Leeds, Grenville and Lanark District Health Unit",0.0025,290.0,1.68,0.5136,0.8118
42755,2020-06-15,2242,Lambton Health Unit,0.0059,292.0,2.23,0.1429,0.4914
42756,2020-06-15,2241,"Kingston, Frontenac and Lennox and Addington Health Unit",0.0004,329.0,1.55,0.7875,0.9208
42757,2020-06-15,5183,Huron Perth Health Unit,0.0008,337.0,2.41,0.2492,0.6537
42758,2020-06-15,2238,Hastings and Prince Edward Counties Health Unit,0.0022,330.0,1.96,0.3277,0.8791
42759,2020-06-15,2236,Halton Regional Health Unit,0.0087,709.0,1.15,0.3917,0.6729
42760,2020-06-15,2235,"Haliburton, Kawartha, Pine Ridge District Health Unit",0.0037,391.0,2.07,0.228,0.7604
42761,2020-06-15,2234,Haldimand-Norfolk Health Unit,0.011,182.0,1.6,0.3078,0.6959
42762,2020-06-15,2233,Grey Bruce Health Unit,0.003,239.0,1.41,0.1822,0.5895
42763,2020-06-15,2258,Eastern Ontario Health Unit,0.004,463.0,2.22,0.5944,0.8501
42764,2020-06-15,2230,Durham Regional Health Unit,0.0142,854.0,1.2,0.3516,0.7236
42765,2020-06-15,2226,District of Algoma Health Unit,0.0006,246.0,2.15,0.3987,0.6281
42766,2020-06-15,3895,City of Toronto Health Unit,0.0263,4241.0,1.36,0.4668,0.8205
42767,2020-06-15,2251,City of Ottawa Health Unit,0.0063,1333.0,1.26,0.7738,0.9274
42768,2020-06-15,2237,City of Hamilton Health Unit,0.0097,1014.0,1.71,0.5499,0.8091
42769,2020-06-15,2240,Chatham-Kent Health Unit,0.0038,227.0,2.14,0.2364,0.7078
42770,2020-06-15,2227,Brant County Health Unit,0.0049,234.0,1.51,0.2082,0.5992
42771,2020-06-14,2270,York Regional Health Unit,0.0192,1328.0,1.08,0.4179,0.8369
42772,2020-06-14,2268,Windsor-Essex County Health Unit,0.0231,843.0,1.98,0.1717,0.677
42773,2020-06-14,2266,Wellington-Dufferin-Guelph Health Unit,0.008,515.0,1.65,0.1727,0.7342
42774,2020-06-14,2265,Waterloo Health Unit,0.01,918.0,1.57,0.1956,0.7032
42775,2020-06-14,2263,Timiskaming Health Unit,0.0,84.0,2.57,0.1599,0.6275
42776,2020-06-14,2262,Thunder Bay District Health Unit,0.0016,347.0,2.31,0.3754,0.8898
42777,2020-06-14,2261,Sudbury and District Health Unit,0.0004,402.0,2.02,0.3619,0.7358
42778,2020-06-14,4913,Southwestern Public Health,0.0033,386.0,1.83,0.3772,0.8259
42779,2020-06-14,2260,Simcoe Muskoka District Health Unit,0.0059,1009.0,1.68,0.2424,0.6626
42780,2020-06-14,2257,Renfrew County and District Health Unit,0.0007,209.0,1.93,0.2468,0.8443
42781,2020-06-14,2256,Porcupine Health Unit,0.0,152.0,1.83,0.4959,0.7551
42782,2020-06-14,2255,Peterborough County-City Health Unit,0.0019,457.0,3.09,0.3275,0.9329
42783,2020-06-14,2253,Peel Regional Health Unit,0.0213,1936.0,1.21,0.4241,0.8405
42784,2020-06-14,35,Ontario,0.0128,22605.0,1.52,0.4191,0.806
42785,2020-06-14,2249,Northwestern Health Unit,0.0014,306.0,3.49,0.0881,0.6497
42786,2020-06-14,2247,North Bay Parry Sound District Health Unit,0.0011,259.0,1.99,0.1148,0.6933
42787,2020-06-14,2246,Niagara Regional Area Health Unit,0.0028,754.0,1.59,0.6947,0.8635
42788,2020-06-14,2244,Middlesex-London Health Unit,0.0066,774.0,1.53,0.4479,0.8769
42789,2020-06-14,2243,"Leeds, Grenville and Lanark District Health Unit",0.0025,288.0,1.67,0.5449,0.8468
42790,2020-06-14,2242,Lambton Health Unit,0.005,287.0,2.19,0.156,0.5375
42791,2020-06-14,2241,"Kingston, Frontenac and Lennox and Addington Health Unit",0.0005,317.0,1.49,0.818,0.9452
42792,2020-06-14,5183,Huron Perth Health Unit,0.0013,341.0,2.44,0.3038,0.7962
42793,2020-06-14,2238,Hastings and Prince Edward Counties Health Unit,0.0017,331.0,1.96,0.3425,0.8956
42794,2020-06-14,2236,Halton Regional Health Unit,0.0087,707.0,1.14,0.4131,0.7236
42795,2020-06-14,2235,"Haliburton, Kawartha, Pine Ridge District Health Unit",0.0058,371.0,1.96,0.2398,0.7735
42796,2020-06-14,2234,Haldimand-Norfolk Health Unit,0.0099,173.0,1.51,0.3249,0.7395
42797,2020-06-14,2233,Grey Bruce Health Unit,0.0021,204.0,1.2,0.2059,0.6392
42798,2020-06-14,2258,Eastern Ontario Health Unit,0.004,429.0,2.05,0.6014,0.8623
42799,2020-06-14,2230,Durham Regional Health Unit,0.0163,831.0,1.17,0.3576,0.7816
42800,2020-06-14,2226,District of Algoma Health Unit,0.001,278.0,2.43,0.4218,0.6763
42801,2020-06-14,3895,City of Toronto Health Unit,0.0278,4360.0,1.4,0.4615,0.8264
42802,2020-06-14,2251,City of Ottawa Health Unit,0.0068,1319.0,1.25,0.7649,0.9294
42803,2020-06-14,2237,City of Hamilton Health Unit,0.0092,1035.0,1.75,0.591,0.8514
42804,2020-06-14,2240,Chatham-Kent Health Unit,0.0027,212.0,1.99,0.2803,0.7948
42805,2020-06-14,2227,Brant County Health Unit,0.0058,248.0,1.6,0.2266,0.6412
42806,2020-06-13,2270,York Regional Health Unit,0.0195,1316.0,1.07,0.4252,0.8437
42807,2020-06-13,2268,Windsor-Essex County Health Unit,0.0239,826.0,1.94,0.1694,0.7884
42808,2020-06-13,2266,Wellington-Dufferin-Guelph Health Unit,0.0073,508.0,1.63,0.1684,0.767
42809,2020-06-13,2265,Waterloo Health Unit,0.011,860.0,1.47,0.2394,0.791
42810,2020-06-13,2263,Timiskaming Health Unit,0.0,84.0,2.58,0.1711,0.6415
42811,2020-06-13,2262,Thunder Bay District Health Unit,0.0012,349.0,2.33,0.3384,0.875
42812,2020-06-13,2261,Sudbury and District Health Unit,0.0004,403.0,2.02,0.3888,0.7733
42813,2020-06-13,4913,Southwestern Public Health,0.0034,378.0,1.79,0.4395,0.9087
42814,2020-06-13,2260,Simcoe Muskoka District Health Unit,0.0061,992.0,1.65,0.2407,0.6826
42815,2020-06-13,2257,Renfrew County and District Health Unit,0.0007,205.0,1.89,0.2246,0.8889
42816,2020-06-13,2256,Porcupine Health Unit,0.0,147.0,1.76,0.484,0.7611
42817,2020-06-13,2255,Peterborough County-City Health Unit,0.0018,469.0,3.17,0.3673,0.9587
42818,2020-06-13,2253,Peel Regional Health Unit,0.022,1928.0,1.2,0.436,0.8691
42819,2020-06-13,35,Ontario,0.0131,22416.0,1.51,0.4311,0.8349
42820,2020-06-13,2249,Northwestern Health Unit,0.0009,311.0,3.55,0.0815,0.6083
42821,2020-06-13,2247,North Bay Parry Sound District Health Unit,0.0,264.0,2.03,0.1428,0.6657
42822,2020-06-13,2246,Niagara Regional Area Health Unit,0.0034,753.0,1.59,0.7323,0.9004
42823,2020-06-13,2244,Middlesex-London Health Unit,0.0062,757.0,1.49,0.5063,0.925
42824,2020-06-13,2243,"Leeds, Grenville and Lanark District Health Unit",0.0025,288.0,1.66,0.5552,0.9099
42825,2020-06-13,2242,Lambton Health Unit,0.005,287.0,2.19,0.1796,0.6055
42826,2020-06-13,2241,"Kingston, Frontenac and Lennox and Addington Health Unit",0.0005,317.0,1.49,0.8321,0.958
42827,2020-06-13,5183,Huron Perth Health Unit,0.0013,340.0,2.43,0.3285,0.8398
42828,2020-06-13,2238,Hastings and Prince Edward Counties Health Unit,0.0013,332.0,1.97,0.3932,0.9104
42829,2020-06-13,2236,Halton Regional Health Unit,0.009,699.0,1.13,0.429,0.7283
42830,2020-06-13,2235,"Haliburton, Kawartha, Pine Ridge District Health Unit",0.0059,363.0,1.92,0.2774,0.8116
42831,2020-06-13,2234,Haldimand-Norfolk Health Unit,0.0109,171.0,1.5,0.3574,0.814
42832,2020-06-13,2233,Grey Bruce Health Unit,0.0021,202.0,1.19,0.2465,0.6761
42833,2020-06-13,2258,Eastern Ontario Health Unit,0.004,426.0,2.04,0.6374,0.9217
42834,2020-06-13,2230,Durham Regional Health Unit,0.0171,812.0,1.14,0.3674,0.8382
42835,2020-06-13,2226,District of Algoma Health Unit,0.001,273.0,2.38,0.4701,0.6751
42836,2020-06-13,3895,City of Toronto Health Unit,0.028,4354.0,1.4,0.4454,0.8332
42837,2020-06-13,2251,City of Ottawa Health Unit,0.0069,1328.0,1.26,0.7716,0.9434
42838,2020-06-13,2237,City of Hamilton Health Unit,0.0098,1023.0,1.73,0.6162,0.8749
42839,2020-06-13,2240,Chatham-Kent Health Unit,0.0027,212.0,1.99,0.3299,0.8314
42840,2020-06-13,2227,Brant County Health Unit,0.0064,244.0,1.57,0.2352,0.7458
42841,2020-06-12,2270,York Regional Health Unit,0.0205,1285.0,1.05,0.4101,0.8341
42842,2020-06-12,2268,Windsor-Essex County Health Unit,0.0281,804.0,1.89,0.1868,0.7968
42843,2020-06-12,2266,Wellington-Dufferin-Guelph Health Unit,0.0084,495.0,1.59,0.1677,0.7824
42844,2020-06-12,2265,Waterloo Health Unit,0.0104,822.0,1.41,0.2778,0.8225
42845,2020-06-12,2263,Timiskaming Health Unit,0.0,85.0,2.6,0.2274,0.702
42846,2020-06-12,2262,Thunder Bay District Health Unit,0.0017,345.0,2.3,0.3079,0.8907
42847,2020-06-12,2261,Sudbury and District Health Unit,0.0004,399.0,2.0,0.417,0.8267
42848,2020-06-12,4913,Southwestern Public Health,0.0039,368.0,1.74,0.4814,0.9304
42849,2020-06-12,2260,Simcoe Muskoka District Health Unit,0.0063,968.0,1.61,0.2559,0.6931
42850,2020-06-12,2257,Renfrew County and District Health Unit,0.0006,230.0,2.11,0.1726,0.8828
42851,2020-06-12,2256,Porcupine Health Unit,0.0,145.0,1.74,0.4813,0.7681
42852,2020-06-12,2255,Peterborough County-City Health Unit,0.002,500.0,3.38,0.4052,0.9533
42853,2020-06-12,2253,Peel Regional Health Unit,0.0228,1902.0,1.18,0.4486,0.895
42854,2020-06-12,35,Ontario,0.0136,22196.0,1.5,0.4414,0.8555
42855,2020-06-12,2249,Northwestern Health Unit,0.0014,302.0,3.45,0.0798,0.5792
42856,2020-06-12,2247,North Bay Parry Sound District Health Unit,0.0,261.0,2.01,0.1705,0.6803
42857,2020-06-12,2246,Niagara Regional Area Health Unit,0.0033,742.0,1.57,0.7742,0.9525
42858,2020-06-12,2244,Middlesex-London Health Unit,0.0051,722.0,1.42,0.5698,0.9742
42859,2020-06-12,2243,"Leeds, Grenville and Lanark District Health Unit",0.002,283.0,1.64,0.5312,0.9091
42860,2020-06-12,2242,Lambton Health Unit,0.004,285.0,2.17,0.2167,0.6966
42861,2020-06-12,2241,"Kingston, Frontenac and Lennox and Addington Health Unit",0.0005,313.0,1.47,0.8384,0.9837
42862,2020-06-12,5183,Huron Perth Health Unit,0.0017,337.0,2.41,0.3981,0.888
42863,2020-06-12,2238,Hastings and Prince Edward Counties Health Unit,0.0009,331.0,1.96,0.4044,0.934
42864,2020-06-12,2236,Halton Regional Health Unit,0.0091,687.0,1.11,0.4677,0.7591
42865,2020-06-12,2235,"Haliburton, Kawartha, Pine Ridge District Health Unit",0.006,357.0,1.89,0.2909,0.8702
42866,2020-06-12,2234,Haldimand-Norfolk Health Unit,0.0109,171.0,1.5,0.3616,0.885
42867,2020-06-12,2233,Grey Bruce Health Unit,0.0021,202.0,1.19,0.2699,0.7239
42868,2020-06-12,2258,Eastern Ontario Health Unit,0.0044,421.0,2.02,0.6973,0.9543
42869,2020-06-12,2230,Durham Regional Health Unit,0.0187,816.0,1.15,0.3584,0.8532
42870,2020-06-12,2226,District of Algoma Health Unit,0.0011,264.0,2.3,0.5293,0.7913
42871,2020-06-12,3895,City of Toronto Health Unit,0.0286,4362.0,1.4,0.4447,0.8448
42872,2020-06-12,2251,City of Ottawa Health Unit,0.0072,1370.0,1.3,0.7611,0.9529
42873,2020-06-12,2237,City of Hamilton Health Unit,0.0103,989.0,1.67,0.6669,0.9166
42874,2020-06-12,2240,Chatham-Kent Health Unit,0.0022,195.0,1.84,0.3856,0.8433
42875,2020-06-12,2227,Brant County Health Unit,0.0073,236.0,1.52,0.2545,0.7556
42876,2020-06-11,2270,York Regional Health Unit,0.0237,1221.0,1.0,0.4236,0.835
42877,2020-06-11,2268,Windsor-Essex County Health Unit,0.0333,793.0,1.87,0.2282,0.8374
42878,2020-06-11,2266,Wellington-Dufferin-Guelph Health Unit,0.0093,463.0,1.48,0.1794,0.8492
42879,2020-06-11,2265,Waterloo Health Unit,0.0106,779.0,1.33,0.3035,0.8507
42880,2020-06-11,2263,Timiskaming Health Unit,0.0,85.0,2.6,0.422,0.8495
42881,2020-06-11,2262,Thunder Bay District Health Unit,0.0004,372.0,2.48,0.2766,0.8715
42882,2020-06-11,2261,Sudbury and District Health Unit,0.0007,396.0,1.99,0.4857,0.84
42883,2020-06-11,4913,Southwestern Public Health,0.004,325.0,1.54,0.5864,0.9538
42884,2020-06-11,2260,Simcoe Muskoka District Health Unit,0.0066,932.0,1.55,0.3127,0.7603
42885,2020-06-11,2257,Renfrew County and District Health Unit,0.0006,252.0,2.32,0.1664,0.8822
42886,2020-06-11,2256,Porcupine Health Unit,0.0,148.0,1.77,0.5546,0.7983
42887,2020-06-11,2255,Peterborough County-City Health Unit,0.0018,485.0,3.27,0.4777,0.951
42888,2020-06-11,2253,Peel Regional Health Unit,0.0248,1851.0,1.15,0.474,0.9087
42889,2020-06-11,35,Ontario,0.015,21421.0,1.44,0.4668,0.871
42890,2020-06-11,2249,Northwestern Health Unit,0.0016,274.0,3.13,0.0698,0.5337
42891,2020-06-11,2247,North Bay Parry Sound District Health Unit,0.0,211.0,1.63,0.1978,0.7509
42892,2020-06-11,2246,Niagara Regional Area Health Unit,0.0043,698.0,1.48,0.8224,0.9598
42893,2020-06-11,2244,Middlesex-London Health Unit,0.006,642.0,1.27,0.6567,0.9829
42894,2020-06-11,2243,"Leeds, Grenville and Lanark District Health Unit",0.002,280.0,1.62,0.546,0.9245
42895,2020-06-11,2242,Lambton Health Unit,0.0058,247.0,1.89,0.2315,0.7652
42896,2020-06-11,2241,"Kingston, Frontenac and Lennox and Addington Health Unit",0.0005,299.0,1.4,0.8354,0.9841
42897,2020-06-11,5183,Huron Perth Health Unit,0.0019,299.0,2.14,0.4739,0.9262
42898,2020-06-11,2238,Hastings and Prince Edward Counties Health Unit,0.0013,321.0,1.9,0.4776,0.9439
42899,2020-06-11,2236,Halton Regional Health Unit,0.0102,644.0,1.04,0.476,0.7681
42900,2020-06-11,2235,"Haliburton, Kawartha, Pine Ridge District Health Unit",0.0059,339.0,1.8,0.2999,0.8997
42901,2020-06-11,2234,Haldimand-Norfolk Health Unit,0.0127,169.0,1.48,0.3848,0.8802
42902,2020-06-11,2233,Grey Bruce Health Unit,0.0016,179.0,1.06,0.3148,0.8369
42903,2020-06-11,2258,Eastern Ontario Health Unit,0.005,396.0,1.9,0.6658,0.9762
42904,2020-06-11,2230,Durham Regional Health Unit,0.0199,796.0,1.12,0.361,0.8553
42905,2020-06-11,2226,District of Algoma Health Unit,0.0012,232.0,2.02,0.5267,0.8119
42906,2020-06-11,3895,City of Toronto Health Unit,0.0307,4380.0,1.4,0.4644,0.8484
42907,2020-06-11,2251,City of Ottawa Health Unit,0.0074,1356.0,1.29,0.7446,0.9516
42908,2020-06-11,2237,City of Hamilton Health Unit,0.0102,954.0,1.61,0.7562,0.9544
42909,2020-06-11,2240,Chatham-Kent Health Unit,0.0017,167.0,1.57,0.5093,0.9377
42910,2020-06-11,2227,Brant County Health Unit,0.0072,239.0,1.54,0.2821,0.7629
42911,2020-06-10,2270,York Regional Health Unit,0.0247,1198.0,0.98,0.4383,0.8372
42912,2020-06-10,2268,Windsor-Essex County Health Unit,0.0357,733.0,1.73,0.2523,0.8338
42913,2020-06-10,2266,Wellington-Dufferin-Guelph Health Unit,0.0075,441.0,1.41,0.1988,0.8537
42914,2020-06-10,2265,Waterloo Health Unit,0.01,657.0,1.12,0.3228,0.8558
42915,2020-06-10,2263,Timiskaming Health Unit,0.0,82.0,2.52,0.554,0.8676
42916,2020-06-10,2262,Thunder Bay District Health Unit,0.0007,432.0,2.88,0.2343,0.848
42917,2020-06-10,2261,Sudbury and District Health Unit,0.0004,378.0,1.9,0.4955,0.8731
42918,2020-06-10,4913,Southwestern Public Health,0.0041,282.0,1.33,0.6473,0.9397
42919,2020-06-10,2260,Simcoe Muskoka District Health Unit,0.007,897.0,1.5,0.3391,0.7389
42920,2020-06-10,2257,Renfrew County and District Health Unit,0.0005,297.0,2.73,0.1393,0.8859
42921,2020-06-10,2256,Porcupine Health Unit,0.0,144.0,1.73,0.5784,0.8068
42922,2020-06-10,2255,Peterborough County-City Health Unit,0.0016,442.0,2.99,0.537,0.9642
42923,2020-06-10,2253,Peel Regional Health Unit,0.0307,1714.0,1.07,0.4785,0.9329
42924,2020-06-10,35,Ontario,0.0163,20306.0,1.37,0.4801,0.8775
42925,2020-06-10,2249,Northwestern Health Unit,0.0011,253.0,2.88,0.0777,0.4931
42926,2020-06-10,2247,North Bay Parry Sound District Health Unit,0.0007,194.0,1.5,0.2132,0.7886
42927,2020-06-10,2246,Niagara Regional Area Health Unit,0.0055,576.0,1.22,0.8468,0.9744
42928,2020-06-10,2244,Middlesex-London Health Unit,0.0072,579.0,1.14,0.7036,0.9801
42929,2020-06-10,2243,"Leeds, Grenville and Lanark District Health Unit",0.0021,275.0,1.59,0.5675,0.9289
42930,2020-06-10,2242,Lambton Health Unit,0.0074,211.0,1.61,0.2295,0.7697
42931,2020-06-10,2241,"Kingston, Frontenac and Lennox and Addington Health Unit",0.0005,289.0,1.36,0.8586,0.9833
42932,2020-06-10,5183,Huron Perth Health Unit,0.0029,249.0,1.78,0.4794,0.925
42933,2020-06-10,2238,Hastings and Prince Edward Counties Health Unit,0.0008,352.0,2.09,0.5129,0.9537
42934,2020-06-10,2236,Halton Regional Health Unit,0.012,571.0,0.92,0.4971,0.7796
42935,2020-06-10,2235,"Haliburton, Kawartha, Pine Ridge District Health Unit",0.0053,324.0,1.71,0.317,0.8973
42936,2020-06-10,2234,Haldimand-Norfolk Health Unit,0.0135,169.0,1.48,0.4169,0.8836
42937,2020-06-10,2233,Grey Bruce Health Unit,0.0009,163.0,0.96,0.3314,0.8891
42938,2020-06-10,2258,Eastern Ontario Health Unit,0.0027,323.0,1.55,0.6472,0.974
42939,2020-06-10,2230,Durham Regional Health Unit,0.0207,759.0,1.07,0.3486,0.8507
42940,2020-06-10,2226,District of Algoma Health Unit,0.0013,215.0,1.88,0.4436,0.7743
42941,2020-06-10,3895,City of Toronto Health Unit,0.032,4387.0,1.41,0.4832,0.8594
42942,2020-06-10,2251,City of Ottawa Health Unit,0.0074,1336.0,1.27,0.7313,0.9469
42943,2020-06-10,2237,City of Hamilton Health Unit,0.0127,864.0,1.46,0.8179,0.9815
42944,2020-06-10,2240,Chatham-Kent Health Unit,0.0034,126.0,1.19,0.6655,0.9522
42945,2020-06-10,2227,Brant County Health Unit,0.0075,208.0,1.34,0.3021,0.8142
42946,2020-06-09,2270,York Regional Health Unit,0.0261,1166.0,0.95,0.4369,0.8313
42947,2020-06-09,2268,Windsor-Essex County Health Unit,0.0273,732.0,1.72,0.1881,0.7302
42948,2020-06-09,2266,Wellington-Dufferin-Guelph Health Unit,0.0098,439.0,1.41,0.2094,0.8504
42949,2020-06-09,2265,Waterloo Health Unit,0.0103,596.0,1.02,0.334,0.8553
42950,2020-06-09,2263,Timiskaming Health Unit,0.0,66.0,2.01,0.4634,0.8641
42951,2020-06-09,2262,Thunder Bay District Health Unit,0.0006,451.0,3.01,0.1883,0.8357
42952,2020-06-09,2261,Sudbury and District Health Unit,0.0008,343.0,1.72,0.481,0.869
42953,2020-06-09,4913,Southwestern Public Health,0.0044,229.0,1.08,0.6688,0.9395
42954,2020-06-09,2260,Simcoe Muskoka District Health Unit,0.0083,827.0,1.38,0.3778,0.7455
42955,2020-06-09,2257,Renfrew County and District Health Unit,0.0005,307.0,2.83,0.1386,0.8845
42956,2020-06-09,2256,Porcupine Health Unit,0.0,136.0,1.63,0.5308,0.7668
42957,2020-06-09,2255,Peterborough County-City Health Unit,0.0011,388.0,2.62,0.6054,0.9668
42958,2020-06-09,2253,Peel Regional Health Unit,0.0357,1574.0,0.98,0.4831,0.9309
42959,2020-06-09,35,Ontario,0.0178,18945.0,1.28,0.4744,0.8672
42960,2020-06-09,2249,Northwestern Health Unit,0.0032,227.0,2.58,0.0837,0.4194
42961,2020-06-09,2247,North Bay Parry Sound District Health Unit,0.0015,188.0,1.45,0.2221,0.8198
42962,2020-06-09,2246,Niagara Regional Area Health Unit,0.007,489.0,1.04,0.8173,0.9598
42963,2020-06-09,2244,Middlesex-London Health Unit,0.0076,490.0,0.96,0.7224,0.9761
42964,2020-06-09,2243,"Leeds, Grenville and Lanark District Health Unit",0.0033,261.0,1.51,0.5625,0.9331
42965,2020-06-09,2242,Lambton Health Unit,0.0085,202.0,1.54,0.1934,0.8181
42966,2020-06-09,2241,"Kingston, Frontenac and Lennox and Addington Health Unit",0.0,237.0,1.11,0.8542,0.9853
42967,2020-06-09,5183,Huron Perth Health Unit,0.0034,209.0,1.5,0.4718,0.9257
42968,2020-06-09,2238,Hastings and Prince Edward Counties Health Unit,0.0009,323.0,1.92,0.5404,0.9515
42969,2020-06-09,2236,Halton Regional Health Unit,0.0116,506.0,0.82,0.4428,0.7182
42970,2020-06-09,2235,"Haliburton, Kawartha, Pine Ridge District Health Unit",0.0064,288.0,1.53,0.3281,0.8871
42971,2020-06-09,2234,Haldimand-Norfolk Health Unit,0.0176,146.0,1.28,0.4064,0.8744
42972,2020-06-09,2233,Grey Bruce Health Unit,0.001,149.0,0.88,0.3188,0.8912
42973,2020-06-09,2258,Eastern Ontario Health Unit,0.0026,279.0,1.34,0.6475,0.9741
42974,2020-06-09,2230,Durham Regional Health Unit,0.0203,730.0,1.03,0.3291,0.8271
42975,2020-06-09,2226,District of Algoma Health Unit,0.0017,169.0,1.47,0.4004,0.732
42976,2020-06-09,3895,City of Toronto Health Unit,0.0345,4233.0,1.36,0.4824,0.8514
42977,2020-06-09,2251,City of Ottawa Health Unit,0.0085,1321.0,1.25,0.72,0.9476
42978,2020-06-09,2237,City of Hamilton Health Unit,0.0137,762.0,1.29,0.7705,0.9681
42979,2020-06-09,2240,Chatham-Kent Health Unit,0.0025,115.0,1.08,0.6538,0.9524
42980,2020-06-09,2227,Brant County Health Unit,0.0086,200.0,1.29,0.2926,0.7886
42981,2020-06-08,2270,York Regional Health Unit,0.027,1134.0,0.93,0.4306,0.8304
42982,2020-06-08,2268,Windsor-Essex County Health Unit,0.0312,650.0,1.53,0.1688,0.679
42983,2020-06-08,2266,Wellington-Dufferin-Guelph Health Unit,0.0091,394.0,1.26,0.218,0.8418
42984,2020-06-08,2265,Waterloo Health Unit,0.0149,528.0,0.9,0.3562,0.861
42985,2020-06-08,2263,Timiskaming Health Unit,0.0,40.0,1.22,0.4577,0.8627
42986,2020-06-08,2262,Thunder Bay District Health Unit,0.0009,457.0,3.05,0.1468,0.8122
42987,2020-06-08,2261,Sudbury and District Health Unit,0.0009,321.0,1.61,0.5178,0.8809
42988,2020-06-08,4913,Southwestern Public Health,0.0034,207.0,0.98,0.6527,0.9376
42989,2020-06-08,2260,Simcoe Muskoka District Health Unit,0.0091,724.0,1.21,0.4107,0.7687
42990,2020-06-08,2257,Renfrew County and District Health Unit,0.0004,329.0,3.03,0.107,0.8785
42991,2020-06-08,2256,Porcupine Health Unit,0.0015,96.0,1.15,0.4144,0.7148
42992,2020-06-08,2255,Peterborough County-City Health Unit,0.0016,367.0,2.48,0.5679,0.9333
42993,2020-06-08,2253,Peel Regional Health Unit,0.039,1596.0,0.99,0.4793,0.9245
42994,2020-06-08,35,Ontario,0.0198,17833.0,1.2,0.4668,0.8602
42995,2020-06-08,2249,Northwestern Health Unit,0.0036,197.0,2.25,0.0886,0.3625
42996,2020-06-08,2247,North Bay Parry Sound District Health Unit,0.0017,172.0,1.33,0.2057,0.8256
42997,2020-06-08,2246,Niagara Regional Area Health Unit,0.0064,471.0,1.0,0.7843,0.9469
42998,2020-06-08,2244,Middlesex-London Health Unit,0.0085,473.0,0.93,0.7228,0.9788
42999,2020-06-08,2243,"Leeds, Grenville and Lanark District Health Unit",0.0041,247.0,1.43,0.5595,0.931
43000,2020-06-08,2242,Lambton Health Unit,0.0087,182.0,1.39,0.1507,0.8174
43001,2020-06-08,2241,"Kingston, Frontenac and Lennox and Addington Health Unit",0.0,196.0,0.92,0.8507,0.9874
43002,2020-06-08,5183,Huron Perth Health Unit,0.0029,195.0,1.4,0.4082,0.9192
43003,2020-06-08,2238,Hastings and Prince Edward Counties Health Unit,0.0014,296.0,1.76,0.5377,0.9499
43004,2020-06-08,2236,Halton Regional Health Unit,0.0129,464.0,0.75,0.4149,0.6822
43005,2020-06-08,2235,"Haliburton, Kawartha, Pine Ridge District Health Unit",0.0072,259.0,1.37,0.3121,0.8975
43006,2020-06-08,2234,Haldimand-Norfolk Health Unit,0.0128,134.0,1.17,0.3803,0.8763
43007,2020-06-08,2233,Grey Bruce Health Unit,0.0011,132.0,0.78,0.3246,0.8791
43008,2020-06-08,2258,Eastern Ontario Health Unit,0.0037,269.0,1.29,0.646,0.974
43009,2020-06-08,2230,Durham Regional Health Unit,0.0223,730.0,1.03,0.3206,0.8124
43010,2020-06-08,2226,District of Algoma Health Unit,0.001,137.0,1.19,0.185,0.5951
43011,2020-06-08,3895,City of Toronto Health Unit,0.0374,4054.0,1.3,0.4936,0.8556
43012,2020-06-08,2251,City of Ottawa Health Unit,0.0094,1272.0,1.21,0.7232,0.9452
43013,2020-06-08,2237,City of Hamilton Health Unit,0.0171,676.0,1.14,0.7753,0.965
43014,2020-06-08,2240,Chatham-Kent Health Unit,0.0056,77.0,0.72,0.6253,0.9519
43015,2020-06-08,2227,Brant County Health Unit,0.0086,199.0,1.28,0.2902,0.7928
43016,2020-06-07,2270,York Regional Health Unit,0.0271,1085.0,0.88,0.4371,0.8482
43017,2020-06-07,2268,Windsor-Essex County Health Unit,0.0334,637.0,1.5,0.1658,0.676
43018,2020-06-07,2266,Wellington-Dufferin-Guelph Health Unit,0.0102,392.0,1.26,0.2196,0.8092
43019,2020-06-07,2265,Waterloo Health Unit,0.0142,504.0,0.86,0.3419,0.8233
43020,2020-06-07,2263,Timiskaming Health Unit,0.0,41.0,1.24,0.4733,0.8683
43021,2020-06-07,2262,Thunder Bay District Health Unit,0.001,438.0,2.92,0.1313,0.8085
43022,2020-06-07,2261,Sudbury and District Health Unit,0.0009,320.0,1.61,0.517,0.8939
43023,2020-06-07,4913,Southwestern Public Health,0.0022,196.0,0.93,0.641,0.9396
43024,2020-06-07,2260,Simcoe Muskoka District Health Unit,0.008,730.0,1.22,0.4096,0.7693
43025,2020-06-07,2257,Renfrew County and District Health Unit,0.0004,318.0,2.93,0.1151,0.8813
43026,2020-06-07,2256,Porcupine Health Unit,0.0016,88.0,1.05,0.42,0.7217
43027,2020-06-07,2255,Peterborough County-City Health Unit,0.0009,320.0,2.16,0.567,0.9334
43028,2020-06-07,2253,Peel Regional Health Unit,0.0449,1544.0,0.96,0.4781,0.9111
43029,2020-06-07,35,Ontario,0.0222,17233.0,1.16,0.4659,0.8543
43030,2020-06-07,2249,Northwestern Health Unit,0.0044,161.0,1.84,0.0862,0.3682
43031,2020-06-07,2247,North Bay Parry Sound District Health Unit,0.0018,163.0,1.26,0.1976,0.7963
43032,2020-06-07,2246,Niagara Regional Area Health Unit,0.0074,443.0,0.94,0.7187,0.8839
43033,2020-06-07,2244,Middlesex-London Health Unit,0.0075,457.0,0.9,0.7171,0.97
43034,2020-06-07,2243,"Leeds, Grenville and Lanark District Health Unit",0.007,245.0,1.42,0.5525,0.9112
43035,2020-06-07,2242,Lambton Health Unit,0.0087,196.0,1.5,0.1461,0.8208
43036,2020-06-07,2241,"Kingston, Frontenac and Lennox and Addington Health Unit",0.0007,192.0,0.9,0.8605,0.9887
43037,2020-06-07,5183,Huron Perth Health Unit,0.0025,174.0,1.25,0.4178,0.9189
43038,2020-06-07,2238,Hastings and Prince Edward Counties Health Unit,0.0021,274.0,1.63,0.5385,0.9517
43039,2020-06-07,2236,Halton Regional Health Unit,0.0138,445.0,0.72,0.4449,0.7183
43040,2020-06-07,2235,"Haliburton, Kawartha, Pine Ridge District Health Unit",0.0058,246.0,1.3,0.3045,0.9048
43041,2020-06-07,2234,Haldimand-Norfolk Health Unit,0.0137,125.0,1.1,0.3675,0.8828
43042,2020-06-07,2233,Grey Bruce Health Unit,0.0011,132.0,0.78,0.3192,0.8505
43043,2020-06-07,2258,Eastern Ontario Health Unit,0.0036,276.0,1.32,0.6542,0.9776
43044,2020-06-07,2230,Durham Regional Health Unit,0.0241,729.0,1.02,0.3172,0.7849
43045,2020-06-07,2226,District of Algoma Health Unit,0.0,97.0,0.84,0.1754,0.5716
43046,2020-06-07,3895,City of Toronto Health Unit,0.0429,3941.0,1.26,0.4986,0.853
43047,2020-06-07,2251,City of Ottawa Health Unit,0.0115,1288.0,1.22,0.7259,0.934
43048,2020-06-07,2237,City of Hamilton Health Unit,0.0205,620.0,1.05,0.7619,0.9634
43049,2020-06-07,2240,Chatham-Kent Health Unit,0.0078,73.0,0.69,0.6079,0.9531
43050,2020-06-07,2227,Brant County Health Unit,0.0084,187.0,1.21,0.2668,0.736
43051,2020-06-06,2270,York Regional Health Unit,0.0295,1085.0,0.89,0.4483,0.8526
43052,2020-06-06,2268,Windsor-Essex County Health Unit,0.0304,714.0,1.68,0.1738,0.6395
43053,2020-06-06,2266,Wellington-Dufferin-Guelph Health Unit,0.0099,391.0,1.25,0.2093,0.7419
43054,2020-06-06,2265,Waterloo Health Unit,0.0163,500.0,0.85,0.3123,0.7885
43055,2020-06-06,2263,Timiskaming Health Unit,0.0,41.0,1.25,0.457,0.8591
43056,2020-06-06,2262,Thunder Bay District Health Unit,0.001,428.0,2.86,0.1468,0.8217
43057,2020-06-06,2261,Sudbury and District Health Unit,0.0009,319.0,1.6,0.528,0.9288
43058,2020-06-06,4913,Southwestern Public Health,0.0029,200.0,0.94,0.5694,0.9208
43059,2020-06-06,2260,Simcoe Muskoka District Health Unit,0.0067,728.0,1.21,0.4063,0.7833
43060,2020-06-06,2257,Renfrew County and District Health Unit,0.0004,326.0,3.0,0.1549,0.8742
43061,2020-06-06,2256,Porcupine Health Unit,0.0016,89.0,1.07,0.4475,0.7083
43062,2020-06-06,2255,Peterborough County-City Health Unit,0.0018,325.0,2.2,0.5613,0.9256
43063,2020-06-06,2253,Peel Regional Health Unit,0.0447,1557.0,0.97,0.4748,0.8824
43064,2020-06-06,35,Ontario,0.0226,17256.0,1.16,0.4651,0.8409
43065,2020-06-06,2249,Northwestern Health Unit,0.0049,145.0,1.65,0.0922,0.3818
43066,2020-06-06,2247,North Bay Parry Sound District Health Unit,0.0018,158.0,1.22,0.1894,0.8594
43067,2020-06-06,2246,Niagara Regional Area Health Unit,0.0063,429.0,0.91,0.6542,0.8244
43068,2020-06-06,2244,Middlesex-London Health Unit,0.0079,471.0,0.93,0.6578,0.9708
43069,2020-06-06,2243,"Leeds, Grenville and Lanark District Health Unit",0.0076,246.0,1.42,0.5753,0.8878
43070,2020-06-06,2242,Lambton Health Unit,0.0095,196.0,1.5,0.1248,0.7867
43071,2020-06-06,2241,"Kingston, Frontenac and Lennox and Addington Health Unit",0.0007,192.0,0.9,0.8894,0.9884
43072,2020-06-06,5183,Huron Perth Health Unit,0.0031,182.0,1.3,0.4198,0.9247
43073,2020-06-06,2238,Hastings and Prince Edward Counties Health Unit,0.0031,274.0,1.63,0.5936,0.9538
43074,2020-06-06,2236,Halton Regional Health Unit,0.0147,448.0,0.72,0.4564,0.7288
43075,2020-06-06,2235,"Haliburton, Kawartha, Pine Ridge District Health Unit",0.0073,253.0,1.34,0.2909,0.9053
43076,2020-06-06,2234,Haldimand-Norfolk Health Unit,0.0171,125.0,1.1,0.3528,0.8607
43077,2020-06-06,2233,Grey Bruce Health Unit,0.0011,130.0,0.77,0.2889,0.8222
43078,2020-06-06,2258,Eastern Ontario Health Unit,0.0036,278.0,1.33,0.638,0.9725
43079,2020-06-06,2230,Durham Regional Health Unit,0.0256,726.0,1.02,0.3283,0.7929
43080,2020-06-06,2226,District of Algoma Health Unit,0.0,98.0,0.86,0.1683,0.5476
43081,2020-06-06,3895,City of Toronto Health Unit,0.0435,3913.0,1.25,0.5171,0.8419
43082,2020-06-06,2251,City of Ottawa Health Unit,0.0117,1270.0,1.2,0.6785,0.8989
43083,2020-06-06,2237,City of Hamilton Health Unit,0.0215,597.0,1.01,0.7575,0.96
43084,2020-06-06,2240,Chatham-Kent Health Unit,0.0096,74.0,0.7,0.6015,0.9502
43085,2020-06-06,2227,Brant County Health Unit,0.0096,193.0,1.24,0.2541,0.6294
43086,2020-06-05,2270,York Regional Health Unit,0.0298,1112.0,0.91,0.4618,0.8719
43087,2020-06-05,2268,Windsor-Essex County Health Unit,0.0235,791.0,1.86,0.1582,0.6266
43088,2020-06-05,2266,Wellington-Dufferin-Guelph Health Unit,0.0099,391.0,1.25,0.2087,0.7094
43089,2020-06-05,2265,Waterloo Health Unit,0.0185,495.0,0.85,0.307,0.7917
43090,2020-06-05,2263,Timiskaming Health Unit,0.0,40.0,1.24,0.4326,0.8085
43091,2020-06-05,2262,Thunder Bay District Health Unit,0.0006,442.0,2.95,0.1415,0.7963
43092,2020-06-05,2261,Sudbury and District Health Unit,0.0009,325.0,1.63,0.5633,0.9633
43093,2020-06-05,4913,Southwestern Public Health,0.0036,198.0,0.94,0.5606,0.9278
43094,2020-06-05,2260,Simcoe Muskoka District Health Unit,0.0072,731.0,1.22,0.367,0.8041
43095,2020-06-05,2257,Renfrew County and District Health Unit,0.0004,324.0,2.98,0.1836,0.8718
43096,2020-06-05,2256,Porcupine Health Unit,0.0016,92.0,1.1,0.4856,0.7174
43097,2020-06-05,2255,Peterborough County-City Health Unit,0.0014,314.0,2.12,0.5106,0.9374
43098,2020-06-05,2253,Peel Regional Health Unit,0.0496,1560.0,0.97,0.4872,0.8571
43099,2020-06-05,35,Ontario,0.0234,17282.0,1.17,0.4649,0.8344
43100,2020-06-05,2249,Northwestern Health Unit,0.0041,139.0,1.59,0.1127,0.3795
43101,2020-06-05,2247,North Bay Parry Sound District Health Unit,0.0027,158.0,1.21,0.195,0.8413
43102,2020-06-05,2246,Niagara Regional Area Health Unit,0.009,428.0,0.91,0.6134,0.7813
43103,2020-06-05,2244,Middlesex-London Health Unit,0.0087,474.0,0.93,0.6144,0.9737
43104,2020-06-05,2243,"Leeds, Grenville and Lanark District Health Unit",0.0083,242.0,1.4,0.6222,0.9006
43105,2020-06-05,2242,Lambton Health Unit,0.0088,194.0,1.48,0.1305,0.7368
43106,2020-06-05,2241,"Kingston, Frontenac and Lennox and Addington Health Unit",0.0015,193.0,0.91,0.9444,0.9875
43107,2020-06-05,5183,Huron Perth Health Unit,0.0024,181.0,1.29,0.3941,0.9159
43108,2020-06-05,2238,Hastings and Prince Edward Counties Health Unit,0.0032,266.0,1.58,0.645,0.944
43109,2020-06-05,2236,Halton Regional Health Unit,0.0151,455.0,0.73,0.4427,0.7152
43110,2020-06-05,2235,"Haliburton, Kawartha, Pine Ridge District Health Unit",0.0094,257.0,1.36,0.3027,0.9028
43111,2020-06-05,2234,Haldimand-Norfolk Health Unit,0.0353,126.0,1.1,0.4282,0.8525
43112,2020-06-05,2233,Grey Bruce Health Unit,0.0012,124.0,0.73,0.2538,0.7527
43113,2020-06-05,2258,Eastern Ontario Health Unit,0.0036,276.0,1.32,0.6105,0.9705
43114,2020-06-05,2230,Durham Regional Health Unit,0.0258,721.0,1.01,0.3185,0.7957
43115,2020-06-05,2226,District of Algoma Health Unit,0.0,99.0,0.87,0.1501,0.5445
43116,2020-06-05,3895,City of Toronto Health Unit,0.0442,3901.0,1.25,0.5253,0.8376
43117,2020-06-05,2251,City of Ottawa Health Unit,0.0129,1222.0,1.16,0.6586,0.8841
43118,2020-06-05,2237,City of Hamilton Health Unit,0.0228,596.0,1.01,0.7506,0.9592
43119,2020-06-05,2240,Chatham-Kent Health Unit,0.0094,76.0,0.71,0.5616,0.9419
43120,2020-06-05,2227,Brant County Health Unit,0.0089,192.0,1.24,0.2801,0.5904
43121,2020-06-04,2270,York Regional Health Unit,0.0303,1100.0,0.9,0.4682,0.8786
43122,2020-06-04,2268,Windsor-Essex County Health Unit,0.0186,737.0,1.73,0.1308,0.6047
43123,2020-06-04,2266,Wellington-Dufferin-Guelph Health Unit,0.0104,397.0,1.27,0.206,0.6956
43124,2020-06-04,2265,Waterloo Health Unit,0.0171,509.0,0.87,0.3039,0.7879
43125,2020-06-04,2263,Timiskaming Health Unit,0.0,40.0,1.21,0.348,0.7974
43126,2020-06-04,2262,Thunder Bay District Health Unit,0.0011,405.0,2.7,0.1391,0.7992
43127,2020-06-04,2261,Sudbury and District Health Unit,0.0004,343.0,1.72,0.5738,0.9546
43128,2020-06-04,4913,Southwestern Public Health,0.0033,220.0,1.04,0.4919,0.9388
43129,2020-06-04,2260,Simcoe Muskoka District Health Unit,0.0071,724.0,1.21,0.321,0.8171
43130,2020-06-04,2257,Renfrew County and District Health Unit,0.001,296.0,2.73,0.2083,0.8536
43131,2020-06-04,2256,Porcupine Health Unit,0.0016,90.0,1.08,0.5183,0.7517
43132,2020-06-04,2255,Peterborough County-City Health Unit,0.0014,297.0,2.01,0.4769,0.9106
43133,2020-06-04,2253,Peel Regional Health Unit,0.0535,1533.0,0.95,0.4965,0.8377
43134,2020-06-04,35,Ontario,0.0246,16950.0,1.14,0.4517,0.8227
43135,2020-06-04,2249,Northwestern Health Unit,0.0042,135.0,1.54,0.142,0.4321
43136,2020-06-04,2247,North Bay Parry Sound District Health Unit,0.0032,179.0,1.38,0.1926,0.7488
43137,2020-06-04,2246,Niagara Regional Area Health Unit,0.0091,424.0,0.9,0.5626,0.7245
43138,2020-06-04,2244,Middlesex-London Health Unit,0.0084,495.0,0.97,0.5521,0.9729
43139,2020-06-04,2243,"Leeds, Grenville and Lanark District Health Unit",0.0084,237.0,1.37,0.6317,0.8929
43140,2020-06-04,2242,Lambton Health Unit,0.0084,204.0,1.56,0.1261,0.7394
43141,2020-06-04,2241,"Kingston, Frontenac and Lennox and Addington Health Unit",0.0015,186.0,0.88,0.9338,0.9877
43142,2020-06-04,5183,Huron Perth Health Unit,0.0033,172.0,1.23,0.407,0.9116
43143,2020-06-04,2238,Hastings and Prince Edward Counties Health Unit,0.0035,242.0,1.43,0.6086,0.9484
43144,2020-06-04,2236,Halton Regional Health Unit,0.0173,445.0,0.72,0.4474,0.6999
43145,2020-06-04,2235,"Haliburton, Kawartha, Pine Ridge District Health Unit",0.0091,252.0,1.33,0.3249,0.9117
43146,2020-06-04,2234,Haldimand-Norfolk Health Unit,0.0807,126.0,1.1,0.4068,0.8237
43147,2020-06-04,2233,Grey Bruce Health Unit,0.0023,123.0,0.72,0.2269,0.6729
43148,2020-06-04,2258,Eastern Ontario Health Unit,0.0059,267.0,1.28,0.6053,0.9622
43149,2020-06-04,2230,Durham Regional Health Unit,0.0252,733.0,1.03,0.3285,0.7932
43150,2020-06-04,2226,District of Algoma Health Unit,0.0,107.0,0.93,0.1558,0.5379
43151,2020-06-04,3895,City of Toronto Health Unit,0.0465,3771.0,1.21,0.5002,0.8232
43152,2020-06-04,2251,City of Ottawa Health Unit,0.0148,1181.0,1.12,0.6489,0.8718
43153,2020-06-04,2237,City of Hamilton Health Unit,0.0229,579.0,0.98,0.733,0.955
43154,2020-06-04,2240,Chatham-Kent Health Unit,0.0113,76.0,0.71,0.5026,0.9361
43155,2020-06-04,2227,Brant County Health Unit,0.0092,186.0,1.2,0.2641,0.5598
43156,2020-06-03,2270,York Regional Health Unit,0.0313,1090.0,0.89,0.4655,0.8795
43157,2020-06-03,2268,Windsor-Essex County Health Unit,0.0198,735.0,1.73,0.1158,0.5917
43158,2020-06-03,2266,Wellington-Dufferin-Guelph Health Unit,0.0113,406.0,1.3,0.197,0.6835
43159,2020-06-03,2265,Waterloo Health Unit,0.0174,518.0,0.89,0.2952,0.8037
43160,2020-06-03,2263,Timiskaming Health Unit,0.0,33.0,1.01,0.3,0.8538
43161,2020-06-03,2262,Thunder Bay District Health Unit,0.0009,326.0,2.17,0.1636,0.8421
43162,2020-06-03,2261,Sudbury and District Health Unit,0.0004,336.0,1.69,0.6,0.9535
43163,2020-06-03,4913,Southwestern Public Health,0.004,216.0,1.02,0.459,0.9507
43164,2020-06-03,2260,Simcoe Muskoka District Health Unit,0.0077,726.0,1.21,0.2741,0.8426
43165,2020-06-03,2257,Renfrew County and District Health Unit,0.0011,261.0,2.4,0.2387,0.8439
43166,2020-06-03,2256,Porcupine Health Unit,0.0015,97.0,1.17,0.6031,0.7544
43167,2020-06-03,2255,Peterborough County-City Health Unit,0.0022,319.0,2.16,0.4895,0.9065
43168,2020-06-03,2253,Peel Regional Health Unit,0.0545,1499.0,0.93,0.4892,0.809
43169,2020-06-03,35,Ontario,0.026,16572.0,1.12,0.4421,0.8182
43170,2020-06-03,2249,Northwestern Health Unit,0.0048,119.0,1.36,0.1503,0.4684
43171,2020-06-03,2247,North Bay Parry Sound District Health Unit,0.0035,165.0,1.27,0.2063,0.7325
43172,2020-06-03,2246,Niagara Regional Area Health Unit,0.0116,420.0,0.89,0.5244,0.6992
43173,2020-06-03,2244,Middlesex-London Health Unit,0.0084,477.0,0.94,0.5311,0.9753
43174,2020-06-03,2243,"Leeds, Grenville and Lanark District Health Unit",0.0125,217.0,1.25,0.6373,0.8911
43175,2020-06-03,2242,Lambton Health Unit,0.008,197.0,1.51,0.1193,0.7353
43176,2020-06-03,2241,"Kingston, Frontenac and Lennox and Addington Health Unit",0.0017,164.0,0.77,0.9336,0.9894
43177,2020-06-03,5183,Huron Perth Health Unit,0.0034,168.0,1.2,0.4178,0.9379
43178,2020-06-03,2238,Hastings and Prince Edward Counties Health Unit,0.0047,211.0,1.25,0.6026,0.9447
43179,2020-06-03,2236,Halton Regional Health Unit,0.0184,442.0,0.71,0.4331,0.6701
43180,2020-06-03,2235,"Haliburton, Kawartha, Pine Ridge District Health Unit",0.0111,245.0,1.3,0.3562,0.922
43181,2020-06-03,2234,Haldimand-Norfolk Health Unit,0.0915,109.0,0.96,0.3985,0.8158
43182,2020-06-03,2233,Grey Bruce Health Unit,0.0024,118.0,0.69,0.2039,0.6348
43183,2020-06-03,2258,Eastern Ontario Health Unit,0.0063,273.0,1.31,0.5857,0.9624
43184,2020-06-03,2230,Durham Regional Health Unit,0.0262,770.0,1.08,0.3186,0.8
43185,2020-06-03,2226,District of Algoma Health Unit,0.0,132.0,1.15,0.1787,0.5264
43186,2020-06-03,3895,City of Toronto Health Unit,0.0502,3643.0,1.17,0.4871,0.8161
43187,2020-06-03,2251,City of Ottawa Health Unit,0.0156,1173.0,1.11,0.6214,0.8751
43188,2020-06-03,2237,City of Hamilton Health Unit,0.0215,570.0,0.96,0.7158,0.9477
43189,2020-06-03,2240,Chatham-Kent Health Unit,0.0093,77.0,0.72,0.4722,0.9204
43190,2020-06-03,2227,Brant County Health Unit,0.007,185.0,1.19,0.2507,0.5312
43191,2020-06-02,2270,York Regional Health Unit,0.0319,1071.0,0.87,0.4723,0.8796
43192,2020-06-02,2268,Windsor-Essex County Health Unit,0.0212,734.0,1.73,0.1161,0.6633
43193,2020-06-02,2266,Wellington-Dufferin-Guelph Health Unit,0.0092,404.0,1.3,0.1638,0.6695
43194,2020-06-02,2265,Waterloo Health Unit,0.0159,523.0,0.89,0.3172,0.811
43195,2020-06-02,2263,Timiskaming Health Unit,0.0,33.0,1.02,0.2466,0.8767
43196,2020-06-02,2262,Thunder Bay District Health Unit,0.0011,265.0,1.76,0.1777,0.8455
43197,2020-06-02,2261,Sudbury and District Health Unit,0.0,308.0,1.55,0.5907,0.9511
43198,2020-06-02,4913,Southwestern Public Health,0.0077,221.0,1.05,0.45,0.9504
43199,2020-06-02,2260,Simcoe Muskoka District Health Unit,0.0074,715.0,1.19,0.2494,0.8579
43200,2020-06-02,2257,Renfrew County and District Health Unit,0.0007,213.0,1.96,0.2666,0.8213
43201,2020-06-02,2256,Porcupine Health Unit,0.0016,90.0,1.08,0.5605,0.7533
43202,2020-06-02,2255,Peterborough County-City Health Unit,0.0026,328.0,2.21,0.4669,0.8927
43203,2020-06-02,2253,Peel Regional Health Unit,0.0558,1440.0,0.9,0.4816,0.7984
43204,2020-06-02,35,Ontario,0.0275,16203.0,1.09,0.4473,0.8264
43205,2020-06-02,2249,Northwestern Health Unit,0.0013,107.0,1.23,0.1461,0.4639
43206,2020-06-02,2247,North Bay Parry Sound District Health Unit,0.0026,164.0,1.27,0.2355,0.7343
43207,2020-06-02,2246,Niagara Regional Area Health Unit,0.0127,417.0,0.88,0.5052,0.6751
43208,2020-06-02,2244,Middlesex-London Health Unit,0.0089,482.0,0.95,0.5434,0.9802
43209,2020-06-02,2243,"Leeds, Grenville and Lanark District Health Unit",0.0114,200.0,1.16,0.6462,0.8853
43210,2020-06-02,2242,Lambton Health Unit,0.0086,200.0,1.53,0.1176,0.7048
43211,2020-06-02,2241,"Kingston, Frontenac and Lennox and Addington Health Unit",0.0017,164.0,0.77,0.9332,0.9885
43212,2020-06-02,5183,Huron Perth Health Unit,0.0037,154.0,1.1,0.3626,0.9277
43213,2020-06-02,2238,Hastings and Prince Edward Counties Health Unit,0.006,214.0,1.27,0.608,0.9482
43214,2020-06-02,2236,Halton Regional Health Unit,0.0205,418.0,0.68,0.5043,0.7359
43215,2020-06-02,2235,"Haliburton, Kawartha, Pine Ridge District Health Unit",0.0114,251.0,1.33,0.3914,0.9403
43216,2020-06-02,2234,Haldimand-Norfolk Health Unit,0.0863,109.0,0.96,0.3939,0.8104
43217,2020-06-02,2233,Grey Bruce Health Unit,0.0025,117.0,0.69,0.2138,0.6355
43218,2020-06-02,2258,Eastern Ontario Health Unit,0.0066,260.0,1.24,0.5708,0.9615
43219,2020-06-02,2230,Durham Regional Health Unit,0.0283,762.0,1.07,0.3153,0.8233
43220,2020-06-02,2226,District of Algoma Health Unit,0.0,132.0,1.15,0.2434,0.5778
43221,2020-06-02,3895,City of Toronto Health Unit,0.0548,3607.0,1.16,0.5023,0.8258
43222,2020-06-02,2251,City of Ottawa Health Unit,0.0147,1148.0,1.09,0.6073,0.8749
43223,2020-06-02,2237,City of Hamilton Health Unit,0.0225,558.0,0.94,0.7606,0.9503
43224,2020-06-02,2240,Chatham-Kent Health Unit,0.0111,77.0,0.72,0.4721,0.9328
43225,2020-06-02,2227,Brant County Health Unit,0.0063,181.0,1.17,0.2415,0.5466
43226,2020-06-01,2270,York Regional Health Unit,0.0349,1045.0,0.85,0.4923,0.8833
43227,2020-06-01,2268,Windsor-Essex County Health Unit,0.0182,752.0,1.77,0.1403,0.7283
43228,2020-06-01,2266,Wellington-Dufferin-Guelph Health Unit,0.013,384.0,1.23,0.1654,0.6641
43229,2020-06-01,2265,Waterloo Health Unit,0.0127,540.0,0.92,0.3322,0.8136
43230,2020-06-01,2263,Timiskaming Health Unit,0.0,38.0,1.15,0.2664,0.8783
43231,2020-06-01,2262,Thunder Bay District Health Unit,0.0014,200.0,1.34,0.1872,0.8825
43232,2020-06-01,2261,Sudbury and District Health Unit,0.0024,293.0,1.47,0.575,0.9478
43233,2020-06-01,4913,Southwestern Public Health,0.0097,221.0,1.04,0.4709,0.9539
43234,2020-06-01,2260,Simcoe Muskoka District Health Unit,0.008,718.0,1.2,0.2304,0.8514
43235,2020-06-01,2257,Renfrew County and District Health Unit,0.0016,179.0,1.65,0.2809,0.7949
43236,2020-06-01,2256,Porcupine Health Unit,0.0,85.0,1.02,0.6225,0.8086
43237,2020-06-01,2255,Peterborough County-City Health Unit,0.0023,304.0,2.06,0.4463,0.9259
43238,2020-06-01,2253,Peel Regional Health Unit,0.0618,1359.0,0.85,0.4879,0.8041
43239,2020-06-01,35,Ontario,0.029,16054.0,1.08,0.4536,0.8367
43240,2020-06-01,2249,Northwestern Health Unit,0.0015,95.0,1.09,0.1536,0.5008
43241,2020-06-01,2247,North Bay Parry Sound District Health Unit,0.0023,183.0,1.41,0.2533,0.7278
43242,2020-06-01,2246,Niagara Regional Area Health Unit,0.0148,415.0,0.88,0.4792,0.6458
43243,2020-06-01,2244,Middlesex-London Health Unit,0.009,491.0,0.97,0.5631,0.9809
43244,2020-06-01,2243,"Leeds, Grenville and Lanark District Health Unit",0.0133,193.0,1.11,0.6622,0.8939
43245,2020-06-01,2242,Lambton Health Unit,0.0097,191.0,1.46,0.1265,0.803
43246,2020-06-01,2241,"Kingston, Frontenac and Lennox and Addington Health Unit",0.0017,168.0,0.79,0.9268,0.9882
43247,2020-06-01,5183,Huron Perth Health Unit,0.0054,132.0,0.95,0.3661,0.922
43248,2020-06-01,2238,Hastings and Prince Edward Counties Health Unit,0.006,214.0,1.27,0.6037,0.9531
43249,2020-06-01,2236,Halton Regional Health Unit,0.0199,416.0,0.67,0.5445,0.7899
43250,2020-06-01,2235,"Haliburton, Kawartha, Pine Ridge District Health Unit",0.0107,254.0,1.34,0.4168,0.9616
43251,2020-06-01,2234,Haldimand-Norfolk Health Unit,0.0851,111.0,0.97,0.4142,0.8331
43252,2020-06-01,2233,Grey Bruce Health Unit,0.0012,123.0,0.72,0.2143,0.644
43253,2020-06-01,2258,Eastern Ontario Health Unit,0.0067,254.0,1.22,0.5757,0.9612
43254,2020-06-01,2230,Durham Regional Health Unit,0.0285,758.0,1.06,0.3077,0.843
43255,2020-06-01,2226,District of Algoma Health Unit,0.0,138.0,1.2,0.2405,0.5445
43256,2020-06-01,3895,City of Toronto Health Unit,0.0579,3669.0,1.18,0.4953,0.8326
43257,2020-06-01,2251,City of Ottawa Health Unit,0.0145,1199.0,1.14,0.6179,0.8789
43258,2020-06-01,2237,City of Hamilton Health Unit,0.0223,538.0,0.91,0.7662,0.9534
43259,2020-06-01,2240,Chatham-Kent Health Unit,0.007,81.0,0.76,0.4592,0.932
43260,2020-06-01,2227,Brant County Health Unit,0.0072,180.0,1.16,0.2321,0.5433
43261,2020-05-31,2270,York Regional Health Unit,0.0364,1040.0,0.85,0.5104,0.8967
43262,2020-05-31,2268,Windsor-Essex County Health Unit,0.0201,761.0,1.79,0.1497,0.7643
43263,2020-05-31,2266,Wellington-Dufferin-Guelph Health Unit,0.0126,385.0,1.23,0.1717,0.6854
43264,2020-05-31,2265,Waterloo Health Unit,0.0134,533.0,0.91,0.3503,0.83
43265,2020-05-31,2263,Timiskaming Health Unit,0.0,43.0,1.32,0.2433,0.88
43266,2020-05-31,2262,Thunder Bay District Health Unit,0.0016,177.0,1.18,0.2028,0.8969
43267,2020-05-31,2261,Sudbury and District Health Unit,0.0031,277.0,1.39,0.5845,0.9551
43268,2020-05-31,4913,Southwestern Public Health,0.0102,223.0,1.06,0.4717,0.9508
43269,2020-05-31,2260,Simcoe Muskoka District Health Unit,0.0092,680.0,1.13,0.2454,0.8735
43270,2020-05-31,2257,Renfrew County and District Health Unit,0.0028,153.0,1.41,0.305,0.7963
43271,2020-05-31,2256,Porcupine Health Unit,0.0017,83.0,1.0,0.6341,0.8314
43272,2020-05-31,2255,Peterborough County-City Health Unit,0.0047,272.0,1.84,0.4539,0.9178
43273,2020-05-31,2253,Peel Regional Health Unit,0.0629,1329.0,0.83,0.5124,0.8286
43274,2020-05-31,35,Ontario,0.0293,15735.0,1.06,0.4674,0.8549
43275,2020-05-31,2249,Northwestern Health Unit,0.0016,92.0,1.05,0.1635,0.5129
43276,2020-05-31,2247,North Bay Parry Sound District Health Unit,0.0031,184.0,1.42,0.274,0.7482
43277,2020-05-31,2246,Niagara Regional Area Health Unit,0.0153,401.0,0.85,0.5429,0.6893
43278,2020-05-31,2244,Middlesex-London Health Unit,0.0087,494.0,0.97,0.5832,0.9902
43279,2020-05-31,2243,"Leeds, Grenville and Lanark District Health Unit",0.0097,192.0,1.11,0.6664,0.9237
43280,2020-05-31,2242,Lambton Health Unit,0.0151,170.0,1.3,0.1386,0.7994
43281,2020-05-31,2241,"Kingston, Frontenac and Lennox and Addington Health Unit",0.0025,171.0,0.8,0.92,0.9888
43282,2020-05-31,5183,Huron Perth Health Unit,0.0071,121.0,0.86,0.3492,0.9124
43283,2020-05-31,2238,Hastings and Prince Edward Counties Health Unit,0.0054,210.0,1.25,0.5925,0.9555
43284,2020-05-31,2236,Halton Regional Health Unit,0.0233,399.0,0.64,0.5717,0.7968
43285,2020-05-31,2235,"Haliburton, Kawartha, Pine Ridge District Health Unit",0.0097,250.0,1.32,0.4195,0.9651
43286,2020-05-31,2234,Haldimand-Norfolk Health Unit,0.0764,120.0,1.05,0.4456,0.8533
43287,2020-05-31,2233,Grey Bruce Health Unit,0.0023,122.0,0.72,0.2266,0.6696
43288,2020-05-31,2258,Eastern Ontario Health Unit,0.0081,263.0,1.26,0.5568,0.9653
43289,2020-05-31,2230,Durham Regional Health Unit,0.0275,737.0,1.03,0.3356,0.8833
43290,2020-05-31,2226,District of Algoma Health Unit,0.0,142.0,1.24,0.2507,0.5622
43291,2020-05-31,3895,City of Toronto Health Unit,0.0578,3552.0,1.14,0.4999,0.8514
43292,2020-05-31,2251,City of Ottawa Health Unit,0.0134,1237.0,1.17,0.6265,0.8972
43293,2020-05-31,2237,City of Hamilton Health Unit,0.0222,515.0,0.87,0.7777,0.9561
43294,2020-05-31,2240,Chatham-Kent Health Unit,0.0051,85.0,0.8,0.4736,0.9381
43295,2020-05-31,2227,Brant County Health Unit,0.0059,193.0,1.25,0.251,0.5482
43296,2020-05-30,2258,Eastern Ontario Health Unit,0.0098,262.0,1.26,0.5958,0.9737
43297,2020-05-30,2230,Durham Regional Health Unit,0.0285,738.0,1.04,0.343,0.8989
43298,2020-05-30,2226,District of Algoma Health Unit,0.0,142.0,1.24,0.2954,0.6195
43299,2020-05-30,3895,City of Toronto Health Unit,0.061,3480.0,1.12,0.5065,0.8811
43300,2020-05-30,2251,City of Ottawa Health Unit,0.0147,1238.0,1.17,0.6769,0.9299
43301,2020-05-30,2237,City of Hamilton Health Unit,0.0223,511.0,0.86,0.8053,0.9614
43302,2020-05-30,2240,Chatham-Kent Health Unit,0.0103,83.0,0.78,0.5278,0.95
43303,2020-05-30,2227,Brant County Health Unit,0.0038,188.0,1.21,0.3062,0.664
43304,2020-05-30,2270,York Regional Health Unit,0.0382,998.0,0.81,0.5206,0.9213
43305,2020-05-30,2268,Windsor-Essex County Health Unit,0.0209,675.0,1.59,0.1825,0.8102
43306,2020-05-30,2266,Wellington-Dufferin-Guelph Health Unit,0.0128,380.0,1.22,0.1937,0.7671
43307,2020-05-30,2265,Waterloo Health Unit,0.0119,527.0,0.9,0.3688,0.8595
43308,2020-05-30,2263,Timiskaming Health Unit,0.0,42.0,1.29,0.2609,0.8841
43309,2020-05-30,2262,Thunder Bay District Health Unit,0.0016,180.0,1.2,0.1686,0.8633
43310,2020-05-30,2261,Sudbury and District Health Unit,0.0031,273.0,1.37,0.6486,0.9499
43311,2020-05-30,4913,Southwestern Public Health,0.0098,219.0,1.03,0.5299,0.975
43312,2020-05-30,2260,Simcoe Muskoka District Health Unit,0.0105,679.0,1.13,0.276,0.8686
43313,2020-05-30,2257,Renfrew County and District Health Unit,0.003,144.0,1.33,0.2756,0.7374
43314,2020-05-30,2256,Porcupine Health Unit,0.0018,81.0,0.97,0.6223,0.8297
43315,2020-05-30,2255,Peterborough County-City Health Unit,0.0038,261.0,1.76,0.475,0.9221
43316,2020-05-30,2253,Peel Regional Health Unit,0.0699,1292.0,0.8,0.5562,0.8732
43317,2020-05-30,35,Ontario,0.0308,15414.0,1.04,0.4942,0.8819
43318,2020-05-30,2249,Northwestern Health Unit,0.0015,92.0,1.05,0.1718,0.5594
43319,2020-05-30,2247,North Bay Parry Sound District Health Unit,0.0031,183.0,1.41,0.3141,0.7124
43320,2020-05-30,2246,Niagara Regional Area Health Unit,0.016,411.0,0.87,0.5925,0.7439
43321,2020-05-30,2244,Middlesex-London Health Unit,0.0088,488.0,0.96,0.6733,0.9915
43322,2020-05-30,2243,"Leeds, Grenville and Lanark District Health Unit",0.0084,186.0,1.07,0.6908,0.9501
43323,2020-05-30,2242,Lambton Health Unit,0.0182,173.0,1.32,0.158,0.8544
43324,2020-05-30,2241,"Kingston, Frontenac and Lennox and Addington Health Unit",0.0026,165.0,0.78,0.9207,0.9894
43325,2020-05-30,5183,Huron Perth Health Unit,0.0062,115.0,0.82,0.3908,0.9322
43326,2020-05-30,2238,Hastings and Prince Edward Counties Health Unit,0.0042,203.0,1.2,0.5869,0.956
43327,2020-05-30,2236,Halton Regional Health Unit,0.0215,378.0,0.61,0.5863,0.8318
43328,2020-05-30,2235,"Haliburton, Kawartha, Pine Ridge District Health Unit",0.0088,244.0,1.29,0.4153,0.9683
43329,2020-05-30,2234,Haldimand-Norfolk Health Unit,0.0664,129.0,1.13,0.4404,0.8831
43330,2020-05-30,2233,Grey Bruce Health Unit,0.0023,122.0,0.72,0.2504,0.7004
43331,2020-05-29,2270,York Regional Health Unit,0.0418,937.0,0.76,0.5399,0.9352
43332,2020-05-29,2268,Windsor-Essex County Health Unit,0.0274,590.0,1.39,0.2376,0.882
43333,2020-05-29,2266,Wellington-Dufferin-Guelph Health Unit,0.0117,365.0,1.17,0.2145,0.8146
43334,2020-05-29,2265,Waterloo Health Unit,0.0106,499.0,0.85,0.3887,0.8647
43335,2020-05-29,2263,Timiskaming Health Unit,0.0,43.0,1.32,0.2755,0.9208
43336,2020-05-29,2262,Thunder Bay District Health Unit,0.0018,162.0,1.08,0.1872,0.8399
43337,2020-05-29,2261,Sudbury and District Health Unit,0.0031,273.0,1.37,0.6875,0.9482
43338,2020-05-29,4913,Southwestern Public Health,0.0087,213.0,1.01,0.5824,0.9757
43339,2020-05-29,2260,Simcoe Muskoka District Health Unit,0.0098,653.0,1.09,0.3423,0.8865
43340,2020-05-29,2257,Renfrew County and District Health Unit,0.0036,120.0,1.11,0.2941,0.7546
43341,2020-05-29,2256,Porcupine Health Unit,0.0018,78.0,0.93,0.5472,0.7576
43342,2020-05-29,2255,Peterborough County-City Health Unit,0.0054,237.0,1.6,0.5067,0.9108
43343,2020-05-29,2253,Peel Regional Health Unit,0.0736,1251.0,0.78,0.5847,0.9047
43344,2020-05-29,35,Ontario,0.0323,14831.0,1.0,0.5298,0.8994
43345,2020-05-29,2249,Northwestern Health Unit,0.0,91.0,1.04,0.1564,0.5326
43346,2020-05-29,2247,North Bay Parry Sound District Health Unit,0.0024,180.0,1.38,0.3108,0.7085
43347,2020-05-29,2246,Niagara Regional Area Health Unit,0.0158,388.0,0.82,0.6072,0.787
43348,2020-05-29,2244,Middlesex-London Health Unit,0.0093,475.0,0.94,0.8026,0.9907
43349,2020-05-29,2243,"Leeds, Grenville and Lanark District Health Unit",0.0085,185.0,1.07,0.7013,0.9493
43350,2020-05-29,2242,Lambton Health Unit,0.0216,146.0,1.11,0.2098,0.9241
43351,2020-05-29,2241,"Kingston, Frontenac and Lennox and Addington Health Unit",0.0018,162.0,0.76,0.9231,0.992
43352,2020-05-29,5183,Huron Perth Health Unit,0.0063,114.0,0.82,0.4146,0.9394
43353,2020-05-29,2238,Hastings and Prince Edward Counties Health Unit,0.0051,195.0,1.16,0.6212,0.9757
43354,2020-05-29,2236,Halton Regional Health Unit,0.0252,351.0,0.57,0.6088,0.8459
43355,2020-05-29,2235,"Haliburton, Kawartha, Pine Ridge District Health Unit",0.0074,230.0,1.22,0.4365,0.9726
43356,2020-05-29,2234,Haldimand-Norfolk Health Unit,0.0485,133.0,1.16,0.5336,0.9168
43357,2020-05-29,2233,Grey Bruce Health Unit,0.0036,119.0,0.7,0.3002,0.7807
43358,2020-05-29,2258,Eastern Ontario Health Unit,0.0092,280.0,1.34,0.647,0.9697
43359,2020-05-29,2230,Durham Regional Health Unit,0.0295,706.0,0.99,0.3975,0.9313
43360,2020-05-29,2226,District of Algoma Health Unit,0.001,144.0,1.25,0.3541,0.6432
43361,2020-05-29,3895,City of Toronto Health Unit,0.0646,3374.0,1.08,0.525,0.8977
43362,2020-05-29,2251,City of Ottawa Health Unit,0.0141,1235.0,1.17,0.7277,0.9408
43363,2020-05-29,2237,City of Hamilton Health Unit,0.0223,501.0,0.85,0.8277,0.9623
43364,2020-05-29,2240,Chatham-Kent Health Unit,0.0103,83.0,0.78,0.5974,0.9589
43365,2020-05-29,2227,Brant County Health Unit,0.003,190.0,1.22,0.3181,0.6922
43366,2020-05-28,2270,York Regional Health Unit,0.0424,893.0,0.73,0.5816,0.9569
43367,2020-05-28,2268,Windsor-Essex County Health Unit,0.0313,516.0,1.22,0.3004,0.9411
43368,2020-05-28,2266,Wellington-Dufferin-Guelph Health Unit,0.0121,343.0,1.1,0.2593,0.8269
43369,2020-05-28,2265,Waterloo Health Unit,0.0145,472.0,0.81,0.4231,0.8766
43370,2020-05-28,2263,Timiskaming Health Unit,0.0,40.0,1.24,0.2821,0.9377
43371,2020-05-28,2262,Thunder Bay District Health Unit,0.0008,176.0,1.18,0.2223,0.8411
43372,2020-05-28,2261,Sudbury and District Health Unit,0.0037,234.0,1.18,0.7586,0.9731
43373,2020-05-28,4913,Southwestern Public Health,0.0125,194.0,0.92,0.6873,0.9783
43374,2020-05-28,2260,Simcoe Muskoka District Health Unit,0.0121,592.0,0.99,0.3886,0.862
43375,2020-05-28,2257,Renfrew County and District Health Unit,0.0062,93.0,0.85,0.3745,0.7909
43376,2020-05-28,2256,Porcupine Health Unit,0.002,72.0,0.87,0.5338,0.7632
43377,2020-05-28,2255,Peterborough County-City Health Unit,0.007,203.0,1.37,0.5304,0.9436
43378,2020-05-28,2253,Peel Regional Health Unit,0.075,1208.0,0.75,0.6257,0.932
43379,2020-05-28,35,Ontario,0.0338,14077.0,0.95,0.5815,0.9228
43380,2020-05-28,2249,Northwestern Health Unit,0.0,86.0,0.98,0.1762,0.5605
43381,2020-05-28,2247,North Bay Parry Sound District Health Unit,0.0019,151.0,1.17,0.3467,0.7935
43382,2020-05-28,2246,Niagara Regional Area Health Unit,0.0208,371.0,0.78,0.6356,0.8606
43383,2020-05-28,2244,Middlesex-London Health Unit,0.0102,434.0,0.85,0.9028,0.9928
43384,2020-05-28,2243,"Leeds, Grenville and Lanark District Health Unit",0.0101,170.0,0.98,0.7476,0.9489
43385,2020-05-28,2242,Lambton Health Unit,0.0198,144.0,1.1,0.25,0.9372
43386,2020-05-28,2241,"Kingston, Frontenac and Lennox and Addington Health Unit",0.0027,158.0,0.74,0.9395,0.9934
43387,2020-05-28,5183,Huron Perth Health Unit,0.0052,110.0,0.79,0.4238,0.9399
43388,2020-05-28,2238,Hastings and Prince Edward Counties Health Unit,0.007,183.0,1.09,0.6464,0.9775
43389,2020-05-28,2236,Halton Regional Health Unit,0.0244,322.0,0.52,0.655,0.8618
43390,2020-05-28,2235,"Haliburton, Kawartha, Pine Ridge District Health Unit",0.0073,216.0,1.14,0.4463,0.9233
43391,2020-05-28,2234,Haldimand-Norfolk Health Unit,0.0016,174.0,1.53,0.5752,0.9293
43392,2020-05-28,2233,Grey Bruce Health Unit,0.0026,111.0,0.65,0.36,0.887
43393,2020-05-28,2258,Eastern Ontario Health Unit,0.0068,275.0,1.32,0.6857,0.9789
43394,2020-05-28,2230,Durham Regional Health Unit,0.0348,674.0,0.95,0.4436,0.9741
43395,2020-05-28,2226,District of Algoma Health Unit,0.0011,134.0,1.17,0.4026,0.6515
43396,2020-05-28,3895,City of Toronto Health Unit,0.0665,3292.0,1.06,0.577,0.9309
43397,2020-05-28,2251,City of Ottawa Health Unit,0.0144,1175.0,1.11,0.7955,0.9622
43398,2020-05-28,2237,City of Hamilton Health Unit,0.0258,471.0,0.8,0.8603,0.962
43399,2020-05-28,2240,Chatham-Kent Health Unit,0.0092,78.0,0.73,0.6828,0.9701
43400,2020-05-28,2227,Brant County Health Unit,0.003,190.0,1.22,0.368,0.7645
43401,2020-05-27,2270,York Regional Health Unit,0.0469,831.0,0.68,0.6515,0.9679
43402,2020-05-27,2268,Windsor-Essex County Health Unit,0.0377,421.0,0.99,0.4116,0.9717
43403,2020-05-27,2266,Wellington-Dufferin-Guelph Health Unit,0.0139,307.0,0.99,0.3092,0.8414
43404,2020-05-27,2265,Waterloo Health Unit,0.0169,422.0,0.72,0.4535,0.8771
43405,2020-05-27,2263,Timiskaming Health Unit,0.0,40.0,1.23,0.3377,0.9394
43406,2020-05-27,2262,Thunder Bay District Health Unit,0.0016,176.0,1.17,0.2541,0.8445
43407,2020-05-27,2261,Sudbury and District Health Unit,0.004,215.0,1.08,0.799,0.9696
43408,2020-05-27,4913,Southwestern Public Health,0.0121,189.0,0.89,0.7215,0.981
43409,2020-05-27,2260,Simcoe Muskoka District Health Unit,0.0149,537.0,0.9,0.4777,0.8489
43410,2020-05-27,2257,Renfrew County and District Health Unit,0.0065,87.0,0.8,0.375,0.8092
43411,2020-05-27,2256,Porcupine Health Unit,0.0022,65.0,0.78,0.4684,0.6996
43412,2020-05-27,2255,Peterborough County-City Health Unit,0.0119,157.0,1.06,0.4633,0.9396
43413,2020-05-27,2253,Peel Regional Health Unit,0.0805,1157.0,0.72,0.6964,0.9634
43414,2020-05-27,35,Ontario,0.0369,13040.0,0.88,0.6342,0.9369
43415,2020-05-27,2249,Northwestern Health Unit,0.0,77.0,0.88,0.1529,0.5103
43416,2020-05-27,2247,North Bay Parry Sound District Health Unit,0.001,142.0,1.1,0.3769,0.7827
43417,2020-05-27,2246,Niagara Regional Area Health Unit,0.022,344.0,0.73,0.646,0.8732
43418,2020-05-27,2244,Middlesex-London Health Unit,0.0107,399.0,0.79,0.952,0.9922
43419,2020-05-27,2243,"Leeds, Grenville and Lanark District Health Unit",0.0097,162.0,0.93,0.7937,0.9495
43420,2020-05-27,2242,Lambton Health Unit,0.028,138.0,1.05,0.2878,0.9353
43421,2020-05-27,2241,"Kingston, Frontenac and Lennox and Addington Health Unit",0.0027,156.0,0.73,0.943,0.99
43422,2020-05-27,5183,Huron Perth Health Unit,0.0056,103.0,0.74,0.4569,0.9441
43423,2020-05-27,2238,Hastings and Prince Edward Counties Health Unit,0.0088,162.0,0.96,0.6936,0.9727
43424,2020-05-27,2236,Halton Regional Health Unit,0.0251,290.0,0.47,0.7651,0.9183
43425,2020-05-27,2235,"Haliburton, Kawartha, Pine Ridge District Health Unit",0.007,203.0,1.07,0.4355,0.9226
43426,2020-05-27,2234,Haldimand-Norfolk Health Unit,0.0015,185.0,1.62,0.5965,0.9545
43427,2020-05-27,2233,Grey Bruce Health Unit,0.0067,107.0,0.63,0.4258,0.9302
43428,2020-05-27,2258,Eastern Ontario Health Unit,0.0069,249.0,1.19,0.7364,0.9806
43429,2020-05-27,2230,Durham Regional Health Unit,0.0376,593.0,0.83,0.497,0.9802
43430,2020-05-27,2226,District of Algoma Health Unit,0.0024,119.0,1.04,0.4297,0.6835
43431,2020-05-27,3895,City of Toronto Health Unit,0.0698,3152.0,1.01,0.6324,0.9516
43432,2020-05-27,2251,City of Ottawa Health Unit,0.015,1067.0,1.01,0.8933,0.9887
43433,2020-05-27,2237,City of Hamilton Health Unit,0.0282,445.0,0.75,0.8894,0.969
43434,2020-05-27,2240,Chatham-Kent Health Unit,0.0163,70.0,0.66,0.7118,0.9877
43435,2020-05-27,2227,Brant County Health Unit,0.0069,165.0,1.06,0.4408,0.8357
43436,2020-05-26,2270,York Regional Health Unit,0.0578,793.0,0.65,0.6977,0.9709
43437,2020-05-26,2268,Windsor-Essex County Health Unit,0.0515,330.0,0.78,0.4983,0.9511
43438,2020-05-26,2266,Wellington-Dufferin-Guelph Health Unit,0.0186,261.0,0.84,0.383,0.8287
43439,2020-05-26,2265,Waterloo Health Unit,0.0217,362.0,0.62,0.4367,0.8283
43440,2020-05-26,2263,Timiskaming Health Unit,0.0,40.0,1.23,0.4479,0.9264
43441,2020-05-26,2262,Thunder Bay District Health Unit,0.0033,175.0,1.17,0.2625,0.8159
43442,2020-05-26,2261,Sudbury and District Health Unit,0.0045,190.0,0.96,0.8315,0.9733
43443,2020-05-26,4913,Southwestern Public Health,0.0074,174.0,0.82,0.7772,0.9803
43444,2020-05-26,2260,Simcoe Muskoka District Health Unit,0.0188,465.0,0.77,0.5295,0.8292
43445,2020-05-26,2257,Renfrew County and District Health Unit,0.007,82.0,0.75,0.3015,0.6616
43446,2020-05-26,2256,Porcupine Health Unit,0.0043,67.0,0.8,0.4986,0.7041
43447,2020-05-26,2255,Peterborough County-City Health Unit,0.0153,122.0,0.82,0.5175,0.9359
43448,2020-05-26,2253,Peel Regional Health Unit,0.0893,1125.0,0.7,0.7516,0.9776
43449,2020-05-26,35,Ontario,0.0413,11928.0,0.8,0.6733,0.9351
43450,2020-05-26,2249,Northwestern Health Unit,0.0,76.0,0.87,0.1507,0.4306
43451,2020-05-26,2247,North Bay Parry Sound District Health Unit,0.0011,134.0,1.03,0.4031,0.777
43452,2020-05-26,2246,Niagara Regional Area Health Unit,0.0218,321.0,0.68,0.6726,0.8959
43453,2020-05-26,2244,Middlesex-London Health Unit,0.0121,354.0,0.7,0.9541,0.9897
43454,2020-05-26,2243,"Leeds, Grenville and Lanark District Health Unit",0.0137,146.0,0.84,0.7743,0.9433
43455,2020-05-26,2242,Lambton Health Unit,0.0347,115.0,0.88,0.3096,0.9118
43456,2020-05-26,2241,"Kingston, Frontenac and Lennox and Addington Health Unit",0.003,144.0,0.68,0.9441,0.9886
43457,2020-05-26,5183,Huron Perth Health Unit,0.0059,97.0,0.7,0.5141,0.9382
43458,2020-05-26,2238,Hastings and Prince Edward Counties Health Unit,0.0107,147.0,0.87,0.6965,0.9282
43459,2020-05-26,2236,Halton Regional Health Unit,0.027,270.0,0.44,0.7888,0.9377
43460,2020-05-26,2235,"Haliburton, Kawartha, Pine Ridge District Health Unit",0.009,175.0,0.93,0.4495,0.9147
43461,2020-05-26,2234,Haldimand-Norfolk Health Unit,0.0057,177.0,1.55,0.6028,0.9499
43462,2020-05-26,2233,Grey Bruce Health Unit,0.0074,97.0,0.57,0.4687,0.9212
43463,2020-05-26,2258,Eastern Ontario Health Unit,0.0072,237.0,1.13,0.7578,0.9756
43464,2020-05-26,2230,Durham Regional Health Unit,0.0403,531.0,0.75,0.5513,0.9807
43465,2020-05-26,2226,District of Algoma Health Unit,0.0041,105.0,0.91,0.3926,0.6185
43466,2020-05-26,3895,City of Toronto Health Unit,0.0731,2940.0,0.94,0.6796,0.9588
43467,2020-05-26,2251,City of Ottawa Health Unit,0.0178,947.0,0.9,0.9399,0.9873
43468,2020-05-26,2237,City of Hamilton Health Unit,0.0261,417.0,0.7,0.9042,0.9822
43469,2020-05-26,2240,Chatham-Kent Health Unit,0.0207,62.0,0.58,0.7941,0.9771
43470,2020-05-26,2227,Brant County Health Unit,0.0092,155.0,1.0,0.5142,0.8148
43471,2020-05-25,2270,York Regional Health Unit,0.0648,719.0,0.59,0.6803,0.9671
43472,2020-05-25,2268,Windsor-Essex County Health Unit,0.0781,245.0,0.58,0.4677,0.9477
43473,2020-05-25,2266,Wellington-Dufferin-Guelph Health Unit,0.0221,233.0,0.75,0.3799,0.8059
43474,2020-05-25,2265,Waterloo Health Unit,0.0272,315.0,0.54,0.3843,0.8039
43475,2020-05-25,2263,Timiskaming Health Unit,0.0,33.0,1.0,0.4133,0.92
43476,2020-05-25,2262,Thunder Bay District Health Unit,0.0026,164.0,1.1,0.2702,0.8086
43477,2020-05-25,2261,Sudbury and District Health Unit,0.0017,167.0,0.84,0.8077,0.9595
43478,2020-05-25,4913,Southwestern Public Health,0.0113,177.0,0.84,0.7577,0.9756
43479,2020-05-25,2260,Simcoe Muskoka District Health Unit,0.0247,388.0,0.65,0.5168,0.8303
43480,2020-05-25,2257,Renfrew County and District Health Unit,0.0065,88.0,0.81,0.3017,0.6722
43481,2020-05-25,2256,Porcupine Health Unit,0.0072,59.0,0.71,0.4193,0.6198
43482,2020-05-25,2255,Peterborough County-City Health Unit,0.0194,111.0,0.75,0.5294,0.9248
43483,2020-05-25,2253,Peel Regional Health Unit,0.0943,1046.0,0.65,0.755,0.9801
43484,2020-05-25,35,Ontario,0.0472,10620.0,0.72,0.664,0.9312
43485,2020-05-25,2249,Northwestern Health Unit,0.0,65.0,0.74,0.1523,0.4086
43486,2020-05-25,2247,North Bay Parry Sound District Health Unit,0.0029,98.0,0.75,0.3041,0.6536
43487,2020-05-25,2246,Niagara Regional Area Health Unit,0.0258,294.0,0.62,0.7275,0.9273
43488,2020-05-25,2244,Middlesex-London Health Unit,0.0161,310.0,0.61,0.9428,0.986
43489,2020-05-25,2243,"Leeds, Grenville and Lanark District Health Unit",0.0143,130.0,0.75,0.7361,0.9361
43490,2020-05-25,2242,Lambton Health Unit,0.0485,100.0,0.76,0.3084,0.9464
43491,2020-05-25,2241,"Kingston, Frontenac and Lennox and Addington Health Unit",0.0034,126.0,0.59,0.9444,0.9868
43492,2020-05-25,5183,Huron Perth Health Unit,0.0047,92.0,0.66,0.4778,0.9461
43493,2020-05-25,2238,Hastings and Prince Edward Counties Health Unit,0.0142,121.0,0.72,0.6681,0.9015
43494,2020-05-25,2236,Halton Regional Health Unit,0.0294,243.0,0.39,0.793,0.9364
43495,2020-05-25,2235,"Haliburton, Kawartha, Pine Ridge District Health Unit",0.015,171.0,0.91,0.4299,0.8788
43496,2020-05-25,2234,Haldimand-Norfolk Health Unit,0.0059,169.0,1.49,0.6026,0.9428
43497,2020-05-25,2233,Grey Bruce Health Unit,0.0122,82.0,0.48,0.4216,0.8983
43498,2020-05-25,2258,Eastern Ontario Health Unit,0.0072,199.0,0.95,0.7089,0.9729
43499,2020-05-25,2230,Durham Regional Health Unit,0.0436,491.0,0.69,0.564,0.977
43500,2020-05-25,2226,District of Algoma Health Unit,0.0046,93.0,0.81,0.4676,0.7546
43501,2020-05-25,3895,City of Toronto Health Unit,0.0814,2652.0,0.85,0.6882,0.961
43502,2020-05-25,2251,City of Ottawa Health Unit,0.0239,790.0,0.75,0.9175,0.9838
43503,2020-05-25,2237,City of Hamilton Health Unit,0.0258,382.0,0.64,0.8962,0.9735
43504,2020-05-25,2240,Chatham-Kent Health Unit,0.0326,53.0,0.49,0.7695,0.9716
43505,2020-05-25,2227,Brant County Health Unit,0.0127,135.0,0.87,0.5216,0.7968
43506,2020-05-24,2270,York Regional Health Unit,0.073,623.0,0.51,0.6955,0.9669
43507,2020-05-24,2268,Windsor-Essex County Health Unit,0.0899,188.0,0.44,0.4549,0.9135
43508,2020-05-24,2266,Wellington-Dufferin-Guelph Health Unit,0.0296,183.0,0.59,0.3833,0.8366
43509,2020-05-24,2265,Waterloo Health Unit,0.0339,266.0,0.45,0.4001,0.8352
43510,2020-05-24,2263,Timiskaming Health Unit,0.0,22.0,0.68,0.4277,0.8994
43511,2020-05-24,2262,Thunder Bay District Health Unit,0.003,143.0,0.95,0.2726,0.7996
43512,2020-05-24,2261,Sudbury and District Health Unit,0.001,144.0,0.72,0.8127,0.9617
43513,2020-05-24,4913,Southwestern Public Health,0.0123,152.0,0.72,0.7383,0.9804
43514,2020-05-24,2260,Simcoe Muskoka District Health Unit,0.0293,312.0,0.52,0.5323,0.857
43515,2020-05-24,2257,Renfrew County and District Health Unit,0.0049,87.0,0.8,0.3015,0.7066
43516,2020-05-24,2256,Porcupine Health Unit,0.0109,52.0,0.63,0.418,0.623
43517,2020-05-24,2255,Peterborough County-City Health Unit,0.0168,94.0,0.63,0.4712,0.8569
43518,2020-05-24,2253,Peel Regional Health Unit,0.1007,935.0,0.58,0.7709,0.9801
43519,2020-05-24,35,Ontario,0.0533,9005.0,0.61,0.6696,0.9299
43520,2020-05-24,2249,Northwestern Health Unit,0.0027,54.0,0.61,0.1615,0.4167
43521,2020-05-24,2247,North Bay Parry Sound District Health Unit,0.0018,78.0,0.6,0.2924,0.6713
43522,2020-05-24,2246,Niagara Regional Area Health Unit,0.0279,271.0,0.57,0.715,0.9387
43523,2020-05-24,2244,Middlesex-London Health Unit,0.0188,251.0,0.49,0.9135,0.9839
43524,2020-05-24,2243,"Leeds, Grenville and Lanark District Health Unit",0.0192,104.0,0.6,0.7955,0.9667
43525,2020-05-24,2242,Lambton Health Unit,0.0447,89.0,0.68,0.3093,0.9476
43526,2020-05-24,2241,"Kingston, Frontenac and Lennox and Addington Health Unit",0.0029,98.0,0.46,0.9439,0.9852
43527,2020-05-24,5183,Huron Perth Health Unit,0.0038,75.0,0.54,0.4457,0.9086
43528,2020-05-24,2238,Hastings and Prince Edward Counties Health Unit,0.0176,97.0,0.58,0.669,0.9008
43529,2020-05-24,2236,Halton Regional Health Unit,0.0273,215.0,0.35,0.7802,0.9442
43530,2020-05-24,2235,"Haliburton, Kawartha, Pine Ridge District Health Unit",0.0188,144.0,0.76,0.4541,0.8782
43531,2020-05-24,2234,Haldimand-Norfolk Health Unit,0.0078,146.0,1.28,0.608,0.9265
43532,2020-05-24,2233,Grey Bruce Health Unit,0.0131,66.0,0.39,0.3764,0.8026
43533,2020-05-24,2258,Eastern Ontario Health Unit,0.0093,154.0,0.74,0.7417,0.968
43534,2020-05-24,2230,Durham Regional Health Unit,0.0484,437.0,0.61,0.5784,0.9776
43535,2020-05-24,2226,District of Algoma Health Unit,0.0072,79.0,0.69,0.4564,0.7592
43536,2020-05-24,3895,City of Toronto Health Unit,0.0888,2300.0,0.74,0.7098,0.9625
43537,2020-05-24,2251,City of Ottawa Health Unit,0.0324,613.0,0.58,0.9186,0.9857
43538,2020-05-24,2237,City of Hamilton Health Unit,0.0283,328.0,0.55,0.909,0.9701
43539,2020-05-24,2240,Chatham-Kent Health Unit,0.0507,39.0,0.37,0.6769,0.9218
43540,2020-05-24,2227,Brant County Health Unit,0.0184,101.0,0.65,0.4246,0.6659
43541,2020-05-23,2270,York Regional Health Unit,0.0749,599.0,0.49,0.6961,0.9463
43542,2020-05-23,2268,Windsor-Essex County Health Unit,0.0953,181.0,0.43,0.3855,0.8547
43543,2020-05-23,2266,Wellington-Dufferin-Guelph Health Unit,0.0328,174.0,0.56,0.3699,0.7754
43544,2020-05-23,2265,Waterloo Health Unit,0.0393,254.0,0.44,0.3506,0.7338
43545,2020-05-23,2263,Timiskaming Health Unit,0.0,23.0,0.7,0.3944,0.8611
43546,2020-05-23,2262,Thunder Bay District Health Unit,0.0031,137.0,0.91,0.3192,0.8513
43547,2020-05-23,2261,Sudbury and District Health Unit,0.001,141.0,0.71,0.7886,0.9561
43548,2020-05-23,4913,Southwestern Public Health,0.0135,148.0,0.7,0.6557,0.9096
43549,2020-05-23,2260,Simcoe Muskoka District Health Unit,0.0283,303.0,0.5,0.5009,0.8484
43550,2020-05-23,2257,Renfrew County and District Health Unit,0.0048,90.0,0.83,0.3001,0.6999
43551,2020-05-23,2256,Porcupine Health Unit,0.0115,50.0,0.59,0.4016,0.5931
43552,2020-05-23,2255,Peterborough County-City Health Unit,0.0187,84.0,0.57,0.4081,0.7866
43553,2020-05-23,2253,Peel Regional Health Unit,0.1001,899.0,0.56,0.764,0.9681
43554,2020-05-23,35,Ontario,0.0557,8634.0,0.58,0.6504,0.9021
43555,2020-05-23,2249,Northwestern Health Unit,0.0027,52.0,0.6,0.1796,0.4192
43556,2020-05-23,2247,North Bay Parry Sound District Health Unit,0.002,72.0,0.55,0.2956,0.6355
43557,2020-05-23,2246,Niagara Regional Area Health Unit,0.0305,239.0,0.51,0.6729,0.8853
43558,2020-05-23,2244,Middlesex-London Health Unit,0.0245,239.0,0.47,0.7979,0.9463
43559,2020-05-23,2243,"Leeds, Grenville and Lanark District Health Unit",0.0192,104.0,0.6,0.7535,0.9654
43560,2020-05-23,2242,Lambton Health Unit,0.0433,89.0,0.68,0.316,0.93
43561,2020-05-23,2241,"Kingston, Frontenac and Lennox and Addington Health Unit",0.003,97.0,0.45,0.9341,0.9756
43562,2020-05-23,5183,Huron Perth Health Unit,0.0059,73.0,0.52,0.4173,0.8484
43563,2020-05-23,2238,Hastings and Prince Edward Counties Health Unit,0.0195,95.0,0.56,0.6621,0.8942
43564,2020-05-23,2236,Halton Regional Health Unit,0.0351,203.0,0.33,0.6957,0.9341
43565,2020-05-23,2235,"Haliburton, Kawartha, Pine Ridge District Health Unit",0.02,136.0,0.72,0.4516,0.8407
43566,2020-05-23,2234,Haldimand-Norfolk Health Unit,0.0087,132.0,1.16,0.5833,0.8103
43567,2020-05-23,2233,Grey Bruce Health Unit,0.0128,67.0,0.39,0.266,0.5395
43568,2020-05-23,2258,Eastern Ontario Health Unit,0.0084,153.0,0.73,0.7583,0.9625
43569,2020-05-23,2230,Durham Regional Health Unit,0.0511,414.0,0.58,0.6304,0.9697
43570,2020-05-23,2226,District of Algoma Health Unit,0.0074,77.0,0.67,0.4265,0.75
43571,2020-05-23,3895,City of Toronto Health Unit,0.0922,2225.0,0.71,0.713,0.9521
43572,2020-05-23,2251,City of Ottawa Health Unit,0.0363,590.0,0.56,0.9113,0.9853
43573,2020-05-23,2237,City of Hamilton Health Unit,0.0312,297.0,0.5,0.8654,0.9474
43574,2020-05-23,2240,Chatham-Kent Health Unit,0.0425,37.0,0.35,0.5797,0.8877
43575,2020-05-23,2227,Brant County Health Unit,0.0224,96.0,0.62,0.3876,0.5644
43576,2020-05-22,2270,York Regional Health Unit,0.0771,585.0,0.48,0.6713,0.9247
43577,2020-05-22,2268,Windsor-Essex County Health Unit,0.0895,172.0,0.41,0.3166,0.7954
43578,2020-05-22,2266,Wellington-Dufferin-Guelph Health Unit,0.0344,174.0,0.56,0.277,0.6346
43579,2020-05-22,2265,Waterloo Health Unit,0.0421,261.0,0.45,0.252,0.5814
43580,2020-05-22,2263,Timiskaming Health Unit,0.0,23.0,0.7,0.3293,0.8084
43581,2020-05-22,2262,Thunder Bay District Health Unit,0.0032,133.0,0.89,0.272,0.8051
43582,2020-05-22,2261,Sudbury and District Health Unit,0.001,138.0,0.7,0.771,0.9557
43583,2020-05-22,4913,Southwestern Public Health,0.0156,146.0,0.69,0.5345,0.8681
43584,2020-05-22,2260,Simcoe Muskoka District Health Unit,0.0287,303.0,0.51,0.4111,0.8172
43585,2020-05-22,2257,Renfrew County and District Health Unit,0.0045,95.0,0.88,0.2996,0.7077
43586,2020-05-22,2256,Porcupine Health Unit,0.0116,49.0,0.59,0.4448,0.6716
43587,2020-05-22,2255,Peterborough County-City Health Unit,0.0184,85.0,0.58,0.3936,0.7487
43588,2020-05-22,2253,Peel Regional Health Unit,0.0988,862.0,0.54,0.7327,0.9536
43589,2020-05-22,35,Ontario,0.0575,8469.0,0.57,0.5948,0.8582
43590,2020-05-22,2249,Northwestern Health Unit,0.0054,53.0,0.6,0.1972,0.4498
43591,2020-05-22,2247,North Bay Parry Sound District Health Unit,0.002,73.0,0.56,0.3217,0.5808
43592,2020-05-22,2246,Niagara Regional Area Health Unit,0.0289,247.0,0.52,0.6505,0.8586
43593,2020-05-22,2244,Middlesex-London Health Unit,0.0229,231.0,0.46,0.6229,0.8499
43594,2020-05-22,2243,"Leeds, Grenville and Lanark District Health Unit",0.0185,100.0,0.58,0.7183,0.9721
43595,2020-05-22,2242,Lambton Health Unit,0.0487,88.0,0.67,0.182,0.7107
43596,2020-05-22,2241,"Kingston, Frontenac and Lennox and Addington Health Unit",0.0029,100.0,0.47,0.9276,0.9719
43597,2020-05-22,5183,Huron Perth Health Unit,0.0061,70.0,0.5,0.3757,0.7984
43598,2020-05-22,2238,Hastings and Prince Edward Counties Health Unit,0.0176,97.0,0.58,0.6267,0.8871
43599,2020-05-22,2236,Halton Regional Health Unit,0.0339,198.0,0.32,0.5807,0.8438
43600,2020-05-22,2235,"Haliburton, Kawartha, Pine Ridge District Health Unit",0.0232,135.0,0.72,0.3873,0.8119
43601,2020-05-22,2234,Haldimand-Norfolk Health Unit,0.0083,121.0,1.06,0.3927,0.6453
43602,2020-05-22,2233,Grey Bruce Health Unit,0.0104,69.0,0.4,0.2316,0.4793
43603,2020-05-22,2258,Eastern Ontario Health Unit,0.0084,137.0,0.65,0.7361,0.964
43604,2020-05-22,2230,Durham Regional Health Unit,0.0547,413.0,0.58,0.6201,0.9533
43605,2020-05-22,2226,District of Algoma Health Unit,0.0076,75.0,0.66,0.3789,0.6396
43606,2020-05-22,3895,City of Toronto Health Unit,0.0965,2199.0,0.7,0.6817,0.9194
43607,2020-05-22,2251,City of Ottawa Health Unit,0.0424,566.0,0.54,0.8709,0.9794
43608,2020-05-22,2237,City of Hamilton Health Unit,0.0358,276.0,0.47,0.7901,0.9226
43609,2020-05-22,2240,Chatham-Kent Health Unit,0.0464,34.0,0.32,0.4805,0.7955
43610,2020-05-22,2227,Brant County Health Unit,0.0241,95.0,0.61,0.329,0.5717
43611,2020-05-21,2270,York Regional Health Unit,0.0835,570.0,0.47,0.5906,0.8411
43612,2020-05-21,2268,Windsor-Essex County Health Unit,0.0864,177.0,0.42,0.2533,0.7189
43613,2020-05-21,2266,Wellington-Dufferin-Guelph Health Unit,0.0373,165.0,0.53,0.2139,0.5972
43614,2020-05-21,2265,Waterloo Health Unit,0.0448,252.0,0.43,0.2213,0.5336
43615,2020-05-21,2263,Timiskaming Health Unit,0.0,22.0,0.68,0.2766,0.7021
43616,2020-05-21,2262,Thunder Bay District Health Unit,0.0037,117.0,0.78,0.2304,0.731
43617,2020-05-21,2261,Sudbury and District Health Unit,0.001,143.0,0.72,0.6965,0.8722
43618,2020-05-21,4913,Southwestern Public Health,0.0138,135.0,0.64,0.4141,0.7861
43619,2020-05-21,2260,Simcoe Muskoka District Health Unit,0.0294,302.0,0.5,0.3875,0.852
43620,2020-05-21,2257,Renfrew County and District Health Unit,0.0013,109.0,1.0,0.2175,0.6407
43621,2020-05-21,2256,Porcupine Health Unit,0.0117,49.0,0.59,0.3087,0.4565
43622,2020-05-21,2255,Peterborough County-City Health Unit,0.0198,94.0,0.63,0.3337,0.6698
43623,2020-05-21,2253,Peel Regional Health Unit,0.1042,812.0,0.51,0.7064,0.9347
43624,2020-05-21,35,Ontario,0.0607,8318.0,0.56,0.5296,0.8055
43625,2020-05-21,2249,Northwestern Health Unit,0.0088,49.0,0.55,0.1529,0.4
43626,2020-05-21,2247,North Bay Parry Sound District Health Unit,0.0075,77.0,0.59,0.2894,0.4929
43627,2020-05-21,2246,Niagara Regional Area Health Unit,0.024,273.0,0.58,0.5889,0.8313
43628,2020-05-21,2244,Middlesex-London Health Unit,0.0236,224.0,0.44,0.5086,0.828
43629,2020-05-21,2243,"Leeds, Grenville and Lanark District Health Unit",0.0213,107.0,0.62,0.6251,0.9198
43630,2020-05-21,2242,Lambton Health Unit,0.0611,75.0,0.57,0.1375,0.562
43631,2020-05-21,2241,"Kingston, Frontenac and Lennox and Addington Health Unit",0.0015,95.0,0.45,0.9001,0.9595
43632,2020-05-21,5183,Huron Perth Health Unit,0.0065,66.0,0.47,0.2802,0.7159
43633,2020-05-21,2238,Hastings and Prince Edward Counties Health Unit,0.013,99.0,0.59,0.6131,0.8875
43634,2020-05-21,2236,Halton Regional Health Unit,0.0384,227.0,0.37,0.4864,0.7482
43635,2020-05-21,2235,"Haliburton, Kawartha, Pine Ridge District Health Unit",0.0242,136.0,0.72,0.3234,0.7018
43636,2020-05-21,2234,Haldimand-Norfolk Health Unit,0.0194,66.0,0.58,0.3738,0.6047
43637,2020-05-21,2233,Grey Bruce Health Unit,0.0121,71.0,0.42,0.171,0.3465
43638,2020-05-21,2258,Eastern Ontario Health Unit,0.0134,128.0,0.61,0.6266,0.9461
43639,2020-05-21,2230,Durham Regional Health Unit,0.0599,379.0,0.53,0.5706,0.9226
43640,2020-05-21,2226,District of Algoma Health Unit,0.0076,75.0,0.66,0.3486,0.6133
43641,2020-05-21,3895,City of Toronto Health Unit,0.1041,2151.0,0.69,0.624,0.879
43642,2020-05-21,2251,City of Ottawa Health Unit,0.0424,593.0,0.56,0.7442,0.8918
43643,2020-05-21,2237,City of Hamilton Health Unit,0.0316,276.0,0.47,0.7167,0.8614
43644,2020-05-21,2240,Chatham-Kent Health Unit,0.0476,36.0,0.34,0.3994,0.7523
43645,2020-05-21,2227,Brant County Health Unit,0.0206,111.0,0.71,0.3295,0.5544
43646,2020-05-20,2270,York Regional Health Unit,0.0809,565.0,0.46,0.5144,0.7951
43647,2020-05-20,2268,Windsor-Essex County Health Unit,0.0831,177.0,0.42,0.1449,0.5981
43648,2020-05-20,2266,Wellington-Dufferin-Guelph Health Unit,0.0374,179.0,0.58,0.191,0.5469
43649,2020-05-20,2265,Waterloo Health Unit,0.0438,277.0,0.47,0.1853,0.4502
43650,2020-05-20,2263,Timiskaming Health Unit,0.0,20.0,0.62,0.2222,0.6471
43651,2020-05-20,2262,Thunder Bay District Health Unit,0.0027,107.0,0.71,0.1838,0.6127
43652,2020-05-20,2261,Sudbury and District Health Unit,0.0019,148.0,0.75,0.5669,0.7242
43653,2020-05-20,4913,Southwestern Public Health,0.015,143.0,0.68,0.3215,0.7738
43654,2020-05-20,2260,Simcoe Muskoka District Health Unit,0.0208,364.0,0.61,0.3332,0.8237
43655,2020-05-20,2257,Renfrew County and District Health Unit,0.0014,105.0,0.97,0.1816,0.6333
43656,2020-05-20,2256,Porcupine Health Unit,0.0122,47.0,0.56,0.3092,0.4978
43657,2020-05-20,2255,Peterborough County-City Health Unit,0.0134,96.0,0.65,0.2663,0.5691
43658,2020-05-20,2253,Peel Regional Health Unit,0.1033,795.0,0.5,0.6749,0.9061
43659,2020-05-20,35,Ontario,0.0581,8569.0,0.58,0.4757,0.7537
43660,2020-05-20,2249,Northwestern Health Unit,0.009,47.0,0.54,0.1056,0.2236
43661,2020-05-20,2247,North Bay Parry Sound District Health Unit,0.0113,76.0,0.58,0.1791,0.4643
43662,2020-05-20,2246,Niagara Regional Area Health Unit,0.0225,311.0,0.66,0.5173,0.7636
43663,2020-05-20,2244,Middlesex-London Health Unit,0.0251,227.0,0.45,0.397,0.7538
43664,2020-05-20,2243,"Leeds, Grenville and Lanark District Health Unit",0.0178,113.0,0.65,0.5767,0.8905
43665,2020-05-20,2242,Lambton Health Unit,0.0626,68.0,0.52,0.1174,0.5316
43666,2020-05-20,2241,"Kingston, Frontenac and Lennox and Addington Health Unit",0.0015,95.0,0.45,0.8968,0.9692
43667,2020-05-20,5183,Huron Perth Health Unit,0.0023,61.0,0.44,0.2254,0.6155
43668,2020-05-20,2238,Hastings and Prince Edward Counties Health Unit,0.0104,110.0,0.65,0.5916,0.8746
43669,2020-05-20,2236,Halton Regional Health Unit,0.0376,243.0,0.39,0.4365,0.7284
43670,2020-05-20,2235,"Haliburton, Kawartha, Pine Ridge District Health Unit",0.0207,166.0,0.88,0.2941,0.6157
43671,2020-05-20,2234,Haldimand-Norfolk Health Unit,0.0259,61.0,0.53,0.2572,0.5178
43672,2020-05-20,2233,Grey Bruce Health Unit,0.0072,79.0,0.47,0.1373,0.2822
43673,2020-05-20,2258,Eastern Ontario Health Unit,0.0171,125.0,0.6,0.5335,0.9017
43674,2020-05-20,2230,Durham Regional Health Unit,0.0578,371.0,0.52,0.5657,0.8858
43675,2020-05-20,2226,District of Algoma Health Unit,0.0067,64.0,0.56,0.3174,0.5583
43676,2020-05-20,3895,City of Toronto Health Unit,0.1033,2160.0,0.69,0.5819,0.8243
43677,2020-05-20,2251,City of Ottawa Health Unit,0.0416,632.0,0.6,0.6928,0.8888
43678,2020-05-20,2237,City of Hamilton Health Unit,0.0275,286.0,0.48,0.6565,0.8047
43679,2020-05-20,2240,Chatham-Kent Health Unit,0.0356,36.0,0.34,0.3282,0.6811
43680,2020-05-20,2227,Brant County Health Unit,0.0136,148.0,0.95,0.3025,0.5138
43681,2020-05-19,2270,York Regional Health Unit,0.0752,532.0,0.43,0.4486,0.7679
43682,2020-05-19,2268,Windsor-Essex County Health Unit,0.0822,172.0,0.4,0.0992,0.5529
43683,2020-05-19,2266,Wellington-Dufferin-Guelph Health Unit,0.029,246.0,0.79,0.2174,0.5452
43684,2020-05-19,2265,Waterloo Health Unit,0.04,315.0,0.54,0.1829,0.4347
43685,2020-05-19,2263,Timiskaming Health Unit,0.0,18.0,0.55,0.2033,0.5714
43686,2020-05-19,2262,Thunder Bay District Health Unit,0.0,102.0,0.68,0.186,0.6151
43687,2020-05-19,2261,Sudbury and District Health Unit,0.0028,154.0,0.77,0.5335,0.6976
43688,2020-05-19,4913,Southwestern Public Health,0.0166,147.0,0.69,0.2379,0.7386
43689,2020-05-19,2260,Simcoe Muskoka District Health Unit,0.0174,451.0,0.75,0.3103,0.8428
43690,2020-05-19,2257,Renfrew County and District Health Unit,0.0013,106.0,0.97,0.2328,0.7401
43691,2020-05-19,2256,Porcupine Health Unit,0.0104,41.0,0.49,0.2971,0.5061
43692,2020-05-19,2255,Peterborough County-City Health Unit,0.0115,99.0,0.67,0.224,0.4379
43693,2020-05-19,2253,Peel Regional Health Unit,0.1001,773.0,0.48,0.6134,0.8617
43694,2020-05-19,35,Ontario,0.0549,9069.0,0.61,0.4295,0.7255
43695,2020-05-19,2249,Northwestern Health Unit,0.0133,43.0,0.49,0.1103,0.2015
43696,2020-05-19,2247,North Bay Parry Sound District Health Unit,0.0111,77.0,0.59,0.1565,0.4127
43697,2020-05-19,2246,Niagara Regional Area Health Unit,0.0227,358.0,0.76,0.4919,0.728
43698,2020-05-19,2244,Middlesex-London Health Unit,0.0206,264.0,0.52,0.3364,0.7752
43699,2020-05-19,2243,"Leeds, Grenville and Lanark District Health Unit",0.0147,126.0,0.73,0.51,0.8404
43700,2020-05-19,2242,Lambton Health Unit,0.0601,83.0,0.63,0.1038,0.5587
43701,2020-05-19,2241,"Kingston, Frontenac and Lennox and Addington Health Unit",0.0025,112.0,0.53,0.8802,0.933
43702,2020-05-19,5183,Huron Perth Health Unit,0.0047,60.0,0.43,0.1705,0.5763
43703,2020-05-19,2238,Hastings and Prince Edward Counties Health Unit,0.0085,118.0,0.7,0.4627,0.6945
43704,2020-05-19,2236,Halton Regional Health Unit,0.0361,269.0,0.43,0.4094,0.7043
43705,2020-05-19,2235,"Haliburton, Kawartha, Pine Ridge District Health Unit",0.0246,180.0,0.95,0.2541,0.5503
43706,2020-05-19,2234,Haldimand-Norfolk Health Unit,0.0138,62.0,0.54,0.2883,0.5475
43707,2020-05-19,2233,Grey Bruce Health Unit,0.0071,100.0,0.59,0.1282,0.2572
43708,2020-05-19,2258,Eastern Ontario Health Unit,0.0184,132.0,0.63,0.4843,0.8963
43709,2020-05-19,2230,Durham Regional Health Unit,0.0617,377.0,0.53,0.5394,0.8539
43710,2020-05-19,2226,District of Algoma Health Unit,0.0091,63.0,0.55,0.3234,0.5518
43711,2020-05-19,3895,City of Toronto Health Unit,0.0996,2259.0,0.72,0.5198,0.7979
43712,2020-05-19,2251,City of Ottawa Health Unit,0.0412,676.0,0.64,0.6021,0.8382
43713,2020-05-19,2237,City of Hamilton Health Unit,0.0306,285.0,0.48,0.586,0.7522
43714,2020-05-19,2240,Chatham-Kent Health Unit,0.0352,37.0,0.34,0.3061,0.6576
43715,2020-05-19,2227,Brant County Health Unit,0.0123,162.0,1.05,0.2854,0.5261
43716,2020-05-18,2270,York Regional Health Unit,0.068,555.0,0.45,0.439,0.7533
43717,2020-05-18,2268,Windsor-Essex County Health Unit,0.0696,185.0,0.43,0.1121,0.5149
43718,2020-05-18,2266,Wellington-Dufferin-Guelph Health Unit,0.022,273.0,0.87,0.2145,0.5347
43719,2020-05-18,2265,Waterloo Health Unit,0.0337,395.0,0.68,0.1652,0.4195
43720,2020-05-18,2263,Timiskaming Health Unit,0.0,19.0,0.57,0.2073,0.5596
43721,2020-05-18,2262,Thunder Bay District Health Unit,0.0014,105.0,0.7,0.1771,0.6128
43722,2020-05-18,2261,Sudbury and District Health Unit,0.0033,171.0,0.86,0.5496,0.698
43723,2020-05-18,4913,Southwestern Public Health,0.0092,171.0,0.81,0.2423,0.7362
43724,2020-05-18,2260,Simcoe Muskoka District Health Unit,0.0135,550.0,0.92,0.3185,0.8499
43725,2020-05-18,2257,Renfrew County and District Health Unit,0.0012,117.0,1.08,0.223,0.7174
43726,2020-05-18,2256,Porcupine Health Unit,0.0077,56.0,0.67,0.4448,0.6089
43727,2020-05-18,2255,Peterborough County-City Health Unit,0.0102,112.0,0.76,0.2865,0.465
43728,2020-05-18,2253,Peel Regional Health Unit,0.0975,780.0,0.49,0.589,0.8574
43729,2020-05-18,35,Ontario,0.05,9797.0,0.66,0.4269,0.7103
43730,2020-05-18,2249,Northwestern Health Unit,0.0126,45.0,0.52,0.1172,0.2098
43731,2020-05-18,2247,North Bay Parry Sound District Health Unit,0.0095,121.0,0.93,0.2011,0.4402
43732,2020-05-18,2246,Niagara Regional Area Health Unit,0.0174,428.0,0.9,0.4486,0.6802
43733,2020-05-18,2244,Middlesex-London Health Unit,0.0164,297.0,0.59,0.4193,0.8017
43734,2020-05-18,2243,"Leeds, Grenville and Lanark District Health Unit",0.0147,146.0,0.84,0.5262,0.7906
43735,2020-05-18,2242,Lambton Health Unit,0.0444,103.0,0.79,0.1306,0.5576
43736,2020-05-18,2241,"Kingston, Frontenac and Lennox and Addington Health Unit",0.0019,154.0,0.73,0.8805,0.931
43737,2020-05-18,5183,Huron Perth Health Unit,0.0072,60.0,0.43,0.1723,0.5636
43738,2020-05-18,2238,Hastings and Prince Edward Counties Health Unit,0.0071,121.0,0.72,0.4833,0.7023
43739,2020-05-18,2236,Halton Regional Health Unit,0.0391,307.0,0.5,0.3899,0.6758
43740,2020-05-18,2235,"Haliburton, Kawartha, Pine Ridge District Health Unit",0.02,186.0,0.98,0.2566,0.533
43741,2020-05-18,2234,Haldimand-Norfolk Health Unit,0.0152,75.0,0.66,0.2937,0.5477
43742,2020-05-18,2233,Grey Bruce Health Unit,0.0033,131.0,0.77,0.1372,0.267
43743,2020-05-18,2258,Eastern Ontario Health Unit,0.0176,138.0,0.66,0.4822,0.889
43744,2020-05-18,2230,Durham Regional Health Unit,0.063,354.0,0.5,0.5069,0.7909
43745,2020-05-18,2226,District of Algoma Health Unit,0.0109,66.0,0.57,0.2964,0.5196
43746,2020-05-18,3895,City of Toronto Health Unit,0.0987,2187.0,0.7,0.5079,0.7776
43747,2020-05-18,2251,City of Ottawa Health Unit,0.0366,804.0,0.76,0.5765,0.7845
43748,2020-05-18,2237,City of Hamilton Health Unit,0.0494,301.0,0.51,0.5791,0.7359
43749,2020-05-18,2240,Chatham-Kent Health Unit,0.0225,38.0,0.36,0.3256,0.6628
43750,2020-05-18,2227,Brant County Health Unit,0.0114,175.0,1.13,0.3014,0.5405
43751,2020-05-17,2270,York Regional Health Unit,0.0675,614.0,0.5,0.4115,0.7247
43752,2020-05-17,2268,Windsor-Essex County Health Unit,0.0654,223.0,0.52,0.0876,0.4147
43753,2020-05-17,2266,Wellington-Dufferin-Guelph Health Unit,0.0201,305.0,0.98,0.2078,0.509
43754,2020-05-17,2265,Waterloo Health Unit,0.035,421.0,0.72,0.1418,0.3683
43755,2020-05-17,2263,Timiskaming Health Unit,0.0,22.0,0.66,0.1889,0.5389
43756,2020-05-17,2262,Thunder Bay District Health Unit,0.0012,118.0,0.79,0.1653,0.5674
43757,2020-05-17,2261,Sudbury and District Health Unit,0.0031,227.0,1.14,0.5304,0.674
43758,2020-05-17,4913,Southwestern Public Health,0.01,185.0,0.87,0.2516,0.7295
43759,2020-05-17,2260,Simcoe Muskoka District Health Unit,0.0122,678.0,1.13,0.3115,0.8329
43760,2020-05-17,2257,Renfrew County and District Health Unit,0.0023,126.0,1.16,0.2188,0.7215
43761,2020-05-17,2256,Porcupine Health Unit,0.0072,80.0,0.95,0.3586,0.5099
43762,2020-05-17,2255,Peterborough County-City Health Unit,0.008,142.0,0.96,0.2935,0.4552
43763,2020-05-17,2253,Peel Regional Health Unit,0.1016,825.0,0.51,0.5622,0.8328
43764,2020-05-17,35,Ontario,0.047,11332.0,0.76,0.402,0.6753
43765,2020-05-17,2249,Northwestern Health Unit,0.0088,49.0,0.56,0.1019,0.1986
43766,2020-05-17,2247,North Bay Parry Sound District Health Unit,0.0096,148.0,1.14,0.1679,0.395
43767,2020-05-17,2246,Niagara Regional Area Health Unit,0.0176,479.0,1.01,0.4017,0.6238
43768,2020-05-17,2244,Middlesex-London Health Unit,0.0142,432.0,0.85,0.4043,0.7675
43769,2020-05-17,2243,"Leeds, Grenville and Lanark District Health Unit",0.0157,191.0,1.1,0.4355,0.6732
43770,2020-05-17,2242,Lambton Health Unit,0.0408,119.0,0.91,0.1191,0.527
43771,2020-05-17,2241,"Kingston, Frontenac and Lennox and Addington Health Unit",0.0022,196.0,0.92,0.8836,0.9257
43772,2020-05-17,5183,Huron Perth Health Unit,0.0062,69.0,0.5,0.1686,0.5348
43773,2020-05-17,2238,Hastings and Prince Edward Counties Health Unit,0.0098,131.0,0.77,0.4797,0.6883
43774,2020-05-17,2236,Halton Regional Health Unit,0.0393,338.0,0.55,0.3916,0.672
43775,2020-05-17,2235,"Haliburton, Kawartha, Pine Ridge District Health Unit",0.0186,208.0,1.1,0.2323,0.4783
43776,2020-05-17,2234,Haldimand-Norfolk Health Unit,0.0109,91.0,0.8,0.2921,0.5496
43777,2020-05-17,2233,Grey Bruce Health Unit,0.0073,156.0,0.92,0.123,0.2498
43778,2020-05-17,2258,Eastern Ontario Health Unit,0.0143,150.0,0.72,0.4749,0.8813
43779,2020-05-17,2230,Durham Regional Health Unit,0.0601,380.0,0.53,0.4488,0.7137
43780,2020-05-17,2226,District of Algoma Health Unit,0.0078,73.0,0.64,0.2698,0.4603
43781,2020-05-17,3895,City of Toronto Health Unit,0.0919,2568.0,0.82,0.4811,0.7529
43782,2020-05-17,2251,City of Ottawa Health Unit,0.0319,908.0,0.86,0.5359,0.7419
43783,2020-05-17,2237,City of Hamilton Health Unit,0.0458,346.0,0.58,0.5459,0.6938
43784,2020-05-17,2240,Chatham-Kent Health Unit,0.0138,41.0,0.39,0.2958,0.5306
43785,2020-05-17,2227,Brant County Health Unit,0.0116,209.0,1.35,0.3355,0.5982
43786,2020-05-16,2270,York Regional Health Unit,0.0671,611.0,0.5,0.3653,0.7357
43787,2020-05-16,2268,Windsor-Essex County Health Unit,0.0617,232.0,0.55,0.0778,0.3609
43788,2020-05-16,2266,Wellington-Dufferin-Guelph Health Unit,0.0188,304.0,0.98,0.1988,0.4805
43789,2020-05-16,2265,Waterloo Health Unit,0.0323,424.0,0.73,0.1316,0.3235
43790,2020-05-16,2263,Timiskaming Health Unit,0.0,21.0,0.66,0.1552,0.5172
43791,2020-05-16,2262,Thunder Bay District Health Unit,0.0012,119.0,0.8,0.1284,0.4487
43792,2020-05-16,2261,Sudbury and District Health Unit,0.0031,231.0,1.16,0.5025,0.6261
43793,2020-05-16,4913,Southwestern Public Health,0.0115,187.0,0.88,0.264,0.709
43794,2020-05-16,2260,Simcoe Muskoka District Health Unit,0.0132,701.0,1.17,0.3187,0.8373
43795,2020-05-16,2257,Renfrew County and District Health Unit,0.0044,129.0,1.19,0.2097,0.6976
43796,2020-05-16,2256,Porcupine Health Unit,0.007,81.0,0.98,0.2919,0.43
43797,2020-05-16,2255,Peterborough County-City Health Unit,0.0078,165.0,1.11,0.3009,0.4243
43798,2020-05-16,2253,Peel Regional Health Unit,0.0956,855.0,0.53,0.5609,0.8257
43799,2020-05-16,35,Ontario,0.0455,11495.0,0.78,0.3811,0.6514
43800,2020-05-16,2249,Northwestern Health Unit,0.0088,49.0,0.55,0.0813,0.1775
43801,2020-05-16,2247,North Bay Parry Sound District Health Unit,0.0094,152.0,1.17,0.1406,0.3569
43802,2020-05-16,2246,Niagara Regional Area Health Unit,0.0175,505.0,1.07,0.3913,0.6049
43803,2020-05-16,2244,Middlesex-London Health Unit,0.012,427.0,0.84,0.4122,0.7318
43804,2020-05-16,2243,"Leeds, Grenville and Lanark District Health Unit",0.0163,193.0,1.11,0.4224,0.66
43805,2020-05-16,2242,Lambton Health Unit,0.0388,118.0,0.9,0.1122,0.4725
43806,2020-05-16,2241,"Kingston, Frontenac and Lennox and Addington Health Unit",0.0022,191.0,0.9,0.7565,0.8831
43807,2020-05-16,5183,Huron Perth Health Unit,0.0042,69.0,0.49,0.1541,0.505
43808,2020-05-16,2238,Hastings and Prince Edward Counties Health Unit,0.0089,129.0,0.76,0.4626,0.6806
43809,2020-05-16,2236,Halton Regional Health Unit,0.0357,348.0,0.56,0.4045,0.6483
43810,2020-05-16,2235,"Haliburton, Kawartha, Pine Ridge District Health Unit",0.0179,207.0,1.1,0.2131,0.4275
43811,2020-05-16,2234,Haldimand-Norfolk Health Unit,0.0108,93.0,0.82,0.3057,0.5735
43812,2020-05-16,2233,Grey Bruce Health Unit,0.0083,155.0,0.91,0.1296,0.3526
43813,2020-05-16,2258,Eastern Ontario Health Unit,0.0132,151.0,0.72,0.3814,0.8114
43814,2020-05-16,2230,Durham Regional Health Unit,0.0589,388.0,0.54,0.4116,0.6828
43815,2020-05-16,2226,District of Algoma Health Unit,0.0077,74.0,0.65,0.2476,0.3844
43816,2020-05-16,3895,City of Toronto Health Unit,0.0897,2584.0,0.83,0.4535,0.7282
43817,2020-05-16,2251,City of Ottawa Health Unit,0.0313,905.0,0.86,0.5193,0.7562
43818,2020-05-16,2237,City of Hamilton Health Unit,0.0437,360.0,0.61,0.4918,0.6307
43819,2020-05-16,2240,Chatham-Kent Health Unit,0.0132,43.0,0.41,0.2243,0.3567
43820,2020-05-16,2227,Brant County Health Unit,0.01,213.0,1.38,0.3509,0.6243
43821,2020-05-15,2249,Northwestern Health Unit,0.0059,48.0,0.55,0.0582,0.128
43822,2020-05-15,2247,North Bay Parry Sound District Health Unit,0.0076,187.0,1.44,0.1216,0.343
43823,2020-05-15,2246,Niagara Regional Area Health Unit,0.0158,526.0,1.11,0.3504,0.5488
43824,2020-05-15,2244,Middlesex-London Health Unit,0.016,429.0,0.85,0.4483,0.7728
43825,2020-05-15,2243,"Leeds, Grenville and Lanark District Health Unit",0.0172,216.0,1.24,0.4013,0.666
43826,2020-05-15,2242,Lambton Health Unit,0.0433,119.0,0.91,0.1038,0.4361
43827,2020-05-15,2241,"Kingston, Frontenac and Lennox and Addington Health Unit",0.0023,188.0,0.88,0.7132,0.8786
43828,2020-05-15,5183,Huron Perth Health Unit,0.004,72.0,0.51,0.1492,0.5534
43829,2020-05-15,2238,Hastings and Prince Edward Counties Health Unit,0.01,129.0,0.77,0.4447,0.6813
43830,2020-05-15,2236,Halton Regional Health Unit,0.0324,379.0,0.61,0.3892,0.6354
43831,2020-05-15,2235,"Haliburton, Kawartha, Pine Ridge District Health Unit",0.018,206.0,1.09,0.2142,0.3973
43832,2020-05-15,2234,Haldimand-Norfolk Health Unit,0.0103,97.0,0.85,0.3678,0.6255
43833,2020-05-15,2233,Grey Bruce Health Unit,0.0101,156.0,0.92,0.1117,0.3469
43834,2020-05-15,2258,Eastern Ontario Health Unit,0.0141,152.0,0.73,0.2538,0.6977
43835,2020-05-15,2230,Durham Regional Health Unit,0.0543,392.0,0.55,0.388,0.6591
43836,2020-05-15,2226,District of Algoma Health Unit,0.0058,74.0,0.65,0.2518,0.4263
43837,2020-05-15,3895,City of Toronto Health Unit,0.0853,2649.0,0.85,0.4441,0.7295
43838,2020-05-15,2251,City of Ottawa Health Unit,0.0284,974.0,0.92,0.4817,0.7343
43839,2020-05-15,2237,City of Hamilton Health Unit,0.0386,374.0,0.63,0.413,0.589
43840,2020-05-15,2240,Chatham-Kent Health Unit,0.0151,47.0,0.44,0.1748,0.3197
43841,2020-05-15,2227,Brant County Health Unit,0.0116,209.0,1.34,0.3998,0.6011
43842,2020-05-15,2270,York Regional Health Unit,0.0677,629.0,0.51,0.3575,0.7255
43843,2020-05-15,2268,Windsor-Essex County Health Unit,0.0618,245.0,0.58,0.0836,0.3396
43844,2020-05-15,2266,Wellington-Dufferin-Guelph Health Unit,0.0196,305.0,0.98,0.1791,0.4998
43845,2020-05-15,2265,Waterloo Health Unit,0.0331,427.0,0.73,0.1379,0.3407
43846,2020-05-15,2263,Timiskaming Health Unit,0.0,21.0,0.63,0.1188,0.5248
43847,2020-05-15,2262,Thunder Bay District Health Unit,0.0012,120.0,0.8,0.1127,0.3541
43848,2020-05-15,2261,Sudbury and District Health Unit,0.0037,234.0,1.18,0.492,0.5848
43849,2020-05-15,4913,Southwestern Public Health,0.0107,187.0,0.89,0.2657,0.6425
43850,2020-05-15,2260,Simcoe Muskoka District Health Unit,0.0135,700.0,1.17,0.3097,0.8344
43851,2020-05-15,2257,Renfrew County and District Health Unit,0.0042,136.0,1.25,0.1905,0.5856
43852,2020-05-15,2256,Porcupine Health Unit,0.0069,83.0,0.99,0.2793,0.4574
43853,2020-05-15,2255,Peterborough County-City Health Unit,0.0053,188.0,1.27,0.3278,0.4315
43854,2020-05-15,2253,Peel Regional Health Unit,0.0945,871.0,0.54,0.5562,0.8175
43855,2020-05-15,35,Ontario,0.0439,11850.0,0.8,0.3632,0.6354
43856,2020-05-14,2270,York Regional Health Unit,0.0595,718.0,0.59,0.3583,0.7451
43857,2020-05-14,2268,Windsor-Essex County Health Unit,0.059,308.0,0.72,0.0975,0.3278
43858,2020-05-14,2266,Wellington-Dufferin-Guelph Health Unit,0.0202,325.0,1.04,0.2058,0.4864
43859,2020-05-14,2265,Waterloo Health Unit,0.0306,444.0,0.76,0.1504,0.3737
43860,2020-05-14,2263,Timiskaming Health Unit,0.0,23.0,0.69,0.14,0.565
43861,2020-05-14,2262,Thunder Bay District Health Unit,0.0012,120.0,0.8,0.1063,0.3286
43862,2020-05-14,2261,Sudbury and District Health Unit,0.0035,245.0,1.23,0.505,0.5856
43863,2020-05-14,4913,Southwestern Public Health,0.0111,193.0,0.91,0.2801,0.6246
43864,2020-05-14,2260,Simcoe Muskoka District Health Unit,0.0131,697.0,1.16,0.2904,0.8082
43865,2020-05-14,2257,Renfrew County and District Health Unit,0.0046,124.0,1.14,0.2391,0.6436
43866,2020-05-14,2256,Porcupine Health Unit,0.0059,96.0,1.15,0.302,0.488
43867,2020-05-14,2255,Peterborough County-City Health Unit,0.0058,196.0,1.33,0.3489,0.4358
43868,2020-05-14,2253,Peel Regional Health Unit,0.0903,882.0,0.55,0.5651,0.8097
43869,2020-05-14,35,Ontario,0.0414,12493.0,0.84,0.3683,0.6359
43870,2020-05-14,2249,Northwestern Health Unit,0.0026,55.0,0.62,0.0547,0.114
43871,2020-05-14,2247,North Bay Parry Sound District Health Unit,0.0042,239.0,1.84,0.1157,0.3489
43872,2020-05-14,2246,Niagara Regional Area Health Unit,0.0154,512.0,1.08,0.3471,0.5361
43873,2020-05-14,2244,Middlesex-London Health Unit,0.0177,451.0,0.89,0.4858,0.7865
43874,2020-05-14,2243,"Leeds, Grenville and Lanark District Health Unit",0.0174,254.0,1.47,0.4117,0.6735
43875,2020-05-14,2242,Lambton Health Unit,0.0425,114.0,0.87,0.0995,0.4283
43876,2020-05-14,2241,"Kingston, Frontenac and Lennox and Addington Health Unit",0.0026,216.0,1.02,0.7138,0.8786
43877,2020-05-14,5183,Huron Perth Health Unit,0.0044,97.0,0.69,0.1937,0.6536
43878,2020-05-14,2238,Hastings and Prince Edward Counties Health Unit,0.0111,129.0,0.76,0.4042,0.6483
43879,2020-05-14,2236,Halton Regional Health Unit,0.0285,361.0,0.58,0.4284,0.6675
43880,2020-05-14,2235,"Haliburton, Kawartha, Pine Ridge District Health Unit",0.0202,234.0,1.24,0.184,0.3792
43881,2020-05-14,2234,Haldimand-Norfolk Health Unit,0.008,108.0,0.94,0.3329,0.605
43882,2020-05-14,2233,Grey Bruce Health Unit,0.0078,183.0,1.07,0.1193,0.4332
43883,2020-05-14,2258,Eastern Ontario Health Unit,0.0102,169.0,0.81,0.2545,0.6818
43884,2020-05-14,2230,Durham Regional Health Unit,0.0504,399.0,0.56,0.4115,0.6637
43885,2020-05-14,2226,District of Algoma Health Unit,0.0054,79.0,0.69,0.1731,0.3274
43886,2020-05-14,3895,City of Toronto Health Unit,0.0823,2682.0,0.86,0.4571,0.7402
43887,2020-05-14,2251,City of Ottawa Health Unit,0.0279,1130.0,1.07,0.5174,0.7623
43888,2020-05-14,2237,City of Hamilton Health Unit,0.0383,396.0,0.67,0.3391,0.5376
43889,2020-05-14,2240,Chatham-Kent Health Unit,0.0213,47.0,0.44,0.1711,0.3252
43890,2020-05-14,2227,Brant County Health Unit,0.0125,182.0,1.18,0.3849,0.5861
43891,2020-05-13,2270,York Regional Health Unit,0.0605,736.0,0.6,0.3723,0.7816
43892,2020-05-13,2268,Windsor-Essex County Health Unit,0.0439,420.0,0.99,0.1139,0.3293
43893,2020-05-13,2266,Wellington-Dufferin-Guelph Health Unit,0.0155,359.0,1.15,0.2137,0.5132
43894,2020-05-13,2265,Waterloo Health Unit,0.0304,470.0,0.8,0.1416,0.4035
43895,2020-05-13,2263,Timiskaming Health Unit,0.0,26.0,0.8,0.1487,0.5538
43896,2020-05-13,2262,Thunder Bay District Health Unit,0.001,136.0,0.91,0.1007,0.3339
43897,2020-05-13,2261,Sudbury and District Health Unit,0.0047,274.0,1.38,0.5529,0.6577
43898,2020-05-13,4913,Southwestern Public Health,0.0103,193.0,0.91,0.3097,0.5854
43899,2020-05-13,2260,Simcoe Muskoka District Health Unit,0.0136,682.0,1.14,0.2965,0.8085
43900,2020-05-13,2257,Renfrew County and District Health Unit,0.0045,127.0,1.17,0.2964,0.6205
43901,2020-05-13,2256,Porcupine Health Unit,0.0071,142.0,1.7,0.3201,0.4914
43902,2020-05-13,2255,Peterborough County-City Health Unit,0.0049,203.0,1.37,0.4073,0.4856
43903,2020-05-13,2253,Peel Regional Health Unit,0.0907,902.0,0.56,0.5755,0.8197
43904,2020-05-13,35,Ontario,0.0399,13370.0,0.9,0.383,0.6542
43905,2020-05-13,2249,Northwestern Health Unit,0.0026,54.0,0.62,0.0624,0.1235
43906,2020-05-13,2247,North Bay Parry Sound District Health Unit,0.0031,276.0,2.12,0.1391,0.3979
43907,2020-05-13,2246,Niagara Regional Area Health Unit,0.0131,576.0,1.22,0.3693,0.5538
43908,2020-05-13,2244,Middlesex-London Health Unit,0.0143,539.0,1.06,0.5663,0.84
43909,2020-05-13,2243,"Leeds, Grenville and Lanark District Health Unit",0.0165,269.0,1.55,0.4223,0.6803
43910,2020-05-13,2242,Lambton Health Unit,0.039,117.0,0.89,0.1196,0.407
43911,2020-05-13,2241,"Kingston, Frontenac and Lennox and Addington Health Unit",0.003,242.0,1.14,0.735,0.8826
43912,2020-05-13,5183,Huron Perth Health Unit,0.0042,137.0,0.98,0.2313,0.7128
43913,2020-05-13,2238,Hastings and Prince Edward Counties Health Unit,0.0115,125.0,0.74,0.3531,0.6215
43914,2020-05-13,2236,Halton Regional Health Unit,0.0267,370.0,0.6,0.4239,0.6327
43915,2020-05-13,2235,"Haliburton, Kawartha, Pine Ridge District Health Unit",0.0214,246.0,1.3,0.1898,0.4021
43916,2020-05-13,2234,Haldimand-Norfolk Health Unit,0.0066,109.0,0.96,0.3354,0.6053
43917,2020-05-13,2233,Grey Bruce Health Unit,0.0069,188.0,1.1,0.1302,0.5037
43918,2020-05-13,2258,Eastern Ontario Health Unit,0.006,216.0,1.03,0.3067,0.7037
43919,2020-05-13,2230,Durham Regional Health Unit,0.0455,471.0,0.66,0.4315,0.6764
43920,2020-05-13,2226,District of Algoma Health Unit,0.0048,90.0,0.79,0.1618,0.3337
43921,2020-05-13,3895,City of Toronto Health Unit,0.084,2726.0,0.87,0.4754,0.7802
43922,2020-05-13,2251,City of Ottawa Health Unit,0.0272,1191.0,1.13,0.5019,0.7285
43923,2020-05-13,2237,City of Hamilton Health Unit,0.0341,460.0,0.78,0.3372,0.5797
43924,2020-05-13,2240,Chatham-Kent Health Unit,0.0205,56.0,0.53,0.1979,0.3505
43925,2020-05-13,2227,Brant County Health Unit,0.0193,148.0,0.95,0.4308,0.6179
43926,2020-05-12,2270,York Regional Health Unit,0.0592,781.0,0.64,0.3824,0.7978
43927,2020-05-12,2268,Windsor-Essex County Health Unit,0.0351,500.0,1.18,0.1062,0.3467
43928,2020-05-12,2266,Wellington-Dufferin-Guelph Health Unit,0.0152,349.0,1.12,0.1584,0.5447
43929,2020-05-12,2265,Waterloo Health Unit,0.0308,478.0,0.82,0.1456,0.4222
43930,2020-05-12,2263,Timiskaming Health Unit,0.0049,29.0,0.89,0.1858,0.6448
43931,2020-05-12,2262,Thunder Bay District Health Unit,0.0009,157.0,1.05,0.0993,0.3552
43932,2020-05-12,2261,Sudbury and District Health Unit,0.0041,315.0,1.58,0.5675,0.6744
43933,2020-05-12,4913,Southwestern Public Health,0.0093,215.0,1.02,0.3294,0.6243
43934,2020-05-12,2260,Simcoe Muskoka District Health Unit,0.0149,663.0,1.11,0.2819,0.7884
43935,2020-05-12,2257,Renfrew County and District Health Unit,0.0043,168.0,1.54,0.2741,0.6392
43936,2020-05-12,2256,Porcupine Health Unit,0.0062,162.0,1.94,0.3194,0.5629
43937,2020-05-12,2255,Peterborough County-City Health Unit,0.0045,222.0,1.5,0.3622,0.4611
43938,2020-05-12,2253,Peel Regional Health Unit,0.0905,919.0,0.57,0.6307,0.8686
43939,2020-05-12,35,Ontario,0.0376,14038.0,0.95,0.3962,0.6763
43940,2020-05-12,2249,Northwestern Health Unit,0.0,81.0,0.93,0.0512,0.1849
43941,2020-05-12,2247,North Bay Parry Sound District Health Unit,0.0034,293.0,2.25,0.1405,0.433
43942,2020-05-12,2246,Niagara Regional Area Health Unit,0.0118,604.0,1.28,0.3574,0.5365
43943,2020-05-12,2244,Middlesex-London Health Unit,0.0148,552.0,1.09,0.6122,0.8395
43944,2020-05-12,2243,"Leeds, Grenville and Lanark District Health Unit",0.0168,289.0,1.67,0.4563,0.7165
43945,2020-05-12,2242,Lambton Health Unit,0.0423,105.0,0.8,0.1354,0.342
43946,2020-05-12,2241,"Kingston, Frontenac and Lennox and Addington Health Unit",0.0032,271.0,1.28,0.7387,0.9043
43947,2020-05-12,5183,Huron Perth Health Unit,0.0025,172.0,1.23,0.3052,0.7671
43948,2020-05-12,2238,Hastings and Prince Edward Counties Health Unit,0.0132,119.0,0.71,0.4701,0.8183
43949,2020-05-12,2236,Halton Regional Health Unit,0.0245,362.0,0.58,0.4171,0.6375
43950,2020-05-12,2235,"Haliburton, Kawartha, Pine Ridge District Health Unit",0.0138,300.0,1.59,0.1909,0.5046
43951,2020-05-12,2234,Haldimand-Norfolk Health Unit,0.0089,112.0,0.99,0.3117,0.6278
43952,2020-05-12,2233,Grey Bruce Health Unit,0.0073,177.0,1.04,0.12,0.5525
43953,2020-05-12,2258,Eastern Ontario Health Unit,0.0114,262.0,1.26,0.321,0.7277
43954,2020-05-12,2230,Durham Regional Health Unit,0.0399,491.0,0.69,0.4372,0.6958
43955,2020-05-12,2226,District of Algoma Health Unit,0.0028,101.0,0.89,0.12,0.4338
43956,2020-05-12,3895,City of Toronto Health Unit,0.0819,2718.0,0.87,0.5084,0.802
43957,2020-05-12,2251,City of Ottawa Health Unit,0.0274,1174.0,1.11,0.5459,0.7522
43958,2020-05-12,2237,City of Hamilton Health Unit,0.0294,554.0,0.94,0.3407,0.6171
43959,2020-05-12,2240,Chatham-Kent Health Unit,0.0095,105.0,0.99,0.1888,0.3665
43960,2020-05-12,2227,Brant County Health Unit,0.0186,138.0,0.89,0.4907,0.6022
43961,2020-05-11,2270,York Regional Health Unit,0.0583,819.0,0.67,0.4078,0.8126
43962,2020-05-11,2268,Windsor-Essex County Health Unit,0.0343,533.0,1.25,0.1067,0.3523
43963,2020-05-11,2266,Wellington-Dufferin-Guelph Health Unit,0.0162,353.0,1.13,0.1511,0.5422
43964,2020-05-11,2265,Waterloo Health Unit,0.0341,428.0,0.73,0.15,0.4225
43965,2020-05-11,2263,Timiskaming Health Unit,0.0048,30.0,0.9,0.1813,0.6608
43966,2020-05-11,2262,Thunder Bay District Health Unit,0.0,168.0,1.12,0.0961,0.3441
43967,2020-05-11,2261,Sudbury and District Health Unit,0.0034,338.0,1.7,0.5601,0.6792
43968,2020-05-11,4913,Southwestern Public Health,0.0084,220.0,1.04,0.3038,0.6088
43969,2020-05-11,2260,Simcoe Muskoka District Health Unit,0.0143,638.0,1.06,0.2868,0.7768
43970,2020-05-11,2257,Renfrew County and District Health Unit,0.0034,170.0,1.56,0.2734,0.654
43971,2020-05-11,2256,Porcupine Health Unit,0.0062,183.0,2.19,0.2383,0.4854
43972,2020-05-11,2255,Peterborough County-City Health Unit,0.0044,227.0,1.53,0.292,0.4015
43973,2020-05-11,2253,Peel Regional Health Unit,0.0886,969.0,0.6,0.6604,0.8751
43974,2020-05-11,35,Ontario,0.0368,14412.0,0.97,0.4013,0.6843
43975,2020-05-11,2249,Northwestern Health Unit,0.0,122.0,1.4,0.0471,0.1818
43976,2020-05-11,2247,North Bay Parry Sound District Health Unit,0.002,287.0,2.22,0.0782,0.4178
43977,2020-05-11,2246,Niagara Regional Area Health Unit,0.0128,569.0,1.2,0.4011,0.5752
43978,2020-05-11,2244,Middlesex-London Health Unit,0.0167,530.0,1.04,0.5045,0.7704
43979,2020-05-11,2243,"Leeds, Grenville and Lanark District Health Unit",0.0175,294.0,1.7,0.4723,0.7495
43980,2020-05-11,2242,Lambton Health Unit,0.0451,101.0,0.77,0.1059,0.3188
43981,2020-05-11,2241,"Kingston, Frontenac and Lennox and Addington Health Unit",0.004,251.0,1.18,0.7491,0.9031
43982,2020-05-11,5183,Huron Perth Health Unit,0.0015,197.0,1.41,0.2841,0.7517
43983,2020-05-11,2238,Hastings and Prince Edward Counties Health Unit,0.0151,123.0,0.73,0.4689,0.8102
43984,2020-05-11,2236,Halton Regional Health Unit,0.0209,342.0,0.55,0.4328,0.6579
43985,2020-05-11,2235,"Haliburton, Kawartha, Pine Ridge District Health Unit",0.0112,344.0,1.82,0.1869,0.4521
43986,2020-05-11,2234,Haldimand-Norfolk Health Unit,0.0084,118.0,1.04,0.3014,0.6151
43987,2020-05-11,2233,Grey Bruce Health Unit,0.0109,158.0,0.93,0.1041,0.5583
43988,2020-05-11,2258,Eastern Ontario Health Unit,0.0126,318.0,1.52,0.3546,0.7386
43989,2020-05-11,2230,Durham Regional Health Unit,0.039,490.0,0.69,0.465,0.7405
43990,2020-05-11,2226,District of Algoma Health Unit,0.0012,124.0,1.08,0.1335,0.458
43991,2020-05-11,3895,City of Toronto Health Unit,0.0811,2791.0,0.89,0.5303,0.8259
43992,2020-05-11,2251,City of Ottawa Health Unit,0.0281,1130.0,1.07,0.574,0.8089
43993,2020-05-11,2237,City of Hamilton Health Unit,0.017,680.0,1.15,0.3447,0.6208
43994,2020-05-11,2240,Chatham-Kent Health Unit,0.0084,136.0,1.28,0.2174,0.3932
43995,2020-05-11,2227,Brant County Health Unit,0.0197,130.0,0.84,0.4834,0.5858
43996,2020-05-10,2270,York Regional Health Unit,0.0543,841.0,0.69,0.4044,0.8336
43997,2020-05-10,2268,Windsor-Essex County Health Unit,0.0302,573.0,1.35,0.1282,0.3754
43998,2020-05-10,2266,Wellington-Dufferin-Guelph Health Unit,0.0139,369.0,1.18,0.1587,0.5469
43999,2020-05-10,2265,Waterloo Health Unit,0.0305,455.0,0.78,0.1655,0.4734
44000,2020-05-10,2263,Timiskaming Health Unit,0.0048,30.0,0.92,0.2105,0.622
44001,2020-05-10,2262,Thunder Bay District Health Unit,0.0016,175.0,1.17,0.0899,0.3185
44002,2020-05-10,2261,Sudbury and District Health Unit,0.0033,301.0,1.51,0.5711,0.6915
44003,2020-05-10,4913,Southwestern Public Health,0.0088,243.0,1.15,0.2858,0.596
44004,2020-05-10,2260,Simcoe Muskoka District Health Unit,0.0151,616.0,1.03,0.2881,0.7798
44005,2020-05-10,2257,Renfrew County and District Health Unit,0.0023,187.0,1.72,0.3121,0.6489
44006,2020-05-10,2256,Porcupine Health Unit,0.0067,193.0,2.31,0.2452,0.5829
44007,2020-05-10,2255,Peterborough County-City Health Unit,0.0053,215.0,1.45,0.2823,0.428
44008,2020-05-10,2253,Peel Regional Health Unit,0.0826,994.0,0.62,0.6768,0.8989
44009,2020-05-10,35,Ontario,0.036,14432.0,0.97,0.4082,0.6996
44010,2020-05-10,2249,Northwestern Health Unit,0.0,128.0,1.46,0.047,0.1745
44011,2020-05-10,2247,North Bay Parry Sound District Health Unit,0.0011,265.0,2.04,0.1021,0.4615
44012,2020-05-10,2246,Niagara Regional Area Health Unit,0.012,536.0,1.13,0.4513,0.6155
44013,2020-05-10,2244,Middlesex-London Health Unit,0.0192,431.0,0.85,0.4102,0.6513
44014,2020-05-10,2243,"Leeds, Grenville and Lanark District Health Unit",0.0194,288.0,1.66,0.5508,0.8453
44015,2020-05-10,2242,Lambton Health Unit,0.0356,120.0,0.92,0.1049,0.3136
44016,2020-05-10,2241,"Kingston, Frontenac and Lennox and Addington Health Unit",0.0042,241.0,1.13,0.719,0.8874
44017,2020-05-10,5183,Huron Perth Health Unit,0.0029,195.0,1.4,0.2712,0.7318
44018,2020-05-10,2238,Hastings and Prince Edward Counties Health Unit,0.0147,126.0,0.75,0.4563,0.7778
44019,2020-05-10,2236,Halton Regional Health Unit,0.0209,356.0,0.58,0.408,0.6619
44020,2020-05-10,2235,"Haliburton, Kawartha, Pine Ridge District Health Unit",0.0117,402.0,2.13,0.1797,0.4314
44021,2020-05-10,2234,Haldimand-Norfolk Health Unit,0.0111,129.0,1.13,0.3216,0.6355
44022,2020-05-10,2233,Grey Bruce Health Unit,0.0068,147.0,0.87,0.1012,0.5614
44023,2020-05-10,2258,Eastern Ontario Health Unit,0.0139,360.0,1.73,0.3484,0.7328
44024,2020-05-10,2230,Durham Regional Health Unit,0.0443,493.0,0.69,0.5058,0.8231
44025,2020-05-10,2226,District of Algoma Health Unit,0.0037,153.0,1.34,0.1337,0.4699
44026,2020-05-10,3895,City of Toronto Health Unit,0.0826,2611.0,0.84,0.5409,0.8455
44027,2020-05-10,2251,City of Ottawa Health Unit,0.0304,1141.0,1.08,0.6018,0.8454
44028,2020-05-10,2237,City of Hamilton Health Unit,0.0134,768.0,1.3,0.3603,0.6488
44029,2020-05-10,2240,Chatham-Kent Health Unit,0.0077,149.0,1.4,0.2084,0.3836
44030,2020-05-10,2227,Brant County Health Unit,0.0253,102.0,0.66,0.4809,0.5893
44031,2020-05-09,2270,York Regional Health Unit,0.0542,845.0,0.69,0.3906,0.7962
44032,2020-05-09,2268,Windsor-Essex County Health Unit,0.0276,620.0,1.46,0.1543,0.4425
44033,2020-05-09,2266,Wellington-Dufferin-Guelph Health Unit,0.0164,375.0,1.2,0.1588,0.5816
44034,2020-05-09,2265,Waterloo Health Unit,0.0323,452.0,0.77,0.1799,0.4945
44035,2020-05-09,2263,Timiskaming Health Unit,0.0046,31.0,0.95,0.2545,0.6339
44036,2020-05-09,2262,Thunder Bay District Health Unit,0.0016,182.0,1.21,0.1382,0.3673
44037,2020-05-09,2261,Sudbury and District Health Unit,0.0033,303.0,1.52,0.6039,0.7359
44038,2020-05-09,4913,Southwestern Public Health,0.0071,243.0,1.15,0.2812,0.587
44039,2020-05-09,2260,Simcoe Muskoka District Health Unit,0.0141,596.0,0.99,0.2717,0.769
44040,2020-05-09,2257,Renfrew County and District Health Unit,0.0008,186.0,1.71,0.3179,0.6872
44041,2020-05-09,2256,Porcupine Health Unit,0.0065,198.0,2.37,0.278,0.6567
44042,2020-05-09,2255,Peterborough County-City Health Unit,0.0048,236.0,1.59,0.2345,0.3905
44043,2020-05-09,2253,Peel Regional Health Unit,0.0826,1008.0,0.63,0.6855,0.9079
44044,2020-05-09,35,Ontario,0.0363,14581.0,0.98,0.4135,0.7205
44045,2020-05-09,2249,Northwestern Health Unit,0.0,131.0,1.49,0.054,0.1746
44046,2020-05-09,2247,North Bay Parry Sound District Health Unit,0.0011,260.0,2.0,0.1078,0.672
44047,2020-05-09,2246,Niagara Regional Area Health Unit,0.0118,534.0,1.13,0.4759,0.6539
44048,2020-05-09,2244,Middlesex-London Health Unit,0.0195,433.0,0.85,0.3529,0.6517
44049,2020-05-09,2243,"Leeds, Grenville and Lanark District Health Unit",0.0198,296.0,1.71,0.5761,0.8729
44050,2020-05-09,2242,Lambton Health Unit,0.036,119.0,0.91,0.0977,0.3246
44051,2020-05-09,2241,"Kingston, Frontenac and Lennox and Addington Health Unit",0.0046,246.0,1.16,0.7989,0.8959
44052,2020-05-09,5183,Huron Perth Health Unit,0.0029,198.0,1.42,0.2892,0.7817
44053,2020-05-09,2238,Hastings and Prince Edward Counties Health Unit,0.0165,130.0,0.77,0.4354,0.7925
44054,2020-05-09,2236,Halton Regional Health Unit,0.0238,361.0,0.58,0.3966,0.6895
44055,2020-05-09,2235,"Haliburton, Kawartha, Pine Ridge District Health Unit",0.0122,410.0,2.17,0.1794,0.4467
44056,2020-05-09,2234,Haldimand-Norfolk Health Unit,0.0119,132.0,1.15,0.3341,0.6418
44057,2020-05-09,2233,Grey Bruce Health Unit,0.0059,146.0,0.86,0.1021,0.4865
44058,2020-05-09,2258,Eastern Ontario Health Unit,0.0148,358.0,1.72,0.3808,0.764
44059,2020-05-09,2230,Durham Regional Health Unit,0.0456,489.0,0.69,0.5002,0.8561
44060,2020-05-09,2226,District of Algoma Health Unit,0.0038,151.0,1.32,0.1433,0.5286
44061,2020-05-09,3895,City of Toronto Health Unit,0.0854,2606.0,0.84,0.5476,0.8709
44062,2020-05-09,2251,City of Ottawa Health Unit,0.0283,1191.0,1.13,0.6331,0.8523
44063,2020-05-09,2237,City of Hamilton Health Unit,0.0125,768.0,1.3,0.3679,0.7061
44064,2020-05-09,2240,Chatham-Kent Health Unit,0.0105,150.0,1.41,0.2359,0.4695
44065,2020-05-09,2227,Brant County Health Unit,0.0303,99.0,0.64,0.3814,0.6105
44066,2020-05-08,2234,Haldimand-Norfolk Health Unit,0.0115,137.0,1.2,0.2811,0.6232
44067,2020-05-08,2233,Grey Bruce Health Unit,0.0039,146.0,0.86,0.1014,0.4841
44068,2020-05-08,2258,Eastern Ontario Health Unit,0.0151,370.0,1.77,0.5649,0.8785
44069,2020-05-08,2230,Durham Regional Health Unit,0.0455,487.0,0.68,0.4785,0.8534
44070,2020-05-08,2226,District of Algoma Health Unit,0.0047,151.0,1.32,0.1505,0.4752
44071,2020-05-08,3895,City of Toronto Health Unit,0.0872,2558.0,0.82,0.5229,0.8728
44072,2020-05-08,2251,City of Ottawa Health Unit,0.0286,1197.0,1.14,0.6852,0.8794
44073,2020-05-08,2237,City of Hamilton Health Unit,0.0135,792.0,1.34,0.4253,0.7468
44074,2020-05-08,2240,Chatham-Kent Health Unit,0.0106,148.0,1.39,0.2877,0.5569
44075,2020-05-08,2227,Brant County Health Unit,0.0247,104.0,0.67,0.3041,0.5694
44076,2020-05-08,2270,York Regional Health Unit,0.0535,852.0,0.69,0.331,0.757
44077,2020-05-08,2268,Windsor-Essex County Health Unit,0.0258,665.0,1.57,0.1453,0.4813
44078,2020-05-08,2266,Wellington-Dufferin-Guelph Health Unit,0.0171,384.0,1.23,0.1925,0.6377
44079,2020-05-08,2265,Waterloo Health Unit,0.033,459.0,0.78,0.1976,0.5048
44080,2020-05-08,2263,Timiskaming Health Unit,0.0044,33.0,1.0,0.134,0.484
44081,2020-05-08,2262,Thunder Bay District Health Unit,0.0022,196.0,1.31,0.126,0.3532
44082,2020-05-08,2261,Sudbury and District Health Unit,0.0033,302.0,1.52,0.5881,0.7395
44083,2020-05-08,4913,Southwestern Public Health,0.0065,243.0,1.15,0.2825,0.6202
44084,2020-05-08,2260,Simcoe Muskoka District Health Unit,0.0173,595.0,0.99,0.2837,0.7557
44085,2020-05-08,2257,Renfrew County and District Health Unit,0.0016,179.0,1.65,0.3545,0.7714
44086,2020-05-08,2256,Porcupine Health Unit,0.0066,240.0,2.87,0.2825,0.6282
44087,2020-05-08,2255,Peterborough County-City Health Unit,0.005,255.0,1.72,0.2042,0.3763
44088,2020-05-08,2253,Peel Regional Health Unit,0.0803,1025.0,0.64,0.6539,0.9177
44089,2020-05-08,35,Ontario,0.0365,14691.0,0.99,0.4149,0.7314
44090,2020-05-08,2249,Northwestern Health Unit,0.0,132.0,1.5,0.0667,0.2295
44091,2020-05-08,2247,North Bay Parry Sound District Health Unit,0.0013,224.0,1.73,0.1698,0.7111
44092,2020-05-08,2246,Niagara Regional Area Health Unit,0.015,535.0,1.13,0.5239,0.7114
44093,2020-05-08,2244,Middlesex-London Health Unit,0.0172,439.0,0.87,0.3198,0.6402
44094,2020-05-08,2243,"Leeds, Grenville and Lanark District Health Unit",0.029,281.0,1.62,0.4784,0.6987
44095,2020-05-08,2242,Lambton Health Unit,0.0321,116.0,0.88,0.1419,0.3903
44096,2020-05-08,2241,"Kingston, Frontenac and Lennox and Addington Health Unit",0.0052,245.0,1.15,0.8342,0.903
44097,2020-05-08,5183,Huron Perth Health Unit,0.0043,198.0,1.42,0.2873,0.7364
44098,2020-05-08,2238,Hastings and Prince Edward Counties Health Unit,0.0166,129.0,0.77,0.3933,0.7926
44099,2020-05-08,2236,Halton Regional Health Unit,0.0231,353.0,0.57,0.4382,0.7276
44100,2020-05-08,2235,"Haliburton, Kawartha, Pine Ridge District Health Unit",0.0112,421.0,2.23,0.1652,0.4724
44101,2020-05-07,2270,York Regional Health Unit,0.058,800.0,0.65,0.3132,0.7599
44102,2020-05-07,2268,Windsor-Essex County Health Unit,0.025,668.0,1.57,0.1288,0.4931
44103,2020-05-07,2266,Wellington-Dufferin-Guelph Health Unit,0.0185,393.0,1.26,0.172,0.6458
44104,2020-05-07,2265,Waterloo Health Unit,0.0361,443.0,0.76,0.2006,0.4988
44105,2020-05-07,2263,Timiskaming Health Unit,0.0042,34.0,1.05,0.1555,0.491
44106,2020-05-07,2262,Thunder Bay District Health Unit,0.0034,208.0,1.39,0.134,0.3885
44107,2020-05-07,2261,Sudbury and District Health Unit,0.0044,292.0,1.47,0.6225,0.8615
44108,2020-05-07,4913,Southwestern Public Health,0.0062,232.0,1.09,0.2897,0.6613
44109,2020-05-07,2260,Simcoe Muskoka District Health Unit,0.0205,584.0,0.97,0.2966,0.7611
44110,2020-05-07,2257,Renfrew County and District Health Unit,0.0024,180.0,1.66,0.3867,0.799
44111,2020-05-07,2256,Porcupine Health Unit,0.0081,228.0,2.73,0.2868,0.6754
44112,2020-05-07,2255,Peterborough County-City Health Unit,0.0033,257.0,1.74,0.1912,0.4216
44113,2020-05-07,2253,Peel Regional Health Unit,0.0822,1029.0,0.64,0.6235,0.9174
44114,2020-05-07,35,Ontario,0.0378,14507.0,0.98,0.4177,0.7438
44115,2020-05-07,2249,Northwestern Health Unit,0.0,137.0,1.56,0.0667,0.214
44116,2020-05-07,2247,North Bay Parry Sound District Health Unit,0.0013,219.0,1.69,0.1875,0.7877
44117,2020-05-07,2246,Niagara Regional Area Health Unit,0.0163,527.0,1.12,0.5641,0.7094
44118,2020-05-07,2244,Middlesex-London Health Unit,0.0155,469.0,0.92,0.2774,0.6122
44119,2020-05-07,2243,"Leeds, Grenville and Lanark District Health Unit",0.0377,254.0,1.46,0.4707,0.6941
44120,2020-05-07,2242,Lambton Health Unit,0.0286,120.0,0.92,0.1298,0.3727
44121,2020-05-07,2241,"Kingston, Frontenac and Lennox and Addington Health Unit",0.005,227.0,1.07,0.8247,0.9147
44122,2020-05-07,5183,Huron Perth Health Unit,0.0039,183.0,1.31,0.2608,0.6406
44123,2020-05-07,2238,Hastings and Prince Edward Counties Health Unit,0.0158,144.0,0.86,0.4826,0.8429
44124,2020-05-07,2236,Halton Regional Health Unit,0.0249,361.0,0.58,0.4155,0.7521
44125,2020-05-07,2235,"Haliburton, Kawartha, Pine Ridge District Health Unit",0.0085,452.0,2.39,0.1712,0.503
44126,2020-05-07,2234,Haldimand-Norfolk Health Unit,0.0144,129.0,1.13,0.2974,0.6617
44127,2020-05-07,2233,Grey Bruce Health Unit,0.0074,115.0,0.68,0.1004,0.4208
44128,2020-05-07,2258,Eastern Ontario Health Unit,0.0132,421.0,2.02,0.6222,0.9109
44129,2020-05-07,2230,Durham Regional Health Unit,0.049,484.0,0.68,0.4371,0.8326
44130,2020-05-07,2226,District of Algoma Health Unit,0.0045,158.0,1.38,0.2055,0.5788
44131,2020-05-07,3895,City of Toronto Health Unit,0.089,2517.0,0.81,0.5185,0.8663
44132,2020-05-07,2251,City of Ottawa Health Unit,0.0325,1051.0,1.0,0.7013,0.8895
44133,2020-05-07,2237,City of Hamilton Health Unit,0.0131,821.0,1.39,0.5302,0.8716
44134,2020-05-07,2240,Chatham-Kent Health Unit,0.0086,150.0,1.41,0.2979,0.5497
44135,2020-05-07,2227,Brant County Health Unit,0.0237,121.0,0.78,0.2811,0.543
44136,2020-05-06,2270,York Regional Health Unit,0.0547,886.0,0.72,0.2789,0.7359
44137,2020-05-06,2268,Windsor-Essex County Health Unit,0.0287,603.0,1.42,0.1516,0.5373
44138,2020-05-06,2266,Wellington-Dufferin-Guelph Health Unit,0.0224,383.0,1.23,0.2161,0.6557
44139,2020-05-06,2265,Waterloo Health Unit,0.0435,407.0,0.7,0.2285,0.5495
44140,2020-05-06,2263,Timiskaming Health Unit,0.0028,51.0,1.56,0.1827,0.5524
44141,2020-05-06,2262,Thunder Bay District Health Unit,0.0038,226.0,1.51,0.1322,0.4159
44142,2020-05-06,2261,Sudbury and District Health Unit,0.0026,273.0,1.37,0.639,0.8414
44143,2020-05-06,4913,Southwestern Public Health,0.0067,214.0,1.01,0.3196,0.7099
44144,2020-05-06,2260,Simcoe Muskoka District Health Unit,0.0244,539.0,0.9,0.3253,0.7601
44145,2020-05-06,2257,Renfrew County and District Health Unit,0.0026,166.0,1.53,0.4756,0.9302
44146,2020-05-06,2256,Porcupine Health Unit,0.0083,190.0,2.27,0.2798,0.6875
44147,2020-05-06,2255,Peterborough County-City Health Unit,0.0043,267.0,1.81,0.1574,0.4296
44148,2020-05-06,2253,Peel Regional Health Unit,0.0736,1047.0,0.65,0.5924,0.9028
44149,2020-05-06,35,Ontario,0.0392,14143.0,0.95,0.4098,0.7434
44150,2020-05-06,2249,Northwestern Health Unit,0.0,145.0,1.66,0.0683,0.2195
44151,2020-05-06,2247,North Bay Parry Sound District Health Unit,0.0008,178.0,1.37,0.2315,0.7648
44152,2020-05-06,2246,Niagara Regional Area Health Unit,0.0241,457.0,0.97,0.5448,0.6806
44153,2020-05-06,2244,Middlesex-London Health Unit,0.0148,481.0,0.95,0.2255,0.6171
44154,2020-05-06,2243,"Leeds, Grenville and Lanark District Health Unit",0.0517,238.0,1.37,0.4629,0.6919
44155,2020-05-06,2242,Lambton Health Unit,0.0305,117.0,0.9,0.1013,0.3333
44156,2020-05-06,2241,"Kingston, Frontenac and Lennox and Addington Health Unit",0.0043,234.0,1.1,0.816,0.9114
44157,2020-05-06,5183,Huron Perth Health Unit,0.0067,149.0,1.07,0.1646,0.6766
44158,2020-05-06,2238,Hastings and Prince Edward Counties Health Unit,0.0124,207.0,1.23,0.5451,0.8675
44159,2020-05-06,2236,Halton Regional Health Unit,0.0288,338.0,0.55,0.4437,0.7896
44160,2020-05-06,2235,"Haliburton, Kawartha, Pine Ridge District Health Unit",0.0069,516.0,2.73,0.1689,0.5054
44161,2020-05-06,2234,Haldimand-Norfolk Health Unit,0.017,134.0,1.18,0.308,0.6587
44162,2020-05-06,2233,Grey Bruce Health Unit,0.0116,111.0,0.65,0.0873,0.4067
44163,2020-05-06,2258,Eastern Ontario Health Unit,0.0154,408.0,1.96,0.6599,0.9291
44164,2020-05-06,2230,Durham Regional Health Unit,0.0617,421.0,0.59,0.3914,0.7988
44165,2020-05-06,2226,District of Algoma Health Unit,0.0048,149.0,1.3,0.2459,0.624
44166,2020-05-06,3895,City of Toronto Health Unit,0.0886,2504.0,0.8,0.4896,0.8471
44167,2020-05-06,2251,City of Ottawa Health Unit,0.0356,960.0,0.91,0.7657,0.9404
44168,2020-05-06,2237,City of Hamilton Health Unit,0.0139,760.0,1.28,0.5702,0.8874
44169,2020-05-06,2240,Chatham-Kent Health Unit,0.0093,154.0,1.44,0.2526,0.5052
44170,2020-05-06,2227,Brant County Health Unit,0.0241,136.0,0.88,0.21,0.5646
44171,2020-05-05,2270,York Regional Health Unit,0.0548,962.0,0.79,0.2567,0.7428
44172,2020-05-05,2268,Windsor-Essex County Health Unit,0.037,563.0,1.33,0.1613,0.5258
44173,2020-05-05,2266,Wellington-Dufferin-Guelph Health Unit,0.0255,392.0,1.26,0.2087,0.6534
44174,2020-05-05,2265,Waterloo Health Unit,0.0442,391.0,0.67,0.207,0.5373
44175,2020-05-05,2263,Timiskaming Health Unit,0.0,62.0,1.91,0.1935,0.6167
44176,2020-05-05,2262,Thunder Bay District Health Unit,0.004,252.0,1.68,0.1247,0.4359
44177,2020-05-05,2261,Sudbury and District Health Unit,0.0022,261.0,1.31,0.6339,0.8324
44178,2020-05-05,4913,Southwestern Public Health,0.0065,198.0,0.93,0.2672,0.6772
44179,2020-05-05,2260,Simcoe Muskoka District Health Unit,0.0262,502.0,0.84,0.3372,0.7261
44180,2020-05-05,2257,Renfrew County and District Health Unit,0.0033,131.0,1.2,0.5365,0.9167
44181,2020-05-05,2256,Porcupine Health Unit,0.0103,180.0,2.16,0.2896,0.6319
44182,2020-05-05,2255,Peterborough County-City Health Unit,0.0041,279.0,1.88,0.1719,0.518
44183,2020-05-05,2253,Peel Regional Health Unit,0.075,1068.0,0.67,0.5597,0.8996
44184,2020-05-05,35,Ontario,0.0423,13648.0,0.92,0.3986,0.7392
44185,2020-05-05,2249,Northwestern Health Unit,0.0,130.0,1.48,0.0739,0.1615
44186,2020-05-05,2247,North Bay Parry Sound District Health Unit,0.0,158.0,1.22,0.2456,0.7619
44187,2020-05-05,2246,Niagara Regional Area Health Unit,0.0297,399.0,0.84,0.5147,0.6478
44188,2020-05-05,2244,Middlesex-London Health Unit,0.0176,455.0,0.9,0.2044,0.5934
44189,2020-05-05,2243,"Leeds, Grenville and Lanark District Health Unit",0.0588,214.0,1.23,0.4463,0.6582
44190,2020-05-05,2242,Lambton Health Unit,0.0299,115.0,0.88,0.0873,0.3614
44191,2020-05-05,2241,"Kingston, Frontenac and Lennox and Addington Health Unit",0.0032,221.0,1.04,0.7969,0.8958
44192,2020-05-05,5183,Huron Perth Health Unit,0.0105,122.0,0.87,0.0764,0.6872
44193,2020-05-05,2238,Hastings and Prince Edward Counties Health Unit,0.0087,264.0,1.57,0.5068,0.8791
44194,2020-05-05,2236,Halton Regional Health Unit,0.0329,343.0,0.55,0.4451,0.7697
44195,2020-05-05,2235,"Haliburton, Kawartha, Pine Ridge District Health Unit",0.0067,490.0,2.59,0.1842,0.466
44196,2020-05-05,2234,Haldimand-Norfolk Health Unit,0.017,134.0,1.18,0.2971,0.627
44197,2020-05-05,2233,Grey Bruce Health Unit,0.0126,102.0,0.6,0.0747,0.448
44198,2020-05-05,2258,Eastern Ontario Health Unit,0.0131,370.0,1.77,0.6977,0.9236
44199,2020-05-05,2230,Durham Regional Health Unit,0.0667,411.0,0.58,0.3577,0.7991
44200,2020-05-05,2226,District of Algoma Health Unit,0.0036,161.0,1.4,0.3826,0.5815
44201,2020-05-05,3895,City of Toronto Health Unit,0.097,2355.0,0.75,0.4581,0.8384
44202,2020-05-05,2251,City of Ottawa Health Unit,0.0383,929.0,0.88,0.7595,0.934
44203,2020-05-05,2237,City of Hamilton Health Unit,0.0151,690.0,1.17,0.6152,0.8751
44204,2020-05-05,2240,Chatham-Kent Health Unit,0.0184,117.0,1.1,0.2592,0.4571
44205,2020-05-05,2227,Brant County Health Unit,0.0233,141.0,0.91,0.186,0.6117
44206,2020-05-04,35,Ontario,0.0439,13188.0,0.89,0.3965,0.745
44207,2020-05-04,2249,Northwestern Health Unit,0.0,109.0,1.25,0.0781,0.1635
44208,2020-05-04,2247,North Bay Parry Sound District Health Unit,0.0,119.0,0.92,0.2579,0.7813
44209,2020-05-04,2246,Niagara Regional Area Health Unit,0.0315,380.0,0.81,0.4736,0.6361
44210,2020-05-04,2244,Middlesex-London Health Unit,0.0195,475.0,0.94,0.2552,0.6372
44211,2020-05-04,2243,"Leeds, Grenville and Lanark District Health Unit",0.0679,200.0,1.15,0.4072,0.6257
44212,2020-05-04,2242,Lambton Health Unit,0.0303,94.0,0.72,0.1241,0.3812
44213,2020-05-04,2241,"Kingston, Frontenac and Lennox and Addington Health Unit",0.0036,199.0,0.94,0.7824,0.897
44214,2020-05-04,5183,Huron Perth Health Unit,0.0115,137.0,0.98,0.0963,0.7255
44215,2020-05-04,2238,Hastings and Prince Edward Counties Health Unit,0.0068,294.0,1.75,0.4872,0.8496
44216,2020-05-04,2236,Halton Regional Health Unit,0.0343,333.0,0.54,0.4524,0.7867
44217,2020-05-04,2235,"Haliburton, Kawartha, Pine Ridge District Health Unit",0.0081,441.0,2.33,0.1888,0.5497
44218,2020-05-04,2234,Haldimand-Norfolk Health Unit,0.0175,123.0,1.07,0.3075,0.6991
44219,2020-05-04,2233,Grey Bruce Health Unit,0.0088,131.0,0.77,0.1853,0.5153
44220,2020-05-04,2258,Eastern Ontario Health Unit,0.0122,316.0,1.51,0.7014,0.9308
44221,2020-05-04,2230,Durham Regional Health Unit,0.0683,427.0,0.6,0.3163,0.7935
44222,2020-05-04,2226,District of Algoma Health Unit,0.0054,159.0,1.39,0.3706,0.5689
44223,2020-05-04,3895,City of Toronto Health Unit,0.0974,2370.0,0.76,0.4448,0.8297
44224,2020-05-04,2251,City of Ottawa Health Unit,0.0439,843.0,0.8,0.7817,0.9327
44225,2020-05-04,2237,City of Hamilton Health Unit,0.0159,585.0,0.99,0.613,0.8913
44226,2020-05-04,2240,Chatham-Kent Health Unit,0.0253,85.0,0.8,0.2211,0.4243
44227,2020-05-04,2227,Brant County Health Unit,0.017,185.0,1.19,0.2429,0.6498
44228,2020-05-04,2270,York Regional Health Unit,0.0521,995.0,0.81,0.2265,0.7248
44229,2020-05-04,2268,Windsor-Essex County Health Unit,0.0356,558.0,1.31,0.1739,0.5407
44230,2020-05-04,2266,Wellington-Dufferin-Guelph Health Unit,0.0274,375.0,1.2,0.2313,0.6664
44231,2020-05-04,2265,Waterloo Health Unit,0.047,371.0,0.63,0.2121,0.5507
44232,2020-05-04,2263,Timiskaming Health Unit,0.0014,104.0,3.19,0.1964,0.6192
44233,2020-05-04,2262,Thunder Bay District Health Unit,0.0039,293.0,1.95,0.1183,0.437
44234,2020-05-04,2261,Sudbury and District Health Unit,0.0026,222.0,1.11,0.6154,0.7902
44235,2020-05-04,4913,Southwestern Public Health,0.0072,158.0,0.75,0.3863,0.7454
44236,2020-05-04,2260,Simcoe Muskoka District Health Unit,0.0314,437.0,0.73,0.292,0.7201
44237,2020-05-04,2257,Renfrew County and District Health Unit,0.004,108.0,0.99,0.5699,0.9371
44238,2020-05-04,2256,Porcupine Health Unit,0.0116,148.0,1.77,0.3505,0.7614
44239,2020-05-04,2255,Peterborough County-City Health Unit,0.0035,285.0,1.93,0.2087,0.5673
44240,2020-05-04,2253,Peel Regional Health Unit,0.0746,1048.0,0.65,0.552,0.8974
44241,2020-05-03,2270,York Regional Health Unit,0.0547,1029.0,0.84,0.2324,0.7246
44242,2020-05-03,2268,Windsor-Essex County Health Unit,0.0389,518.0,1.22,0.1693,0.5978
44243,2020-05-03,2266,Wellington-Dufferin-Guelph Health Unit,0.0265,404.0,1.29,0.2253,0.667
44244,2020-05-03,2265,Waterloo Health Unit,0.0562,333.0,0.57,0.2117,0.5563
44245,2020-05-03,2263,Timiskaming Health Unit,0.0048,119.0,3.64,0.1948,0.633
44246,2020-05-03,2262,Thunder Bay District Health Unit,0.003,334.0,2.23,0.1058,0.4708
44247,2020-05-03,2261,Sudbury and District Health Unit,0.0025,226.0,1.14,0.4565,0.7238
44248,2020-05-03,4913,Southwestern Public Health,0.0056,154.0,0.73,0.394,0.7715
44249,2020-05-03,2260,Simcoe Muskoka District Health Unit,0.0389,353.0,0.59,0.268,0.7011
44250,2020-05-03,2257,Renfrew County and District Health Unit,0.0068,83.0,0.77,0.537,0.9336
44251,2020-05-03,2256,Porcupine Health Unit,0.0106,122.0,1.46,0.4414,0.6862
44252,2020-05-03,2255,Peterborough County-City Health Unit,0.0038,299.0,2.02,0.2158,0.5601
44253,2020-05-03,2253,Peel Regional Health Unit,0.073,1074.0,0.67,0.5249,0.8763
44254,2020-05-03,35,Ontario,0.046,12938.0,0.87,0.3939,0.7514
44255,2020-05-03,2249,Northwestern Health Unit,0.0023,126.0,1.44,0.0876,0.1827
44256,2020-05-03,2247,North Bay Parry Sound District Health Unit,0.0,116.0,0.89,0.2586,0.8025
44257,2020-05-03,2246,Niagara Regional Area Health Unit,0.0336,383.0,0.81,0.4353,0.6397
44258,2020-05-03,2244,Middlesex-London Health Unit,0.0208,474.0,0.93,0.3547,0.8274
44259,2020-05-03,2243,"Leeds, Grenville and Lanark District Health Unit",0.0864,177.0,1.02,0.4048,0.6297
44260,2020-05-03,2242,Lambton Health Unit,0.0369,97.0,0.74,0.1261,0.3911
44261,2020-05-03,2241,"Kingston, Frontenac and Lennox and Addington Health Unit",0.0041,175.0,0.82,0.7893,0.9069
44262,2020-05-03,5183,Huron Perth Health Unit,0.0117,159.0,1.14,0.1543,0.8017
44263,2020-05-03,2238,Hastings and Prince Edward Counties Health Unit,0.0052,332.0,1.97,0.465,0.8428
44264,2020-05-03,2236,Halton Regional Health Unit,0.037,305.0,0.49,0.4587,0.7658
44265,2020-05-03,2235,"Haliburton, Kawartha, Pine Ridge District Health Unit",0.0075,379.0,2.0,0.2235,0.6679
44266,2020-05-03,2234,Haldimand-Norfolk Health Unit,0.0268,117.0,1.03,0.287,0.6836
44267,2020-05-03,2233,Grey Bruce Health Unit,0.0109,145.0,0.85,0.2008,0.5413
44268,2020-05-03,2258,Eastern Ontario Health Unit,0.0094,288.0,1.38,0.7282,0.9484
44269,2020-05-03,2230,Durham Regional Health Unit,0.074,431.0,0.6,0.3044,0.7823
44270,2020-05-03,2226,District of Algoma Health Unit,0.0033,131.0,1.15,0.357,0.559
44271,2020-05-03,3895,City of Toronto Health Unit,0.0964,2409.0,0.77,0.4362,0.8181
44272,2020-05-03,2251,City of Ottawa Health Unit,0.0467,758.0,0.72,0.8068,0.9494
44273,2020-05-03,2237,City of Hamilton Health Unit,0.021,496.0,0.84,0.616,0.8767
44274,2020-05-03,2240,Chatham-Kent Health Unit,0.0297,77.0,0.72,0.2419,0.4752
44275,2020-05-03,2227,Brant County Health Unit,0.024,232.0,1.49,0.2327,0.6286
44276,2020-05-02,4913,Southwestern Public Health,0.0056,154.0,0.73,0.3952,0.8644
44277,2020-05-02,2260,Simcoe Muskoka District Health Unit,0.0416,361.0,0.6,0.2816,0.7077
44278,2020-05-02,2257,Renfrew County and District Health Unit,0.0074,77.0,0.71,0.5903,0.9339
44279,2020-05-02,2256,Porcupine Health Unit,0.0133,118.0,1.41,0.4433,0.7216
44280,2020-05-02,2255,Peterborough County-City Health Unit,0.0038,261.0,1.76,0.2701,0.6526
44281,2020-05-02,2253,Peel Regional Health Unit,0.0732,1067.0,0.66,0.509,0.8737
44282,2020-05-02,35,Ontario,0.0461,12842.0,0.87,0.4038,0.7581
44283,2020-05-02,2249,Northwestern Health Unit,0.0023,126.0,1.43,0.0861,0.1684
44284,2020-05-02,2247,North Bay Parry Sound District Health Unit,0.0012,115.0,0.88,0.3855,0.6536
44285,2020-05-02,2246,Niagara Regional Area Health Unit,0.0346,384.0,0.81,0.404,0.6289
44286,2020-05-02,2244,Middlesex-London Health Unit,0.0216,470.0,0.93,0.4676,0.9165
44287,2020-05-02,2243,"Leeds, Grenville and Lanark District Health Unit",0.0925,167.0,0.96,0.3866,0.6012
44288,2020-05-02,2242,Lambton Health Unit,0.0383,97.0,0.74,0.1199,0.3411
44289,2020-05-02,2241,"Kingston, Frontenac and Lennox and Addington Health Unit",0.0041,175.0,0.82,0.809,0.9463
44290,2020-05-02,5183,Huron Perth Health Unit,0.0106,175.0,1.25,0.1661,0.828
44291,2020-05-02,2238,Hastings and Prince Edward Counties Health Unit,0.0046,339.0,2.01,0.465,0.8451
44292,2020-05-02,2236,Halton Regional Health Unit,0.0322,315.0,0.51,0.4945,0.7614
44293,2020-05-02,2235,"Haliburton, Kawartha, Pine Ridge District Health Unit",0.007,369.0,1.95,0.2396,0.6854
44294,2020-05-02,2234,Haldimand-Norfolk Health Unit,0.0232,129.0,1.13,0.3107,0.7441
44295,2020-05-02,2233,Grey Bruce Health Unit,0.0109,144.0,0.85,0.2182,0.5576
44296,2020-05-02,2258,Eastern Ontario Health Unit,0.0084,288.0,1.38,0.7794,0.9572
44297,2020-05-02,2230,Durham Regional Health Unit,0.0747,424.0,0.6,0.3115,0.7823
44298,2020-05-02,2226,District of Algoma Health Unit,0.0043,133.0,1.16,0.3484,0.5522
44299,2020-05-02,3895,City of Toronto Health Unit,0.0951,2399.0,0.77,0.4458,0.8237
44300,2020-05-02,2251,City of Ottawa Health Unit,0.0526,693.0,0.66,0.841,0.9426
44301,2020-05-02,2237,City of Hamilton Health Unit,0.0217,528.0,0.89,0.658,0.8739
44302,2020-05-02,2240,Chatham-Kent Health Unit,0.0248,75.0,0.71,0.3065,0.5789
44303,2020-05-02,2227,Brant County Health Unit,0.0218,242.0,1.56,0.2296,0.6794
44304,2020-05-02,2270,York Regional Health Unit,0.0539,1047.0,0.85,0.2529,0.7522
44305,2020-05-02,2268,Windsor-Essex County Health Unit,0.045,463.0,1.09,0.1712,0.6321
44306,2020-05-02,2266,Wellington-Dufferin-Guelph Health Unit,0.0257,406.0,1.3,0.2101,0.6064
44307,2020-05-02,2265,Waterloo Health Unit,0.0539,337.0,0.58,0.2028,0.5802
44308,2020-05-02,2263,Timiskaming Health Unit,0.0048,118.0,3.62,0.1885,0.6346
44309,2020-05-02,2262,Thunder Bay District Health Unit,0.0034,335.0,2.23,0.077,0.4597
44310,2020-05-02,2261,Sudbury and District Health Unit,0.0031,230.0,1.16,0.455,0.7054
44311,2020-05-01,2263,Timiskaming Health Unit,0.0049,116.0,3.55,0.2901,0.7984
44312,2020-05-01,2262,Thunder Bay District Health Unit,0.0033,349.0,2.33,0.0836,0.4899
44313,2020-05-01,2241,"Kingston, Frontenac and Lennox and Addington Health Unit",0.0032,176.0,0.83,0.8369,0.9525
44314,2020-05-01,2261,Sudbury and District Health Unit,0.003,289.0,1.45,0.4918,0.7339
44315,2020-05-01,4913,Southwestern Public Health,0.0055,157.0,0.74,0.507,0.9341
44316,2020-05-01,5183,Huron Perth Health Unit,0.0103,181.0,1.29,0.189,0.9006
44317,2020-05-01,2230,Durham Regional Health Unit,0.0774,419.0,0.59,0.3329,0.8173
44318,2020-05-01,2260,Simcoe Muskoka District Health Unit,0.0345,372.0,0.62,0.2961,0.7411
44319,2020-05-01,2257,Renfrew County and District Health Unit,0.0058,73.0,0.67,0.6398,0.9355
44320,2020-05-01,2238,Hastings and Prince Edward Counties Health Unit,0.0092,390.0,2.31,0.5106,0.8615
44321,2020-05-01,2256,Porcupine Health Unit,0.0208,75.0,0.9,0.4465,0.7677
44322,2020-05-01,2255,Peterborough County-City Health Unit,0.0038,224.0,1.51,0.2747,0.6934
44323,2020-05-01,2236,Halton Regional Health Unit,0.0327,310.0,0.5,0.5031,0.7707
44324,2020-05-01,2226,District of Algoma Health Unit,0.0033,132.0,1.15,0.3739,0.6216
44325,2020-05-01,2237,City of Hamilton Health Unit,0.0239,515.0,0.87,0.6454,0.8773
44326,2020-05-01,2253,Peel Regional Health Unit,0.0724,1068.0,0.67,0.5539,0.8805
44327,2020-05-01,35,Ontario,0.0467,12719.0,0.86,0.4364,0.787
44328,2020-05-01,2235,"Haliburton, Kawartha, Pine Ridge District Health Unit",0.006,359.0,1.9,0.2806,0.7239
44329,2020-05-01,2249,Northwestern Health Unit,0.0023,127.0,1.44,0.1095,0.1724
44330,2020-05-01,2247,North Bay Parry Sound District Health Unit,0.0012,115.0,0.89,0.2993,0.5986
44331,2020-05-01,2234,Haldimand-Norfolk Health Unit,0.0243,124.0,1.08,0.3315,0.7394
44332,2020-05-01,3895,City of Toronto Health Unit,0.0959,2396.0,0.77,0.4585,0.8334
44333,2020-05-01,2246,Niagara Regional Area Health Unit,0.0343,388.0,0.82,0.3951,0.6359
44334,2020-05-01,2244,Middlesex-London Health Unit,0.0217,461.0,0.91,0.6052,0.942
44335,2020-05-01,2233,Grey Bruce Health Unit,0.0116,148.0,0.87,0.2642,0.6285
44336,2020-05-01,2270,York Regional Health Unit,0.0543,1046.0,0.85,0.2968,0.8015
44337,2020-05-01,2268,Windsor-Essex County Health Unit,0.0487,414.0,0.97,0.2189,0.6779
44338,2020-05-01,2243,"Leeds, Grenville and Lanark District Health Unit",0.084,158.0,0.91,0.5452,0.8337
44339,2020-05-01,2266,Wellington-Dufferin-Guelph Health Unit,0.0272,405.0,1.3,0.2261,0.5901
44340,2020-05-01,2265,Waterloo Health Unit,0.0552,321.0,0.55,0.2407,0.639
44341,2020-05-01,2242,Lambton Health Unit,0.0374,99.0,0.76,0.1085,0.4002
44342,2020-05-01,2258,Eastern Ontario Health Unit,0.0078,276.0,1.32,0.7935,0.9647
44343,2020-05-01,2251,City of Ottawa Health Unit,0.0606,629.0,0.6,0.8457,0.9336
44344,2020-05-01,2240,Chatham-Kent Health Unit,0.0249,80.0,0.76,0.4243,0.6567
44345,2020-05-01,2227,Brant County Health Unit,0.0234,244.0,1.57,0.2433,0.7111
